2M4W 1 0.000 1.0000 1.0000
2M4W 2 0.586 0.4994 1.0000
2M4W 3 0.517 0.5778 1.0000
2M4W 4 0.374 0.7155 1.0000
2M4W 5 0.608 0.5034 0.9853
2M4W 6 0.544 0.5428 1.0000
2M4W 7 0.686 0.4384 0.9853
2M4W 8 0.351 0.6967 1.0000
2M4W 9 0.873 0.4051 0.9412
2M4W 10 0.482 0.6376 1.0000
2M4W 11 6.583 0.1453 0.5000
2M4W 12 7.354 0.1472 0.4706
2M4W 13 4.061 0.1574 0.6765
2M4W 14 7.115 0.1371 0.4559
2M4W 15 9.613 0.1922 0.4265
2M4W 16 5.050 0.1562 0.5735
2M4W 17 4.519 0.1770 0.5882
2M4W 18 4.443 0.1636 0.6029
2M4W 19 2.760 0.1847 0.7647
2M4W 20 4.837 0.1515 0.5735
2M4W 21 7.802 0.1703 0.4559
2M4W 22 3.511 0.2106 0.7059
2M4W 23 2.938 0.1658 0.7059
2M4W 24 3.916 0.1887 0.6618
2M4W 25 3.048 0.2152 0.7794
2M4W 26 6.699 0.2553 0.5588
2M4W 27 2.629 0.1740 0.7059
2M4W 28 3.674 0.1678 0.7059
2M4W 29 3.404 0.1837 0.6618
2M4W 30 4.921 0.1500 0.6029
2M4W 31 2.963 0.1804 0.7353
2M4W 32 3.424 0.2211 0.7206
2M4W 33 3.790 0.2107 0.6765
2M4W 34 3.198 0.1924 0.7059
2M4W 35 3.149 0.2037 0.7206
2M4W 36 2.949 0.1800 0.7353
2M4W 37 3.055 0.2238 0.7353
2M4W 38 2.719 0.1695 0.6912
2M4W 39 4.738 0.1520 0.5882
2M4W 40 2.709 0.1578 0.7353
2M4W 41 4.064 0.1623 0.6618
2M4W 42 3.533 0.1666 0.6912
2M4W 43 2.457 0.2188 0.7500
2M4W 44 3.077 0.1735 0.7500
2M4W 45 2.181 0.1895 0.7794
2M4W 46 1.809 0.2080 0.8235
2M4W 47 2.595 0.1838 0.7500
2M4W 48 3.475 0.1789 0.7059
2M4W 49 4.069 0.1755 0.6765
2M4W 50 2.982 0.2327 0.7353
2M4W 51 6.683 0.1003 0.4559
2M4W 52 8.069 0.1551 0.5147
2M4W 53 3.030 0.1803 0.6765
2M4W 54 3.375 0.1654 0.7206
2M4W 55 5.044 0.1683 0.6176
2M4W 56 2.126 0.2116 0.7500
2M4W 57 2.801 0.2516 0.7206
2M4W 58 3.387 0.1752 0.6618
2M4W 59 4.045 0.2273 0.6471
2M4W 60 2.625 0.2099 0.7647
2M4W 61 2.873 0.2031 0.7206
2M4W 62 2.446 0.2069 0.7647
2M4W 63 4.056 0.1424 0.6324
2M4W 64 4.034 0.1781 0.6765
2M4W 65 2.176 0.2024 0.7941
2M4W 66 3.539 0.1866 0.6912
2M4W 67 2.415 0.2174 0.7941
2M4W 68 2.793 0.2229 0.7647
2M4W 69 3.142 0.1800 0.7059
2M4W 70 3.031 0.2205 0.7500
2M4W 71 2.505 0.2298 0.7941
2M4W 72 2.726 0.2144 0.7647
2M4W 73 3.917 0.1859 0.6765
2M4W 74 2.259 0.2142 0.7647
2M4W 75 2.261 0.2026 0.7794
2M4W 76 2.674 0.1752 0.7500
2M4W 77 1.942 0.2585 0.8088
2M4W 78 3.098 0.1935 0.7647
2M4W 79 3.020 0.1641 0.7059
2M4W 80 3.399 0.1895 0.7059
2M4W 81 2.769 0.2107 0.7353
2M4W 82 1.898 0.2013 0.8235
2M4W 83 3.199 0.1686 0.7500
2M4W 84 2.654 0.2315 0.7647
2M4W 85 3.172 0.2814 0.7500
2M4W 86 3.050 0.2056 0.7353
2M4W 87 3.961 0.1762 0.7206
2M4W 88 2.230 0.1930 0.7500
2M4W 89 2.427 0.2601 0.7941
2M4W 90 3.733 0.1709 0.6912
2M4W 91 7.260 0.1316 0.4559
2M4W 92 4.855 0.1550 0.5882
2M4W 93 2.928 0.2416 0.7206
2M4W 94 3.153 0.1539 0.6765
2M4W 95 4.098 0.2291 0.6618
2M4W 96 3.490 0.1191 0.6471
2M4W 97 2.903 0.2229 0.7353
2M4W 98 2.478 0.2194 0.7500
2M4W 99 2.865 0.1870 0.7206
2M4W 100 2.686 0.1913 0.7059
2M4W 101 2.680 0.2146 0.7206
2M4W 102 2.552 0.2222 0.7500
2M4W 103 2.393 0.2464 0.7941
2M4W 104 2.926 0.2738 0.7647
2M4W 105 1.763 0.2263 0.7941
2M4W 106 3.014 0.2146 0.7206
2M4W 107 4.718 0.1834 0.6765
2M4W 108 1.952 0.2330 0.7794
2M4W 109 2.745 0.2224 0.7353
2M4W 110 2.554 0.1762 0.7353
2M4W 111 3.121 0.1959 0.7500
2M4W 112 2.834 0.2380 0.7353
2M4W 113 2.896 0.2056 0.7500
2M4W 114 2.997 0.2116 0.7353
2M4W 115 3.027 0.1850 0.7206
2M4W 116 3.352 0.2142 0.7353
2M4W 117 2.141 0.2409 0.7941
2M4W 118 3.091 0.2032 0.7353
2M4W 119 2.365 0.2000 0.7353
2M4W 120 2.880 0.1750 0.7500
2M4W 121 3.174 0.1700 0.7353
2M4W 122 3.292 0.2045 0.7206
2M4W 123 2.747 0.2102 0.7353
2M4W 124 3.052 0.2050 0.7353
2M4W 125 3.660 0.1766 0.7059
2M4W 126 3.606 0.1815 0.6912
2M4W 127 3.585 0.2192 0.7059
2M4W 128 2.317 0.2137 0.7500
2M4W 129 2.598 0.2241 0.7647
2M4W 130 4.009 0.1701 0.6765
2M4W 131 0.840 0.4076 0.9559
2M4W 132 0.961 0.3831 0.9412
2M4W 133 0.981 0.3911 0.9265
2M4W 134 0.983 0.3841 0.9265
2M4W 135 1.026 0.3702 0.9412
2M4W 136 0.976 0.3746 0.9412
2M4W 137 0.984 0.3950 0.9412
2M4W 138 0.975 0.3823 0.9412
2M4W 139 0.987 0.3725 0.9265
2M4W 140 0.991 0.3789 0.9412
2M4W 141 0.980 0.3819 0.9265
2M4W 142 0.980 0.3829 0.9412
2M4W 143 0.980 0.3841 0.9412
2M4W 144 0.991 0.3746 0.9412
2M4W 145 0.983 0.3802 0.9265
2M4W 146 0.985 0.3802 0.9412
2M4W 147 0.985 0.3811 0.9412
2M4W 148 0.985 0.3777 0.9265
2M4W 149 0.998 0.3780 0.9412
2M4W 150 0.992 0.3806 0.9412
2M4W 151 0.982 0.3823 0.9265
2M4W 152 0.981 0.3859 0.9412
2M4W 153 0.990 0.3775 0.9412
2M4W 154 0.983 0.3758 0.9412
2M4W 155 0.992 0.3785 0.9412
2M4W 156 0.973 0.3829 0.9412
2M4W 157 1.001 0.3778 0.9412
2M4W 158 0.997 0.3742 0.9412
2M4W 159 1.006 0.3782 0.9412
2M4W 160 0.976 0.3761 0.9265
2M4W 161 0.980 0.3818 0.9412
2M4W 162 0.993 0.3782 0.9412
2M4W 163 0.989 0.3909 0.9412
2M4W 164 0.976 0.3854 0.9412
2M4W 165 0.990 0.3807 0.9412
2M4W 166 0.981 0.3802 0.9412
2M4W 167 0.996 0.3845 0.9412
2M4W 168 0.997 0.3749 0.9412
2M4W 169 0.987 0.3740 0.9412
2M4W 170 1.002 0.3822 0.9265
2M4W 171 0.999 0.3749 0.9412
2M4W 172 0.988 0.3835 0.9412
2M4W 173 0.974 0.3845 0.9412
2M4W 174 0.973 0.3863 0.9412
2M4W 175 0.977 0.3835 0.9412
2M4W 176 0.968 0.3728 0.9412
2M4W 177 0.971 0.3828 0.9412
2M4W 178 0.970 0.3805 0.9559
2M4W 179 0.988 0.3832 0.9412
2M4W 180 0.984 0.3884 0.9412
2M4W 181 0.968 0.3887 0.9412
2M4W 182 0.968 0.3898 0.9412
2M4W 183 0.975 0.3864 0.9265
2M4W 184 0.981 0.3832 0.9412
2M4W 185 0.978 0.3824 0.9559
2M4W 186 0.992 0.3808 0.9412
2M4W 187 0.981 0.3846 0.9412
2M4W 188 0.982 0.3832 0.9559
2M4W 189 0.978 0.3918 0.9412
2M4W 190 1.005 0.3727 0.9412
2M4W 191 0.978 0.3792 0.9265
2M4W 192 0.972 0.3850 0.9412
2M4W 193 0.972 0.3912 0.9412
2M4W 194 0.996 0.3724 0.9412
2M4W 195 0.977 0.4013 0.9412
2M4W 196 0.997 0.3710 0.9412
2M4W 197 0.974 0.3879 0.9265
2M4W 198 1.008 0.3667 0.9265
2M4W 199 1.002 0.3689 0.9412
2M4W 200 1.008 0.3598 0.9265
2M4W 201 0.985 0.3665 0.9412
2M4W 202 0.993 0.3779 0.9412
2M4W 203 0.987 0.3694 0.9265
2M4W 204 0.993 0.3770 0.9412
2M4W 205 1.023 0.3592 0.9265
2M4W 206 0.996 0.3676 0.9265
2M4W 207 0.997 0.3674 0.9412
2M4W 208 1.023 0.3515 0.9412
2M4W 209 1.013 0.3738 0.9412
2M4W 210 1.026 0.3740 0.9265
2M4W 211 0.991 0.3691 0.9265
2M4W 212 1.040 0.3646 0.9265
2M4W 213 0.979 0.3856 0.9559
2M4W 214 0.980 0.3773 0.9412
2M4W 215 0.993 0.3749 0.9412
2M4W 216 1.005 0.3739 0.9412
2M4W 217 0.985 0.3842 0.9412
2M4W 218 0.983 0.3715 0.9412
2M4W 219 0.984 0.3897 0.9412
2M4W 220 0.985 0.3888 0.9412
2M4W 221 0.955 0.3880 0.9265
2M4W 222 0.998 0.3749 0.9412
2M4W 223 0.968 0.3990 0.9412
2M4W 224 0.970 0.3862 0.9412
2M4W 225 1.013 0.3572 0.9412
2M4W 226 0.952 0.3910 0.9559
2M4W 227 0.991 0.3505 0.9412
2M4W 228 0.992 0.3760 0.9412
2M4W 229 1.018 0.3726 0.9412
2M4W 230 1.005 0.3706 0.9412
2M4W 231 0.999 0.3625 0.9412
2M4W 232 0.999 0.3676 0.9412
2M4W 233 0.976 0.3603 0.9412
2M4W 234 0.959 0.3691 0.9265
2M4W 235 0.987 0.3707 0.9412
2M4W 236 0.977 0.3838 0.9412
2M4W 237 0.986 0.4079 0.9412
2M4W 238 0.984 0.3820 0.9412
2M4W 239 0.963 0.3926 0.9412
2M4W 240 1.001 0.3825 0.9412
2M4W 241 0.972 0.4048 0.9412
2M4W 242 0.991 0.3770 0.9412
2M4W 243 0.984 0.3815 0.9412
2M4W 244 0.956 0.4014 0.9412
2M4W 245 0.988 0.3779 0.9412
2M4W 246 0.989 0.3799 0.9265
2M4W 247 0.996 0.3652 0.9412
2M4W 248 0.973 0.3913 0.9412
2M4W 249 0.966 0.3808 0.9412
2M4W 250 0.961 0.3824 0.9412
2M4W 251 0.988 0.3839 0.9412
2M4W 252 1.024 0.3606 0.9412
2M4W 253 0.975 0.3814 0.9412
2M4W 254 1.034 0.3587 0.9265
2M4W 255 1.023 0.3681 0.9265
2M4W 256 1.006 0.3675 0.9412
2M4W 257 0.978 0.3827 0.9559
2M4W 258 1.006 0.4007 0.9412
2M4W 259 0.983 0.3636 0.9412
2M4W 260 1.001 0.3878 0.9412
2M4W 261 1.019 0.3774 0.9412
2M4W 262 0.940 0.4091 0.9412
2M4W 263 0.935 0.4153 0.9412
2M4W 264 0.991 0.3735 0.9265
2M4W 265 0.968 0.3969 0.9265
2M4W 266 1.011 0.3777 0.9265
2M4W 267 0.960 0.3811 0.9265
2M4W 268 0.928 0.4201 0.9412
2M4W 269 1.032 0.3720 0.9118
2M4W 270 1.191 0.3376 0.8824
2M4W 271 1.208 0.3587 0.9118
2M4W 272 1.098 0.4087 0.9118
2M4W 273 1.183 0.3418 0.8971
2M4W 274 1.184 0.3479 0.8824
2M4W 275 1.147 0.3784 0.8971
2M4W 276 1.171 0.3546 0.9118
2M4W 277 1.339 0.3145 0.8676
2M4W 278 1.439 0.2849 0.8529
2M4W 279 1.586 0.2935 0.8235
2M4W 280 1.377 0.2829 0.8676
2M4W 281 1.402 0.2838 0.8529
2M4W 282 1.420 0.2861 0.8529
2M4W 283 1.394 0.2936 0.8529
2M4W 284 1.447 0.2785 0.8529
2M4W 285 1.387 0.2889 0.8529
2M4W 286 1.412 0.2805 0.8529
2M4W 287 1.329 0.3095 0.8676
2M4W 288 1.320 0.3332 0.8676
2M4W 289 1.343 0.2913 0.8676
2M4W 290 1.440 0.2762 0.8382
2M4W 291 1.378 0.3286 0.8529
2M4W 292 1.356 0.2958 0.8529
2M4W 293 1.429 0.3038 0.8529
2M4W 294 1.341 0.2926 0.8529
2M4W 295 1.434 0.2966 0.8676
2M4W 296 1.332 0.2936 0.8824
2M4W 297 1.390 0.3033 0.8529
2M4W 298 1.396 0.3100 0.8529
2M4W 299 1.415 0.2853 0.8529
2M4W 300 1.404 0.2987 0.8676
2M4W 301 1.382 0.3097 0.8529
2M4W 302 1.363 0.2994 0.8676
2M4W 303 1.327 0.3050 0.8824
2M4W 304 1.413 0.3007 0.8529
2M4W 305 1.403 0.2887 0.8529
2M4W 306 1.431 0.2813 0.8382
2M4W 307 1.391 0.2932 0.8235
2M4W 308 1.390 0.2844 0.8529
2M4W 309 1.310 0.2840 0.8676
2M4W 310 1.410 0.2794 0.8382
2M4W 311 1.373 0.2831 0.8529
2M4W 312 1.275 0.3061 0.8676
2M4W 313 1.415 0.2800 0.8529
2M4W 314 1.461 0.2519 0.8235
2M4W 315 1.337 0.2911 0.8382
2M4W 316 1.448 0.2633 0.8529
2M4W 317 1.359 0.2755 0.8529
2M4W 318 1.386 0.2677 0.8676
2M4W 319 1.381 0.2754 0.8529
2M4W 320 1.426 0.2856 0.8382
2M4W 321 1.402 0.2388 0.8529
2M4W 322 1.373 0.2533 0.8824
2M4W 323 1.383 0.2647 0.8676
2M4W 324 1.470 0.2412 0.8529
2M4W 325 1.476 0.2440 0.8676
2M4W 326 1.546 0.2410 0.8382
2M4W 327 1.627 0.2941 0.8235
2M4W 328 1.632 0.2321 0.8235
2M4W 329 1.570 0.2491 0.8529
2M4W 330 1.718 0.2891 0.8235
2M4W 331 1.662 0.2692 0.8088
2M4W 332 1.538 0.2616 0.8529
2M4W 333 1.591 0.2548 0.8382
2M4W 334 1.567 0.2595 0.8235
2M4W 335 1.518 0.2858 0.8529
2M4W 336 1.728 0.2126 0.8235
2M4W 337 1.619 0.2634 0.8382
2M4W 338 1.689 0.2352 0.8235
2M4W 339 1.696 0.2675 0.8382
2M4W 340 1.608 0.3069 0.8382
2M4W 341 1.640 0.3168 0.8235
2M4W 342 1.586 0.3038 0.8382
2M4W 343 1.622 0.2884 0.8235
2M4W 344 1.593 0.2465 0.8382
2M4W 345 1.757 0.2515 0.8088
2M4W 346 1.869 0.2268 0.8235
2M4W 347 1.744 0.2303 0.8088
2M4W 348 1.584 0.2931 0.8382
2M4W 349 1.668 0.2535 0.8382
2M4W 350 1.554 0.3121 0.8382
2M4W 351 1.661 0.2109 0.8235
2M4W 352 1.554 0.2714 0.8382
2M4W 353 1.590 0.2706 0.8382
2M4W 354 1.596 0.2663 0.8235
2M4W 355 1.612 0.2246 0.8235
2M4W 356 1.575 0.2627 0.8235
2M4W 357 1.688 0.3041 0.8529
2M4W 358 1.562 0.3165 0.8529
2M4W 359 1.520 0.3626 0.8382
2M4W 360 1.637 0.3512 0.8382
2M4W 361 1.701 0.3166 0.8676
2M4W 362 1.762 0.3333 0.8382
2M4W 363 1.723 0.3398 0.8382
2M4W 364 1.638 0.3442 0.8235
2M4W 365 1.868 0.2908 0.8235
2M4W 366 2.029 0.2921 0.7941
2M4W 367 1.918 0.3346 0.8088
2M4W 368 2.118 0.2994 0.8088
2M4W 369 2.048 0.2745 0.8088
2M4W 370 1.907 0.3232 0.8382
2M4W 371 1.987 0.3077 0.8235
2M4W 372 2.080 0.2613 0.8088
2M4W 373 2.046 0.2822 0.8088
2M4W 374 1.875 0.2883 0.8235
2M4W 375 2.077 0.2889 0.8382
2M4W 376 1.933 0.2883 0.8382
2M4W 377 1.964 0.3045 0.8382
2M4W 378 1.838 0.3135 0.8235
2M4W 379 2.027 0.2855 0.8088
2M4W 380 1.968 0.3276 0.8382
2M4W 381 1.996 0.2944 0.8235
2M4W 382 2.018 0.3035 0.8235
2M4W 383 1.996 0.3041 0.8235
2M4W 384 1.945 0.3489 0.8382
2M4W 385 2.028 0.3114 0.8235
2M4W 386 1.972 0.3380 0.8382
2M4W 387 1.949 0.3264 0.8382
2M4W 388 1.980 0.3082 0.8235
2M4W 389 1.863 0.3247 0.8529
2M4W 390 2.082 0.3118 0.8382
2M4W 391 1.886 0.3057 0.8382
2M4W 392 1.964 0.2900 0.8235
2M4W 393 1.987 0.2998 0.8382
2M4W 394 1.957 0.3018 0.8382
2M4W 395 1.849 0.3235 0.8382
2M4W 396 1.883 0.2936 0.8235
2M4W 397 1.942 0.2951 0.7941
2M4W 398 1.917 0.2812 0.8235
2M4W 399 2.100 0.2915 0.8088
2M4W 400 1.925 0.3320 0.8235
2M4W 401 1.976 0.2768 0.8382
2M4W 402 1.923 0.2996 0.8235
2M4W 403 2.038 0.3055 0.8382
2M4W 404 1.838 0.3187 0.8382
2M4W 405 2.005 0.3152 0.8382
2M4W 406 1.970 0.2700 0.8088
2M4W 407 2.001 0.2969 0.8235
2M4W 408 2.052 0.3051 0.8529
2M4W 409 1.966 0.3026 0.8382
2M4W 410 2.062 0.3067 0.8529
2M4W 411 2.052 0.2808 0.8235
2M4W 412 1.916 0.2954 0.8382
2M4W 413 2.060 0.2766 0.8088
2M4W 414 1.907 0.2926 0.8088
2M4W 415 2.132 0.3286 0.8529
2M4W 416 1.894 0.3109 0.8382
2M4W 417 2.038 0.3182 0.8235
2M4W 418 1.986 0.3172 0.8529
2M4W 419 1.997 0.2770 0.8235
2M4W 420 1.999 0.3018 0.8235
2M4W 421 1.902 0.2872 0.8382
2M4W 422 2.021 0.2746 0.8235
2M4W 423 1.928 0.2943 0.8088
2M4W 424 1.941 0.3151 0.8382
2M4W 425 1.853 0.3069 0.8529
2M4W 426 1.982 0.2836 0.8088
2M4W 427 1.969 0.2801 0.8088
2M4W 428 2.073 0.2903 0.8382
2M4W 429 1.888 0.2927 0.8235
2M4W 430 1.932 0.2981 0.8088
2M4W 431 1.985 0.2662 0.8088
2M4W 432 2.090 0.3306 0.8382
2M4W 433 2.025 0.3213 0.8235
2M4W 434 1.898 0.2906 0.8088
2M4W 435 1.894 0.3162 0.8235
2M4W 436 1.954 0.3012 0.8235
2M4W 437 1.955 0.2980 0.8088
2M4W 438 1.998 0.3206 0.8382
2M4W 439 1.967 0.2767 0.8235
2M4W 440 1.929 0.3099 0.8235
2M4W 441 1.926 0.3051 0.8235
2M4W 442 2.086 0.3043 0.8235
2M4W 443 1.955 0.3060 0.8382
2M4W 444 1.946 0.3096 0.8235
2M4W 445 2.006 0.2861 0.8382
2M4W 446 1.875 0.3356 0.8529
2M4W 447 2.028 0.3023 0.8235
2M4W 448 1.940 0.2844 0.8088
2M4W 449 1.767 0.2649 0.8382
2M4W 450 1.914 0.3338 0.8382
2M4W 451 1.822 0.3346 0.8529
2M4W 452 1.846 0.3366 0.8676
2M4W 453 1.940 0.3154 0.8529
2M4W 454 2.048 0.3302 0.8529
2M4W 455 1.611 0.3505 0.8824
2M4W 456 1.891 0.3282 0.8382
2M4W 457 1.925 0.3445 0.8382
2M4W 458 1.898 0.3340 0.8382
2M4W 459 1.898 0.2670 0.8088
2M4W 460 1.711 0.3065 0.8529
2M4W 461 1.628 0.3135 0.8676
2M4W 462 1.896 0.2958 0.8235
2M4W 463 1.768 0.3254 0.8235
2M4W 464 1.754 0.3216 0.8529
2M4W 465 1.780 0.3168 0.8382
2M4W 466 1.779 0.2958 0.8382
2M4W 467 1.932 0.2969 0.7941
2M4W 468 1.835 0.2882 0.7941
2M4W 469 1.808 0.2892 0.8235
2M4W 470 1.643 0.3455 0.8529
2M4W 471 1.706 0.3011 0.8529
2M4W 472 1.807 0.2809 0.8529
2M4W 473 1.729 0.3030 0.8529
2M4W 474 1.838 0.2768 0.8382
2M4W 475 2.002 0.2196 0.7941
2M4W 476 1.929 0.2513 0.7941
2M4W 477 1.782 0.2225 0.7941
2M4W 478 1.830 0.2074 0.7794
2M4W 479 1.960 0.2724 0.7794
2M4W 480 1.990 0.2344 0.7794
2M4W 481 1.746 0.2116 0.8235
2M4W 482 1.880 0.2270 0.8088
2M4W 483 1.903 0.2299 0.7941
2M4W 484 1.911 0.1935 0.7941
2M4W 485 2.030 0.2158 0.7794
2M4W 486 1.977 0.2144 0.7794
2M4W 487 2.048 0.2098 0.7794
2M4W 488 1.947 0.2000 0.7794
2M4W 489 1.780 0.2121 0.8088
2M4W 490 1.886 0.2141 0.7794
2M4W 491 1.765 0.2246 0.7647
2M4W 492 1.781 0.1699 0.7941
2M4W 493 1.622 0.2239 0.7941
2M4W 494 1.964 0.2087 0.7647
2M4W 495 1.984 0.2208 0.7647
2M4W 496 1.885 0.2059 0.7794
2M4W 497 1.813 0.2082 0.7647
2M4W 498 1.791 0.2132 0.7794
2M4W 499 1.826 0.2027 0.7500
2M4W 500 1.789 0.1890 0.7794
2M4W 501 1.890 0.1976 0.7941
2M4W 502 1.847 0.2156 0.7794
2M4W 503 1.928 0.2031 0.7941
2M4W 504 1.811 0.1857 0.7647
2M4W 505 1.672 0.2209 0.7941
2M4W 506 1.962 0.2029 0.7794
2M4W 507 1.789 0.1980 0.7794
2M4W 508 1.960 0.2167 0.7794
2M4W 509 1.967 0.2078 0.7794
2M4W 510 1.875 0.2146 0.7794
2M4W 511 1.860 0.2364 0.7941
2M4W 512 1.944 0.2252 0.7941
2M4W 513 1.993 0.2040 0.7941
2M4W 514 1.873 0.2183 0.7941
2M4W 515 1.600 0.2215 0.8088
2M4W 516 1.607 0.2567 0.8529
2M4W 517 1.873 0.2403 0.7941
2M4W 518 1.663 0.2306 0.8235
2M4W 519 1.804 0.2314 0.7941
2M4W 520 1.718 0.2553 0.8088
2M4W 521 1.641 0.2416 0.8088
2M4W 522 1.876 0.2307 0.8088
2M4W 523 1.617 0.2750 0.8529
2M4W 524 1.709 0.2575 0.8235
2M4W 525 1.714 0.2279 0.7941
2M4W 526 1.689 0.2606 0.8088
2M4W 527 1.526 0.2684 0.8382
2M4W 528 1.403 0.2796 0.8382
2M4W 529 1.657 0.2333 0.8088
2M4W 530 1.562 0.2558 0.8529
2M4W 531 1.314 0.3213 0.8824
2M4W 532 1.406 0.2468 0.8676
2M4W 533 1.493 0.2791 0.8382
2M4W 534 1.510 0.2797 0.8382
2M4W 535 1.580 0.2522 0.8529
2M4W 536 1.404 0.2394 0.8529
2M4W 537 1.633 0.2672 0.8235
2M4W 538 1.513 0.2619 0.8382
2M4W 539 1.432 0.2686 0.8529
2M4W 540 1.625 0.2075 0.8088
2M4W 541 1.566 0.2220 0.8235
2M4W 542 1.525 0.2606 0.8382
2M4W 543 1.496 0.2501 0.8382
2M4W 544 1.658 0.2882 0.8235
2M4W 545 1.495 0.2710 0.8529
2M4W 546 1.691 0.2411 0.8088
2M4W 547 1.346 0.2870 0.8529
2M4W 548 1.292 0.2806 0.8824
2M4W 549 1.483 0.2609 0.8235
2M4W 550 1.516 0.2648 0.8382
2M4W 551 1.589 0.2378 0.8235
2M4W 552 1.654 0.2932 0.8235
2M4W 553 1.597 0.2828 0.8382
2M4W 554 1.454 0.2548 0.8382
2M4W 555 1.577 0.2675 0.8088
2M4W 556 1.421 0.2938 0.8382
2M4W 557 1.335 0.2709 0.8676
2M4W 558 1.404 0.3577 0.8824
2M4W 559 1.370 0.2569 0.8529
2M4W 560 1.418 0.2676 0.8529
2M4W 561 1.179 0.3027 0.8971
2M4W 562 1.584 0.3474 0.8235
2M4W 563 1.510 0.3265 0.8382
2M4W 564 1.267 0.2626 0.8676
2M4W 565 1.290 0.2911 0.8676
2M4W 566 1.208 0.3313 0.8824
2M4W 567 1.753 0.2316 0.8235
2M4W 568 1.736 0.2464 0.8088
2M4W 569 1.803 0.2887 0.8088
2M4W 570 1.708 0.2619 0.8088
2M4W 571 1.416 0.2688 0.8676
2M4W 572 1.631 0.2847 0.8382
2M4W 573 1.494 0.2284 0.8529
2M4W 574 1.481 0.2579 0.8235
2M4W 575 1.413 0.3241 0.8824
2M4W 576 1.576 0.2344 0.8235
2M4W 577 1.457 0.2241 0.8529
2M4W 578 1.480 0.2458 0.8235
2M4W 579 1.495 0.2370 0.8529
2M4W 580 1.437 0.2100 0.8529
2M4W 581 1.539 0.2578 0.8382
2M4W 582 1.602 0.2816 0.8235
2M4W 583 1.446 0.2543 0.8676
2M4W 584 1.513 0.2603 0.8529
2M4W 585 1.573 0.2771 0.8382
2M4W 586 1.335 0.2551 0.8529
2M4W 587 1.447 0.2611 0.8529
2M4W 588 1.418 0.2763 0.8529
2M4W 589 1.611 0.2529 0.8235
2M4W 590 1.250 0.2612 0.8676
2M4W 591 1.803 0.2488 0.8088
2M4W 592 1.382 0.3297 0.8529
2M4W 593 1.553 0.3143 0.8529
2M4W 594 1.561 0.2894 0.8235
2M4W 595 1.376 0.2468 0.8676
2M4W 596 1.353 0.3191 0.8676
2M4W 597 1.485 0.2785 0.8529
2M4W 598 1.500 0.2526 0.8235
2M4W 599 1.539 0.3399 0.8382
2M4W 600 1.327 0.2577 0.8824
2M4W 601 1.730 0.2823 0.8529
2M4W 602 1.525 0.2647 0.8235
2M4W 603 1.531 0.3300 0.8382
2M4W 604 1.438 0.2773 0.8529
2M4W 605 1.319 0.2366 0.8676
2M4W 606 1.532 0.2516 0.8529
2M4W 607 1.567 0.2363 0.8235
2M4W 608 1.521 0.3202 0.8382
2M4W 609 1.444 0.2508 0.8529
2M4W 610 1.533 0.2684 0.8235
2M4W 611 1.483 0.2540 0.8529
2M4W 612 1.591 0.2821 0.8382
2M4W 613 1.553 0.2487 0.8382
2M4W 614 1.484 0.2374 0.8529
2M4W 615 1.381 0.2828 0.8382
2M4W 616 1.527 0.2692 0.8382
2M4W 617 1.696 0.2427 0.7794
2M4W 618 1.786 0.2207 0.7941
2M4W 619 1.645 0.2400 0.8235
2M4W 620 1.734 0.2718 0.8088
2M4W 621 1.802 0.2178 0.7941
2M4W 622 1.619 0.2323 0.8235
2M4W 623 1.555 0.2111 0.8382
2M4W 624 1.945 0.2477 0.7941
2M4W 625 1.671 0.2116 0.8088
2M4W 626 1.969 0.2244 0.8088
2M4W 627 1.872 0.2300 0.8088
2M4W 628 1.894 0.2037 0.7941
2M4W 629 2.360 0.2863 0.8088
2M4W 630 2.383 0.2371 0.8088
2M4W 631 2.244 0.2355 0.8088
2M4W 632 2.534 0.2508 0.7794
2M4W 633 2.416 0.2185 0.7647
2M4W 634 2.582 0.2464 0.7941
2M4W 635 2.725 0.2185 0.7794
2M4W 636 2.557 0.2883 0.8088
2M4W 637 2.642 0.1714 0.7500
2M4W 638 2.802 0.2633 0.7941
2M4W 639 2.634 0.2199 0.7647
2M4W 640 2.483 0.2340 0.7794
2M4W 641 2.615 0.2482 0.7941
2M4W 642 2.683 0.2270 0.7794
2M4W 643 2.341 0.2238 0.7647
2M4W 644 2.766 0.1965 0.7794
2M4W 645 2.593 0.2542 0.7794
2M4W 646 2.690 0.2526 0.7941
2M4W 647 2.707 0.2351 0.7794
2M4W 648 2.564 0.2701 0.7941
2M4W 649 2.697 0.2171 0.7647
2M4W 650 2.332 0.2032 0.7794
2M4W 651 2.680 0.2392 0.7794
2M4W 652 2.512 0.2518 0.7794
2M4W 653 2.700 0.2000 0.7794
2M4W 654 2.739 0.2471 0.8088
2M4W 655 2.537 0.2398 0.7941
2M4W 656 2.666 0.2269 0.7941
2M4W 657 2.697 0.2311 0.7941
2M4W 658 2.733 0.2277 0.7941
2M4W 659 2.426 0.2191 0.7941
2M4W 660 2.779 0.2201 0.7794
2M4W 661 2.414 0.2439 0.7941
2M4W 662 2.731 0.2834 0.7941
2M4W 663 2.549 0.2359 0.7941
2M4W 664 2.616 0.2168 0.7647
2M4W 665 2.684 0.1872 0.7941
2M4W 666 2.616 0.1955 0.7941
2M4W 667 2.674 0.2413 0.7941
2M4W 668 2.415 0.2179 0.7794
2M4W 669 2.693 0.2347 0.7941
2M4W 670 2.733 0.2002 0.7794
2M4W 671 2.519 0.2827 0.8088
2M4W 672 2.756 0.2236 0.7647
2M4W 673 2.636 0.2166 0.7941
2M4W 674 2.491 0.2202 0.7941
2M4W 675 2.818 0.2126 0.7794
2M4W 676 2.550 0.2231 0.7941
2M4W 677 2.780 0.2393 0.7794
2M4W 678 2.912 0.2297 0.7941
2M4W 679 2.610 0.2057 0.7647
2M4W 680 2.703 0.2225 0.7794
2M4W 681 2.491 0.2448 0.7941
2M4W 682 2.615 0.1854 0.7794
2M4W 683 2.553 0.2002 0.7794
2M4W 684 2.602 0.2166 0.7647
2M4W 685 2.803 0.2253 0.7941
2M4W 686 2.579 0.2308 0.7941
2M4W 687 2.525 0.2637 0.7941
2M4W 688 2.658 0.2344 0.7941
2M4W 689 2.457 0.2348 0.7794
2M4W 690 2.623 0.2408 0.7941
2M4W 691 2.565 0.2341 0.7647
2M4W 692 2.815 0.2444 0.7941
2M4W 693 2.671 0.2217 0.7794
2M4W 694 2.303 0.2248 0.7794
2M4W 695 2.773 0.2384 0.7647
2M4W 696 2.287 0.2304 0.7941
2M4W 697 2.871 0.2246 0.7941
2M4W 698 2.783 0.2225 0.7647
2M4W 699 2.433 0.2009 0.7941
2M4W 700 2.835 0.2710 0.7794
2M4W 701 2.132 0.2105 0.7941
2M4W 702 2.726 0.1946 0.7500
2M4W 703 2.588 0.2285 0.7941
2M4W 704 2.234 0.2111 0.7794
2M4W 705 2.689 0.2150 0.7794
2M4W 706 2.335 0.2270 0.7794
2M4W 707 2.889 0.2373 0.7941
2M4W 708 2.755 0.2054 0.7794
2M4W 709 2.420 0.2551 0.7941
2M4W 710 3.026 0.2213 0.7500
2M4W 711 2.458 0.2810 0.8088
2M4W 712 2.716 0.2110 0.7647
2M4W 713 2.602 0.2570 0.7941
2M4W 714 2.644 0.2485 0.7941
2M4W 715 2.845 0.2396 0.7941
2M4W 716 2.578 0.2581 0.8088
2M4W 717 2.401 0.2750 0.7941
2M4W 718 2.558 0.2367 0.7794
2M4W 719 2.397 0.2237 0.7941
2M4W 720 2.890 0.2348 0.8088
2M4W 721 2.715 0.2123 0.7941
2M4W 722 2.673 0.2730 0.7794
2M4W 723 2.878 0.1912 0.7647
2M4W 724 2.637 0.2646 0.7941
2M4W 725 2.877 0.2254 0.7647
2M4W 726 2.795 0.2076 0.7941
2M4W 727 2.676 0.1993 0.8088
2M4W 728 2.823 0.2118 0.7941
2M4W 729 2.625 0.2462 0.7941
2M4W 730 2.610 0.2244 0.7941
2M4W 731 2.635 0.2536 0.8088
2M4W 732 2.760 0.2682 0.7794
2M4W 733 2.627 0.2357 0.7794
2M4W 734 2.351 0.2140 0.7794
2M4W 735 2.761 0.2146 0.7941
2M4W 736 2.567 0.2304 0.7794
2M4W 737 2.738 0.2422 0.7794
2M4W 738 2.608 0.2170 0.7794
2M4W 739 2.537 0.2363 0.7941
2M4W 740 2.691 0.2496 0.7941
2M4W 741 2.570 0.2211 0.7941
2M4W 742 2.923 0.1812 0.7500
2M4W 743 2.468 0.2116 0.8088
2M4W 744 2.662 0.1940 0.7941
2M4W 745 2.519 0.2198 0.7647
2M4W 746 2.732 0.2680 0.7794
2M4W 747 2.720 0.2301 0.7794
2M4W 748 2.800 0.2142 0.7941
2M4W 749 2.445 0.2674 0.8235
2M4W 750 2.292 0.2326 0.7647
2M4W 751 2.697 0.1870 0.7794
2M4W 752 2.784 0.1874 0.7500
2M4W 753 2.931 0.1891 0.7794
2M4W 754 2.536 0.2607 0.7647
2M4W 755 2.701 0.2536 0.7941
2M4W 756 2.544 0.2237 0.7647
2M4W 757 2.742 0.2468 0.8088
2M4W 758 2.727 0.2533 0.7794
2M4W 759 2.888 0.2681 0.7794
2M4W 760 2.280 0.2632 0.7941
2M4W 761 2.845 0.2763 0.7941
2M4W 762 2.564 0.2107 0.7941
2M4W 763 2.614 0.2450 0.7794
2M4W 764 2.709 0.1904 0.7647
2M4W 765 2.858 0.2849 0.7794
2M4W 766 2.852 0.2332 0.7941
2M4W 767 2.439 0.2412 0.7941
2M4W 768 2.533 0.2360 0.8088
2M4W 769 2.961 0.2552 0.7794
2M4W 770 2.473 0.2323 0.7647
2M4W 771 2.812 0.2356 0.7500
2M4W 772 2.578 0.2003 0.7794
2M4W 773 2.667 0.2070 0.8088
2M4W 774 2.552 0.2473 0.8088
2M4W 775 2.656 0.2482 0.7941
2M4W 776 2.787 0.2545 0.7941
2M4W 777 2.565 0.2196 0.7794
2M4W 778 2.627 0.2421 0.7941
2M4W 779 2.902 0.2529 0.7941
2M4W 780 2.423 0.2299 0.7500
2M4W 781 2.719 0.2487 0.7941
2M4W 782 2.705 0.2032 0.7941
2M4W 783 2.709 0.2032 0.7794
2M4W 784 2.267 0.2543 0.7941
2M4W 785 2.540 0.2363 0.7794
2M4W 786 2.776 0.2411 0.7941
2M4W 787 2.667 0.2186 0.8088
2M4W 788 2.690 0.2262 0.7647
2M4W 789 2.581 0.2483 0.7794
2M4W 790 2.782 0.1892 0.7647
2M4W 791 2.769 0.2207 0.7647
2M4W 792 2.512 0.2201 0.7941
2M4W 793 2.627 0.2292 0.8088
2M4W 794 2.712 0.2500 0.7941
2M4W 795 2.483 0.2260 0.7794
2M4W 796 2.731 0.2103 0.7647
2M4W 797 2.419 0.2172 0.7500
2M4W 798 2.678 0.2318 0.7647
2M4W 799 2.890 0.2116 0.7500
2M4W 800 2.506 0.2586 0.7941
2M4W 801 2.548 0.1900 0.7794
2M4W 802 2.591 0.2403 0.7941
2M4W 803 2.335 0.2060 0.7647
2M4W 804 2.809 0.2379 0.7794
2M4W 805 2.604 0.2419 0.7794
2M4W 806 2.861 0.2152 0.7647
2M4W 807 2.513 0.2574 0.7941
2M4W 808 2.447 0.2034 0.7794
2M4W 809 2.628 0.2376 0.7941
2M4W 810 2.505 0.1931 0.7500
2M4W 811 2.615 0.2332 0.7941
2M4W 812 2.595 0.2043 0.7794
2M4W 813 2.594 0.2283 0.7794
2M4W 814 2.739 0.2352 0.7941
2M4W 815 2.285 0.2158 0.7941
2M4W 816 2.770 0.2203 0.7794
2M4W 817 2.711 0.1979 0.7647
2M4W 818 2.343 0.1913 0.7941
2M4W 819 2.876 0.2314 0.8088
2M4W 820 2.626 0.2121 0.7647
2M4W 821 2.664 0.2495 0.7941
2M4W 822 2.497 0.2571 0.7941
2M4W 823 2.803 0.2198 0.7647
2M4W 824 2.505 0.2283 0.7794
2M4W 825 2.723 0.2092 0.8088
2M4W 826 2.418 0.2047 0.7794
2M4W 827 2.546 0.2095 0.7794
2M4W 828 2.712 0.2461 0.7941
2M4W 829 2.754 0.2565 0.8088
2M4W 830 2.426 0.2789 0.7941
2M4W 831 2.706 0.1991 0.7794
2M4W 832 2.875 0.2661 0.8088
2M4W 833 2.946 0.2268 0.7941
2M4W 834 2.627 0.2091 0.7794
2M4W 835 2.639 0.2391 0.7794
2M4W 836 2.600 0.2430 0.8088
2M4W 837 2.719 0.2376 0.8235
2M4W 838 2.826 0.2787 0.8382
2M4W 839 2.639 0.2379 0.7941
2M4W 840 2.789 0.2393 0.8088
2M4W 841 2.556 0.2441 0.7794
2M4W 842 2.439 0.2064 0.7941
2M4W 843 2.636 0.2325 0.7941
2M4W 844 2.829 0.1954 0.7941
2M4W 845 2.446 0.1972 0.7941
2M4W 846 2.813 0.2260 0.7794
2M4W 847 2.628 0.2537 0.7941
2M4W 848 2.388 0.2297 0.8088
2M4W 849 2.428 0.2385 0.8088
2M4W 850 2.369 0.2392 0.7941
2M4W 851 2.821 0.2730 0.7941
2M4W 852 2.408 0.2250 0.7941
2M4W 853 2.184 0.2475 0.7941
2M4W 854 1.954 0.2206 0.8235
2M4W 855 2.060 0.2193 0.8088
2M4W 856 1.808 0.1995 0.7941
2M4W 857 1.908 0.1799 0.7794
2M4W 858 2.029 0.1845 0.7794
2M4W 859 2.020 0.2356 0.8088
2M4W 860 1.860 0.2232 0.7941
2M4W 861 1.955 0.1898 0.8088
2M4W 862 1.865 0.2090 0.7941
2M4W 863 1.962 0.2240 0.8088
2M4W 864 2.008 0.1922 0.7941
2M4W 865 1.909 0.1966 0.7941
2M4W 866 1.932 0.2198 0.7941
2M4W 867 1.761 0.2063 0.7941
2M4W 868 1.899 0.2408 0.7941
2M4W 869 2.098 0.2198 0.7794
2M4W 870 1.728 0.2308 0.8088
2M4W 871 1.981 0.2246 0.7794
2M4W 872 1.877 0.1852 0.7941
2M4W 873 1.974 0.2039 0.7941
2M4W 874 2.093 0.2054 0.7794
2M4W 875 2.148 0.2196 0.7941
2M4W 876 2.013 0.1940 0.7794
2M4W 877 2.091 0.1960 0.7794
2M4W 878 1.832 0.2159 0.7941
2M4W 879 2.065 0.1771 0.7941
2M4W 880 2.102 0.2057 0.7941
2M4W 881 2.283 0.1926 0.7794
2M4W 882 1.949 0.1926 0.8088
2M4W 883 2.306 0.2461 0.8088
2M4W 884 2.205 0.2000 0.7794
2M4W 885 1.968 0.2361 0.8088
2M4W 886 2.259 0.2399 0.7500
2M4W 887 1.898 0.2062 0.8529
2M4W 888 1.924 0.2037 0.8235
2M4W 889 1.932 0.2064 0.8088
2M4W 890 2.149 0.2016 0.7941
2M4W 891 2.224 0.1856 0.7647
2M4W 892 2.128 0.1995 0.7794
2M4W 893 1.807 0.2033 0.8088
2M4W 894 2.300 0.2120 0.7941
2M4W 895 1.956 0.2370 0.8088
2M4W 896 2.131 0.2204 0.7794
2M4W 897 1.905 0.2346 0.7941
2M4W 898 2.246 0.2098 0.7500
2M4W 899 2.482 0.2121 0.7941
2M4W 900 2.122 0.1786 0.7647
2M4W 901 2.713 0.1955 0.7353
2M4W 902 2.222 0.1850 0.7794
2M4W 903 1.940 0.1974 0.7794
2M4W 904 2.002 0.1594 0.7647
2M4W 905 1.905 0.1937 0.7941
2M4W 906 1.973 0.1841 0.7647
2M4W 907 2.123 0.1915 0.7500
2M4W 908 1.871 0.2034 0.7794
2M4W 909 1.967 0.2261 0.7794
2M4W 910 2.282 0.2057 0.7353
2M4W 911 2.459 0.2373 0.7794
2M4W 912 1.971 0.2027 0.7794
2M4W 913 1.774 0.2344 0.7941
2M4W 914 1.711 0.1863 0.7941
2M4W 915 1.877 0.2113 0.7941
2M4W 916 1.923 0.2327 0.8088
2M4W 917 2.197 0.1903 0.7353
2M4W 918 2.004 0.2544 0.7941
2M4W 919 2.017 0.2016 0.7647
2M4W 920 1.781 0.1952 0.8088
2M4W 921 1.908 0.2084 0.7794
2M4W 922 2.071 0.2106 0.7794
2M4W 923 1.824 0.2074 0.8235
2M4W 924 1.752 0.2646 0.8235
2M4W 925 1.931 0.1851 0.7647
2M4W 926 2.079 0.2510 0.8088
2M4W 927 1.938 0.2117 0.7794
2M4W 928 1.662 0.2403 0.7941
2M4W 929 1.816 0.2134 0.8235
2M4W 930 1.813 0.2581 0.8088
2M4W 931 2.002 0.2062 0.7941
2M4W 932 1.780 0.1957 0.7941
2M4W 933 1.565 0.2605 0.8382
2M4W 934 1.584 0.2313 0.8382
2M4W 935 1.697 0.2301 0.7941
2M4W 936 1.701 0.2193 0.7941
2M4W 937 1.990 0.2114 0.7941
2M4W 938 1.792 0.2336 0.8088
2M4W 939 1.393 0.2891 0.8529
2M4W 940 2.059 0.2271 0.8088
2M4W 941 1.530 0.2465 0.8235
2M4W 942 1.430 0.2823 0.8382
2M4W 943 1.906 0.2116 0.7647
2M4W 944 2.122 0.2370 0.7647
2M4W 945 1.770 0.2361 0.8088
2M4W 946 1.802 0.1708 0.7941
2M4W 947 1.796 0.2161 0.8088
2M4W 948 1.948 0.2306 0.8088
2M4W 949 1.979 0.2189 0.7794
2M4W 950 1.593 0.2159 0.7941
2M4W 951 1.913 0.2454 0.7794
2M4W 952 1.906 0.2192 0.7647
2M4W 953 1.822 0.2359 0.7794
2M4W 954 1.943 0.1743 0.7647
2M4W 955 1.717 0.2750 0.8235
2M4W 956 1.976 0.2411 0.7500
2M4W 957 1.882 0.2310 0.7794
2M4W 958 1.722 0.2400 0.7941
2M4W 959 1.859 0.2147 0.7941
2M4W 960 1.846 0.2349 0.7941
2M4W 961 2.062 0.2200 0.7794
2M4W 962 2.004 0.1980 0.7500
2M4W 963 1.724 0.2330 0.8088
2M4W 964 1.698 0.2488 0.7941
2M4W 965 1.787 0.2872 0.7647
2M4W 966 1.823 0.2278 0.7941
2M4W 967 1.681 0.2238 0.7941
2M4W 968 1.735 0.2133 0.7794
2M4W 969 2.064 0.2132 0.7647
2M4W 970 2.212 0.2048 0.7500
2M4W 971 1.919 0.2138 0.7794
2M4W 972 1.882 0.3175 0.7941
2M4W 973 1.905 0.2316 0.7941
2M4W 974 1.925 0.2252 0.7941
2M4W 975 2.123 0.2527 0.7794
2M4W 976 1.641 0.2270 0.7794
2M4W 977 1.563 0.2405 0.8088
2M4W 978 1.867 0.2119 0.7794
2M4W 979 1.895 0.2256 0.7794
2M4W 980 1.711 0.2103 0.8088
2M4W 981 1.982 0.1702 0.7794
2M4W 982 2.128 0.2477 0.7647
2M4W 983 2.189 0.2253 0.7794
2M4W 984 2.242 0.2063 0.7647
2M4W 985 1.959 0.2267 0.7794
2M4W 986 2.054 0.1941 0.7647
2M4W 987 2.295 0.2250 0.7500
2M4W 988 2.585 0.2030 0.7500
2M4W 989 2.277 0.1821 0.7647
2M4W 990 2.309 0.2273 0.7794
2M4W 991 2.085 0.2065 0.7794
2M4W 992 2.419 0.1789 0.7353
2M4W 993 2.444 0.2158 0.7353
2M4W 994 2.376 0.2075 0.7500
2M4W 995 2.404 0.2139 0.7794
2M4W 996 2.205 0.2213 0.7794
2M4W 997 2.190 0.2072 0.7647
2M4W 998 2.075 0.2165 0.8088
2M4W 999 1.883 0.2593 0.8529
2M4W 1000 2.210 0.1845 0.7794
2M4W 1001 1.999 0.2524 0.7941
2M4W 1002 2.202 0.1763 0.7500
2M4W 1003 2.055 0.1955 0.7647
2M4W 1004 2.099 0.1896 0.7353
2M4W 1005 2.233 0.2301 0.7794
2M4W 1006 2.247 0.1949 0.7353
2M4W 1007 1.822 0.2252 0.7794
2M4W 1008 1.891 0.2284 0.7647
2M4W 1009 1.805 0.2448 0.8088
2M4W 1010 1.940 0.2285 0.7794
2M4W 1011 1.626 0.2350 0.8235
2M4W 1012 1.936 0.1608 0.7794
2M4W 1013 1.802 0.1816 0.7794
2M4W 1014 1.602 0.2569 0.7941
2M4W 1015 1.985 0.2323 0.7941
2M4W 1016 1.664 0.2427 0.8088
2M4W 1017 2.356 0.2237 0.7500
2M4W 1018 2.187 0.1898 0.7647
2M4W 1019 2.167 0.1738 0.7647
2M4W 1020 1.782 0.1695 0.7941
2M4W 1021 1.912 0.1756 0.7941
2M4W 1022 1.945 0.1869 0.7794
2M4W 1023 2.049 0.2300 0.7647
2M4W 1024 2.223 0.1948 0.7647
2M4W 1025 1.716 0.2423 0.7941
2M4W 1026 2.290 0.2139 0.7500
2M4W 1027 2.216 0.1966 0.7353
2M4W 1028 2.188 0.1903 0.7353
2M4W 1029 2.211 0.1951 0.7500
2M4W 1030 2.780 0.2137 0.7647
2M4W 1031 2.653 0.1716 0.7206
2M4W 1032 2.760 0.2301 0.7794
2M4W 1033 3.062 0.1958 0.7647
2M4W 1034 2.951 0.1716 0.7500
2M4W 1035 2.448 0.1971 0.7794
2M4W 1036 2.403 0.1864 0.7353
2M4W 1037 2.725 0.2057 0.7647
2M4W 1038 2.490 0.1721 0.7647
2M4W 1039 2.467 0.1688 0.7647
2M4W 1040 2.664 0.2210 0.7500
2M4W 1041 2.538 0.2151 0.7647
2M4W 1042 2.548 0.2041 0.7794
2M4W 1043 2.826 0.1733 0.7353
2M4W 1044 2.549 0.2150 0.7647
2M4W 1045 2.917 0.1992 0.7353
2M4W 1046 2.636 0.1989 0.7794
2M4W 1047 2.640 0.2192 0.7941
2M4W 1048 2.857 0.1784 0.7500
2M4W 1049 2.793 0.1244 0.7206
2M4W 1050 2.256 0.1708 0.7647
2M4W 1051 2.615 0.1518 0.6912
2M4W 1052 2.953 0.1874 0.7794
2M4W 1053 2.764 0.1785 0.7353
2M4W 1054 2.438 0.2187 0.7206
2M4W 1055 2.509 0.2316 0.7206
2M4W 1056 2.163 0.1827 0.7353
2M4W 1057 2.289 0.2151 0.7500
2M4W 1058 2.317 0.1905 0.7206
2M4W 1059 2.382 0.1962 0.7353
2M4W 1060 3.206 0.1794 0.7206
2M4W 1061 2.795 0.2307 0.7206
2M4W 1062 2.658 0.1945 0.7206
2M4W 1063 2.194 0.2158 0.7500
2M4W 1064 2.351 0.2075 0.7647
2M4W 1065 2.554 0.1963 0.7500
2M4W 1066 2.523 0.1791 0.7647
2M4W 1067 2.652 0.2153 0.7353
2M4W 1068 2.828 0.2307 0.7500
2M4W 1069 2.609 0.1909 0.7500
2M4W 1070 2.603 0.1702 0.7206
2M4W 1071 2.505 0.2299 0.7500
2M4W 1072 2.646 0.1939 0.7794
2M4W 1073 2.985 0.2234 0.7647
2M4W 1074 2.839 0.2083 0.7794
2M4W 1075 3.088 0.2055 0.7353
2M4W 1076 2.524 0.2627 0.7941
2M4W 1077 2.999 0.1954 0.7647
2M4W 1078 2.570 0.2439 0.7794
2M4W 1079 2.606 0.2458 0.7500
2M4W 1080 2.785 0.2099 0.7500
2M4W 1081 2.631 0.1565 0.7206
2M4W 1082 3.075 0.1777 0.7353
2M4W 1083 3.132 0.1904 0.7059
2M4W 1084 3.102 0.2116 0.7500
2M4W 1085 3.150 0.1993 0.7353
2M4W 1086 2.899 0.1857 0.7353
2M4W 1087 2.881 0.2019 0.7647
2M4W 1088 3.116 0.1894 0.7353
2M4W 1089 2.697 0.2405 0.7353
2M4W 1090 2.532 0.1721 0.7353
2M4W 1091 2.736 0.1756 0.7353
2M4W 1092 2.428 0.1972 0.7647
2M4W 1093 2.811 0.1499 0.7353
2M4W 1094 3.095 0.1937 0.7353
2M4W 1095 2.926 0.1817 0.7206
2M4W 1096 2.997 0.1541 0.7059
2M4W 1097 2.375 0.2049 0.7500
2M4W 1098 2.745 0.1877 0.7353
2M4W 1099 2.857 0.1683 0.7500
2M4W 1100 3.018 0.2014 0.7206
2M4W 1101 3.200 0.1692 0.7500
2M4W 1102 2.870 0.1628 0.7353
2M4W 1103 3.325 0.1796 0.7059
2M4W 1104 2.876 0.1794 0.7059
2M4W 1105 3.049 0.1654 0.7059
2M4W 1106 2.756 0.1739 0.7500
2M4W 1107 2.940 0.1745 0.7500
2M4W 1108 2.613 0.1844 0.7353
2M4W 1109 2.695 0.1960 0.7206
2M4W 1110 2.923 0.1716 0.7206
2M4W 1111 2.915 0.1505 0.6912
2M4W 1112 2.978 0.1604 0.7206
2M4W 1113 3.222 0.1731 0.6912
2M4W 1114 2.804 0.1765 0.7206
2M4W 1115 2.556 0.1905 0.7206
2M4W 1116 2.776 0.1954 0.7353
2M4W 1117 2.693 0.1803 0.7500
2M4W 1118 2.907 0.1622 0.6912
2M4W 1119 2.637 0.1775 0.7059
2M4W 1120 3.014 0.1354 0.7059
2M4W 1121 2.725 0.1665 0.7206
2M4W 1122 2.763 0.2011 0.7206
2M4W 1123 2.801 0.1882 0.7206
2M4W 1124 2.784 0.2153 0.7206
2M4W 1125 2.629 0.1756 0.7500
2M4W 1126 2.596 0.2026 0.7353
2M4W 1127 2.465 0.1970 0.7500
2M4W 1128 2.334 0.1925 0.7794
2M4W 1129 2.469 0.2349 0.7647
2M4W 1130 2.408 0.1723 0.7353
2M4W 1131 2.699 0.1768 0.7500
2M4W 1132 2.549 0.1861 0.7059
2M4W 1133 2.460 0.2442 0.7794
2M4W 1134 2.488 0.2168 0.7941
2M4W 1135 2.648 0.2201 0.7647
2M4W 1136 2.557 0.2645 0.7794
2M4W 1137 2.718 0.1991 0.7206
2M4W 1138 2.819 0.1976 0.7647
2M4W 1139 2.724 0.2455 0.7353
2M4W 1140 2.383 0.1872 0.7500
2M4W 1141 3.011 0.2092 0.7353
2M4W 1142 2.840 0.2064 0.7353
2M4W 1143 2.939 0.1961 0.7500
2M4W 1144 2.956 0.1963 0.7059
2M4W 1145 2.702 0.1976 0.7500
2M4W 1146 2.675 0.1902 0.7206
2M4W 1147 2.850 0.1878 0.7059
2M4W 1148 2.535 0.2479 0.7647
2M4W 1149 2.727 0.1681 0.7206
2M4W 1150 2.685 0.1913 0.7353
2M4W 1151 2.740 0.1909 0.7353
2M4W 1152 2.645 0.2123 0.7500
2M4W 1153 2.660 0.1979 0.7353
2M4W 1154 2.642 0.2065 0.7353
2M4W 1155 2.616 0.1614 0.7500
2M4W 1156 2.799 0.1944 0.7353
2M4W 1157 2.519 0.1822 0.7500
2M4W 1158 2.408 0.2659 0.8088
2M4W 1159 2.783 0.1970 0.7059
2M4W 1160 2.760 0.1934 0.7059
2M4W 1161 2.616 0.1988 0.7500
2M4W 1162 2.813 0.1894 0.7206
2M4W 1163 3.200 0.1738 0.7206
2M4W 1164 2.742 0.2325 0.7647
2M4W 1165 2.510 0.1696 0.7500
2M4W 1166 2.407 0.2043 0.7500
2M4W 1167 2.999 0.1942 0.6912
2M4W 1168 2.891 0.2030 0.7353
2M4W 1169 2.612 0.2209 0.7500
2M4W 1170 2.697 0.1960 0.7353
2M4W 1171 2.944 0.2205 0.7353
2M4W 1172 2.703 0.1675 0.7206
2M4W 1173 2.645 0.2303 0.8088
2M4W 1174 2.904 0.1588 0.7206
2M4W 1175 2.950 0.1618 0.7206
2M4W 1176 2.840 0.2115 0.7794
2M4W 1177 2.700 0.2445 0.7941
2M4W 1178 2.820 0.1876 0.7500
2M4W 1179 2.928 0.2532 0.7500
2M4W 1180 3.028 0.2362 0.7353
2M4W 1181 2.738 0.2237 0.7500
2M4W 1182 2.813 0.1882 0.7794
2M4W 1183 2.762 0.1880 0.7500
2M4W 1184 2.950 0.2187 0.7500
2M4W 1185 2.886 0.2407 0.7794
2M4W 1186 2.724 0.1880 0.7206
2M4W 1187 2.689 0.2281 0.7206
2M4W 1188 2.989 0.1678 0.7647
2M4W 1189 3.171 0.2123 0.7353
2M4W 1190 2.849 0.2017 0.7353
2M4W 1191 2.976 0.1915 0.7500
2M4W 1192 2.889 0.1755 0.7206
2M4W 1193 2.704 0.2258 0.7647
2M4W 1194 2.901 0.2075 0.7353
2M4W 1195 2.419 0.2092 0.7647
2M4W 1196 2.702 0.2231 0.8088
2M4W 1197 2.653 0.2704 0.7647
2M4W 1198 2.564 0.2240 0.7647
2M4W 1199 2.514 0.2490 0.7794
2M4W 1200 2.484 0.1821 0.7353
2M4W 1201 2.578 0.1767 0.7353
2M4W 1202 2.490 0.2123 0.7500
2M4W 1203 2.455 0.2150 0.7647
2M4W 1204 3.079 0.1931 0.7059
2M4W 1205 2.569 0.2024 0.7206
2M4W 1206 2.740 0.2220 0.7647
2M4W 1207 2.830 0.2327 0.7353
2M4W 1208 2.881 0.2228 0.7353
2M4W 1209 2.796 0.1422 0.6912
2M4W 1210 2.905 0.1629 0.6912
2M4W 1211 3.033 0.2036 0.6912
2M4W 1212 3.005 0.1869 0.7059
2M4W 1213 3.031 0.1524 0.7059
2M4W 1214 2.948 0.1968 0.7500
2M4W 1215 2.784 0.2855 0.7500
2M4W 1216 3.069 0.2050 0.7059
2M4W 1217 2.672 0.2196 0.7353
2M4W 1218 2.937 0.1670 0.7059
2M4W 1219 3.086 0.2181 0.7206
2M4W 1220 3.000 0.2067 0.7500
2M4W 1221 3.048 0.2060 0.7059
2M4W 1222 3.075 0.1806 0.7059
2M4W 1223 3.241 0.1570 0.6912
2M4W 1224 2.955 0.1831 0.7059
2M4W 1225 3.066 0.2209 0.7059
2M4W 1226 2.970 0.1600 0.7059
2M4W 1227 2.905 0.1339 0.6912
2M4W 1228 2.762 0.1504 0.7059
2M4W 1229 2.579 0.1788 0.7206
2M4W 1230 2.618 0.1598 0.7059
2M4W 1231 2.647 0.1790 0.7059
2M4W 1232 2.556 0.2273 0.7500
2M4W 1233 2.304 0.2223 0.7647
2M4W 1234 2.787 0.1796 0.7206
2M4W 1235 2.809 0.2336 0.7206
2M4W 1236 2.387 0.2957 0.7941
2M4W 1237 2.604 0.2090 0.7500
2M4W 1238 2.553 0.2106 0.7794
2M4W 1239 2.290 0.2434 0.7941
2M4W 1240 2.512 0.1895 0.7647
2M4W 1241 2.702 0.1833 0.7500
2M4W 1242 2.715 0.1988 0.7647
2M4W 1243 2.755 0.2049 0.7647
2M4W 1244 2.630 0.1767 0.7206
2M4W 1245 2.934 0.1835 0.7206
2M4W 1246 2.784 0.1900 0.7206
2M4W 1247 2.618 0.1857 0.7500
2M4W 1248 2.755 0.1985 0.7500
2M4W 1249 2.804 0.2277 0.7500
2M4W 1250 2.633 0.2097 0.7500
2M4W 1251 2.779 0.2542 0.7647
2M4W 1252 2.454 0.2386 0.7794
2M4W 1253 2.556 0.2281 0.7500
2M4W 1254 2.756 0.2102 0.7647
2M4W 1255 2.507 0.1734 0.7647
2M4W 1256 2.851 0.1789 0.7059
2M4W 1257 2.504 0.2381 0.7500
2M4W 1258 2.522 0.2131 0.7647
2M4W 1259 2.630 0.1701 0.7353
2M4W 1260 2.728 0.1694 0.7206
2M4W 1261 2.527 0.1703 0.7353
2M4W 1262 2.535 0.1848 0.7206
2M4W 1263 2.447 0.1866 0.7353
2M4W 1264 2.455 0.2152 0.8088
2M4W 1265 2.507 0.1931 0.7500
2M4W 1266 2.352 0.2139 0.7500
2M4W 1267 2.343 0.1864 0.7500
2M4W 1268 2.420 0.1940 0.7500
2M4W 1269 2.497 0.2102 0.7500
2M4W 1270 2.206 0.2247 0.7647
2M4W 1271 2.345 0.1923 0.7500
2M4W 1272 2.537 0.1629 0.7206
2M4W 1273 2.846 0.1609 0.7059
2M4W 1274 3.221 0.1463 0.6618
2M4W 1275 2.834 0.2020 0.6912
2M4W 1276 2.928 0.1385 0.7059
2M4W 1277 2.664 0.1888 0.7059
2M4W 1278 2.665 0.2499 0.7647
2M4W 1279 2.351 0.1860 0.7353
2M4W 1280 2.678 0.1788 0.7500
2M4W 1281 2.618 0.2368 0.7353
2M4W 1282 2.767 0.1860 0.7353
2M4W 1283 2.860 0.2210 0.7500
2M4W 1284 2.611 0.2186 0.7353
2M4W 1285 2.573 0.1918 0.7500
2M4W 1286 2.867 0.1667 0.7206
2M4W 1287 2.677 0.1684 0.7206
2M4W 1288 2.688 0.1590 0.7059
2M4W 1289 2.525 0.1940 0.7059
2M4W 1290 2.588 0.1460 0.7206
2M4W 1291 2.396 0.1814 0.7206
2M4W 1292 2.740 0.1553 0.7059
2M4W 1293 2.548 0.2120 0.7206
2M4W 1294 2.504 0.1994 0.7647
2M4W 1295 2.668 0.1721 0.7500
2M4W 1296 2.918 0.1853 0.6912
2M4W 1297 3.175 0.2075 0.6765
2M4W 1298 2.852 0.2046 0.7059
2M4W 1299 2.866 0.1648 0.7059
2M4W 1300 2.835 0.1719 0.7059
2M4W 1301 2.878 0.1882 0.7059
2M4W 1302 2.684 0.2138 0.7500
2M4W 1303 2.936 0.1675 0.7059
2M4W 1304 2.568 0.1892 0.7206
2M4W 1305 3.055 0.1928 0.7059
2M4W 1306 2.840 0.1921 0.6765
2M4W 1307 2.739 0.2176 0.7647
2M4W 1308 2.590 0.2183 0.7647
2M4W 1309 2.674 0.2582 0.7941
2M4W 1310 2.641 0.1474 0.7353
2M4W 1311 2.385 0.2287 0.7794
2M4W 1312 2.623 0.2277 0.7206
2M4W 1313 2.447 0.1852 0.7353
2M4W 1314 2.483 0.2193 0.7500
2M4W 1315 2.392 0.2083 0.7500
2M4W 1316 2.484 0.1433 0.7206
2M4W 1317 2.565 0.2247 0.7353
2M4W 1318 2.512 0.1808 0.7353
2M4W 1319 2.486 0.1755 0.7353
2M4W 1320 2.830 0.1971 0.7206
2M4W 1321 2.595 0.1772 0.6912
2M4W 1322 2.957 0.1963 0.7353
2M4W 1323 2.931 0.2254 0.7500
2M4W 1324 2.776 0.1910 0.7206
2M4W 1325 2.665 0.1701 0.7353
2M4W 1326 2.598 0.1766 0.7353
2M4W 1327 3.212 0.1618 0.6912
2M4W 1328 3.360 0.1581 0.6912
2M4W 1329 3.113 0.2099 0.7206
2M4W 1330 2.969 0.2042 0.7206
2M4W 1331 3.038 0.1632 0.7206
2M4W 1332 2.674 0.1400 0.6765
2M4W 1333 2.904 0.1935 0.7206
2M4W 1334 2.882 0.1801 0.7206
2M4W 1335 3.286 0.1322 0.6765
2M4W 1336 3.196 0.1580 0.6912
2M4W 1337 3.254 0.1457 0.6912
2M4W 1338 3.069 0.1678 0.7059
2M4W 1339 2.653 0.1526 0.7206
2M4W 1340 3.089 0.1582 0.6912
2M4W 1341 2.926 0.1505 0.6912
2M4W 1342 2.844 0.1609 0.6912
2M4W 1343 2.840 0.1532 0.6912
2M4W 1344 2.809 0.1418 0.6912
2M4W 1345 2.534 0.1181 0.6912
2M4W 1346 2.907 0.1206 0.6765
2M4W 1347 2.746 0.1266 0.6912
2M4W 1348 2.688 0.1557 0.7206
2M4W 1349 2.716 0.1422 0.7059
2M4W 1350 2.309 0.1714 0.7353
2M4W 1351 2.663 0.1661 0.6912
2M4W 1352 2.437 0.2098 0.7059
2M4W 1353 2.272 0.2204 0.7500
2M4W 1354 2.495 0.2037 0.6912
2M4W 1355 2.631 0.1879 0.7353
2M4W 1356 2.412 0.1565 0.7206
2M4W 1357 3.095 0.1632 0.6618
2M4W 1358 3.185 0.1743 0.6618
2M4W 1359 2.160 0.1414 0.7206
2M4W 1360 2.432 0.2068 0.7059
2M4W 1361 2.287 0.1570 0.7206
2M4W 1362 2.732 0.1775 0.6912
2M4W 1363 2.587 0.1538 0.6912
2M4W 1364 2.680 0.1447 0.6618
2M4W 1365 2.623 0.1809 0.6765
2M4W 1366 2.453 0.1424 0.6912
2M4W 1367 2.787 0.1694 0.6765
2M4W 1368 2.978 0.1784 0.6765
2M4W 1369 2.543 0.1583 0.7059
2M4W 1370 2.666 0.1704 0.6618
2M4W 1371 2.390 0.1685 0.6912
2M4W 1372 2.162 0.1808 0.7353
2M4W 1373 2.386 0.1646 0.7353
2M4W 1374 2.382 0.1674 0.7206
2M4W 1375 2.923 0.1294 0.6618
2M4W 1376 2.728 0.1641 0.7059
2M4W 1377 2.455 0.2079 0.7059
2M4W 1378 2.362 0.1766 0.7206
2M4W 1379 2.348 0.1464 0.7059
2M4W 1380 2.038 0.1573 0.7353
2M4W 1381 1.845 0.1608 0.7647
2M4W 1382 2.231 0.1897 0.7353
2M4W 1383 2.256 0.2224 0.7647
2M4W 1384 1.961 0.1698 0.7794
2M4W 1385 2.301 0.1727 0.7500
2M4W 1386 2.058 0.1977 0.7500
2M4W 1387 2.098 0.1871 0.7647
2M4W 1388 2.368 0.1587 0.7059
2M4W 1389 2.481 0.1614 0.7206
2M4W 1390 2.511 0.1642 0.7059
2M4W 1391 2.786 0.1474 0.6912
2M4W 1392 2.304 0.1511 0.7353
2M4W 1393 2.348 0.1609 0.7353
2M4W 1394 2.455 0.1442 0.6912
2M4W 1395 2.084 0.1504 0.7059
2M4W 1396 2.522 0.1935 0.7059
2M4W 1397 2.066 0.1763 0.7353
2M4W 1398 2.119 0.1801 0.7206
2M4W 1399 2.144 0.1595 0.7059
2M4W 1400 2.223 0.2124 0.7500
2M4W 1401 2.094 0.1715 0.7500
2M4W 1402 2.165 0.1819 0.7353
2M4W 1403 2.483 0.1901 0.7059
2M4W 1404 1.769 0.1786 0.7647
2M4W 1405 1.824 0.1941 0.7647
2M4W 1406 1.945 0.1709 0.7500
2M4W 1407 2.527 0.1639 0.7206
2M4W 1408 2.184 0.1392 0.7206
2M4W 1409 1.780 0.2027 0.7647
2M4W 1410 2.120 0.1867 0.7500
2M4W 1411 2.030 0.1993 0.7500
2M4W 1412 2.246 0.1893 0.7353
2M4W 1413 1.911 0.1985 0.7647
2M4W 1414 2.027 0.1594 0.7647
2M4W 1415 2.498 0.2373 0.7500
2M4W 1416 2.608 0.1226 0.6765
2M4W 1417 1.751 0.1800 0.7647
2M4W 1418 2.028 0.1799 0.7647
2M4W 1419 2.372 0.1658 0.7500
2M4W 1420 1.783 0.1669 0.7647
2M4W 1421 1.974 0.1970 0.7500
2M4W 1422 1.760 0.2073 0.7647
2M4W 1423 1.662 0.2514 0.8088
2M4W 1424 2.064 0.1373 0.7353
2M4W 1425 2.157 0.1594 0.7500
2M4W 1426 2.290 0.1895 0.7206
2M4W 1427 1.947 0.2146 0.7794
2M4W 1428 2.396 0.1614 0.7206
2M4W 1429 2.319 0.1689 0.7647
2M4W 1430 2.088 0.2287 0.7794
2M4W 1431 2.070 0.1380 0.7206
2M4W 1432 2.259 0.2150 0.7794
2M4W 1433 2.091 0.1529 0.7647
2M4W 1434 2.398 0.1441 0.7206
2M4W 1435 2.221 0.1882 0.7647
2M4W 1436 2.128 0.1651 0.7353
2M4W 1437 2.796 0.1724 0.7059
2M4W 1438 2.694 0.1422 0.6912
2M4W 1439 1.830 0.1689 0.7794
2M4W 1440 2.205 0.2143 0.7500
2M4W 1441 2.193 0.1957 0.7500
2M4W 1442 1.900 0.1612 0.7647
2M4W 1443 1.860 0.1459 0.7647
2M4W 1444 1.896 0.1753 0.7941
2M4W 1445 1.961 0.2117 0.7500
2M4W 1446 2.164 0.1801 0.7206
2M4W 1447 1.825 0.1896 0.7941
2M4W 1448 1.926 0.1991 0.7794
2M4W 1449 2.268 0.1855 0.7500
2M4W 1450 1.854 0.1921 0.7941
2M4W 1451 1.871 0.1728 0.7794
2M4W 1452 1.770 0.1697 0.7941
2M4W 1453 1.893 0.1786 0.7647
2M4W 1454 2.221 0.1810 0.7353
2M4W 1455 1.967 0.1464 0.7794
2M4W 1456 2.086 0.1772 0.7500
2M4W 1457 2.212 0.1859 0.7353
2M4W 1458 2.494 0.2008 0.7353
2M4W 1459 2.090 0.1510 0.7353
2M4W 1460 2.086 0.1281 0.7353
2M4W 1461 1.966 0.2163 0.8088
2M4W 1462 2.298 0.1549 0.7500
2M4W 1463 1.921 0.1802 0.7647
2M4W 1464 2.239 0.2062 0.7647
2M4W 1465 1.785 0.2193 0.8088
2M4W 1466 1.821 0.1750 0.7647
2M4W 1467 2.049 0.1472 0.7500
2M4W 1468 2.272 0.1606 0.7500
2M4W 1469 1.938 0.1494 0.7500
2M4W 1470 2.163 0.1752 0.7206
2M4W 1471 2.113 0.2089 0.7794
2M4W 1472 2.384 0.1594 0.7353
2M4W 1473 1.901 0.2019 0.8088
2M4W 1474 2.469 0.1496 0.7500
2M4W 1475 2.170 0.1527 0.7500
2M4W 1476 2.383 0.1993 0.7941
2M4W 1477 2.240 0.1743 0.7206
2M4W 1478 2.214 0.1375 0.7206
2M4W 1479 2.251 0.1686 0.7353
2M4W 1480 2.331 0.1750 0.7353
2M4W 1481 2.093 0.1780 0.7794
2M4W 1482 2.181 0.1266 0.7206
2M4W 1483 2.006 0.1460 0.7647
2M4W 1484 1.966 0.2746 0.8088
2M4W 1485 2.130 0.1862 0.7353
2M4W 1486 2.234 0.1772 0.7794
2M4W 1487 1.971 0.2091 0.7941
2M4W 1488 2.085 0.1940 0.7794
2M4W 1489 2.327 0.1767 0.7353
2M4W 1490 2.192 0.2055 0.7647
2M4W 1491 2.157 0.1624 0.7647
2M4W 1492 2.585 0.1532 0.7206
2M4W 1493 2.303 0.2003 0.7353
2M4W 1494 2.470 0.1686 0.7206
2M4W 1495 2.188 0.1788 0.7500
2M4W 1496 2.233 0.1674 0.7500
2M4W 1497 1.967 0.1622 0.7353
2M4W 1498 2.006 0.1725 0.7500
2M4W 1499 1.924 0.2125 0.7941
2M4W 1500 1.819 0.2128 0.7941
2M4W 1501 1.887 0.1921 0.7941
2M4W 1502 1.963 0.1750 0.7647
2M4W 1503 1.743 0.2695 0.8529
2M4W 1504 2.011 0.2038 0.7647
2M4W 1505 1.889 0.2209 0.8235
2M4W 1506 2.260 0.1662 0.7206
2M4W 1507 2.107 0.2433 0.7794
2M4W 1508 2.217 0.1658 0.7794
2M4W 1509 2.158 0.2043 0.7647
2M4W 1510 2.030 0.1993 0.7941
2M4W 1511 1.899 0.1692 0.7794
2M4W 1512 1.900 0.1914 0.7941
2M4W 1513 1.878 0.1878 0.7941
2M4W 1514 2.241 0.1963 0.7206
2M4W 1515 2.652 0.1337 0.7059
2M4W 1516 2.192 0.1234 0.7059
2M4W 1517 2.471 0.1534 0.7500
2M4W 1518 2.490 0.1473 0.7353
2M4W 1519 2.116 0.1696 0.7206
2M4W 1520 2.457 0.1395 0.7059
2M4W 1521 2.075 0.1387 0.7500
2M4W 1522 2.654 0.1979 0.7059
2M4W 1523 2.324 0.1462 0.7206
2M4W 1524 2.104 0.1525 0.7206
2M4W 1525 2.193 0.1482 0.7206
2M4W 1526 2.443 0.1188 0.7059
2M4W 1527 3.075 0.1690 0.7353
2M4W 1528 2.706 0.1529 0.6912
2M4W 1529 2.223 0.1715 0.7206
2M4W 1530 2.493 0.1388 0.7206
2M4W 1531 2.460 0.1630 0.7353
2M4W 1532 2.814 0.1721 0.6912
2M4W 1533 2.477 0.2034 0.7206
2M4W 1534 2.162 0.1724 0.7647
2M4W 1535 2.180 0.1986 0.7941
2M4W 1536 2.126 0.1983 0.7794
2M4W 1537 2.582 0.1549 0.7353
2M4W 1538 2.391 0.2300 0.7794
2M4W 1539 2.269 0.1857 0.7353
2M4W 1540 2.583 0.1277 0.6912
2M4W 1541 2.553 0.1832 0.7647
2M4W 1542 2.735 0.1746 0.6912
2M4W 1543 2.485 0.1601 0.7059
2M4W 1544 2.742 0.1432 0.6765
2M4W 1545 2.513 0.1699 0.6912
2M4W 1546 2.325 0.1745 0.7353
2M4W 1547 2.320 0.1846 0.7500
2M4W 1548 2.260 0.1623 0.7794
2M4W 1549 2.145 0.1724 0.8088
2M4W 1550 2.328 0.1754 0.7794
2M4W 1551 2.308 0.1693 0.7647
2M4W 1552 2.109 0.2218 0.8088
2M4W 1553 2.167 0.2249 0.8088
2M4W 1554 2.258 0.2359 0.7941
2M4W 1555 2.364 0.2518 0.7941
2M4W 1556 2.392 0.2428 0.7647
2M4W 1557 2.691 0.2095 0.7647
2M4W 1558 2.443 0.2433 0.7794
2M4W 1559 2.411 0.2251 0.7647
2M4W 1560 2.160 0.2194 0.7794
2M4W 1561 2.371 0.1784 0.7353
2M4W 1562 2.372 0.2343 0.7353
2M4W 1563 2.227 0.2541 0.7941
2M4W 1564 2.648 0.1916 0.7500
2M4W 1565 2.233 0.2529 0.8088
2M4W 1566 2.556 0.1437 0.7059
2M4W 1567 2.381 0.1710 0.7647
2M4W 1568 2.402 0.1991 0.7647
2M4W 1569 2.360 0.1593 0.7647
2M4W 1570 2.506 0.2081 0.7500
2M4W 1571 2.249 0.2025 0.7647
2M4W 1572 2.291 0.1725 0.7206
2M4W 1573 2.331 0.1626 0.7794
2M4W 1574 2.434 0.2130 0.7941
2M4W 1575 2.650 0.1463 0.6912
2M4W 1576 2.066 0.1793 0.7647
2M4W 1577 2.121 0.1725 0.7647
2M4W 1578 2.657 0.1420 0.6618
2M4W 1579 2.312 0.1906 0.7794
2M4W 1580 2.277 0.1798 0.7647
2M4W 1581 2.733 0.2015 0.7500
2M4W 1582 2.685 0.1503 0.6912
2M4W 1583 2.555 0.1962 0.7353
2M4W 1584 2.277 0.1893 0.7941
2M4W 1585 2.492 0.2114 0.7941
2M4W 1586 2.374 0.1999 0.8235
2M4W 1587 2.325 0.1991 0.7941
2M4W 1588 2.124 0.2023 0.8088
2M4W 1589 2.280 0.1918 0.7794
2M4W 1590 2.493 0.1631 0.7500
2M4W 1591 2.329 0.1981 0.7941
2M4W 1592 2.238 0.1736 0.7647
2M4W 1593 2.301 0.1818 0.7647
2M4W 1594 2.703 0.1555 0.7059
2M4W 1595 2.146 0.1767 0.7794
2M4W 1596 2.260 0.1584 0.7794
2M4W 1597 2.136 0.1492 0.7647
2M4W 1598 2.217 0.1549 0.7647
2M4W 1599 2.551 0.1777 0.6912
2M4W 1600 3.013 0.1694 0.6912
2M4W 1601 2.944 0.1673 0.7059
2M4W 1602 2.644 0.2109 0.7500
2M4W 1603 2.421 0.1570 0.7647
2M4W 1604 2.397 0.1990 0.7647
2M4W 1605 2.567 0.2062 0.7794
2M4W 1606 2.318 0.1851 0.7500
2M4W 1607 2.571 0.1752 0.7353
2M4W 1608 2.539 0.2401 0.7500
2M4W 1609 2.785 0.1370 0.6912
2M4W 1610 2.653 0.1286 0.7206
2M4W 1611 2.487 0.1440 0.7353
2M4W 1612 2.588 0.1778 0.7647
2M4W 1613 2.916 0.1922 0.7059
2M4W 1614 2.930 0.1693 0.7353
2M4W 1615 2.760 0.1436 0.7500
2M4W 1616 3.079 0.1465 0.6912
2M4W 1617 2.451 0.1908 0.7794
2M4W 1618 2.557 0.2161 0.7941
2M4W 1619 2.449 0.1662 0.7794
2M4W 1620 2.564 0.1967 0.7647
2M4W 1621 2.616 0.1409 0.7206
2M4W 1622 2.494 0.1600 0.7647
2M4W 1623 2.232 0.2022 0.7941
2M4W 1624 2.918 0.1529 0.7059
2M4W 1625 2.610 0.1453 0.7353
2M4W 1626 2.507 0.2019 0.7794
2M4W 1627 2.686 0.1650 0.7500
2M4W 1628 2.423 0.2155 0.7941
2M4W 1629 2.655 0.1557 0.7206
2M4W 1630 2.523 0.1640 0.7500
2M4W 1631 2.545 0.1319 0.7353
2M4W 1632 2.602 0.1774 0.7206
2M4W 1633 2.434 0.2056 0.7059
2M4W 1634 2.460 0.1650 0.7794
2M4W 1635 2.525 0.1664 0.7500
2M4W 1636 2.521 0.1654 0.7059
2M4W 1637 3.159 0.1818 0.6618
2M4W 1638 3.186 0.1440 0.6471
2M4W 1639 2.738 0.1901 0.7500
2M4W 1640 2.491 0.1802 0.7353
2M4W 1641 2.587 0.1422 0.6765
2M4W 1642 2.457 0.1758 0.7059
2M4W 1643 2.682 0.1788 0.7059
2M4W 1644 2.562 0.1792 0.7500
2M4W 1645 2.832 0.1270 0.6912
2M4W 1646 2.818 0.1864 0.7500
2M4W 1647 2.593 0.1521 0.7059
2M4W 1648 2.530 0.1930 0.7500
2M4W 1649 2.585 0.1732 0.7206
2M4W 1650 2.470 0.1909 0.7206
2M4W 1651 2.831 0.1301 0.6765
2M4W 1652 2.676 0.1240 0.7059
2M4W 1653 2.696 0.1683 0.6765
2M4W 1654 2.799 0.1331 0.7206
2M4W 1655 2.540 0.1565 0.7353
2M4W 1656 2.610 0.1988 0.7500
2M4W 1657 2.493 0.1545 0.7500
2M4W 1658 2.557 0.1606 0.7500
2M4W 1659 2.682 0.1837 0.7206
2M4W 1660 2.516 0.1758 0.7353
2M4W 1661 2.486 0.1469 0.7500
2M4W 1662 2.799 0.1676 0.6912
2M4W 1663 2.708 0.1429 0.6765
2M4W 1664 2.723 0.1651 0.6765
2M4W 1665 2.588 0.1607 0.7353
2M4W 1666 2.668 0.1511 0.6912
2M4W 1667 2.722 0.1432 0.6912
2M4W 1668 2.458 0.1539 0.7500
2M4W 1669 2.710 0.1747 0.7059
2M4W 1670 3.053 0.1292 0.6765
2M4W 1671 2.771 0.1971 0.6912
2M4W 1672 2.556 0.1223 0.7059
2M4W 1673 2.450 0.1327 0.7059
2M4W 1674 2.553 0.1588 0.7206
2M4W 1675 2.617 0.1479 0.7353
2M4W 1676 3.092 0.1664 0.6765
2M4W 1677 2.652 0.1770 0.7059
2M4W 1678 2.565 0.1522 0.7353
2M4W 1679 2.667 0.1683 0.7059
2M4W 1680 2.750 0.1729 0.7206
2M4W 1681 2.623 0.1331 0.7206
2M4W 1682 2.558 0.1734 0.7059
2M4W 1683 2.465 0.1549 0.7059
2M4W 1684 2.438 0.1326 0.7206
2M4W 1685 2.603 0.1539 0.7353
2M4W 1686 2.564 0.1603 0.7647
2M4W 1687 2.496 0.1679 0.7353
2M4W 1688 2.593 0.1463 0.7059
2M4W 1689 2.772 0.1547 0.6912
2M4W 1690 2.543 0.1535 0.6912
2M4W 1691 2.656 0.1524 0.6912
2M4W 1692 2.587 0.1692 0.7353
2M4W 1693 2.580 0.1719 0.7206
2M4W 1694 2.726 0.1752 0.6765
2M4W 1695 2.600 0.1382 0.7206
2M4W 1696 2.667 0.1916 0.7059
2M4W 1697 2.682 0.1517 0.7059
2M4W 1698 2.656 0.1477 0.6765
2M4W 1699 2.649 0.1522 0.6765
2M4W 1700 2.825 0.1753 0.7206
2M4W 1701 2.698 0.1342 0.6912
2M4W 1702 2.934 0.1207 0.6618
2M4W 1703 2.812 0.1501 0.6765
2M4W 1704 2.546 0.1466 0.7206
2M4W 1705 2.631 0.1492 0.6912
2M4W 1706 2.650 0.1325 0.6765
2M4W 1707 2.709 0.1623 0.7059
2M4W 1708 2.488 0.1848 0.7500
2M4W 1709 2.696 0.1736 0.7059
2M4W 1710 2.977 0.1696 0.6765
2M4W 1711 2.689 0.1762 0.6912
2M4W 1712 2.766 0.1930 0.7059
2M4W 1713 3.007 0.1412 0.6765
2M4W 1714 2.460 0.1463 0.7353
2M4W 1715 2.894 0.1158 0.6765
2M4W 1716 2.640 0.1550 0.6912
2M4W 1717 2.713 0.1427 0.7059
2M4W 1718 2.613 0.1353 0.7059
2M4W 1719 2.681 0.1199 0.7500
2M4W 1720 2.725 0.1260 0.7059
2M4W 1721 2.575 0.1326 0.7206
2M4W 1722 2.878 0.1754 0.6765
2M4W 1723 2.760 0.1400 0.6765
2M4W 1724 2.697 0.1635 0.7059
2M4W 1725 2.387 0.1614 0.7206
2M4W 1726 2.867 0.1817 0.6912
2M4W 1727 2.776 0.1408 0.6912
2M4W 1728 2.740 0.1863 0.6765
2M4W 1729 2.699 0.1722 0.6912
2M4W 1730 3.144 0.2159 0.6471
2M4W 1731 2.579 0.1366 0.6765
2M4W 1732 2.625 0.1341 0.7206
2M4W 1733 2.845 0.1628 0.6618
2M4W 1734 2.674 0.1356 0.7059
2M4W 1735 2.378 0.1862 0.7353
2M4W 1736 2.490 0.1404 0.6765
2M4W 1737 2.496 0.1537 0.7500
2M4W 1738 2.525 0.1406 0.7353
2M4W 1739 2.879 0.1698 0.6765
2M4W 1740 2.738 0.1335 0.6765
2M4W 1741 2.827 0.1589 0.7059
2M4W 1742 2.627 0.1596 0.6912
2M4W 1743 2.862 0.1786 0.6912
2M4W 1744 2.551 0.1652 0.7206
2M4W 1745 2.631 0.1769 0.6912
2M4W 1746 2.708 0.1303 0.7059
2M4W 1747 2.999 0.1325 0.7059
2M4W 1748 2.707 0.1697 0.7059
2M4W 1749 2.670 0.1645 0.7059
2M4W 1750 2.547 0.1461 0.7353
2M4W 1751 2.649 0.1704 0.6912
2M4W 1752 2.377 0.1973 0.7647
2M4W 1753 2.482 0.2017 0.7353
2M4W 1754 2.510 0.1612 0.7206
2M4W 1755 2.611 0.1386 0.7059
2M4W 1756 2.624 0.1925 0.7206
2M4W 1757 2.666 0.1282 0.6912
2M4W 1758 2.644 0.1655 0.7059
2M4W 1759 2.495 0.1885 0.7500
2M4W 1760 2.458 0.1531 0.7206
2M4W 1761 2.286 0.1649 0.7500
2M4W 1762 2.375 0.2436 0.7794
2M4W 1763 2.706 0.1815 0.7353
2M4W 1764 2.735 0.2579 0.7206
2M4W 1765 2.530 0.1732 0.6765
2M4W 1766 2.615 0.2293 0.7206
2M4W 1767 2.446 0.2026 0.7794
2M4W 1768 2.736 0.1663 0.7059
2M4W 1769 2.489 0.1654 0.7500
2M4W 1770 2.751 0.1415 0.7059
2M4W 1771 2.479 0.1808 0.7206
2M4W 1772 3.109 0.1842 0.7059
2M4W 1773 2.975 0.1853 0.7059
2M4W 1774 3.058 0.1633 0.6618
2M4W 1775 2.591 0.1657 0.7206
2M4W 1776 2.771 0.1785 0.6912
2M4W 1777 2.474 0.1313 0.7059
2M4W 1778 2.404 0.1760 0.7353
2M4W 1779 2.657 0.1427 0.7059
2M4W 1780 2.551 0.1723 0.7206
2M4W 1781 2.803 0.1345 0.6912
2M4W 1782 2.494 0.1768 0.7206
2M4W 1783 2.503 0.1812 0.7206
2M4W 1784 2.761 0.1553 0.7500
2M4W 1785 2.827 0.1618 0.7206
2M4W 1786 2.894 0.1781 0.6471
2M4W 1787 2.745 0.2077 0.6912
2M4W 1788 2.643 0.1730 0.7206
2M4W 1789 2.569 0.1614 0.7647
2M4W 1790 2.531 0.2222 0.7206
2M4W 1791 2.626 0.1794 0.7059
2M4W 1792 2.877 0.1675 0.7059
2M4W 1793 2.692 0.1520 0.7206
2M4W 1794 2.497 0.1826 0.7206
2M4W 1795 2.617 0.1902 0.7353
2M4W 1796 2.588 0.1512 0.7206
2M4W 1797 2.628 0.1774 0.7059
2M4W 1798 2.345 0.1799 0.7500
2M4W 1799 2.657 0.1857 0.7353
2M4W 1800 2.331 0.1929 0.7500
2M4W 1801 2.724 0.1507 0.6765
2M4W 1802 2.477 0.1484 0.7206
2M4W 1803 2.450 0.1674 0.7353
2M4W 1804 2.562 0.2094 0.7059
2M4W 1805 2.573 0.1920 0.7353
2M4W 1806 2.452 0.1863 0.7500
2M4W 1807 2.551 0.1782 0.7206
2M4W 1808 2.529 0.1451 0.7206
2M4W 1809 2.559 0.1568 0.7059
2M4W 1810 2.505 0.1707 0.7353
2M4W 1811 2.654 0.1639 0.7353
2M4W 1812 2.675 0.1469 0.7059
2M4W 1813 2.701 0.2048 0.7353
2M4W 1814 2.656 0.1343 0.6765
2M4W 1815 2.963 0.1345 0.6618
2M4W 1816 2.716 0.1391 0.6765
2M4W 1817 2.918 0.1323 0.6618
2M4W 1818 2.785 0.1839 0.6912
2M4W 1819 2.796 0.1418 0.6912
2M4W 1820 2.655 0.1757 0.7059
2M4W 1821 2.790 0.1614 0.6912
2M4W 1822 2.794 0.1556 0.7059
2M4W 1823 2.526 0.1791 0.7647
2M4W 1824 2.549 0.1810 0.7206
2M4W 1825 2.274 0.1615 0.7500
2M4W 1826 2.648 0.1451 0.6765
2M4W 1827 2.415 0.1670 0.7353
2M4W 1828 2.443 0.1883 0.7353
2M4W 1829 2.482 0.1668 0.7353
2M4W 1830 2.448 0.1400 0.7500
2M4W 1831 2.597 0.1832 0.7059
2M4W 1832 2.412 0.2022 0.7353
2M4W 1833 2.599 0.1876 0.7059
2M4W 1834 2.396 0.1919 0.7647
2M4W 1835 2.490 0.1815 0.7500
2M4W 1836 2.681 0.1553 0.6912
2M4W 1837 2.647 0.1865 0.7206
2M4W 1838 2.522 0.1679 0.7206
2M4W 1839 2.731 0.1776 0.7059
2M4W 1840 2.668 0.1959 0.7500
2M4W 1841 2.768 0.2126 0.7206
2M4W 1842 2.267 0.1382 0.7206
2M4W 1843 2.465 0.1653 0.7500
2M4W 1844 2.652 0.1653 0.7059
2M4W 1845 2.383 0.1843 0.7647
2M4W 1846 2.488 0.1395 0.6912
2M4W 1847 2.441 0.1388 0.6912
2M4W 1848 2.587 0.1915 0.7353
2M4W 1849 2.552 0.2094 0.7353
2M4W 1850 2.501 0.1598 0.6912
2M4W 1851 2.555 0.1748 0.7206
2M4W 1852 2.717 0.1534 0.6912
2M4W 1853 2.759 0.1852 0.7206
2M4W 1854 2.353 0.1610 0.7647
2M4W 1855 2.506 0.1542 0.7353
2M4W 1856 2.467 0.1943 0.7206
2M4W 1857 2.488 0.1852 0.7353
2M4W 1858 2.655 0.1428 0.7206
2M4W 1859 2.466 0.1353 0.6912
2M4W 1860 2.751 0.1476 0.6618
2M4W 1861 2.486 0.1958 0.7059
2M4W 1862 2.301 0.1760 0.7206
2M4W 1863 2.380 0.1458 0.7206
2M4W 1864 2.436 0.1807 0.7206
2M4W 1865 2.523 0.1890 0.7353
2M4W 1866 2.322 0.1405 0.7353
2M4W 1867 2.451 0.1733 0.7500
2M4W 1868 2.428 0.1790 0.7206
2M4W 1869 2.288 0.2119 0.7353
2M4W 1870 2.490 0.1340 0.7353
2M4W 1871 2.648 0.1410 0.6912
2M4W 1872 2.681 0.2120 0.7500
2M4W 1873 2.486 0.1487 0.7206
2M4W 1874 2.521 0.1558 0.7206
2M4W 1875 2.522 0.2068 0.7353
2M4W 1876 2.618 0.1698 0.7206
2M4W 1877 2.497 0.1866 0.7500
2M4W 1878 2.680 0.1660 0.7059
2M4W 1879 2.566 0.1991 0.7353
2M4W 1880 2.507 0.2129 0.7647
2M4W 1881 2.740 0.2013 0.7206
2M4W 1882 2.595 0.1871 0.7059
2M4W 1883 2.638 0.1858 0.7059
2M4W 1884 2.755 0.1820 0.6912
2M4W 1885 2.515 0.1739 0.7059
2M4W 1886 2.494 0.1435 0.7059
2M4W 1887 2.568 0.1788 0.7353
2M4W 1888 2.519 0.1997 0.7206
2M4W 1889 2.526 0.2139 0.7206
2M4W 1890 2.564 0.1768 0.7206
2M4W 1891 2.386 0.1573 0.7059
2M4W 1892 2.682 0.2082 0.7206
2M4W 1893 2.604 0.1625 0.7206
2M4W 1894 2.607 0.1628 0.7059
2M4W 1895 2.814 0.1760 0.6912
2M4W 1896 2.599 0.1441 0.7206
2M4W 1897 2.737 0.1609 0.7206
2M4W 1898 2.735 0.1519 0.7206
2M4W 1899 2.776 0.1720 0.7206
2M4W 1900 2.712 0.1492 0.6912
2M4W 1901 2.496 0.1964 0.7353
2M4W 1902 2.547 0.1500 0.7059
2M4W 1903 2.762 0.1415 0.6912
2M4W 1904 2.601 0.1523 0.7206
2M4W 1905 2.684 0.1730 0.7059
2M4W 1906 2.687 0.1405 0.7206
2M4W 1907 2.691 0.1633 0.7206
2M4W 1908 2.666 0.1370 0.6912
2M4W 1909 2.601 0.1563 0.7206
2M4W 1910 2.989 0.1853 0.6912
2M4W 1911 2.671 0.1563 0.6912
2M4W 1912 2.789 0.1713 0.7206
2M4W 1913 2.645 0.2113 0.7353
2M4W 1914 2.585 0.1772 0.7500
2M4W 1915 2.716 0.2237 0.7206
2M4W 1916 2.787 0.1705 0.7206
2M4W 1917 2.619 0.1653 0.6912
2M4W 1918 2.817 0.2094 0.7059
2M4W 1919 2.530 0.1629 0.7206
2M4W 1920 2.641 0.1946 0.7206
2M4W 1921 2.743 0.1770 0.7059
2M4W 1922 2.529 0.1651 0.7353
2M4W 1923 2.700 0.1635 0.7353
2M4W 1924 2.792 0.2053 0.7059
2M4W 1925 2.726 0.1778 0.7500
2M4W 1926 2.741 0.1753 0.7206
2M4W 1927 2.635 0.1815 0.7353
2M4W 1928 2.567 0.2070 0.7353
2M4W 1929 2.581 0.2017 0.7353
2M4W 1930 2.778 0.1914 0.7059
2M4W 1931 2.756 0.2085 0.7059
2M4W 1932 2.720 0.1661 0.7059
2M4W 1933 2.828 0.1972 0.7353
2M4W 1934 2.743 0.1324 0.6765
2M4W 1935 2.760 0.1492 0.6765
