1OW9 1 0.000 1.0000 1.0000
1OW9 2 0.963 0.4952 0.9348
1OW9 3 0.648 0.6599 0.9783
1OW9 4 0.830 0.6110 0.9457
1OW9 5 1.809 0.5268 0.8804
1OW9 6 0.790 0.5835 0.9565
1OW9 7 0.867 0.6826 0.9674
1OW9 8 0.259 0.8843 1.0000
1OW9 9 0.970 0.6708 0.9565
1OW9 10 0.770 0.6357 0.9674
1OW9 11 1.311 0.5575 0.9130
1OW9 12 9.531 0.1695 0.3587
1OW9 13 12.906 0.1128 0.3804
1OW9 14 9.070 0.1083 0.3370
1OW9 15 10.718 0.1106 0.3261
1OW9 16 12.519 0.1725 0.4130
1OW9 17 10.636 0.1633 0.4239
1OW9 18 4.996 0.1854 0.5326
1OW9 19 9.761 0.1312 0.3152
1OW9 20 11.244 0.1307 0.3152
1OW9 21 8.309 0.0955 0.3804
1OW9 22 8.675 0.1245 0.4348
1OW9 23 7.758 0.1508 0.5217
1OW9 24 9.349 0.1342 0.4239
1OW9 25 6.072 0.1890 0.4783
1OW9 26 8.349 0.1598 0.4457
1OW9 27 2.089 0.2276 0.7500
1OW9 28 4.496 0.1725 0.5652
1OW9 29 8.717 0.1527 0.4783
1OW9 30 8.037 0.1937 0.4783
1OW9 31 5.906 0.1990 0.5435
1OW9 32 8.845 0.1674 0.4348
1OW9 33 4.223 0.2224 0.6087
1OW9 34 11.392 0.1521 0.4348
1OW9 35 4.635 0.1628 0.5761
1OW9 36 3.853 0.1669 0.6196
1OW9 37 7.422 0.1727 0.4783
1OW9 38 4.840 0.1922 0.6196
1OW9 39 2.919 0.2162 0.6848
1OW9 40 4.157 0.1840 0.6196
1OW9 41 9.374 0.1573 0.4457
1OW9 42 5.498 0.2078 0.6087
1OW9 43 5.436 0.1720 0.5326
1OW9 44 5.964 0.1949 0.5761
1OW9 45 9.276 0.1972 0.5109
1OW9 46 13.336 0.2045 0.4783
1OW9 47 6.935 0.1673 0.4348
1OW9 48 9.413 0.2011 0.5000
1OW9 49 12.064 0.1597 0.4239
1OW9 50 3.968 0.2373 0.6630
1OW9 51 2.295 0.2574 0.7609
1OW9 52 9.577 0.1894 0.3152
1OW9 53 11.029 0.0823 0.3261
1OW9 54 5.820 0.1664 0.5217
1OW9 55 7.225 0.1462 0.4239
1OW9 56 6.768 0.0997 0.4130
1OW9 57 11.237 0.0944 0.2500
1OW9 58 9.685 0.1313 0.3913
1OW9 59 12.389 0.1933 0.4457
1OW9 60 6.664 0.1404 0.4457
1OW9 61 6.493 0.1358 0.4783
1OW9 62 8.501 0.1308 0.3804
1OW9 63 10.894 0.1711 0.4022
1OW9 64 10.115 0.1565 0.4022
1OW9 65 8.772 0.1187 0.4239
1OW9 66 7.876 0.1399 0.4239
1OW9 67 7.373 0.1431 0.4674
1OW9 68 8.989 0.1462 0.3804
1OW9 69 7.376 0.1964 0.4783
1OW9 70 8.024 0.1503 0.4457
1OW9 71 10.447 0.1640 0.4457
1OW9 72 5.984 0.1578 0.4783
1OW9 73 13.240 0.1596 0.4457
1OW9 74 10.380 0.1704 0.4565
1OW9 75 5.843 0.1981 0.5870
1OW9 76 4.296 0.1859 0.6087
1OW9 77 10.443 0.1771 0.4891
1OW9 78 6.328 0.1561 0.4891
1OW9 79 3.649 0.1961 0.6522
1OW9 80 8.406 0.1540 0.4130
1OW9 81 5.059 0.1671 0.5978
1OW9 82 9.991 0.1716 0.4348
1OW9 83 2.799 0.2537 0.7174
1OW9 84 2.962 0.2060 0.6957
1OW9 85 4.158 0.1964 0.6413
1OW9 86 7.789 0.2026 0.4891
1OW9 87 5.797 0.1718 0.5326
1OW9 88 5.838 0.1740 0.5326
1OW9 89 8.319 0.1938 0.5326
1OW9 90 2.477 0.2203 0.7391
1OW9 91 1.863 0.2726 0.7935
1OW9 92 7.854 0.0900 0.3478
1OW9 93 8.614 0.1002 0.3043
1OW9 94 7.530 0.1879 0.5000
1OW9 95 8.333 0.1595 0.4239
1OW9 96 10.349 0.1257 0.3696
1OW9 97 10.916 0.1311 0.2935
1OW9 98 11.513 0.1094 0.3370
1OW9 99 6.826 0.1475 0.4674
1OW9 100 11.282 0.1453 0.3478
1OW9 101 8.738 0.1200 0.4348
1OW9 102 11.290 0.1793 0.4674
1OW9 103 8.602 0.1309 0.4348
1OW9 104 11.890 0.1822 0.4239
1OW9 105 7.198 0.1991 0.5109
1OW9 106 3.275 0.2181 0.6739
1OW9 107 11.939 0.1804 0.4239
1OW9 108 9.815 0.1805 0.4565
1OW9 109 3.927 0.1688 0.5761
1OW9 110 10.366 0.1666 0.4457
1OW9 111 7.625 0.1615 0.4239
1OW9 112 4.601 0.1693 0.5761
1OW9 113 9.789 0.1483 0.4348
1OW9 114 2.543 0.2181 0.7065
1OW9 115 10.629 0.1797 0.4457
1OW9 116 4.288 0.1886 0.5870
1OW9 117 13.530 0.1430 0.3804
1OW9 118 7.654 0.1634 0.4565
1OW9 119 3.166 0.2153 0.6739
1OW9 120 9.332 0.1394 0.3696
1OW9 121 7.279 0.1515 0.5109
1OW9 122 6.543 0.1744 0.5217
1OW9 123 5.539 0.1777 0.5435
1OW9 124 6.338 0.1630 0.5217
1OW9 125 3.542 0.2121 0.6739
1OW9 126 10.020 0.2193 0.4565
1OW9 127 6.102 0.1558 0.5761
1OW9 128 5.300 0.1879 0.5978
1OW9 129 1.973 0.2992 0.7826
1OW9 130 4.993 0.2048 0.6413
1OW9 131 2.829 0.2620 0.7609
1OW9 132 10.050 0.0896 0.3478
1OW9 133 9.190 0.2075 0.4783
1OW9 134 11.009 0.1398 0.3804
1OW9 135 9.676 0.1540 0.4457
1OW9 136 12.303 0.1493 0.4022
1OW9 137 3.469 0.2240 0.6522
1OW9 138 7.794 0.1901 0.4674
1OW9 139 7.464 0.1526 0.4457
1OW9 140 6.742 0.2088 0.5543
1OW9 141 7.420 0.1313 0.4457
1OW9 142 10.710 0.2099 0.4348
1OW9 143 5.564 0.1763 0.5217
1OW9 144 4.972 0.1751 0.5761
1OW9 145 4.255 0.1691 0.5761
1OW9 146 2.998 0.2102 0.6304
1OW9 147 4.605 0.2235 0.6196
1OW9 148 8.319 0.1714 0.4783
1OW9 149 8.424 0.1532 0.4783
1OW9 150 8.901 0.2597 0.5326
1OW9 151 9.803 0.1496 0.4348
1OW9 152 8.783 0.1394 0.4130
1OW9 153 8.580 0.2013 0.5000
1OW9 154 2.340 0.2770 0.7500
1OW9 155 10.682 0.1894 0.4891
1OW9 156 3.055 0.2267 0.7065
1OW9 157 4.890 0.1481 0.5326
1OW9 158 2.260 0.2360 0.7391
1OW9 159 9.620 0.1776 0.4891
1OW9 160 9.827 0.1817 0.4783
1OW9 161 7.256 0.2337 0.5217
1OW9 162 2.786 0.2296 0.7065
1OW9 163 2.919 0.2826 0.7174
1OW9 164 3.572 0.1843 0.6522
1OW9 165 7.240 0.2175 0.5543
1OW9 166 10.253 0.1791 0.4783
1OW9 167 3.373 0.2009 0.6522
1OW9 168 4.321 0.1803 0.5978
1OW9 169 6.304 0.2677 0.5326
1OW9 170 3.297 0.2656 0.7065
1OW9 171 3.472 0.2153 0.6630
1OW9 172 6.587 0.1414 0.4457
1OW9 173 9.776 0.0745 0.2935
1OW9 174 9.626 0.1553 0.4891
1OW9 175 10.461 0.1438 0.3913
1OW9 176 9.819 0.1747 0.4130
1OW9 177 9.658 0.1689 0.4130
1OW9 178 8.549 0.1635 0.4457
1OW9 179 6.053 0.1750 0.5109
1OW9 180 3.401 0.2302 0.6739
1OW9 181 6.780 0.1266 0.4783
1OW9 182 8.528 0.1499 0.3913
1OW9 183 10.947 0.1718 0.4130
1OW9 184 7.509 0.1701 0.4891
1OW9 185 12.351 0.1609 0.4457
1OW9 186 10.659 0.1054 0.3804
1OW9 187 8.104 0.1369 0.3913
1OW9 188 12.472 0.1416 0.3696
1OW9 189 6.674 0.1564 0.5000
1OW9 190 5.863 0.1453 0.4457
1OW9 191 3.855 0.2417 0.6304
1OW9 192 5.405 0.2476 0.6087
1OW9 193 5.450 0.1939 0.5543
1OW9 194 8.434 0.1622 0.4674
1OW9 195 10.703 0.1524 0.4022
1OW9 196 2.870 0.1989 0.6848
1OW9 197 5.943 0.2018 0.5435
1OW9 198 4.863 0.2252 0.5870
1OW9 199 6.476 0.1592 0.5217
1OW9 200 9.808 0.1676 0.3804
1OW9 201 9.731 0.1461 0.3804
1OW9 202 5.177 0.2051 0.5543
1OW9 203 3.792 0.2140 0.6304
1OW9 204 3.138 0.1841 0.6522
1OW9 205 8.053 0.1388 0.4674
1OW9 206 9.147 0.2173 0.5109
1OW9 207 2.994 0.2283 0.7065
1OW9 208 2.053 0.2539 0.7717
1OW9 209 3.868 0.2455 0.6630
1OW9 210 3.671 0.2365 0.6739
1OW9 211 3.288 0.2386 0.6739
1OW9 212 7.066 0.1548 0.4891
1OW9 213 13.348 0.1286 0.4022
1OW9 214 8.698 0.1739 0.4022
1OW9 215 8.599 0.1569 0.4457
1OW9 216 3.936 0.1596 0.5870
1OW9 217 11.127 0.1641 0.4130
1OW9 218 9.769 0.1445 0.4130
1OW9 219 6.725 0.1748 0.4674
1OW9 220 4.375 0.1708 0.6087
1OW9 221 8.048 0.1526 0.4130
1OW9 222 10.046 0.1983 0.4674
1OW9 223 10.089 0.1613 0.4457
1OW9 224 10.316 0.1109 0.4674
1OW9 225 10.484 0.1902 0.4891
1OW9 226 10.126 0.1430 0.4130
1OW9 227 3.863 0.1737 0.5870
1OW9 228 9.015 0.1480 0.4022
1OW9 229 3.734 0.2109 0.6196
1OW9 230 9.959 0.1634 0.4565
1OW9 231 8.276 0.1621 0.4130
1OW9 232 11.658 0.1322 0.3804
1OW9 233 8.826 0.1841 0.5109
1OW9 234 3.420 0.2161 0.6087
1OW9 235 8.487 0.1968 0.4239
1OW9 236 5.384 0.1367 0.5109
1OW9 237 4.694 0.1717 0.5870
1OW9 238 6.247 0.1269 0.4891
1OW9 239 7.561 0.1444 0.4022
1OW9 240 12.109 0.1443 0.3804
1OW9 241 3.464 0.1925 0.6522
1OW9 242 5.031 0.1643 0.5326
1OW9 243 9.928 0.1928 0.4891
1OW9 244 2.822 0.2411 0.7283
1OW9 245 9.674 0.1400 0.4348
1OW9 246 3.205 0.2315 0.7174
1OW9 247 3.854 0.2370 0.6304
1OW9 248 3.367 0.1939 0.6413
1OW9 249 7.200 0.1970 0.4891
1OW9 250 2.919 0.2137 0.7065
1OW9 251 3.164 0.1980 0.6413
1OW9 252 10.118 0.1369 0.3478
1OW9 253 12.861 0.1448 0.3370
1OW9 254 9.717 0.1723 0.4457
1OW9 255 8.507 0.1374 0.4130
1OW9 256 8.729 0.0962 0.3370
1OW9 257 11.574 0.1539 0.4022
1OW9 258 10.361 0.1426 0.4457
1OW9 259 9.699 0.1214 0.4022
1OW9 260 8.610 0.1673 0.4348
1OW9 261 8.332 0.1282 0.4457
1OW9 262 4.200 0.1528 0.5652
1OW9 263 8.639 0.1451 0.3913
1OW9 264 9.344 0.1705 0.4565
1OW9 265 6.587 0.1501 0.4348
1OW9 266 8.878 0.1649 0.4565
1OW9 267 5.766 0.1960 0.5326
1OW9 268 5.093 0.2047 0.5652
1OW9 269 7.513 0.1984 0.5000
1OW9 270 9.382 0.1777 0.4783
1OW9 271 6.763 0.1768 0.5000
1OW9 272 11.261 0.2277 0.4565
1OW9 273 5.402 0.1791 0.5435
1OW9 274 3.511 0.1789 0.6196
1OW9 275 7.623 0.2054 0.5000
1OW9 276 5.164 0.1698 0.5870
1OW9 277 6.630 0.1743 0.5435
1OW9 278 6.935 0.1945 0.5000
1OW9 279 9.829 0.1856 0.4565
1OW9 280 4.737 0.2008 0.5761
1OW9 281 3.929 0.2088 0.6739
1OW9 282 2.345 0.1902 0.7174
1OW9 283 8.430 0.1487 0.4457
1OW9 284 4.258 0.1764 0.6196
1OW9 285 2.474 0.2799 0.7283
1OW9 286 2.427 0.2295 0.7283
1OW9 287 2.620 0.2436 0.7500
1OW9 288 4.898 0.1934 0.5870
1OW9 289 8.544 0.1740 0.4565
1OW9 290 2.841 0.2292 0.7391
1OW9 291 2.737 0.2531 0.7500
1OW9 292 11.197 0.1024 0.2826
1OW9 293 9.119 0.0997 0.3043
1OW9 294 9.609 0.1098 0.3696
1OW9 295 8.243 0.1715 0.4348
1OW9 296 8.539 0.1473 0.4022
1OW9 297 12.136 0.1765 0.4348
1OW9 298 9.080 0.1696 0.4022
1OW9 299 8.290 0.1618 0.4348
1OW9 300 7.764 0.1398 0.4130
1OW9 301 13.607 0.1530 0.4239
1OW9 302 9.900 0.1552 0.4130
1OW9 303 10.226 0.1826 0.4457
1OW9 304 9.393 0.1682 0.4457
1OW9 305 10.575 0.1693 0.4348
1OW9 306 5.361 0.1856 0.5543
1OW9 307 7.671 0.1441 0.4457
1OW9 308 10.827 0.1616 0.4130
1OW9 309 9.079 0.1430 0.4022
1OW9 310 12.110 0.1674 0.4783
1OW9 311 7.869 0.1688 0.4348
1OW9 312 5.741 0.1664 0.5435
1OW9 313 8.891 0.1777 0.4565
1OW9 314 9.934 0.1385 0.4239
1OW9 315 7.697 0.2148 0.5109
1OW9 316 11.052 0.1711 0.4022
1OW9 317 7.593 0.1348 0.4457
1OW9 318 6.055 0.1819 0.5000
1OW9 319 6.931 0.1947 0.4891
1OW9 320 3.050 0.2076 0.6630
1OW9 321 4.944 0.1836 0.5435
1OW9 322 3.321 0.2201 0.6630
1OW9 323 10.084 0.1975 0.4457
1OW9 324 11.503 0.2091 0.4239
1OW9 325 2.863 0.1759 0.6739
1OW9 326 7.337 0.1967 0.5109
1OW9 327 6.643 0.1997 0.5435
1OW9 328 12.225 0.1469 0.4457
1OW9 329 4.587 0.2030 0.6196
1OW9 330 6.523 0.2056 0.5109
1OW9 331 10.473 0.1433 0.4022
1OW9 332 10.413 0.1502 0.3043
1OW9 333 9.955 0.1006 0.3478
1OW9 334 7.082 0.1628 0.4891
1OW9 335 13.274 0.1103 0.3478
1OW9 336 8.234 0.1811 0.5000
1OW9 337 8.774 0.2061 0.4783
1OW9 338 5.437 0.1630 0.5217
1OW9 339 4.702 0.1633 0.5435
1OW9 340 9.373 0.1504 0.4239
1OW9 341 7.827 0.1591 0.4130
1OW9 342 7.173 0.1260 0.4891
1OW9 343 10.046 0.1556 0.4674
1OW9 344 6.553 0.1556 0.4565
1OW9 345 6.385 0.1799 0.5978
1OW9 346 4.796 0.1765 0.5870
1OW9 347 10.439 0.1827 0.4565
1OW9 348 12.097 0.1639 0.4348
1OW9 349 5.167 0.1736 0.5217
1OW9 350 6.687 0.1784 0.4783
1OW9 351 9.045 0.1669 0.4783
1OW9 352 6.230 0.1917 0.5217
1OW9 353 11.033 0.1794 0.4348
1OW9 354 8.417 0.1736 0.4783
1OW9 355 7.401 0.1976 0.5217
1OW9 356 10.407 0.1311 0.4239
1OW9 357 9.049 0.2166 0.4565
1OW9 358 5.467 0.1642 0.5761
1OW9 359 9.092 0.1519 0.4239
1OW9 360 11.131 0.1474 0.4239
1OW9 361 4.069 0.1971 0.6304
1OW9 362 9.835 0.1950 0.4783
1OW9 363 6.642 0.2524 0.5652
1OW9 364 3.652 0.2130 0.6413
1OW9 365 2.981 0.1849 0.6522
1OW9 366 6.123 0.2300 0.5870
1OW9 367 3.386 0.2107 0.6304
1OW9 368 3.775 0.2406 0.6522
1OW9 369 4.421 0.1857 0.5870
1OW9 370 4.293 0.1953 0.6196
1OW9 371 10.222 0.2039 0.4783
1OW9 372 8.661 0.1467 0.4239
1OW9 373 11.063 0.1088 0.3370
1OW9 374 10.930 0.1134 0.3478
1OW9 375 9.622 0.1005 0.3587
1OW9 376 7.168 0.1746 0.4674
1OW9 377 9.484 0.1461 0.4239
1OW9 378 10.734 0.1797 0.4348
1OW9 379 8.207 0.1257 0.4022
1OW9 380 11.294 0.1866 0.4783
1OW9 381 8.164 0.1652 0.4348
1OW9 382 10.538 0.1557 0.4130
1OW9 383 9.837 0.1647 0.3913
1OW9 384 10.456 0.1077 0.3478
1OW9 385 10.660 0.1603 0.3804
1OW9 386 8.802 0.1618 0.3913
1OW9 387 9.052 0.1462 0.4348
1OW9 388 5.069 0.1940 0.5543
1OW9 389 4.742 0.1668 0.5652
1OW9 390 7.304 0.2253 0.5217
1OW9 391 11.766 0.1161 0.3152
1OW9 392 4.694 0.1444 0.5217
1OW9 393 12.758 0.1629 0.4022
1OW9 394 4.839 0.1779 0.5652
1OW9 395 6.982 0.1495 0.5217
1OW9 396 3.846 0.1686 0.5870
1OW9 397 13.114 0.1739 0.4130
1OW9 398 7.966 0.1950 0.4565
1OW9 399 10.775 0.2229 0.4891
1OW9 400 10.650 0.1639 0.4565
1OW9 401 5.022 0.1692 0.5761
1OW9 402 5.026 0.1654 0.5326
1OW9 403 2.752 0.2363 0.7174
1OW9 404 6.058 0.1653 0.5109
1OW9 405 6.887 0.1951 0.4891
1OW9 406 2.462 0.2452 0.7283
1OW9 407 2.235 0.2461 0.7717
1OW9 408 2.085 0.2566 0.7717
1OW9 409 7.499 0.2137 0.5652
1OW9 410 2.178 0.2599 0.7609
1OW9 411 3.248 0.2514 0.6739
1OW9 412 1.069 0.4394 0.9239
1OW9 413 1.229 0.3717 0.8804
1OW9 414 1.325 0.3830 0.8804
1OW9 415 1.339 0.3902 0.8696
1OW9 416 1.450 0.3705 0.8696
1OW9 417 1.463 0.3756 0.8587
1OW9 418 1.481 0.3697 0.8696
1OW9 419 1.483 0.3648 0.8587
1OW9 420 1.508 0.3591 0.8478
1OW9 421 1.484 0.3639 0.8478
1OW9 422 1.503 0.3532 0.8478
1OW9 423 1.503 0.3548 0.8587
1OW9 424 1.504 0.3557 0.8696
1OW9 425 1.503 0.3525 0.8478
1OW9 426 1.498 0.3585 0.8587
1OW9 427 1.504 0.3571 0.8587
1OW9 428 1.505 0.3589 0.8478
1OW9 429 1.519 0.3538 0.8478
1OW9 430 1.501 0.3616 0.8478
1OW9 431 1.490 0.3613 0.8478
1OW9 432 1.489 0.3601 0.8587
1OW9 433 1.500 0.3579 0.8478
1OW9 434 1.503 0.3573 0.8478
1OW9 435 1.506 0.3562 0.8478
1OW9 436 1.510 0.3551 0.8478
1OW9 437 1.510 0.3528 0.8478
1OW9 438 1.519 0.3506 0.8478
1OW9 439 1.507 0.3520 0.8478
1OW9 440 1.489 0.3571 0.8587
1OW9 441 1.498 0.3578 0.8478
1OW9 442 1.491 0.3591 0.8587
1OW9 443 1.493 0.3580 0.8478
1OW9 444 1.493 0.3641 0.8587
1OW9 445 1.506 0.3485 0.8587
1OW9 446 1.476 0.3644 0.8587
1OW9 447 1.459 0.3676 0.8587
1OW9 448 1.484 0.3617 0.8587
1OW9 449 1.481 0.3650 0.8587
1OW9 450 1.481 0.3645 0.8478
1OW9 451 1.484 0.3601 0.8478
1OW9 452 1.494 0.3641 0.8587
1OW9 453 1.491 0.3671 0.8696
1OW9 454 1.503 0.3684 0.8478
1OW9 455 1.505 0.3549 0.8478
1OW9 456 1.524 0.3544 0.8370
1OW9 457 1.535 0.3542 0.8370
1OW9 458 1.517 0.3472 0.8478
1OW9 459 1.496 0.3564 0.8587
1OW9 460 1.521 0.3477 0.8478
1OW9 461 1.507 0.3496 0.8587
1OW9 462 1.511 0.3497 0.8478
1OW9 463 1.524 0.3480 0.8696
1OW9 464 1.519 0.3438 0.8478
1OW9 465 1.489 0.3591 0.8478
1OW9 466 1.517 0.3521 0.8478
1OW9 467 1.510 0.3638 0.8478
1OW9 468 1.544 0.3520 0.8587
1OW9 469 1.498 0.3611 0.8587
1OW9 470 1.511 0.3555 0.8696
1OW9 471 1.500 0.3522 0.8587
1OW9 472 1.493 0.3592 0.8587
1OW9 473 1.494 0.3615 0.8587
1OW9 474 1.503 0.3462 0.8587
1OW9 475 1.503 0.3558 0.8587
1OW9 476 1.474 0.3556 0.8696
1OW9 477 1.514 0.3538 0.8587
1OW9 478 1.480 0.3598 0.8478
1OW9 479 1.503 0.3585 0.8478
1OW9 480 1.519 0.3578 0.8478
1OW9 481 1.537 0.3616 0.8370
1OW9 482 1.522 0.3626 0.8370
1OW9 483 1.522 0.3511 0.8478
1OW9 484 1.546 0.3582 0.8478
1OW9 485 1.523 0.3620 0.8478
1OW9 486 1.544 0.3503 0.8370
1OW9 487 1.531 0.3584 0.8370
1OW9 488 1.543 0.3453 0.8370
1OW9 489 1.507 0.3509 0.8478
1OW9 490 1.491 0.3531 0.8587
1OW9 491 1.519 0.3649 0.8370
1OW9 492 1.507 0.3528 0.8370
1OW9 493 1.518 0.3473 0.8261
1OW9 494 1.548 0.3687 0.8370
1OW9 495 1.578 0.3416 0.8370
1OW9 496 1.554 0.3391 0.8370
1OW9 497 1.517 0.3598 0.8370
1OW9 498 1.574 0.3471 0.8370
1OW9 499 1.564 0.3453 0.8478
1OW9 500 1.576 0.3511 0.8370
1OW9 501 1.573 0.3369 0.8261
1OW9 502 1.523 0.3622 0.8587
1OW9 503 1.557 0.3684 0.8696
1OW9 504 1.548 0.3634 0.8370
1OW9 505 1.552 0.3612 0.8478
1OW9 506 1.537 0.3626 0.8478
1OW9 507 1.515 0.3591 0.8478
1OW9 508 1.564 0.3613 0.8478
1OW9 509 1.560 0.3612 0.8370
1OW9 510 1.588 0.3612 0.8587
1OW9 511 1.527 0.3619 0.8587
1OW9 512 1.524 0.3619 0.8696
1OW9 513 1.544 0.3593 0.8478
1OW9 514 1.537 0.3699 0.8587
1OW9 515 1.592 0.3475 0.8478
1OW9 516 1.525 0.3559 0.8587
1OW9 517 1.585 0.3409 0.8370
1OW9 518 1.587 0.3562 0.8478
1OW9 519 1.619 0.3478 0.8370
1OW9 520 1.658 0.3419 0.8587
1OW9 521 1.702 0.3129 0.8370
1OW9 522 1.707 0.3246 0.8261
1OW9 523 1.701 0.3142 0.8152
1OW9 524 1.766 0.2968 0.8152
1OW9 525 1.787 0.2907 0.8152
1OW9 526 1.786 0.2991 0.8043
1OW9 527 1.856 0.2942 0.7826
1OW9 528 1.796 0.3017 0.8043
1OW9 529 1.822 0.2834 0.8043
1OW9 530 1.812 0.2861 0.7935
1OW9 531 1.810 0.2921 0.7826
1OW9 532 1.794 0.3175 0.8261
1OW9 533 1.886 0.2794 0.7826
1OW9 534 1.865 0.2918 0.7935
1OW9 535 1.867 0.3110 0.7826
1OW9 536 1.870 0.2820 0.7935
1OW9 537 1.853 0.2921 0.7935
1OW9 538 1.923 0.3011 0.8043
1OW9 539 1.968 0.2753 0.7935
1OW9 540 1.919 0.2878 0.7935
1OW9 541 2.016 0.2578 0.7717
1OW9 542 1.917 0.2758 0.7717
1OW9 543 1.868 0.2842 0.7717
1OW9 544 1.878 0.2709 0.7826
1OW9 545 1.946 0.2741 0.7717
1OW9 546 1.936 0.2736 0.7717
1OW9 547 1.938 0.2629 0.7826
1OW9 548 1.955 0.2730 0.7717
1OW9 549 2.022 0.2683 0.7826
1OW9 550 1.929 0.2731 0.7826
1OW9 551 1.904 0.2744 0.7826
1OW9 552 1.913 0.2642 0.7826
1OW9 553 1.921 0.2681 0.7826
1OW9 554 1.879 0.2912 0.8043
1OW9 555 1.919 0.2650 0.7826
1OW9 556 1.909 0.2683 0.7826
1OW9 557 1.967 0.2629 0.7717
1OW9 558 1.896 0.2667 0.7717
1OW9 559 1.935 0.2732 0.7826
1OW9 560 1.912 0.2769 0.7717
1OW9 561 1.899 0.2565 0.7717
1OW9 562 1.921 0.2759 0.7717
1OW9 563 1.915 0.2723 0.7826
1OW9 564 1.949 0.2689 0.7826
1OW9 565 1.924 0.2830 0.7717
1OW9 566 2.024 0.2654 0.7717
1OW9 567 1.999 0.2617 0.7717
1OW9 568 1.938 0.2638 0.7826
1OW9 569 1.976 0.2715 0.7717
1OW9 570 2.008 0.2611 0.7717
1OW9 571 1.926 0.2813 0.7717
1OW9 572 1.972 0.2808 0.7826
1OW9 573 1.963 0.2682 0.7717
1OW9 574 2.066 0.2468 0.7717
1OW9 575 1.892 0.2817 0.7717
1OW9 576 1.946 0.2745 0.7826
1OW9 577 1.952 0.2619 0.7826
1OW9 578 1.921 0.2872 0.7826
1OW9 579 1.912 0.2710 0.7826
1OW9 580 1.993 0.2555 0.7717
1OW9 581 1.907 0.2863 0.7826
1OW9 582 1.922 0.2787 0.7935
1OW9 583 1.944 0.2739 0.7717
1OW9 584 1.903 0.2735 0.7717
1OW9 585 1.940 0.2696 0.7717
1OW9 586 1.990 0.2575 0.7717
1OW9 587 1.895 0.2734 0.7826
1OW9 588 1.953 0.2767 0.8043
1OW9 589 1.918 0.2696 0.7717
1OW9 590 1.934 0.2682 0.7935
1OW9 591 1.980 0.2579 0.7717
1OW9 592 1.930 0.2801 0.7826
1OW9 593 2.028 0.2758 0.7826
1OW9 594 1.947 0.2970 0.8043
1OW9 595 2.009 0.2855 0.7826
1OW9 596 1.954 0.3037 0.7935
1OW9 597 2.054 0.2853 0.7826
1OW9 598 1.998 0.3185 0.8043
1OW9 599 2.119 0.2845 0.7826
1OW9 600 2.112 0.2884 0.7717
1OW9 601 2.122 0.2964 0.7935
1OW9 602 2.092 0.2628 0.7717
1OW9 603 2.192 0.2465 0.7717
1OW9 604 2.246 0.2414 0.7717
1OW9 605 2.121 0.2952 0.7826
1OW9 606 2.178 0.2570 0.7717
1OW9 607 2.115 0.2757 0.7717
1OW9 608 2.142 0.2660 0.7717
1OW9 609 2.230 0.2609 0.7609
1OW9 610 2.142 0.2754 0.7717
1OW9 611 2.034 0.2694 0.7609
1OW9 612 2.220 0.2453 0.7609
1OW9 613 2.115 0.2672 0.7609
1OW9 614 2.187 0.2550 0.7609
1OW9 615 2.073 0.2636 0.7609
1OW9 616 2.157 0.2474 0.7717
1OW9 617 2.147 0.2663 0.7717
1OW9 618 2.056 0.2752 0.7826
1OW9 619 2.110 0.2580 0.7609
1OW9 620 2.252 0.2645 0.7500
1OW9 621 2.152 0.2665 0.7717
1OW9 622 2.255 0.2518 0.7500
1OW9 623 2.122 0.2564 0.7609
1OW9 624 2.096 0.2664 0.7500
1OW9 625 2.203 0.2572 0.7717
1OW9 626 2.163 0.2569 0.7609
1OW9 627 2.180 0.2569 0.7717
1OW9 628 2.169 0.2533 0.7609
1OW9 629 2.148 0.2494 0.7609
1OW9 630 2.110 0.2675 0.7826
1OW9 631 2.132 0.2598 0.7717
1OW9 632 2.146 0.2881 0.7826
1OW9 633 2.146 0.2594 0.7717
1OW9 634 2.086 0.2774 0.7609
1OW9 635 2.141 0.2729 0.7717
1OW9 636 2.230 0.2566 0.7717
1OW9 637 2.066 0.2938 0.7717
1OW9 638 2.223 0.2573 0.7717
1OW9 639 2.145 0.2832 0.7826
1OW9 640 2.134 0.2877 0.7826
1OW9 641 2.130 0.2654 0.7717
1OW9 642 2.146 0.2752 0.7717
1OW9 643 2.179 0.2724 0.7717
1OW9 644 2.243 0.2416 0.7500
1OW9 645 2.120 0.2787 0.7935
1OW9 646 2.133 0.2725 0.7826
1OW9 647 2.189 0.2767 0.7826
1OW9 648 2.092 0.2802 0.7717
1OW9 649 2.195 0.2440 0.7609
1OW9 650 2.079 0.2973 0.7935
1OW9 651 2.008 0.2972 0.7826
1OW9 652 2.053 0.2929 0.7826
1OW9 653 2.247 0.2738 0.7609
1OW9 654 2.160 0.2701 0.7609
1OW9 655 2.033 0.2876 0.7826
1OW9 656 2.111 0.2710 0.7609
1OW9 657 2.046 0.3158 0.7935
1OW9 658 2.103 0.2779 0.7609
1OW9 659 2.136 0.2779 0.7826
1OW9 660 2.137 0.2764 0.7717
1OW9 661 2.209 0.2719 0.7609
1OW9 662 2.198 0.2596 0.7609
1OW9 663 2.108 0.2849 0.7826
1OW9 664 2.154 0.2548 0.7500
1OW9 665 2.182 0.2741 0.7609
1OW9 666 2.118 0.2888 0.7826
1OW9 667 2.162 0.2864 0.7717
1OW9 668 2.158 0.2765 0.7935
1OW9 669 2.210 0.2711 0.7717
1OW9 670 2.065 0.3086 0.7935
1OW9 671 2.122 0.2855 0.7826
1OW9 672 2.090 0.2916 0.7826
1OW9 673 2.191 0.2621 0.7609
1OW9 674 2.207 0.2542 0.7717
1OW9 675 2.024 0.2684 0.7717
1OW9 676 2.161 0.2533 0.7609
1OW9 677 2.039 0.2736 0.7717
1OW9 678 2.104 0.2713 0.7717
1OW9 679 2.120 0.2966 0.7826
1OW9 680 2.121 0.2962 0.7826
1OW9 681 2.167 0.2699 0.7717
1OW9 682 2.061 0.2836 0.7826
1OW9 683 2.176 0.2976 0.7717
1OW9 684 2.181 0.2738 0.7717
1OW9 685 2.068 0.2965 0.7826
1OW9 686 2.266 0.2550 0.7717
1OW9 687 2.192 0.2564 0.7717
1OW9 688 2.200 0.3055 0.7826
1OW9 689 2.266 0.2602 0.7609
1OW9 690 2.198 0.2777 0.7717
1OW9 691 2.156 0.2739 0.7717
1OW9 692 2.207 0.2817 0.7717
1OW9 693 2.161 0.2483 0.7717
1OW9 694 2.104 0.3058 0.7826
1OW9 695 2.213 0.2800 0.7609
1OW9 696 2.179 0.2713 0.7609
1OW9 697 2.023 0.2776 0.7717
1OW9 698 2.299 0.2528 0.7609
1OW9 699 2.224 0.2576 0.7609
1OW9 700 2.136 0.2679 0.7717
1OW9 701 2.229 0.2528 0.7717
1OW9 702 2.145 0.2775 0.7826
1OW9 703 2.190 0.2570 0.7609
1OW9 704 2.179 0.2708 0.7826
1OW9 705 2.295 0.2522 0.7609
1OW9 706 2.067 0.2986 0.7935
1OW9 707 2.208 0.2395 0.7500
1OW9 708 2.173 0.2709 0.7826
1OW9 709 2.175 0.2712 0.7826
1OW9 710 2.146 0.2668 0.7717
1OW9 711 2.091 0.2610 0.7717
1OW9 712 2.309 0.2695 0.7609
1OW9 713 2.388 0.2707 0.7609
1OW9 714 2.280 0.2620 0.7609
1OW9 715 2.406 0.2456 0.7609
1OW9 716 2.184 0.2804 0.7609
1OW9 717 2.385 0.2581 0.7609
1OW9 718 2.194 0.2653 0.7609
1OW9 719 2.216 0.2645 0.7717
1OW9 720 2.280 0.2855 0.7500
1OW9 721 2.289 0.2784 0.7500
1OW9 722 2.218 0.2726 0.7717
1OW9 723 2.276 0.2619 0.7717
1OW9 724 2.251 0.2578 0.7609
1OW9 725 2.223 0.2846 0.7717
1OW9 726 2.273 0.2753 0.7717
1OW9 727 2.345 0.2781 0.7826
1OW9 728 2.365 0.2733 0.7500
1OW9 729 2.297 0.2855 0.7609
1OW9 730 2.251 0.2628 0.7609
1OW9 731 2.172 0.2833 0.7717
1OW9 732 2.469 0.2518 0.7500
1OW9 733 2.235 0.2497 0.7717
1OW9 734 2.084 0.2702 0.7717
1OW9 735 2.308 0.3033 0.7826
1OW9 736 2.268 0.2892 0.7826
1OW9 737 2.219 0.3164 0.7935
1OW9 738 2.264 0.2676 0.7826
1OW9 739 2.239 0.3094 0.7826
1OW9 740 2.134 0.3011 0.7826
1OW9 741 2.259 0.2751 0.7826
1OW9 742 2.200 0.3220 0.7717
1OW9 743 2.412 0.2983 0.7609
1OW9 744 2.279 0.2811 0.7609
1OW9 745 2.255 0.2958 0.7826
1OW9 746 2.186 0.2854 0.7826
1OW9 747 2.193 0.2744 0.7500
1OW9 748 2.216 0.2690 0.7609
1OW9 749 2.217 0.2533 0.7717
1OW9 750 2.265 0.3058 0.7826
1OW9 751 2.302 0.2955 0.7717
1OW9 752 2.159 0.3037 0.7717
1OW9 753 2.269 0.2553 0.7717
1OW9 754 2.175 0.2878 0.7826
1OW9 755 2.412 0.2744 0.7609
1OW9 756 2.205 0.2722 0.7826
1OW9 757 2.303 0.3234 0.7717
1OW9 758 2.277 0.2528 0.7717
1OW9 759 2.310 0.2736 0.7826
1OW9 760 2.333 0.2817 0.7500
1OW9 761 2.546 0.2869 0.7609
1OW9 762 2.371 0.2611 0.7609
1OW9 763 2.288 0.3011 0.7826
1OW9 764 2.292 0.2494 0.7826
1OW9 765 2.276 0.2850 0.7609
1OW9 766 2.366 0.2892 0.7609
1OW9 767 2.288 0.2804 0.7717
1OW9 768 2.471 0.2664 0.7717
1OW9 769 2.544 0.2766 0.7717
1OW9 770 2.101 0.2785 0.7826
1OW9 771 2.349 0.2673 0.7609
1OW9 772 2.214 0.2825 0.7717
1OW9 773 2.371 0.2699 0.7500
1OW9 774 2.316 0.2505 0.7500
1OW9 775 2.220 0.2689 0.7826
1OW9 776 2.236 0.3058 0.7826
1OW9 777 2.301 0.2602 0.7609
1OW9 778 2.247 0.2819 0.7935
1OW9 779 2.209 0.3072 0.7935
1OW9 780 2.195 0.3096 0.7826
1OW9 781 2.247 0.2849 0.7609
1OW9 782 2.232 0.2822 0.7717
1OW9 783 2.256 0.2930 0.7826
1OW9 784 2.304 0.2708 0.7826
1OW9 785 2.305 0.2455 0.7609
1OW9 786 2.198 0.2811 0.7826
1OW9 787 2.268 0.2818 0.7826
1OW9 788 2.012 0.3337 0.8152
1OW9 789 2.126 0.2975 0.7935
1OW9 790 2.326 0.3079 0.7717
1OW9 791 2.276 0.2678 0.7609
1OW9 792 2.289 0.2947 0.7717
1OW9 793 2.226 0.2614 0.7826
1OW9 794 2.357 0.3007 0.7717
1OW9 795 2.257 0.3088 0.7935
1OW9 796 2.192 0.2837 0.7935
1OW9 797 2.067 0.3091 0.7935
1OW9 798 2.438 0.2549 0.7500
1OW9 799 2.267 0.2598 0.7717
1OW9 800 2.271 0.2702 0.7717
1OW9 801 2.165 0.2853 0.7826
1OW9 802 2.413 0.2620 0.7609
1OW9 803 2.277 0.2663 0.7609
1OW9 804 2.320 0.2595 0.7500
1OW9 805 2.237 0.2697 0.7717
1OW9 806 2.137 0.3341 0.8043
1OW9 807 2.349 0.2466 0.7609
1OW9 808 2.239 0.2646 0.7826
1OW9 809 2.167 0.2792 0.7826
1OW9 810 2.273 0.2880 0.7826
1OW9 811 2.241 0.2948 0.7826
1OW9 812 2.327 0.2687 0.7826
1OW9 813 2.276 0.2831 0.7826
1OW9 814 2.244 0.2731 0.7826
1OW9 815 2.264 0.2724 0.7717
1OW9 816 2.111 0.3200 0.7717
1OW9 817 2.169 0.2968 0.7826
1OW9 818 2.379 0.2786 0.7826
1OW9 819 2.209 0.2861 0.7717
1OW9 820 2.286 0.2496 0.7717
1OW9 821 2.214 0.3050 0.7826
1OW9 822 2.294 0.2802 0.7826
1OW9 823 2.205 0.2851 0.7826
1OW9 824 2.034 0.2897 0.7826
1OW9 825 2.344 0.2717 0.7609
1OW9 826 2.241 0.2839 0.7826
1OW9 827 2.558 0.2495 0.7174
1OW9 828 2.169 0.2719 0.7826
1OW9 829 2.431 0.2738 0.7717
1OW9 830 2.190 0.3062 0.7717
1OW9 831 2.384 0.2661 0.7609
1OW9 832 2.152 0.2680 0.7609
1OW9 833 2.334 0.2789 0.7717
1OW9 834 2.145 0.2983 0.7826
1OW9 835 2.370 0.2673 0.7609
1OW9 836 2.171 0.3082 0.7935
1OW9 837 2.348 0.2655 0.7717
1OW9 838 2.099 0.2723 0.7826
1OW9 839 2.289 0.2663 0.7717
1OW9 840 2.283 0.2833 0.7717
1OW9 841 2.278 0.3044 0.7717
1OW9 842 2.378 0.2425 0.7609
1OW9 843 2.154 0.2653 0.7826
1OW9 844 2.244 0.2471 0.7717
1OW9 845 2.287 0.2805 0.7826
1OW9 846 2.296 0.2698 0.7717
1OW9 847 2.032 0.3148 0.8043
1OW9 848 2.087 0.3042 0.7826
1OW9 849 2.024 0.3287 0.7935
1OW9 850 2.174 0.2923 0.7717
1OW9 851 2.131 0.2698 0.7826
1OW9 852 2.151 0.3068 0.7935
1OW9 853 2.179 0.2814 0.7826
1OW9 854 1.893 0.3375 0.8261
1OW9 855 2.047 0.3046 0.7935
1OW9 856 1.941 0.3121 0.8043
1OW9 857 2.153 0.3246 0.7935
1OW9 858 2.160 0.2734 0.7826
1OW9 859 2.171 0.2602 0.7609
1OW9 860 2.299 0.2661 0.7717
1OW9 861 2.303 0.2996 0.7717
1OW9 862 2.267 0.2824 0.7826
1OW9 863 2.610 0.2555 0.7500
1OW9 864 2.383 0.2382 0.7500
1OW9 865 2.272 0.2830 0.7826
1OW9 866 2.190 0.3221 0.8261
1OW9 867 2.189 0.2871 0.7826
1OW9 868 2.186 0.3232 0.7717
1OW9 869 1.951 0.3296 0.8152
1OW9 870 2.310 0.3068 0.7826
1OW9 871 2.249 0.2864 0.7826
1OW9 872 2.191 0.2893 0.7826
1OW9 873 2.223 0.2483 0.7935
1OW9 874 2.264 0.2369 0.7500
1OW9 875 2.369 0.2911 0.7500
1OW9 876 2.310 0.2692 0.7935
1OW9 877 2.264 0.2913 0.7826
1OW9 878 2.030 0.3072 0.8043
1OW9 879 2.112 0.3039 0.7935
1OW9 880 2.193 0.2631 0.7826
1OW9 881 2.357 0.2344 0.7500
1OW9 882 2.287 0.2509 0.7500
1OW9 883 2.208 0.2941 0.8043
1OW9 884 2.115 0.2993 0.8152
1OW9 885 2.437 0.2287 0.7500
1OW9 886 2.320 0.2484 0.7717
1OW9 887 2.259 0.2705 0.7826
1OW9 888 2.252 0.2820 0.7935
1OW9 889 2.391 0.3079 0.7935
1OW9 890 2.425 0.2994 0.7717
1OW9 891 2.096 0.3166 0.8152
1OW9 892 2.276 0.2900 0.7826
1OW9 893 2.344 0.2816 0.7609
1OW9 894 2.335 0.2710 0.7717
1OW9 895 2.360 0.2858 0.7609
1OW9 896 2.267 0.2685 0.7826
1OW9 897 2.459 0.2744 0.7609
1OW9 898 2.426 0.2776 0.7500
1OW9 899 2.353 0.2533 0.7609
1OW9 900 2.310 0.2722 0.7609
1OW9 901 2.488 0.2726 0.7391
1OW9 902 2.246 0.3175 0.7717
1OW9 903 2.401 0.2656 0.7826
1OW9 904 2.430 0.2883 0.7935
1OW9 905 2.434 0.2576 0.7500
1OW9 906 2.264 0.3037 0.7935
1OW9 907 2.343 0.2701 0.7500
1OW9 908 2.434 0.2617 0.7391
1OW9 909 2.307 0.2725 0.7826
1OW9 910 2.209 0.2997 0.7826
1OW9 911 2.439 0.2914 0.7609
1OW9 912 2.534 0.3097 0.7717
1OW9 913 2.614 0.2901 0.7283
1OW9 914 2.653 0.2657 0.7065
1OW9 915 2.556 0.2964 0.7500
1OW9 916 2.460 0.3224 0.7717
1OW9 917 2.461 0.2959 0.7609
1OW9 918 2.535 0.2963 0.7500
1OW9 919 2.423 0.2921 0.7609
1OW9 920 2.581 0.2826 0.7609
1OW9 921 2.471 0.2720 0.7609
1OW9 922 2.425 0.2788 0.7609
1OW9 923 2.444 0.2767 0.7500
1OW9 924 2.548 0.2731 0.7500
1OW9 925 2.506 0.2407 0.7174
1OW9 926 2.685 0.2364 0.7174
1OW9 927 2.706 0.2369 0.7065
1OW9 928 2.513 0.2412 0.7283
1OW9 929 2.530 0.2825 0.7500
1OW9 930 2.344 0.2431 0.7500
1OW9 931 2.571 0.2587 0.7283
1OW9 932 2.391 0.2852 0.7717
1OW9 933 2.457 0.2665 0.7717
1OW9 934 2.433 0.2484 0.7500
1OW9 935 2.565 0.2576 0.7391
1OW9 936 2.734 0.2284 0.7174
1OW9 937 2.666 0.2428 0.7174
1OW9 938 2.543 0.2372 0.7500
1OW9 939 2.413 0.2591 0.7500
1OW9 940 2.500 0.2659 0.7391
1OW9 941 2.399 0.2791 0.7609
1OW9 942 2.656 0.2852 0.7391
1OW9 943 2.461 0.2790 0.7500
1OW9 944 2.628 0.2506 0.7283
1OW9 945 2.423 0.2446 0.7609
1OW9 946 2.376 0.2370 0.7609
1OW9 947 2.615 0.2380 0.6957
1OW9 948 2.343 0.2571 0.7500
1OW9 949 2.600 0.2529 0.7283
1OW9 950 2.526 0.2608 0.7391
1OW9 951 2.390 0.2784 0.7609
1OW9 952 2.488 0.2940 0.7500
1OW9 953 2.601 0.2727 0.7283
1OW9 954 2.532 0.2557 0.7391
1OW9 955 2.340 0.2844 0.7500
1OW9 956 2.197 0.2871 0.7717
1OW9 957 2.326 0.2569 0.7500
1OW9 958 2.295 0.2592 0.7500
1OW9 959 2.329 0.2745 0.7500
1OW9 960 2.501 0.3055 0.7609
1OW9 961 2.551 0.2798 0.7391
1OW9 962 2.499 0.2951 0.7500
1OW9 963 2.542 0.3071 0.7391
1OW9 964 2.557 0.2676 0.7391
1OW9 965 2.560 0.2644 0.7174
1OW9 966 2.775 0.2751 0.7174
1OW9 967 2.600 0.3085 0.7391
1OW9 968 2.590 0.2725 0.7391
1OW9 969 2.613 0.2894 0.7283
1OW9 970 2.450 0.2703 0.7391
1OW9 971 2.633 0.2479 0.7174
1OW9 972 2.426 0.2860 0.7826
1OW9 973 2.469 0.2677 0.7717
1OW9 974 2.546 0.2272 0.7283
1OW9 975 2.533 0.2706 0.7826
1OW9 976 2.519 0.2908 0.7609
1OW9 977 2.708 0.2465 0.7065
1OW9 978 2.522 0.2968 0.7500
1OW9 979 2.459 0.2658 0.7609
1OW9 980 2.287 0.3075 0.7826
1OW9 981 2.662 0.2416 0.7174
1OW9 982 2.589 0.2650 0.7391
1OW9 983 2.595 0.2797 0.7500
1OW9 984 2.710 0.2997 0.7391
1OW9 985 2.499 0.2603 0.7391
1OW9 986 2.272 0.2711 0.7826
1OW9 987 2.294 0.2633 0.7391
1OW9 988 2.568 0.2929 0.7391
1OW9 989 2.724 0.2397 0.7065
1OW9 990 2.381 0.2623 0.7500
1OW9 991 2.360 0.2472 0.7500
1OW9 992 2.610 0.2949 0.7609
1OW9 993 2.810 0.2894 0.7500
1OW9 994 2.858 0.2845 0.7500
1OW9 995 2.408 0.2688 0.7609
1OW9 996 2.586 0.2738 0.7174
1OW9 997 2.531 0.2642 0.7717
1OW9 998 2.497 0.3046 0.7500
1OW9 999 2.462 0.2931 0.7826
1OW9 1000 2.341 0.2587 0.7609
1OW9 1001 2.486 0.2791 0.7391
1OW9 1002 2.479 0.2676 0.7500
1OW9 1003 2.554 0.2675 0.7500
1OW9 1004 2.510 0.2821 0.7391
1OW9 1005 2.248 0.2995 0.7717
1OW9 1006 2.678 0.2581 0.7174
1OW9 1007 2.723 0.2534 0.7065
1OW9 1008 2.712 0.2258 0.7065
1OW9 1009 2.608 0.2461 0.7283
1OW9 1010 2.357 0.2838 0.7609
1OW9 1011 2.424 0.2343 0.7500
1OW9 1012 2.622 0.2519 0.7391
1OW9 1013 2.593 0.2507 0.7283
1OW9 1014 2.416 0.2754 0.7500
1OW9 1015 2.434 0.2822 0.7500
1OW9 1016 2.422 0.2754 0.7717
1OW9 1017 2.466 0.2436 0.7500
1OW9 1018 2.378 0.2722 0.7609
1OW9 1019 2.446 0.2581 0.7391
1OW9 1020 2.463 0.2809 0.7391
1OW9 1021 2.352 0.3128 0.7826
1OW9 1022 2.443 0.2653 0.7609
1OW9 1023 2.463 0.2699 0.7717
1OW9 1024 2.483 0.3103 0.7609
1OW9 1025 2.651 0.2583 0.7391
1OW9 1026 2.855 0.2616 0.7065
1OW9 1027 2.534 0.2692 0.7391
1OW9 1028 2.898 0.2375 0.7065
1OW9 1029 2.960 0.2388 0.7174
1OW9 1030 2.569 0.2295 0.7174
1OW9 1031 2.495 0.2499 0.7826
1OW9 1032 2.280 0.2650 0.7717
1OW9 1033 2.584 0.2659 0.7500
1OW9 1034 2.674 0.2259 0.7283
1OW9 1035 2.461 0.2933 0.7500
1OW9 1036 2.379 0.2755 0.7500
1OW9 1037 2.467 0.2684 0.7500
1OW9 1038 2.485 0.2574 0.7609
1OW9 1039 2.441 0.2809 0.7283
1OW9 1040 2.255 0.2708 0.7826
1OW9 1041 2.461 0.3013 0.7717
1OW9 1042 2.408 0.3216 0.7717
1OW9 1043 2.498 0.2400 0.7283
1OW9 1044 2.540 0.2856 0.7391
1OW9 1045 2.399 0.2900 0.7717
1OW9 1046 2.596 0.2548 0.7283
1OW9 1047 2.663 0.2515 0.7391
1OW9 1048 2.598 0.2726 0.7500
1OW9 1049 2.665 0.2428 0.7174
1OW9 1050 2.652 0.2429 0.7174
1OW9 1051 2.639 0.2556 0.7174
1OW9 1052 2.558 0.2817 0.7500
1OW9 1053 2.534 0.2489 0.7283
1OW9 1054 2.420 0.2366 0.7283
1OW9 1055 2.575 0.2570 0.7500
1OW9 1056 2.296 0.2870 0.7717
1OW9 1057 2.358 0.2482 0.7717
1OW9 1058 2.619 0.2400 0.7174
1OW9 1059 2.540 0.2599 0.7500
1OW9 1060 2.375 0.2971 0.7609
1OW9 1061 2.442 0.2779 0.7391
1OW9 1062 2.338 0.3269 0.7609
1OW9 1063 2.288 0.3325 0.7935
1OW9 1064 2.285 0.3393 0.7935
1OW9 1065 2.302 0.3840 0.8261
1OW9 1066 1.849 0.3846 0.8478
1OW9 1067 2.000 0.3721 0.8478
1OW9 1068 2.513 0.2464 0.7283
1OW9 1069 2.646 0.2777 0.7500
1OW9 1070 2.407 0.2671 0.7391
1OW9 1071 2.136 0.2864 0.7717
1OW9 1072 2.273 0.2255 0.7391
1OW9 1073 2.533 0.2757 0.7717
1OW9 1074 2.008 0.3626 0.8370
1OW9 1075 2.138 0.2580 0.8043
1OW9 1076 2.051 0.2821 0.7826
1OW9 1077 2.148 0.2673 0.7609
1OW9 1078 2.280 0.2488 0.7609
1OW9 1079 2.265 0.2189 0.7174
1OW9 1080 2.231 0.2169 0.7174
1OW9 1081 2.110 0.2100 0.7500
1OW9 1082 2.138 0.2257 0.7609
1OW9 1083 2.171 0.2531 0.7609
1OW9 1084 2.043 0.2707 0.7717
1OW9 1085 2.059 0.2622 0.7500
1OW9 1086 2.111 0.2587 0.7609
1OW9 1087 1.992 0.2726 0.7609
1OW9 1088 2.037 0.2569 0.7609
1OW9 1089 1.962 0.3051 0.7826
1OW9 1090 2.028 0.2418 0.7609
1OW9 1091 2.089 0.2620 0.7609
1OW9 1092 1.891 0.2878 0.7826
1OW9 1093 2.072 0.2101 0.7391
1OW9 1094 2.025 0.1996 0.7174
1OW9 1095 1.953 0.2281 0.7609
1OW9 1096 1.950 0.2790 0.7826
1OW9 1097 1.912 0.2407 0.7500
1OW9 1098 1.958 0.2440 0.7391
1OW9 1099 2.000 0.2706 0.7826
1OW9 1100 2.048 0.2665 0.7391
1OW9 1101 1.940 0.2609 0.7826
1OW9 1102 2.249 0.2509 0.7500
1OW9 1103 1.734 0.2549 0.7717
1OW9 1104 1.938 0.2414 0.7717
1OW9 1105 2.342 0.2190 0.7500
1OW9 1106 2.036 0.2823 0.7717
1OW9 1107 2.160 0.2672 0.7500
1OW9 1108 2.205 0.2238 0.7500
1OW9 1109 2.039 0.2801 0.7826
1OW9 1110 2.272 0.2379 0.7283
1OW9 1111 2.199 0.2931 0.7500
1OW9 1112 2.131 0.2902 0.7609
1OW9 1113 2.061 0.2868 0.7609
1OW9 1114 2.066 0.2655 0.7609
1OW9 1115 2.017 0.2498 0.7391
1OW9 1116 2.431 0.2349 0.7391
1OW9 1117 2.301 0.2381 0.7283
1OW9 1118 2.143 0.2438 0.7500
1OW9 1119 2.044 0.2657 0.7717
1OW9 1120 2.125 0.2603 0.7609
1OW9 1121 2.126 0.2526 0.7391
1OW9 1122 2.120 0.2564 0.7500
1OW9 1123 2.081 0.2695 0.7500
1OW9 1124 2.159 0.2596 0.7391
1OW9 1125 2.335 0.2541 0.7609
1OW9 1126 2.280 0.2416 0.7717
1OW9 1127 2.147 0.2481 0.7391
1OW9 1128 2.047 0.2884 0.7609
1OW9 1129 2.036 0.2667 0.7609
1OW9 1130 2.316 0.2574 0.7500
1OW9 1131 2.234 0.2582 0.7391
1OW9 1132 2.145 0.2770 0.7717
1OW9 1133 2.272 0.2185 0.7065
1OW9 1134 2.017 0.2613 0.7826
1OW9 1135 2.133 0.2513 0.7717
1OW9 1136 2.127 0.2787 0.7935
1OW9 1137 2.007 0.3679 0.8152
1OW9 1138 2.171 0.2491 0.7826
1OW9 1139 2.181 0.2452 0.7609
1OW9 1140 2.287 0.2768 0.7935
1OW9 1141 2.432 0.2593 0.7609
1OW9 1142 2.178 0.2577 0.7500
1OW9 1143 2.261 0.2338 0.7609
1OW9 1144 2.063 0.2956 0.7826
1OW9 1145 2.399 0.2409 0.7500
1OW9 1146 2.391 0.2827 0.7609
1OW9 1147 2.213 0.2292 0.7826
1OW9 1148 2.124 0.2661 0.7935
1OW9 1149 2.197 0.2767 0.7935
1OW9 1150 2.187 0.2639 0.7500
1OW9 1151 2.238 0.2649 0.7391
1OW9 1152 2.186 0.2105 0.7500
1OW9 1153 2.341 0.2008 0.7391
1OW9 1154 2.129 0.2266 0.7609
1OW9 1155 2.543 0.2299 0.7391
1OW9 1156 2.069 0.2507 0.7609
1OW9 1157 2.476 0.2457 0.7609
1OW9 1158 2.490 0.2402 0.7500
1OW9 1159 2.449 0.2575 0.7391
1OW9 1160 2.601 0.2601 0.7174
1OW9 1161 2.448 0.2098 0.7391
1OW9 1162 2.600 0.2230 0.7174
1OW9 1163 2.370 0.2410 0.7174
1OW9 1164 2.081 0.2933 0.7717
1OW9 1165 2.301 0.2942 0.7609
1OW9 1166 2.383 0.2480 0.7391
1OW9 1167 2.100 0.2595 0.7500
1OW9 1168 2.294 0.2412 0.7391
1OW9 1169 2.264 0.2627 0.7609
1OW9 1170 2.427 0.2039 0.7065
1OW9 1171 2.121 0.2881 0.7717
1OW9 1172 2.345 0.2711 0.7500
1OW9 1173 2.423 0.2368 0.7500
1OW9 1174 2.478 0.2515 0.7500
1OW9 1175 2.245 0.2701 0.7609
1OW9 1176 2.378 0.2475 0.7174
1OW9 1177 2.313 0.2667 0.7609
1OW9 1178 2.207 0.2525 0.7500
1OW9 1179 2.300 0.2555 0.7500
1OW9 1180 2.182 0.2789 0.7717
1OW9 1181 2.490 0.2425 0.7174
1OW9 1182 2.398 0.2679 0.7174
1OW9 1183 2.234 0.2185 0.7500
1OW9 1184 2.408 0.2349 0.7500
1OW9 1185 2.474 0.2558 0.7391
1OW9 1186 2.356 0.2722 0.7283
1OW9 1187 2.303 0.2251 0.7174
1OW9 1188 2.268 0.2622 0.7283
1OW9 1189 2.236 0.2671 0.7500
1OW9 1190 2.371 0.2467 0.7391
1OW9 1191 2.439 0.1896 0.7065
1OW9 1192 2.331 0.2238 0.7391
1OW9 1193 2.325 0.2502 0.7500
1OW9 1194 2.527 0.2223 0.7283
1OW9 1195 2.211 0.2870 0.7609
1OW9 1196 2.135 0.2579 0.7717
1OW9 1197 2.184 0.2206 0.7391
1OW9 1198 2.275 0.2406 0.7391
1OW9 1199 2.245 0.2234 0.7283
1OW9 1200 2.076 0.2465 0.7500
1OW9 1201 2.171 0.2515 0.7717
1OW9 1202 2.092 0.3199 0.8261
1OW9 1203 2.506 0.2225 0.7283
1OW9 1204 2.323 0.2477 0.7283
1OW9 1205 1.963 0.2745 0.7717
1OW9 1206 2.040 0.2526 0.7717
1OW9 1207 2.064 0.2649 0.7609
1OW9 1208 2.277 0.2331 0.7609
1OW9 1209 2.126 0.2571 0.7717
1OW9 1210 2.401 0.2264 0.7283
1OW9 1211 2.136 0.2754 0.7826
1OW9 1212 2.252 0.2667 0.7500
1OW9 1213 1.874 0.2900 0.7935
1OW9 1214 1.906 0.2689 0.7826
1OW9 1215 2.589 0.2336 0.7283
1OW9 1216 2.427 0.2313 0.7500
1OW9 1217 2.540 0.2409 0.7174
1OW9 1218 2.292 0.2769 0.7500
1OW9 1219 2.336 0.2363 0.7391
1OW9 1220 2.493 0.2644 0.7283
1OW9 1221 2.407 0.2239 0.7500
1OW9 1222 2.267 0.2573 0.7500
1OW9 1223 2.442 0.2343 0.7065
1OW9 1224 2.378 0.2283 0.7174
1OW9 1225 2.115 0.2716 0.7500
1OW9 1226 2.334 0.2656 0.7500
1OW9 1227 2.272 0.2630 0.7609
1OW9 1228 2.428 0.2620 0.7283
1OW9 1229 2.169 0.2760 0.7609
1OW9 1230 2.353 0.2642 0.7283
1OW9 1231 2.316 0.2823 0.7500
1OW9 1232 2.260 0.2464 0.7500
1OW9 1233 1.915 0.2711 0.7609
1OW9 1234 1.990 0.2240 0.7283
1OW9 1235 2.127 0.2440 0.7500
1OW9 1236 1.960 0.2621 0.7500
1OW9 1237 2.108 0.2548 0.7391
1OW9 1238 1.992 0.2652 0.7391
1OW9 1239 2.077 0.2818 0.7609
1OW9 1240 2.014 0.2802 0.7717
1OW9 1241 2.108 0.2265 0.7283
1OW9 1242 2.051 0.2871 0.7935
1OW9 1243 2.154 0.2708 0.7717
1OW9 1244 2.148 0.2526 0.7935
1OW9 1245 1.945 0.2692 0.7609
1OW9 1246 2.226 0.2875 0.7826
1OW9 1247 1.977 0.2422 0.7826
1OW9 1248 1.950 0.2686 0.7609
1OW9 1249 1.836 0.2873 0.7717
1OW9 1250 1.916 0.2474 0.7609
1OW9 1251 2.155 0.2148 0.7500
1OW9 1252 2.138 0.2336 0.7391
1OW9 1253 2.158 0.2878 0.7609
1OW9 1254 1.927 0.2853 0.7500
1OW9 1255 2.181 0.2423 0.7500
1OW9 1256 1.797 0.2888 0.7826
1OW9 1257 2.053 0.2947 0.7717
1OW9 1258 2.185 0.2865 0.7609
1OW9 1259 2.077 0.2876 0.7609
1OW9 1260 2.009 0.2298 0.7609
1OW9 1261 2.156 0.2552 0.7500
1OW9 1262 1.971 0.2519 0.7609
1OW9 1263 2.055 0.2765 0.7717
1OW9 1264 2.101 0.2816 0.7717
1OW9 1265 2.322 0.2265 0.7283
1OW9 1266 2.041 0.2277 0.7500
1OW9 1267 2.189 0.2825 0.7717
1OW9 1268 2.302 0.2448 0.7609
1OW9 1269 2.205 0.2314 0.7391
1OW9 1270 2.309 0.2544 0.7609
1OW9 1271 2.390 0.2766 0.7717
1OW9 1272 2.591 0.2257 0.7065
1OW9 1273 2.073 0.2449 0.7500
1OW9 1274 2.076 0.2599 0.7826
1OW9 1275 2.201 0.2456 0.7283
1OW9 1276 2.557 0.2003 0.6957
1OW9 1277 2.476 0.2555 0.7391
1OW9 1278 2.493 0.2532 0.7391
1OW9 1279 2.385 0.2749 0.7826
1OW9 1280 2.052 0.2218 0.7609
1OW9 1281 2.057 0.2450 0.7500
1OW9 1282 2.007 0.2457 0.7717
1OW9 1283 2.137 0.2343 0.7391
1OW9 1284 2.040 0.2791 0.7609
1OW9 1285 2.523 0.2437 0.7391
1OW9 1286 2.384 0.2793 0.7717
1OW9 1287 2.270 0.2616 0.7500
1OW9 1288 2.314 0.2550 0.7500
1OW9 1289 2.311 0.2748 0.7391
1OW9 1290 2.501 0.2125 0.7065
1OW9 1291 2.282 0.2145 0.7174
1OW9 1292 2.320 0.2065 0.7065
1OW9 1293 2.464 0.2177 0.7065
1OW9 1294 2.387 0.2292 0.7065
1OW9 1295 2.413 0.2117 0.7065
1OW9 1296 2.540 0.2157 0.7283
1OW9 1297 2.476 0.1965 0.7174
1OW9 1298 2.164 0.2393 0.7609
1OW9 1299 2.132 0.2252 0.7609
1OW9 1300 2.429 0.1976 0.7065
1OW9 1301 1.800 0.2483 0.7717
1OW9 1302 2.004 0.2190 0.7826
1OW9 1303 2.098 0.1987 0.7500
1OW9 1304 2.145 0.2066 0.7283
1OW9 1305 2.155 0.2100 0.7283
1OW9 1306 2.059 0.2175 0.7283
1OW9 1307 2.481 0.2471 0.7065
1OW9 1308 2.243 0.2421 0.7174
1OW9 1309 2.470 0.2029 0.7065
1OW9 1310 2.182 0.2805 0.7391
1OW9 1311 2.676 0.2301 0.7065
1OW9 1312 2.120 0.2912 0.8043
1OW9 1313 2.285 0.2236 0.7174
1OW9 1314 2.334 0.1916 0.7283
1OW9 1315 2.171 0.1996 0.7174
1OW9 1316 2.137 0.2170 0.7065
1OW9 1317 2.151 0.2444 0.7609
1OW9 1318 2.124 0.2156 0.7283
1OW9 1319 2.281 0.2135 0.7174
1OW9 1320 2.272 0.2063 0.7174
1OW9 1321 2.227 0.2423 0.7391
1OW9 1322 2.232 0.2311 0.7283
1OW9 1323 2.053 0.2311 0.7500
1OW9 1324 2.315 0.2281 0.7174
1OW9 1325 2.382 0.2213 0.7065
1OW9 1326 2.304 0.2009 0.7609
1OW9 1327 2.492 0.1967 0.7065
1OW9 1328 2.596 0.2708 0.7391
1OW9 1329 2.471 0.1830 0.7065
1OW9 1330 2.187 0.2270 0.7283
1OW9 1331 2.375 0.2297 0.7283
1OW9 1332 2.463 0.2527 0.7609
1OW9 1333 2.130 0.2497 0.7935
1OW9 1334 2.173 0.2012 0.7391
1OW9 1335 2.162 0.2267 0.7500
1OW9 1336 2.171 0.2534 0.7391
1OW9 1337 2.334 0.2426 0.7500
1OW9 1338 1.975 0.2151 0.7609
1OW9 1339 2.109 0.2182 0.7174
1OW9 1340 2.580 0.1867 0.6739
1OW9 1341 2.260 0.2669 0.7391
1OW9 1342 1.963 0.2286 0.7500
1OW9 1343 2.300 0.2023 0.7174
1OW9 1344 2.398 0.2109 0.7283
1OW9 1345 2.165 0.2058 0.7174
1OW9 1346 2.283 0.2548 0.7500
1OW9 1347 2.229 0.2619 0.7500
1OW9 1348 2.351 0.1985 0.7174
1OW9 1349 2.238 0.2241 0.7391
1OW9 1350 2.366 0.2153 0.7283
1OW9 1351 2.034 0.2077 0.7283
1OW9 1352 2.481 0.2262 0.7283
1OW9 1353 1.858 0.2376 0.7391
1OW9 1354 1.834 0.2294 0.7500
1OW9 1355 2.559 0.1851 0.6739
1OW9 1356 2.521 0.2265 0.7391
1OW9 1357 2.274 0.1948 0.7174
1OW9 1358 2.162 0.1954 0.7065
1OW9 1359 2.271 0.1705 0.6848
1OW9 1360 2.032 0.2200 0.7391
1OW9 1361 2.247 0.2171 0.7500
1OW9 1362 2.204 0.2489 0.7283
1OW9 1363 1.990 0.2540 0.7500
1OW9 1364 2.403 0.2160 0.7174
1OW9 1365 2.474 0.2459 0.7500
1OW9 1366 2.116 0.2056 0.7174
1OW9 1367 2.279 0.2014 0.7283
1OW9 1368 2.432 0.1987 0.7174
1OW9 1369 2.252 0.2118 0.7174
1OW9 1370 2.374 0.2163 0.7065
1OW9 1371 2.416 0.2330 0.7174
1OW9 1372 2.065 0.2483 0.7609
1OW9 1373 2.098 0.2370 0.7826
1OW9 1374 2.180 0.2080 0.7174
1OW9 1375 2.367 0.2233 0.7283
1OW9 1376 2.471 0.1795 0.7065
1OW9 1377 1.943 0.2601 0.7826
1OW9 1378 2.060 0.2898 0.7717
1OW9 1379 2.236 0.2528 0.7500
1OW9 1380 2.313 0.2462 0.7500
1OW9 1381 2.295 0.2794 0.7717
1OW9 1382 2.159 0.2700 0.7500
1OW9 1383 1.971 0.2457 0.7500
1OW9 1384 1.790 0.2923 0.7609
1OW9 1385 2.199 0.1971 0.7174
1OW9 1386 1.842 0.2230 0.7717
1OW9 1387 2.091 0.2578 0.7391
1OW9 1388 2.372 0.2190 0.7391
1OW9 1389 2.565 0.2085 0.6957
1OW9 1390 2.280 0.2170 0.7174
1OW9 1391 1.895 0.2577 0.7826
1OW9 1392 2.210 0.2242 0.7283
1OW9 1393 2.225 0.2170 0.7283
1OW9 1394 2.310 0.2083 0.7174
1OW9 1395 2.226 0.2113 0.7174
1OW9 1396 2.200 0.2497 0.7609
1OW9 1397 2.081 0.2761 0.7717
1OW9 1398 2.272 0.2712 0.7500
1OW9 1399 2.249 0.2335 0.7174
1OW9 1400 2.271 0.2010 0.7174
1OW9 1401 2.480 0.1904 0.7065
1OW9 1402 2.536 0.2414 0.7065
1OW9 1403 2.266 0.2622 0.7609
1OW9 1404 2.430 0.2314 0.7174
1OW9 1405 2.485 0.2016 0.6957
1OW9 1406 2.376 0.2375 0.7283
1OW9 1407 2.535 0.2216 0.7174
1OW9 1408 2.477 0.2315 0.7500
1OW9 1409 2.657 0.2201 0.6957
1OW9 1410 2.720 0.2199 0.6957
1OW9 1411 2.605 0.2106 0.7065
1OW9 1412 2.675 0.2081 0.6848
1OW9 1413 2.542 0.2032 0.6957
1OW9 1414 2.456 0.2093 0.7065
1OW9 1415 2.437 0.2340 0.7065
1OW9 1416 2.554 0.2420 0.7283
1OW9 1417 2.489 0.2349 0.7391
1OW9 1418 2.174 0.2374 0.7283
1OW9 1419 2.191 0.2511 0.7609
1OW9 1420 2.564 0.2120 0.6957
1OW9 1421 2.168 0.2807 0.7500
1OW9 1422 2.272 0.2529 0.7500
1OW9 1423 2.393 0.2275 0.7283
1OW9 1424 2.252 0.2486 0.7717
1OW9 1425 2.407 0.2315 0.7283
1OW9 1426 2.173 0.3139 0.8043
1OW9 1427 2.292 0.2232 0.7609
1OW9 1428 2.408 0.2200 0.7174
1OW9 1429 2.590 0.2300 0.7065
1OW9 1430 2.654 0.2596 0.7283
1OW9 1431 2.412 0.2847 0.7500
1OW9 1432 2.410 0.2639 0.7391
1OW9 1433 2.462 0.2240 0.7391
1OW9 1434 2.686 0.1816 0.7174
1OW9 1435 2.342 0.2943 0.7609
1OW9 1436 2.505 0.2247 0.7283
1OW9 1437 2.660 0.2134 0.7391
1OW9 1438 2.357 0.2041 0.7283
1OW9 1439 2.561 0.2479 0.7500
1OW9 1440 2.191 0.2655 0.7717
1OW9 1441 2.761 0.1992 0.6957
1OW9 1442 2.672 0.2237 0.7065
1OW9 1443 2.131 0.2090 0.7283
1OW9 1444 2.076 0.2697 0.7717
1OW9 1445 2.068 0.2217 0.7500
1OW9 1446 2.388 0.2311 0.7391
1OW9 1447 2.104 0.2256 0.7609
1OW9 1448 2.255 0.2407 0.7609
1OW9 1449 2.186 0.2911 0.7826
1OW9 1450 2.507 0.2094 0.7174
1OW9 1451 2.099 0.2810 0.7826
1OW9 1452 2.223 0.3026 0.7826
1OW9 1453 2.175 0.2812 0.8043
1OW9 1454 2.183 0.2391 0.7826
1OW9 1455 2.178 0.2678 0.7826
1OW9 1456 2.604 0.2162 0.7174
1OW9 1457 2.309 0.2763 0.7500
1OW9 1458 2.285 0.2587 0.7500
1OW9 1459 2.586 0.2829 0.7500
1OW9 1460 2.400 0.2549 0.7500
1OW9 1461 2.710 0.1925 0.6739
1OW9 1462 2.499 0.2280 0.7283
1OW9 1463 2.636 0.2644 0.7391
1OW9 1464 2.432 0.3065 0.7717
1OW9 1465 2.190 0.2771 0.7717
1OW9 1466 2.471 0.2319 0.7609
1OW9 1467 2.458 0.2327 0.7391
1OW9 1468 2.586 0.2096 0.7283
1OW9 1469 2.705 0.2230 0.7174
1OW9 1470 2.532 0.2707 0.7500
1OW9 1471 2.613 0.2481 0.7065
1OW9 1472 2.487 0.2092 0.7391
1OW9 1473 2.372 0.1924 0.7174
1OW9 1474 2.051 0.2654 0.7826
1OW9 1475 2.451 0.2133 0.7283
1OW9 1476 2.212 0.2472 0.7391
1OW9 1477 2.322 0.2171 0.7174
1OW9 1478 2.371 0.2218 0.7283
1OW9 1479 2.336 0.2159 0.7283
1OW9 1480 2.092 0.2133 0.7500
1OW9 1481 2.362 0.2312 0.7391
1OW9 1482 2.285 0.2387 0.7283
1OW9 1483 2.087 0.2310 0.7500
1OW9 1484 1.954 0.2557 0.7826
1OW9 1485 2.605 0.2050 0.7283
1OW9 1486 2.340 0.2988 0.7717
1OW9 1487 2.448 0.2209 0.7391
1OW9 1488 2.090 0.2595 0.7935
1OW9 1489 2.017 0.2964 0.7935
1OW9 1490 2.286 0.2110 0.7391
1OW9 1491 2.297 0.2068 0.7391
1OW9 1492 2.246 0.2144 0.7283
1OW9 1493 2.465 0.2388 0.7500
1OW9 1494 2.560 0.2098 0.7283
1OW9 1495 2.487 0.2700 0.7500
1OW9 1496 2.245 0.2586 0.7500
1OW9 1497 2.311 0.1894 0.7174
1OW9 1498 2.041 0.2463 0.7717
1OW9 1499 2.354 0.2515 0.7391
1OW9 1500 2.793 0.1948 0.6739
1OW9 1501 2.690 0.1919 0.6739
1OW9 1502 2.488 0.2456 0.7283
1OW9 1503 2.083 0.2403 0.7500
1OW9 1504 2.328 0.2462 0.7500
1OW9 1505 2.815 0.2052 0.7174
1OW9 1506 2.530 0.2530 0.7500
1OW9 1507 2.561 0.2332 0.7283
1OW9 1508 2.874 0.2182 0.7174
1OW9 1509 2.495 0.2784 0.7609
1OW9 1510 2.573 0.1766 0.7065
1OW9 1511 2.406 0.2263 0.7174
1OW9 1512 2.476 0.1930 0.7174
1OW9 1513 2.285 0.2288 0.7717
1OW9 1514 2.711 0.2396 0.7174
1OW9 1515 2.810 0.2428 0.7065
1OW9 1516 2.818 0.2429 0.7283
1OW9 1517 2.853 0.2124 0.7065
1OW9 1518 2.399 0.2488 0.7500
1OW9 1519 2.364 0.2944 0.8043
1OW9 1520 2.769 0.2302 0.7174
1OW9 1521 2.141 0.2842 0.7935
1OW9 1522 2.372 0.2118 0.7391
1OW9 1523 2.365 0.2266 0.7391
1OW9 1524 2.341 0.2765 0.7717
1OW9 1525 2.595 0.2090 0.7065
1OW9 1526 2.186 0.2571 0.7826
1OW9 1527 2.537 0.2027 0.7065
1OW9 1528 2.317 0.2110 0.7283
1OW9 1529 2.308 0.1976 0.7283
1OW9 1530 2.345 0.2594 0.7609
1OW9 1531 2.374 0.2518 0.7717
1OW9 1532 2.515 0.2409 0.7391
1OW9 1533 2.187 0.2662 0.7717
1OW9 1534 2.328 0.3168 0.8152
1OW9 1535 2.362 0.2820 0.7717
1OW9 1536 2.261 0.2869 0.7826
1OW9 1537 2.404 0.2415 0.7391
1OW9 1538 2.130 0.3049 0.7826
1OW9 1539 2.036 0.3239 0.8152
1OW9 1540 1.894 0.2431 0.7826
1OW9 1541 2.291 0.2179 0.7391
1OW9 1542 2.063 0.2725 0.7826
1OW9 1543 1.984 0.2588 0.8043
1OW9 1544 2.380 0.2540 0.7391
1OW9 1545 2.296 0.2256 0.7391
1OW9 1546 2.367 0.1864 0.7283
1OW9 1547 3.033 0.1642 0.6522
1OW9 1548 2.563 0.1746 0.7065
1OW9 1549 2.562 0.1981 0.7283
1OW9 1550 2.602 0.1868 0.6957
1OW9 1551 2.772 0.1770 0.6848
1OW9 1552 2.716 0.1735 0.6848
1OW9 1553 2.360 0.1960 0.7500
1OW9 1554 2.137 0.2891 0.7717
1OW9 1555 2.256 0.2427 0.7609
1OW9 1556 2.495 0.2309 0.7283
1OW9 1557 2.181 0.2201 0.7500
1OW9 1558 2.239 0.2067 0.7174
1OW9 1559 2.509 0.2150 0.7065
1OW9 1560 1.953 0.2860 0.7717
1OW9 1561 2.393 0.2157 0.7391
1OW9 1562 2.214 0.2379 0.7500
1OW9 1563 2.451 0.1875 0.6957
1OW9 1564 2.071 0.2168 0.7174
1OW9 1565 2.392 0.2473 0.7283
1OW9 1566 2.178 0.2151 0.7391
1OW9 1567 2.381 0.2157 0.7391
1OW9 1568 2.132 0.2186 0.7391
1OW9 1569 2.276 0.3001 0.7609
1OW9 1570 2.106 0.3430 0.8043
1OW9 1571 2.427 0.1993 0.7065
1OW9 1572 2.528 0.1795 0.6848
1OW9 1573 2.149 0.2835 0.7609
1OW9 1574 2.523 0.2269 0.6957
1OW9 1575 2.988 0.2113 0.6957
1OW9 1576 2.771 0.2054 0.7174
1OW9 1577 2.669 0.2059 0.7174
1OW9 1578 2.935 0.2668 0.7500
1OW9 1579 2.949 0.2148 0.7174
1OW9 1580 2.050 0.2752 0.7717
1OW9 1581 2.322 0.2275 0.7283
1OW9 1582 2.147 0.2185 0.7609
1OW9 1583 2.079 0.2334 0.7609
1OW9 1584 2.228 0.2178 0.7391
1OW9 1585 2.292 0.1913 0.7283
1OW9 1586 2.208 0.2488 0.7717
1OW9 1587 2.514 0.2166 0.7283
1OW9 1588 2.339 0.2161 0.7500
1OW9 1589 2.207 0.2161 0.7391
1OW9 1590 2.244 0.2035 0.7391
1OW9 1591 1.977 0.2127 0.7500
1OW9 1592 2.283 0.2123 0.7174
1OW9 1593 1.917 0.2432 0.7609
1OW9 1594 1.973 0.2400 0.7826
1OW9 1595 2.605 0.1920 0.7065
1OW9 1596 2.184 0.3060 0.7935
1OW9 1597 2.270 0.2619 0.7717
1OW9 1598 2.415 0.2546 0.7391
1OW9 1599 2.277 0.2431 0.7609
1OW9 1600 2.350 0.1912 0.7174
1OW9 1601 2.582 0.1965 0.6739
1OW9 1602 2.278 0.2202 0.7391
1OW9 1603 2.654 0.1917 0.7283
1OW9 1604 2.341 0.2583 0.7609
1OW9 1605 2.176 0.2410 0.7609
1OW9 1606 2.260 0.2157 0.7391
1OW9 1607 2.167 0.2821 0.8043
1OW9 1608 2.039 0.2614 0.7609
1OW9 1609 1.948 0.3056 0.7935
1OW9 1610 2.115 0.3313 0.7935
1OW9 1611 2.365 0.2233 0.7391
1OW9 1612 2.520 0.2852 0.7935
1OW9 1613 2.322 0.2611 0.7500
1OW9 1614 2.531 0.2205 0.7283
1OW9 1615 2.312 0.2146 0.7391
1OW9 1616 2.247 0.2375 0.7391
1OW9 1617 2.042 0.2340 0.7609
1OW9 1618 2.230 0.2208 0.7500
1OW9 1619 2.066 0.2606 0.7935
1OW9 1620 2.128 0.2400 0.7609
1OW9 1621 2.444 0.2237 0.7174
1OW9 1622 2.270 0.2724 0.7717
1OW9 1623 2.294 0.2986 0.7826
1OW9 1624 2.276 0.2803 0.7826
1OW9 1625 2.377 0.2386 0.7391
1OW9 1626 2.642 0.2218 0.7174
1OW9 1627 2.438 0.2350 0.7391
1OW9 1628 2.774 0.1897 0.6739
1OW9 1629 2.515 0.2682 0.7609
1OW9 1630 2.686 0.2043 0.6848
1OW9 1631 2.673 0.2243 0.7174
1OW9 1632 2.481 0.2694 0.7717
1OW9 1633 2.571 0.2289 0.7174
1OW9 1634 2.726 0.2393 0.6957
1OW9 1635 2.507 0.2681 0.7609
1OW9 1636 2.711 0.2037 0.7283
1OW9 1637 2.725 0.2613 0.7609
1OW9 1638 2.646 0.1874 0.7174
1OW9 1639 2.749 0.2179 0.7174
1OW9 1640 2.781 0.2384 0.7500
1OW9 1641 2.997 0.2238 0.7283
1OW9 1642 2.597 0.2072 0.7065
