1L1W 1 0.000 1.0000 1.0000
1L1W 2 12.007 0.1478 0.2931
1L1W 3 6.296 0.2062 0.4741
1L1W 4 6.027 0.2291 0.4655
1L1W 5 6.718 0.2819 0.5345
1L1W 6 14.341 0.2044 0.3190
1L1W 7 2.542 0.3633 0.7241
1L1W 8 15.215 0.1837 0.3103
1L1W 9 8.592 0.2118 0.3966
1L1W 10 6.577 0.2001 0.4483
1L1W 11 9.633 0.1952 0.4310
1L1W 12 7.224 0.1905 0.3879
1L1W 13 7.716 0.2398 0.4397
1L1W 14 9.468 0.2263 0.3448
1L1W 15 5.815 0.2478 0.4828
1L1W 16 15.649 0.1811 0.3103
1L1W 17 4.953 0.2876 0.5603
1L1W 18 15.693 0.1431 0.2414
1L1W 19 15.423 0.1508 0.2931
1L1W 20 9.501 0.2714 0.3966
1L1W 21 6.893 0.2531 0.4828
1L1W 22 2.556 0.3191 0.7241
1L1W 23 4.528 0.2732 0.5776
1L1W 24 4.807 0.3641 0.6293
1L1W 25 11.848 0.2304 0.4138
1L1W 26 9.181 0.2198 0.4052
1L1W 27 5.046 0.2551 0.5690
1L1W 28 18.091 0.1922 0.2845
1L1W 29 4.300 0.2762 0.5690
1L1W 30 2.163 0.4689 0.8103
1L1W 31 3.653 0.2870 0.6293
1L1W 32 4.529 0.3897 0.6897
1L1W 33 17.443 0.1570 0.2672
1L1W 34 15.043 0.1615 0.3017
1L1W 35 5.266 0.2993 0.5776
1L1W 36 2.443 0.3674 0.7328
1L1W 37 2.246 0.4664 0.7759
1L1W 38 5.969 0.2742 0.5517
1L1W 39 5.245 0.2814 0.5776
1L1W 40 2.158 0.3466 0.7241
1L1W 41 6.296 0.2627 0.5172
1L1W 42 10.332 0.1115 0.2845
1L1W 43 9.236 0.1199 0.2931
1L1W 44 9.895 0.1664 0.3793
1L1W 45 9.707 0.1205 0.2931
1L1W 46 10.566 0.2042 0.3621
1L1W 47 11.931 0.1441 0.3103
1L1W 48 12.701 0.1925 0.3966
1L1W 49 13.391 0.1724 0.3017
1L1W 50 8.615 0.1875 0.3879
1L1W 51 13.074 0.2130 0.3534
1L1W 52 11.380 0.1784 0.3190
1L1W 53 6.130 0.2387 0.5086
1L1W 54 4.717 0.2075 0.5345
1L1W 55 8.000 0.2367 0.4483
1L1W 56 7.713 0.2340 0.4310
1L1W 57 8.033 0.2350 0.4310
1L1W 58 7.862 0.2463 0.4052
1L1W 59 8.125 0.3289 0.5259
1L1W 60 7.660 0.2296 0.4397
1L1W 61 11.037 0.2268 0.3793
1L1W 62 10.021 0.1511 0.4052
1L1W 63 14.103 0.1532 0.3276
1L1W 64 9.824 0.3515 0.5776
1L1W 65 4.232 0.2525 0.5603
1L1W 66 10.861 0.2446 0.4828
1L1W 67 4.930 0.4300 0.6810
1L1W 68 3.208 0.2990 0.6293
1L1W 69 8.572 0.2209 0.4224
1L1W 70 9.550 0.2965 0.4828
1L1W 71 9.885 0.3092 0.4569
1L1W 72 2.601 0.4095 0.7328
1L1W 73 3.335 0.3201 0.6724
1L1W 74 2.093 0.5159 0.8276
1L1W 75 2.467 0.4331 0.7586
1L1W 76 3.932 0.3214 0.6466
1L1W 77 1.879 0.4750 0.8017
1L1W 78 2.815 0.3493 0.7155
1L1W 79 2.244 0.4009 0.7759
1L1W 80 1.633 0.5379 0.8534
1L1W 81 3.321 0.3356 0.6810
1L1W 82 11.668 0.1117 0.2672
1L1W 83 12.491 0.2451 0.3966
1L1W 84 7.814 0.3444 0.5948
1L1W 85 6.378 0.2179 0.4741
1L1W 86 5.065 0.3850 0.6638
1L1W 87 12.124 0.1877 0.3534
1L1W 88 12.184 0.1614 0.3276
1L1W 89 12.796 0.2346 0.3793
1L1W 90 11.785 0.2217 0.3793
1L1W 91 10.497 0.1992 0.3448
1L1W 92 10.246 0.1744 0.3534
1L1W 93 11.817 0.2278 0.3621
1L1W 94 4.789 0.2749 0.6121
1L1W 95 5.921 0.3045 0.5776
1L1W 96 9.285 0.2682 0.4741
1L1W 97 9.562 0.1915 0.4310
1L1W 98 7.571 0.2992 0.4655
1L1W 99 9.821 0.2631 0.3966
1L1W 100 5.974 0.2497 0.5345
1L1W 101 6.034 0.2359 0.5000
1L1W 102 13.266 0.2320 0.4138
1L1W 103 2.474 0.4107 0.7672
1L1W 104 10.937 0.2695 0.5086
1L1W 105 13.709 0.2894 0.4741
1L1W 106 11.333 0.2175 0.4138
1L1W 107 8.790 0.3191 0.5345
1L1W 108 11.219 0.1620 0.3448
1L1W 109 2.873 0.3288 0.6897
1L1W 110 3.971 0.4034 0.7069
1L1W 111 13.137 0.2506 0.4741
1L1W 112 1.869 0.4551 0.8017
1L1W 113 1.834 0.4612 0.8190
1L1W 114 2.996 0.4616 0.7672
1L1W 115 10.361 0.3088 0.5000
1L1W 116 4.717 0.3417 0.6207
1L1W 117 3.043 0.3723 0.6724
1L1W 118 3.528 0.4752 0.7845
1L1W 119 2.652 0.3957 0.7500
1L1W 120 3.984 0.3591 0.7155
1L1W 121 2.317 0.4344 0.8017
1L1W 122 10.497 0.1299 0.2931
1L1W 123 11.052 0.1280 0.2500
1L1W 124 9.207 0.1716 0.3621
1L1W 125 6.562 0.2227 0.4483
1L1W 126 7.051 0.2278 0.4569
1L1W 127 9.915 0.1333 0.2931
1L1W 128 11.185 0.1897 0.3621
1L1W 129 6.731 0.2868 0.5259
1L1W 130 9.213 0.1929 0.4397
1L1W 131 10.495 0.1157 0.2500
1L1W 132 7.891 0.1991 0.3793
1L1W 133 7.669 0.2784 0.5259
1L1W 134 10.829 0.2268 0.4224
1L1W 135 10.849 0.1350 0.2759
1L1W 136 8.480 0.2480 0.5000
1L1W 137 12.004 0.1389 0.3448
1L1W 138 11.275 0.2012 0.3707
1L1W 139 7.693 0.2591 0.4569
1L1W 140 12.710 0.1384 0.2845
1L1W 141 4.937 0.2379 0.5345
1L1W 142 9.451 0.2391 0.3793
1L1W 143 13.356 0.1793 0.3362
1L1W 144 8.062 0.1989 0.3879
1L1W 145 11.919 0.1530 0.2759
1L1W 146 4.553 0.2617 0.5776
1L1W 147 6.162 0.2334 0.5086
1L1W 148 5.386 0.3595 0.6207
1L1W 149 7.199 0.1965 0.4569
1L1W 150 9.825 0.1676 0.3190
1L1W 151 8.468 0.2636 0.5086
1L1W 152 4.562 0.2676 0.5690
1L1W 153 9.822 0.1798 0.3879
1L1W 154 5.714 0.2401 0.5000
1L1W 155 3.911 0.2943 0.5948
1L1W 156 3.498 0.3194 0.6207
1L1W 157 5.647 0.2311 0.5259
1L1W 158 4.284 0.2457 0.5603
1L1W 159 5.002 0.2466 0.5603
1L1W 160 4.293 0.2465 0.5776
1L1W 161 6.714 0.2510 0.5259
1L1W 162 5.473 0.2133 0.5086
1L1W 163 10.971 0.2618 0.4741
1L1W 164 8.332 0.1461 0.3534
1L1W 165 11.495 0.1099 0.2586
1L1W 166 12.074 0.1790 0.2931
1L1W 167 5.387 0.2161 0.5086
1L1W 168 8.518 0.1726 0.3879
1L1W 169 11.547 0.1800 0.2931
1L1W 170 12.017 0.1676 0.3621
1L1W 171 8.991 0.2418 0.4397
1L1W 172 9.384 0.1630 0.3276
1L1W 173 10.419 0.2383 0.3534
1L1W 174 10.796 0.1534 0.3017
1L1W 175 11.235 0.2177 0.3448
1L1W 176 8.924 0.1952 0.3793
1L1W 177 10.156 0.1616 0.3276
1L1W 178 4.773 0.3093 0.6121
1L1W 179 11.577 0.2137 0.3448
1L1W 180 9.912 0.2104 0.4310
1L1W 181 11.304 0.2360 0.4224
1L1W 182 10.515 0.1174 0.2845
1L1W 183 12.648 0.2590 0.4138
1L1W 184 11.586 0.2039 0.3793
1L1W 185 5.874 0.1956 0.4741
1L1W 186 6.194 0.2420 0.5345
1L1W 187 9.074 0.1529 0.3793
1L1W 188 3.529 0.2779 0.6121
1L1W 189 3.655 0.2961 0.6121
1L1W 190 5.292 0.2504 0.5259
1L1W 191 3.777 0.2953 0.6466
1L1W 192 3.303 0.3276 0.6724
1L1W 193 12.706 0.1727 0.3793
1L1W 194 4.749 0.2753 0.5862
1L1W 195 5.719 0.2596 0.5259
1L1W 196 4.545 0.2800 0.5517
1L1W 197 6.359 0.2203 0.4741
1L1W 198 12.139 0.2055 0.3534
1L1W 199 5.672 0.2377 0.4914
1L1W 200 3.558 0.2594 0.6034
1L1W 201 6.976 0.2414 0.4483
1L1W 202 12.358 0.1114 0.1724
1L1W 203 7.965 0.2563 0.5172
1L1W 204 8.672 0.1362 0.3534
1L1W 205 12.160 0.1701 0.3190
1L1W 206 8.863 0.2373 0.4483
1L1W 207 9.699 0.1721 0.3534
1L1W 208 8.005 0.1954 0.3879
1L1W 209 7.494 0.2583 0.4914
1L1W 210 11.052 0.1811 0.3362
1L1W 211 12.098 0.1534 0.3707
1L1W 212 7.393 0.2440 0.4483
1L1W 213 8.884 0.1697 0.3879
1L1W 214 13.140 0.1920 0.4224
1L1W 215 11.471 0.1976 0.3707
1L1W 216 9.091 0.2518 0.4741
1L1W 217 9.751 0.1890 0.3879
1L1W 218 11.678 0.1971 0.3534
1L1W 219 9.354 0.1867 0.3534
1L1W 220 12.382 0.1723 0.3362
1L1W 221 14.115 0.1789 0.3966
1L1W 222 11.842 0.2373 0.4052
1L1W 223 4.124 0.2748 0.6207
1L1W 224 7.456 0.2413 0.4914
1L1W 225 5.684 0.4011 0.6552
1L1W 226 2.735 0.4122 0.7241
1L1W 227 9.953 0.1471 0.3534
1L1W 228 4.200 0.3178 0.6466
1L1W 229 1.935 0.4346 0.7931
1L1W 230 2.441 0.4007 0.7328
1L1W 231 7.914 0.2771 0.5172
1L1W 232 7.267 0.2573 0.4914
1L1W 233 4.166 0.3446 0.6552
1L1W 234 2.464 0.3692 0.7241
1L1W 235 4.953 0.2782 0.5690
1L1W 236 5.707 0.3695 0.6638
1L1W 237 2.073 0.4458 0.7845
1L1W 238 2.682 0.4798 0.7931
1L1W 239 4.761 0.3178 0.6121
1L1W 240 2.659 0.4370 0.7586
1L1W 241 3.840 0.4816 0.7672
1L1W 242 10.680 0.1118 0.2414
1L1W 243 9.777 0.1391 0.3190
1L1W 244 5.805 0.4184 0.6810
1L1W 245 11.138 0.1830 0.3879
1L1W 246 6.632 0.3075 0.5776
1L1W 247 12.723 0.2448 0.3879
1L1W 248 14.043 0.1314 0.2845
1L1W 249 8.770 0.2941 0.4828
1L1W 250 9.180 0.1909 0.3534
1L1W 251 9.550 0.2224 0.4483
1L1W 252 6.705 0.2300 0.4914
1L1W 253 4.881 0.3955 0.6810
1L1W 254 7.042 0.1976 0.5000
1L1W 255 8.899 0.3022 0.5431
1L1W 256 4.797 0.2584 0.5776
1L1W 257 7.571 0.1936 0.4483
1L1W 258 11.798 0.2383 0.4052
1L1W 259 13.754 0.2450 0.3966
1L1W 260 5.217 0.2568 0.5259
1L1W 261 9.593 0.2890 0.4828
1L1W 262 12.150 0.2240 0.4741
1L1W 263 6.545 0.3410 0.5690
1L1W 264 10.000 0.2765 0.4741
1L1W 265 5.076 0.2270 0.5259
1L1W 266 4.816 0.2184 0.5431
1L1W 267 4.974 0.3241 0.6034
1L1W 268 2.753 0.3626 0.7069
1L1W 269 9.724 0.1645 0.3966
1L1W 270 4.069 0.4090 0.6983
1L1W 271 3.333 0.4848 0.7500
1L1W 272 11.001 0.2385 0.3966
1L1W 273 8.985 0.2798 0.4483
1L1W 274 14.303 0.2468 0.4310
1L1W 275 4.504 0.2772 0.5862
1L1W 276 1.559 0.4652 0.8276
1L1W 277 14.170 0.2558 0.4397
1L1W 278 4.132 0.3303 0.6724
1L1W 279 2.893 0.4672 0.7931
1L1W 280 2.055 0.5270 0.8448
1L1W 281 2.999 0.3688 0.6983
1L1W 282 12.047 0.1856 0.3190
1L1W 283 9.158 0.1688 0.3276
1L1W 284 8.023 0.2431 0.4741
1L1W 285 11.579 0.1842 0.3966
1L1W 286 8.948 0.1579 0.3707
1L1W 287 8.185 0.1784 0.3362
1L1W 288 9.170 0.2538 0.4483
1L1W 289 13.101 0.1525 0.3017
1L1W 290 8.678 0.2567 0.4828
1L1W 291 13.164 0.1407 0.2931
1L1W 292 13.453 0.2525 0.4655
1L1W 293 5.296 0.2346 0.5086
1L1W 294 8.017 0.2553 0.4914
1L1W 295 9.504 0.2561 0.4052
1L1W 296 11.604 0.2433 0.4397
1L1W 297 6.675 0.3073 0.5603
1L1W 298 10.726 0.1261 0.2672
1L1W 299 11.128 0.3651 0.5517
1L1W 300 12.339 0.1678 0.3103
1L1W 301 11.912 0.1699 0.3534
1L1W 302 10.107 0.2227 0.4052
1L1W 303 11.672 0.2072 0.3879
1L1W 304 6.496 0.3037 0.5690
1L1W 305 9.339 0.1655 0.3534
1L1W 306 7.604 0.2841 0.5000
1L1W 307 11.711 0.2819 0.4914
1L1W 308 5.180 0.3288 0.6121
1L1W 309 3.236 0.3613 0.6897
1L1W 310 3.727 0.3335 0.6466
1L1W 311 3.322 0.4203 0.7500
1L1W 312 7.060 0.2794 0.4914
1L1W 313 2.446 0.4724 0.7759
1L1W 314 3.436 0.3693 0.7155
1L1W 315 2.724 0.3805 0.7155
1L1W 316 3.589 0.4236 0.7414
1L1W 317 1.593 0.5634 0.8621
1L1W 318 2.599 0.4355 0.7672
1L1W 319 2.190 0.3938 0.7672
1L1W 320 1.814 0.4496 0.8017
1L1W 321 1.594 0.4995 0.8190
1L1W 322 8.272 0.2560 0.4741
1L1W 323 12.579 0.2132 0.3707
1L1W 324 9.526 0.2063 0.4483
1L1W 325 10.493 0.1766 0.3103
1L1W 326 11.748 0.1574 0.2931
1L1W 327 8.120 0.2535 0.4569
1L1W 328 13.918 0.1402 0.2759
1L1W 329 13.365 0.1445 0.3276
1L1W 330 10.582 0.2092 0.4138
1L1W 331 13.710 0.1236 0.2586
1L1W 332 8.976 0.2657 0.4569
1L1W 333 8.781 0.2866 0.5172
1L1W 334 10.234 0.1890 0.4224
1L1W 335 11.394 0.1979 0.3707
1L1W 336 7.366 0.2313 0.4655
1L1W 337 8.697 0.2089 0.4569
1L1W 338 14.646 0.1557 0.3448
1L1W 339 7.041 0.2086 0.4828
1L1W 340 7.460 0.3325 0.5776
1L1W 341 5.247 0.2499 0.5259
1L1W 342 7.540 0.2840 0.5690
1L1W 343 10.108 0.2679 0.4914
1L1W 344 12.913 0.1563 0.3621
1L1W 345 7.588 0.2090 0.4138
1L1W 346 3.814 0.3450 0.6638
1L1W 347 3.106 0.4287 0.7414
1L1W 348 1.772 0.5532 0.8707
1L1W 349 3.816 0.4036 0.7069
1L1W 350 2.110 0.3823 0.7672
1L1W 351 9.385 0.3155 0.5517
1L1W 352 2.109 0.3627 0.7586
1L1W 353 2.672 0.2941 0.6638
1L1W 354 2.159 0.4032 0.7672
1L1W 355 2.139 0.5100 0.8276
1L1W 356 3.508 0.3376 0.6724
1L1W 357 3.910 0.3299 0.6724
1L1W 358 2.109 0.4105 0.7759
1L1W 359 2.362 0.4286 0.7586
1L1W 360 2.862 0.3797 0.7328
1L1W 361 2.187 0.3775 0.7586
1L1W 362 5.659 0.2503 0.5345
1L1W 363 8.458 0.2041 0.4052
1L1W 364 9.099 0.1647 0.4052
1L1W 365 8.638 0.3374 0.5603
1L1W 366 12.618 0.2188 0.4828
1L1W 367 9.732 0.2111 0.4052
1L1W 368 8.073 0.1504 0.3362
1L1W 369 5.376 0.3778 0.6638
1L1W 370 9.304 0.1775 0.3707
1L1W 371 7.859 0.2600 0.5086
1L1W 372 9.400 0.1909 0.4052
1L1W 373 6.185 0.3441 0.5948
1L1W 374 6.446 0.1977 0.4397
1L1W 375 10.535 0.1783 0.3793
1L1W 376 3.292 0.4500 0.7414
1L1W 377 4.930 0.4595 0.6724
1L1W 378 8.161 0.2475 0.4914
1L1W 379 8.756 0.2925 0.5345
1L1W 380 11.043 0.2053 0.3879
1L1W 381 5.500 0.2200 0.5086
1L1W 382 8.459 0.2012 0.3793
1L1W 383 3.937 0.3814 0.6810
1L1W 384 12.618 0.1364 0.2845
1L1W 385 9.182 0.1827 0.4310
1L1W 386 3.287 0.3505 0.6810
1L1W 387 2.241 0.4413 0.7672
1L1W 388 9.804 0.2016 0.4655
1L1W 389 5.400 0.3549 0.6293
1L1W 390 12.874 0.1715 0.3362
1L1W 391 2.135 0.3689 0.7845
1L1W 392 5.407 0.3768 0.7241
1L1W 393 4.827 0.2959 0.5862
1L1W 394 1.975 0.4080 0.7845
1L1W 395 3.163 0.3517 0.6810
1L1W 396 2.845 0.3075 0.6897
1L1W 397 1.439 0.5103 0.8362
1L1W 398 3.313 0.2586 0.6466
1L1W 399 2.603 0.4535 0.7845
1L1W 400 2.110 0.4033 0.7586
1L1W 401 5.416 0.3607 0.6552
1L1W 402 1.217 0.5946 0.8966
1L1W 403 1.475 0.5155 0.8362
1L1W 404 1.307 0.5583 0.8448
1L1W 405 1.464 0.5386 0.8362
1L1W 406 1.504 0.5079 0.8276
1L1W 407 1.456 0.5176 0.8276
1L1W 408 1.484 0.5112 0.8276
1L1W 409 1.456 0.5198 0.8276
1L1W 410 1.477 0.5156 0.8276
1L1W 411 1.457 0.5215 0.8362
1L1W 412 1.458 0.5191 0.8448
1L1W 413 1.463 0.5194 0.8362
1L1W 414 1.458 0.5202 0.8362
1L1W 415 1.458 0.5194 0.8362
1L1W 416 1.465 0.5204 0.8362
1L1W 417 1.466 0.5197 0.8362
1L1W 418 1.449 0.5227 0.8362
1L1W 419 1.456 0.5197 0.8448
1L1W 420 1.474 0.5166 0.8362
1L1W 421 1.467 0.5192 0.8362
1L1W 422 1.459 0.5195 0.8362
1L1W 423 1.462 0.5182 0.8362
1L1W 424 1.461 0.5180 0.8276
1L1W 425 1.464 0.5202 0.8448
1L1W 426 1.457 0.5220 0.8362
1L1W 427 1.471 0.5179 0.8362
1L1W 428 1.474 0.5172 0.8362
1L1W 429 1.483 0.5169 0.8362
1L1W 430 1.471 0.5191 0.8362
1L1W 431 1.449 0.5231 0.8362
1L1W 432 1.454 0.5234 0.8362
1L1W 433 1.474 0.5158 0.8448
1L1W 434 1.454 0.5186 0.8448
1L1W 435 1.488 0.5153 0.8362
1L1W 436 1.461 0.5199 0.8362
1L1W 437 1.465 0.5173 0.8362
1L1W 438 1.464 0.5185 0.8276
1L1W 439 1.456 0.5171 0.8362
1L1W 440 1.489 0.5133 0.8190
1L1W 441 1.473 0.5162 0.8276
1L1W 442 1.452 0.5175 0.8448
1L1W 443 1.489 0.5128 0.8362
1L1W 444 1.475 0.5134 0.8276
1L1W 445 1.465 0.5170 0.8448
1L1W 446 1.516 0.5130 0.8190
1L1W 447 1.460 0.5187 0.8276
1L1W 448 1.474 0.5177 0.8362
1L1W 449 1.456 0.5210 0.8448
1L1W 450 1.462 0.5125 0.8276
1L1W 451 1.467 0.5125 0.8448
1L1W 452 1.477 0.5154 0.8276
1L1W 453 1.443 0.5162 0.8362
1L1W 454 1.448 0.5242 0.8276
1L1W 455 1.481 0.5154 0.8190
1L1W 456 1.464 0.5179 0.8276
1L1W 457 1.455 0.5174 0.8362
1L1W 458 1.476 0.5139 0.8276
1L1W 459 1.440 0.5214 0.8448
1L1W 460 1.484 0.5093 0.8276
1L1W 461 1.454 0.5164 0.8362
1L1W 462 1.481 0.5126 0.8362
1L1W 463 1.444 0.5220 0.8448
1L1W 464 1.454 0.5197 0.8448
1L1W 465 1.469 0.5140 0.8362
1L1W 466 1.434 0.5261 0.8362
1L1W 467 1.447 0.5163 0.8276
1L1W 468 1.470 0.5221 0.8276
1L1W 469 1.451 0.5211 0.8276
1L1W 470 1.535 0.4965 0.8190
1L1W 471 1.468 0.5069 0.8362
1L1W 472 1.521 0.5040 0.8276
1L1W 473 1.493 0.5002 0.8190
1L1W 474 1.522 0.4935 0.8276
1L1W 475 1.568 0.4889 0.8190
1L1W 476 1.497 0.5036 0.8190
1L1W 477 1.586 0.4827 0.8103
1L1W 478 1.526 0.4899 0.8190
1L1W 479 1.530 0.4914 0.8103
1L1W 480 1.598 0.4783 0.8103
1L1W 481 1.540 0.4813 0.8190
1L1W 482 1.523 0.4952 0.8276
1L1W 483 1.464 0.5056 0.8448
1L1W 484 1.496 0.4988 0.8276
1L1W 485 1.523 0.4851 0.8276
1L1W 486 1.565 0.4764 0.8276
1L1W 487 1.532 0.4882 0.8276
1L1W 488 1.641 0.4703 0.8103
1L1W 489 1.615 0.4753 0.8103
1L1W 490 1.576 0.4775 0.8103
1L1W 491 1.595 0.4720 0.8190
1L1W 492 1.573 0.4813 0.8190
1L1W 493 1.529 0.4906 0.8276
1L1W 494 1.533 0.4867 0.8276
1L1W 495 1.482 0.4945 0.8276
1L1W 496 1.507 0.4880 0.8276
1L1W 497 1.504 0.4968 0.8276
1L1W 498 1.502 0.4911 0.8276
1L1W 499 1.498 0.4888 0.8362
1L1W 500 1.475 0.5033 0.8362
1L1W 501 1.419 0.5156 0.8362
1L1W 502 1.457 0.5002 0.8276
1L1W 503 1.431 0.5084 0.8362
1L1W 504 1.465 0.4997 0.8362
1L1W 505 1.466 0.5070 0.8362
1L1W 506 1.374 0.5298 0.8362
1L1W 507 1.440 0.5138 0.8276
1L1W 508 1.405 0.5246 0.8448
1L1W 509 1.411 0.5209 0.8448
1L1W 510 1.425 0.5212 0.8448
1L1W 511 1.474 0.5046 0.8448
1L1W 512 1.437 0.5175 0.8276
1L1W 513 1.429 0.5137 0.8362
1L1W 514 1.403 0.5305 0.8362
1L1W 515 1.475 0.5062 0.8276
1L1W 516 1.439 0.5179 0.8362
1L1W 517 1.417 0.5167 0.8534
1L1W 518 1.459 0.5077 0.8362
1L1W 519 1.321 0.5426 0.8448
1L1W 520 1.579 0.4766 0.8276
1L1W 521 1.522 0.4997 0.8276
1L1W 522 1.440 0.5122 0.8448
1L1W 523 1.541 0.4908 0.8190
1L1W 524 1.511 0.5016 0.8276
1L1W 525 1.471 0.5007 0.8276
1L1W 526 1.514 0.5039 0.8276
1L1W 527 1.385 0.5241 0.8362
1L1W 528 1.493 0.4983 0.8276
1L1W 529 1.542 0.4866 0.8276
1L1W 530 1.438 0.5056 0.8276
1L1W 531 1.536 0.4836 0.8276
1L1W 532 1.485 0.5051 0.8362
1L1W 533 1.507 0.4879 0.8276
1L1W 534 1.414 0.5204 0.8448
1L1W 535 1.431 0.5212 0.8448
1L1W 536 1.475 0.4957 0.8362
1L1W 537 1.492 0.5086 0.8190
1L1W 538 1.427 0.5141 0.8362
1L1W 539 1.475 0.5047 0.8362
1L1W 540 1.467 0.5134 0.8362
1L1W 541 1.426 0.5275 0.8448
1L1W 542 1.504 0.5054 0.8362
1L1W 543 1.487 0.5025 0.8276
1L1W 544 1.456 0.5119 0.8448
1L1W 545 1.557 0.4849 0.8276
1L1W 546 1.460 0.4990 0.8362
1L1W 547 1.453 0.5099 0.8276
1L1W 548 1.449 0.5102 0.8448
1L1W 549 1.463 0.4961 0.8362
1L1W 550 1.453 0.5034 0.8362
1L1W 551 1.371 0.5364 0.8534
1L1W 552 1.433 0.5267 0.8448
1L1W 553 1.487 0.4974 0.8362
1L1W 554 1.478 0.5065 0.8362
1L1W 555 1.452 0.5118 0.8362
1L1W 556 1.500 0.5022 0.8190
1L1W 557 1.473 0.4981 0.8362
1L1W 558 1.513 0.5045 0.8448
1L1W 559 1.513 0.4938 0.8448
1L1W 560 1.400 0.5242 0.8362
1L1W 561 1.514 0.4875 0.8362
1L1W 562 1.529 0.4892 0.8276
1L1W 563 1.530 0.4911 0.8190
1L1W 564 1.569 0.4800 0.8190
1L1W 565 1.486 0.5116 0.8362
1L1W 566 1.657 0.4805 0.8190
1L1W 567 1.574 0.4700 0.8103
1L1W 568 1.463 0.5096 0.8276
1L1W 569 1.507 0.4951 0.8362
1L1W 570 1.562 0.4873 0.8190
1L1W 571 1.646 0.4768 0.8017
1L1W 572 1.491 0.5012 0.8276
1L1W 573 1.362 0.5331 0.8362
1L1W 574 1.400 0.5237 0.8362
1L1W 575 1.522 0.4878 0.8276
1L1W 576 1.478 0.5083 0.8362
1L1W 577 1.509 0.5002 0.8362
1L1W 578 1.422 0.5266 0.8362
1L1W 579 1.358 0.5503 0.8534
1L1W 580 1.496 0.5099 0.8276
1L1W 581 1.390 0.5330 0.8448
1L1W 582 1.434 0.5114 0.8362
1L1W 583 1.365 0.5286 0.8362
1L1W 584 1.369 0.5414 0.8621
1L1W 585 1.503 0.5022 0.8448
1L1W 586 1.467 0.5000 0.8362
1L1W 587 1.444 0.5173 0.8362
1L1W 588 1.532 0.5003 0.8448
1L1W 589 1.478 0.5120 0.8448
1L1W 590 1.508 0.4957 0.8276
1L1W 591 1.546 0.4855 0.8190
1L1W 592 1.553 0.4825 0.8276
1L1W 593 1.531 0.5070 0.8276
1L1W 594 1.493 0.5174 0.8448
1L1W 595 1.545 0.5082 0.8190
1L1W 596 1.637 0.4784 0.8276
1L1W 597 1.567 0.5027 0.8190
1L1W 598 1.636 0.4869 0.8017
1L1W 599 1.763 0.4615 0.8103
1L1W 600 1.621 0.4915 0.8190
1L1W 601 1.429 0.5462 0.8621
1L1W 602 1.508 0.5116 0.8276
1L1W 603 1.614 0.4929 0.8276
1L1W 604 1.566 0.5089 0.8276
1L1W 605 1.517 0.5109 0.8190
1L1W 606 1.562 0.5021 0.8362
1L1W 607 1.673 0.4704 0.8190
1L1W 608 1.616 0.4952 0.8190
1L1W 609 1.537 0.4969 0.8276
1L1W 610 1.556 0.5070 0.8276
1L1W 611 1.459 0.5409 0.8448
1L1W 612 1.494 0.5111 0.8448
1L1W 613 1.665 0.4787 0.8017
1L1W 614 1.762 0.4642 0.8103
1L1W 615 1.495 0.5060 0.8276
1L1W 616 1.568 0.5036 0.8276
1L1W 617 1.434 0.5253 0.8448
1L1W 618 1.638 0.4840 0.8190
1L1W 619 1.631 0.4803 0.8190
1L1W 620 1.518 0.5035 0.8190
1L1W 621 1.533 0.5041 0.8190
1L1W 622 1.614 0.4788 0.8190
1L1W 623 1.593 0.5031 0.8190
1L1W 624 1.654 0.4928 0.8190
1L1W 625 1.659 0.4857 0.8017
1L1W 626 1.782 0.4633 0.8017
1L1W 627 1.777 0.4795 0.8103
1L1W 628 1.562 0.5111 0.8190
1L1W 629 1.504 0.5146 0.8190
1L1W 630 1.736 0.4700 0.8103
1L1W 631 1.731 0.4879 0.8103
1L1W 632 1.675 0.4707 0.8190
1L1W 633 1.598 0.5076 0.8190
1L1W 634 1.577 0.5225 0.8362
1L1W 635 1.844 0.4727 0.8017
1L1W 636 1.578 0.5070 0.8362
1L1W 637 1.866 0.4560 0.8017
1L1W 638 1.633 0.4967 0.8276
1L1W 639 1.664 0.4903 0.8017
1L1W 640 1.598 0.5155 0.8362
1L1W 641 1.691 0.4864 0.8103
1L1W 642 1.602 0.5027 0.8276
1L1W 643 1.572 0.5026 0.8276
1L1W 644 1.714 0.4742 0.8103
1L1W 645 1.687 0.4914 0.8362
1L1W 646 1.645 0.4947 0.8276
1L1W 647 1.601 0.5054 0.8362
1L1W 648 1.531 0.5173 0.8362
1L1W 649 1.512 0.5425 0.8362
1L1W 650 1.510 0.5198 0.8362
1L1W 651 1.438 0.5416 0.8534
1L1W 652 1.577 0.4932 0.8190
1L1W 653 1.613 0.4886 0.8190
1L1W 654 1.486 0.5110 0.8190
1L1W 655 1.619 0.4650 0.8017
1L1W 656 1.483 0.5167 0.8362
1L1W 657 1.682 0.4825 0.7931
1L1W 658 1.570 0.4924 0.8103
1L1W 659 1.548 0.4764 0.8190
1L1W 660 1.745 0.4567 0.7931
1L1W 661 1.600 0.4983 0.8103
1L1W 662 1.640 0.5032 0.8276
1L1W 663 1.683 0.4897 0.8276
1L1W 664 1.673 0.4895 0.8190
1L1W 665 1.649 0.4979 0.8190
1L1W 666 1.777 0.4828 0.8190
1L1W 667 1.782 0.4769 0.8017
1L1W 668 1.683 0.4915 0.8276
1L1W 669 1.729 0.4703 0.8103
1L1W 670 1.776 0.4887 0.8190
1L1W 671 1.685 0.4956 0.8190
1L1W 672 1.692 0.4959 0.8276
1L1W 673 1.665 0.4845 0.8190
1L1W 674 1.725 0.4650 0.8103
1L1W 675 1.858 0.4648 0.8017
1L1W 676 1.620 0.4755 0.8103
1L1W 677 1.697 0.4924 0.8103
1L1W 678 1.697 0.4781 0.8017
1L1W 679 1.723 0.4698 0.7931
1L1W 680 1.590 0.4854 0.8276
1L1W 681 1.745 0.4778 0.7931
1L1W 682 1.681 0.4825 0.8103
1L1W 683 1.698 0.4837 0.8103
1L1W 684 1.706 0.4762 0.8103
1L1W 685 1.595 0.5047 0.8190
1L1W 686 1.748 0.4816 0.8017
1L1W 687 1.523 0.5237 0.8362
1L1W 688 1.640 0.4987 0.8276
1L1W 689 1.584 0.5013 0.8276
1L1W 690 1.628 0.4928 0.8103
1L1W 691 1.698 0.4958 0.8190
1L1W 692 1.742 0.4779 0.8103
1L1W 693 1.642 0.4921 0.8017
1L1W 694 1.570 0.5083 0.8276
1L1W 695 1.639 0.5063 0.8362
1L1W 696 1.598 0.5042 0.8448
1L1W 697 1.782 0.4662 0.8103
1L1W 698 1.655 0.5010 0.8103
1L1W 699 1.612 0.5429 0.8276
1L1W 700 1.782 0.4893 0.8103
1L1W 701 1.706 0.4827 0.8190
1L1W 702 1.749 0.5041 0.8190
1L1W 703 1.590 0.5077 0.8276
1L1W 704 1.590 0.5134 0.8362
1L1W 705 1.622 0.5010 0.8190
1L1W 706 1.756 0.4835 0.8017
1L1W 707 1.704 0.4897 0.8276
1L1W 708 1.707 0.4867 0.8190
1L1W 709 1.538 0.5091 0.8190
1L1W 710 1.592 0.5224 0.8276
1L1W 711 1.659 0.4763 0.8103
1L1W 712 1.694 0.5040 0.8276
1L1W 713 1.558 0.5235 0.8276
1L1W 714 1.649 0.4968 0.8190
1L1W 715 1.941 0.4758 0.7931
1L1W 716 1.694 0.4884 0.8103
1L1W 717 1.638 0.4988 0.8276
1L1W 718 1.585 0.4919 0.8103
1L1W 719 1.682 0.4628 0.8017
1L1W 720 1.716 0.4786 0.8103
1L1W 721 1.758 0.4689 0.8103
1L1W 722 1.619 0.4842 0.8190
1L1W 723 1.717 0.4943 0.8276
1L1W 724 1.697 0.5067 0.8362
1L1W 725 1.589 0.5119 0.8190
1L1W 726 1.564 0.5157 0.8448
1L1W 727 1.601 0.5188 0.8448
1L1W 728 1.892 0.4783 0.8103
1L1W 729 1.786 0.4497 0.8017
1L1W 730 1.685 0.4772 0.8190
1L1W 731 1.721 0.4761 0.8017
1L1W 732 1.694 0.4996 0.8103
1L1W 733 1.849 0.4803 0.8017
1L1W 734 1.858 0.4754 0.8103
1L1W 735 1.622 0.5019 0.8276
1L1W 736 1.799 0.4696 0.8017
1L1W 737 1.661 0.4725 0.8362
1L1W 738 1.699 0.4858 0.8017
1L1W 739 1.753 0.4661 0.8017
1L1W 740 1.900 0.4597 0.7931
1L1W 741 1.639 0.4995 0.8190
1L1W 742 1.926 0.4660 0.8103
1L1W 743 1.768 0.4880 0.8276
1L1W 744 1.842 0.4794 0.8190
1L1W 745 1.750 0.4768 0.8190
1L1W 746 1.580 0.5000 0.8276
1L1W 747 1.749 0.4918 0.8103
1L1W 748 1.786 0.4829 0.8103
1L1W 749 1.677 0.4884 0.8362
1L1W 750 1.599 0.5147 0.8362
1L1W 751 1.586 0.5288 0.8448
1L1W 752 1.728 0.4787 0.8190
1L1W 753 1.972 0.4607 0.8103
1L1W 754 1.962 0.4462 0.7931
1L1W 755 1.401 0.5677 0.8707
1L1W 756 1.466 0.5520 0.8707
1L1W 757 1.613 0.4939 0.8276
1L1W 758 1.678 0.4918 0.8276
1L1W 759 1.723 0.4819 0.8190
1L1W 760 1.746 0.5008 0.8276
1L1W 761 1.774 0.5207 0.8276
1L1W 762 1.809 0.4734 0.8190
1L1W 763 1.914 0.4575 0.7845
1L1W 764 1.920 0.4828 0.8103
1L1W 765 1.848 0.4598 0.8017
1L1W 766 1.666 0.4825 0.8190
1L1W 767 1.702 0.4762 0.8017
1L1W 768 1.958 0.4389 0.7845
1L1W 769 1.799 0.4805 0.8017
1L1W 770 1.739 0.5016 0.8103
1L1W 771 1.795 0.4881 0.8190
1L1W 772 1.732 0.5066 0.8190
1L1W 773 1.887 0.4781 0.7931
1L1W 774 1.822 0.5031 0.8276
1L1W 775 1.822 0.4932 0.8276
1L1W 776 1.966 0.4878 0.8017
1L1W 777 1.686 0.5202 0.8190
1L1W 778 1.622 0.5139 0.8362
1L1W 779 1.682 0.5070 0.8276
1L1W 780 1.671 0.5183 0.8448
1L1W 781 1.802 0.5027 0.8190
1L1W 782 1.992 0.4801 0.7931
1L1W 783 1.818 0.4738 0.8103
1L1W 784 1.680 0.4929 0.8103
1L1W 785 1.658 0.4935 0.8276
1L1W 786 1.732 0.4778 0.8190
1L1W 787 1.736 0.5001 0.8276
1L1W 788 1.670 0.5143 0.8190
1L1W 789 1.723 0.5192 0.8276
1L1W 790 1.732 0.4983 0.8276
1L1W 791 1.810 0.4726 0.8103
1L1W 792 1.726 0.4737 0.8103
1L1W 793 1.762 0.4985 0.8362
1L1W 794 1.757 0.4942 0.8190
1L1W 795 1.859 0.4606 0.8017
1L1W 796 1.869 0.4482 0.7931
1L1W 797 1.619 0.4990 0.8276
1L1W 798 1.770 0.4796 0.8190
1L1W 799 1.888 0.4891 0.8190
1L1W 800 1.742 0.4755 0.8103
1L1W 801 1.864 0.4794 0.8103
1L1W 802 1.835 0.4617 0.7931
1L1W 803 1.781 0.4704 0.8276
1L1W 804 1.623 0.4837 0.8017
1L1W 805 1.974 0.4621 0.7931
1L1W 806 1.949 0.4791 0.8017
1L1W 807 1.683 0.5076 0.8362
1L1W 808 1.551 0.5135 0.8190
1L1W 809 1.739 0.4923 0.8190
1L1W 810 1.842 0.5048 0.8190
1L1W 811 1.850 0.4747 0.7931
1L1W 812 1.726 0.4872 0.8190
1L1W 813 1.523 0.4870 0.8448
1L1W 814 1.487 0.5137 0.8362
1L1W 815 1.637 0.5074 0.8276
1L1W 816 1.929 0.4651 0.7845
1L1W 817 1.848 0.4855 0.8017
1L1W 818 1.833 0.4895 0.8103
1L1W 819 1.601 0.5020 0.8190
1L1W 820 1.723 0.4976 0.8276
1L1W 821 1.769 0.5000 0.8190
1L1W 822 1.906 0.4406 0.7845
1L1W 823 1.783 0.4821 0.7931
1L1W 824 1.902 0.4877 0.8103
1L1W 825 1.790 0.4778 0.8190
1L1W 826 1.769 0.4925 0.8103
1L1W 827 1.791 0.5110 0.8362
1L1W 828 1.800 0.4705 0.8103
1L1W 829 1.715 0.4977 0.8103
1L1W 830 1.846 0.4575 0.7931
1L1W 831 2.044 0.4752 0.7845
1L1W 832 1.663 0.4754 0.8017
1L1W 833 1.939 0.4466 0.7931
1L1W 834 1.862 0.4573 0.7931
1L1W 835 1.614 0.5046 0.8276
1L1W 836 1.688 0.4780 0.8017
1L1W 837 1.949 0.4691 0.8103
1L1W 838 1.853 0.4645 0.8017
1L1W 839 1.769 0.5007 0.8190
1L1W 840 1.875 0.4881 0.8103
1L1W 841 1.990 0.4644 0.7931
1L1W 842 1.640 0.5181 0.8362
1L1W 843 1.822 0.4658 0.8190
1L1W 844 1.879 0.4771 0.8103
1L1W 845 1.673 0.5037 0.8276
1L1W 846 2.080 0.4600 0.7931
1L1W 847 1.814 0.4765 0.8017
1L1W 848 1.788 0.4792 0.8103
1L1W 849 1.580 0.4901 0.8276
1L1W 850 1.676 0.5088 0.8276
1L1W 851 1.979 0.4757 0.8017
1L1W 852 1.738 0.4674 0.8190
1L1W 853 1.783 0.5269 0.8362
1L1W 854 1.937 0.4880 0.8017
1L1W 855 1.794 0.4759 0.8017
1L1W 856 1.938 0.4609 0.7931
1L1W 857 1.670 0.4847 0.8276
1L1W 858 1.598 0.4897 0.8276
1L1W 859 1.620 0.5066 0.8276
1L1W 860 1.738 0.5053 0.8276
1L1W 861 1.445 0.5592 0.8793
1L1W 862 1.714 0.5125 0.8448
1L1W 863 1.759 0.4956 0.8103
1L1W 864 1.650 0.5009 0.8276
1L1W 865 1.663 0.5301 0.8621
1L1W 866 1.594 0.5656 0.8621
1L1W 867 1.623 0.5362 0.8621
1L1W 868 1.549 0.5318 0.8448
1L1W 869 1.486 0.5335 0.8362
1L1W 870 1.660 0.5196 0.8448
1L1W 871 1.612 0.5177 0.8448
1L1W 872 1.731 0.5459 0.8534
1L1W 873 1.432 0.5699 0.8534
1L1W 874 1.642 0.5322 0.8448
1L1W 875 1.627 0.5362 0.8448
1L1W 876 1.636 0.5212 0.8448
1L1W 877 1.671 0.5349 0.8448
1L1W 878 1.614 0.5405 0.8534
1L1W 879 1.659 0.5187 0.8448
1L1W 880 1.920 0.4987 0.8276
1L1W 881 1.651 0.5385 0.8534
1L1W 882 1.738 0.4927 0.8448
1L1W 883 1.702 0.5124 0.8534
1L1W 884 1.711 0.5169 0.8448
1L1W 885 1.721 0.5189 0.8362
1L1W 886 1.734 0.5171 0.8276
1L1W 887 1.654 0.5298 0.8534
1L1W 888 1.759 0.5123 0.8448
1L1W 889 1.861 0.4925 0.8362
1L1W 890 1.840 0.5208 0.8448
1L1W 891 1.673 0.5508 0.8793
1L1W 892 1.729 0.5188 0.8621
1L1W 893 1.645 0.5347 0.8448
1L1W 894 1.812 0.4756 0.8190
1L1W 895 1.865 0.5255 0.8362
1L1W 896 1.867 0.5186 0.8362
1L1W 897 1.885 0.5190 0.8276
1L1W 898 1.572 0.5286 0.8448
1L1W 899 1.822 0.4947 0.8190
1L1W 900 1.853 0.5243 0.8362
1L1W 901 1.657 0.5519 0.8793
1L1W 902 1.754 0.5071 0.8448
1L1W 903 1.693 0.4969 0.8362
1L1W 904 1.606 0.5292 0.8621
1L1W 905 1.798 0.4904 0.8276
1L1W 906 1.712 0.5148 0.8362
1L1W 907 1.852 0.5385 0.8621
1L1W 908 1.887 0.5212 0.8276
1L1W 909 2.093 0.4825 0.8017
1L1W 910 2.345 0.5003 0.8190
1L1W 911 2.366 0.4818 0.7845
1L1W 912 2.349 0.4868 0.7931
1L1W 913 2.028 0.5099 0.8276
1L1W 914 2.217 0.4886 0.8103
1L1W 915 2.047 0.5328 0.8276
1L1W 916 2.160 0.4708 0.7759
1L1W 917 2.423 0.4935 0.7845
1L1W 918 2.118 0.5145 0.8190
1L1W 919 2.059 0.5617 0.8362
1L1W 920 2.288 0.5234 0.8190
1L1W 921 2.086 0.5192 0.8190
1L1W 922 2.208 0.4822 0.8103
1L1W 923 2.057 0.5054 0.8017
1L1W 924 2.091 0.5326 0.8276
1L1W 925 2.007 0.5146 0.8362
1L1W 926 2.195 0.5520 0.8276
1L1W 927 2.122 0.5306 0.8276
1L1W 928 2.311 0.5182 0.8103
1L1W 929 2.185 0.5094 0.8017
1L1W 930 2.265 0.5007 0.8103
1L1W 931 2.477 0.4805 0.7931
1L1W 932 2.182 0.5105 0.8103
1L1W 933 2.223 0.5454 0.8103
1L1W 934 2.270 0.5194 0.7931
1L1W 935 2.416 0.4449 0.7586
1L1W 936 2.492 0.4278 0.7500
1L1W 937 2.401 0.4470 0.7500
1L1W 938 2.294 0.4438 0.7500
1L1W 939 2.357 0.4625 0.7759
1L1W 940 2.156 0.4840 0.7931
1L1W 941 2.261 0.4754 0.7845
1L1W 942 2.142 0.5102 0.7931
1L1W 943 2.263 0.4758 0.7845
1L1W 944 2.523 0.4450 0.7500
1L1W 945 2.292 0.4127 0.7414
1L1W 946 2.411 0.4389 0.7759
1L1W 947 2.269 0.4190 0.7414
1L1W 948 2.320 0.4348 0.7586
1L1W 949 2.481 0.4349 0.7500
1L1W 950 2.293 0.3954 0.7414
1L1W 951 2.350 0.4154 0.7500
1L1W 952 2.088 0.4244 0.7845
1L1W 953 2.238 0.4745 0.7845
1L1W 954 2.352 0.4267 0.7500
1L1W 955 2.273 0.4247 0.7672
1L1W 956 2.250 0.3862 0.7328
1L1W 957 2.194 0.4345 0.7672
1L1W 958 2.407 0.4295 0.7500
1L1W 959 2.389 0.4268 0.7500
1L1W 960 2.412 0.3939 0.7328
1L1W 961 2.460 0.4494 0.7414
1L1W 962 2.407 0.4016 0.7328
1L1W 963 2.352 0.4193 0.7586
1L1W 964 2.244 0.4448 0.7845
1L1W 965 2.340 0.4582 0.7672
1L1W 966 2.380 0.3951 0.7414
1L1W 967 2.252 0.4590 0.7759
1L1W 968 2.370 0.4470 0.7759
1L1W 969 2.284 0.4538 0.7759
1L1W 970 2.263 0.4399 0.7672
1L1W 971 2.329 0.4585 0.7672
1L1W 972 2.225 0.4051 0.7500
1L1W 973 2.434 0.4816 0.7672
1L1W 974 2.484 0.4177 0.7328
1L1W 975 2.301 0.4134 0.7414
1L1W 976 2.401 0.4344 0.7586
1L1W 977 2.467 0.4468 0.7586
1L1W 978 2.349 0.4443 0.7586
1L1W 979 2.328 0.4388 0.7586
1L1W 980 2.448 0.3913 0.7241
1L1W 981 2.454 0.3964 0.7414
1L1W 982 2.419 0.3936 0.7414
1L1W 983 2.580 0.4203 0.7328
1L1W 984 2.397 0.4215 0.7328
1L1W 985 2.157 0.3907 0.7414
1L1W 986 2.194 0.4355 0.7586
1L1W 987 2.249 0.4297 0.7672
1L1W 988 2.582 0.4291 0.7414
1L1W 989 2.277 0.4307 0.7672
1L1W 990 2.259 0.4365 0.7586
1L1W 991 2.124 0.4429 0.7759
1L1W 992 2.253 0.4198 0.7586
1L1W 993 2.214 0.4061 0.7414
1L1W 994 2.204 0.4457 0.7672
1L1W 995 2.195 0.4331 0.7672
1L1W 996 2.301 0.4291 0.7586
1L1W 997 2.202 0.4641 0.7931
1L1W 998 2.322 0.4280 0.7500
1L1W 999 2.190 0.4209 0.7672
1L1W 1000 2.303 0.4113 0.7500
1L1W 1001 2.109 0.4233 0.7586
1L1W 1002 2.182 0.4209 0.7586
1L1W 1003 2.169 0.4481 0.7672
1L1W 1004 2.052 0.4509 0.7672
1L1W 1005 2.161 0.4379 0.7845
1L1W 1006 2.469 0.4294 0.7328
1L1W 1007 2.196 0.4653 0.7759
1L1W 1008 2.190 0.4215 0.7414
1L1W 1009 2.286 0.4251 0.7586
1L1W 1010 2.138 0.4134 0.7414
1L1W 1011 2.134 0.4386 0.7586
1L1W 1012 2.176 0.4490 0.7586
1L1W 1013 2.180 0.4187 0.7586
1L1W 1014 2.057 0.4431 0.7672
1L1W 1015 2.344 0.4139 0.7500
1L1W 1016 2.254 0.4397 0.7586
1L1W 1017 2.225 0.4354 0.7672
1L1W 1018 2.139 0.4350 0.7672
1L1W 1019 2.022 0.4655 0.7931
1L1W 1020 2.279 0.3877 0.7414
1L1W 1021 2.185 0.4321 0.7586
1L1W 1022 2.212 0.4467 0.7672
1L1W 1023 2.349 0.4186 0.7500
1L1W 1024 2.144 0.4265 0.7759
1L1W 1025 2.191 0.4654 0.7759
1L1W 1026 2.503 0.3964 0.7500
1L1W 1027 2.166 0.4739 0.7759
1L1W 1028 2.000 0.4526 0.7845
1L1W 1029 2.201 0.4590 0.7672
1L1W 1030 2.164 0.4211 0.7500
1L1W 1031 2.290 0.3834 0.7414
1L1W 1032 2.123 0.4466 0.7759
1L1W 1033 2.276 0.4033 0.7414
1L1W 1034 2.213 0.4240 0.7500
1L1W 1035 2.131 0.4305 0.7672
1L1W 1036 2.285 0.4228 0.7500
1L1W 1037 2.216 0.4236 0.7500
1L1W 1038 2.305 0.4138 0.7414
1L1W 1039 2.596 0.3883 0.7069
1L1W 1040 2.126 0.4563 0.7759
1L1W 1041 2.195 0.4130 0.7586
1L1W 1042 2.256 0.4283 0.7672
1L1W 1043 2.228 0.4543 0.7845
1L1W 1044 2.155 0.4278 0.7672
1L1W 1045 2.341 0.4358 0.7414
1L1W 1046 2.301 0.4149 0.7414
1L1W 1047 2.483 0.3991 0.7155
1L1W 1048 2.175 0.4467 0.7759
1L1W 1049 2.063 0.4480 0.7845
1L1W 1050 2.282 0.4445 0.7672
1L1W 1051 2.268 0.4609 0.7500
1L1W 1052 2.317 0.4229 0.7759
1L1W 1053 2.016 0.4348 0.7672
1L1W 1054 2.196 0.4528 0.7759
1L1W 1055 2.497 0.3868 0.7155
1L1W 1056 2.194 0.4355 0.7759
1L1W 1057 2.199 0.4816 0.8017
1L1W 1058 2.234 0.4286 0.7672
1L1W 1059 2.193 0.4340 0.7672
1L1W 1060 2.204 0.4743 0.7672
1L1W 1061 2.307 0.4217 0.7500
1L1W 1062 2.179 0.4349 0.7672
1L1W 1063 2.348 0.4112 0.7414
1L1W 1064 2.344 0.4415 0.7672
1L1W 1065 2.079 0.4780 0.7845
1L1W 1066 2.151 0.4373 0.7845
1L1W 1067 2.373 0.4059 0.7500
1L1W 1068 2.308 0.4124 0.7586
1L1W 1069 2.081 0.4493 0.8103
1L1W 1070 2.220 0.4453 0.7931
1L1W 1071 2.140 0.4407 0.7845
1L1W 1072 2.265 0.3869 0.7500
1L1W 1073 2.356 0.4102 0.7586
1L1W 1074 2.483 0.4242 0.7414
1L1W 1075 2.301 0.4124 0.7414
1L1W 1076 2.164 0.4598 0.7586
1L1W 1077 2.532 0.4044 0.7155
1L1W 1078 2.285 0.4028 0.7414
1L1W 1079 2.306 0.4537 0.7672
1L1W 1080 2.439 0.4205 0.7414
1L1W 1081 2.545 0.4024 0.7500
1L1W 1082 2.487 0.4353 0.7500
1L1W 1083 2.331 0.4289 0.7586
1L1W 1084 2.613 0.4065 0.7241
1L1W 1085 2.296 0.4201 0.7586
1L1W 1086 2.305 0.4167 0.7586
1L1W 1087 2.231 0.4520 0.7672
1L1W 1088 2.425 0.3892 0.7414
1L1W 1089 2.669 0.3797 0.7328
1L1W 1090 2.293 0.4351 0.7672
1L1W 1091 2.283 0.4616 0.7931
1L1W 1092 2.382 0.4084 0.7155
1L1W 1093 2.491 0.4302 0.7500
1L1W 1094 2.488 0.4202 0.7500
1L1W 1095 2.334 0.4472 0.7672
1L1W 1096 2.079 0.4893 0.8190
1L1W 1097 2.289 0.4132 0.7500
1L1W 1098 2.164 0.4749 0.8017
1L1W 1099 2.114 0.4461 0.7845
1L1W 1100 2.234 0.4749 0.7931
1L1W 1101 2.219 0.4270 0.7759
1L1W 1102 2.431 0.4008 0.7586
1L1W 1103 2.143 0.4980 0.8190
1L1W 1104 2.082 0.4776 0.8103
1L1W 1105 2.132 0.4733 0.8103
1L1W 1106 1.940 0.4766 0.8190
1L1W 1107 2.296 0.4911 0.7931
1L1W 1108 2.044 0.4570 0.7759
1L1W 1109 1.853 0.4855 0.8190
1L1W 1110 2.351 0.4677 0.7845
1L1W 1111 2.233 0.4187 0.7586
1L1W 1112 2.123 0.4785 0.7931
1L1W 1113 2.212 0.4358 0.7845
1L1W 1114 2.165 0.4828 0.8017
1L1W 1115 2.046 0.4324 0.7845
1L1W 1116 2.340 0.4147 0.7414
1L1W 1117 2.419 0.4281 0.7500
1L1W 1118 2.028 0.4255 0.7845
1L1W 1119 1.812 0.4760 0.8103
1L1W 1120 1.875 0.5059 0.8103
1L1W 1121 2.103 0.4352 0.7672
1L1W 1122 2.014 0.4496 0.7931
1L1W 1123 2.112 0.4430 0.7759
1L1W 1124 2.105 0.4552 0.7931
1L1W 1125 1.990 0.4955 0.8190
1L1W 1126 1.867 0.5247 0.8362
1L1W 1127 1.869 0.5020 0.8190
1L1W 1128 2.092 0.4801 0.8103
1L1W 1129 2.238 0.4804 0.7931
1L1W 1130 2.096 0.4217 0.7759
1L1W 1131 2.191 0.4506 0.7759
1L1W 1132 2.398 0.3669 0.7328
1L1W 1133 2.252 0.4940 0.8190
1L1W 1134 2.024 0.4725 0.8103
1L1W 1135 2.059 0.4378 0.7931
1L1W 1136 2.226 0.4455 0.7759
1L1W 1137 2.214 0.4204 0.7672
1L1W 1138 2.310 0.4626 0.7586
1L1W 1139 2.311 0.4701 0.7759
1L1W 1140 2.328 0.4155 0.7414
1L1W 1141 2.388 0.3667 0.7328
1L1W 1142 2.301 0.4044 0.7586
1L1W 1143 2.197 0.4335 0.7500
1L1W 1144 2.271 0.4053 0.7328
1L1W 1145 2.407 0.3748 0.7155
1L1W 1146 2.228 0.4561 0.7759
1L1W 1147 2.302 0.3940 0.7414
1L1W 1148 2.099 0.4206 0.7759
1L1W 1149 2.064 0.4535 0.7759
1L1W 1150 2.361 0.4341 0.7672
1L1W 1151 2.407 0.3955 0.7500
1L1W 1152 2.267 0.4331 0.7586
1L1W 1153 2.476 0.4176 0.7500
1L1W 1154 2.168 0.4671 0.8017
1L1W 1155 2.375 0.3931 0.7241
1L1W 1156 2.259 0.4498 0.7672
1L1W 1157 2.108 0.4206 0.7586
1L1W 1158 2.299 0.4290 0.7500
1L1W 1159 2.206 0.4582 0.7759
1L1W 1160 2.227 0.3863 0.7414
1L1W 1161 2.244 0.3845 0.7328
1L1W 1162 2.416 0.4169 0.7586
1L1W 1163 2.460 0.3743 0.7500
1L1W 1164 2.420 0.3835 0.7414
1L1W 1165 2.040 0.4794 0.8017
1L1W 1166 2.113 0.4738 0.8103
1L1W 1167 1.932 0.4775 0.8103
1L1W 1168 2.018 0.4841 0.8190
1L1W 1169 2.077 0.4630 0.8017
1L1W 1170 2.254 0.4059 0.7759
1L1W 1171 1.798 0.5229 0.8362
1L1W 1172 2.266 0.3941 0.7500
1L1W 1173 2.289 0.4763 0.8017
1L1W 1174 2.098 0.4678 0.8017
1L1W 1175 2.001 0.4811 0.8190
1L1W 1176 2.000 0.4326 0.7845
1L1W 1177 1.898 0.5134 0.8362
1L1W 1178 2.099 0.4464 0.7931
1L1W 1179 2.557 0.3927 0.7069
1L1W 1180 2.190 0.4126 0.7586
1L1W 1181 2.152 0.4228 0.7759
1L1W 1182 2.306 0.4341 0.7672
1L1W 1183 2.101 0.4469 0.7759
1L1W 1184 2.058 0.4765 0.8103
1L1W 1185 1.904 0.5171 0.8362
1L1W 1186 2.093 0.5112 0.8190
1L1W 1187 2.161 0.4459 0.7845
1L1W 1188 2.612 0.3814 0.7241
1L1W 1189 2.210 0.4622 0.7845
1L1W 1190 2.065 0.4595 0.7845
1L1W 1191 2.067 0.4325 0.7931
1L1W 1192 1.959 0.4564 0.7845
1L1W 1193 2.008 0.4292 0.7759
1L1W 1194 2.190 0.4395 0.7759
1L1W 1195 2.307 0.3879 0.7414
1L1W 1196 2.306 0.3939 0.7241
1L1W 1197 2.192 0.4316 0.7586
1L1W 1198 2.128 0.4578 0.8103
1L1W 1199 2.237 0.4633 0.8017
1L1W 1200 2.186 0.4683 0.7931
1L1W 1201 2.104 0.4927 0.8103
1L1W 1202 2.254 0.4709 0.8017
1L1W 1203 2.074 0.4819 0.8017
1L1W 1204 2.052 0.4570 0.8017
1L1W 1205 2.453 0.4356 0.7241
1L1W 1206 2.084 0.4101 0.7672
1L1W 1207 2.365 0.4419 0.7586
1L1W 1208 2.340 0.3986 0.7672
1L1W 1209 2.349 0.3946 0.7414
1L1W 1210 2.358 0.4088 0.7414
1L1W 1211 2.161 0.4347 0.7586
1L1W 1212 2.225 0.3785 0.7328
1L1W 1213 2.479 0.4022 0.7328
1L1W 1214 2.428 0.4071 0.7500
1L1W 1215 2.164 0.4253 0.7586
1L1W 1216 2.168 0.4283 0.7759
1L1W 1217 2.352 0.4068 0.7328
1L1W 1218 2.319 0.4165 0.7586
1L1W 1219 2.365 0.4221 0.7414
1L1W 1220 2.495 0.3891 0.7328
1L1W 1221 2.001 0.5064 0.8017
1L1W 1222 1.908 0.5105 0.8190
1L1W 1223 1.947 0.5151 0.8448
1L1W 1224 2.286 0.4341 0.7845
1L1W 1225 2.230 0.4791 0.7845
1L1W 1226 2.264 0.4504 0.7845
1L1W 1227 2.178 0.4474 0.7759
1L1W 1228 2.197 0.4569 0.7931
1L1W 1229 1.942 0.4668 0.8103
1L1W 1230 2.181 0.4437 0.7759
1L1W 1231 2.458 0.4142 0.7672
1L1W 1232 2.055 0.4538 0.7845
1L1W 1233 2.103 0.4744 0.8017
1L1W 1234 2.215 0.4239 0.7759
1L1W 1235 2.404 0.4330 0.7500
1L1W 1236 2.139 0.4280 0.7672
1L1W 1237 1.982 0.5191 0.8190
1L1W 1238 2.116 0.4699 0.7845
1L1W 1239 2.213 0.4025 0.7414
1L1W 1240 2.375 0.4532 0.7759
1L1W 1241 2.666 0.3996 0.7241
1L1W 1242 2.305 0.5052 0.8190
1L1W 1243 2.094 0.5253 0.8103
1L1W 1244 1.997 0.4696 0.7759
1L1W 1245 2.193 0.4798 0.8017
1L1W 1246 2.437 0.4422 0.7672
1L1W 1247 2.204 0.4265 0.7845
1L1W 1248 2.175 0.4512 0.7759
1L1W 1249 2.081 0.4672 0.8017
1L1W 1250 2.265 0.4775 0.7845
1L1W 1251 2.326 0.4559 0.7586
1L1W 1252 2.283 0.4290 0.7500
1L1W 1253 2.048 0.4872 0.8017
1L1W 1254 2.052 0.5173 0.8103
1L1W 1255 2.483 0.3940 0.7414
1L1W 1256 2.171 0.4787 0.7845
1L1W 1257 2.037 0.5236 0.8103
1L1W 1258 2.208 0.4437 0.7845
1L1W 1259 2.026 0.4514 0.7845
1L1W 1260 2.041 0.4442 0.7845
1L1W 1261 2.011 0.4133 0.7672
1L1W 1262 1.971 0.4021 0.7500
1L1W 1263 2.285 0.4075 0.7500
1L1W 1264 2.339 0.4416 0.7759
1L1W 1265 2.110 0.4275 0.7759
1L1W 1266 1.994 0.4929 0.8448
1L1W 1267 1.957 0.4749 0.8103
1L1W 1268 1.938 0.4799 0.8103
1L1W 1269 1.799 0.4759 0.8103
1L1W 1270 2.170 0.4276 0.7672
1L1W 1271 1.873 0.5208 0.8276
1L1W 1272 2.273 0.4960 0.8017
1L1W 1273 2.097 0.4434 0.7845
1L1W 1274 1.909 0.4760 0.8190
1L1W 1275 2.313 0.4674 0.7845
1L1W 1276 2.162 0.4496 0.7759
