2N4L 1 0.000 1.0000 1.0000
2N4L 2 0.374 0.9758 1.0000
2N4L 3 0.984 0.8857 0.9434
2N4L 4 1.004 0.9225 0.9623
2N4L 5 1.470 0.8593 0.9245
2N4L 6 1.985 0.7851 0.8868
2N4L 7 2.882 0.7492 0.8491
2N4L 8 2.073 0.7552 0.8774
2N4L 9 1.142 0.9251 0.9623
2N4L 10 0.875 0.9218 0.9623
2N4L 11 21.431 0.0863 0.1179
2N4L 12 19.963 0.1094 0.1368
2N4L 13 14.040 0.1001 0.1604
2N4L 14 13.641 0.1182 0.1792
2N4L 15 13.666 0.1896 0.2500
2N4L 16 15.306 0.1849 0.2311
2N4L 17 14.348 0.2838 0.4009
2N4L 18 12.962 0.3470 0.4104
2N4L 19 11.153 0.2715 0.4009
2N4L 20 20.042 0.1864 0.2358
2N4L 21 12.935 0.2196 0.2925
2N4L 22 10.506 0.2433 0.3396
2N4L 23 13.125 0.1169 0.1792
2N4L 24 15.200 0.2627 0.3349
2N4L 25 15.205 0.2038 0.2358
2N4L 26 14.905 0.1315 0.1745
2N4L 27 16.459 0.2055 0.2642
2N4L 28 17.254 0.2325 0.2972
2N4L 29 18.550 0.2854 0.3208
2N4L 30 15.844 0.2471 0.2689
2N4L 31 14.246 0.1890 0.2217
2N4L 32 8.798 0.3258 0.4245
2N4L 33 11.494 0.3774 0.4481
2N4L 34 11.088 0.2483 0.3443
2N4L 35 20.377 0.1483 0.2264
2N4L 36 18.498 0.1869 0.2453
2N4L 37 13.032 0.2933 0.3443
2N4L 38 9.574 0.3293 0.4245
2N4L 39 5.254 0.3839 0.5283
2N4L 40 15.849 0.3840 0.4481
2N4L 41 8.451 0.3343 0.4292
2N4L 42 13.445 0.4158 0.4906
2N4L 43 10.209 0.2581 0.3679
2N4L 44 22.218 0.3209 0.3868
2N4L 45 10.955 0.2891 0.4009
2N4L 46 15.538 0.3528 0.4198
2N4L 47 7.815 0.3204 0.4245
2N4L 48 3.985 0.3817 0.5849
2N4L 49 3.560 0.5356 0.6604
2N4L 50 7.666 0.4236 0.5189
2N4L 51 17.367 0.0940 0.1274
2N4L 52 14.565 0.1069 0.1368
2N4L 53 12.632 0.2100 0.2783
2N4L 54 24.731 0.1572 0.2217
2N4L 55 12.684 0.2217 0.2877
2N4L 56 16.977 0.3194 0.3962
2N4L 57 15.366 0.1498 0.2123
2N4L 58 13.964 0.2309 0.2925
2N4L 59 8.550 0.2700 0.3915
2N4L 60 15.055 0.1517 0.2075
2N4L 61 13.444 0.1193 0.1651
2N4L 62 15.028 0.1615 0.2406
2N4L 63 17.480 0.2131 0.2500
2N4L 64 6.652 0.4862 0.5943
2N4L 65 18.397 0.2878 0.3443
2N4L 66 20.177 0.1519 0.2358
2N4L 67 11.833 0.3627 0.4387
2N4L 68 10.274 0.3003 0.3774
2N4L 69 18.858 0.3249 0.3962
2N4L 70 17.457 0.2941 0.3443
2N4L 71 10.333 0.2935 0.3679
2N4L 72 19.557 0.2295 0.2783
2N4L 73 17.211 0.2058 0.2500
2N4L 74 15.750 0.2167 0.2689
2N4L 75 10.411 0.3772 0.4481
2N4L 76 19.486 0.2191 0.2500
2N4L 77 13.000 0.2863 0.3349
2N4L 78 19.228 0.3063 0.3868
2N4L 79 14.168 0.3774 0.4387
2N4L 80 13.152 0.2323 0.2925
2N4L 81 12.904 0.3796 0.4575
2N4L 82 7.236 0.3299 0.4387
2N4L 83 10.827 0.3761 0.4292
2N4L 84 7.377 0.2591 0.3821
2N4L 85 16.950 0.4003 0.4670
2N4L 86 5.424 0.4484 0.5896
2N4L 87 8.299 0.4143 0.4953
2N4L 88 5.663 0.4775 0.5943
2N4L 89 11.197 0.4304 0.5047
2N4L 90 4.901 0.4244 0.5802
2N4L 91 11.312 0.2156 0.3255
2N4L 92 9.812 0.2075 0.2972
2N4L 93 17.255 0.2836 0.3443
2N4L 94 14.321 0.2639 0.3066
2N4L 95 17.308 0.2210 0.2925
2N4L 96 15.971 0.2512 0.2877
2N4L 97 16.607 0.1577 0.2217
2N4L 98 10.835 0.1692 0.2311
2N4L 99 13.128 0.2206 0.3066
2N4L 100 14.367 0.2271 0.2972
2N4L 101 18.009 0.2608 0.3255
2N4L 102 12.177 0.2388 0.2830
2N4L 103 11.992 0.2512 0.3585
2N4L 104 15.708 0.2906 0.3443
2N4L 105 15.596 0.2723 0.3255
2N4L 106 14.976 0.2277 0.3113
2N4L 107 19.447 0.2405 0.2877
2N4L 108 7.826 0.3759 0.4575
2N4L 109 11.617 0.3690 0.4245
2N4L 110 21.706 0.2437 0.2830
2N4L 111 14.873 0.2496 0.3208
2N4L 112 15.188 0.1873 0.2170
2N4L 113 8.859 0.2576 0.3915
2N4L 114 16.945 0.3523 0.4104
2N4L 115 19.313 0.2869 0.3538
2N4L 116 12.744 0.2551 0.3019
2N4L 117 19.847 0.2791 0.3302
2N4L 118 11.939 0.2527 0.3019
2N4L 119 12.732 0.2693 0.3019
2N4L 120 17.065 0.2446 0.2783
2N4L 121 8.890 0.3576 0.4245
2N4L 122 15.224 0.3537 0.4198
2N4L 123 5.442 0.3902 0.5236
2N4L 124 5.873 0.4072 0.5377
2N4L 125 15.249 0.2595 0.3585
2N4L 126 8.204 0.3880 0.4906
2N4L 127 12.491 0.4223 0.4764
2N4L 128 7.956 0.3782 0.4953
2N4L 129 10.118 0.4522 0.5519
2N4L 130 8.184 0.4167 0.5189
2N4L 131 14.998 0.1326 0.1604
2N4L 132 13.831 0.1016 0.1509
2N4L 133 12.788 0.1585 0.2028
2N4L 134 15.701 0.0959 0.1415
2N4L 135 11.828 0.1424 0.1887
2N4L 136 13.537 0.1829 0.2783
2N4L 137 14.774 0.2596 0.3113
2N4L 138 16.002 0.1594 0.2170
2N4L 139 16.888 0.1896 0.2358
2N4L 140 20.762 0.1246 0.1698
2N4L 141 12.803 0.1593 0.2170
2N4L 142 20.157 0.1669 0.2406
2N4L 143 11.800 0.2990 0.4198
2N4L 144 20.103 0.2666 0.3632
2N4L 145 16.441 0.1888 0.2264
2N4L 146 12.647 0.2584 0.3349
2N4L 147 17.839 0.1475 0.1981
2N4L 148 19.471 0.3553 0.4104
2N4L 149 17.446 0.1350 0.1887
2N4L 150 16.119 0.3404 0.4151
2N4L 151 13.121 0.3794 0.4481
2N4L 152 14.194 0.2651 0.3302
2N4L 153 9.823 0.3552 0.4528
2N4L 154 10.282 0.3893 0.4953
2N4L 155 18.058 0.3669 0.4245
2N4L 156 15.342 0.2960 0.3915
2N4L 157 12.130 0.3042 0.3962
2N4L 158 15.122 0.3884 0.4717
2N4L 159 20.842 0.2573 0.3019
2N4L 160 15.175 0.2332 0.2547
2N4L 161 14.325 0.3675 0.4104
2N4L 162 9.077 0.2781 0.3915
2N4L 163 10.836 0.3075 0.4057
2N4L 164 11.487 0.3123 0.3821
2N4L 165 12.119 0.3933 0.4717
2N4L 166 5.895 0.4236 0.5472
2N4L 167 9.916 0.4115 0.4764
2N4L 168 6.756 0.3265 0.4575
2N4L 169 8.409 0.4097 0.5047
2N4L 170 8.037 0.3496 0.4481
2N4L 171 14.890 0.0825 0.1321
2N4L 172 15.082 0.1118 0.1604
2N4L 173 13.479 0.1577 0.1934
2N4L 174 21.565 0.1908 0.2783
2N4L 175 14.322 0.2399 0.3160
2N4L 176 10.196 0.2386 0.3349
2N4L 177 15.343 0.1788 0.2358
2N4L 178 15.597 0.1801 0.2311
2N4L 179 18.539 0.2234 0.2547
2N4L 180 9.922 0.2468 0.3302
2N4L 181 16.720 0.1366 0.1981
2N4L 182 11.072 0.3347 0.4151
2N4L 183 12.852 0.3225 0.3774
2N4L 184 14.320 0.3311 0.3962
2N4L 185 15.464 0.2199 0.2594
2N4L 186 14.644 0.2168 0.2594
2N4L 187 9.731 0.3081 0.4198
2N4L 188 11.058 0.3436 0.4057
2N4L 189 18.679 0.2395 0.2972
2N4L 190 13.919 0.2502 0.2925
2N4L 191 11.927 0.2619 0.3632
2N4L 192 14.301 0.3681 0.4387
2N4L 193 13.935 0.2626 0.3113
2N4L 194 12.853 0.2061 0.2594
2N4L 195 12.374 0.2545 0.2972
2N4L 196 10.022 0.3259 0.4198
2N4L 197 11.749 0.4050 0.4717
2N4L 198 20.639 0.2555 0.3066
2N4L 199 10.393 0.3569 0.4670
2N4L 200 15.639 0.2293 0.3208
2N4L 201 14.688 0.2348 0.3208
2N4L 202 11.418 0.2622 0.3443
2N4L 203 9.470 0.3578 0.4528
2N4L 204 14.726 0.2950 0.3726
2N4L 205 6.804 0.4403 0.5660
2N4L 206 16.006 0.4808 0.5566
2N4L 207 15.179 0.4051 0.4670
2N4L 208 10.349 0.3706 0.4245
2N4L 209 8.866 0.3956 0.5094
2N4L 210 5.227 0.3710 0.5283
2N4L 211 19.428 0.1145 0.1557
2N4L 212 13.353 0.1266 0.1792
2N4L 213 16.186 0.1484 0.1745
2N4L 214 12.217 0.1320 0.1887
2N4L 215 19.475 0.1414 0.2123
2N4L 216 19.972 0.1981 0.2547
2N4L 217 16.821 0.1830 0.2358
2N4L 218 10.932 0.2714 0.3443
2N4L 219 17.723 0.1502 0.1981
2N4L 220 16.242 0.2026 0.2689
2N4L 221 9.271 0.4018 0.4858
2N4L 222 10.808 0.3467 0.3915
2N4L 223 12.890 0.2324 0.3019
2N4L 224 15.499 0.1917 0.2783
2N4L 225 10.118 0.2408 0.3726
2N4L 226 15.745 0.2746 0.3349
2N4L 227 19.213 0.2891 0.3208
2N4L 228 16.305 0.2405 0.3255
2N4L 229 11.972 0.3095 0.3962
2N4L 230 10.551 0.3015 0.3962
2N4L 231 19.815 0.1589 0.1981
2N4L 232 12.678 0.3375 0.4104
2N4L 233 10.400 0.3733 0.4245
2N4L 234 18.364 0.2758 0.3396
2N4L 235 14.553 0.3172 0.4104
2N4L 236 18.747 0.2988 0.3726
2N4L 237 9.055 0.2836 0.3868
2N4L 238 19.297 0.3408 0.4198
2N4L 239 11.902 0.1760 0.2642
2N4L 240 11.179 0.2268 0.3302
2N4L 241 12.800 0.3600 0.4198
2N4L 242 13.131 0.2520 0.3396
2N4L 243 17.182 0.4586 0.5000
2N4L 244 8.603 0.4010 0.4858
2N4L 245 13.245 0.4417 0.5094
2N4L 246 10.052 0.4092 0.4858
2N4L 247 11.154 0.3638 0.4434
2N4L 248 9.409 0.3161 0.4104
2N4L 249 12.257 0.3312 0.4009
2N4L 250 13.860 0.3781 0.4575
2N4L 251 13.649 0.1075 0.1415
2N4L 252 14.739 0.1272 0.2028
2N4L 253 13.051 0.1489 0.2170
2N4L 254 15.138 0.1346 0.1981
2N4L 255 15.663 0.1154 0.1698
2N4L 256 11.438 0.2531 0.3396
2N4L 257 15.657 0.2501 0.3632
2N4L 258 7.906 0.2612 0.4009
2N4L 259 13.014 0.1309 0.1934
2N4L 260 10.455 0.1919 0.2594
2N4L 261 9.815 0.3353 0.4340
2N4L 262 14.687 0.1529 0.1934
2N4L 263 11.798 0.3219 0.4009
2N4L 264 10.595 0.3398 0.4009
2N4L 265 13.042 0.2203 0.2594
2N4L 266 11.156 0.2770 0.3302
2N4L 267 20.543 0.2063 0.2358
2N4L 268 19.447 0.2982 0.3491
2N4L 269 11.670 0.2682 0.3255
2N4L 270 24.627 0.1843 0.2217
2N4L 271 18.642 0.1656 0.1934
2N4L 272 16.060 0.1458 0.1934
2N4L 273 13.360 0.2951 0.4151
2N4L 274 16.636 0.2518 0.2925
2N4L 275 9.435 0.4155 0.4811
2N4L 276 19.978 0.2942 0.3443
2N4L 277 15.531 0.2963 0.3443
2N4L 278 13.618 0.2730 0.3113
2N4L 279 12.773 0.4056 0.4670
2N4L 280 16.180 0.4068 0.4623
2N4L 281 18.361 0.2635 0.3302
2N4L 282 16.816 0.2676 0.3113
2N4L 283 11.123 0.3956 0.4575
2N4L 284 11.369 0.4407 0.4953
2N4L 285 8.113 0.2815 0.4340
2N4L 286 16.861 0.2712 0.3255
2N4L 287 9.236 0.3344 0.4151
2N4L 288 13.583 0.3682 0.4481
2N4L 289 9.838 0.3673 0.4481
2N4L 290 5.934 0.4660 0.5896
2N4L 291 13.744 0.1186 0.1557
2N4L 292 16.121 0.1825 0.2264
2N4L 293 12.705 0.1217 0.1604
2N4L 294 17.079 0.1511 0.2028
2N4L 295 21.134 0.1471 0.2028
2N4L 296 19.637 0.2364 0.2830
2N4L 297 15.993 0.1495 0.2075
2N4L 298 16.995 0.3511 0.4104
2N4L 299 15.258 0.1635 0.2264
2N4L 300 15.014 0.3617 0.4340
2N4L 301 12.913 0.1842 0.2264
2N4L 302 15.838 0.1660 0.2217
2N4L 303 12.909 0.2143 0.2877
2N4L 304 11.034 0.3359 0.3962
2N4L 305 22.192 0.2245 0.2500
2N4L 306 14.521 0.1380 0.1934
2N4L 307 22.235 0.2710 0.2972
2N4L 308 22.069 0.2011 0.2972
2N4L 309 12.636 0.1826 0.2547
2N4L 310 12.099 0.2513 0.2972
2N4L 311 12.862 0.2950 0.3915
2N4L 312 11.571 0.2740 0.3255
2N4L 313 14.448 0.2669 0.3019
2N4L 314 20.236 0.2743 0.3255
2N4L 315 12.597 0.3163 0.4009
2N4L 316 11.916 0.2388 0.3443
2N4L 317 16.520 0.2967 0.3632
2N4L 318 13.586 0.2529 0.3255
2N4L 319 10.610 0.3117 0.3915
2N4L 320 8.558 0.2560 0.3302
2N4L 321 9.257 0.3650 0.4434
2N4L 322 15.639 0.3458 0.4198
2N4L 323 16.522 0.2783 0.3208
2N4L 324 13.157 0.3868 0.4481
2N4L 325 9.029 0.4170 0.5047
2N4L 326 20.947 0.3345 0.4009
2N4L 327 17.005 0.3774 0.4340
2N4L 328 16.045 0.2461 0.2877
2N4L 329 7.437 0.3394 0.4670
2N4L 330 6.223 0.4931 0.6038
2N4L 331 17.399 0.0895 0.1415
2N4L 332 13.600 0.1266 0.1745
2N4L 333 17.357 0.1970 0.2594
2N4L 334 9.605 0.2218 0.3160
2N4L 335 19.263 0.2948 0.3396
2N4L 336 10.840 0.3451 0.4340
2N4L 337 9.166 0.2452 0.3160
2N4L 338 17.983 0.1305 0.1651
2N4L 339 8.078 0.3316 0.4387
2N4L 340 13.604 0.1469 0.2075
2N4L 341 14.846 0.2436 0.2830
2N4L 342 19.601 0.2406 0.3113
2N4L 343 20.573 0.2412 0.2830
2N4L 344 14.929 0.2123 0.2689
2N4L 345 20.849 0.1491 0.1934
2N4L 346 15.303 0.2707 0.3208
2N4L 347 13.404 0.4176 0.4953
2N4L 348 19.194 0.1696 0.2075
2N4L 349 13.742 0.1561 0.2075
2N4L 350 11.660 0.3909 0.4623
2N4L 351 18.088 0.3094 0.3868
2N4L 352 20.810 0.2837 0.3396
2N4L 353 9.574 0.3425 0.4764
2N4L 354 17.412 0.1314 0.2123
2N4L 355 20.054 0.3069 0.3491
2N4L 356 18.060 0.2892 0.3349
2N4L 357 9.277 0.4445 0.5283
2N4L 358 12.887 0.2789 0.3632
2N4L 359 17.891 0.3073 0.3774
2N4L 360 6.017 0.3503 0.4764
2N4L 361 14.266 0.2709 0.3774
2N4L 362 11.882 0.3966 0.4623
2N4L 363 16.710 0.2369 0.2877
2N4L 364 14.103 0.3534 0.4198
2N4L 365 11.935 0.2956 0.3632
2N4L 366 7.732 0.2931 0.4387
2N4L 367 5.974 0.3905 0.5142
2N4L 368 11.365 0.4409 0.4717
2N4L 369 12.636 0.2638 0.3396
2N4L 370 11.309 0.4706 0.5330
2N4L 371 15.291 0.1121 0.1557
2N4L 372 16.345 0.1015 0.1509
2N4L 373 16.464 0.1822 0.2500
2N4L 374 19.292 0.2419 0.2877
2N4L 375 12.284 0.2121 0.2877
2N4L 376 12.538 0.1970 0.2547
2N4L 377 10.524 0.2427 0.3019
2N4L 378 10.529 0.2497 0.3443
2N4L 379 11.562 0.1369 0.2075
2N4L 380 14.485 0.1559 0.2217
2N4L 381 14.551 0.2549 0.3160
2N4L 382 17.017 0.1312 0.1887
2N4L 383 15.112 0.1253 0.1840
2N4L 384 10.986 0.3728 0.4104
2N4L 385 22.524 0.2671 0.3113
2N4L 386 6.372 0.3394 0.4717
2N4L 387 15.432 0.1679 0.2311
2N4L 388 15.944 0.3004 0.3585
2N4L 389 12.952 0.3754 0.4340
2N4L 390 19.946 0.3143 0.3585
2N4L 391 13.221 0.2311 0.3255
2N4L 392 22.943 0.2543 0.3113
2N4L 393 15.632 0.2960 0.3679
2N4L 394 16.445 0.2570 0.3113
2N4L 395 17.601 0.2396 0.2830
2N4L 396 13.255 0.1403 0.2123
2N4L 397 6.552 0.4030 0.5142
2N4L 398 12.595 0.3467 0.4104
2N4L 399 16.734 0.3902 0.4575
2N4L 400 15.280 0.2966 0.3774
2N4L 401 10.470 0.3421 0.4151
2N4L 402 10.240 0.3764 0.4623
2N4L 403 12.459 0.2718 0.3585
2N4L 404 11.104 0.3577 0.4528
2N4L 405 9.368 0.3488 0.4387
2N4L 406 10.377 0.3871 0.4528
2N4L 407 12.443 0.3100 0.3491
2N4L 408 10.526 0.3750 0.4764
2N4L 409 12.627 0.3161 0.3821
2N4L 410 15.016 0.3268 0.4009
2N4L 411 0.979 0.8733 0.9340
2N4L 412 1.090 0.8491 0.9104
2N4L 413 1.099 0.8465 0.9104
2N4L 414 1.121 0.8427 0.9057
2N4L 415 1.101 0.8433 0.9057
2N4L 416 1.126 0.8395 0.9057
2N4L 417 1.122 0.8397 0.9009
2N4L 418 1.121 0.8404 0.9057
2N4L 419 1.122 0.8402 0.9104
2N4L 420 1.127 0.8392 0.9057
2N4L 421 1.129 0.8390 0.9057
2N4L 422 1.122 0.8402 0.9057
2N4L 423 1.127 0.8393 0.9009
2N4L 424 1.122 0.8407 0.9057
2N4L 425 1.138 0.8377 0.9057
2N4L 426 1.118 0.8413 0.9057
2N4L 427 1.132 0.8384 0.9057
2N4L 428 1.118 0.8418 0.9104
2N4L 429 1.122 0.8407 0.9057
2N4L 430 1.125 0.8403 0.9009
2N4L 431 1.114 0.8418 0.9104
2N4L 432 1.121 0.8415 0.9009
2N4L 433 1.119 0.8431 0.9104
2N4L 434 1.106 0.8442 0.9104
2N4L 435 1.115 0.8437 0.9104
2N4L 436 1.109 0.8443 0.9151
2N4L 437 1.140 0.8387 0.9009
2N4L 438 1.135 0.8411 0.9057
2N4L 439 1.144 0.8384 0.9057
2N4L 440 1.131 0.8407 0.9057
2N4L 441 1.139 0.8389 0.9104
2N4L 442 1.130 0.8405 0.9057
2N4L 443 1.131 0.8402 0.9057
2N4L 444 1.135 0.8405 0.9057
2N4L 445 1.150 0.8370 0.9009
2N4L 446 1.133 0.8405 0.9057
2N4L 447 1.116 0.8438 0.9057
2N4L 448 1.130 0.8414 0.9057
2N4L 449 1.131 0.8409 0.9057
2N4L 450 1.100 0.8458 0.9057
2N4L 451 1.111 0.8441 0.9104
2N4L 452 1.101 0.8462 0.9057
2N4L 453 1.102 0.8449 0.9104
2N4L 454 1.107 0.8438 0.9057
2N4L 455 1.122 0.8424 0.9057
2N4L 456 1.106 0.8434 0.9057
2N4L 457 1.117 0.8415 0.9057
2N4L 458 1.138 0.8358 0.9009
2N4L 459 1.106 0.8424 0.9009
2N4L 460 1.093 0.8470 0.9104
2N4L 461 1.119 0.8409 0.9009
2N4L 462 1.122 0.8408 0.9057
2N4L 463 1.163 0.8328 0.9009
2N4L 464 1.151 0.8355 0.9009
2N4L 465 1.133 0.8387 0.9057
2N4L 466 1.148 0.8349 0.9009
2N4L 467 1.147 0.8373 0.9151
2N4L 468 1.121 0.8429 0.9104
2N4L 469 1.157 0.8341 0.9009
2N4L 470 1.154 0.8342 0.8962
2N4L 471 1.143 0.8387 0.9104
2N4L 472 1.120 0.8419 0.9104
2N4L 473 1.112 0.8429 0.9057
2N4L 474 1.177 0.8312 0.9009
2N4L 475 1.165 0.8323 0.8962
2N4L 476 1.199 0.8261 0.9009
2N4L 477 1.236 0.8223 0.9009
2N4L 478 1.240 0.8228 0.8915
2N4L 479 1.199 0.8294 0.9009
2N4L 480 1.223 0.8214 0.8962
2N4L 481 1.241 0.8188 0.9009
2N4L 482 1.241 0.8200 0.8915
2N4L 483 1.240 0.8188 0.8915
2N4L 484 1.275 0.8140 0.8868
2N4L 485 1.266 0.8143 0.8821
2N4L 486 1.280 0.8120 0.8821
2N4L 487 1.309 0.8074 0.8868
2N4L 488 1.323 0.8042 0.8774
2N4L 489 1.291 0.8094 0.8868
2N4L 490 1.220 0.8210 0.8915
2N4L 491 1.287 0.8078 0.8962
2N4L 492 1.315 0.8020 0.8868
2N4L 493 1.285 0.8077 0.9057
2N4L 494 1.392 0.7815 0.8491
2N4L 495 1.331 0.8001 0.8679
2N4L 496 1.299 0.8062 0.8915
2N4L 497 1.186 0.8279 0.9009
2N4L 498 1.178 0.8298 0.9057
2N4L 499 1.263 0.8151 0.8868
2N4L 500 1.222 0.8217 0.8962
2N4L 501 1.200 0.8232 0.8868
2N4L 502 1.148 0.8320 0.8962
2N4L 503 1.184 0.8231 0.8915
2N4L 504 1.287 0.7989 0.8679
2N4L 505 1.267 0.8067 0.8726
2N4L 506 1.239 0.8131 0.8868
2N4L 507 1.260 0.8127 0.8915
2N4L 508 1.235 0.8165 0.8915
2N4L 509 1.231 0.8133 0.8821
2N4L 510 1.349 0.7833 0.8443
2N4L 511 1.370 0.7748 0.8349
2N4L 512 1.520 0.7436 0.7972
2N4L 513 1.555 0.7361 0.8019
2N4L 514 1.440 0.7632 0.8208
2N4L 515 1.443 0.7575 0.8302
2N4L 516 1.473 0.7508 0.8160
2N4L 517 1.539 0.7386 0.8066
2N4L 518 1.558 0.7364 0.8019
2N4L 519 1.577 0.7333 0.7972
2N4L 520 1.550 0.7381 0.7972
2N4L 521 1.532 0.7450 0.8113
2N4L 522 1.573 0.7294 0.8019
2N4L 523 1.601 0.7209 0.7925
2N4L 524 1.577 0.7273 0.8019
2N4L 525 1.656 0.7102 0.7925
2N4L 526 1.577 0.7292 0.8160
2N4L 527 1.547 0.7357 0.8113
2N4L 528 1.546 0.7380 0.8113
2N4L 529 1.606 0.7208 0.7972
2N4L 530 1.606 0.7204 0.7972
2N4L 531 1.608 0.7195 0.8066
2N4L 532 1.624 0.7170 0.7972
2N4L 533 1.626 0.7192 0.7972
2N4L 534 1.544 0.7320 0.8113
2N4L 535 1.560 0.7310 0.7972
2N4L 536 1.627 0.7231 0.7972
2N4L 537 1.728 0.6908 0.7736
2N4L 538 1.718 0.6951 0.7830
2N4L 539 1.681 0.7019 0.7830
2N4L 540 1.669 0.7067 0.7925
2N4L 541 1.688 0.7082 0.7783
2N4L 542 1.595 0.7306 0.7972
2N4L 543 1.707 0.6968 0.7783
2N4L 544 1.728 0.6973 0.7830
2N4L 545 1.655 0.7052 0.7877
2N4L 546 1.707 0.7047 0.7877
2N4L 547 1.805 0.6746 0.7594
2N4L 548 1.725 0.6956 0.7783
2N4L 549 1.555 0.7394 0.7972
2N4L 550 1.544 0.7352 0.8019
2N4L 551 1.646 0.7185 0.7972
2N4L 552 1.629 0.7130 0.7877
2N4L 553 1.625 0.7184 0.7877
2N4L 554 1.624 0.7173 0.7783
2N4L 555 1.577 0.7301 0.7925
2N4L 556 1.626 0.7273 0.7972
2N4L 557 1.605 0.7287 0.7925
2N4L 558 1.626 0.7276 0.8019
2N4L 559 1.730 0.6970 0.7689
2N4L 560 1.806 0.6734 0.7594
2N4L 561 1.691 0.7050 0.7877
2N4L 562 1.690 0.7115 0.7830
2N4L 563 1.702 0.7108 0.7972
2N4L 564 1.797 0.6895 0.7736
2N4L 565 1.770 0.6969 0.7877
2N4L 566 1.743 0.6989 0.7830
2N4L 567 1.767 0.6934 0.7783
2N4L 568 1.760 0.7027 0.7877
2N4L 569 1.835 0.6881 0.7736
2N4L 570 1.779 0.6947 0.7783
2N4L 571 1.901 0.6746 0.7642
2N4L 572 1.919 0.6679 0.7689
2N4L 573 1.847 0.6836 0.7689
2N4L 574 1.850 0.6842 0.7642
2N4L 575 1.845 0.6817 0.7736
2N4L 576 1.778 0.7011 0.7830
2N4L 577 1.700 0.7149 0.7925
2N4L 578 1.747 0.7032 0.7830
2N4L 579 1.792 0.6974 0.7830
2N4L 580 1.736 0.7106 0.7877
2N4L 581 1.741 0.6955 0.7783
2N4L 582 1.665 0.7184 0.7972
2N4L 583 1.627 0.7313 0.8019
2N4L 584 1.723 0.7042 0.7830
2N4L 585 1.650 0.7155 0.7877
2N4L 586 1.760 0.7010 0.7830
2N4L 587 1.749 0.7018 0.7830
2N4L 588 1.728 0.7060 0.7689
2N4L 589 1.787 0.6945 0.7689
2N4L 590 1.706 0.7186 0.7925
2N4L 591 1.770 0.6922 0.7594
2N4L 592 1.812 0.6857 0.7594
2N4L 593 1.806 0.6932 0.7642
2N4L 594 1.773 0.6938 0.7736
2N4L 595 1.879 0.6796 0.7689
2N4L 596 1.864 0.6797 0.7500
2N4L 597 1.766 0.6973 0.7830
2N4L 598 1.791 0.6879 0.7783
2N4L 599 1.835 0.6815 0.7689
2N4L 600 1.849 0.6730 0.7547
2N4L 601 1.806 0.6921 0.7736
2N4L 602 1.923 0.6684 0.7500
2N4L 603 1.901 0.6714 0.7547
2N4L 604 1.918 0.6670 0.7453
2N4L 605 1.942 0.6630 0.7594
2N4L 606 1.917 0.6624 0.7406
2N4L 607 1.869 0.6769 0.7453
2N4L 608 1.953 0.6634 0.7453
2N4L 609 2.075 0.6419 0.7217
2N4L 610 2.031 0.6447 0.7358
2N4L 611 2.101 0.6336 0.7170
2N4L 612 2.091 0.6414 0.7264
2N4L 613 2.034 0.6397 0.7264
2N4L 614 2.080 0.6443 0.7264
2N4L 615 1.992 0.6522 0.7358
2N4L 616 2.044 0.6495 0.7358
2N4L 617 2.055 0.6488 0.7358
2N4L 618 2.072 0.6505 0.7453
2N4L 619 2.029 0.6512 0.7500
2N4L 620 2.058 0.6523 0.7547
2N4L 621 2.005 0.6643 0.7594
2N4L 622 2.124 0.6465 0.7453
2N4L 623 2.048 0.6624 0.7500
2N4L 624 2.032 0.6520 0.7453
2N4L 625 2.010 0.6332 0.7406
2N4L 626 2.141 0.6199 0.7311
2N4L 627 2.284 0.6097 0.7123
2N4L 628 2.261 0.6074 0.6981
2N4L 629 2.253 0.6146 0.7170
2N4L 630 2.175 0.6182 0.7264
2N4L 631 2.173 0.6263 0.7406
2N4L 632 2.079 0.6242 0.7264
2N4L 633 2.148 0.6157 0.7217
2N4L 634 2.042 0.6443 0.7453
2N4L 635 2.039 0.6427 0.7453
2N4L 636 2.179 0.6165 0.7311
2N4L 637 2.163 0.6242 0.7264
2N4L 638 2.241 0.6042 0.7075
2N4L 639 2.120 0.6376 0.7311
2N4L 640 2.162 0.6207 0.7217
2N4L 641 2.076 0.6374 0.7311
2N4L 642 2.094 0.6397 0.7453
2N4L 643 2.156 0.6234 0.7217
2N4L 644 2.058 0.6353 0.7453
2N4L 645 1.979 0.6572 0.7594
2N4L 646 2.099 0.6370 0.7358
2N4L 647 2.204 0.6245 0.7358
2N4L 648 2.382 0.6023 0.7123
2N4L 649 2.271 0.6139 0.7311
2N4L 650 2.304 0.6071 0.7075
2N4L 651 2.164 0.6203 0.7170
2N4L 652 2.246 0.6140 0.7264
2N4L 653 2.172 0.6269 0.7311
2N4L 654 2.188 0.6196 0.7123
2N4L 655 2.142 0.6304 0.7358
2N4L 656 2.151 0.6257 0.7170
2N4L 657 2.297 0.6021 0.7217
2N4L 658 2.336 0.6002 0.7123
2N4L 659 2.223 0.6135 0.7170
2N4L 660 2.219 0.6155 0.7217
2N4L 661 2.235 0.6094 0.7170
2N4L 662 2.163 0.6244 0.7217
2N4L 663 2.254 0.6192 0.7264
2N4L 664 2.380 0.6020 0.7217
2N4L 665 2.279 0.5998 0.7123
2N4L 666 2.298 0.6137 0.7217
2N4L 667 2.278 0.6156 0.7123
2N4L 668 2.200 0.6170 0.7170
2N4L 669 2.214 0.6124 0.7170
2N4L 670 2.205 0.6204 0.7075
2N4L 671 2.269 0.5982 0.7028
2N4L 672 2.201 0.6172 0.7123
2N4L 673 2.188 0.6183 0.7217
2N4L 674 2.265 0.5994 0.6887
2N4L 675 2.331 0.5917 0.6934
2N4L 676 2.425 0.5892 0.6934
2N4L 677 2.367 0.5864 0.7028
2N4L 678 2.415 0.5748 0.7028
2N4L 679 2.296 0.6058 0.7123
2N4L 680 2.304 0.5869 0.7028
2N4L 681 2.258 0.6038 0.7075
2N4L 682 2.321 0.5931 0.6981
2N4L 683 2.317 0.5886 0.7028
2N4L 684 2.251 0.6136 0.7170
2N4L 685 2.240 0.6049 0.7123
2N4L 686 2.265 0.6134 0.7123
2N4L 687 2.419 0.5721 0.6981
2N4L 688 2.526 0.5522 0.6934
2N4L 689 2.313 0.5960 0.7123
2N4L 690 2.281 0.5921 0.7028
2N4L 691 2.522 0.5568 0.6934
2N4L 692 2.680 0.5395 0.6745
2N4L 693 2.669 0.5451 0.6840
2N4L 694 2.538 0.5513 0.6840
2N4L 695 2.326 0.5860 0.7028
2N4L 696 2.433 0.5775 0.6934
2N4L 697 2.465 0.5723 0.6840
2N4L 698 2.600 0.5460 0.6792
2N4L 699 2.453 0.5710 0.6934
2N4L 700 2.267 0.6123 0.7170
2N4L 701 2.320 0.5870 0.7028
2N4L 702 2.364 0.5690 0.7075
2N4L 703 2.343 0.5772 0.7075
2N4L 704 2.274 0.5985 0.7311
2N4L 705 2.316 0.6057 0.7264
2N4L 706 2.337 0.5873 0.7028
2N4L 707 2.382 0.5794 0.7170
2N4L 708 2.377 0.5834 0.7170
2N4L 709 2.326 0.5866 0.7075
2N4L 710 2.370 0.5726 0.6934
2N4L 711 2.348 0.5816 0.7028
2N4L 712 2.258 0.6003 0.7170
2N4L 713 2.299 0.5937 0.7075
2N4L 714 2.406 0.5725 0.6840
2N4L 715 2.198 0.6075 0.7264
2N4L 716 2.222 0.6037 0.7264
2N4L 717 2.280 0.5925 0.7028
2N4L 718 2.306 0.5945 0.7028
2N4L 719 2.266 0.5971 0.7123
2N4L 720 2.211 0.6064 0.7075
2N4L 721 2.438 0.5619 0.7028
2N4L 722 2.524 0.5590 0.6981
2N4L 723 2.484 0.5800 0.7028
2N4L 724 2.478 0.5679 0.6934
2N4L 725 2.207 0.6102 0.7170
2N4L 726 2.300 0.5764 0.6840
2N4L 727 2.468 0.5782 0.6934
2N4L 728 2.431 0.5786 0.6887
2N4L 729 2.320 0.5924 0.7028
2N4L 730 2.220 0.5988 0.7028
2N4L 731 2.212 0.5964 0.7028
2N4L 732 2.194 0.6096 0.7170
2N4L 733 2.165 0.6241 0.7170
2N4L 734 2.210 0.6056 0.6981
2N4L 735 1.981 0.6449 0.7311
2N4L 736 2.012 0.6410 0.7311
2N4L 737 2.107 0.6248 0.7311
2N4L 738 2.096 0.6234 0.7217
2N4L 739 2.017 0.6333 0.7264
2N4L 740 2.091 0.6174 0.7075
2N4L 741 2.118 0.6247 0.7311
2N4L 742 2.157 0.6200 0.7170
2N4L 743 2.192 0.6111 0.7170
2N4L 744 2.257 0.5968 0.7028
2N4L 745 2.411 0.5858 0.6934
2N4L 746 2.234 0.5998 0.7075
2N4L 747 2.338 0.5823 0.6934
2N4L 748 2.229 0.5992 0.7170
2N4L 749 2.228 0.6045 0.7075
2N4L 750 2.228 0.6055 0.7123
2N4L 751 2.264 0.5971 0.6981
2N4L 752 2.197 0.6018 0.7028
2N4L 753 2.202 0.6113 0.6981
2N4L 754 2.287 0.5869 0.6934
2N4L 755 2.298 0.6005 0.7123
2N4L 756 2.303 0.5931 0.7028
2N4L 757 2.295 0.5936 0.7028
2N4L 758 2.258 0.6047 0.6981
2N4L 759 2.326 0.5893 0.6981
2N4L 760 2.252 0.5989 0.7170
2N4L 761 2.159 0.6098 0.7123
2N4L 762 2.196 0.6104 0.7028
2N4L 763 2.370 0.5809 0.6934
2N4L 764 2.391 0.5765 0.6981
2N4L 765 2.513 0.5569 0.6745
2N4L 766 2.450 0.5682 0.6934
2N4L 767 2.230 0.6002 0.7123
2N4L 768 2.203 0.6180 0.7311
2N4L 769 2.252 0.6062 0.7358
2N4L 770 2.340 0.5836 0.6981
2N4L 771 2.364 0.5818 0.6981
2N4L 772 2.264 0.6058 0.6981
2N4L 773 2.313 0.5963 0.6887
2N4L 774 2.452 0.5746 0.6840
2N4L 775 2.265 0.6059 0.7075
2N4L 776 2.339 0.5928 0.6934
2N4L 777 2.114 0.6366 0.7311
2N4L 778 2.014 0.6462 0.7311
2N4L 779 2.089 0.6366 0.7217
2N4L 780 2.191 0.6149 0.7028
2N4L 781 2.111 0.6360 0.7264
2N4L 782 2.060 0.6336 0.7217
2N4L 783 2.005 0.6357 0.7311
2N4L 784 2.095 0.6290 0.7170
2N4L 785 2.262 0.5999 0.6934
2N4L 786 2.340 0.5830 0.7123
2N4L 787 2.364 0.5791 0.7075
2N4L 788 2.299 0.5944 0.6981
2N4L 789 2.301 0.5930 0.7170
2N4L 790 2.363 0.5782 0.6840
2N4L 791 2.195 0.6058 0.7075
2N4L 792 2.376 0.5762 0.6934
2N4L 793 2.371 0.5897 0.6981
2N4L 794 2.163 0.6210 0.7123
2N4L 795 2.199 0.5992 0.6981
2N4L 796 2.305 0.5844 0.6887
2N4L 797 2.362 0.5818 0.6981
2N4L 798 2.365 0.5783 0.6981
2N4L 799 2.314 0.5844 0.7028
2N4L 800 2.282 0.5959 0.7075
2N4L 801 2.291 0.5875 0.6840
2N4L 802 2.368 0.5648 0.6792
2N4L 803 2.237 0.5796 0.6934
2N4L 804 2.326 0.5917 0.6887
2N4L 805 2.360 0.5801 0.6934
2N4L 806 2.229 0.6105 0.7170
2N4L 807 1.971 0.6500 0.7170
2N4L 808 2.067 0.6434 0.7217
2N4L 809 2.398 0.6076 0.7264
2N4L 810 2.507 0.5627 0.6698
2N4L 811 2.415 0.5799 0.6934
2N4L 812 2.266 0.6055 0.7123
2N4L 813 2.359 0.6000 0.7028
2N4L 814 2.219 0.6114 0.6981
2N4L 815 2.205 0.5971 0.7217
2N4L 816 2.155 0.6244 0.7075
2N4L 817 2.291 0.6124 0.7075
2N4L 818 2.328 0.6080 0.7028
2N4L 819 2.281 0.6115 0.7123
2N4L 820 2.394 0.5815 0.6792
2N4L 821 2.324 0.5936 0.6981
2N4L 822 2.126 0.6215 0.7170
2N4L 823 2.069 0.6401 0.7217
2N4L 824 2.242 0.6037 0.6887
2N4L 825 2.353 0.5924 0.7028
2N4L 826 2.443 0.5744 0.6745
2N4L 827 2.378 0.5802 0.7075
2N4L 828 2.384 0.5843 0.6934
2N4L 829 2.138 0.6247 0.6981
2N4L 830 2.226 0.6075 0.6934
2N4L 831 2.149 0.6224 0.7075
2N4L 832 2.231 0.6044 0.6934
2N4L 833 2.342 0.5874 0.6981
2N4L 834 2.268 0.5956 0.6840
2N4L 835 2.316 0.5972 0.7217
2N4L 836 2.127 0.6294 0.7123
2N4L 837 2.183 0.6082 0.7170
2N4L 838 2.324 0.5993 0.6981
2N4L 839 2.240 0.6057 0.6934
2N4L 840 2.193 0.6117 0.7028
2N4L 841 2.332 0.5983 0.6981
2N4L 842 2.407 0.5828 0.6981
2N4L 843 2.422 0.5631 0.6792
2N4L 844 2.387 0.5725 0.6745
2N4L 845 2.267 0.5962 0.6934
2N4L 846 2.296 0.6023 0.7075
2N4L 847 2.326 0.5958 0.6981
2N4L 848 2.347 0.5902 0.6887
2N4L 849 2.311 0.5935 0.6934
2N4L 850 2.339 0.5785 0.6887
2N4L 851 2.325 0.5899 0.6887
2N4L 852 2.252 0.5996 0.6981
2N4L 853 2.194 0.6026 0.6934
2N4L 854 2.239 0.5988 0.7075
2N4L 855 2.251 0.6035 0.7028
2N4L 856 2.280 0.5953 0.6981
2N4L 857 2.262 0.5982 0.6981
2N4L 858 2.463 0.5617 0.6509
2N4L 859 2.428 0.5555 0.6651
2N4L 860 2.554 0.5552 0.6604
2N4L 861 2.495 0.5602 0.6698
2N4L 862 2.088 0.6222 0.7170
2N4L 863 2.039 0.6397 0.7406
2N4L 864 2.343 0.5959 0.6840
2N4L 865 2.180 0.6118 0.7217
2N4L 866 2.442 0.5823 0.6887
2N4L 867 2.658 0.5394 0.6509
2N4L 868 2.633 0.5545 0.6557
2N4L 869 2.465 0.5711 0.6745
2N4L 870 2.305 0.5927 0.6887
2N4L 871 2.392 0.5768 0.6745
2N4L 872 2.321 0.5948 0.7123
2N4L 873 2.383 0.5792 0.6981
2N4L 874 2.460 0.5630 0.6934
2N4L 875 2.524 0.5444 0.6462
2N4L 876 2.376 0.5871 0.6887
2N4L 877 2.348 0.5909 0.7028
2N4L 878 2.280 0.6119 0.6981
2N4L 879 2.537 0.5437 0.6840
2N4L 880 2.830 0.5153 0.6368
2N4L 881 2.620 0.5371 0.6698
2N4L 882 2.665 0.5378 0.6698
2N4L 883 2.814 0.5130 0.6462
2N4L 884 2.648 0.5402 0.6698
2N4L 885 2.691 0.5501 0.6887
2N4L 886 2.731 0.5339 0.6557
2N4L 887 2.702 0.5425 0.6557
2N4L 888 2.845 0.5235 0.6415
2N4L 889 2.839 0.5409 0.6745
2N4L 890 2.860 0.5181 0.6604
2N4L 891 2.736 0.5385 0.6651
2N4L 892 2.764 0.5437 0.6934
2N4L 893 2.804 0.5394 0.6792
2N4L 894 2.856 0.5439 0.6840
2N4L 895 2.760 0.5427 0.6745
2N4L 896 2.777 0.5476 0.6840
2N4L 897 2.911 0.5088 0.6698
2N4L 898 2.878 0.4804 0.6321
2N4L 899 2.749 0.5363 0.6651
2N4L 900 2.504 0.5652 0.6840
2N4L 901 2.739 0.5156 0.6698
2N4L 902 2.769 0.5203 0.6745
