2FDT 1 0.000 1.0000 1.0000
2FDT 2 0.831 0.8203 0.9514
2FDT 3 0.672 0.8707 0.9931
2FDT 4 0.774 0.8352 0.9653
2FDT 5 0.757 0.8307 0.9722
2FDT 6 0.903 0.7953 0.9722
2FDT 7 0.871 0.8145 0.9583
2FDT 8 1.124 0.7348 0.9236
2FDT 9 0.853 0.8018 0.9444
2FDT 10 0.812 0.8196 0.9583
2FDT 11 1.361 0.7108 0.8889
2FDT 12 12.670 0.1428 0.2639
2FDT 13 13.885 0.1306 0.2292
2FDT 14 9.578 0.2479 0.3889
2FDT 15 10.174 0.1640 0.2847
2FDT 16 13.385 0.1439 0.2500
2FDT 17 12.080 0.1564 0.2708
2FDT 18 4.716 0.3977 0.6181
2FDT 19 10.285 0.2980 0.4236
2FDT 20 15.611 0.1993 0.2708
2FDT 21 10.456 0.2045 0.2986
2FDT 22 13.706 0.2516 0.3889
2FDT 23 8.145 0.2171 0.3958
2FDT 24 14.305 0.1809 0.2917
2FDT 25 10.760 0.2208 0.3333
2FDT 26 10.148 0.2247 0.4236
2FDT 27 11.588 0.2571 0.3681
2FDT 28 9.327 0.2119 0.3264
2FDT 29 16.455 0.1532 0.2917
2FDT 30 7.737 0.2197 0.3958
2FDT 31 8.582 0.3440 0.4792
2FDT 32 8.840 0.2311 0.3750
2FDT 33 9.722 0.2716 0.3889
2FDT 34 11.723 0.1348 0.2569
2FDT 35 11.900 0.2334 0.3403
2FDT 36 14.335 0.2181 0.2847
2FDT 37 9.464 0.2021 0.3819
2FDT 38 13.698 0.2416 0.3264
2FDT 39 7.457 0.3118 0.4792
2FDT 40 7.405 0.2727 0.4514
2FDT 41 6.357 0.2879 0.4653
2FDT 42 10.256 0.2281 0.3750
2FDT 43 6.549 0.2383 0.4583
2FDT 44 5.305 0.3743 0.6111
2FDT 45 8.349 0.3190 0.4931
2FDT 46 4.504 0.3827 0.5972
2FDT 47 3.325 0.3762 0.6458
2FDT 48 9.237 0.2818 0.4306
2FDT 49 10.319 0.2525 0.4167
2FDT 50 9.229 0.2856 0.4375
2FDT 51 3.262 0.4011 0.6806
2FDT 52 12.553 0.1114 0.1806
2FDT 53 7.603 0.2307 0.3958
2FDT 54 10.442 0.3112 0.4375
2FDT 55 7.126 0.2154 0.3750
2FDT 56 11.951 0.1422 0.2153
2FDT 57 13.839 0.1920 0.2847
2FDT 58 9.100 0.3351 0.5208
2FDT 59 11.035 0.1759 0.3264
2FDT 60 13.996 0.1390 0.2500
2FDT 61 11.897 0.2200 0.3542
2FDT 62 17.918 0.2618 0.3611
2FDT 63 13.751 0.1948 0.2917
2FDT 64 11.108 0.2779 0.3750
2FDT 65 13.862 0.1285 0.2431
2FDT 66 6.150 0.4065 0.5903
2FDT 67 5.773 0.2509 0.5000
2FDT 68 11.304 0.2107 0.3472
2FDT 69 6.372 0.3359 0.5417
2FDT 70 14.065 0.1633 0.2500
2FDT 71 8.091 0.3839 0.5347
2FDT 72 12.174 0.2674 0.3750
2FDT 73 13.349 0.2713 0.4306
2FDT 74 9.077 0.3205 0.5139
2FDT 75 12.205 0.2226 0.3264
2FDT 76 9.721 0.2453 0.4236
2FDT 77 11.397 0.2839 0.3889
2FDT 78 9.511 0.3397 0.5139
2FDT 79 13.404 0.2226 0.3889
2FDT 80 11.136 0.2301 0.3889
2FDT 81 11.850 0.2814 0.3819
2FDT 82 3.699 0.3366 0.5903
2FDT 83 9.347 0.2915 0.4236
2FDT 84 7.602 0.2752 0.4167
2FDT 85 7.861 0.3104 0.4722
2FDT 86 4.310 0.3488 0.6042
2FDT 87 7.934 0.3477 0.5417
2FDT 88 8.553 0.3607 0.5347
2FDT 89 10.742 0.2813 0.4167
2FDT 90 9.399 0.2953 0.4931
2FDT 91 3.503 0.4003 0.6597
2FDT 92 14.357 0.1670 0.2708
2FDT 93 9.888 0.2199 0.3611
2FDT 94 16.448 0.1720 0.2569
2FDT 95 11.731 0.2621 0.4167
2FDT 96 12.053 0.2987 0.4583
2FDT 97 12.522 0.2441 0.4097
2FDT 98 12.182 0.2922 0.4028
2FDT 99 10.007 0.3034 0.4444
2FDT 100 10.794 0.2110 0.3750
2FDT 101 11.498 0.1803 0.2569
2FDT 102 14.410 0.2068 0.3264
2FDT 103 12.200 0.2109 0.3889
2FDT 104 7.699 0.3156 0.4931
2FDT 105 13.342 0.2081 0.3403
2FDT 106 6.175 0.3167 0.5000
2FDT 107 12.306 0.1577 0.3194
2FDT 108 12.498 0.3313 0.5139
2FDT 109 9.451 0.2265 0.3958
2FDT 110 14.685 0.3157 0.4097
2FDT 111 12.888 0.2002 0.3194
2FDT 112 11.164 0.2528 0.4375
2FDT 113 11.024 0.2493 0.4306
2FDT 114 11.212 0.3044 0.4722
2FDT 115 10.602 0.2603 0.4236
2FDT 116 12.365 0.2796 0.3889
2FDT 117 15.495 0.2228 0.3472
2FDT 118 12.899 0.2469 0.3472
2FDT 119 4.409 0.3299 0.5556
2FDT 120 10.964 0.3233 0.4653
2FDT 121 5.716 0.3099 0.5278
2FDT 122 6.432 0.3460 0.5278
2FDT 123 10.222 0.2975 0.4792
2FDT 124 4.271 0.4508 0.6667
2FDT 125 7.766 0.3274 0.5347
2FDT 126 4.727 0.3155 0.5694
2FDT 127 6.405 0.2688 0.4583
2FDT 128 3.192 0.4413 0.7083
2FDT 129 2.577 0.4414 0.7153
2FDT 130 3.480 0.3450 0.6319
2FDT 131 3.298 0.4073 0.6736
2FDT 132 10.596 0.1344 0.2569
2FDT 133 10.678 0.1415 0.2847
2FDT 134 11.899 0.1726 0.3056
2FDT 135 13.740 0.1852 0.2708
2FDT 136 11.784 0.3198 0.4306
2FDT 137 4.383 0.3974 0.6389
2FDT 138 16.107 0.1507 0.2639
2FDT 139 13.270 0.2097 0.3056
2FDT 140 14.248 0.1682 0.2569
2FDT 141 7.343 0.2154 0.3958
2FDT 142 10.022 0.2251 0.3403
2FDT 143 10.736 0.2306 0.3889
2FDT 144 12.955 0.2989 0.3958
2FDT 145 7.019 0.3144 0.5556
2FDT 146 7.525 0.2983 0.4444
2FDT 147 7.727 0.2977 0.4653
2FDT 148 14.168 0.3342 0.4375
2FDT 149 13.600 0.1693 0.2917
2FDT 150 13.560 0.1977 0.3472
2FDT 151 7.669 0.2498 0.4306
2FDT 152 5.736 0.3168 0.5347
2FDT 153 8.298 0.2493 0.4028
2FDT 154 10.683 0.2556 0.3819
2FDT 155 4.586 0.3417 0.5903
2FDT 156 5.360 0.3551 0.5764
2FDT 157 3.869 0.3492 0.5972
2FDT 158 13.629 0.2661 0.3819
2FDT 159 6.580 0.3774 0.5556
2FDT 160 11.957 0.2680 0.3681
2FDT 161 14.203 0.2829 0.4306
2FDT 162 9.429 0.2764 0.4583
2FDT 163 8.495 0.3262 0.5417
2FDT 164 3.381 0.4007 0.6458
2FDT 165 5.365 0.3535 0.5694
2FDT 166 2.726 0.4306 0.6944
2FDT 167 2.512 0.4392 0.7153
2FDT 168 7.765 0.3215 0.4514
2FDT 169 3.277 0.3614 0.6597
2FDT 170 4.655 0.3505 0.5903
2FDT 171 3.406 0.3728 0.6736
2FDT 172 15.100 0.0942 0.1736
2FDT 173 9.697 0.1766 0.2847
2FDT 174 11.007 0.1353 0.2431
2FDT 175 10.321 0.2656 0.3681
2FDT 176 11.863 0.2621 0.3611
2FDT 177 15.011 0.1515 0.2778
2FDT 178 9.262 0.2272 0.4097
2FDT 179 11.884 0.1573 0.2639
2FDT 180 16.601 0.2161 0.3264
2FDT 181 13.277 0.1882 0.2639
2FDT 182 11.202 0.2855 0.4722
2FDT 183 7.630 0.3202 0.5347
2FDT 184 13.341 0.2467 0.3056
2FDT 185 11.675 0.1534 0.2847
2FDT 186 10.176 0.2696 0.3958
2FDT 187 11.278 0.2879 0.4097
2FDT 188 12.337 0.2061 0.3333
2FDT 189 13.285 0.2597 0.3958
2FDT 190 7.520 0.3005 0.4722
2FDT 191 9.653 0.2395 0.4028
2FDT 192 5.968 0.3313 0.5694
2FDT 193 11.712 0.2063 0.3542
2FDT 194 8.455 0.2305 0.4444
2FDT 195 12.194 0.2558 0.3681
2FDT 196 11.596 0.1918 0.3681
2FDT 197 7.655 0.3053 0.4931
2FDT 198 8.032 0.2894 0.4375
2FDT 199 6.290 0.3097 0.5139
2FDT 200 7.041 0.3572 0.5486
2FDT 201 3.195 0.4532 0.6944
2FDT 202 11.876 0.2186 0.3472
2FDT 203 10.124 0.3126 0.4444
2FDT 204 4.462 0.3173 0.5833
2FDT 205 5.513 0.3410 0.5625
2FDT 206 10.762 0.3355 0.4861
2FDT 207 5.206 0.2983 0.5417
2FDT 208 7.107 0.3971 0.5764
2FDT 209 6.040 0.3427 0.5764
2FDT 210 4.744 0.3353 0.5694
2FDT 211 4.195 0.3606 0.5903
2FDT 212 14.509 0.1391 0.1944
2FDT 213 10.859 0.1677 0.2639
2FDT 214 10.575 0.1280 0.2292
2FDT 215 9.136 0.2649 0.3819
2FDT 216 6.374 0.2716 0.4861
2FDT 217 6.946 0.3061 0.5069
2FDT 218 13.517 0.1967 0.3056
2FDT 219 14.034 0.2043 0.3542
2FDT 220 13.264 0.2864 0.4444
2FDT 221 11.186 0.2343 0.3819
2FDT 222 11.955 0.2592 0.3889
2FDT 223 9.841 0.3212 0.4375
2FDT 224 7.137 0.2897 0.4653
2FDT 225 10.520 0.1478 0.2778
2FDT 226 12.336 0.1351 0.2431
2FDT 227 9.131 0.1748 0.3681
2FDT 228 8.797 0.2548 0.4028
2FDT 229 8.750 0.2672 0.4236
2FDT 230 13.551 0.2996 0.3889
2FDT 231 11.344 0.3176 0.4444
2FDT 232 9.213 0.2429 0.3403
2FDT 233 9.326 0.2737 0.4444
2FDT 234 14.571 0.1947 0.3194
2FDT 235 14.391 0.3864 0.5417
2FDT 236 12.841 0.2185 0.3889
2FDT 237 14.068 0.2589 0.3958
2FDT 238 11.744 0.3064 0.4306
2FDT 239 14.410 0.2211 0.3750
2FDT 240 13.870 0.2446 0.3542
2FDT 241 17.741 0.2375 0.3333
2FDT 242 3.883 0.3438 0.6250
2FDT 243 7.732 0.2402 0.3750
2FDT 244 4.403 0.3269 0.5972
2FDT 245 7.044 0.3775 0.5417
2FDT 246 4.752 0.4435 0.6597
2FDT 247 5.104 0.3251 0.5764
2FDT 248 3.048 0.4081 0.6736
2FDT 249 4.259 0.3181 0.5694
2FDT 250 3.387 0.3521 0.6667
2FDT 251 2.830 0.4575 0.7222
2FDT 252 10.507 0.1150 0.2222
2FDT 253 14.782 0.1594 0.2708
2FDT 254 12.808 0.1090 0.2569
2FDT 255 10.968 0.3147 0.4375
2FDT 256 11.907 0.2175 0.3125
2FDT 257 10.664 0.2494 0.3542
2FDT 258 8.857 0.3172 0.5069
2FDT 259 15.370 0.1267 0.2500
2FDT 260 9.118 0.2736 0.4306
2FDT 261 13.421 0.1321 0.2431
2FDT 262 9.276 0.2450 0.3681
2FDT 263 8.880 0.2936 0.4792
2FDT 264 13.820 0.2684 0.3958
2FDT 265 9.937 0.2901 0.4028
2FDT 266 15.930 0.2050 0.3333
2FDT 267 8.636 0.1830 0.3611
2FDT 268 11.530 0.2915 0.4444
2FDT 269 7.245 0.1852 0.3750
2FDT 270 15.970 0.1988 0.2986
2FDT 271 5.111 0.3601 0.5972
2FDT 272 7.359 0.2393 0.3958
2FDT 273 12.688 0.1788 0.3194
2FDT 274 11.671 0.2499 0.3542
2FDT 275 8.914 0.2506 0.4028
2FDT 276 9.695 0.2369 0.3611
2FDT 277 12.172 0.2425 0.3403
2FDT 278 10.570 0.2849 0.3819
2FDT 279 6.933 0.2506 0.4306
2FDT 280 12.392 0.3117 0.4167
2FDT 281 4.616 0.4084 0.6389
2FDT 282 8.541 0.3520 0.4583
2FDT 283 5.233 0.3584 0.5764
2FDT 284 6.539 0.3173 0.4931
2FDT 285 5.492 0.3705 0.5972
2FDT 286 3.210 0.4048 0.6875
2FDT 287 12.831 0.2812 0.4514
2FDT 288 5.465 0.2886 0.5208
2FDT 289 3.957 0.3347 0.6111
2FDT 290 4.805 0.2916 0.5417
2FDT 291 3.567 0.3658 0.6250
2FDT 292 12.759 0.1434 0.2500
2FDT 293 7.357 0.3251 0.5069
2FDT 294 10.131 0.1985 0.2986
2FDT 295 14.694 0.1384 0.2361
2FDT 296 17.122 0.1593 0.2569
2FDT 297 15.827 0.1623 0.2708
2FDT 298 9.363 0.3065 0.4375
2FDT 299 10.115 0.2240 0.4167
2FDT 300 15.937 0.1938 0.3333
2FDT 301 7.220 0.3279 0.5139
2FDT 302 11.063 0.1811 0.3542
2FDT 303 9.672 0.3336 0.4653
2FDT 304 12.233 0.2046 0.3333
2FDT 305 12.401 0.2705 0.4236
2FDT 306 9.220 0.2031 0.3264
2FDT 307 15.504 0.2352 0.3542
2FDT 308 10.346 0.1324 0.2778
2FDT 309 13.902 0.2443 0.3333
2FDT 310 8.418 0.3011 0.4375
2FDT 311 12.177 0.1850 0.3056
2FDT 312 12.251 0.2936 0.3889
2FDT 313 7.642 0.2454 0.4236
2FDT 314 11.843 0.2414 0.3056
2FDT 315 3.956 0.3540 0.6042
2FDT 316 7.850 0.2216 0.3958
2FDT 317 8.307 0.2408 0.3681
2FDT 318 10.905 0.2285 0.3542
2FDT 319 11.420 0.2613 0.3958
2FDT 320 3.527 0.4143 0.6597
2FDT 321 9.546 0.3125 0.4444
2FDT 322 3.891 0.4167 0.6458
2FDT 323 7.717 0.3656 0.5486
2FDT 324 12.857 0.2023 0.3264
2FDT 325 4.592 0.4072 0.6528
2FDT 326 6.490 0.3753 0.6250
2FDT 327 7.842 0.2703 0.4861
2FDT 328 7.272 0.3315 0.5139
2FDT 329 8.498 0.2941 0.4375
2FDT 330 3.096 0.3726 0.6458
2FDT 331 5.939 0.3429 0.5764
2FDT 332 9.559 0.2025 0.3333
2FDT 333 12.672 0.1252 0.2292
2FDT 334 11.861 0.1284 0.2222
2FDT 335 11.869 0.1296 0.2569
2FDT 336 14.579 0.1242 0.2361
2FDT 337 14.215 0.2155 0.3333
2FDT 338 8.232 0.2590 0.4653
2FDT 339 10.585 0.2487 0.3403
2FDT 340 8.744 0.2492 0.3819
2FDT 341 7.388 0.2572 0.4306
2FDT 342 10.253 0.2583 0.3958
2FDT 343 10.762 0.2125 0.3819
2FDT 344 9.245 0.2014 0.3889
2FDT 345 13.486 0.2360 0.3542
2FDT 346 12.028 0.2217 0.3333
2FDT 347 11.293 0.2749 0.4097
2FDT 348 7.130 0.2888 0.5139
2FDT 349 8.352 0.2537 0.4514
2FDT 350 11.933 0.2095 0.3403
2FDT 351 15.749 0.2306 0.3472
2FDT 352 11.075 0.1940 0.3125
2FDT 353 12.427 0.2507 0.3750
2FDT 354 12.423 0.1769 0.2778
2FDT 355 11.967 0.2863 0.4375
2FDT 356 7.228 0.3131 0.4931
2FDT 357 7.515 0.2441 0.3889
2FDT 358 9.767 0.3014 0.4236
2FDT 359 15.089 0.3207 0.4375
2FDT 360 4.137 0.3977 0.6528
2FDT 361 3.747 0.3506 0.6042
2FDT 362 5.292 0.3037 0.5208
2FDT 363 5.352 0.3250 0.5417
2FDT 364 4.456 0.3588 0.5694
2FDT 365 6.679 0.3368 0.5139
2FDT 366 7.006 0.2459 0.4514
2FDT 367 5.284 0.3184 0.5486
2FDT 368 3.373 0.3925 0.6528
2FDT 369 4.139 0.3318 0.5694
2FDT 370 3.713 0.3398 0.5972
2FDT 371 3.484 0.3938 0.6736
2FDT 372 10.550 0.1061 0.2222
2FDT 373 11.289 0.1445 0.2569
2FDT 374 10.161 0.1169 0.2361
2FDT 375 12.068 0.1092 0.2083
2FDT 376 13.332 0.2880 0.4097
2FDT 377 12.042 0.1705 0.2778
2FDT 378 12.878 0.2014 0.2847
2FDT 379 9.369 0.2585 0.3681
2FDT 380 6.967 0.3349 0.5069
2FDT 381 13.949 0.2177 0.3611
2FDT 382 10.290 0.3373 0.4514
2FDT 383 9.755 0.1493 0.2917
2FDT 384 8.895 0.3210 0.4931
2FDT 385 9.152 0.3298 0.5000
2FDT 386 9.196 0.2009 0.3403
2FDT 387 10.549 0.1713 0.3472
2FDT 388 9.968 0.2632 0.4167
2FDT 389 9.283 0.2493 0.3681
2FDT 390 11.845 0.2534 0.4167
2FDT 391 11.639 0.2626 0.3958
2FDT 392 9.900 0.2098 0.3750
2FDT 393 13.548 0.2851 0.4236
2FDT 394 11.241 0.2739 0.4028
2FDT 395 13.930 0.2853 0.4236
2FDT 396 10.901 0.1678 0.3125
2FDT 397 6.180 0.1761 0.3819
2FDT 398 10.234 0.3764 0.5694
2FDT 399 5.985 0.2107 0.4861
2FDT 400 9.946 0.1956 0.3333
2FDT 401 9.948 0.3138 0.4722
2FDT 402 4.753 0.2939 0.5139
2FDT 403 11.806 0.3645 0.4514
2FDT 404 5.628 0.3375 0.5347
2FDT 405 3.710 0.3546 0.6319
2FDT 406 7.958 0.2944 0.4444
2FDT 407 4.639 0.3911 0.6181
2FDT 408 5.455 0.2872 0.5208
2FDT 409 3.670 0.3806 0.6181
2FDT 410 5.507 0.2965 0.5139
2FDT 411 5.723 0.2961 0.5208
2FDT 412 1.209 0.7208 0.8819
2FDT 413 1.451 0.6268 0.8194
2FDT 414 1.457 0.6157 0.8472
2FDT 415 1.353 0.6482 0.8542
2FDT 416 1.361 0.6373 0.8542
2FDT 417 1.380 0.6275 0.8472
2FDT 418 1.404 0.6236 0.8403
2FDT 419 1.404 0.6269 0.8472
2FDT 420 1.419 0.6228 0.8472
2FDT 421 1.426 0.6198 0.8472
2FDT 422 1.429 0.6198 0.8472
2FDT 423 1.422 0.6227 0.8472
2FDT 424 1.419 0.6215 0.8472
2FDT 425 1.422 0.6220 0.8542
2FDT 426 1.440 0.6178 0.8472
2FDT 427 1.430 0.6189 0.8472
2FDT 428 1.419 0.6232 0.8472
2FDT 429 1.426 0.6222 0.8542
2FDT 430 1.427 0.6212 0.8472
2FDT 431 1.417 0.6229 0.8472
2FDT 432 1.422 0.6239 0.8472
2FDT 433 1.406 0.6270 0.8472
2FDT 434 1.415 0.6231 0.8472
2FDT 435 1.427 0.6192 0.8472
2FDT 436 1.421 0.6217 0.8472
2FDT 437 1.424 0.6189 0.8403
2FDT 438 1.420 0.6226 0.8542
2FDT 439 1.418 0.6233 0.8542
2FDT 440 1.421 0.6211 0.8472
2FDT 441 1.402 0.6283 0.8472
2FDT 442 1.414 0.6216 0.8472
2FDT 443 1.423 0.6217 0.8472
2FDT 444 1.412 0.6233 0.8542
2FDT 445 1.412 0.6230 0.8472
2FDT 446 1.404 0.6257 0.8542
2FDT 447 1.371 0.6329 0.8542
2FDT 448 1.399 0.6253 0.8472
2FDT 449 1.418 0.6168 0.8472
2FDT 450 1.400 0.6241 0.8542
2FDT 451 1.382 0.6296 0.8542
2FDT 452 1.394 0.6288 0.8542
2FDT 453 1.391 0.6288 0.8542
2FDT 454 1.397 0.6280 0.8472
2FDT 455 1.383 0.6293 0.8542
2FDT 456 1.379 0.6319 0.8472
2FDT 457 1.379 0.6293 0.8472
2FDT 458 1.397 0.6266 0.8472
2FDT 459 1.384 0.6276 0.8403
2FDT 460 1.385 0.6277 0.8472
2FDT 461 1.366 0.6331 0.8472
2FDT 462 1.390 0.6274 0.8472
2FDT 463 1.402 0.6267 0.8472
2FDT 464 1.394 0.6224 0.8403
2FDT 465 1.396 0.6265 0.8472
2FDT 466 1.403 0.6229 0.8403
2FDT 467 1.441 0.6112 0.8472
2FDT 468 1.384 0.6292 0.8403
2FDT 469 1.418 0.6238 0.8472
2FDT 470 1.357 0.6378 0.8472
2FDT 471 1.346 0.6358 0.8542
2FDT 472 1.345 0.6318 0.8542
2FDT 473 1.422 0.6098 0.8542
2FDT 474 1.453 0.6031 0.8264
2FDT 475 1.406 0.6106 0.8333
2FDT 476 1.396 0.6149 0.8125
2FDT 477 1.399 0.6167 0.8264
2FDT 478 1.426 0.6057 0.8194
2FDT 479 1.426 0.6074 0.8125
2FDT 480 1.437 0.6050 0.8194
2FDT 481 1.436 0.6060 0.8194
2FDT 482 1.427 0.6031 0.8194
2FDT 483 1.459 0.5945 0.8125
2FDT 484 1.466 0.5941 0.8125
2FDT 485 1.470 0.5931 0.8056
2FDT 486 1.465 0.5940 0.8125
2FDT 487 1.493 0.5875 0.8194
2FDT 488 1.531 0.5784 0.8264
2FDT 489 1.511 0.5825 0.8125
2FDT 490 1.529 0.5739 0.8125
2FDT 491 1.506 0.5780 0.8125
2FDT 492 1.526 0.5701 0.8056
2FDT 493 1.499 0.5817 0.8056
2FDT 494 1.515 0.5745 0.8056
2FDT 495 1.512 0.5757 0.8056
2FDT 496 1.546 0.5647 0.8125
2FDT 497 1.518 0.5752 0.8056
2FDT 498 1.502 0.5812 0.8125
2FDT 499 1.491 0.5897 0.8194
2FDT 500 1.496 0.5844 0.8056
2FDT 501 1.503 0.5848 0.8056
2FDT 502 1.511 0.5757 0.8125
2FDT 503 1.515 0.5772 0.8056
2FDT 504 1.545 0.5666 0.8056
2FDT 505 1.508 0.5820 0.8125
2FDT 506 1.511 0.5786 0.8125
2FDT 507 1.522 0.5725 0.8056
2FDT 508 1.451 0.6001 0.8125
2FDT 509 1.447 0.5962 0.8125
2FDT 510 1.477 0.5909 0.8125
2FDT 511 1.528 0.5748 0.7986
2FDT 512 1.466 0.5896 0.8125
2FDT 513 1.504 0.5815 0.8194
2FDT 514 1.509 0.5784 0.7986
2FDT 515 1.518 0.5797 0.8056
2FDT 516 1.510 0.5832 0.7986
2FDT 517 1.527 0.5735 0.8056
2FDT 518 1.499 0.5836 0.8056
2FDT 519 1.557 0.5720 0.8056
2FDT 520 1.531 0.5809 0.8056
2FDT 521 1.573 0.5748 0.8125
2FDT 522 1.602 0.5591 0.7917
2FDT 523 1.520 0.5819 0.8125
2FDT 524 1.568 0.5715 0.7986
2FDT 525 1.580 0.5689 0.7986
2FDT 526 1.534 0.5793 0.8056
2FDT 527 1.536 0.5745 0.7986
2FDT 528 1.537 0.5755 0.8125
2FDT 529 1.527 0.5783 0.8056
2FDT 530 1.590 0.5638 0.7986
2FDT 531 1.563 0.5742 0.7986
2FDT 532 1.585 0.5668 0.8125
2FDT 533 1.576 0.5689 0.8056
2FDT 534 1.612 0.5555 0.8056
2FDT 535 1.554 0.5750 0.8125
2FDT 536 1.576 0.5669 0.8056
2FDT 537 1.583 0.5665 0.8056
2FDT 538 1.600 0.5593 0.7847
2FDT 539 1.526 0.5802 0.8125
2FDT 540 1.612 0.5609 0.7986
2FDT 541 1.551 0.5782 0.7986
2FDT 542 1.630 0.5570 0.7986
2FDT 543 1.614 0.5580 0.7847
2FDT 544 1.606 0.5590 0.7986
2FDT 545 1.513 0.5825 0.8056
2FDT 546 1.551 0.5710 0.7986
2FDT 547 1.483 0.5955 0.8125
2FDT 548 1.566 0.5716 0.8056
2FDT 549 1.589 0.5635 0.7917
2FDT 550 1.556 0.5751 0.7986
2FDT 551 1.531 0.5831 0.8056
2FDT 552 1.573 0.5721 0.8056
2FDT 553 1.594 0.5634 0.7986
2FDT 554 1.608 0.5636 0.7986
2FDT 555 1.575 0.5642 0.7917
2FDT 556 1.600 0.5646 0.8056
2FDT 557 1.547 0.5733 0.7986
2FDT 558 1.621 0.5552 0.7847
2FDT 559 1.603 0.5546 0.7917
2FDT 560 1.571 0.5716 0.7986
2FDT 561 1.598 0.5597 0.7986
2FDT 562 1.551 0.5740 0.7986
2FDT 563 1.566 0.5715 0.7917
2FDT 564 1.585 0.5642 0.7986
2FDT 565 1.603 0.5594 0.8056
2FDT 566 1.624 0.5561 0.7847
2FDT 567 1.468 0.5905 0.8264
2FDT 568 1.557 0.5715 0.8194
2FDT 569 1.537 0.5718 0.7986
2FDT 570 1.559 0.5759 0.7986
2FDT 571 1.463 0.5993 0.8056
2FDT 572 1.550 0.5717 0.8056
2FDT 573 1.517 0.5773 0.8056
2FDT 574 1.609 0.5598 0.7986
2FDT 575 1.582 0.5695 0.7986
2FDT 576 1.604 0.5668 0.7917
2FDT 577 1.570 0.5702 0.7917
2FDT 578 1.599 0.5645 0.7847
2FDT 579 1.641 0.5587 0.7917
2FDT 580 1.599 0.5570 0.7847
2FDT 581 1.539 0.5774 0.7847
2FDT 582 1.581 0.5599 0.7847
2FDT 583 1.566 0.5669 0.8056
2FDT 584 1.566 0.5697 0.7917
2FDT 585 1.591 0.5565 0.8056
2FDT 586 1.585 0.5624 0.7986
2FDT 587 1.595 0.5617 0.7847
2FDT 588 1.552 0.5739 0.8056
2FDT 589 1.558 0.5711 0.7917
2FDT 590 1.582 0.5614 0.7847
2FDT 591 1.604 0.5545 0.7917
2FDT 592 1.572 0.5665 0.8125
2FDT 593 1.673 0.5414 0.7778
2FDT 594 1.627 0.5563 0.7986
2FDT 595 1.683 0.5428 0.7778
2FDT 596 1.673 0.5375 0.7847
2FDT 597 1.685 0.5355 0.7917
2FDT 598 1.668 0.5442 0.7778
2FDT 599 1.707 0.5362 0.7917
2FDT 600 1.708 0.5307 0.7778
2FDT 601 1.659 0.5515 0.7847
2FDT 602 1.668 0.5444 0.7917
2FDT 603 1.718 0.5363 0.7986
2FDT 604 1.683 0.5380 0.7847
2FDT 605 1.635 0.5623 0.8056
2FDT 606 1.715 0.5472 0.7917
2FDT 607 1.618 0.5643 0.7986
2FDT 608 1.680 0.5465 0.8056
2FDT 609 1.642 0.5598 0.7986
2FDT 610 1.653 0.5508 0.7986
2FDT 611 1.682 0.5463 0.7917
2FDT 612 1.614 0.5611 0.8056
2FDT 613 1.659 0.5530 0.7986
2FDT 614 1.668 0.5481 0.7986
2FDT 615 1.652 0.5606 0.7986
2FDT 616 1.672 0.5538 0.8056
2FDT 617 1.636 0.5561 0.7917
2FDT 618 1.645 0.5532 0.8125
2FDT 619 1.668 0.5526 0.7847
2FDT 620 1.661 0.5531 0.7917
2FDT 621 1.589 0.5691 0.8194
2FDT 622 1.670 0.5477 0.7986
2FDT 623 1.654 0.5442 0.7986
2FDT 624 1.583 0.5729 0.8125
2FDT 625 1.659 0.5541 0.7847
2FDT 626 1.650 0.5519 0.7847
2FDT 627 1.660 0.5571 0.8056
2FDT 628 1.672 0.5488 0.8056
2FDT 629 1.674 0.5504 0.7917
2FDT 630 1.695 0.5462 0.7986
2FDT 631 1.648 0.5525 0.7917
2FDT 632 1.649 0.5647 0.7986
2FDT 633 1.692 0.5444 0.7917
2FDT 634 1.726 0.5427 0.7986
2FDT 635 1.604 0.5636 0.8056
2FDT 636 1.708 0.5455 0.7778
2FDT 637 1.620 0.5689 0.8056
2FDT 638 1.666 0.5519 0.7986
2FDT 639 1.728 0.5347 0.7778
2FDT 640 1.658 0.5537 0.8056
2FDT 641 1.655 0.5637 0.7917
2FDT 642 1.684 0.5481 0.7917
2FDT 643 1.617 0.5704 0.7917
2FDT 644 1.612 0.5716 0.7986
2FDT 645 1.620 0.5664 0.8125
2FDT 646 1.722 0.5344 0.7986
2FDT 647 1.716 0.5407 0.7847
2FDT 648 1.625 0.5648 0.8056
2FDT 649 1.632 0.5659 0.8056
2FDT 650 1.702 0.5514 0.7778
2FDT 651 1.631 0.5655 0.7917
2FDT 652 1.649 0.5637 0.7847
2FDT 653 1.662 0.5584 0.7917
2FDT 654 1.589 0.5913 0.8125
2FDT 655 1.735 0.5411 0.7986
2FDT 656 1.702 0.5470 0.7917
2FDT 657 1.658 0.5602 0.7917
2FDT 658 1.766 0.5332 0.7917
2FDT 659 1.660 0.5659 0.7847
2FDT 660 1.724 0.5411 0.8056
2FDT 661 1.594 0.5759 0.8056
2FDT 662 1.716 0.5394 0.7847
2FDT 663 1.693 0.5448 0.7917
2FDT 664 1.674 0.5532 0.7986
2FDT 665 1.665 0.5597 0.7986
2FDT 666 1.666 0.5580 0.7917
2FDT 667 1.633 0.5691 0.7917
2FDT 668 1.700 0.5498 0.7986
2FDT 669 1.579 0.5880 0.7986
2FDT 670 1.604 0.5693 0.7986
2FDT 671 1.721 0.5461 0.7847
2FDT 672 1.601 0.5702 0.8125
2FDT 673 1.649 0.5632 0.8056
2FDT 674 1.634 0.5603 0.7917
2FDT 675 1.719 0.5443 0.7986
2FDT 676 1.795 0.5249 0.7639
2FDT 677 1.747 0.5385 0.7847
2FDT 678 1.762 0.5279 0.7847
2FDT 679 1.646 0.5631 0.8056
2FDT 680 1.626 0.5658 0.7986
2FDT 681 1.598 0.5827 0.8194
2FDT 682 1.665 0.5548 0.7847
2FDT 683 1.663 0.5578 0.7986
2FDT 684 1.675 0.5516 0.7986
2FDT 685 1.603 0.5727 0.7917
2FDT 686 1.674 0.5626 0.7917
2FDT 687 1.626 0.5569 0.7847
2FDT 688 1.588 0.5726 0.8264
2FDT 689 1.687 0.5484 0.7917
2FDT 690 1.552 0.5875 0.8056
2FDT 691 1.589 0.5725 0.7847
2FDT 692 1.539 0.5898 0.7986
2FDT 693 1.525 0.5896 0.8125
2FDT 694 1.498 0.6048 0.8194
2FDT 695 1.566 0.5982 0.8056
2FDT 696 1.642 0.5753 0.7917
2FDT 697 1.533 0.5890 0.8056
2FDT 698 1.587 0.5842 0.7917
2FDT 699 1.618 0.5817 0.7847
2FDT 700 1.420 0.6350 0.8264
2FDT 701 1.502 0.6170 0.8194
2FDT 702 1.526 0.6018 0.8194
2FDT 703 1.577 0.5945 0.8056
2FDT 704 1.453 0.6305 0.8194
2FDT 705 1.562 0.5973 0.7986
2FDT 706 1.523 0.6127 0.7986
2FDT 707 1.668 0.5533 0.7778
2FDT 708 1.525 0.5864 0.8056
2FDT 709 1.577 0.5723 0.7917
2FDT 710 1.551 0.5771 0.8125
2FDT 711 1.382 0.6316 0.8472
2FDT 712 1.499 0.5991 0.8125
2FDT 713 1.530 0.5926 0.7986
2FDT 714 1.551 0.5884 0.8194
2FDT 715 1.458 0.6249 0.8194
2FDT 716 1.404 0.6299 0.8333
2FDT 717 1.657 0.5692 0.7847
2FDT 718 1.562 0.5829 0.8056
2FDT 719 1.531 0.6039 0.8264
2FDT 720 1.529 0.6004 0.8194
2FDT 721 1.484 0.6169 0.8194
2FDT 722 1.527 0.5923 0.8056
2FDT 723 1.415 0.6302 0.8264
2FDT 724 1.430 0.6340 0.8194
2FDT 725 1.507 0.6228 0.8056
2FDT 726 1.591 0.5868 0.7917
2FDT 727 1.524 0.6085 0.8056
2FDT 728 1.470 0.6209 0.8056
2FDT 729 1.500 0.6083 0.8125
2FDT 730 1.543 0.5962 0.7986
2FDT 731 1.412 0.6496 0.8333
2FDT 732 1.642 0.5711 0.7917
2FDT 733 1.486 0.6151 0.8125
2FDT 734 1.494 0.6144 0.8056
2FDT 735 1.797 0.5287 0.7708
2FDT 736 1.682 0.5576 0.7847
2FDT 737 1.606 0.5670 0.7986
2FDT 738 1.653 0.5728 0.7917
2FDT 739 1.704 0.5534 0.7639
2FDT 740 1.514 0.6057 0.8194
2FDT 741 1.446 0.6270 0.8264
2FDT 742 1.503 0.6039 0.7917
2FDT 743 1.491 0.6042 0.8264
2FDT 744 1.524 0.5958 0.8194
2FDT 745 1.485 0.5959 0.8056
2FDT 746 1.484 0.6010 0.8125
2FDT 747 1.464 0.6007 0.8264
2FDT 748 1.539 0.5855 0.8056
2FDT 749 1.652 0.5489 0.7917
2FDT 750 1.454 0.6050 0.8194
2FDT 751 1.580 0.5661 0.7986
2FDT 752 1.532 0.5791 0.7986
2FDT 753 1.555 0.5773 0.8194
2FDT 754 1.572 0.5568 0.7847
2FDT 755 1.573 0.5761 0.8056
2FDT 756 1.472 0.6079 0.8056
2FDT 757 1.571 0.5653 0.8056
2FDT 758 1.573 0.5729 0.7986
2FDT 759 1.520 0.5947 0.8056
2FDT 760 1.435 0.6437 0.8403
2FDT 761 1.385 0.6353 0.8264
2FDT 762 1.483 0.6249 0.8472
2FDT 763 1.475 0.6147 0.8056
2FDT 764 1.525 0.5981 0.8125
2FDT 765 1.512 0.6032 0.8194
2FDT 766 1.528 0.6140 0.8333
2FDT 767 1.494 0.6153 0.8194
2FDT 768 1.536 0.5905 0.8125
2FDT 769 1.663 0.5638 0.7986
2FDT 770 1.577 0.5880 0.8056
2FDT 771 1.584 0.5884 0.7986
2FDT 772 1.621 0.5762 0.7917
2FDT 773 1.509 0.6084 0.8056
2FDT 774 1.496 0.6055 0.8056
2FDT 775 1.442 0.6271 0.8264
2FDT 776 1.472 0.6313 0.8333
2FDT 777 1.533 0.6037 0.8056
2FDT 778 1.468 0.6349 0.8333
2FDT 779 1.402 0.6506 0.8542
2FDT 780 1.537 0.6183 0.8056
2FDT 781 1.433 0.6417 0.8472
2FDT 782 1.541 0.6061 0.8056
2FDT 783 1.531 0.6129 0.8264
2FDT 784 1.578 0.5931 0.8056
2FDT 785 1.353 0.6636 0.8542
2FDT 786 1.391 0.6502 0.8403
2FDT 787 1.473 0.6387 0.8403
2FDT 788 1.463 0.6450 0.8472
2FDT 789 1.520 0.6438 0.8472
2FDT 790 1.439 0.6445 0.8403
2FDT 791 1.467 0.6248 0.8194
2FDT 792 1.375 0.6341 0.8194
2FDT 793 1.433 0.6439 0.8403
2FDT 794 1.561 0.6213 0.8125
2FDT 795 1.425 0.6405 0.8333
2FDT 796 1.366 0.6466 0.8333
2FDT 797 1.448 0.6417 0.8333
2FDT 798 1.440 0.6448 0.8333
2FDT 799 1.476 0.6237 0.8403
2FDT 800 1.412 0.6564 0.8542
2FDT 801 1.353 0.6643 0.8542
2FDT 802 1.421 0.6358 0.8264
2FDT 803 1.502 0.6278 0.8194
2FDT 804 1.435 0.6402 0.8333
2FDT 805 1.347 0.6625 0.8542
2FDT 806 1.483 0.6256 0.8333
2FDT 807 1.385 0.6418 0.8403
2FDT 808 1.244 0.7004 0.8681
2FDT 809 1.354 0.6510 0.8542
2FDT 810 1.657 0.5494 0.7917
2FDT 811 1.516 0.5898 0.8125
2FDT 812 1.590 0.6000 0.8194
2FDT 813 1.664 0.5735 0.7986
2FDT 814 1.758 0.5265 0.7986
2FDT 815 1.888 0.4978 0.7708
2FDT 816 1.867 0.5285 0.7708
2FDT 817 1.845 0.5123 0.7847
2FDT 818 1.873 0.5197 0.7778
2FDT 819 1.834 0.5312 0.7847
2FDT 820 1.885 0.5000 0.7639
2FDT 821 1.819 0.5202 0.7639
2FDT 822 1.968 0.4824 0.7639
2FDT 823 1.933 0.4983 0.7569
2FDT 824 1.966 0.4990 0.7639
2FDT 825 1.938 0.5087 0.7639
2FDT 826 1.969 0.4932 0.7431
2FDT 827 1.919 0.5090 0.7569
2FDT 828 1.942 0.4891 0.7500
2FDT 829 2.037 0.4623 0.7361
2FDT 830 1.927 0.5032 0.7708
2FDT 831 1.873 0.5173 0.7639
2FDT 832 1.971 0.4855 0.7569
2FDT 833 1.823 0.5287 0.7778
2FDT 834 1.851 0.5061 0.7847
2FDT 835 2.043 0.4741 0.7431
2FDT 836 2.000 0.4868 0.7639
2FDT 837 2.248 0.4507 0.7500
2FDT 838 2.088 0.4629 0.7361
2FDT 839 2.088 0.4790 0.7361
2FDT 840 2.200 0.4547 0.7292
2FDT 841 2.057 0.4916 0.7500
2FDT 842 2.264 0.4601 0.7431
2FDT 843 2.060 0.4987 0.7569
2FDT 844 2.083 0.4738 0.7361
2FDT 845 2.230 0.4595 0.7431
2FDT 846 2.160 0.4741 0.7361
2FDT 847 2.168 0.4639 0.7431
2FDT 848 2.118 0.4616 0.7361
2FDT 849 2.099 0.4478 0.7361
2FDT 850 2.092 0.4621 0.7292
2FDT 851 2.164 0.4533 0.7361
2FDT 852 2.111 0.4546 0.7361
2FDT 853 2.197 0.4491 0.7431
2FDT 854 2.216 0.4507 0.7431
2FDT 855 2.116 0.4584 0.7431
2FDT 856 2.135 0.4557 0.7292
2FDT 857 2.227 0.4567 0.7431
2FDT 858 2.098 0.4702 0.7431
2FDT 859 2.200 0.4641 0.7431
2FDT 860 2.104 0.4513 0.7361
2FDT 861 2.191 0.4681 0.7639
2FDT 862 2.177 0.4783 0.7639
2FDT 863 2.141 0.4677 0.7431
2FDT 864 2.216 0.4780 0.7500
2FDT 865 2.345 0.4345 0.7292
2FDT 866 2.225 0.4579 0.7431
2FDT 867 2.073 0.4612 0.7500
2FDT 868 1.985 0.4741 0.7569
2FDT 869 2.034 0.4713 0.7431
2FDT 870 1.994 0.4814 0.7708
2FDT 871 1.991 0.4751 0.7569
2FDT 872 1.973 0.4759 0.7361
2FDT 873 2.145 0.4494 0.7431
2FDT 874 2.099 0.4619 0.7431
2FDT 875 1.930 0.4846 0.7569
2FDT 876 2.014 0.4720 0.7361
2FDT 877 1.935 0.4867 0.7639
2FDT 878 1.883 0.4951 0.7708
2FDT 879 1.863 0.5207 0.7708
2FDT 880 2.090 0.4676 0.7431
2FDT 881 2.214 0.4570 0.7431
2FDT 882 2.046 0.4873 0.7431
2FDT 883 2.000 0.5090 0.7708
2FDT 884 2.051 0.5205 0.7569
2FDT 885 2.144 0.5119 0.7778
2FDT 886 2.225 0.5112 0.7639
2FDT 887 2.026 0.4831 0.7431
2FDT 888 2.013 0.5068 0.7708
2FDT 889 1.921 0.5202 0.7708
2FDT 890 1.914 0.5118 0.7569
2FDT 891 2.123 0.5055 0.7500
2FDT 892 1.976 0.5250 0.7639
2FDT 893 1.992 0.4905 0.7500
2FDT 894 2.178 0.4693 0.7361
2FDT 895 1.998 0.5006 0.7639
2FDT 896 2.210 0.4783 0.7292
2FDT 897 2.146 0.5001 0.7569
2FDT 898 2.082 0.4903 0.7361
2FDT 899 1.997 0.4962 0.7292
2FDT 900 2.166 0.4899 0.7500
2FDT 901 2.203 0.4652 0.7361
2FDT 902 2.067 0.4870 0.7569
2FDT 903 2.112 0.4664 0.7222
2FDT 904 2.067 0.4880 0.7361
2FDT 905 2.109 0.4896 0.7361
2FDT 906 2.117 0.4967 0.7500
2FDT 907 2.093 0.5174 0.7639
2FDT 908 2.037 0.4840 0.7569
2FDT 909 2.146 0.4663 0.7153
2FDT 910 2.421 0.4921 0.7500
2FDT 911 2.127 0.4670 0.7361
2FDT 912 2.287 0.4442 0.7222
2FDT 913 2.080 0.5111 0.7708
2FDT 914 2.172 0.4666 0.7361
2FDT 915 2.428 0.4718 0.7361
2FDT 916 2.190 0.4729 0.7361
2FDT 917 2.341 0.4924 0.7500
2FDT 918 2.228 0.4836 0.7569
2FDT 919 2.426 0.4749 0.7431
2FDT 920 2.503 0.4743 0.7292
2FDT 921 2.425 0.4763 0.7431
2FDT 922 2.383 0.4649 0.7361
2FDT 923 2.436 0.4718 0.7222
2FDT 924 2.523 0.4617 0.7361
2FDT 925 2.600 0.4445 0.7153
2FDT 926 2.369 0.4573 0.7222
2FDT 927 2.501 0.4567 0.7222
2FDT 928 2.519 0.4695 0.7431
2FDT 929 2.528 0.4547 0.7222
2FDT 930 2.485 0.4760 0.7361
2FDT 931 2.483 0.4743 0.7292
2FDT 932 2.536 0.4589 0.7222
2FDT 933 2.444 0.4598 0.7222
2FDT 934 2.417 0.4572 0.7361
2FDT 935 2.526 0.4332 0.7153
2FDT 936 2.445 0.4758 0.7292
2FDT 937 2.648 0.4986 0.7500
2FDT 938 2.309 0.4711 0.7431
2FDT 939 2.341 0.4922 0.7500
2FDT 940 2.524 0.4501 0.7222
2FDT 941 2.286 0.4661 0.7292
2FDT 942 2.329 0.4629 0.7292
2FDT 943 2.306 0.4709 0.7292
2FDT 944 2.328 0.4798 0.7431
2FDT 945 2.392 0.4680 0.7292
2FDT 946 2.512 0.4584 0.7222
2FDT 947 2.511 0.4553 0.7222
2FDT 948 2.476 0.4544 0.7222
2FDT 949 2.505 0.4469 0.7222
2FDT 950 2.397 0.4901 0.7500
2FDT 951 2.522 0.4522 0.7153
2FDT 952 2.415 0.4722 0.7431
2FDT 953 2.407 0.4629 0.7500
2FDT 954 2.527 0.4756 0.7361
2FDT 955 2.259 0.4870 0.7500
2FDT 956 2.591 0.4411 0.7153
2FDT 957 2.157 0.4749 0.7431
2FDT 958 2.387 0.4904 0.7500
2FDT 959 2.399 0.4875 0.7361
2FDT 960 2.444 0.4583 0.7361
2FDT 961 2.562 0.4762 0.7361
2FDT 962 2.506 0.4682 0.7361
2FDT 963 2.426 0.4473 0.7083
2FDT 964 2.451 0.4445 0.7153
2FDT 965 2.428 0.4711 0.7292
2FDT 966 2.588 0.4550 0.7153
2FDT 967 2.667 0.4160 0.6875
2FDT 968 2.547 0.4692 0.7292
2FDT 969 2.400 0.4851 0.7500
2FDT 970 2.459 0.4847 0.7361
2FDT 971 2.499 0.4788 0.7361
2FDT 972 2.498 0.4840 0.7361
2FDT 973 2.528 0.4229 0.6875
2FDT 974 2.662 0.4181 0.6806
2FDT 975 2.599 0.4539 0.7153
2FDT 976 2.466 0.4482 0.7222
2FDT 977 2.546 0.4508 0.7083
2FDT 978 2.507 0.4663 0.7292
2FDT 979 2.414 0.4701 0.7292
2FDT 980 2.354 0.4460 0.7222
2FDT 981 2.426 0.4543 0.7153
2FDT 982 2.332 0.4814 0.7431
2FDT 983 2.498 0.4685 0.7222
2FDT 984 2.465 0.4680 0.7222
2FDT 985 2.451 0.4576 0.7222
2FDT 986 2.593 0.4681 0.7222
2FDT 987 2.447 0.4875 0.7569
2FDT 988 2.564 0.4056 0.7014
2FDT 989 2.552 0.4152 0.6875
2FDT 990 2.638 0.4705 0.7222
2FDT 991 2.527 0.4601 0.7292
2FDT 992 2.536 0.4111 0.6806
2FDT 993 2.476 0.4539 0.7222
2FDT 994 2.534 0.4417 0.7014
2FDT 995 2.373 0.4530 0.7222
2FDT 996 2.543 0.4774 0.7361
2FDT 997 2.433 0.4664 0.7500
2FDT 998 2.559 0.4521 0.7292
2FDT 999 2.365 0.4476 0.7222
2FDT 1000 2.455 0.4342 0.7014
2FDT 1001 2.414 0.4311 0.6944
2FDT 1002 2.602 0.4036 0.6944
2FDT 1003 2.751 0.4380 0.6875
2FDT 1004 2.797 0.3833 0.6528
2FDT 1005 2.739 0.4138 0.6736
2FDT 1006 2.430 0.4150 0.7014
2FDT 1007 2.499 0.4376 0.7083
2FDT 1008 2.633 0.4521 0.7222
2FDT 1009 2.469 0.4663 0.7222
2FDT 1010 2.458 0.4153 0.7083
2FDT 1011 2.375 0.4482 0.7222
2FDT 1012 2.732 0.4559 0.7014
2FDT 1013 2.438 0.4348 0.6944
2FDT 1014 2.485 0.4164 0.7014
2FDT 1015 2.698 0.4427 0.7083
2FDT 1016 2.589 0.4490 0.7083
2FDT 1017 2.610 0.4276 0.7014
2FDT 1018 2.837 0.3691 0.6458
2FDT 1019 2.732 0.4281 0.6875
2FDT 1020 2.605 0.4356 0.7083
2FDT 1021 2.501 0.4462 0.7083
2FDT 1022 2.446 0.4233 0.6875
2FDT 1023 2.753 0.3934 0.6597
2FDT 1024 2.710 0.4029 0.6806
2FDT 1025 2.450 0.4363 0.7083
2FDT 1026 2.631 0.4084 0.6736
2FDT 1027 2.605 0.4283 0.7014
2FDT 1028 2.719 0.3877 0.6875
2FDT 1029 2.620 0.4129 0.6875
2FDT 1030 2.596 0.4163 0.6875
2FDT 1031 2.540 0.4149 0.7083
2FDT 1032 2.447 0.4172 0.7083
2FDT 1033 2.574 0.4485 0.7361
2FDT 1034 2.498 0.4405 0.7083
2FDT 1035 2.422 0.4926 0.7500
2FDT 1036 2.428 0.4493 0.7222
2FDT 1037 2.257 0.5056 0.7569
2FDT 1038 2.378 0.4621 0.7292
2FDT 1039 2.341 0.4594 0.7222
2FDT 1040 2.221 0.4594 0.7153
2FDT 1041 2.444 0.4585 0.7292
2FDT 1042 2.204 0.4524 0.7292
2FDT 1043 2.375 0.4822 0.7431
2FDT 1044 2.413 0.4585 0.7083
2FDT 1045 2.449 0.4699 0.7292
2FDT 1046 2.415 0.4665 0.7431
2FDT 1047 2.543 0.4634 0.7361
2FDT 1048 2.401 0.4580 0.7222
2FDT 1049 2.475 0.4372 0.7153
2FDT 1050 2.425 0.4658 0.7431
2FDT 1051 2.468 0.4675 0.7292
2FDT 1052 2.427 0.4507 0.7292
2FDT 1053 2.638 0.4587 0.7222
2FDT 1054 2.468 0.4580 0.7153
2FDT 1055 2.457 0.4604 0.7222
2FDT 1056 2.583 0.4705 0.7361
2FDT 1057 2.410 0.4634 0.7292
2FDT 1058 2.526 0.4437 0.7222
2FDT 1059 2.336 0.4632 0.7361
2FDT 1060 2.333 0.4619 0.7292
2FDT 1061 2.456 0.4815 0.7292
2FDT 1062 2.395 0.4373 0.7083
2FDT 1063 2.611 0.4360 0.6944
2FDT 1064 2.712 0.4064 0.6736
2FDT 1065 2.596 0.4024 0.6944
2FDT 1066 2.578 0.4115 0.6736
2FDT 1067 2.650 0.3926 0.6597
2FDT 1068 2.559 0.4329 0.6944
2FDT 1069 2.630 0.4135 0.6875
2FDT 1070 2.665 0.4013 0.6806
2FDT 1071 2.444 0.4304 0.7014
2FDT 1072 2.540 0.4517 0.7153
2FDT 1073 2.449 0.4151 0.7083
2FDT 1074 2.501 0.4452 0.7014
2FDT 1075 2.566 0.3882 0.6806
2FDT 1076 2.556 0.4030 0.6806
2FDT 1077 2.736 0.3753 0.6458
2FDT 1078 2.531 0.4140 0.6875
2FDT 1079 2.388 0.4202 0.6944
2FDT 1080 2.613 0.3865 0.6736
2FDT 1081 2.567 0.3977 0.6806
2FDT 1082 2.534 0.4471 0.7083
2FDT 1083 2.449 0.4334 0.6944
2FDT 1084 2.648 0.4204 0.6875
2FDT 1085 2.612 0.3896 0.6736
2FDT 1086 2.420 0.4207 0.7014
2FDT 1087 2.508 0.4178 0.7014
2FDT 1088 2.621 0.3989 0.6736
2FDT 1089 2.549 0.4031 0.6736
2FDT 1090 2.418 0.4465 0.7014
2FDT 1091 2.413 0.4615 0.7222
2FDT 1092 2.547 0.4154 0.6875
2FDT 1093 2.663 0.4195 0.6875
2FDT 1094 2.538 0.4551 0.7014
2FDT 1095 2.707 0.4072 0.6806
2FDT 1096 2.672 0.4405 0.7083
2FDT 1097 2.702 0.3853 0.6597
2FDT 1098 2.701 0.4372 0.6944
2FDT 1099 2.660 0.4256 0.6944
2FDT 1100 2.516 0.4023 0.6736
2FDT 1101 2.674 0.4519 0.7153
2FDT 1102 2.584 0.4079 0.6806
2FDT 1103 2.480 0.4626 0.7222
2FDT 1104 2.661 0.4466 0.7222
2FDT 1105 2.600 0.4455 0.7153
2FDT 1106 2.417 0.4624 0.7361
2FDT 1107 2.449 0.4378 0.7083
2FDT 1108 2.467 0.4665 0.7431
2FDT 1109 2.571 0.4347 0.7153
2FDT 1110 2.535 0.4323 0.7014
2FDT 1111 2.469 0.4363 0.7083
2FDT 1112 2.458 0.4550 0.7222
2FDT 1113 2.294 0.4489 0.7153
2FDT 1114 2.453 0.4642 0.7292
2FDT 1115 2.485 0.4503 0.7083
2FDT 1116 2.350 0.4469 0.7153
2FDT 1117 2.487 0.4380 0.7083
2FDT 1118 2.599 0.4701 0.7431
2FDT 1119 2.683 0.4459 0.7014
2FDT 1120 2.447 0.4648 0.7361
2FDT 1121 2.252 0.4658 0.7569
2FDT 1122 2.282 0.4896 0.7431
2FDT 1123 2.455 0.4561 0.7222
2FDT 1124 2.375 0.4642 0.7361
2FDT 1125 2.353 0.4753 0.7361
2FDT 1126 2.481 0.4519 0.7222
2FDT 1127 2.628 0.4121 0.6806
2FDT 1128 2.497 0.4176 0.7014
2FDT 1129 2.548 0.4249 0.6944
2FDT 1130 2.449 0.3748 0.6806
2FDT 1131 2.657 0.3966 0.6806
2FDT 1132 2.642 0.3725 0.6736
2FDT 1133 2.572 0.3765 0.6806
2FDT 1134 2.388 0.4058 0.6875
2FDT 1135 2.837 0.3794 0.6736
2FDT 1136 3.080 0.3813 0.6528
2FDT 1137 2.799 0.3811 0.6806
2FDT 1138 2.528 0.4071 0.6875
2FDT 1139 2.394 0.4233 0.7014
2FDT 1140 2.780 0.3823 0.6597
2FDT 1141 2.814 0.3963 0.6736
2FDT 1142 2.577 0.3860 0.6736
2FDT 1143 2.552 0.4123 0.6806
2FDT 1144 2.720 0.4225 0.6944
2FDT 1145 2.583 0.4100 0.6875
2FDT 1146 2.633 0.3928 0.6806
2FDT 1147 2.580 0.4005 0.6806
2FDT 1148 2.521 0.3921 0.6875
2FDT 1149 2.665 0.3833 0.6806
