5A17 1 0.000 1.0000 1.0000
5A17 2 1.219 0.6874 0.9063
5A17 3 1.201 0.6867 0.9063
5A17 4 1.410 0.6548 0.8750
5A17 5 1.176 0.7193 0.9063
5A17 6 1.156 0.7038 0.9063
5A17 7 1.728 0.5880 0.8594
5A17 8 1.375 0.6429 0.8750
5A17 9 0.776 0.7865 0.9609
5A17 10 1.126 0.6761 0.8906
5A17 11 13.640 0.0911 0.2031
5A17 12 15.390 0.1710 0.3359
5A17 13 7.302 0.2705 0.5156
5A17 14 14.807 0.1531 0.2656
5A17 15 9.116 0.2288 0.4063
5A17 16 12.517 0.1929 0.3594
5A17 17 16.030 0.1599 0.2813
5A17 18 14.799 0.3003 0.4453
5A17 19 5.937 0.2087 0.4453
5A17 20 16.785 0.2108 0.3672
5A17 21 10.204 0.1919 0.3516
5A17 22 14.526 0.2429 0.4063
5A17 23 16.974 0.1770 0.2813
5A17 24 8.710 0.2594 0.4531
5A17 25 10.177 0.2376 0.4531
5A17 26 11.206 0.2588 0.4375
5A17 27 9.135 0.2278 0.3828
5A17 28 12.656 0.1669 0.3047
5A17 29 10.645 0.2236 0.3906
5A17 30 13.754 0.2652 0.4141
5A17 31 7.851 0.2960 0.5078
5A17 32 7.423 0.2426 0.4609
5A17 33 9.236 0.2439 0.4141
5A17 34 10.166 0.2572 0.4609
5A17 35 13.325 0.2145 0.3594
5A17 36 8.435 0.2834 0.4844
5A17 37 11.103 0.2167 0.3672
5A17 38 8.169 0.2624 0.4531
5A17 39 9.404 0.2437 0.4063
5A17 40 14.153 0.1552 0.3281
5A17 41 9.459 0.2750 0.4141
5A17 42 7.448 0.2649 0.4453
5A17 43 12.141 0.2836 0.4922
5A17 44 8.177 0.2827 0.4375
5A17 45 6.575 0.2649 0.4609
5A17 46 7.141 0.2716 0.4766
5A17 47 17.874 0.2109 0.3203
5A17 48 9.258 0.2440 0.3984
5A17 49 8.279 0.2630 0.4453
5A17 50 8.057 0.2825 0.4609
5A17 51 12.171 0.2646 0.4297
5A17 52 14.970 0.1222 0.2188
5A17 53 12.585 0.1785 0.3281
5A17 54 10.266 0.2435 0.4063
5A17 55 15.848 0.1320 0.2969
5A17 56 11.757 0.1388 0.2578
5A17 57 14.394 0.1428 0.2422
5A17 58 14.313 0.2212 0.3281
5A17 59 14.766 0.1110 0.2578
5A17 60 8.539 0.2072 0.3672
5A17 61 13.160 0.1868 0.2969
5A17 62 7.894 0.2442 0.4844
5A17 63 14.901 0.2263 0.3750
5A17 64 19.503 0.1652 0.2734
5A17 65 15.695 0.1892 0.3438
5A17 66 9.784 0.2194 0.3984
5A17 67 6.330 0.2810 0.5234
5A17 68 12.535 0.1329 0.2969
5A17 69 10.518 0.2866 0.4609
5A17 70 12.927 0.2931 0.4297
5A17 71 16.221 0.2336 0.3906
5A17 72 9.839 0.2081 0.3438
5A17 73 7.865 0.2548 0.4297
5A17 74 10.283 0.2107 0.3906
5A17 75 7.474 0.2708 0.4375
5A17 76 16.850 0.2352 0.3672
5A17 77 4.572 0.2206 0.5391
5A17 78 11.035 0.2535 0.4141
5A17 79 3.680 0.3473 0.6328
5A17 80 9.121 0.2099 0.3672
5A17 81 11.367 0.2836 0.4688
5A17 82 13.134 0.2213 0.3750
5A17 83 6.996 0.2594 0.5000
5A17 84 15.615 0.2853 0.4375
5A17 85 10.999 0.2025 0.4063
5A17 86 5.447 0.2627 0.5391
5A17 87 9.951 0.2302 0.4063
5A17 88 7.853 0.2831 0.5000
5A17 89 14.468 0.2337 0.3750
5A17 90 7.332 0.2332 0.4297
5A17 91 17.933 0.1158 0.2031
5A17 92 11.179 0.2290 0.3906
5A17 93 9.269 0.2415 0.4219
5A17 94 9.107 0.2525 0.3984
5A17 95 15.669 0.1300 0.3125
5A17 96 8.273 0.2991 0.5156
5A17 97 12.383 0.2111 0.3359
5A17 98 17.815 0.1350 0.2891
5A17 99 15.542 0.1811 0.3281
5A17 100 12.693 0.2615 0.4219
5A17 101 14.749 0.2283 0.3516
5A17 102 11.594 0.1739 0.2891
5A17 103 15.948 0.2151 0.3672
5A17 104 17.271 0.1844 0.2891
5A17 105 10.892 0.2061 0.3672
5A17 106 7.032 0.2181 0.4375
5A17 107 13.331 0.2077 0.3672
5A17 108 8.896 0.2728 0.4531
5A17 109 7.520 0.2776 0.4453
5A17 110 13.884 0.1948 0.3516
5A17 111 11.390 0.2379 0.4219
5A17 112 7.498 0.2856 0.4609
5A17 113 15.572 0.2374 0.3516
5A17 114 14.471 0.2776 0.4609
5A17 115 14.188 0.2641 0.4453
5A17 116 16.752 0.1830 0.2734
5A17 117 13.597 0.2180 0.3750
5A17 118 8.510 0.2304 0.3750
5A17 119 11.694 0.2293 0.3906
5A17 120 6.693 0.3298 0.5469
5A17 121 10.224 0.2467 0.3906
5A17 122 9.512 0.3081 0.4766
5A17 123 15.513 0.2282 0.3281
5A17 124 9.104 0.2331 0.4063
5A17 125 8.561 0.2517 0.4219
5A17 126 13.155 0.2627 0.4219
5A17 127 8.586 0.2612 0.4375
5A17 128 11.867 0.3172 0.5000
5A17 129 12.323 0.2197 0.4063
5A17 130 9.107 0.2727 0.4063
5A17 131 13.022 0.1799 0.2891
5A17 132 11.819 0.1402 0.2891
5A17 133 9.830 0.2414 0.3906
5A17 134 13.809 0.1520 0.3047
5A17 135 14.348 0.1404 0.2813
5A17 136 11.288 0.1895 0.3594
5A17 137 14.123 0.1962 0.3359
5A17 138 9.570 0.1986 0.3672
5A17 139 12.430 0.2234 0.3906
5A17 140 12.941 0.2333 0.4297
5A17 141 7.548 0.2206 0.4063
5A17 142 9.838 0.2891 0.4375
5A17 143 9.562 0.1686 0.3516
5A17 144 7.589 0.2646 0.4766
5A17 145 6.504 0.2207 0.4844
5A17 146 11.698 0.1879 0.3594
5A17 147 12.045 0.1728 0.3125
5A17 148 10.627 0.2689 0.4375
5A17 149 13.848 0.1981 0.3672
5A17 150 11.218 0.2679 0.4531
5A17 151 13.610 0.2015 0.3828
5A17 152 12.551 0.2566 0.4297
5A17 153 6.404 0.2808 0.5078
5A17 154 7.076 0.2303 0.4453
5A17 155 14.877 0.2153 0.3672
5A17 156 15.295 0.2712 0.4375
5A17 157 8.459 0.2624 0.4453
5A17 158 14.659 0.2215 0.3984
5A17 159 7.761 0.2594 0.4375
5A17 160 11.948 0.2944 0.4531
5A17 161 12.631 0.1851 0.3750
5A17 162 4.104 0.2926 0.5938
5A17 163 10.333 0.2475 0.3984
5A17 164 14.355 0.2161 0.3984
5A17 165 9.344 0.2707 0.4609
5A17 166 5.786 0.2768 0.4844
5A17 167 6.886 0.2439 0.4766
5A17 168 5.652 0.2746 0.5156
5A17 169 11.300 0.2680 0.4219
5A17 170 10.003 0.2756 0.4609
5A17 171 11.479 0.2362 0.3750
5A17 172 11.141 0.1757 0.2891
5A17 173 14.567 0.1591 0.3438
5A17 174 13.229 0.2026 0.3281
5A17 175 11.950 0.3095 0.5078
5A17 176 15.866 0.1669 0.3438
5A17 177 11.949 0.1974 0.3516
5A17 178 12.558 0.1714 0.3047
5A17 179 10.097 0.2088 0.3594
5A17 180 11.323 0.2750 0.4375
5A17 181 12.002 0.1573 0.2813
5A17 182 10.610 0.2985 0.4453
5A17 183 14.622 0.2437 0.3750
5A17 184 10.962 0.2250 0.3594
5A17 185 8.469 0.2959 0.5078
5A17 186 6.320 0.2793 0.5000
5A17 187 10.011 0.2832 0.4141
5A17 188 14.756 0.1937 0.3594
5A17 189 8.474 0.2149 0.3906
5A17 190 15.393 0.2367 0.3906
5A17 191 7.814 0.2896 0.4766
5A17 192 8.651 0.2749 0.4219
5A17 193 9.362 0.3519 0.5234
5A17 194 6.230 0.2644 0.4766
5A17 195 9.035 0.2349 0.4063
5A17 196 8.678 0.2938 0.5000
5A17 197 10.641 0.1440 0.3047
5A17 198 16.987 0.2896 0.4297
5A17 199 12.232 0.3119 0.4766
5A17 200 13.009 0.2609 0.4063
5A17 201 12.028 0.2593 0.4141
5A17 202 6.015 0.2924 0.5391
5A17 203 9.350 0.2530 0.4063
5A17 204 10.704 0.2590 0.4063
5A17 205 9.686 0.2737 0.4297
5A17 206 8.867 0.2773 0.4453
5A17 207 8.338 0.2552 0.4219
5A17 208 10.989 0.2765 0.4297
5A17 209 7.195 0.2946 0.4766
5A17 210 8.891 0.2744 0.4297
5A17 211 13.468 0.2281 0.3672
5A17 212 15.742 0.1665 0.3672
5A17 213 13.636 0.2627 0.3984
5A17 214 11.676 0.1914 0.3359
5A17 215 12.870 0.1575 0.3438
5A17 216 15.167 0.1860 0.3047
5A17 217 14.333 0.1397 0.2656
5A17 218 14.221 0.1777 0.3281
5A17 219 12.204 0.2546 0.4453
5A17 220 12.847 0.1195 0.2344
5A17 221 15.858 0.2255 0.3750
5A17 222 10.424 0.2657 0.4063
5A17 223 11.853 0.1991 0.3203
5A17 224 16.205 0.1922 0.3359
5A17 225 9.916 0.2327 0.4297
5A17 226 6.340 0.2576 0.4688
5A17 227 9.910 0.2306 0.3672
5A17 228 16.532 0.2308 0.3750
5A17 229 13.398 0.2574 0.4063
5A17 230 15.306 0.1746 0.3281
5A17 231 13.837 0.2334 0.3984
5A17 232 6.190 0.1913 0.4297
5A17 233 10.939 0.2416 0.4219
5A17 234 11.883 0.1562 0.2891
5A17 235 11.613 0.2654 0.4063
5A17 236 12.682 0.2615 0.4219
5A17 237 8.518 0.2735 0.4766
5A17 238 15.546 0.2464 0.4063
5A17 239 10.124 0.2587 0.4531
5A17 240 9.371 0.2761 0.4531
5A17 241 8.122 0.2708 0.4453
5A17 242 9.823 0.2668 0.4297
5A17 243 12.311 0.2921 0.4688
5A17 244 9.299 0.2551 0.4063
5A17 245 10.021 0.2763 0.4531
5A17 246 8.353 0.2688 0.4453
5A17 247 8.243 0.2590 0.4219
5A17 248 9.820 0.2412 0.3906
5A17 249 11.054 0.2499 0.4219
5A17 250 8.760 0.2704 0.4375
5A17 251 7.612 0.1928 0.4297
5A17 252 10.671 0.1375 0.2891
5A17 253 14.791 0.1173 0.2734
5A17 254 13.291 0.2042 0.3438
5A17 255 13.255 0.2054 0.3281
5A17 256 17.557 0.1410 0.2422
5A17 257 15.533 0.2012 0.3516
5A17 258 16.464 0.2492 0.4297
5A17 259 17.233 0.2271 0.3359
5A17 260 6.220 0.2245 0.4844
5A17 261 13.385 0.2009 0.3750
5A17 262 9.097 0.2464 0.4219
5A17 263 10.075 0.1713 0.3438
5A17 264 16.489 0.1625 0.2656
5A17 265 10.010 0.2685 0.4453
5A17 266 13.377 0.2120 0.3672
5A17 267 12.395 0.1934 0.3828
5A17 268 11.583 0.2367 0.3828
5A17 269 13.001 0.1694 0.3203
5A17 270 15.185 0.2490 0.4297
5A17 271 10.809 0.2617 0.4219
5A17 272 12.261 0.2421 0.3359
5A17 273 7.280 0.2233 0.4219
5A17 274 11.128 0.2290 0.3672
5A17 275 15.117 0.2544 0.4453
5A17 276 9.345 0.2681 0.4609
5A17 277 11.939 0.2669 0.4297
5A17 278 9.310 0.3087 0.5313
5A17 279 10.178 0.2373 0.4375
5A17 280 11.852 0.2620 0.4453
5A17 281 14.245 0.2398 0.3984
5A17 282 13.760 0.2303 0.3750
5A17 283 9.076 0.2806 0.4453
5A17 284 10.020 0.2284 0.4063
5A17 285 10.132 0.2240 0.3672
5A17 286 10.068 0.2845 0.4453
5A17 287 8.849 0.2614 0.4531
5A17 288 8.900 0.2440 0.3984
5A17 289 7.638 0.2950 0.4844
5A17 290 8.919 0.2737 0.4219
5A17 291 11.031 0.2539 0.4453
5A17 292 10.515 0.1268 0.2656
5A17 293 11.393 0.2613 0.3906
5A17 294 13.940 0.2889 0.4453
5A17 295 12.243 0.2588 0.4297
5A17 296 11.359 0.1425 0.2656
5A17 297 16.885 0.2325 0.3750
5A17 298 15.519 0.2552 0.3984
5A17 299 15.075 0.1898 0.3203
5A17 300 15.121 0.1978 0.3438
5A17 301 12.597 0.3318 0.5547
5A17 302 14.877 0.2752 0.4844
5A17 303 13.911 0.1903 0.2969
5A17 304 10.461 0.2579 0.4609
5A17 305 7.649 0.1765 0.3984
5A17 306 11.380 0.3227 0.5078
5A17 307 11.273 0.2028 0.3516
5A17 308 4.763 0.2939 0.5938
5A17 309 14.910 0.1789 0.2813
5A17 310 13.350 0.2404 0.3906
5A17 311 10.922 0.2498 0.4063
5A17 312 10.798 0.2659 0.4063
5A17 313 13.067 0.2739 0.4375
5A17 314 13.475 0.2684 0.4609
5A17 315 14.406 0.2644 0.4375
5A17 316 15.657 0.2396 0.4063
5A17 317 10.606 0.2557 0.4063
5A17 318 7.426 0.2571 0.4688
5A17 319 11.205 0.2659 0.4609
5A17 320 7.986 0.2662 0.4375
5A17 321 6.764 0.2728 0.5000
5A17 322 12.891 0.2278 0.3672
5A17 323 8.241 0.2836 0.4844
5A17 324 9.531 0.2304 0.4063
5A17 325 14.193 0.3074 0.5078
5A17 326 9.668 0.2715 0.4141
5A17 327 8.066 0.2703 0.4453
5A17 328 8.905 0.2837 0.4219
5A17 329 8.838 0.2544 0.4219
5A17 330 7.959 0.2603 0.4453
5A17 331 17.924 0.1024 0.1953
5A17 332 11.193 0.1968 0.3984
5A17 333 8.727 0.2667 0.4844
5A17 334 11.303 0.2007 0.3047
5A17 335 15.935 0.2121 0.3750
5A17 336 14.058 0.2593 0.4063
5A17 337 9.321 0.2309 0.4453
5A17 338 12.659 0.1189 0.2266
5A17 339 16.228 0.1306 0.2500
5A17 340 7.149 0.2020 0.3984
5A17 341 12.385 0.1408 0.2344
5A17 342 12.416 0.1918 0.3125
5A17 343 15.708 0.1408 0.2734
5A17 344 14.530 0.2200 0.3906
5A17 345 10.983 0.2532 0.4219
5A17 346 8.099 0.2701 0.4766
5A17 347 9.026 0.2455 0.4297
5A17 348 9.609 0.2544 0.4063
5A17 349 9.028 0.2250 0.4375
5A17 350 9.605 0.2905 0.4609
5A17 351 10.202 0.2550 0.3984
5A17 352 11.820 0.2604 0.4453
5A17 353 11.883 0.2700 0.4219
5A17 354 12.993 0.2143 0.3438
5A17 355 7.085 0.2924 0.4688
5A17 356 7.493 0.2013 0.4219
5A17 357 9.058 0.2586 0.4297
5A17 358 5.381 0.2701 0.5547
5A17 359 10.037 0.2439 0.4219
5A17 360 11.543 0.2503 0.3828
5A17 361 9.992 0.2978 0.4609
5A17 362 7.999 0.2466 0.4297
5A17 363 8.912 0.2656 0.4141
5A17 364 9.268 0.2501 0.4375
5A17 365 7.023 0.3253 0.5078
5A17 366 12.338 0.2560 0.3984
5A17 367 6.123 0.2738 0.4766
5A17 368 8.949 0.2861 0.5156
5A17 369 8.421 0.1880 0.3828
5A17 370 9.205 0.3031 0.5000
5A17 371 5.936 0.2502 0.5078
5A17 372 10.888 0.1250 0.2422
5A17 373 11.640 0.1258 0.2500
5A17 374 17.372 0.1661 0.3281
5A17 375 7.832 0.3291 0.5313
5A17 376 15.280 0.2751 0.4609
5A17 377 14.663 0.2826 0.4297
5A17 378 9.035 0.1890 0.3203
5A17 379 9.068 0.2879 0.4844
5A17 380 9.048 0.1865 0.3828
5A17 381 16.726 0.1779 0.3203
5A17 382 8.920 0.2178 0.3672
5A17 383 10.656 0.2364 0.3984
5A17 384 10.284 0.2971 0.4766
5A17 385 11.533 0.1945 0.3750
5A17 386 12.070 0.2626 0.4063
5A17 387 13.265 0.1942 0.3047
5A17 388 8.008 0.2812 0.4453
5A17 389 17.242 0.3020 0.4531
5A17 390 7.677 0.2777 0.4922
5A17 391 12.523 0.2831 0.4219
5A17 392 10.108 0.2040 0.3281
5A17 393 7.465 0.2560 0.4453
5A17 394 13.214 0.2532 0.4297
5A17 395 15.408 0.2680 0.4688
5A17 396 8.341 0.2678 0.4531
5A17 397 11.563 0.2888 0.4375
5A17 398 15.293 0.1945 0.3281
5A17 399 7.637 0.3094 0.5000
5A17 400 8.542 0.2716 0.4766
5A17 401 10.210 0.2997 0.4609
5A17 402 8.392 0.2551 0.4453
5A17 403 13.842 0.2648 0.4375
5A17 404 16.179 0.2054 0.3594
5A17 405 10.551 0.2579 0.4453
5A17 406 8.701 0.2759 0.4844
5A17 407 14.218 0.2538 0.4297
5A17 408 9.118 0.3222 0.4844
5A17 409 8.798 0.2186 0.4297
5A17 410 6.772 0.2651 0.4609
5A17 411 1.488 0.6025 0.8516
5A17 412 2.474 0.3855 0.7109
5A17 413 2.459 0.3913 0.6953
5A17 414 1.801 0.4966 0.7813
5A17 415 1.962 0.4594 0.7578
5A17 416 1.969 0.4504 0.7578
5A17 417 1.952 0.4537 0.7500
5A17 418 1.952 0.4570 0.7500
5A17 419 1.980 0.4475 0.7500
5A17 420 1.982 0.4510 0.7500
5A17 421 1.975 0.4508 0.7500
5A17 422 1.940 0.4575 0.7656
5A17 423 1.958 0.4572 0.7656
5A17 424 1.998 0.4497 0.7500
5A17 425 1.987 0.4530 0.7578
5A17 426 1.994 0.4489 0.7578
5A17 427 1.961 0.4572 0.7656
5A17 428 1.967 0.4555 0.7578
5A17 429 1.957 0.4584 0.7734
5A17 430 1.978 0.4540 0.7578
5A17 431 1.964 0.4537 0.7500
5A17 432 2.010 0.4480 0.7500
5A17 433 1.999 0.4499 0.7578
5A17 434 1.973 0.4505 0.7500
5A17 435 2.004 0.4463 0.7578
5A17 436 1.976 0.4525 0.7578
5A17 437 2.001 0.4476 0.7578
5A17 438 1.991 0.4493 0.7578
5A17 439 1.957 0.4564 0.7656
5A17 440 2.008 0.4460 0.7422
5A17 441 1.979 0.4531 0.7500
5A17 442 2.006 0.4484 0.7500
5A17 443 1.992 0.4502 0.7500
5A17 444 1.989 0.4531 0.7656
5A17 445 1.997 0.4467 0.7500
5A17 446 1.930 0.4585 0.7578
5A17 447 2.023 0.4441 0.7422
5A17 448 2.018 0.4470 0.7422
5A17 449 1.938 0.4612 0.7656
5A17 450 2.010 0.4474 0.7500
5A17 451 1.959 0.4527 0.7578
5A17 452 1.970 0.4510 0.7500
5A17 453 1.967 0.4493 0.7500
5A17 454 1.983 0.4519 0.7578
5A17 455 1.981 0.4550 0.7656
5A17 456 1.987 0.4527 0.7578
5A17 457 2.027 0.4459 0.7500
5A17 458 1.980 0.4541 0.7734
5A17 459 2.010 0.4446 0.7578
5A17 460 2.006 0.4508 0.7656
5A17 461 1.990 0.4525 0.7500
5A17 462 2.020 0.4505 0.7656
5A17 463 1.947 0.4612 0.7734
5A17 464 1.969 0.4580 0.7656
5A17 465 2.037 0.4436 0.7578
5A17 466 1.952 0.4566 0.7656
5A17 467 1.989 0.4559 0.7656
5A17 468 2.030 0.4457 0.7656
5A17 469 1.962 0.4598 0.7578
5A17 470 1.983 0.4465 0.7500
5A17 471 1.958 0.4583 0.7656
5A17 472 1.983 0.4554 0.7578
5A17 473 1.996 0.4558 0.7578
5A17 474 1.999 0.4471 0.7500
5A17 475 1.995 0.4471 0.7500
5A17 476 2.038 0.4372 0.7422
5A17 477 1.982 0.4483 0.7500
5A17 478 2.031 0.4504 0.7500
5A17 479 2.007 0.4458 0.7422
5A17 480 1.959 0.4520 0.7656
5A17 481 1.998 0.4473 0.7500
5A17 482 1.950 0.4599 0.7578
5A17 483 1.994 0.4508 0.7656
5A17 484 1.996 0.4498 0.7578
5A17 485 1.901 0.4669 0.7578
5A17 486 1.981 0.4588 0.7500
5A17 487 1.944 0.4566 0.7656
5A17 488 1.951 0.4623 0.7656
5A17 489 1.942 0.4544 0.7578
5A17 490 1.929 0.4604 0.7656
5A17 491 1.964 0.4562 0.7500
5A17 492 1.984 0.4438 0.7578
5A17 493 1.950 0.4525 0.7656
5A17 494 1.975 0.4461 0.7500
5A17 495 1.948 0.4532 0.7578
5A17 496 2.003 0.4422 0.7578
5A17 497 1.899 0.4529 0.7656
5A17 498 1.961 0.4453 0.7734
5A17 499 2.073 0.4227 0.7500
5A17 500 1.895 0.4537 0.7578
5A17 501 1.983 0.4343 0.7578
5A17 502 1.970 0.4472 0.7344
5A17 503 1.962 0.4379 0.7422
5A17 504 1.992 0.4427 0.7422
5A17 505 2.001 0.4393 0.7344
5A17 506 2.015 0.4347 0.7422
5A17 507 2.013 0.4423 0.7500
5A17 508 1.971 0.4506 0.7422
5A17 509 2.005 0.4461 0.7422
5A17 510 2.023 0.4438 0.7500
5A17 511 2.054 0.4347 0.7344
5A17 512 2.000 0.4358 0.7344
5A17 513 2.048 0.4342 0.7344
5A17 514 1.996 0.4412 0.7422
5A17 515 1.997 0.4518 0.7578
5A17 516 2.051 0.4282 0.7344
5A17 517 1.981 0.4583 0.7500
5A17 518 1.965 0.4543 0.7578
5A17 519 2.001 0.4436 0.7422
5A17 520 1.999 0.4508 0.7422
5A17 521 1.951 0.4491 0.7422
5A17 522 1.951 0.4523 0.7578
5A17 523 1.974 0.4409 0.7578
5A17 524 2.038 0.4331 0.7422
5A17 525 2.024 0.4398 0.7422
5A17 526 2.098 0.4116 0.7344
5A17 527 2.095 0.4297 0.7344
5A17 528 2.180 0.4062 0.7266
5A17 529 2.168 0.4119 0.7109
5A17 530 2.041 0.4352 0.7344
5A17 531 2.124 0.4152 0.7266
5A17 532 2.254 0.4035 0.7266
5A17 533 2.133 0.4133 0.7266
5A17 534 2.161 0.4144 0.7344
5A17 535 2.079 0.4239 0.7344
5A17 536 2.198 0.4095 0.7188
5A17 537 2.359 0.3863 0.7109
5A17 538 2.390 0.3838 0.7188
5A17 539 2.214 0.4057 0.7344
5A17 540 2.216 0.3991 0.7188
5A17 541 2.189 0.4081 0.7266
5A17 542 2.323 0.3808 0.7109
5A17 543 2.335 0.3756 0.7109
5A17 544 2.194 0.4120 0.7344
5A17 545 2.283 0.3880 0.7031
5A17 546 2.162 0.4111 0.7266
5A17 547 2.237 0.4163 0.7266
5A17 548 2.267 0.4115 0.7266
5A17 549 2.303 0.3845 0.7188
5A17 550 2.239 0.4038 0.7344
5A17 551 2.235 0.3945 0.7188
5A17 552 2.274 0.3990 0.7344
5A17 553 2.348 0.3873 0.7344
5A17 554 2.209 0.3940 0.7266
5A17 555 2.181 0.4205 0.7344
5A17 556 2.259 0.4001 0.7422
5A17 557 2.280 0.3972 0.7500
5A17 558 2.287 0.4038 0.7344
5A17 559 2.344 0.3874 0.7422
5A17 560 2.287 0.3803 0.7109
5A17 561 2.296 0.3795 0.7188
5A17 562 2.210 0.4191 0.7266
5A17 563 2.234 0.3850 0.7266
5A17 564 2.197 0.3830 0.7266
5A17 565 2.024 0.4293 0.7500
5A17 566 2.118 0.4070 0.7266
5A17 567 2.222 0.3787 0.7031
5A17 568 2.125 0.3996 0.7344
5A17 569 2.119 0.4075 0.7188
5A17 570 2.045 0.4135 0.7344
5A17 571 2.050 0.4175 0.7422
5A17 572 2.169 0.3863 0.7109
5A17 573 2.202 0.3852 0.7188
5A17 574 2.016 0.4115 0.7344
5A17 575 2.075 0.4111 0.7266
5A17 576 2.082 0.4038 0.7266
5A17 577 2.141 0.3868 0.7031
5A17 578 2.184 0.3905 0.7031
5A17 579 2.191 0.3874 0.7031
5A17 580 2.201 0.3946 0.7031
5A17 581 2.240 0.3735 0.7031
5A17 582 2.371 0.3657 0.6953
5A17 583 2.368 0.3738 0.7031
5A17 584 2.283 0.3804 0.7109
5A17 585 2.118 0.4075 0.7188
5A17 586 2.079 0.3956 0.7188
5A17 587 2.159 0.3878 0.7109
5A17 588 2.233 0.4015 0.7188
5A17 589 2.279 0.3699 0.7109
5A17 590 2.217 0.3911 0.7109
5A17 591 2.191 0.3882 0.7109
5A17 592 2.222 0.3880 0.7109
5A17 593 2.161 0.4057 0.7188
5A17 594 2.352 0.3686 0.6875
5A17 595 2.231 0.3871 0.7109
5A17 596 2.151 0.3892 0.7188
5A17 597 2.160 0.3997 0.7188
5A17 598 2.138 0.3905 0.7109
5A17 599 2.145 0.3991 0.7109
5A17 600 2.295 0.3684 0.7031
5A17 601 2.367 0.3757 0.6953
5A17 602 2.215 0.3864 0.7188
5A17 603 2.252 0.3763 0.7109
5A17 604 2.426 0.3662 0.6953
5A17 605 2.228 0.4167 0.7266
5A17 606 2.165 0.4369 0.7344
5A17 607 2.167 0.3988 0.7031
5A17 608 2.077 0.4400 0.7344
5A17 609 2.075 0.4394 0.7422
5A17 610 2.178 0.4242 0.7188
5A17 611 2.147 0.4433 0.7266
5A17 612 2.142 0.4563 0.7266
5A17 613 2.181 0.4439 0.7344
5A17 614 2.272 0.4145 0.7109
5A17 615 2.232 0.4214 0.7031
5A17 616 2.069 0.4474 0.7422
5A17 617 2.173 0.4351 0.7266
5A17 618 2.092 0.4581 0.7422
5A17 619 2.052 0.4516 0.7344
5A17 620 2.098 0.4478 0.7344
5A17 621 2.073 0.4646 0.7422
5A17 622 2.020 0.4600 0.7500
5A17 623 2.057 0.4512 0.7422
5A17 624 2.075 0.4769 0.7500
5A17 625 1.991 0.4725 0.7578
5A17 626 2.038 0.4768 0.7422
5A17 627 2.263 0.4236 0.7031
5A17 628 2.158 0.4505 0.7344
5A17 629 2.082 0.4651 0.7500
5A17 630 2.071 0.4580 0.7500
5A17 631 2.159 0.4418 0.7266
5A17 632 2.192 0.4426 0.7266
5A17 633 2.287 0.4056 0.7031
5A17 634 2.134 0.4346 0.7344
5A17 635 2.055 0.4443 0.7422
5A17 636 2.143 0.4556 0.7344
5A17 637 2.085 0.4652 0.7422
5A17 638 2.228 0.4310 0.7266
5A17 639 2.177 0.4430 0.7344
5A17 640 2.206 0.4236 0.7109
5A17 641 2.113 0.4527 0.7500
5A17 642 2.076 0.4675 0.7344
5A17 643 2.183 0.4274 0.7188
5A17 644 2.451 0.3849 0.6875
5A17 645 2.357 0.4111 0.7031
5A17 646 2.322 0.3805 0.7031
5A17 647 2.434 0.4066 0.7109
5A17 648 2.416 0.3999 0.6953
5A17 649 2.275 0.4024 0.7031
5A17 650 2.255 0.4158 0.7188
5A17 651 2.202 0.4390 0.7344
5A17 652 2.386 0.4052 0.6953
5A17 653 2.374 0.4042 0.7109
5A17 654 2.290 0.4243 0.7266
5A17 655 2.149 0.4280 0.7266
5A17 656 2.388 0.4078 0.6953
5A17 657 2.468 0.4054 0.6953
5A17 658 2.404 0.4192 0.7031
5A17 659 2.293 0.4177 0.7109
5A17 660 2.233 0.4227 0.7266
5A17 661 2.423 0.3901 0.6797
5A17 662 2.268 0.4255 0.7109
5A17 663 2.202 0.4299 0.7188
5A17 664 2.243 0.4215 0.7188
5A17 665 2.393 0.4149 0.7031
5A17 666 2.331 0.4024 0.7109
5A17 667 2.364 0.3990 0.6953
5A17 668 2.426 0.3909 0.6875
5A17 669 2.482 0.3973 0.6875
5A17 670 2.338 0.4220 0.7188
5A17 671 2.467 0.3981 0.7109
5A17 672 2.303 0.4195 0.7188
5A17 673 2.302 0.4152 0.7109
5A17 674 2.424 0.3867 0.7031
5A17 675 2.314 0.4089 0.7109
5A17 676 2.264 0.4200 0.7109
5A17 677 2.168 0.4185 0.7266
5A17 678 2.299 0.4107 0.7188
5A17 679 2.259 0.4191 0.7109
5A17 680 2.162 0.4271 0.7266
5A17 681 2.312 0.4094 0.7109
5A17 682 2.315 0.4128 0.7188
5A17 683 2.365 0.4035 0.6953
5A17 684 2.254 0.4212 0.7109
5A17 685 2.315 0.4188 0.7109
5A17 686 2.296 0.4079 0.7188
5A17 687 2.259 0.4230 0.7188
5A17 688 2.241 0.4303 0.7266
5A17 689 2.304 0.4138 0.7031
5A17 690 2.238 0.4275 0.7188
5A17 691 2.300 0.4053 0.7188
5A17 692 2.273 0.4303 0.7266
5A17 693 2.193 0.4386 0.7266
5A17 694 2.211 0.4226 0.7109
5A17 695 2.358 0.4126 0.7266
5A17 696 2.267 0.4358 0.7266
5A17 697 2.255 0.4145 0.7031
5A17 698 2.316 0.4128 0.7109
5A17 699 2.295 0.3955 0.7266
5A17 700 2.295 0.4106 0.7109
5A17 701 2.023 0.4456 0.7500
5A17 702 1.891 0.4836 0.7734
5A17 703 2.102 0.4329 0.7344
5A17 704 2.245 0.4233 0.7188
5A17 705 2.152 0.4314 0.7344
5A17 706 2.238 0.4194 0.7266
5A17 707 2.190 0.4254 0.7344
5A17 708 2.101 0.4271 0.7344
5A17 709 2.291 0.4096 0.7109
5A17 710 2.021 0.4406 0.7422
5A17 711 2.245 0.4257 0.7266
5A17 712 2.227 0.4104 0.7266
5A17 713 2.364 0.3947 0.7188
5A17 714 2.408 0.4154 0.7188
5A17 715 2.158 0.4402 0.7266
5A17 716 2.353 0.4189 0.7266
5A17 717 2.482 0.4024 0.7109
5A17 718 2.527 0.4043 0.7031
5A17 719 2.482 0.4103 0.7031
5A17 720 2.441 0.4058 0.7031
5A17 721 2.312 0.4143 0.7188
5A17 722 2.407 0.3961 0.7031
5A17 723 2.514 0.3900 0.6875
5A17 724 2.398 0.4075 0.7188
5A17 725 2.472 0.3969 0.7031
5A17 726 2.745 0.3583 0.6563
5A17 727 2.435 0.3967 0.6953
5A17 728 2.220 0.4139 0.7266
5A17 729 2.556 0.3872 0.6953
5A17 730 2.647 0.3849 0.6953
5A17 731 2.369 0.4131 0.7266
5A17 732 2.460 0.3806 0.6875
5A17 733 2.509 0.3706 0.6953
5A17 734 2.340 0.3889 0.7109
5A17 735 2.227 0.4070 0.7578
5A17 736 2.224 0.4052 0.7188
5A17 737 2.382 0.3751 0.7109
5A17 738 2.154 0.3991 0.7344
5A17 739 2.186 0.4120 0.7500
5A17 740 2.338 0.3924 0.7109
5A17 741 2.278 0.3886 0.7188
5A17 742 2.393 0.3737 0.6953
5A17 743 2.372 0.3922 0.7188
5A17 744 2.368 0.3715 0.6875
5A17 745 2.535 0.3693 0.6953
5A17 746 2.375 0.4057 0.7344
5A17 747 2.493 0.3611 0.6953
5A17 748 2.435 0.3759 0.6875
5A17 749 2.498 0.3857 0.7031
5A17 750 2.562 0.3968 0.6953
5A17 751 2.543 0.3634 0.6953
5A17 752 2.484 0.3723 0.7031
5A17 753 2.470 0.3744 0.7109
5A17 754 2.473 0.3666 0.6953
5A17 755 2.354 0.3823 0.7188
5A17 756 2.412 0.3716 0.7031
5A17 757 2.483 0.3819 0.7188
5A17 758 2.494 0.3665 0.6875
5A17 759 2.378 0.3742 0.6953
5A17 760 2.382 0.3840 0.7109
5A17 761 2.396 0.3764 0.6953
5A17 762 2.364 0.3685 0.7031
5A17 763 2.263 0.4008 0.7266
5A17 764 2.295 0.3953 0.7031
5A17 765 2.527 0.3520 0.6953
5A17 766 2.499 0.3823 0.7109
5A17 767 2.264 0.3904 0.7188
5A17 768 2.307 0.3788 0.7031
5A17 769 2.387 0.3951 0.6953
5A17 770 2.251 0.3843 0.6953
5A17 771 2.565 0.3664 0.6953
5A17 772 2.353 0.3817 0.7109
5A17 773 2.305 0.3935 0.7266
5A17 774 2.421 0.3955 0.7109
5A17 775 2.540 0.3568 0.6953
5A17 776 2.297 0.3956 0.7266
5A17 777 2.267 0.4220 0.7422
5A17 778 2.308 0.4247 0.7344
5A17 779 2.368 0.3725 0.7109
5A17 780 2.457 0.3777 0.7109
5A17 781 2.462 0.3544 0.6953
5A17 782 2.315 0.4141 0.7344
5A17 783 2.273 0.3976 0.7188
5A17 784 2.422 0.3812 0.7031
5A17 785 2.483 0.3643 0.7031
5A17 786 2.384 0.3939 0.7188
5A17 787 2.445 0.3787 0.6953
5A17 788 2.524 0.3797 0.7031
5A17 789 2.600 0.3376 0.6797
5A17 790 2.610 0.3522 0.6875
5A17 791 2.440 0.3796 0.6953
5A17 792 2.392 0.3920 0.7031
5A17 793 2.510 0.3642 0.7031
5A17 794 2.532 0.3875 0.6953
5A17 795 2.448 0.3588 0.7109
5A17 796 2.649 0.3723 0.7109
5A17 797 2.612 0.3532 0.6875
5A17 798 2.429 0.3738 0.6953
5A17 799 2.460 0.3881 0.7031
5A17 800 2.626 0.3483 0.6875
5A17 801 2.606 0.3456 0.6797
5A17 802 2.409 0.3785 0.6953
5A17 803 2.396 0.3701 0.7031
5A17 804 2.516 0.3560 0.6953
5A17 805 2.754 0.3288 0.6563
5A17 806 2.503 0.3894 0.7031
5A17 807 2.422 0.3959 0.6953
5A17 808 2.550 0.3601 0.6953
5A17 809 2.575 0.3618 0.6875
5A17 810 2.629 0.3438 0.6719
5A17 811 2.575 0.3535 0.6797
5A17 812 2.311 0.4055 0.7188
5A17 813 2.420 0.3743 0.7031
5A17 814 2.621 0.3575 0.6875
5A17 815 2.539 0.3701 0.7109
5A17 816 2.361 0.3729 0.7109
5A17 817 2.429 0.3660 0.6953
5A17 818 2.542 0.3366 0.6719
5A17 819 2.471 0.3592 0.6875
5A17 820 2.468 0.3472 0.6797
5A17 821 2.460 0.3671 0.6797
5A17 822 2.466 0.3554 0.6719
5A17 823 2.436 0.3704 0.6797
5A17 824 2.565 0.3552 0.6875
5A17 825 2.633 0.3599 0.6719
5A17 826 2.600 0.3503 0.6797
5A17 827 2.380 0.3843 0.6953
5A17 828 2.483 0.3742 0.7109
5A17 829 2.448 0.3660 0.6875
5A17 830 2.560 0.3678 0.7031
5A17 831 2.399 0.4020 0.6953
5A17 832 2.509 0.3431 0.6875
5A17 833 2.474 0.3802 0.6953
5A17 834 2.448 0.3651 0.6875
5A17 835 2.574 0.3760 0.6797
5A17 836 2.527 0.3575 0.6797
5A17 837 2.559 0.3568 0.6719
5A17 838 2.494 0.3842 0.7031
5A17 839 2.418 0.3647 0.7031
5A17 840 2.438 0.3748 0.6953
5A17 841 2.514 0.3435 0.6797
5A17 842 2.588 0.3610 0.7031
5A17 843 2.434 0.3830 0.7031
5A17 844 2.546 0.3629 0.6875
5A17 845 2.506 0.3893 0.7188
5A17 846 2.579 0.3497 0.6641
5A17 847 2.446 0.3686 0.7031
5A17 848 2.408 0.3812 0.7188
5A17 849 2.638 0.3500 0.6563
5A17 850 2.436 0.3719 0.6797
5A17 851 2.486 0.3675 0.6953
5A17 852 2.249 0.3988 0.7109
5A17 853 2.407 0.3806 0.7031
5A17 854 2.398 0.3693 0.7031
5A17 855 2.485 0.3624 0.6875
5A17 856 2.523 0.3369 0.6797
5A17 857 2.454 0.3563 0.6875
5A17 858 2.450 0.3847 0.7109
5A17 859 2.323 0.3575 0.7031
5A17 860 2.333 0.3675 0.6953
5A17 861 2.380 0.3673 0.6953
5A17 862 2.359 0.3732 0.6953
5A17 863 2.491 0.3620 0.6953
5A17 864 2.438 0.3536 0.6797
5A17 865 2.439 0.3894 0.7109
5A17 866 2.314 0.3889 0.7188
5A17 867 2.337 0.3872 0.7188
5A17 868 2.426 0.3934 0.7109
5A17 869 2.506 0.3773 0.7109
5A17 870 2.483 0.3670 0.6719
5A17 871 2.147 0.4159 0.7344
5A17 872 2.068 0.4137 0.7422
5A17 873 2.293 0.3942 0.7031
5A17 874 2.390 0.3668 0.6953
5A17 875 2.552 0.3534 0.6797
5A17 876 2.606 0.3410 0.6719
5A17 877 2.299 0.4126 0.7109
5A17 878 2.310 0.3684 0.7109
5A17 879 2.511 0.3776 0.6797
5A17 880 2.417 0.3542 0.6797
5A17 881 2.292 0.4186 0.7109
5A17 882 2.140 0.4201 0.7188
5A17 883 2.082 0.4417 0.7500
5A17 884 2.359 0.4053 0.6953
5A17 885 2.756 0.3309 0.6484
5A17 886 2.411 0.3610 0.6875
5A17 887 2.032 0.4527 0.7422
5A17 888 2.026 0.4463 0.7422
5A17 889 2.371 0.3877 0.6953
5A17 890 2.591 0.3620 0.6953
5A17 891 2.550 0.3458 0.6641
5A17 892 2.158 0.4126 0.7266
5A17 893 2.122 0.4178 0.7266
5A17 894 2.267 0.3983 0.7031
5A17 895 2.441 0.3603 0.6875
5A17 896 2.465 0.4006 0.7031
5A17 897 2.306 0.3963 0.6953
5A17 898 2.470 0.3784 0.7031
5A17 899 2.343 0.3706 0.7031
5A17 900 2.217 0.4283 0.7344
5A17 901 2.450 0.3489 0.6797
5A17 902 2.360 0.3671 0.6797
5A17 903 2.271 0.3871 0.7109
5A17 904 2.266 0.4082 0.7344
5A17 905 2.476 0.3969 0.7031
5A17 906 2.482 0.3633 0.6719
5A17 907 2.445 0.3684 0.6875
5A17 908 2.287 0.4016 0.7109
5A17 909 2.419 0.3773 0.6875
5A17 910 2.587 0.3640 0.6875
5A17 911 2.311 0.3838 0.6875
5A17 912 2.095 0.4291 0.7188
5A17 913 2.196 0.3882 0.7109
5A17 914 2.516 0.3742 0.7031
5A17 915 2.578 0.3757 0.7109
5A17 916 2.426 0.4072 0.7031
5A17 917 2.204 0.4311 0.7266
5A17 918 2.250 0.4191 0.7188
5A17 919 2.403 0.3796 0.6953
5A17 920 2.444 0.3902 0.6953
5A17 921 2.403 0.3709 0.6875
5A17 922 2.385 0.3792 0.6953
5A17 923 2.458 0.3711 0.6641
5A17 924 2.396 0.4039 0.7188
5A17 925 2.414 0.3892 0.7188
5A17 926 2.383 0.4052 0.7188
5A17 927 2.487 0.3554 0.6797
5A17 928 2.447 0.3622 0.6719
5A17 929 2.505 0.3698 0.6797
5A17 930 2.461 0.3800 0.6953
5A17 931 2.165 0.4098 0.7109
5A17 932 2.367 0.3600 0.6953
5A17 933 2.490 0.3430 0.6797
5A17 934 2.603 0.3579 0.6953
5A17 935 2.407 0.3560 0.6875
5A17 936 2.790 0.3496 0.6641
5A17 937 2.466 0.3882 0.6953
5A17 938 2.292 0.3743 0.7109
5A17 939 2.374 0.3734 0.6875
5A17 940 2.524 0.3437 0.6797
5A17 941 2.489 0.3459 0.6719
5A17 942 2.206 0.4091 0.7109
5A17 943 2.089 0.4383 0.7422
5A17 944 2.282 0.3854 0.7031
5A17 945 2.497 0.3541 0.6875
5A17 946 2.646 0.3502 0.6641
5A17 947 2.340 0.3876 0.7109
5A17 948 2.392 0.3990 0.7031
5A17 949 2.480 0.3757 0.6953
5A17 950 2.442 0.3799 0.6953
5A17 951 2.489 0.3546 0.6875
5A17 952 2.250 0.3765 0.7031
5A17 953 2.246 0.3712 0.6953
5A17 954 2.349 0.3651 0.7031
5A17 955 2.208 0.4091 0.7188
5A17 956 2.294 0.4111 0.7344
5A17 957 2.197 0.3892 0.7109
5A17 958 2.108 0.3990 0.7031
5A17 959 2.243 0.3994 0.6953
5A17 960 2.514 0.3802 0.6953
5A17 961 2.383 0.3625 0.6797
5A17 962 2.431 0.3839 0.6875
5A17 963 2.296 0.3732 0.7031
5A17 964 2.248 0.3943 0.7188
5A17 965 2.270 0.3914 0.7031
5A17 966 2.457 0.3582 0.6719
5A17 967 2.343 0.3947 0.7031
5A17 968 2.302 0.3962 0.6875
5A17 969 2.176 0.4240 0.7188
5A17 970 2.237 0.3984 0.7031
5A17 971 2.417 0.3739 0.7031
5A17 972 2.352 0.3722 0.7031
5A17 973 2.267 0.3892 0.6953
5A17 974 2.386 0.3840 0.7031
5A17 975 2.175 0.4309 0.7344
5A17 976 2.062 0.4518 0.7344
5A17 977 2.266 0.3792 0.7031
5A17 978 2.274 0.3970 0.7188
5A17 979 2.281 0.4031 0.7109
5A17 980 2.403 0.3937 0.7031
5A17 981 2.134 0.4330 0.7188
5A17 982 2.028 0.4500 0.7500
5A17 983 1.972 0.4594 0.7734
5A17 984 2.125 0.4151 0.7344
5A17 985 2.325 0.3980 0.6953
5A17 986 2.267 0.4158 0.7266
5A17 987 2.113 0.4146 0.7188
5A17 988 2.216 0.4043 0.7109
5A17 989 2.303 0.3769 0.7031
5A17 990 2.207 0.4085 0.7266
5A17 991 2.373 0.3790 0.6875
5A17 992 2.350 0.3896 0.7031
5A17 993 2.387 0.3795 0.6797
5A17 994 2.282 0.4301 0.7188
5A17 995 2.323 0.3849 0.7031
5A17 996 2.224 0.4178 0.7344
5A17 997 2.337 0.3841 0.6875
5A17 998 2.213 0.3983 0.7109
5A17 999 2.241 0.3973 0.7109
5A17 1000 2.234 0.3991 0.7188
5A17 1001 2.275 0.4030 0.7266
5A17 1002 2.330 0.3795 0.6953
5A17 1003 2.216 0.3939 0.7031
5A17 1004 2.339 0.3867 0.7031
5A17 1005 2.235 0.3889 0.7109
5A17 1006 2.336 0.3877 0.7188
5A17 1007 2.430 0.3808 0.7109
5A17 1008 2.313 0.3866 0.6953
5A17 1009 2.357 0.3714 0.6797
5A17 1010 2.338 0.3975 0.6875
5A17 1011 2.315 0.3757 0.6875
5A17 1012 2.540 0.3691 0.6875
5A17 1013 2.550 0.3698 0.6797
5A17 1014 2.440 0.3596 0.6719
5A17 1015 2.341 0.3933 0.7031
5A17 1016 2.289 0.3774 0.7031
5A17 1017 2.354 0.3532 0.6875
5A17 1018 2.413 0.3527 0.6719
5A17 1019 2.207 0.3940 0.6953
5A17 1020 2.282 0.3990 0.7031
5A17 1021 2.314 0.3837 0.6953
5A17 1022 2.226 0.4170 0.7109
5A17 1023 2.171 0.4342 0.7344
5A17 1024 2.216 0.3920 0.7031
5A17 1025 2.426 0.3944 0.6953
5A17 1026 2.215 0.4158 0.7109
5A17 1027 2.248 0.4038 0.7109
5A17 1028 2.211 0.4033 0.7188
5A17 1029 2.424 0.3820 0.6875
5A17 1030 2.378 0.3857 0.7031
5A17 1031 2.738 0.3388 0.6641
5A17 1032 2.419 0.3897 0.7031
5A17 1033 2.375 0.3640 0.7031
5A17 1034 2.400 0.3910 0.6875
5A17 1035 2.441 0.3713 0.6953
5A17 1036 2.610 0.3639 0.6875
5A17 1037 2.763 0.3497 0.6719
5A17 1038 2.478 0.3605 0.6875
5A17 1039 2.376 0.3782 0.7031
5A17 1040 2.291 0.3916 0.7266
5A17 1041 2.565 0.3618 0.6719
5A17 1042 2.351 0.3781 0.6953
5A17 1043 2.181 0.4368 0.7422
5A17 1044 2.549 0.3603 0.6797
5A17 1045 2.377 0.3771 0.7031
5A17 1046 2.515 0.3735 0.7109
5A17 1047 2.461 0.3807 0.6953
5A17 1048 2.186 0.4182 0.7031
5A17 1049 2.104 0.4562 0.7422
5A17 1050 2.328 0.4301 0.7266
5A17 1051 2.263 0.4216 0.7266
5A17 1052 2.348 0.3953 0.7266
5A17 1053 2.609 0.3726 0.7031
5A17 1054 2.519 0.3636 0.6797
5A17 1055 2.382 0.3785 0.6719
5A17 1056 2.399 0.3669 0.6719
5A17 1057 2.383 0.3969 0.7266
5A17 1058 2.401 0.3716 0.6953
5A17 1059 2.144 0.4212 0.7344
5A17 1060 2.048 0.4210 0.7344
5A17 1061 2.441 0.3551 0.6953
5A17 1062 2.628 0.3633 0.6719
5A17 1063 2.564 0.3916 0.7031
5A17 1064 2.347 0.3675 0.6875
5A17 1065 2.401 0.3862 0.6953
5A17 1066 2.226 0.3938 0.7188
5A17 1067 2.242 0.4026 0.7031
5A17 1068 2.195 0.4140 0.7031
5A17 1069 2.130 0.4464 0.7422
5A17 1070 2.330 0.3887 0.6953
5A17 1071 2.291 0.4061 0.7188
5A17 1072 2.332 0.3842 0.6953
5A17 1073 2.620 0.3314 0.6797
5A17 1074 2.511 0.3438 0.6719
5A17 1075 2.407 0.3738 0.6953
5A17 1076 2.255 0.3927 0.7266
5A17 1077 2.232 0.3899 0.7109
5A17 1078 2.192 0.4053 0.7188
5A17 1079 2.342 0.3683 0.7109
5A17 1080 2.171 0.4106 0.7188
5A17 1081 2.269 0.3881 0.7188
5A17 1082 2.463 0.3666 0.6875
5A17 1083 2.637 0.3375 0.6797
5A17 1084 2.484 0.3440 0.6641
5A17 1085 2.242 0.4011 0.7031
5A17 1086 2.259 0.4064 0.7188
5A17 1087 2.124 0.4081 0.7266
5A17 1088 2.199 0.4312 0.7266
5A17 1089 2.166 0.4266 0.7266
5A17 1090 2.231 0.3863 0.6875
5A17 1091 2.158 0.4043 0.7109
5A17 1092 2.250 0.3939 0.7031
5A17 1093 2.340 0.3596 0.6953
5A17 1094 2.322 0.3797 0.7188
5A17 1095 2.278 0.3602 0.6953
5A17 1096 2.207 0.3879 0.7188
5A17 1097 2.345 0.3989 0.7031
5A17 1098 2.475 0.3554 0.7109
5A17 1099 2.250 0.3842 0.7188
5A17 1100 2.229 0.3968 0.7109
5A17 1101 2.320 0.4085 0.7344
5A17 1102 2.451 0.3529 0.6875
5A17 1103 2.216 0.4271 0.7266
5A17 1104 2.049 0.4360 0.7500
5A17 1105 1.938 0.4601 0.7578
5A17 1106 2.010 0.4365 0.7344
5A17 1107 2.187 0.4123 0.7109
5A17 1108 2.270 0.3965 0.7109
5A17 1109 2.204 0.4050 0.7109
5A17 1110 2.168 0.3879 0.7109
5A17 1111 2.274 0.3891 0.6875
5A17 1112 2.474 0.3802 0.6953
5A17 1113 2.218 0.3904 0.7188
5A17 1114 2.307 0.3858 0.7109
5A17 1115 2.287 0.4134 0.7188
5A17 1116 2.129 0.4524 0.7266
5A17 1117 2.372 0.3855 0.7031
5A17 1118 2.539 0.3774 0.6797
5A17 1119 2.299 0.3866 0.7031
5A17 1120 2.410 0.3748 0.6875
5A17 1121 2.238 0.3890 0.7109
5A17 1122 2.286 0.3799 0.6875
5A17 1123 2.424 0.3814 0.6797
5A17 1124 2.488 0.3649 0.6797
5A17 1125 2.556 0.3964 0.6953
5A17 1126 2.513 0.3500 0.6797
5A17 1127 2.497 0.3678 0.6875
5A17 1128 2.265 0.4001 0.7188
5A17 1129 2.198 0.3735 0.6953
5A17 1130 2.340 0.3981 0.6953
5A17 1131 2.363 0.3667 0.7031
5A17 1132 2.236 0.3782 0.7031
5A17 1133 2.307 0.3804 0.7344
5A17 1134 2.404 0.4051 0.7031
5A17 1135 2.233 0.4041 0.7188
5A17 1136 2.199 0.3956 0.7266
5A17 1137 2.373 0.4198 0.7109
5A17 1138 2.326 0.4077 0.7266
5A17 1139 2.082 0.4465 0.7344
5A17 1140 2.376 0.3915 0.6953
5A17 1141 2.617 0.3541 0.6875
5A17 1142 2.494 0.3577 0.6719
5A17 1143 2.327 0.3936 0.7031
5A17 1144 2.193 0.3938 0.7188
5A17 1145 2.430 0.3706 0.6953
5A17 1146 2.411 0.3763 0.6953
5A17 1147 2.592 0.3331 0.6563
5A17 1148 2.464 0.3897 0.7188
5A17 1149 2.328 0.3851 0.7188
5A17 1150 2.176 0.4106 0.7188
5A17 1151 2.355 0.3679 0.6875
5A17 1152 2.388 0.3865 0.7109
5A17 1153 2.582 0.3619 0.6641
5A17 1154 2.645 0.3700 0.6719
5A17 1155 2.511 0.3522 0.6797
5A17 1156 2.662 0.3493 0.6719
5A17 1157 2.763 0.3562 0.6797
5A17 1158 2.707 0.3653 0.6875
5A17 1159 2.408 0.3689 0.6875
5A17 1160 2.296 0.4100 0.7188
5A17 1161 2.409 0.3998 0.6797
5A17 1162 2.845 0.3387 0.6484
5A17 1163 2.435 0.3827 0.6797
5A17 1164 2.209 0.4149 0.7266
5A17 1165 2.343 0.3713 0.6875
5A17 1166 2.424 0.3918 0.7031
5A17 1167 2.227 0.4018 0.7031
5A17 1168 2.442 0.3862 0.6953
5A17 1169 2.501 0.3757 0.6797
5A17 1170 2.394 0.3988 0.6953
5A17 1171 2.545 0.3344 0.6797
5A17 1172 2.672 0.3303 0.6406
5A17 1173 2.540 0.3613 0.6797
5A17 1174 2.409 0.3984 0.6953
5A17 1175 2.129 0.4253 0.7266
5A17 1176 2.110 0.4447 0.7344
5A17 1177 2.390 0.3735 0.6719
5A17 1178 2.485 0.3492 0.6641
5A17 1179 2.398 0.3658 0.6641
5A17 1180 2.136 0.4274 0.7188
5A17 1181 2.217 0.4118 0.6953
5A17 1182 2.147 0.4750 0.7500
5A17 1183 2.133 0.4703 0.7500
5A17 1184 2.306 0.3972 0.6875
5A17 1185 2.139 0.4257 0.7031
5A17 1186 2.150 0.4149 0.7031
5A17 1187 1.987 0.4577 0.7500
5A17 1188 2.033 0.4305 0.7109
5A17 1189 2.071 0.4299 0.7188
5A17 1190 2.292 0.3880 0.6797
5A17 1191 2.144 0.4130 0.7031
5A17 1192 1.973 0.4602 0.7500
5A17 1193 2.071 0.4240 0.7109
5A17 1194 2.303 0.3841 0.7031
5A17 1195 2.295 0.3831 0.7266
5A17 1196 2.585 0.3339 0.7109
5A17 1197 2.811 0.3364 0.6641
5A17 1198 2.982 0.3367 0.6719
5A17 1199 2.808 0.3663 0.7031
5A17 1200 2.649 0.3627 0.6875
5A17 1201 2.597 0.3734 0.7188
5A17 1202 2.752 0.3509 0.6953
5A17 1203 2.405 0.4102 0.7344
5A17 1204 2.665 0.3613 0.6797
5A17 1205 2.846 0.3635 0.6719
5A17 1206 2.598 0.4061 0.6953
5A17 1207 2.550 0.3635 0.6953
5A17 1208 2.468 0.3740 0.6953
5A17 1209 2.385 0.4152 0.7109
5A17 1210 2.626 0.4072 0.6953
5A17 1211 2.724 0.3776 0.6797
5A17 1212 2.737 0.3337 0.6797
5A17 1213 2.819 0.3327 0.6641
5A17 1214 2.837 0.3519 0.6719
5A17 1215 2.592 0.4102 0.7188
5A17 1216 2.583 0.3964 0.7031
5A17 1217 2.861 0.3670 0.7031
5A17 1218 3.124 0.3150 0.6328
5A17 1219 2.617 0.3738 0.7188
5A17 1220 2.581 0.4033 0.6953
5A17 1221 2.944 0.3491 0.6563
5A17 1222 2.955 0.3446 0.6484
5A17 1223 2.552 0.4203 0.7266
5A17 1224 2.749 0.3618 0.6719
5A17 1225 2.645 0.3880 0.6875
5A17 1226 3.021 0.3131 0.6328
5A17 1227 2.925 0.3344 0.6406
5A17 1228 2.923 0.3498 0.6719
5A17 1229 2.829 0.3563 0.6719
5A17 1230 2.835 0.3540 0.6641
5A17 1231 2.862 0.3271 0.6484
5A17 1232 2.907 0.3253 0.6406
5A17 1233 2.964 0.3164 0.6484
5A17 1234 2.812 0.3546 0.6719
5A17 1235 2.604 0.3983 0.6953
5A17 1236 2.676 0.3928 0.6875
5A17 1237 2.884 0.3601 0.6563
5A17 1238 3.097 0.3036 0.6328
5A17 1239 2.939 0.3257 0.6328
5A17 1240 2.674 0.3921 0.6875
5A17 1241 2.890 0.3440 0.6563
5A17 1242 3.364 0.2898 0.6172
5A17 1243 3.184 0.3383 0.6328
5A17 1244 2.838 0.3652 0.6641
5A17 1245 2.844 0.3639 0.6641
5A17 1246 2.870 0.3639 0.6484
5A17 1247 2.900 0.3382 0.6406
5A17 1248 2.812 0.3384 0.6484
5A17 1249 2.947 0.3410 0.6484
5A17 1250 2.805 0.3618 0.6563
5A17 1251 2.824 0.3425 0.6484
5A17 1252 3.133 0.2962 0.6328
5A17 1253 3.000 0.3440 0.6563
5A17 1254 2.909 0.3482 0.6484
5A17 1255 3.026 0.3111 0.6250
5A17 1256 3.204 0.2910 0.6016
5A17 1257 3.032 0.3706 0.6641
5A17 1258 2.950 0.3423 0.6406
5A17 1259 3.027 0.2991 0.6250
5A17 1260 2.957 0.3272 0.6406
5A17 1261 2.921 0.3408 0.6563
5A17 1262 3.079 0.3294 0.6406
5A17 1263 3.083 0.3425 0.6563
5A17 1264 3.045 0.3595 0.6563
5A17 1265 3.103 0.3480 0.6484
5A17 1266 2.965 0.3404 0.6406
5A17 1267 2.880 0.3333 0.6406
5A17 1268 2.877 0.3546 0.6563
5A17 1269 2.778 0.3429 0.6719
5A17 1270 3.118 0.3241 0.6172
5A17 1271 3.030 0.3514 0.6719
5A17 1272 3.035 0.3329 0.6250
5A17 1273 3.228 0.3150 0.6094
5A17 1274 2.964 0.3563 0.6484
5A17 1275 2.967 0.3503 0.6641
5A17 1276 2.707 0.3944 0.7031
5A17 1277 2.801 0.3727 0.6719
5A17 1278 2.941 0.3628 0.6641
5A17 1279 2.790 0.3705 0.6875
5A17 1280 2.917 0.3434 0.6641
5A17 1281 2.727 0.3838 0.6875
5A17 1282 2.846 0.3571 0.6484
5A17 1283 2.951 0.3336 0.6484
5A17 1284 2.839 0.3703 0.6641
5A17 1285 3.335 0.3119 0.6016
5A17 1286 2.845 0.3671 0.6797
5A17 1287 2.534 0.4049 0.6875
5A17 1288 2.631 0.3860 0.6875
5A17 1289 2.912 0.3720 0.6719
5A17 1290 2.897 0.3551 0.6484
5A17 1291 2.916 0.3678 0.6641
5A17 1292 2.619 0.3982 0.6875
5A17 1293 2.620 0.3673 0.6797
5A17 1294 2.755 0.3937 0.6797
5A17 1295 3.029 0.3184 0.6484
5A17 1296 2.834 0.3335 0.6484
5A17 1297 3.140 0.3122 0.6094
5A17 1298 3.025 0.3148 0.6250
5A17 1299 2.850 0.3588 0.6641
5A17 1300 3.171 0.3577 0.6328
5A17 1301 3.044 0.3261 0.6328
5A17 1302 3.010 0.3352 0.6406
5A17 1303 3.059 0.3478 0.6563
5A17 1304 3.177 0.3103 0.6250
5A17 1305 2.923 0.3647 0.6563
5A17 1306 3.024 0.3202 0.6406
5A17 1307 3.039 0.3156 0.6563
5A17 1308 2.999 0.3411 0.6406
5A17 1309 3.432 0.3446 0.6094
5A17 1310 3.075 0.3463 0.6328
5A17 1311 3.320 0.3202 0.6172
5A17 1312 2.873 0.3684 0.6641
5A17 1313 2.947 0.3718 0.6719
5A17 1314 3.022 0.3396 0.6563
5A17 1315 2.896 0.3275 0.6328
5A17 1316 3.175 0.3542 0.6641
5A17 1317 3.158 0.3384 0.6484
5A17 1318 3.046 0.3419 0.6328
5A17 1319 2.921 0.3429 0.6563
5A17 1320 3.276 0.3116 0.6250
5A17 1321 2.903 0.3213 0.6484
5A17 1322 2.760 0.3362 0.6484
5A17 1323 2.777 0.3380 0.6563
5A17 1324 2.702 0.3397 0.6563
5A17 1325 3.089 0.2802 0.6172
5A17 1326 2.720 0.3380 0.6563
5A17 1327 3.108 0.3031 0.6250
5A17 1328 2.993 0.3236 0.6406
5A17 1329 3.052 0.3523 0.6328
5A17 1330 3.221 0.2839 0.6016
5A17 1331 3.200 0.3251 0.6250
