1PJY 1 0.000 1.0000 1.0000
1PJY 2 1.701 0.3013 0.8523
1PJY 3 0.965 0.4677 0.9318
1PJY 4 1.546 0.3593 0.8523
1PJY 5 0.917 0.3937 0.9318
1PJY 6 1.381 0.3743 0.8864
1PJY 7 1.804 0.2899 0.7955
1PJY 8 1.304 0.3085 0.8523
1PJY 9 1.478 0.3159 0.8523
1PJY 10 1.460 0.3538 0.8409
1PJY 11 1.125 0.3574 0.9205
1PJY 12 1.126 0.3478 0.8864
1PJY 13 1.428 0.3722 0.8750
1PJY 14 1.976 0.2680 0.7841
1PJY 15 1.492 0.2534 0.8295
1PJY 16 1.658 0.3425 0.8750
1PJY 17 1.909 0.3011 0.8182
1PJY 18 1.938 0.3389 0.8295
1PJY 19 2.385 0.3195 0.8068
1PJY 20 2.057 0.3274 0.8068
1PJY 21 9.729 0.1414 0.5000
1PJY 22 7.632 0.1787 0.4886
1PJY 23 5.505 0.2170 0.6932
1PJY 24 6.970 0.1667 0.5455
1PJY 25 5.254 0.1776 0.5000
1PJY 26 10.880 0.2122 0.5795
1PJY 27 6.347 0.1630 0.5682
1PJY 28 5.064 0.1575 0.5455
1PJY 29 12.390 0.1016 0.3182
1PJY 30 9.389 0.1604 0.4886
1PJY 31 7.925 0.1539 0.4205
1PJY 32 3.078 0.1552 0.6705
1PJY 33 4.743 0.2064 0.6364
1PJY 34 3.557 0.2144 0.6591
1PJY 35 7.430 0.1447 0.4886
1PJY 36 5.048 0.2574 0.6591
1PJY 37 5.081 0.1559 0.5682
1PJY 38 2.345 0.1730 0.6932
1PJY 39 2.154 0.2390 0.7614
1PJY 40 3.159 0.2108 0.7045
1PJY 41 5.080 0.2330 0.6364
1PJY 42 1.630 0.2806 0.8409
1PJY 43 3.721 0.2435 0.7273
1PJY 44 1.935 0.3051 0.8182
1PJY 45 3.183 0.2378 0.7159
1PJY 46 2.581 0.2522 0.7386
1PJY 47 1.995 0.2544 0.7841
1PJY 48 2.374 0.2309 0.7727
1PJY 49 1.563 0.2662 0.7955
1PJY 50 1.658 0.2632 0.8182
1PJY 51 2.236 0.2663 0.7614
1PJY 52 2.131 0.2195 0.7727
1PJY 53 2.033 0.2001 0.7614
1PJY 54 1.408 0.3223 0.8409
1PJY 55 1.842 0.2292 0.7614
1PJY 56 2.062 0.2721 0.7614
1PJY 57 1.631 0.2583 0.8068
1PJY 58 1.955 0.2566 0.7955
1PJY 59 2.112 0.2577 0.7727
1PJY 60 1.512 0.2506 0.8523
1PJY 61 8.580 0.1689 0.4545
1PJY 62 9.691 0.0949 0.3182
1PJY 63 8.903 0.1785 0.4432
1PJY 64 6.264 0.1555 0.4773
1PJY 65 2.876 0.2430 0.7614
1PJY 66 7.209 0.1759 0.5682
1PJY 67 9.462 0.1634 0.4318
1PJY 68 5.622 0.1527 0.5455
1PJY 69 4.416 0.2607 0.6705
1PJY 70 7.575 0.1802 0.5795
1PJY 71 8.905 0.1313 0.4205
1PJY 72 2.621 0.1936 0.7159
1PJY 73 2.839 0.2125 0.7273
1PJY 74 3.275 0.2399 0.7386
1PJY 75 3.280 0.2237 0.6932
1PJY 76 2.679 0.2038 0.7614
1PJY 77 2.198 0.2523 0.7841
1PJY 78 2.469 0.2406 0.7386
1PJY 79 1.863 0.2773 0.8068
1PJY 80 1.822 0.2549 0.7955
1PJY 81 3.533 0.1578 0.6250
1PJY 82 4.184 0.2116 0.6477
1PJY 83 1.860 0.2975 0.8068
1PJY 84 1.892 0.2472 0.7841
1PJY 85 1.972 0.2296 0.7614
1PJY 86 2.057 0.2792 0.7841
1PJY 87 2.688 0.2629 0.7500
1PJY 88 2.053 0.2712 0.7727
1PJY 89 2.324 0.2147 0.7273
1PJY 90 2.287 0.2622 0.7386
1PJY 91 4.075 0.2531 0.7045
1PJY 92 1.833 0.2275 0.8068
1PJY 93 1.655 0.2739 0.8068
1PJY 94 1.800 0.2724 0.7727
1PJY 95 1.793 0.2352 0.7841
1PJY 96 2.041 0.2132 0.7614
1PJY 97 1.932 0.1869 0.7614
1PJY 98 1.732 0.2633 0.7955
1PJY 99 1.774 0.2225 0.7841
1PJY 100 1.766 0.2586 0.7955
1PJY 101 7.369 0.0957 0.3750
1PJY 102 10.414 0.1129 0.2614
1PJY 103 7.253 0.1222 0.4318
1PJY 104 7.444 0.2186 0.5682
1PJY 105 10.837 0.1962 0.4091
1PJY 106 9.974 0.1093 0.3182
1PJY 107 10.097 0.1739 0.5000
1PJY 108 9.815 0.1301 0.4659
1PJY 109 5.989 0.1727 0.4659
1PJY 110 8.560 0.1569 0.4773
1PJY 111 3.172 0.2353 0.6932
1PJY 112 4.148 0.2052 0.6364
1PJY 113 5.739 0.1518 0.5455
1PJY 114 2.382 0.2200 0.7614
1PJY 115 5.921 0.1863 0.6136
1PJY 116 2.694 0.2551 0.6932
1PJY 117 5.031 0.1503 0.5682
1PJY 118 3.380 0.2192 0.6705
1PJY 119 3.883 0.1881 0.6932
1PJY 120 5.521 0.1558 0.5682
1PJY 121 3.186 0.1956 0.6705
1PJY 122 2.506 0.2505 0.7386
1PJY 123 3.027 0.2526 0.6818
1PJY 124 1.831 0.3038 0.7955
1PJY 125 1.843 0.2403 0.7955
1PJY 126 2.209 0.2486 0.7614
1PJY 127 2.860 0.2243 0.7500
1PJY 128 2.763 0.1516 0.6705
1PJY 129 2.026 0.2427 0.7614
1PJY 130 3.351 0.2064 0.6705
1PJY 131 2.001 0.1926 0.7386
1PJY 132 1.787 0.2780 0.8182
1PJY 133 2.593 0.2308 0.7386
1PJY 134 1.925 0.2404 0.7614
1PJY 135 1.901 0.2631 0.8068
1PJY 136 1.709 0.2276 0.7841
1PJY 137 2.360 0.2612 0.7727
1PJY 138 1.761 0.2655 0.7727
1PJY 139 1.695 0.2953 0.8182
1PJY 140 1.535 0.2362 0.8295
1PJY 141 9.753 0.2388 0.5000
1PJY 142 9.017 0.1404 0.4545
1PJY 143 4.677 0.2120 0.6591
1PJY 144 7.267 0.1977 0.5227
1PJY 145 6.622 0.1430 0.5341
1PJY 146 7.019 0.1939 0.5795
1PJY 147 4.132 0.1818 0.6250
1PJY 148 7.723 0.1672 0.5341
1PJY 149 8.877 0.1523 0.4545
1PJY 150 1.945 0.2144 0.7500
1PJY 151 9.006 0.1267 0.4318
1PJY 152 4.759 0.2107 0.6477
1PJY 153 2.935 0.2246 0.7045
1PJY 154 1.853 0.2504 0.7955
1PJY 155 3.691 0.2454 0.7386
1PJY 156 2.172 0.1848 0.7500
1PJY 157 2.476 0.2618 0.7614
1PJY 158 2.121 0.2534 0.7955
1PJY 159 2.175 0.2492 0.7614
1PJY 160 3.293 0.2803 0.7045
1PJY 161 1.971 0.2561 0.7955
1PJY 162 2.126 0.2780 0.7955
1PJY 163 1.486 0.2509 0.8295
1PJY 164 1.640 0.2782 0.8068
1PJY 165 2.655 0.1579 0.6932
1PJY 166 3.725 0.2082 0.6477
1PJY 167 2.570 0.2423 0.7273
1PJY 168 3.273 0.2876 0.7386
1PJY 169 1.841 0.2865 0.8068
1PJY 170 2.309 0.2201 0.7500
1PJY 171 2.085 0.2227 0.7386
1PJY 172 2.298 0.2660 0.7500
1PJY 173 1.698 0.2569 0.8068
1PJY 174 1.587 0.2824 0.8182
1PJY 175 1.554 0.2421 0.8409
1PJY 176 1.474 0.2977 0.8409
1PJY 177 1.740 0.2331 0.7955
1PJY 178 1.733 0.2496 0.8068
1PJY 179 1.513 0.2794 0.8523
1PJY 180 1.615 0.2457 0.8409
1PJY 181 10.205 0.1508 0.3750
1PJY 182 11.293 0.1130 0.3864
1PJY 183 4.593 0.2112 0.7045
1PJY 184 8.514 0.1444 0.4886
1PJY 185 9.652 0.1697 0.3864
1PJY 186 3.913 0.2104 0.6250
1PJY 187 9.675 0.2088 0.4659
1PJY 188 6.326 0.1617 0.5455
1PJY 189 7.103 0.1609 0.5455
1PJY 190 6.569 0.1684 0.6250
1PJY 191 3.511 0.1691 0.6705
1PJY 192 3.748 0.1939 0.6477
1PJY 193 3.345 0.1703 0.6591
1PJY 194 3.285 0.1976 0.6818
1PJY 195 6.061 0.1468 0.5455
1PJY 196 4.905 0.2134 0.6591
1PJY 197 1.790 0.2195 0.7727
1PJY 198 6.187 0.1854 0.5795
1PJY 199 3.552 0.2584 0.7159
1PJY 200 3.723 0.2075 0.6932
1PJY 201 3.303 0.1611 0.6705
1PJY 202 2.365 0.2161 0.7727
1PJY 203 2.069 0.2691 0.7841
1PJY 204 1.794 0.2487 0.7841
1PJY 205 3.088 0.2247 0.7045
1PJY 206 2.116 0.2351 0.7614
1PJY 207 2.118 0.2457 0.7841
1PJY 208 2.229 0.2271 0.7386
1PJY 209 2.844 0.2412 0.7386
1PJY 210 2.223 0.2608 0.7386
1PJY 211 2.068 0.2329 0.7841
1PJY 212 1.925 0.2558 0.8068
1PJY 213 1.996 0.2257 0.7500
1PJY 214 1.596 0.2476 0.7955
1PJY 215 1.896 0.2421 0.7614
1PJY 216 1.509 0.2991 0.8182
1PJY 217 1.597 0.2789 0.8182
1PJY 218 1.903 0.2475 0.8068
1PJY 219 1.863 0.3006 0.7955
1PJY 220 1.870 0.2367 0.7727
1PJY 221 7.632 0.1729 0.4432
1PJY 222 9.549 0.0770 0.3295
1PJY 223 9.244 0.2111 0.4886
1PJY 224 8.780 0.1710 0.3864
1PJY 225 6.391 0.1653 0.5455
1PJY 226 7.230 0.1814 0.5455
1PJY 227 6.139 0.1127 0.4091
1PJY 228 9.194 0.1665 0.4886
1PJY 229 7.549 0.1449 0.4318
1PJY 230 7.890 0.1587 0.5455
1PJY 231 6.344 0.2270 0.5341
1PJY 232 2.795 0.2597 0.7386
1PJY 233 4.319 0.1961 0.6250
1PJY 234 2.192 0.2402 0.7386
1PJY 235 4.194 0.1791 0.6023
1PJY 236 2.718 0.2631 0.7500
1PJY 237 2.121 0.2632 0.7614
1PJY 238 3.004 0.2526 0.7614
1PJY 239 3.007 0.2456 0.7273
1PJY 240 2.434 0.2628 0.7727
1PJY 241 3.579 0.2259 0.6591
1PJY 242 1.692 0.2986 0.8295
1PJY 243 2.255 0.2516 0.7614
1PJY 244 1.707 0.2666 0.8068
1PJY 245 1.525 0.2768 0.8409
1PJY 246 2.601 0.2347 0.7386
1PJY 247 2.647 0.2124 0.7159
1PJY 248 2.132 0.2388 0.7727
1PJY 249 3.484 0.2062 0.6818
1PJY 250 1.750 0.2839 0.8068
1PJY 251 3.932 0.2148 0.7045
1PJY 252 2.599 0.2144 0.7386
1PJY 253 2.023 0.2637 0.8182
1PJY 254 2.093 0.2625 0.7841
1PJY 255 3.876 0.2434 0.7045
1PJY 256 1.772 0.2822 0.8068
1PJY 257 3.252 0.2001 0.6705
1PJY 258 2.239 0.1648 0.7159
1PJY 259 1.911 0.2643 0.7727
1PJY 260 1.549 0.2714 0.8182
1PJY 261 7.242 0.2397 0.5114
1PJY 262 5.172 0.1755 0.6136
1PJY 263 8.202 0.1313 0.5227
1PJY 264 5.732 0.1742 0.5909
1PJY 265 10.463 0.1387 0.3409
1PJY 266 11.386 0.1421 0.3750
1PJY 267 10.221 0.1590 0.4773
1PJY 268 9.087 0.1842 0.5114
1PJY 269 5.622 0.1609 0.5568
1PJY 270 4.959 0.1345 0.5795
1PJY 271 7.781 0.1482 0.5455
1PJY 272 1.816 0.2357 0.7955
1PJY 273 7.386 0.1522 0.5909
1PJY 274 2.868 0.2642 0.7273
1PJY 275 3.632 0.1929 0.6705
1PJY 276 2.391 0.2290 0.7386
1PJY 277 5.262 0.2113 0.6705
1PJY 278 8.676 0.1476 0.4432
1PJY 279 10.213 0.1314 0.4773
1PJY 280 4.477 0.2211 0.7045
1PJY 281 7.111 0.2044 0.6250
1PJY 282 4.095 0.1978 0.6591
1PJY 283 2.125 0.2692 0.7841
1PJY 284 3.618 0.2030 0.6932
1PJY 285 2.755 0.2011 0.7045
1PJY 286 3.987 0.1949 0.6591
1PJY 287 2.334 0.2088 0.7386
1PJY 288 6.449 0.2267 0.6136
1PJY 289 2.009 0.2155 0.7614
1PJY 290 1.901 0.2319 0.7727
1PJY 291 2.161 0.2237 0.7500
1PJY 292 2.648 0.2421 0.7500
1PJY 293 2.769 0.2354 0.7159
1PJY 294 4.592 0.2247 0.6818
1PJY 295 2.553 0.2562 0.7614
1PJY 296 2.386 0.2296 0.7500
1PJY 297 5.158 0.1380 0.5568
1PJY 298 2.139 0.2392 0.7614
1PJY 299 1.926 0.2273 0.7614
1PJY 300 1.624 0.2362 0.7955
1PJY 301 9.322 0.1647 0.3977
1PJY 302 9.013 0.1677 0.5114
1PJY 303 5.530 0.1550 0.5455
1PJY 304 3.752 0.2407 0.7159
1PJY 305 7.856 0.1367 0.4886
1PJY 306 5.885 0.1577 0.5341
1PJY 307 5.686 0.1881 0.5568
1PJY 308 8.640 0.1544 0.4432
1PJY 309 3.110 0.2565 0.7727
1PJY 310 3.045 0.2796 0.7500
1PJY 311 2.778 0.2264 0.7273
1PJY 312 3.012 0.2053 0.7386
1PJY 313 3.756 0.1488 0.6023
1PJY 314 1.941 0.2551 0.8068
1PJY 315 2.007 0.2548 0.7727
1PJY 316 2.413 0.2338 0.7159
1PJY 317 1.760 0.3083 0.8295
1PJY 318 2.243 0.2475 0.7614
1PJY 319 2.262 0.2018 0.7386
1PJY 320 2.082 0.2508 0.7500
1PJY 321 1.699 0.3261 0.8182
1PJY 322 2.509 0.2172 0.7273
1PJY 323 2.573 0.2134 0.7500
1PJY 324 2.216 0.2473 0.7500
1PJY 325 1.842 0.2975 0.8068
1PJY 326 3.134 0.2278 0.6818
1PJY 327 1.734 0.2712 0.7955
1PJY 328 2.377 0.2164 0.7614
1PJY 329 1.998 0.2684 0.7841
1PJY 330 1.658 0.2554 0.7955
1PJY 331 2.997 0.2261 0.7159
1PJY 332 2.156 0.2166 0.7273
1PJY 333 2.012 0.2358 0.7727
1PJY 334 1.935 0.2308 0.7614
1PJY 335 1.793 0.2739 0.8068
1PJY 336 1.555 0.2458 0.8182
1PJY 337 2.614 0.2188 0.6818
1PJY 338 1.894 0.2610 0.7955
1PJY 339 1.541 0.2701 0.8068
1PJY 340 1.611 0.2225 0.8182
1PJY 341 10.267 0.0955 0.3409
1PJY 342 8.473 0.0936 0.4205
1PJY 343 7.024 0.1116 0.4545
1PJY 344 7.876 0.1831 0.5795
1PJY 345 10.772 0.1220 0.3182
1PJY 346 7.751 0.1218 0.4659
1PJY 347 11.099 0.1465 0.4318
1PJY 348 4.465 0.1854 0.6023
1PJY 349 6.212 0.1991 0.5114
1PJY 350 8.942 0.1609 0.5341
1PJY 351 4.688 0.1593 0.5909
1PJY 352 7.373 0.1977 0.5909
1PJY 353 2.548 0.2121 0.7273
1PJY 354 9.913 0.1978 0.4659
1PJY 355 6.207 0.2045 0.6136
1PJY 356 2.025 0.2860 0.7841
1PJY 357 2.857 0.2221 0.7273
1PJY 358 2.355 0.2382 0.7614
1PJY 359 6.662 0.1604 0.5341
1PJY 360 2.619 0.2631 0.7614
1PJY 361 3.015 0.2231 0.7159
1PJY 362 3.023 0.2308 0.7273
1PJY 363 2.393 0.2766 0.7614
1PJY 364 2.037 0.2110 0.7386
1PJY 365 3.298 0.2378 0.7273
1PJY 366 2.537 0.2608 0.7273
1PJY 367 1.684 0.2458 0.7955
1PJY 368 5.735 0.1880 0.5341
1PJY 369 2.472 0.2332 0.7500
1PJY 370 2.445 0.2114 0.7841
1PJY 371 2.682 0.2686 0.7614
1PJY 372 1.984 0.2689 0.7841
1PJY 373 1.860 0.2496 0.7841
1PJY 374 1.772 0.2825 0.8182
1PJY 375 1.771 0.2490 0.7955
1PJY 376 1.739 0.2530 0.8068
1PJY 377 1.632 0.2348 0.7955
1PJY 378 4.557 0.2363 0.6705
1PJY 379 1.659 0.2681 0.8068
1PJY 380 1.652 0.2629 0.8068
1PJY 381 8.775 0.1774 0.5000
1PJY 382 9.781 0.1006 0.4091
1PJY 383 3.346 0.1936 0.6591
1PJY 384 8.216 0.1675 0.5795
1PJY 385 10.603 0.1307 0.4091
1PJY 386 10.203 0.1531 0.5000
1PJY 387 10.772 0.1340 0.4659
1PJY 388 3.364 0.1598 0.6477
1PJY 389 4.626 0.1729 0.6364
1PJY 390 5.536 0.1977 0.5795
1PJY 391 3.062 0.2554 0.7045
1PJY 392 1.919 0.2147 0.7614
1PJY 393 3.152 0.2049 0.7045
1PJY 394 3.081 0.2760 0.7386
1PJY 395 2.813 0.2523 0.7386
1PJY 396 4.997 0.2102 0.6477
1PJY 397 1.933 0.2316 0.7841
1PJY 398 9.652 0.1398 0.4091
1PJY 399 1.610 0.2444 0.8295
1PJY 400 1.890 0.2390 0.7614
1PJY 401 1.925 0.2496 0.7841
1PJY 402 2.420 0.2035 0.7386
1PJY 403 2.894 0.2085 0.6818
1PJY 404 1.994 0.2256 0.7500
1PJY 405 1.651 0.2517 0.7955
1PJY 406 1.647 0.2789 0.7955
1PJY 407 2.111 0.2445 0.7500
1PJY 408 2.226 0.2392 0.7727
1PJY 409 1.982 0.2441 0.7727
1PJY 410 1.828 0.2273 0.7727
1PJY 411 2.393 0.2417 0.7386
1PJY 412 1.549 0.2880 0.8409
1PJY 413 1.699 0.3344 0.8182
1PJY 414 1.749 0.2441 0.8295
1PJY 415 1.854 0.2597 0.8068
1PJY 416 1.526 0.2909 0.8409
1PJY 417 1.747 0.2608 0.7955
1PJY 418 1.517 0.2814 0.8409
1PJY 419 2.322 0.2119 0.7500
1PJY 420 1.837 0.2650 0.7841
1PJY 421 1.809 0.2449 0.7841
1PJY 422 1.634 0.2464 0.8068
1PJY 423 1.531 0.2630 0.8409
1PJY 424 1.501 0.2756 0.8409
1PJY 425 1.531 0.2646 0.8295
1PJY 426 1.562 0.2555 0.8409
1PJY 427 1.553 0.2524 0.8409
1PJY 428 1.584 0.2506 0.8409
1PJY 429 1.565 0.2605 0.8409
1PJY 430 1.561 0.2564 0.8409
1PJY 431 1.572 0.2608 0.8409
1PJY 432 1.577 0.2578 0.8409
1PJY 433 1.574 0.2592 0.8409
1PJY 434 1.561 0.2596 0.8409
1PJY 435 1.567 0.2626 0.8409
1PJY 436 1.567 0.2627 0.8409
1PJY 437 1.564 0.2626 0.8409
1PJY 438 1.553 0.2595 0.8409
1PJY 439 1.546 0.2585 0.8409
1PJY 440 1.566 0.2565 0.8409
1PJY 441 1.554 0.2617 0.8409
1PJY 442 1.568 0.2567 0.8409
1PJY 443 1.558 0.2586 0.8409
1PJY 444 1.538 0.2519 0.8523
1PJY 445 1.557 0.2490 0.8409
1PJY 446 1.547 0.2659 0.8409
1PJY 447 1.542 0.2645 0.8409
1PJY 448 1.551 0.2644 0.8409
1PJY 449 1.551 0.2575 0.8409
1PJY 450 1.551 0.2616 0.8409
1PJY 451 1.564 0.2559 0.8409
1PJY 452 1.551 0.2675 0.8409
1PJY 453 1.547 0.2695 0.8409
1PJY 454 1.555 0.2595 0.8409
1PJY 455 1.553 0.2630 0.8409
1PJY 456 1.556 0.2690 0.8409
1PJY 457 1.543 0.2658 0.8409
1PJY 458 1.570 0.2569 0.8409
1PJY 459 1.540 0.2652 0.8409
1PJY 460 1.561 0.2536 0.8409
1PJY 461 1.563 0.2503 0.8409
1PJY 462 1.547 0.2619 0.8409
1PJY 463 1.560 0.2670 0.8409
1PJY 464 1.581 0.2567 0.8409
1PJY 465 1.580 0.2524 0.8409
1PJY 466 1.579 0.2635 0.8409
1PJY 467 1.560 0.2566 0.8409
1PJY 468 1.539 0.2582 0.8409
1PJY 469 1.573 0.2550 0.8409
1PJY 470 1.536 0.2625 0.8523
1PJY 471 1.572 0.2549 0.8409
1PJY 472 1.593 0.2509 0.8409
1PJY 473 1.563 0.2531 0.8409
1PJY 474 1.565 0.2531 0.8409
1PJY 475 1.569 0.2477 0.8409
1PJY 476 1.575 0.2559 0.8523
1PJY 477 1.561 0.2631 0.8409
1PJY 478 1.570 0.2453 0.8523
1PJY 479 1.535 0.2591 0.8523
1PJY 480 1.588 0.2506 0.8409
1PJY 481 1.551 0.2620 0.8409
1PJY 482 1.532 0.2659 0.8523
1PJY 483 1.519 0.2777 0.8523
1PJY 484 1.545 0.2642 0.8409
1PJY 485 1.613 0.2577 0.8409
1PJY 486 1.535 0.2545 0.8523
1PJY 487 1.609 0.2511 0.8409
1PJY 488 1.554 0.2645 0.8636
1PJY 489 1.532 0.2779 0.8636
1PJY 490 1.551 0.2455 0.8409
1PJY 491 1.557 0.2732 0.8523
1PJY 492 1.528 0.2625 0.8636
1PJY 493 1.526 0.2717 0.8523
1PJY 494 1.535 0.2570 0.8523
1PJY 495 1.667 0.2685 0.8409
1PJY 496 1.690 0.2806 0.8295
1PJY 497 1.681 0.2740 0.8523
1PJY 498 1.674 0.2632 0.8409
1PJY 499 1.676 0.2636 0.8295
1PJY 500 1.659 0.2658 0.8523
1PJY 501 1.679 0.2790 0.8409
1PJY 502 1.663 0.2638 0.8409
1PJY 503 1.653 0.2770 0.8295
1PJY 504 1.707 0.2650 0.8295
1PJY 505 1.678 0.2648 0.8409
1PJY 506 1.741 0.2638 0.8182
1PJY 507 1.691 0.2727 0.8295
1PJY 508 1.740 0.2639 0.8295
1PJY 509 1.657 0.2720 0.8523
1PJY 510 1.683 0.2681 0.8295
1PJY 511 1.685 0.2783 0.8523
1PJY 512 1.694 0.2658 0.8182
1PJY 513 1.696 0.2745 0.8409
1PJY 514 1.708 0.2727 0.8295
1PJY 515 1.700 0.2716 0.8295
1PJY 516 1.650 0.2805 0.8409
1PJY 517 1.642 0.2719 0.8523
1PJY 518 1.692 0.2774 0.8409
1PJY 519 1.633 0.2596 0.8409
1PJY 520 1.651 0.2639 0.8409
1PJY 521 1.634 0.2448 0.8409
1PJY 522 1.707 0.2931 0.8295
1PJY 523 1.706 0.2670 0.8182
1PJY 524 1.611 0.2905 0.8523
1PJY 525 1.641 0.2808 0.8295
1PJY 526 1.670 0.2796 0.8523
1PJY 527 1.707 0.2794 0.8295
1PJY 528 1.684 0.2920 0.8295
1PJY 529 1.718 0.2747 0.8295
1PJY 530 1.664 0.2639 0.8295
1PJY 531 1.654 0.2776 0.8523
1PJY 532 1.621 0.2662 0.8182
1PJY 533 1.621 0.2775 0.8182
1PJY 534 1.596 0.2626 0.8523
1PJY 535 1.618 0.2552 0.8295
1PJY 536 1.605 0.2654 0.8182
1PJY 537 1.666 0.2537 0.8182
1PJY 538 1.611 0.2554 0.8295
1PJY 539 1.628 0.2733 0.8295
1PJY 540 1.594 0.2908 0.8295
1PJY 541 1.659 0.2612 0.8182
1PJY 542 1.624 0.2671 0.8523
1PJY 543 1.600 0.2947 0.8295
1PJY 544 1.643 0.2894 0.8182
1PJY 545 1.661 0.2829 0.8295
1PJY 546 1.608 0.2827 0.8409
1PJY 547 1.628 0.2755 0.8295
1PJY 548 1.653 0.2730 0.8295
1PJY 549 1.620 0.2939 0.8182
1PJY 550 1.559 0.2757 0.8523
1PJY 551 1.658 0.2813 0.8409
1PJY 552 1.643 0.2872 0.8409
1PJY 553 1.581 0.2765 0.8409
1PJY 554 1.682 0.2846 0.8295
1PJY 555 1.674 0.2888 0.8295
1PJY 556 1.638 0.2852 0.8295
1PJY 557 1.633 0.2800 0.8295
1PJY 558 1.661 0.2991 0.8295
1PJY 559 1.630 0.2713 0.8295
1PJY 560 1.695 0.2879 0.8409
1PJY 561 1.602 0.2641 0.8295
1PJY 562 1.544 0.3006 0.8636
1PJY 563 1.605 0.2874 0.8409
1PJY 564 1.637 0.3245 0.8295
1PJY 565 1.644 0.2936 0.8295
1PJY 566 1.670 0.2903 0.8182
1PJY 567 1.625 0.2767 0.8295
1PJY 568 1.658 0.3076 0.8409
1PJY 569 1.699 0.2655 0.8182
1PJY 570 1.634 0.2743 0.8295
1PJY 571 1.676 0.2743 0.8295
1PJY 572 1.678 0.2808 0.8182
1PJY 573 1.589 0.2740 0.8295
1PJY 574 1.665 0.2740 0.8182
1PJY 575 1.597 0.2966 0.8409
1PJY 576 1.663 0.2784 0.8295
1PJY 577 1.674 0.2830 0.8182
1PJY 578 1.651 0.2913 0.8409
1PJY 579 1.708 0.2819 0.8182
1PJY 580 1.643 0.2825 0.8409
1PJY 581 1.648 0.2903 0.8182
1PJY 582 1.600 0.2848 0.8295
1PJY 583 1.622 0.2730 0.8409
1PJY 584 1.620 0.2956 0.8295
1PJY 585 1.636 0.2648 0.8295
1PJY 586 1.680 0.2993 0.8182
1PJY 587 1.590 0.2661 0.8409
1PJY 588 1.667 0.2834 0.8295
1PJY 589 1.620 0.2873 0.8295
1PJY 590 1.591 0.2793 0.8295
1PJY 591 1.616 0.2811 0.8182
1PJY 592 1.653 0.2869 0.8409
1PJY 593 1.651 0.2779 0.8182
1PJY 594 1.672 0.2964 0.8409
1PJY 595 1.721 0.2761 0.8295
1PJY 596 1.587 0.3078 0.8409
1PJY 597 1.612 0.3005 0.8295
1PJY 598 1.633 0.2965 0.8409
1PJY 599 1.604 0.2698 0.8295
1PJY 600 1.608 0.2746 0.8295
1PJY 601 1.652 0.2639 0.8295
1PJY 602 1.611 0.3004 0.8409
1PJY 603 1.612 0.2974 0.8295
1PJY 604 1.551 0.2797 0.8295
1PJY 605 1.574 0.2678 0.8409
1PJY 606 1.599 0.2941 0.8295
1PJY 607 1.603 0.2810 0.8295
1PJY 608 1.582 0.2777 0.8409
1PJY 609 1.558 0.2766 0.8409
1PJY 610 1.556 0.3062 0.8409
1PJY 611 1.569 0.3145 0.8523
1PJY 612 1.549 0.2733 0.8523
1PJY 613 1.563 0.2860 0.8409
1PJY 614 1.491 0.3331 0.8523
1PJY 615 1.497 0.3344 0.8523
1PJY 616 1.555 0.3428 0.8409
1PJY 617 1.559 0.3021 0.8409
1PJY 618 1.655 0.2628 0.8295
1PJY 619 1.600 0.3082 0.8409
1PJY 620 1.512 0.3111 0.8636
1PJY 621 1.553 0.2946 0.8523
1PJY 622 1.478 0.3304 0.8523
1PJY 623 1.558 0.3018 0.8295
1PJY 624 1.502 0.3032 0.8636
1PJY 625 1.632 0.2826 0.8409
1PJY 626 1.630 0.2964 0.8409
1PJY 627 1.602 0.2869 0.8523
1PJY 628 1.558 0.3131 0.8523
1PJY 629 1.483 0.3235 0.8636
1PJY 630 1.564 0.3199 0.8295
1PJY 631 1.595 0.3135 0.8295
1PJY 632 1.551 0.3077 0.8295
1PJY 633 1.494 0.3022 0.8636
1PJY 634 1.547 0.3016 0.8636
1PJY 635 1.635 0.2903 0.8523
1PJY 636 1.611 0.2902 0.8409
1PJY 637 1.683 0.2684 0.8182
1PJY 638 1.792 0.2633 0.7955
1PJY 639 1.693 0.2561 0.8295
1PJY 640 1.668 0.2644 0.8295
1PJY 641 1.780 0.2680 0.7955
1PJY 642 1.733 0.2797 0.8068
1PJY 643 1.818 0.2409 0.7955
1PJY 644 1.785 0.2461 0.7955
1PJY 645 1.870 0.2672 0.7841
1PJY 646 1.793 0.2645 0.7841
1PJY 647 1.941 0.2663 0.7727
1PJY 648 1.791 0.2626 0.7841
1PJY 649 1.764 0.2689 0.8068
1PJY 650 1.761 0.2641 0.8182
1PJY 651 1.726 0.2706 0.8182
1PJY 652 1.786 0.2781 0.8182
1PJY 653 1.639 0.2624 0.8068
1PJY 654 1.665 0.2746 0.8182
1PJY 655 1.668 0.2731 0.8182
1PJY 656 1.799 0.2567 0.7955
1PJY 657 1.724 0.2586 0.8068
1PJY 658 1.607 0.2923 0.8295
1PJY 659 1.675 0.2631 0.8068
1PJY 660 1.574 0.2645 0.8182
1PJY 661 1.661 0.2788 0.8182
1PJY 662 1.652 0.2748 0.8295
1PJY 663 1.655 0.2859 0.8295
1PJY 664 1.761 0.2858 0.8068
1PJY 665 1.681 0.2765 0.8068
1PJY 666 1.738 0.2722 0.8182
1PJY 667 1.705 0.2749 0.8295
1PJY 668 1.775 0.2554 0.8068
1PJY 669 1.697 0.2636 0.8182
1PJY 670 1.731 0.2509 0.8068
1PJY 671 1.674 0.2939 0.8182
1PJY 672 1.740 0.2682 0.8068
1PJY 673 1.783 0.2549 0.7955
1PJY 674 1.634 0.2750 0.7955
1PJY 675 1.696 0.2601 0.8182
1PJY 676 1.653 0.2845 0.8182
1PJY 677 1.836 0.2452 0.7955
1PJY 678 1.715 0.2676 0.8068
1PJY 679 1.820 0.2683 0.7955
1PJY 680 1.681 0.2663 0.8068
1PJY 681 1.737 0.2582 0.7955
1PJY 682 1.686 0.2734 0.8068
1PJY 683 1.677 0.2712 0.8182
1PJY 684 1.726 0.2637 0.8068
1PJY 685 1.697 0.2796 0.8182
1PJY 686 1.650 0.2621 0.8182
1PJY 687 1.693 0.2692 0.8182
1PJY 688 1.728 0.2581 0.7955
1PJY 689 1.713 0.2533 0.8295
1PJY 690 1.671 0.2634 0.8182
1PJY 691 1.626 0.2670 0.8182
1PJY 692 1.657 0.2602 0.8295
1PJY 693 1.715 0.2592 0.8068
1PJY 694 1.637 0.2464 0.8068
1PJY 695 1.691 0.2575 0.8068
1PJY 696 1.637 0.2818 0.8182
1PJY 697 1.623 0.2645 0.8068
1PJY 698 1.537 0.2753 0.8182
1PJY 699 1.559 0.2767 0.8295
1PJY 700 1.517 0.2641 0.8295
1PJY 701 1.602 0.2618 0.8182
1PJY 702 1.612 0.2794 0.8182
1PJY 703 1.577 0.2546 0.8295
1PJY 704 1.535 0.2911 0.8295
1PJY 705 1.674 0.2787 0.8068
1PJY 706 1.493 0.2587 0.8295
1PJY 707 1.525 0.2654 0.8295
1PJY 708 1.518 0.2768 0.8295
1PJY 709 1.505 0.2858 0.8295
1PJY 710 1.595 0.2614 0.8295
1PJY 711 1.618 0.2686 0.8295
1PJY 712 1.593 0.2601 0.8182
1PJY 713 1.521 0.2848 0.8295
1PJY 714 1.541 0.2946 0.8295
1PJY 715 1.545 0.2621 0.8409
1PJY 716 1.583 0.2512 0.8068
1PJY 717 1.653 0.2613 0.7955
1PJY 718 1.722 0.2526 0.7955
1PJY 719 1.444 0.2867 0.8295
1PJY 720 1.584 0.2668 0.8182
1PJY 721 1.559 0.2827 0.8182
1PJY 722 1.591 0.2723 0.8295
1PJY 723 1.532 0.2785 0.8295
1PJY 724 1.657 0.2570 0.7955
1PJY 725 1.699 0.2854 0.8068
1PJY 726 1.519 0.2624 0.8182
1PJY 727 1.485 0.2707 0.8409
1PJY 728 1.536 0.2734 0.8409
1PJY 729 1.684 0.2540 0.8068
1PJY 730 1.584 0.2559 0.8295
1PJY 731 1.578 0.2539 0.8068
1PJY 732 1.450 0.2695 0.8636
1PJY 733 1.484 0.2896 0.8523
1PJY 734 1.703 0.2362 0.7955
1PJY 735 1.596 0.2591 0.8295
1PJY 736 1.564 0.2862 0.8068
1PJY 737 1.587 0.2745 0.8295
1PJY 738 1.556 0.2747 0.8182
1PJY 739 1.679 0.2595 0.7955
1PJY 740 1.558 0.2678 0.8295
1PJY 741 1.564 0.2607 0.8295
1PJY 742 1.695 0.2506 0.8068
1PJY 743 1.618 0.2454 0.8068
1PJY 744 1.647 0.2470 0.7955
1PJY 745 1.641 0.2637 0.7955
1PJY 746 1.589 0.2730 0.8182
1PJY 747 1.563 0.2571 0.8295
1PJY 748 1.553 0.2551 0.8068
1PJY 749 1.609 0.2722 0.8182
1PJY 750 1.561 0.2691 0.8295
1PJY 751 1.596 0.2730 0.8295
1PJY 752 1.496 0.2718 0.8636
1PJY 753 1.514 0.2515 0.8295
1PJY 754 1.560 0.2628 0.8182
1PJY 755 1.705 0.2641 0.7955
1PJY 756 1.800 0.2438 0.7841
1PJY 757 1.468 0.2910 0.8295
1PJY 758 1.444 0.3142 0.8636
1PJY 759 1.601 0.2797 0.8182
1PJY 760 1.701 0.2582 0.8182
1PJY 761 1.740 0.2705 0.8068
1PJY 762 1.558 0.2583 0.8182
1PJY 763 1.640 0.2539 0.8409
1PJY 764 1.607 0.2727 0.8295
1PJY 765 1.822 0.2598 0.7841
1PJY 766 1.566 0.2921 0.8295
1PJY 767 1.624 0.2472 0.8295
1PJY 768 1.509 0.2618 0.8409
1PJY 769 1.489 0.2726 0.8523
1PJY 770 1.472 0.2770 0.8409
1PJY 771 1.528 0.2806 0.8409
1PJY 772 1.495 0.2734 0.8636
1PJY 773 1.587 0.2563 0.8182
1PJY 774 1.512 0.2704 0.8409
1PJY 775 1.621 0.2499 0.8068
1PJY 776 1.539 0.2620 0.8409
1PJY 777 1.607 0.2920 0.8182
1PJY 778 1.579 0.2544 0.8068
1PJY 779 1.573 0.2654 0.8068
1PJY 780 1.611 0.2498 0.8068
1PJY 781 1.738 0.2600 0.8182
1PJY 782 1.619 0.2882 0.8182
1PJY 783 1.504 0.2606 0.8409
1PJY 784 1.451 0.2607 0.8295
1PJY 785 1.555 0.2484 0.8295
1PJY 786 1.622 0.2585 0.8068
1PJY 787 1.502 0.2709 0.8295
1PJY 788 1.465 0.2974 0.8295
1PJY 789 1.581 0.2717 0.8068
1PJY 790 1.540 0.2489 0.8182
1PJY 791 1.653 0.2587 0.7955
1PJY 792 1.526 0.2796 0.8295
1PJY 793 1.462 0.2830 0.8523
1PJY 794 1.557 0.2770 0.8068
1PJY 795 1.756 0.2499 0.7727
1PJY 796 1.424 0.2769 0.8409
1PJY 797 1.378 0.3039 0.8523
1PJY 798 1.496 0.2757 0.8409
1PJY 799 1.398 0.2930 0.8523
1PJY 800 1.633 0.2547 0.8295
1PJY 801 1.781 0.2522 0.7955
1PJY 802 1.587 0.2456 0.8182
1PJY 803 1.458 0.2812 0.8636
1PJY 804 1.623 0.2685 0.8068
1PJY 805 1.555 0.2713 0.8409
1PJY 806 1.669 0.2642 0.8068
1PJY 807 1.691 0.2531 0.8068
1PJY 808 1.631 0.2587 0.8182
1PJY 809 1.512 0.2486 0.8409
1PJY 810 1.864 0.2421 0.7727
1PJY 811 1.601 0.2484 0.8182
1PJY 812 1.670 0.2613 0.8182
1PJY 813 1.553 0.2517 0.8182
1PJY 814 1.586 0.2550 0.8182
1PJY 815 1.618 0.2696 0.8068
1PJY 816 1.600 0.2685 0.8068
1PJY 817 1.821 0.2465 0.7841
1PJY 818 1.697 0.2699 0.8182
1PJY 819 1.584 0.2483 0.8068
1PJY 820 1.676 0.2691 0.8068
1PJY 821 1.626 0.2735 0.8068
1PJY 822 1.714 0.2478 0.8068
1PJY 823 1.630 0.2666 0.8068
1PJY 824 1.504 0.2726 0.8409
1PJY 825 1.534 0.2849 0.8523
1PJY 826 1.572 0.2890 0.8068
1PJY 827 1.775 0.2446 0.7727
1PJY 828 1.592 0.2594 0.8182
1PJY 829 1.563 0.2819 0.8295
1PJY 830 1.612 0.2706 0.8182
1PJY 831 1.817 0.2382 0.7955
1PJY 832 1.711 0.2382 0.7955
1PJY 833 1.780 0.2540 0.7955
1PJY 834 1.579 0.2678 0.8182
1PJY 835 1.667 0.2759 0.8182
1PJY 836 1.538 0.2775 0.8295
1PJY 837 1.624 0.2507 0.8068
1PJY 838 1.661 0.2453 0.8068
1PJY 839 1.559 0.2797 0.8409
1PJY 840 1.662 0.2549 0.7955
1PJY 841 1.602 0.2861 0.8182
1PJY 842 1.707 0.2611 0.7955
1PJY 843 1.694 0.2746 0.7841
1PJY 844 1.577 0.2561 0.8068
1PJY 845 1.657 0.2582 0.8068
1PJY 846 1.527 0.2583 0.8295
1PJY 847 1.458 0.2892 0.8295
1PJY 848 1.559 0.2612 0.8182
1PJY 849 1.625 0.2328 0.8182
1PJY 850 1.630 0.2780 0.7955
1PJY 851 1.698 0.2438 0.7955
1PJY 852 1.569 0.2715 0.8182
1PJY 853 1.629 0.2422 0.7955
1PJY 854 1.755 0.2335 0.7841
1PJY 855 1.843 0.2361 0.7841
1PJY 856 1.714 0.2657 0.8068
1PJY 857 1.466 0.2505 0.8182
1PJY 858 1.506 0.2670 0.8409
1PJY 859 1.550 0.2674 0.8295
1PJY 860 1.578 0.2509 0.8295
1PJY 861 1.461 0.2515 0.8295
1PJY 862 1.661 0.2559 0.8068
1PJY 863 1.555 0.2297 0.8068
1PJY 864 1.551 0.2899 0.8295
1PJY 865 1.640 0.2669 0.8068
1PJY 866 1.537 0.2638 0.8295
1PJY 867 1.575 0.2652 0.8182
1PJY 868 1.582 0.2530 0.8295
1PJY 869 1.696 0.2568 0.8295
1PJY 870 1.747 0.2316 0.7841
1PJY 871 1.453 0.2821 0.8409
1PJY 872 1.593 0.2363 0.8068
1PJY 873 1.693 0.2754 0.8068
1PJY 874 1.907 0.2724 0.7727
1PJY 875 1.803 0.2322 0.7955
1PJY 876 1.708 0.2569 0.8068
1PJY 877 1.559 0.2593 0.8295
1PJY 878 1.409 0.2677 0.8409
1PJY 879 1.569 0.2496 0.8295
1PJY 880 1.534 0.2828 0.8182
1PJY 881 1.735 0.2394 0.8068
1PJY 882 1.813 0.2263 0.7727
1PJY 883 1.726 0.2390 0.7955
1PJY 884 1.450 0.2828 0.8523
1PJY 885 1.628 0.2698 0.8182
1PJY 886 1.566 0.2667 0.8295
1PJY 887 1.755 0.2391 0.7955
1PJY 888 1.860 0.2272 0.7614
1PJY 889 1.476 0.2605 0.8409
1PJY 890 1.679 0.2541 0.8295
1PJY 891 1.795 0.2734 0.7955
1PJY 892 1.494 0.2899 0.8523
1PJY 893 1.700 0.2704 0.7955
1PJY 894 1.609 0.2539 0.8068
1PJY 895 1.598 0.2882 0.8068
1PJY 896 1.710 0.2353 0.7841
1PJY 897 1.875 0.2308 0.7727
1PJY 898 2.052 0.2277 0.7500
1PJY 899 1.816 0.2225 0.7841
1PJY 900 1.728 0.2232 0.7841
1PJY 901 1.898 0.2006 0.7500
1PJY 902 1.670 0.2244 0.7727
1PJY 903 1.788 0.2182 0.7614
1PJY 904 1.850 0.2234 0.7727
1PJY 905 1.754 0.2311 0.7955
1PJY 906 1.599 0.2452 0.8068
1PJY 907 1.675 0.2627 0.8068
1PJY 908 1.757 0.2347 0.7727
1PJY 909 1.784 0.2439 0.7841
1PJY 910 2.043 0.2081 0.7614
1PJY 911 1.906 0.2295 0.7614
1PJY 912 1.635 0.2398 0.8068
1PJY 913 1.723 0.2690 0.7841
1PJY 914 1.741 0.2446 0.7955
1PJY 915 1.863 0.2306 0.7727
1PJY 916 1.737 0.2500 0.7955
1PJY 917 1.717 0.2398 0.7955
1PJY 918 1.754 0.2416 0.7955
1PJY 919 1.820 0.2472 0.7841
1PJY 920 1.808 0.2403 0.7841
1PJY 921 1.814 0.2537 0.7841
1PJY 922 1.819 0.2144 0.7614
1PJY 923 1.793 0.2334 0.7727
1PJY 924 1.696 0.2626 0.8068
1PJY 925 1.634 0.2701 0.7955
1PJY 926 1.758 0.2244 0.7727
1PJY 927 1.806 0.2295 0.7841
1PJY 928 1.807 0.2231 0.7841
1PJY 929 1.834 0.2360 0.7841
1PJY 930 1.596 0.2603 0.8068
1PJY 931 1.626 0.2592 0.7955
1PJY 932 1.732 0.2372 0.7841
1PJY 933 1.709 0.2520 0.7955
1PJY 934 1.798 0.2478 0.7841
1PJY 935 1.644 0.2386 0.7841
1PJY 936 1.854 0.2222 0.7727
1PJY 937 1.644 0.2273 0.7841
1PJY 938 1.764 0.2206 0.7841
1PJY 939 1.749 0.2142 0.7841
1PJY 940 1.656 0.2510 0.8068
1PJY 941 1.737 0.2210 0.7955
1PJY 942 1.888 0.2196 0.7614
1PJY 943 1.743 0.2321 0.7614
1PJY 944 1.748 0.2300 0.7841
1PJY 945 1.717 0.2397 0.7727
1PJY 946 1.828 0.2294 0.7955
1PJY 947 1.751 0.2381 0.7727
1PJY 948 1.710 0.2529 0.7955
1PJY 949 1.758 0.2327 0.7955
1PJY 950 1.605 0.2498 0.8182
1PJY 951 1.673 0.2371 0.7841
1PJY 952 1.805 0.2367 0.7614
1PJY 953 1.720 0.2619 0.7841
1PJY 954 1.743 0.2321 0.8068
1PJY 955 2.045 0.2263 0.7614
1PJY 956 1.743 0.2385 0.7727
1PJY 957 1.817 0.2184 0.7727
1PJY 958 1.894 0.2215 0.7614
1PJY 959 1.730 0.2520 0.7841
1PJY 960 2.150 0.2352 0.7614
1PJY 961 1.888 0.2362 0.7727
1PJY 962 1.812 0.2262 0.7727
1PJY 963 1.971 0.2346 0.7500
1PJY 964 1.774 0.2329 0.7841
1PJY 965 1.791 0.2420 0.7841
1PJY 966 1.641 0.2362 0.7955
1PJY 967 1.872 0.2104 0.7500
1PJY 968 1.943 0.2227 0.7614
1PJY 969 1.745 0.2151 0.7727
1PJY 970 1.720 0.2389 0.7955
1PJY 971 1.776 0.2423 0.7955
1PJY 972 1.701 0.2505 0.7955
1PJY 973 1.675 0.2431 0.7955
1PJY 974 1.588 0.2395 0.7955
1PJY 975 1.603 0.2537 0.8068
1PJY 976 1.921 0.2324 0.7614
1PJY 977 1.699 0.2779 0.8068
1PJY 978 1.541 0.2818 0.8295
1PJY 979 1.695 0.2405 0.8068
1PJY 980 1.777 0.2360 0.7955
1PJY 981 1.769 0.2582 0.8068
1PJY 982 1.659 0.2306 0.8182
1PJY 983 1.812 0.2299 0.7614
1PJY 984 1.738 0.2558 0.7955
1PJY 985 1.646 0.2580 0.7955
1PJY 986 1.696 0.2495 0.7955
1PJY 987 1.827 0.2398 0.7955
1PJY 988 1.874 0.2500 0.7727
1PJY 989 1.642 0.2426 0.7955
1PJY 990 1.714 0.2712 0.8182
1PJY 991 1.539 0.2631 0.8295
1PJY 992 1.717 0.2705 0.7955
1PJY 993 1.894 0.2182 0.7614
1PJY 994 1.691 0.2442 0.7841
1PJY 995 1.598 0.2409 0.8295
1PJY 996 1.793 0.2489 0.7614
1PJY 997 1.734 0.2290 0.7841
1PJY 998 1.632 0.2353 0.7841
1PJY 999 1.885 0.2339 0.7614
1PJY 1000 1.578 0.2480 0.8068
1PJY 1001 1.785 0.2279 0.7841
1PJY 1002 1.826 0.2266 0.7841
1PJY 1003 1.981 0.2265 0.7727
1PJY 1004 1.600 0.2480 0.8068
1PJY 1005 1.736 0.2492 0.7841
1PJY 1006 1.760 0.2403 0.8068
1PJY 1007 1.675 0.2595 0.7955
1PJY 1008 1.607 0.2430 0.7955
1PJY 1009 1.521 0.2735 0.8295
1PJY 1010 1.764 0.2341 0.7955
1PJY 1011 1.654 0.2634 0.7955
1PJY 1012 1.972 0.2212 0.7614
1PJY 1013 1.844 0.2111 0.7727
1PJY 1014 1.823 0.2578 0.7841
1PJY 1015 1.550 0.2539 0.8182
1PJY 1016 1.786 0.2227 0.7841
1PJY 1017 1.793 0.2629 0.7727
1PJY 1018 1.754 0.2527 0.7841
1PJY 1019 1.734 0.2818 0.7955
1PJY 1020 1.791 0.2259 0.7727
1PJY 1021 1.738 0.2484 0.7955
1PJY 1022 1.567 0.2685 0.8295
1PJY 1023 1.754 0.2643 0.7841
1PJY 1024 1.751 0.2533 0.7841
1PJY 1025 1.911 0.2402 0.7841
1PJY 1026 1.725 0.2394 0.7955
1PJY 1027 1.611 0.2631 0.8182
1PJY 1028 1.754 0.2462 0.7727
1PJY 1029 1.732 0.2414 0.8068
1PJY 1030 1.608 0.2500 0.8295
1PJY 1031 1.832 0.2187 0.7955
1PJY 1032 1.728 0.2247 0.7955
1PJY 1033 1.828 0.2363 0.7727
1PJY 1034 1.759 0.2332 0.7955
1PJY 1035 1.888 0.2229 0.7841
1PJY 1036 1.706 0.2419 0.8295
1PJY 1037 1.588 0.2425 0.8068
1PJY 1038 1.577 0.2522 0.8295
1PJY 1039 1.740 0.2157 0.7955
1PJY 1040 1.924 0.2462 0.7727
1PJY 1041 1.633 0.2159 0.7955
1PJY 1042 1.970 0.2311 0.7727
1PJY 1043 2.158 0.2227 0.7500
1PJY 1044 1.948 0.2104 0.7614
1PJY 1045 1.758 0.2619 0.7841
1PJY 1046 1.776 0.2080 0.7727
1PJY 1047 1.950 0.2220 0.7727
1PJY 1048 1.645 0.2409 0.8068
1PJY 1049 1.488 0.2568 0.8409
1PJY 1050 1.678 0.2358 0.7955
1PJY 1051 1.674 0.2347 0.7841
1PJY 1052 1.884 0.2209 0.7727
1PJY 1053 2.081 0.2206 0.7614
1PJY 1054 1.773 0.2653 0.7955
1PJY 1055 1.758 0.2283 0.7841
1PJY 1056 1.772 0.2508 0.7841
1PJY 1057 1.936 0.2405 0.7500
1PJY 1058 1.871 0.2263 0.7727
1PJY 1059 1.641 0.2381 0.7955
1PJY 1060 1.556 0.2376 0.8182
1PJY 1061 1.686 0.2504 0.7955
1PJY 1062 1.760 0.2467 0.7955
1PJY 1063 1.809 0.2277 0.7955
1PJY 1064 1.862 0.2422 0.7614
1PJY 1065 1.605 0.2285 0.8068
1PJY 1066 1.777 0.2387 0.7841
1PJY 1067 1.793 0.2203 0.7614
1PJY 1068 1.933 0.2237 0.7500
1PJY 1069 1.669 0.2247 0.7955
1PJY 1070 1.776 0.2357 0.7841
1PJY 1071 1.867 0.2420 0.7614
1PJY 1072 1.865 0.2195 0.7614
1PJY 1073 1.619 0.2192 0.8182
1PJY 1074 1.780 0.2452 0.7841
1PJY 1075 1.912 0.2753 0.7841
1PJY 1076 1.610 0.2576 0.8182
1PJY 1077 1.532 0.2435 0.8068
1PJY 1078 1.676 0.2361 0.7955
1PJY 1079 1.446 0.2734 0.8409
1PJY 1080 1.469 0.2483 0.8295
1PJY 1081 1.516 0.2719 0.8068
1PJY 1082 1.544 0.2448 0.8182
1PJY 1083 1.571 0.2708 0.8182
1PJY 1084 1.544 0.2739 0.8182
1PJY 1085 1.644 0.2413 0.8068
1PJY 1086 1.553 0.2720 0.8295
1PJY 1087 1.870 0.2428 0.7614
1PJY 1088 1.621 0.2657 0.7955
1PJY 1089 1.807 0.2346 0.7727
1PJY 1090 1.840 0.2872 0.7955
1PJY 1091 1.697 0.2710 0.8068
1PJY 1092 1.690 0.3129 0.8068
1PJY 1093 1.735 0.2745 0.7955
1PJY 1094 1.877 0.2466 0.7841
1PJY 1095 1.677 0.2539 0.7955
1PJY 1096 1.740 0.2452 0.7955
1PJY 1097 1.475 0.2847 0.8068
1PJY 1098 1.387 0.2966 0.8636
1PJY 1099 1.757 0.2649 0.8068
1PJY 1100 1.562 0.2674 0.8068
1PJY 1101 1.706 0.2338 0.7955
1PJY 1102 1.683 0.2310 0.7955
1PJY 1103 1.766 0.2163 0.7841
1PJY 1104 1.646 0.2343 0.8182
1PJY 1105 1.603 0.2344 0.8068
1PJY 1106 1.597 0.2205 0.8182
1PJY 1107 1.752 0.2072 0.7841
1PJY 1108 1.890 0.2221 0.7841
1PJY 1109 1.828 0.2212 0.7727
1PJY 1110 2.042 0.2031 0.7614
1PJY 1111 1.834 0.2313 0.7841
1PJY 1112 1.740 0.2220 0.7841
1PJY 1113 1.485 0.2298 0.8182
1PJY 1114 1.730 0.2344 0.7955
1PJY 1115 1.859 0.2106 0.7614
1PJY 1116 1.847 0.2567 0.8182
1PJY 1117 1.686 0.2232 0.8182
1PJY 1118 1.685 0.2263 0.8068
1PJY 1119 1.689 0.2230 0.8068
1PJY 1120 1.772 0.2254 0.7955
1PJY 1121 1.747 0.2318 0.7727
1PJY 1122 1.601 0.2210 0.8068
1PJY 1123 1.560 0.2299 0.8182
1PJY 1124 1.811 0.2265 0.7727
1PJY 1125 1.947 0.2199 0.7614
1PJY 1126 1.732 0.2498 0.7841
1PJY 1127 2.000 0.2135 0.7841
1PJY 1128 1.973 0.2184 0.7727
1PJY 1129 1.670 0.2221 0.7841
1PJY 1130 1.440 0.2700 0.8295
1PJY 1131 1.623 0.2344 0.7841
1PJY 1132 1.687 0.2821 0.8068
1PJY 1133 1.962 0.2215 0.7614
1PJY 1134 1.588 0.2523 0.8182
1PJY 1135 1.567 0.2608 0.8182
1PJY 1136 1.660 0.2201 0.8182
1PJY 1137 1.842 0.2354 0.7841
1PJY 1138 1.819 0.2375 0.7727
1PJY 1139 1.489 0.2409 0.8295
1PJY 1140 1.639 0.2262 0.8182
1PJY 1141 1.740 0.2491 0.8182
1PJY 1142 1.676 0.2443 0.8068
1PJY 1143 1.584 0.2791 0.8182
1PJY 1144 1.570 0.2460 0.8068
1PJY 1145 1.689 0.2185 0.7955
1PJY 1146 1.676 0.2259 0.7841
1PJY 1147 1.630 0.2465 0.8068
1PJY 1148 1.477 0.2393 0.8182
1PJY 1149 1.627 0.2336 0.7955
1PJY 1150 1.595 0.2542 0.7955
1PJY 1151 1.721 0.2217 0.8068
1PJY 1152 1.686 0.2608 0.8068
1PJY 1153 1.684 0.2501 0.8182
1PJY 1154 1.783 0.2158 0.7727
1PJY 1155 1.698 0.2144 0.7955
1PJY 1156 1.942 0.2172 0.7614
1PJY 1157 1.696 0.2466 0.8182
1PJY 1158 1.711 0.2529 0.8068
1PJY 1159 1.636 0.2464 0.8068
1PJY 1160 1.661 0.2998 0.7955
1PJY 1161 1.702 0.2437 0.7955
1PJY 1162 1.723 0.2348 0.7955
1PJY 1163 1.708 0.2709 0.8182
1PJY 1164 1.921 0.2455 0.7841
1PJY 1165 1.766 0.2830 0.8068
1PJY 1166 1.960 0.1979 0.7500
1PJY 1167 1.825 0.2479 0.7614
1PJY 1168 1.896 0.2162 0.7614
1PJY 1169 1.984 0.2494 0.7955
1PJY 1170 1.722 0.2242 0.7841
1PJY 1171 1.871 0.2201 0.7727
1PJY 1172 1.783 0.2391 0.7614
1PJY 1173 1.731 0.2502 0.7955
1PJY 1174 1.668 0.2266 0.7727
1PJY 1175 1.539 0.2537 0.8295
1PJY 1176 1.780 0.2392 0.8068
1PJY 1177 1.639 0.2745 0.8295
1PJY 1178 1.752 0.2539 0.8068
1PJY 1179 1.598 0.2475 0.8295
1PJY 1180 1.816 0.2386 0.7841
1PJY 1181 1.772 0.2231 0.7841
1PJY 1182 1.544 0.2493 0.8182
1PJY 1183 1.440 0.3041 0.8409
1PJY 1184 1.560 0.2397 0.8295
1PJY 1185 1.783 0.2300 0.7841
1PJY 1186 1.916 0.2505 0.7955
1PJY 1187 1.986 0.2414 0.7955
1PJY 1188 1.634 0.2585 0.8182
1PJY 1189 1.866 0.2408 0.7841
1PJY 1190 1.693 0.2406 0.7955
1PJY 1191 1.934 0.2284 0.7841
1PJY 1192 1.985 0.2085 0.7727
1PJY 1193 1.939 0.2179 0.7727
1PJY 1194 2.003 0.2256 0.7614
1PJY 1195 1.886 0.2724 0.7841
1PJY 1196 1.828 0.2136 0.7841
1PJY 1197 1.722 0.2432 0.7955
1PJY 1198 1.958 0.2205 0.7841
1PJY 1199 1.883 0.2727 0.7955
1PJY 1200 1.841 0.2532 0.7955
1PJY 1201 1.743 0.2401 0.7955
1PJY 1202 1.679 0.2508 0.8068
1PJY 1203 1.734 0.2407 0.7955
1PJY 1204 1.675 0.2572 0.8295
1PJY 1205 1.516 0.2740 0.8295
1PJY 1206 1.690 0.2205 0.7955
1PJY 1207 1.737 0.2454 0.8068
1PJY 1208 1.801 0.2439 0.7614
1PJY 1209 1.559 0.2774 0.8295
1PJY 1210 1.661 0.2523 0.7955
1PJY 1211 1.705 0.2135 0.7955
1PJY 1212 1.761 0.2270 0.7841
1PJY 1213 1.791 0.2396 0.7727
1PJY 1214 1.781 0.2437 0.7841
1PJY 1215 1.844 0.2359 0.7955
1PJY 1216 1.819 0.2574 0.7841
1PJY 1217 1.687 0.2569 0.7955
1PJY 1218 1.602 0.2891 0.8295
1PJY 1219 2.000 0.2508 0.7727
1PJY 1220 1.464 0.2858 0.8523
1PJY 1221 1.820 0.2612 0.7955
1PJY 1222 2.016 0.2282 0.7614
1PJY 1223 1.614 0.2490 0.8182
1PJY 1224 1.571 0.2719 0.8182
1PJY 1225 1.639 0.2933 0.8295
1PJY 1226 1.960 0.2219 0.7727
1PJY 1227 1.415 0.2405 0.8068
1PJY 1228 1.520 0.3001 0.8295
1PJY 1229 1.942 0.2084 0.7727
1PJY 1230 1.649 0.2544 0.7955
1PJY 1231 1.761 0.2819 0.7955
1PJY 1232 1.717 0.2264 0.8068
1PJY 1233 1.597 0.2658 0.8182
1PJY 1234 1.770 0.2339 0.7955
1PJY 1235 1.844 0.2508 0.7841
1PJY 1236 1.656 0.2230 0.7841
1PJY 1237 1.953 0.1994 0.7500
1PJY 1238 1.914 0.2331 0.7614
1PJY 1239 1.852 0.2453 0.7727
1PJY 1240 1.961 0.2408 0.7841
1PJY 1241 1.683 0.2417 0.7955
1PJY 1242 1.607 0.2768 0.8182
1PJY 1243 1.404 0.2611 0.8295
1PJY 1244 1.784 0.2414 0.7955
1PJY 1245 1.767 0.2541 0.7955
1PJY 1246 1.715 0.2420 0.8068
1PJY 1247 2.065 0.1996 0.7841
1PJY 1248 1.832 0.2131 0.7727
1PJY 1249 1.739 0.2319 0.8068
1PJY 1250 2.121 0.2250 0.7727
1PJY 1251 1.853 0.2493 0.7955
1PJY 1252 1.623 0.2529 0.8182
1PJY 1253 1.373 0.2652 0.8295
1PJY 1254 1.534 0.2370 0.8182
1PJY 1255 1.619 0.2848 0.8068
1PJY 1256 1.670 0.2359 0.7841
1PJY 1257 1.737 0.2455 0.8068
1PJY 1258 1.831 0.2353 0.7841
1PJY 1259 1.568 0.2751 0.8636
1PJY 1260 1.901 0.2545 0.7955
1PJY 1261 1.577 0.2310 0.8068
1PJY 1262 1.730 0.2265 0.7955
1PJY 1263 1.735 0.2633 0.7841
1PJY 1264 1.685 0.2557 0.8182
1PJY 1265 1.941 0.2676 0.8068
1PJY 1266 1.760 0.2246 0.7841
1PJY 1267 1.461 0.3069 0.8523
1PJY 1268 1.667 0.2996 0.7841
1PJY 1269 1.823 0.2405 0.7955
1PJY 1270 1.545 0.2931 0.8068
1PJY 1271 1.982 0.2307 0.7955
1PJY 1272 1.726 0.2378 0.7955
1PJY 1273 1.664 0.2812 0.8068
1PJY 1274 1.817 0.2484 0.7955
1PJY 1275 1.882 0.2428 0.7841
1PJY 1276 1.676 0.3273 0.8409
1PJY 1277 1.792 0.2225 0.7841
1PJY 1278 1.851 0.2729 0.7955
1PJY 1279 1.773 0.2881 0.8295
1PJY 1280 1.923 0.2596 0.7614
1PJY 1281 1.877 0.2605 0.7841
1PJY 1282 1.824 0.2538 0.8068
1PJY 1283 1.776 0.2346 0.8295
1PJY 1284 1.918 0.2552 0.7727
1PJY 1285 1.932 0.2421 0.7727
1PJY 1286 1.895 0.2465 0.7727
1PJY 1287 1.827 0.2448 0.7841
1PJY 1288 1.791 0.2652 0.8068
1PJY 1289 2.095 0.2313 0.7614
1PJY 1290 1.972 0.2150 0.7841
1PJY 1291 2.191 0.2051 0.7386
1PJY 1292 1.592 0.2689 0.8409
1PJY 1293 1.523 0.3034 0.8409
1PJY 1294 1.632 0.2548 0.8182
1PJY 1295 1.737 0.2470 0.8068
1PJY 1296 2.025 0.2475 0.7841
1PJY 1297 1.909 0.2219 0.7614
1PJY 1298 1.795 0.2293 0.7841
1PJY 1299 1.860 0.2658 0.7841
1PJY 1300 1.617 0.2779 0.7955
1PJY 1301 1.677 0.2535 0.7955
1PJY 1302 1.629 0.2838 0.8295
1PJY 1303 1.585 0.2857 0.8295
1PJY 1304 1.838 0.2271 0.7614
1PJY 1305 1.751 0.2237 0.7955
1PJY 1306 1.615 0.2843 0.8295
1PJY 1307 1.978 0.2191 0.7614
1PJY 1308 1.860 0.2589 0.7727
1PJY 1309 1.643 0.2895 0.8068
1PJY 1310 2.025 0.2737 0.7727
1PJY 1311 1.938 0.2321 0.7841
1PJY 1312 1.902 0.2531 0.7841
1PJY 1313 1.947 0.2507 0.7841
1PJY 1314 1.951 0.2513 0.7727
1PJY 1315 1.724 0.2816 0.8295
1PJY 1316 1.852 0.2304 0.7955
1PJY 1317 1.785 0.2565 0.8182
1PJY 1318 1.773 0.2611 0.7955
1PJY 1319 1.680 0.2555 0.8295
1PJY 1320 1.847 0.2385 0.7727
1PJY 1321 1.693 0.2975 0.7955
1PJY 1322 1.874 0.2462 0.8068
1PJY 1323 1.799 0.2370 0.7727
1PJY 1324 1.757 0.2291 0.8068
1PJY 1325 1.466 0.2886 0.8523
1PJY 1326 1.618 0.2631 0.8068
1PJY 1327 1.770 0.2633 0.7955
1PJY 1328 1.833 0.2919 0.7955
1PJY 1329 1.680 0.2490 0.7955
1PJY 1330 1.484 0.2731 0.8523
1PJY 1331 1.375 0.2867 0.8636
1PJY 1332 1.603 0.2546 0.8182
1PJY 1333 1.461 0.2949 0.8409
1PJY 1334 1.782 0.2600 0.8068
1PJY 1335 1.623 0.2653 0.8295
1PJY 1336 1.347 0.2628 0.8523
1PJY 1337 1.509 0.3418 0.8636
1PJY 1338 1.714 0.2758 0.8068
1PJY 1339 1.646 0.2745 0.8182
1PJY 1340 1.736 0.2339 0.7841
1PJY 1341 1.782 0.2905 0.8295
1PJY 1342 1.762 0.2388 0.8182
1PJY 1343 1.474 0.2880 0.8295
1PJY 1344 1.856 0.2448 0.7614
1PJY 1345 1.880 0.2294 0.7955
1PJY 1346 2.004 0.2228 0.7727
1PJY 1347 2.075 0.2152 0.7614
1PJY 1348 2.014 0.2393 0.7727
1PJY 1349 1.724 0.2710 0.8182
1PJY 1350 1.746 0.2511 0.7955
1PJY 1351 1.582 0.2348 0.8068
1PJY 1352 1.946 0.2560 0.7727
1PJY 1353 1.956 0.2202 0.7841
1PJY 1354 1.338 0.3059 0.8523
1PJY 1355 1.974 0.2039 0.7841
1PJY 1356 1.815 0.2109 0.7841
1PJY 1357 1.809 0.2501 0.8182
1PJY 1358 1.740 0.2357 0.8182
1PJY 1359 1.474 0.2661 0.8295
1PJY 1360 1.661 0.2525 0.7955
1PJY 1361 1.653 0.2271 0.8068
1PJY 1362 1.683 0.2678 0.8182
1PJY 1363 1.888 0.2671 0.7955
1PJY 1364 1.782 0.2620 0.8068
1PJY 1365 1.543 0.2344 0.8295
1PJY 1366 1.649 0.2704 0.8182
1PJY 1367 1.797 0.2516 0.7841
1PJY 1368 1.775 0.2270 0.7727
1PJY 1369 1.832 0.2574 0.7727
1PJY 1370 1.692 0.2591 0.8068
1PJY 1371 1.736 0.2597 0.7955
1PJY 1372 1.536 0.2770 0.8068
1PJY 1373 1.472 0.3038 0.8295
1PJY 1374 1.907 0.2541 0.7727
1PJY 1375 1.955 0.2218 0.7841
1PJY 1376 1.467 0.2459 0.8295
1PJY 1377 1.746 0.2425 0.7727
1PJY 1378 2.011 0.2225 0.7841
1PJY 1379 1.471 0.2749 0.8182
1PJY 1380 1.750 0.2327 0.7955
1PJY 1381 1.794 0.2801 0.7841
1PJY 1382 1.879 0.2620 0.7955
1PJY 1383 1.911 0.2234 0.7841
1PJY 1384 1.875 0.2501 0.7841
1PJY 1385 1.596 0.3071 0.8295
1PJY 1386 1.791 0.2544 0.8068
1PJY 1387 1.669 0.2529 0.8295
1PJY 1388 1.749 0.3041 0.8409
1PJY 1389 1.912 0.3040 0.8068
1PJY 1390 1.955 0.2895 0.8068
1PJY 1391 1.831 0.2721 0.8295
1PJY 1392 1.843 0.2439 0.7955
1PJY 1393 2.107 0.2849 0.7955
1PJY 1394 1.974 0.2819 0.8068
1PJY 1395 1.689 0.2417 0.7841
1PJY 1396 1.630 0.2524 0.8068
1PJY 1397 1.945 0.2615 0.7841
1PJY 1398 1.748 0.2062 0.7614
1PJY 1399 1.879 0.2514 0.7841
1PJY 1400 2.139 0.2247 0.7614
1PJY 1401 2.041 0.2450 0.7841
1PJY 1402 1.717 0.2609 0.7727
1PJY 1403 1.589 0.3067 0.8295
1PJY 1404 2.120 0.2217 0.7614
1PJY 1405 1.935 0.2748 0.7955
1PJY 1406 1.810 0.2786 0.7955
1PJY 1407 2.118 0.1939 0.7614
1PJY 1408 2.202 0.2100 0.7727
1PJY 1409 1.752 0.2348 0.7955
1PJY 1410 2.258 0.2566 0.7727
1PJY 1411 1.967 0.2378 0.7727
1PJY 1412 1.951 0.2683 0.8295
1PJY 1413 2.270 0.2178 0.7386
1PJY 1414 1.864 0.2520 0.7955
1PJY 1415 1.738 0.2609 0.8409
1PJY 1416 1.991 0.2307 0.7386
1PJY 1417 2.102 0.2909 0.7727
1PJY 1418 1.686 0.2825 0.8409
1PJY 1419 1.837 0.2517 0.7727
1PJY 1420 1.756 0.2121 0.7841
1PJY 1421 2.058 0.2486 0.7955
1PJY 1422 1.791 0.2464 0.7841
1PJY 1423 1.665 0.2494 0.8068
1PJY 1424 2.112 0.2595 0.8068
1PJY 1425 1.911 0.2878 0.8068
1PJY 1426 2.112 0.2487 0.7955
1PJY 1427 1.957 0.2747 0.7955
1PJY 1428 2.151 0.2714 0.7727
1PJY 1429 1.969 0.2150 0.7955
1PJY 1430 1.838 0.2522 0.8182
1PJY 1431 2.100 0.2209 0.7614
1PJY 1432 1.814 0.2401 0.7955
1PJY 1433 1.688 0.2810 0.8409
1PJY 1434 2.095 0.2839 0.7955
1PJY 1435 1.846 0.3094 0.8182
1PJY 1436 1.879 0.2312 0.7955
1PJY 1437 1.966 0.2553 0.8182
1PJY 1438 1.591 0.3094 0.8523
1PJY 1439 1.770 0.2774 0.8409
1PJY 1440 1.908 0.2507 0.8182
1PJY 1441 1.793 0.3094 0.8295
1PJY 1442 1.780 0.2829 0.8295
1PJY 1443 1.500 0.3122 0.8409
1PJY 1444 1.952 0.2172 0.7614
1PJY 1445 2.133 0.2620 0.7614
1PJY 1446 2.022 0.2640 0.7955
1PJY 1447 1.808 0.2441 0.7955
1PJY 1448 1.763 0.2291 0.7727
1PJY 1449 2.166 0.1991 0.7614
1PJY 1450 1.656 0.2674 0.8182
1PJY 1451 1.906 0.2437 0.8068
1PJY 1452 1.815 0.2376 0.7955
1PJY 1453 1.629 0.2399 0.8182
1PJY 1454 1.943 0.2385 0.7841
1PJY 1455 2.095 0.2631 0.7841
1PJY 1456 1.827 0.2340 0.7841
1PJY 1457 1.653 0.2748 0.8182
1PJY 1458 1.715 0.2420 0.7955
1PJY 1459 1.940 0.2960 0.7955
1PJY 1460 1.918 0.2067 0.7841
1PJY 1461 1.995 0.2896 0.7955
1PJY 1462 1.783 0.2909 0.8409
1PJY 1463 1.927 0.2471 0.8068
1PJY 1464 2.096 0.2543 0.7614
1PJY 1465 2.029 0.2252 0.7841
1PJY 1466 2.207 0.1919 0.7500
1PJY 1467 1.900 0.2604 0.8182
1PJY 1468 1.949 0.2669 0.7955
1PJY 1469 1.832 0.2151 0.7727
1PJY 1470 1.984 0.2536 0.7727
1PJY 1471 1.807 0.2580 0.8068
1PJY 1472 2.455 0.2074 0.7045
1PJY 1473 2.090 0.2453 0.7727
1PJY 1474 1.841 0.2828 0.8068
1PJY 1475 2.098 0.2369 0.7614
1PJY 1476 1.807 0.2387 0.7955
1PJY 1477 2.001 0.2687 0.7841
1PJY 1478 1.793 0.2544 0.8068
1PJY 1479 2.023 0.2321 0.7727
1PJY 1480 1.921 0.2226 0.7614
1PJY 1481 1.976 0.2191 0.7841
1PJY 1482 1.782 0.2456 0.7955
1PJY 1483 2.050 0.2420 0.7841
1PJY 1484 1.753 0.2202 0.7841
1PJY 1485 1.722 0.2584 0.8068
1PJY 1486 1.988 0.2276 0.7841
1PJY 1487 1.948 0.2427 0.7727
1PJY 1488 1.989 0.2386 0.7614
1PJY 1489 1.698 0.2762 0.8295
1PJY 1490 1.752 0.2586 0.8182
1PJY 1491 1.823 0.2577 0.8068
1PJY 1492 1.968 0.2231 0.7614
1PJY 1493 2.113 0.2662 0.7727
1PJY 1494 1.771 0.2779 0.7955
1PJY 1495 1.705 0.2502 0.8409
1PJY 1496 1.620 0.2705 0.8182
1PJY 1497 1.728 0.2452 0.8182
1PJY 1498 1.833 0.2642 0.8068
1PJY 1499 1.599 0.2817 0.8182
1PJY 1500 1.730 0.2547 0.7955
1PJY 1501 1.982 0.2040 0.7500
1PJY 1502 1.896 0.2442 0.8068
1PJY 1503 1.833 0.2532 0.7841
1PJY 1504 1.928 0.2586 0.8068
1PJY 1505 2.157 0.2433 0.7273
1PJY 1506 1.685 0.2337 0.8182
1PJY 1507 1.483 0.2374 0.7955
1PJY 1508 1.658 0.2275 0.7955
1PJY 1509 1.688 0.2302 0.8182
1PJY 1510 1.830 0.2494 0.7955
1PJY 1511 1.676 0.2418 0.7955
1PJY 1512 1.760 0.2585 0.8068
1PJY 1513 2.093 0.2528 0.7727
1PJY 1514 1.517 0.2574 0.8182
1PJY 1515 1.926 0.2204 0.7841
1PJY 1516 1.960 0.2900 0.7955
1PJY 1517 1.643 0.2723 0.8409
1PJY 1518 1.768 0.2733 0.7955
1PJY 1519 1.989 0.2278 0.7955
1PJY 1520 2.015 0.2670 0.7955
1PJY 1521 2.051 0.2281 0.7614
1PJY 1522 1.814 0.2927 0.7955
1PJY 1523 1.927 0.2208 0.7614
1PJY 1524 1.935 0.2718 0.7841
1PJY 1525 1.795 0.2180 0.7614
1PJY 1526 1.722 0.2391 0.8182
1PJY 1527 1.707 0.2606 0.8182
1PJY 1528 1.761 0.2332 0.7614
1PJY 1529 1.792 0.2722 0.8182
1PJY 1530 1.529 0.2802 0.8409
1PJY 1531 1.676 0.3437 0.8636
1PJY 1532 1.946 0.2336 0.7841
1PJY 1533 2.015 0.2119 0.7727
1PJY 1534 1.943 0.2673 0.8182
1PJY 1535 1.814 0.2713 0.7955
1PJY 1536 1.871 0.2404 0.7841
1PJY 1537 1.925 0.2477 0.7955
1PJY 1538 1.717 0.2771 0.7955
1PJY 1539 1.751 0.2269 0.7727
1PJY 1540 1.847 0.2461 0.7614
1PJY 1541 2.147 0.2015 0.7500
1PJY 1542 1.778 0.2250 0.7841
1PJY 1543 1.914 0.1924 0.7614
1PJY 1544 1.914 0.2055 0.7614
1PJY 1545 1.831 0.2935 0.8409
1PJY 1546 2.028 0.2246 0.7614
1PJY 1547 2.151 0.2392 0.7614
1PJY 1548 2.181 0.2447 0.7841
1PJY 1549 1.930 0.2172 0.7614
1PJY 1550 1.905 0.2924 0.7841
1PJY 1551 1.837 0.2455 0.8068
1PJY 1552 1.788 0.2348 0.7841
1PJY 1553 2.096 0.2473 0.7614
1PJY 1554 2.000 0.2222 0.7500
1PJY 1555 1.866 0.2546 0.7841
1PJY 1556 1.718 0.2372 0.8068
1PJY 1557 1.693 0.2487 0.8295
1PJY 1558 1.253 0.3151 0.8864
1PJY 1559 1.499 0.2475 0.8295
1PJY 1560 1.667 0.2229 0.8182
1PJY 1561 1.631 0.2235 0.7955
1PJY 1562 2.003 0.2744 0.7841
1PJY 1563 2.001 0.2351 0.7841
1PJY 1564 1.397 0.3346 0.8750
1PJY 1565 1.216 0.2896 0.8750
1PJY 1566 1.977 0.2496 0.7727
1PJY 1567 1.713 0.2751 0.8409
1PJY 1568 1.547 0.2634 0.8409
1PJY 1569 1.824 0.2251 0.7727
1PJY 1570 1.628 0.2297 0.7955
1PJY 1571 1.994 0.2601 0.7841
1PJY 1572 2.001 0.2455 0.7614
1PJY 1573 1.577 0.2386 0.8068
1PJY 1574 2.270 0.2745 0.7955
1PJY 1575 2.681 0.2452 0.7614
1PJY 1576 2.224 0.2292 0.7955
1PJY 1577 1.563 0.2394 0.8295
1PJY 1578 2.056 0.2162 0.7386
1PJY 1579 1.970 0.2642 0.7955
1PJY 1580 1.910 0.2429 0.7841
1PJY 1581 1.664 0.2312 0.8068
1PJY 1582 1.677 0.2099 0.7841
1PJY 1583 1.868 0.1997 0.7614
1PJY 1584 1.652 0.2570 0.8068
1PJY 1585 1.949 0.2279 0.7727
1PJY 1586 1.780 0.3048 0.8068
1PJY 1587 1.434 0.2739 0.8409
1PJY 1588 1.753 0.2355 0.7955
1PJY 1589 2.032 0.2175 0.7727
1PJY 1590 1.983 0.2198 0.7727
1PJY 1591 1.720 0.2407 0.7727
1PJY 1592 1.912 0.2260 0.7500
1PJY 1593 1.867 0.2215 0.7727
1PJY 1594 1.906 0.2681 0.7841
1PJY 1595 1.642 0.2558 0.8068
1PJY 1596 1.993 0.2637 0.7841
1PJY 1597 1.699 0.2428 0.8068
1PJY 1598 1.365 0.2631 0.8409
1PJY 1599 1.621 0.2561 0.8295
1PJY 1600 1.972 0.2225 0.7841
1PJY 1601 1.665 0.2577 0.8409
1PJY 1602 1.962 0.2159 0.7500
1PJY 1603 2.005 0.2341 0.7500
1PJY 1604 1.641 0.2722 0.8182
1PJY 1605 1.645 0.2756 0.7955
1PJY 1606 2.031 0.2479 0.8182
1PJY 1607 1.569 0.2526 0.8068
1PJY 1608 1.834 0.2351 0.8182
1PJY 1609 2.067 0.2391 0.7841
1PJY 1610 2.257 0.2089 0.7386
1PJY 1611 1.661 0.2577 0.8068
1PJY 1612 1.683 0.2794 0.8182
1PJY 1613 1.990 0.2374 0.7841
1PJY 1614 1.986 0.2278 0.7614
1PJY 1615 1.972 0.2625 0.7727
1PJY 1616 1.603 0.2381 0.8182
1PJY 1617 1.953 0.2356 0.7955
1PJY 1618 1.936 0.2254 0.7614
1PJY 1619 1.932 0.2555 0.8068
1PJY 1620 1.993 0.2259 0.7841
1PJY 1621 1.969 0.2337 0.7955
1PJY 1622 2.048 0.2498 0.7841
1PJY 1623 2.134 0.2302 0.7727
1PJY 1624 2.132 0.2078 0.7500
1PJY 1625 1.775 0.2593 0.8068
1PJY 1626 1.890 0.2750 0.8182
1PJY 1627 1.733 0.2486 0.8068
1PJY 1628 2.002 0.2240 0.7727
1PJY 1629 2.252 0.2352 0.7500
1PJY 1630 1.937 0.2518 0.7727
1PJY 1631 1.839 0.2888 0.8182
1PJY 1632 1.815 0.2859 0.8068
1PJY 1633 1.890 0.2787 0.8182
1PJY 1634 1.939 0.2670 0.8068
1PJY 1635 1.833 0.2361 0.8182
1PJY 1636 1.992 0.2478 0.7955
1PJY 1637 2.196 0.2547 0.7841
1PJY 1638 1.940 0.2517 0.7955
1PJY 1639 1.785 0.2305 0.7955
1PJY 1640 1.779 0.2370 0.7955
1PJY 1641 2.072 0.2357 0.7614
1PJY 1642 1.871 0.2302 0.7955
1PJY 1643 1.970 0.2472 0.7841
1PJY 1644 2.206 0.2321 0.7614
1PJY 1645 1.985 0.2504 0.7955
1PJY 1646 2.374 0.2683 0.7727
1PJY 1647 2.130 0.2036 0.7273
1PJY 1648 2.094 0.2175 0.7500
1PJY 1649 2.279 0.2220 0.7500
1PJY 1650 1.757 0.2145 0.7841
1PJY 1651 2.020 0.2207 0.7727
1PJY 1652 1.916 0.2407 0.7955
1PJY 1653 2.028 0.2495 0.7727
1PJY 1654 1.915 0.2288 0.7955
1PJY 1655 1.684 0.2352 0.7955
1PJY 1656 2.094 0.2526 0.7727
1PJY 1657 1.988 0.2168 0.7841
1PJY 1658 1.934 0.2222 0.7727
1PJY 1659 2.030 0.2000 0.7727
1PJY 1660 2.001 0.2178 0.7955
1PJY 1661 2.113 0.2277 0.7841
1PJY 1662 2.020 0.2124 0.7727
1PJY 1663 1.835 0.2347 0.7841
1PJY 1664 2.080 0.2355 0.7727
1PJY 1665 2.247 0.2548 0.7841
1PJY 1666 1.943 0.2556 0.8068
1PJY 1667 2.095 0.2275 0.7841
1PJY 1668 2.183 0.2616 0.7727
1PJY 1669 2.221 0.1947 0.7500
1PJY 1670 2.345 0.2298 0.7500
1PJY 1671 2.386 0.2263 0.7614
1PJY 1672 2.206 0.2209 0.7500
1PJY 1673 2.225 0.1966 0.7273
1PJY 1674 2.287 0.2244 0.7500
1PJY 1675 2.158 0.2688 0.7955
1PJY 1676 1.960 0.2183 0.7841
1PJY 1677 2.225 0.2547 0.7841
1PJY 1678 2.258 0.2580 0.7955
1PJY 1679 2.035 0.2149 0.7727
1PJY 1680 1.972 0.3200 0.8409
1PJY 1681 1.629 0.3073 0.8523
1PJY 1682 1.580 0.2339 0.7841
1PJY 1683 1.885 0.2132 0.7727
1PJY 1684 1.420 0.3017 0.8636
1PJY 1685 1.717 0.2505 0.8182
1PJY 1686 1.527 0.3540 0.8636
1PJY 1687 1.510 0.2808 0.8182
1PJY 1688 1.472 0.2546 0.8182
1PJY 1689 1.826 0.2549 0.8068
1PJY 1690 2.076 0.3041 0.8182
1PJY 1691 1.700 0.2189 0.7727
1PJY 1692 1.804 0.2123 0.7955
1PJY 1693 2.085 0.2315 0.7386
1PJY 1694 1.814 0.2623 0.8068
1PJY 1695 2.120 0.2471 0.7614
1PJY 1696 2.228 0.2642 0.7614
1PJY 1697 2.531 0.1908 0.7159
1PJY 1698 2.114 0.2323 0.7727
1PJY 1699 1.817 0.2470 0.8182
1PJY 1700 1.825 0.2620 0.8182
1PJY 1701 2.765 0.2510 0.7386
1PJY 1702 2.036 0.2656 0.7955
1PJY 1703 1.379 0.3018 0.8636
1PJY 1704 1.759 0.2204 0.7955
1PJY 1705 2.342 0.2524 0.7500
1PJY 1706 2.334 0.1932 0.7500
1PJY 1707 1.655 0.2570 0.8295
1PJY 1708 1.763 0.2256 0.7841
1PJY 1709 2.001 0.2378 0.7727
1PJY 1710 2.381 0.2290 0.7614
1PJY 1711 2.050 0.2241 0.7841
1PJY 1712 1.523 0.2860 0.8409
1PJY 1713 1.718 0.2662 0.7955
1PJY 1714 1.933 0.2697 0.8182
1PJY 1715 1.980 0.1768 0.7386
1PJY 1716 1.840 0.2235 0.7727
1PJY 1717 1.425 0.2680 0.8636
1PJY 1718 1.498 0.2517 0.8182
1PJY 1719 1.862 0.3180 0.7955
1PJY 1720 1.718 0.2883 0.8523
1PJY 1721 1.764 0.2703 0.8182
1PJY 1722 1.704 0.2416 0.8182
1PJY 1723 2.082 0.2470 0.7955
1PJY 1724 1.470 0.3283 0.8523
1PJY 1725 1.788 0.2425 0.7955
1PJY 1726 1.696 0.2545 0.8409
1PJY 1727 1.796 0.2705 0.8068
1PJY 1728 1.693 0.2637 0.8182
1PJY 1729 1.509 0.3133 0.8636
1PJY 1730 1.342 0.2783 0.8750
1PJY 1731 1.162 0.3327 0.8977
1PJY 1732 1.691 0.2681 0.8409
1PJY 1733 1.537 0.2464 0.8295
1PJY 1734 1.274 0.2912 0.8523
1PJY 1735 2.067 0.1886 0.7614
1PJY 1736 1.499 0.2366 0.8295
1PJY 1737 1.158 0.3596 0.8977
1PJY 1738 1.703 0.2602 0.8182
1PJY 1739 1.633 0.2589 0.8295
1PJY 1740 1.285 0.3144 0.8864
1PJY 1741 1.462 0.2614 0.8295
1PJY 1742 1.757 0.2817 0.8068
