2MXL 1 0.000 1.0000 1.0000
2MXL 2 3.874 0.5049 0.6795
2MXL 3 4.453 0.5016 0.6859
2MXL 4 3.516 0.4028 0.6218
2MXL 5 3.343 0.5084 0.7179
2MXL 6 3.184 0.4790 0.6795
2MXL 7 3.168 0.4795 0.7051
2MXL 8 4.237 0.4861 0.6731
2MXL 9 2.854 0.4972 0.7500
2MXL 10 5.078 0.4337 0.6154
2MXL 11 3.391 0.4744 0.6923
2MXL 12 2.492 0.4831 0.7372
2MXL 13 2.138 0.5260 0.7564
2MXL 14 3.719 0.4368 0.6474
2MXL 15 3.211 0.4559 0.6795
2MXL 16 3.603 0.4527 0.6859
2MXL 17 3.261 0.4357 0.6731
2MXL 18 3.506 0.4993 0.7115
2MXL 19 3.024 0.5579 0.7436
2MXL 20 3.420 0.4035 0.6603
2MXL 21 10.709 0.1887 0.2821
2MXL 22 12.217 0.1894 0.2756
2MXL 23 10.416 0.1870 0.3141
2MXL 24 13.914 0.1833 0.3141
2MXL 25 11.974 0.2404 0.3397
2MXL 26 13.575 0.2025 0.3077
2MXL 27 11.941 0.1893 0.3269
2MXL 28 16.112 0.1896 0.2692
2MXL 29 10.833 0.1844 0.3397
2MXL 30 6.319 0.2739 0.4487
2MXL 31 18.078 0.2348 0.3397
2MXL 32 12.868 0.1545 0.2821
2MXL 33 14.979 0.2434 0.3462
2MXL 34 15.263 0.2607 0.3526
2MXL 35 8.781 0.1705 0.2949
2MXL 36 15.741 0.2501 0.3718
2MXL 37 16.852 0.2398 0.3269
2MXL 38 15.341 0.1862 0.2949
2MXL 39 5.278 0.3023 0.5256
2MXL 40 9.963 0.2415 0.3654
2MXL 41 16.215 0.2710 0.4038
2MXL 42 10.367 0.2316 0.3397
2MXL 43 10.107 0.2482 0.4231
2MXL 44 9.207 0.3346 0.4615
2MXL 45 8.197 0.2799 0.4103
2MXL 46 12.534 0.2726 0.3590
2MXL 47 15.531 0.2126 0.2949
2MXL 48 14.209 0.1786 0.3013
2MXL 49 11.646 0.2394 0.3397
2MXL 50 10.613 0.1610 0.3013
2MXL 51 7.117 0.3074 0.4551
2MXL 52 9.982 0.2167 0.3462
2MXL 53 9.216 0.2758 0.4295
2MXL 54 7.957 0.2811 0.4744
2MXL 55 8.483 0.2769 0.4038
2MXL 56 5.387 0.3602 0.5641
2MXL 57 8.050 0.3161 0.4551
2MXL 58 8.830 0.2307 0.4167
2MXL 59 6.354 0.3073 0.4872
2MXL 60 8.634 0.2480 0.4038
2MXL 61 12.793 0.1702 0.2308
2MXL 62 11.050 0.2224 0.3269
2MXL 63 12.991 0.2172 0.3590
2MXL 64 10.242 0.2427 0.3718
2MXL 65 10.817 0.3429 0.4295
2MXL 66 11.147 0.2098 0.3077
2MXL 67 6.890 0.2408 0.4167
2MXL 68 10.223 0.2222 0.3526
2MXL 69 12.981 0.2730 0.3846
2MXL 70 11.921 0.2467 0.3397
2MXL 71 10.151 0.2211 0.3397
2MXL 72 13.795 0.1494 0.2244
2MXL 73 18.192 0.2180 0.3013
2MXL 74 10.787 0.2943 0.4038
2MXL 75 14.527 0.2002 0.2564
2MXL 76 6.940 0.2115 0.4103
2MXL 77 6.046 0.2938 0.4679
2MXL 78 14.340 0.1682 0.2692
2MXL 79 7.068 0.3128 0.4615
2MXL 80 16.147 0.1833 0.2628
2MXL 81 15.140 0.2278 0.3269
2MXL 82 11.043 0.2838 0.3782
2MXL 83 8.305 0.3015 0.4038
2MXL 84 14.471 0.2280 0.3269
2MXL 85 14.462 0.2415 0.3462
2MXL 86 10.629 0.2292 0.3269
2MXL 87 9.157 0.2486 0.3654
2MXL 88 12.071 0.2215 0.3269
2MXL 89 9.551 0.2524 0.3654
2MXL 90 12.832 0.1781 0.2949
2MXL 91 12.374 0.2525 0.4038
2MXL 92 7.515 0.2735 0.4231
2MXL 93 6.848 0.2569 0.4359
2MXL 94 6.970 0.3125 0.4936
2MXL 95 6.070 0.2722 0.4872
2MXL 96 7.378 0.2565 0.4038
2MXL 97 6.131 0.2509 0.4615
2MXL 98 5.550 0.3122 0.5064
2MXL 99 6.823 0.2839 0.4423
2MXL 100 7.230 0.2732 0.4231
2MXL 101 11.011 0.1293 0.1923
2MXL 102 13.578 0.1611 0.2051
2MXL 103 12.311 0.1444 0.2436
2MXL 104 14.559 0.1223 0.2051
2MXL 105 10.150 0.2337 0.3462
2MXL 106 12.513 0.2510 0.3462
2MXL 107 14.231 0.1421 0.2564
2MXL 108 17.665 0.1812 0.2692
2MXL 109 19.244 0.2552 0.3333
2MXL 110 15.030 0.2467 0.3654
2MXL 111 13.622 0.1602 0.2628
2MXL 112 9.289 0.2143 0.3526
2MXL 113 9.797 0.2375 0.4103
2MXL 114 15.119 0.2356 0.3269
2MXL 115 8.379 0.2821 0.4359
2MXL 116 16.050 0.2227 0.3205
2MXL 117 9.338 0.2602 0.3974
2MXL 118 18.026 0.1890 0.2692
2MXL 119 12.562 0.1573 0.2308
2MXL 120 12.955 0.2444 0.3718
2MXL 121 11.752 0.3129 0.4615
2MXL 122 12.231 0.2375 0.3590
2MXL 123 10.543 0.2638 0.4167
2MXL 124 9.240 0.2780 0.4103
2MXL 125 13.405 0.2654 0.4038
2MXL 126 15.788 0.2816 0.3846
2MXL 127 9.887 0.2547 0.3718
2MXL 128 13.125 0.1616 0.2628
2MXL 129 9.416 0.2533 0.4103
2MXL 130 12.762 0.2861 0.4038
2MXL 131 13.832 0.3197 0.4103
2MXL 132 7.916 0.2517 0.4038
2MXL 133 11.819 0.2507 0.4038
2MXL 134 5.294 0.2582 0.4936
2MXL 135 7.134 0.2803 0.4679
2MXL 136 6.730 0.2897 0.4679
2MXL 137 12.508 0.2630 0.3718
2MXL 138 11.475 0.2652 0.4167
2MXL 139 11.805 0.2306 0.3654
2MXL 140 8.233 0.2626 0.4231
2MXL 141 10.441 0.0974 0.2051
2MXL 142 12.671 0.1253 0.1923
2MXL 143 14.615 0.1735 0.3141
2MXL 144 10.955 0.2072 0.3013
2MXL 145 12.356 0.2123 0.3462
2MXL 146 8.753 0.2662 0.4167
2MXL 147 12.838 0.2417 0.3526
2MXL 148 10.805 0.2240 0.3205
2MXL 149 11.078 0.2170 0.3205
2MXL 150 7.303 0.2469 0.3910
2MXL 151 13.781 0.1840 0.2692
2MXL 152 14.541 0.2790 0.3526
2MXL 153 13.477 0.1636 0.3013
2MXL 154 9.628 0.3004 0.4231
2MXL 155 9.244 0.2451 0.3718
2MXL 156 13.948 0.1559 0.2244
2MXL 157 17.608 0.1749 0.2949
2MXL 158 4.540 0.2952 0.5256
2MXL 159 14.014 0.1363 0.2500
2MXL 160 9.065 0.2929 0.4423
2MXL 161 8.131 0.2947 0.4359
2MXL 162 9.983 0.2190 0.3590
2MXL 163 5.993 0.2842 0.4615
2MXL 164 9.575 0.2868 0.4487
2MXL 165 11.157 0.2837 0.3782
2MXL 166 11.709 0.2559 0.3526
2MXL 167 7.891 0.2751 0.4295
2MXL 168 12.616 0.2520 0.3782
2MXL 169 14.396 0.2866 0.4038
2MXL 170 11.098 0.2445 0.3910
2MXL 171 11.032 0.2257 0.3590
2MXL 172 8.976 0.2426 0.4103
2MXL 173 12.737 0.2519 0.3526
2MXL 174 9.668 0.2800 0.4679
2MXL 175 7.969 0.3265 0.4487
2MXL 176 4.612 0.2786 0.5256
2MXL 177 6.958 0.2629 0.4615
2MXL 178 5.391 0.2889 0.5000
2MXL 179 5.130 0.3975 0.6090
2MXL 180 7.539 0.2791 0.4295
2MXL 181 15.334 0.0966 0.1987
2MXL 182 14.040 0.2212 0.3013
2MXL 183 9.898 0.1838 0.2821
2MXL 184 13.794 0.1598 0.2756
2MXL 185 14.510 0.1854 0.2692
2MXL 186 13.096 0.1577 0.2628
2MXL 187 13.686 0.1634 0.2692
2MXL 188 12.100 0.1363 0.2564
2MXL 189 12.812 0.2158 0.3333
2MXL 190 16.991 0.2486 0.3462
2MXL 191 14.598 0.1674 0.2564
2MXL 192 8.457 0.2055 0.3526
2MXL 193 10.523 0.2390 0.3654
2MXL 194 9.404 0.2926 0.4487
2MXL 195 12.999 0.1783 0.3205
2MXL 196 11.339 0.1565 0.2756
2MXL 197 10.929 0.1802 0.2564
2MXL 198 9.996 0.2468 0.3654
2MXL 199 12.263 0.2683 0.4295
2MXL 200 19.444 0.2243 0.3269
2MXL 201 15.295 0.2031 0.3205
2MXL 202 10.694 0.2697 0.4167
2MXL 203 10.580 0.2266 0.3590
2MXL 204 11.004 0.2289 0.3397
2MXL 205 4.466 0.2777 0.5321
2MXL 206 14.223 0.2203 0.3718
2MXL 207 9.892 0.2456 0.3654
2MXL 208 12.978 0.2727 0.3846
2MXL 209 12.716 0.2218 0.4103
2MXL 210 14.163 0.2435 0.3590
2MXL 211 10.840 0.1851 0.3526
2MXL 212 8.264 0.2400 0.3782
2MXL 213 7.574 0.2893 0.4423
2MXL 214 10.502 0.2434 0.3846
2MXL 215 8.077 0.2574 0.4551
2MXL 216 7.297 0.2772 0.4423
2MXL 217 7.219 0.2620 0.4551
2MXL 218 5.760 0.2531 0.4744
2MXL 219 6.937 0.2734 0.4359
2MXL 220 6.459 0.2946 0.4615
2MXL 221 8.958 0.2096 0.3333
2MXL 222 13.871 0.1388 0.2179
2MXL 223 13.655 0.2164 0.3205
2MXL 224 10.909 0.1522 0.2756
2MXL 225 15.399 0.3043 0.4167
2MXL 226 14.514 0.1900 0.2949
2MXL 227 11.867 0.1412 0.2372
2MXL 228 11.071 0.3059 0.4038
2MXL 229 16.203 0.1668 0.2692
2MXL 230 16.742 0.2180 0.3526
2MXL 231 9.880 0.2885 0.4487
2MXL 232 9.164 0.2603 0.3462
2MXL 233 10.418 0.2678 0.3654
2MXL 234 11.853 0.2482 0.3526
2MXL 235 14.287 0.2334 0.3269
2MXL 236 12.573 0.2236 0.3077
2MXL 237 14.125 0.1555 0.2500
2MXL 238 10.625 0.2461 0.3397
2MXL 239 10.622 0.3109 0.3974
2MXL 240 15.314 0.2447 0.3269
2MXL 241 11.858 0.1910 0.2885
2MXL 242 7.091 0.2853 0.4423
2MXL 243 12.848 0.3037 0.4038
2MXL 244 14.489 0.2102 0.3013
2MXL 245 13.029 0.2329 0.3205
2MXL 246 13.519 0.2492 0.3910
2MXL 247 14.761 0.2461 0.3782
2MXL 248 6.250 0.3005 0.4808
2MXL 249 9.850 0.2701 0.4231
2MXL 250 12.229 0.2691 0.4167
2MXL 251 10.541 0.1877 0.3590
2MXL 252 6.769 0.2450 0.4295
2MXL 253 7.832 0.2624 0.4167
2MXL 254 6.964 0.2610 0.4744
2MXL 255 7.939 0.3009 0.4423
2MXL 256 5.990 0.2686 0.4744
2MXL 257 7.403 0.2822 0.4872
2MXL 258 15.455 0.2434 0.3974
2MXL 259 5.982 0.2652 0.4487
2MXL 260 7.811 0.2858 0.4423
2MXL 261 12.420 0.1382 0.2372
2MXL 262 12.310 0.1998 0.2949
2MXL 263 12.847 0.1997 0.3205
2MXL 264 12.202 0.1666 0.2692
2MXL 265 14.306 0.1585 0.2692
2MXL 266 13.624 0.1127 0.2051
2MXL 267 12.751 0.1321 0.2436
2MXL 268 14.159 0.2101 0.2692
2MXL 269 11.625 0.1906 0.2692
2MXL 270 7.832 0.2575 0.4103
2MXL 271 9.218 0.2260 0.3718
2MXL 272 13.942 0.1578 0.2564
2MXL 273 13.707 0.2313 0.3269
2MXL 274 12.270 0.2994 0.4231
2MXL 275 16.618 0.1793 0.2885
2MXL 276 10.409 0.2653 0.3846
2MXL 277 13.358 0.1896 0.3141
2MXL 278 9.932 0.2600 0.3910
2MXL 279 12.068 0.2219 0.3269
2MXL 280 9.421 0.2512 0.3846
2MXL 281 12.054 0.2182 0.3077
2MXL 282 8.939 0.2256 0.3846
2MXL 283 7.165 0.2734 0.4551
2MXL 284 6.622 0.3113 0.4872
2MXL 285 6.850 0.2679 0.4615
2MXL 286 11.006 0.2418 0.3590
2MXL 287 7.179 0.2517 0.4167
2MXL 288 7.427 0.3115 0.4679
2MXL 289 5.963 0.2849 0.4615
2MXL 290 7.338 0.2972 0.4487
2MXL 291 11.239 0.2623 0.3397
2MXL 292 6.372 0.2434 0.4551
2MXL 293 6.654 0.2796 0.4872
2MXL 294 7.398 0.2929 0.4551
2MXL 295 11.655 0.2672 0.4167
2MXL 296 5.602 0.2656 0.4744
2MXL 297 6.982 0.2439 0.4231
2MXL 298 9.958 0.2790 0.4038
2MXL 299 8.615 0.2565 0.4295
2MXL 300 6.723 0.2570 0.4487
2MXL 301 13.125 0.1008 0.1795
2MXL 302 9.144 0.1764 0.3333
2MXL 303 12.968 0.1781 0.2885
2MXL 304 13.622 0.2535 0.3590
2MXL 305 13.732 0.1656 0.2628
2MXL 306 14.511 0.1970 0.2756
2MXL 307 11.599 0.1253 0.2179
2MXL 308 16.423 0.2138 0.2821
2MXL 309 10.697 0.2136 0.3526
2MXL 310 12.903 0.2253 0.3269
2MXL 311 13.129 0.1926 0.3205
2MXL 312 11.761 0.2373 0.3462
2MXL 313 6.969 0.2490 0.4359
2MXL 314 5.938 0.2778 0.4679
2MXL 315 11.655 0.2863 0.3974
2MXL 316 12.778 0.1874 0.3269
2MXL 317 7.008 0.3373 0.5192
2MXL 318 13.162 0.2146 0.3077
2MXL 319 6.318 0.2569 0.4487
2MXL 320 5.971 0.2524 0.4487
2MXL 321 17.030 0.1607 0.2628
2MXL 322 15.103 0.2094 0.3397
2MXL 323 11.945 0.1537 0.2756
2MXL 324 13.250 0.2314 0.3654
2MXL 325 7.704 0.2469 0.3910
2MXL 326 18.002 0.2891 0.3846
2MXL 327 6.008 0.3024 0.5064
2MXL 328 19.231 0.2676 0.3462
2MXL 329 11.164 0.2465 0.3526
2MXL 330 9.139 0.3040 0.4744
2MXL 331 5.120 0.2507 0.4744
2MXL 332 9.129 0.2803 0.4744
2MXL 333 9.379 0.2836 0.4679
2MXL 334 5.906 0.2821 0.4872
2MXL 335 4.764 0.2552 0.5192
2MXL 336 12.019 0.2259 0.3526
2MXL 337 4.520 0.3389 0.5705
2MXL 338 9.931 0.2386 0.4038
2MXL 339 6.220 0.2764 0.4679
2MXL 340 10.102 0.2074 0.3269
2MXL 341 13.576 0.1240 0.2179
2MXL 342 13.548 0.2064 0.3269
2MXL 343 11.012 0.3166 0.4359
2MXL 344 17.915 0.1845 0.2949
2MXL 345 12.657 0.1213 0.2115
2MXL 346 11.324 0.2724 0.3974
2MXL 347 11.849 0.2005 0.3077
2MXL 348 10.715 0.1543 0.2628
2MXL 349 15.120 0.1506 0.2756
2MXL 350 14.054 0.1567 0.2500
2MXL 351 14.460 0.1431 0.2244
2MXL 352 12.870 0.1736 0.2436
2MXL 353 13.781 0.2211 0.2949
2MXL 354 12.674 0.1550 0.2756
2MXL 355 10.607 0.2864 0.4295
2MXL 356 7.979 0.2929 0.4167
2MXL 357 10.251 0.2070 0.3333
2MXL 358 18.004 0.1287 0.2308
2MXL 359 13.906 0.2710 0.3397
2MXL 360 8.429 0.2452 0.3910
2MXL 361 10.265 0.2762 0.4231
2MXL 362 10.385 0.3351 0.4423
2MXL 363 7.930 0.2540 0.4231
2MXL 364 13.493 0.2128 0.2821
2MXL 365 11.148 0.2720 0.3526
2MXL 366 10.658 0.2476 0.3462
2MXL 367 15.228 0.2190 0.3269
2MXL 368 7.226 0.2558 0.4295
2MXL 369 14.001 0.1680 0.2628
2MXL 370 7.943 0.2536 0.3782
2MXL 371 11.611 0.2822 0.4103
2MXL 372 11.832 0.2762 0.4167
2MXL 373 6.956 0.3101 0.4744
2MXL 374 5.278 0.2709 0.4936
2MXL 375 9.131 0.2442 0.3846
2MXL 376 5.839 0.3055 0.5128
2MXL 377 7.885 0.2519 0.4167
2MXL 378 8.058 0.2898 0.4167
2MXL 379 6.414 0.2993 0.4936
2MXL 380 15.661 0.2468 0.4038
2MXL 381 11.861 0.1288 0.2244
2MXL 382 12.228 0.1991 0.2821
2MXL 383 15.686 0.1438 0.2308
2MXL 384 12.744 0.1286 0.2436
2MXL 385 15.421 0.1518 0.2308
2MXL 386 16.883 0.1465 0.2244
2MXL 387 9.201 0.2578 0.3782
2MXL 388 12.462 0.1780 0.3462
2MXL 389 13.369 0.3018 0.4038
2MXL 390 12.867 0.2533 0.3654
2MXL 391 11.612 0.2535 0.3526
2MXL 392 8.876 0.2547 0.3590
2MXL 393 12.980 0.2791 0.3974
2MXL 394 7.902 0.2606 0.4038
2MXL 395 13.617 0.2588 0.3526
2MXL 396 13.351 0.2121 0.3141
2MXL 397 10.543 0.2469 0.3654
2MXL 398 8.480 0.2609 0.4103
2MXL 399 11.850 0.2391 0.3205
2MXL 400 14.063 0.2306 0.3141
2MXL 401 10.641 0.2735 0.3974
2MXL 402 8.250 0.3079 0.4872
2MXL 403 12.319 0.1973 0.3141
2MXL 404 11.543 0.2374 0.3077
2MXL 405 6.184 0.3798 0.5385
2MXL 406 14.235 0.1914 0.3077
2MXL 407 11.818 0.3566 0.4872
2MXL 408 7.508 0.3052 0.4423
2MXL 409 10.252 0.2744 0.4359
2MXL 410 9.907 0.2595 0.4295
2MXL 411 10.439 0.2460 0.3462
2MXL 412 9.213 0.2383 0.3718
2MXL 413 7.368 0.2584 0.4359
2MXL 414 6.621 0.3183 0.5000
2MXL 415 5.794 0.2711 0.4744
2MXL 416 8.892 0.2550 0.3910
2MXL 417 8.044 0.2537 0.3974
2MXL 418 7.794 0.2515 0.4231
2MXL 419 5.462 0.3000 0.5000
2MXL 420 8.461 0.2938 0.4551
2MXL 421 0.803 0.8438 0.9615
2MXL 422 1.210 0.7263 0.8846
2MXL 423 1.138 0.7427 0.8974
2MXL 424 1.187 0.7271 0.8718
2MXL 425 1.141 0.7425 0.8910
2MXL 426 1.160 0.7365 0.8782
2MXL 427 1.170 0.7335 0.8782
2MXL 428 1.166 0.7357 0.8718
2MXL 429 1.166 0.7332 0.8718
2MXL 430 1.164 0.7373 0.8782
2MXL 431 1.183 0.7303 0.8782
2MXL 432 1.188 0.7262 0.8718
2MXL 433 1.171 0.7311 0.8718
2MXL 434 1.179 0.7316 0.8782
2MXL 435 1.164 0.7366 0.8718
2MXL 436 1.187 0.7299 0.8782
2MXL 437 1.167 0.7359 0.8718
2MXL 438 1.179 0.7313 0.8846
2MXL 439 1.175 0.7337 0.8718
2MXL 440 1.174 0.7313 0.8782
2MXL 441 1.185 0.7309 0.8718
2MXL 442 1.156 0.7385 0.8782
2MXL 443 1.149 0.7401 0.8782
2MXL 444 1.189 0.7308 0.8718
2MXL 445 1.193 0.7282 0.8718
2MXL 446 1.181 0.7303 0.8718
2MXL 447 1.190 0.7303 0.8782
2MXL 448 1.204 0.7259 0.8782
2MXL 449 1.180 0.7311 0.8718
2MXL 450 1.191 0.7303 0.8718
2MXL 451 1.198 0.7245 0.8654
2MXL 452 1.213 0.7235 0.8654
2MXL 453 1.204 0.7277 0.8782
2MXL 454 1.175 0.7331 0.8782
2MXL 455 1.172 0.7360 0.8910
2MXL 456 1.182 0.7295 0.8718
2MXL 457 1.162 0.7403 0.8782
2MXL 458 1.142 0.7452 0.8910
2MXL 459 1.158 0.7398 0.8910
2MXL 460 1.150 0.7389 0.8910
2MXL 461 1.104 0.7559 0.9103
2MXL 462 1.134 0.7507 0.8910
2MXL 463 1.109 0.7545 0.8974
2MXL 464 1.141 0.7468 0.8974
2MXL 465 1.077 0.7674 0.9167
2MXL 466 1.123 0.7550 0.9038
2MXL 467 1.114 0.7530 0.9038
2MXL 468 1.096 0.7658 0.9231
2MXL 469 1.104 0.7566 0.9038
2MXL 470 1.128 0.7489 0.8974
2MXL 471 1.106 0.7557 0.9103
2MXL 472 1.079 0.7645 0.9167
2MXL 473 1.102 0.7588 0.9103
2MXL 474 1.139 0.7497 0.9038
2MXL 475 1.096 0.7626 0.9167
2MXL 476 1.124 0.7560 0.9103
2MXL 477 1.109 0.7615 0.9167
2MXL 478 1.113 0.7557 0.9103
2MXL 479 1.175 0.7375 0.9038
2MXL 480 1.231 0.7192 0.8846
2MXL 481 1.256 0.7166 0.8974
2MXL 482 1.195 0.7255 0.8846
2MXL 483 1.209 0.7261 0.8846
2MXL 484 1.309 0.6986 0.8782
2MXL 485 1.447 0.6561 0.8590
2MXL 486 1.404 0.6708 0.8526
2MXL 487 1.287 0.7035 0.8846
2MXL 488 1.287 0.6982 0.8654
2MXL 489 1.350 0.6809 0.8654
2MXL 490 1.539 0.6273 0.8462
2MXL 491 1.455 0.6526 0.8526
2MXL 492 1.405 0.6705 0.8654
2MXL 493 1.415 0.6737 0.8718
2MXL 494 1.468 0.6507 0.8526
2MXL 495 1.598 0.6217 0.8269
2MXL 496 1.659 0.6034 0.8269
2MXL 497 1.694 0.5981 0.8333
2MXL 498 1.781 0.5939 0.8205
2MXL 499 1.789 0.5882 0.8077
2MXL 500 1.739 0.5947 0.8141
2MXL 501 1.757 0.5924 0.8141
2MXL 502 1.828 0.5727 0.8077
2MXL 503 1.763 0.5828 0.8077
2MXL 504 1.722 0.5943 0.8077
2MXL 505 1.714 0.5885 0.8269
2MXL 506 1.724 0.5979 0.8141
2MXL 507 1.773 0.5864 0.8077
2MXL 508 1.876 0.5727 0.8013
2MXL 509 1.840 0.5840 0.8013
2MXL 510 1.852 0.5866 0.8141
2MXL 511 1.785 0.5901 0.8077
2MXL 512 1.893 0.5714 0.8077
2MXL 513 1.913 0.5677 0.7885
2MXL 514 1.919 0.5807 0.8013
2MXL 515 1.825 0.5860 0.8077
2MXL 516 1.907 0.5684 0.7949
2MXL 517 1.918 0.5555 0.7885
2MXL 518 1.938 0.5443 0.7885
2MXL 519 1.874 0.5710 0.8077
2MXL 520 1.730 0.6016 0.8141
2MXL 521 1.792 0.5845 0.8077
2MXL 522 1.912 0.5515 0.8013
2MXL 523 1.827 0.5659 0.8077
2MXL 524 1.772 0.5863 0.8077
2MXL 525 1.798 0.5818 0.8013
2MXL 526 1.781 0.5824 0.8077
2MXL 527 1.874 0.5558 0.7821
2MXL 528 1.879 0.5673 0.7885
2MXL 529 1.818 0.5772 0.7949
2MXL 530 1.828 0.5781 0.8013
2MXL 531 1.877 0.5600 0.7821
2MXL 532 1.761 0.5789 0.7949
2MXL 533 1.728 0.5867 0.8013
2MXL 534 1.856 0.5537 0.7949
2MXL 535 1.833 0.5652 0.7885
2MXL 536 1.840 0.5567 0.7949
2MXL 537 1.825 0.5641 0.7821
2MXL 538 1.838 0.5562 0.7821
2MXL 539 1.862 0.5616 0.7949
2MXL 540 1.936 0.5416 0.7756
2MXL 541 1.960 0.5263 0.7692
2MXL 542 1.966 0.5350 0.7564
2MXL 543 2.040 0.5274 0.7628
2MXL 544 2.012 0.5276 0.7500
2MXL 545 1.966 0.5415 0.7500
2MXL 546 1.947 0.5464 0.7564
2MXL 547 2.060 0.5170 0.7564
2MXL 548 2.079 0.5107 0.7436
2MXL 549 2.074 0.5217 0.7436
2MXL 550 2.007 0.5239 0.7564
2MXL 551 2.061 0.5100 0.7500
2MXL 552 2.069 0.5141 0.7500
2MXL 553 2.047 0.5206 0.7500
2MXL 554 2.009 0.5139 0.7628
2MXL 555 1.958 0.5440 0.7756
2MXL 556 2.045 0.5156 0.7500
2MXL 557 2.049 0.5128 0.7436
2MXL 558 2.007 0.5211 0.7436
2MXL 559 1.942 0.5380 0.7564
2MXL 560 1.983 0.5229 0.7564
2MXL 561 1.980 0.5338 0.7692
2MXL 562 1.950 0.5334 0.7756
2MXL 563 1.924 0.5336 0.7692
2MXL 564 1.945 0.5421 0.7628
2MXL 565 1.982 0.5220 0.7564
2MXL 566 1.971 0.5253 0.7692
2MXL 567 1.969 0.5288 0.7564
2MXL 568 1.981 0.5269 0.7628
2MXL 569 1.970 0.5287 0.7628
2MXL 570 1.967 0.5257 0.7628
2MXL 571 1.986 0.5246 0.7500
2MXL 572 1.988 0.5225 0.7692
2MXL 573 1.910 0.5398 0.7628
2MXL 574 1.915 0.5352 0.7756
2MXL 575 2.017 0.5139 0.7564
2MXL 576 1.901 0.5407 0.7756
2MXL 577 1.928 0.5263 0.7500
2MXL 578 1.949 0.5283 0.7564
2MXL 579 1.979 0.5211 0.7564
2MXL 580 1.988 0.5220 0.7500
2MXL 581 1.980 0.5232 0.7628
2MXL 582 1.970 0.5252 0.7500
2MXL 583 1.947 0.5332 0.7692
2MXL 584 1.924 0.5384 0.7628
2MXL 585 1.907 0.5448 0.7692
2MXL 586 1.999 0.5166 0.7564
2MXL 587 1.942 0.5329 0.7692
2MXL 588 1.919 0.5381 0.7628
2MXL 589 1.905 0.5456 0.7692
2MXL 590 2.017 0.5162 0.7436
2MXL 591 2.013 0.5160 0.7564
2MXL 592 1.946 0.5320 0.7628
2MXL 593 1.998 0.5160 0.7628
2MXL 594 2.018 0.5083 0.7500
2MXL 595 2.037 0.5107 0.7500
2MXL 596 2.019 0.5223 0.7500
2MXL 597 1.965 0.5225 0.7500
2MXL 598 1.967 0.5235 0.7564
2MXL 599 2.083 0.5053 0.7436
2MXL 600 2.031 0.5112 0.7436
2MXL 601 2.112 0.4950 0.7500
2MXL 602 1.946 0.5386 0.7500
2MXL 603 1.886 0.5408 0.7628
2MXL 604 1.944 0.5339 0.7564
2MXL 605 2.083 0.5099 0.7372
2MXL 606 1.886 0.5430 0.7692
2MXL 607 1.876 0.5433 0.7628
2MXL 608 1.923 0.5324 0.7692
2MXL 609 2.055 0.5098 0.7436
2MXL 610 1.996 0.5240 0.7436
2MXL 611 2.087 0.5040 0.7372
2MXL 612 1.925 0.5409 0.7564
2MXL 613 1.897 0.5388 0.7628
2MXL 614 1.948 0.5326 0.7564
2MXL 615 1.981 0.5165 0.7564
2MXL 616 2.047 0.5083 0.7500
2MXL 617 1.923 0.5469 0.7756
2MXL 618 1.965 0.5227 0.7372
2MXL 619 2.002 0.5225 0.7628
2MXL 620 2.032 0.5210 0.7564
2MXL 621 1.936 0.5361 0.7564
2MXL 622 1.970 0.5310 0.7628
2MXL 623 1.983 0.5257 0.7564
2MXL 624 2.135 0.4963 0.7372
2MXL 625 2.004 0.5178 0.7372
2MXL 626 1.996 0.5233 0.7500
2MXL 627 2.058 0.5106 0.7372
2MXL 628 1.983 0.5270 0.7564
2MXL 629 1.905 0.5409 0.7628
2MXL 630 2.017 0.5105 0.7500
2MXL 631 1.957 0.5364 0.7500
2MXL 632 2.022 0.5256 0.7436
2MXL 633 2.109 0.5120 0.7564
2MXL 634 2.161 0.5056 0.7500
2MXL 635 1.949 0.5519 0.7628
2MXL 636 1.958 0.5568 0.7628
2MXL 637 1.952 0.5596 0.7756
2MXL 638 1.922 0.5642 0.7756
2MXL 639 1.969 0.5488 0.7564
2MXL 640 1.924 0.5678 0.7692
2MXL 641 1.885 0.5586 0.7756
2MXL 642 2.007 0.5546 0.7564
2MXL 643 2.067 0.5459 0.7692
2MXL 644 1.918 0.5624 0.7628
2MXL 645 2.010 0.5401 0.7436
2MXL 646 2.004 0.5461 0.7500
2MXL 647 1.874 0.5660 0.7564
2MXL 648 1.990 0.5431 0.7436
2MXL 649 1.976 0.5494 0.7564
2MXL 650 2.024 0.5473 0.7500
2MXL 651 1.984 0.5433 0.7436
2MXL 652 2.004 0.5445 0.7372
2MXL 653 2.076 0.5257 0.7308
2MXL 654 2.048 0.5522 0.7500
2MXL 655 2.160 0.5190 0.7372
2MXL 656 2.075 0.5212 0.7244
2MXL 657 2.077 0.5322 0.7372
2MXL 658 2.061 0.5369 0.7372
2MXL 659 1.946 0.5494 0.7564
2MXL 660 1.967 0.5396 0.7500
2MXL 661 2.094 0.5194 0.7308
2MXL 662 2.111 0.5261 0.7372
2MXL 663 2.077 0.5345 0.7436
2MXL 664 2.166 0.5047 0.7244
2MXL 665 2.138 0.5105 0.7244
2MXL 666 2.064 0.5367 0.7372
2MXL 667 2.107 0.5314 0.7308
2MXL 668 2.027 0.5369 0.7372
2MXL 669 2.035 0.5482 0.7500
2MXL 670 2.057 0.5420 0.7372
2MXL 671 2.073 0.5433 0.7500
2MXL 672 2.052 0.5617 0.7628
2MXL 673 2.093 0.5360 0.7436
2MXL 674 2.015 0.5519 0.7500
2MXL 675 1.965 0.5514 0.7500
2MXL 676 1.982 0.5600 0.7628
2MXL 677 2.021 0.5481 0.7564
2MXL 678 1.941 0.5616 0.7756
2MXL 679 1.965 0.5624 0.7692
2MXL 680 1.899 0.5688 0.7756
2MXL 681 1.829 0.5911 0.7692
2MXL 682 1.894 0.5618 0.7821
2MXL 683 1.927 0.5670 0.7628
2MXL 684 1.901 0.5822 0.7756
2MXL 685 1.962 0.5513 0.7500
2MXL 686 2.044 0.5349 0.7372
2MXL 687 2.165 0.5211 0.7308
2MXL 688 2.203 0.5142 0.7244
2MXL 689 2.101 0.5206 0.7308
2MXL 690 2.081 0.5296 0.7500
2MXL 691 1.977 0.5429 0.7500
2MXL 692 2.076 0.5342 0.7436
2MXL 693 2.049 0.5501 0.7436
2MXL 694 2.009 0.5455 0.7372
2MXL 695 1.878 0.5630 0.7500
2MXL 696 2.059 0.5313 0.7436
2MXL 697 2.061 0.5375 0.7372
2MXL 698 2.008 0.5371 0.7500
2MXL 699 2.059 0.5212 0.7372
2MXL 700 2.038 0.5438 0.7436
2MXL 701 2.061 0.5304 0.7308
2MXL 702 1.992 0.5479 0.7500
2MXL 703 1.811 0.5726 0.7564
2MXL 704 2.019 0.5437 0.7436
2MXL 705 2.133 0.5345 0.7308
2MXL 706 2.295 0.4980 0.7179
2MXL 707 1.995 0.5463 0.7564
2MXL 708 1.992 0.5522 0.7564
2MXL 709 2.043 0.5554 0.7500
2MXL 710 2.036 0.5467 0.7628
2MXL 711 2.010 0.5447 0.7372
2MXL 712 1.946 0.5494 0.7436
2MXL 713 1.971 0.5480 0.7500
2MXL 714 2.053 0.5340 0.7308
2MXL 715 2.018 0.5435 0.7500
2MXL 716 2.130 0.5275 0.7372
2MXL 717 2.044 0.5496 0.7628
2MXL 718 1.973 0.5594 0.7628
2MXL 719 2.074 0.5451 0.7372
2MXL 720 2.172 0.5239 0.7372
2MXL 721 1.983 0.5418 0.7372
2MXL 722 1.975 0.5510 0.7564
2MXL 723 2.061 0.5489 0.7564
2MXL 724 1.838 0.5899 0.7628
2MXL 725 1.940 0.5608 0.7500
2MXL 726 2.029 0.5562 0.7564
2MXL 727 1.925 0.5668 0.7564
2MXL 728 2.023 0.5482 0.7500
2MXL 729 1.933 0.5623 0.7628
2MXL 730 1.979 0.5547 0.7564
2MXL 731 1.889 0.5580 0.7628
2MXL 732 2.002 0.5356 0.7564
2MXL 733 2.038 0.5313 0.7628
2MXL 734 1.980 0.5384 0.7500
2MXL 735 1.884 0.5609 0.7628
2MXL 736 2.062 0.5309 0.7436
2MXL 737 1.994 0.5396 0.7628
2MXL 738 2.075 0.5414 0.7564
2MXL 739 2.110 0.5234 0.7500
2MXL 740 1.990 0.5422 0.7500
2MXL 741 1.853 0.5671 0.7628
2MXL 742 1.806 0.5748 0.7821
2MXL 743 1.921 0.5537 0.7692
2MXL 744 2.035 0.5370 0.7564
2MXL 745 2.072 0.5139 0.7564
2MXL 746 1.979 0.5523 0.7692
2MXL 747 1.904 0.5454 0.7756
2MXL 748 1.889 0.5580 0.7756
2MXL 749 1.867 0.5603 0.7628
2MXL 750 1.868 0.5833 0.7692
2MXL 751 1.971 0.5281 0.7628
2MXL 752 1.899 0.5357 0.7564
2MXL 753 1.937 0.5435 0.7756
2MXL 754 2.024 0.5332 0.7500
2MXL 755 2.029 0.5523 0.7564
2MXL 756 2.010 0.5599 0.7500
2MXL 757 1.753 0.6021 0.7949
2MXL 758 1.724 0.6186 0.7949
2MXL 759 1.762 0.5859 0.8013
2MXL 760 1.913 0.5684 0.7756
2MXL 761 1.708 0.6120 0.8205
2MXL 762 1.589 0.6419 0.8141
2MXL 763 1.611 0.6284 0.8077
2MXL 764 2.014 0.5453 0.7564
2MXL 765 2.075 0.5480 0.7628
2MXL 766 1.919 0.5700 0.7692
2MXL 767 1.606 0.6179 0.8013
2MXL 768 1.441 0.6714 0.8397
2MXL 769 1.849 0.5910 0.7756
2MXL 770 2.063 0.5357 0.7500
2MXL 771 1.994 0.5651 0.7756
2MXL 772 1.786 0.6165 0.8077
2MXL 773 1.660 0.6360 0.8141
2MXL 774 1.767 0.6036 0.7885
2MXL 775 1.592 0.6382 0.8205
2MXL 776 1.813 0.5930 0.7821
2MXL 777 1.900 0.5750 0.7821
2MXL 778 1.944 0.5621 0.7821
2MXL 779 1.832 0.5776 0.7756
2MXL 780 1.878 0.5582 0.7821
2MXL 781 1.977 0.5347 0.7628
2MXL 782 1.839 0.5976 0.7885
2MXL 783 1.844 0.5995 0.7949
2MXL 784 1.763 0.5871 0.7949
2MXL 785 1.777 0.5856 0.7756
2MXL 786 1.826 0.5859 0.7885
2MXL 787 1.941 0.5694 0.7821
2MXL 788 1.875 0.5863 0.7885
2MXL 789 1.919 0.5668 0.7628
2MXL 790 1.867 0.5639 0.7628
2MXL 791 1.767 0.5922 0.7756
2MXL 792 1.808 0.5640 0.7692
2MXL 793 1.742 0.5823 0.7821
2MXL 794 1.797 0.5843 0.7692
2MXL 795 1.796 0.6055 0.7885
2MXL 796 1.678 0.6442 0.8333
2MXL 797 1.753 0.6095 0.7949
2MXL 798 1.668 0.6340 0.8077
2MXL 799 1.416 0.6963 0.8462
2MXL 800 1.623 0.6427 0.8077
2MXL 801 1.481 0.6915 0.8462
2MXL 802 1.455 0.6918 0.8462
2MXL 803 1.495 0.6857 0.8462
2MXL 804 1.566 0.6605 0.8141
2MXL 805 1.588 0.6645 0.8269
2MXL 806 1.587 0.6436 0.8013
2MXL 807 1.714 0.6300 0.8013
2MXL 808 1.614 0.6351 0.8077
2MXL 809 1.593 0.6472 0.8333
2MXL 810 1.846 0.6124 0.8141
2MXL 811 1.677 0.6246 0.8077
2MXL 812 1.710 0.6297 0.8077
2MXL 813 1.706 0.6310 0.8077
2MXL 814 1.582 0.6587 0.8333
2MXL 815 1.624 0.6323 0.8013
2MXL 816 1.677 0.6198 0.7949
2MXL 817 1.594 0.6538 0.8077
2MXL 818 1.762 0.6133 0.8013
2MXL 819 1.491 0.6622 0.8141
2MXL 820 1.650 0.6298 0.7949
2MXL 821 1.578 0.6556 0.8333
2MXL 822 1.738 0.6149 0.7692
2MXL 823 1.721 0.6246 0.8013
2MXL 824 1.666 0.6103 0.8013
2MXL 825 1.776 0.5856 0.7821
2MXL 826 1.632 0.6546 0.8077
2MXL 827 1.749 0.6259 0.8013
2MXL 828 1.828 0.6110 0.8013
2MXL 829 1.519 0.6708 0.8333
2MXL 830 1.712 0.6149 0.7885
2MXL 831 1.647 0.6261 0.8013
2MXL 832 1.784 0.6096 0.7756
2MXL 833 1.924 0.5938 0.7756
2MXL 834 1.953 0.5794 0.7692
2MXL 835 1.805 0.5990 0.7692
2MXL 836 1.979 0.5324 0.7564
2MXL 837 1.960 0.5229 0.7500
2MXL 838 2.101 0.5025 0.7372
2MXL 839 2.048 0.5011 0.7308
2MXL 840 1.873 0.5684 0.7692
2MXL 841 2.060 0.5268 0.7308
2MXL 842 2.057 0.5301 0.7564
2MXL 843 2.076 0.5343 0.7564
2MXL 844 2.006 0.5433 0.7372
2MXL 845 1.798 0.5836 0.7821
2MXL 846 1.750 0.5767 0.7692
2MXL 847 2.086 0.5083 0.7179
2MXL 848 2.105 0.5031 0.7308
2MXL 849 1.865 0.5602 0.7500
2MXL 850 1.767 0.6027 0.7756
2MXL 851 1.925 0.5618 0.7564
2MXL 852 1.904 0.5578 0.7564
2MXL 853 1.847 0.5992 0.7692
2MXL 854 1.996 0.5796 0.7628
2MXL 855 1.882 0.6031 0.7821
2MXL 856 1.852 0.5901 0.7756
2MXL 857 1.689 0.6033 0.8013
2MXL 858 1.760 0.5931 0.7692
2MXL 859 1.952 0.5725 0.7756
2MXL 860 1.985 0.5563 0.7628
2MXL 861 1.817 0.6340 0.7885
2MXL 862 1.903 0.5892 0.7692
2MXL 863 1.805 0.6169 0.7821
2MXL 864 1.878 0.5984 0.7821
2MXL 865 1.947 0.5768 0.7692
2MXL 866 1.824 0.6073 0.7821
2MXL 867 1.914 0.5993 0.7821
2MXL 868 1.721 0.6145 0.7949
2MXL 869 1.921 0.5868 0.7628
2MXL 870 1.945 0.5812 0.7821
2MXL 871 1.881 0.5854 0.7756
2MXL 872 1.933 0.5895 0.7692
2MXL 873 1.918 0.5818 0.7756
2MXL 874 1.993 0.5669 0.7564
2MXL 875 1.923 0.5822 0.7756
2MXL 876 1.826 0.6040 0.7949
2MXL 877 1.819 0.6013 0.7821
2MXL 878 1.822 0.5923 0.7821
2MXL 879 1.631 0.6277 0.8013
2MXL 880 1.881 0.5990 0.7756
2MXL 881 1.774 0.6059 0.7821
2MXL 882 1.880 0.5895 0.7821
2MXL 883 1.913 0.5870 0.7628
2MXL 884 1.875 0.5903 0.7692
2MXL 885 1.818 0.6087 0.7885
2MXL 886 1.790 0.6008 0.7756
2MXL 887 1.934 0.5923 0.7821
2MXL 888 1.927 0.5745 0.7756
2MXL 889 1.851 0.5822 0.7756
2MXL 890 1.906 0.5848 0.7821
2MXL 891 1.965 0.5587 0.7692
2MXL 892 2.009 0.5638 0.7628
2MXL 893 2.000 0.5862 0.7756
2MXL 894 1.958 0.5728 0.7564
2MXL 895 1.946 0.5613 0.7564
2MXL 896 1.938 0.5656 0.7436
2MXL 897 1.912 0.5961 0.7949
2MXL 898 1.955 0.6223 0.8013
2MXL 899 1.936 0.5795 0.7692
2MXL 900 1.874 0.5765 0.7692
2MXL 901 2.086 0.5764 0.7564
2MXL 902 1.814 0.6174 0.8077
2MXL 903 1.719 0.6173 0.8013
2MXL 904 1.891 0.5869 0.7692
2MXL 905 1.722 0.6122 0.7885
2MXL 906 1.887 0.5976 0.7756
2MXL 907 1.982 0.5716 0.7628
2MXL 908 1.928 0.5788 0.7821
2MXL 909 1.972 0.5697 0.7756
2MXL 910 1.949 0.5795 0.7692
2MXL 911 1.944 0.5627 0.7692
2MXL 912 2.051 0.5375 0.7308
2MXL 913 2.102 0.5205 0.7115
2MXL 914 1.915 0.5630 0.7692
2MXL 915 1.818 0.5915 0.7692
2MXL 916 1.956 0.5500 0.7436
2MXL 917 2.037 0.5520 0.7564
2MXL 918 2.037 0.5381 0.7500
2MXL 919 2.166 0.4933 0.7372
2MXL 920 2.001 0.5390 0.7372
2MXL 921 2.144 0.5296 0.7500
2MXL 922 2.046 0.5749 0.7628
2MXL 923 1.956 0.5799 0.7628
2MXL 924 1.866 0.5931 0.7821
2MXL 925 1.831 0.6168 0.7821
2MXL 926 1.946 0.5910 0.7756
2MXL 927 1.938 0.6055 0.7885
2MXL 928 1.909 0.5976 0.7692
2MXL 929 1.712 0.6419 0.8077
2MXL 930 1.863 0.5850 0.7756
2MXL 931 1.929 0.5721 0.7564
2MXL 932 2.086 0.5465 0.7436
2MXL 933 1.786 0.6083 0.7821
2MXL 934 1.901 0.5958 0.7628
2MXL 935 2.094 0.5607 0.7436
2MXL 936 2.025 0.5722 0.7564
2MXL 937 1.901 0.6134 0.7885
2MXL 938 1.836 0.5945 0.7821
2MXL 939 1.769 0.6067 0.7821
2MXL 940 2.059 0.5597 0.7564
2MXL 941 1.974 0.5710 0.7628
2MXL 942 1.953 0.5849 0.7756
2MXL 943 1.888 0.5774 0.7692
2MXL 944 1.889 0.5868 0.7756
2MXL 945 1.975 0.5682 0.7564
2MXL 946 1.931 0.5858 0.7628
2MXL 947 1.955 0.5911 0.7885
2MXL 948 1.952 0.5856 0.7756
2MXL 949 1.982 0.5788 0.7628
2MXL 950 1.904 0.5805 0.7756
2MXL 951 1.807 0.6136 0.7949
2MXL 952 1.683 0.6154 0.7885
2MXL 953 1.944 0.5719 0.7692
2MXL 954 2.050 0.5414 0.7564
2MXL 955 2.026 0.5731 0.7628
2MXL 956 1.856 0.5906 0.7692
2MXL 957 1.923 0.5632 0.7564
2MXL 958 1.842 0.5912 0.7628
2MXL 959 1.815 0.5972 0.7885
2MXL 960 1.935 0.5791 0.7821
2MXL 961 1.830 0.6253 0.8013
2MXL 962 1.857 0.5943 0.7821
2MXL 963 2.099 0.5568 0.7628
2MXL 964 1.827 0.6169 0.7949
2MXL 965 1.705 0.6108 0.7821
2MXL 966 1.774 0.6175 0.7885
2MXL 967 2.021 0.5497 0.7436
2MXL 968 1.952 0.5711 0.7564
2MXL 969 1.934 0.5777 0.7692
2MXL 970 1.910 0.6011 0.7949
2MXL 971 1.884 0.5870 0.7692
2MXL 972 1.826 0.6255 0.7885
2MXL 973 1.805 0.6235 0.7949
2MXL 974 1.854 0.5967 0.7885
2MXL 975 2.120 0.5775 0.7500
2MXL 976 2.040 0.5740 0.7692
2MXL 977 1.874 0.5953 0.7821
2MXL 978 1.861 0.5985 0.7821
2MXL 979 2.006 0.5851 0.7564
2MXL 980 2.113 0.5750 0.7628
2MXL 981 1.885 0.5957 0.7885
2MXL 982 1.832 0.6018 0.7821
2MXL 983 1.797 0.6019 0.7756
2MXL 984 2.096 0.5276 0.7244
2MXL 985 2.025 0.5438 0.7564
2MXL 986 2.132 0.5263 0.7372
2MXL 987 1.959 0.5824 0.7628
2MXL 988 1.824 0.6255 0.8077
2MXL 989 1.985 0.5916 0.7821
2MXL 990 2.242 0.5374 0.7372
2MXL 991 1.920 0.6152 0.7756
2MXL 992 2.098 0.5959 0.7885
2MXL 993 2.094 0.5993 0.7756
2MXL 994 2.221 0.5504 0.7500
2MXL 995 2.285 0.5385 0.7308
2MXL 996 1.991 0.5514 0.7628
2MXL 997 1.959 0.5949 0.7692
2MXL 998 1.979 0.5908 0.7692
2MXL 999 2.022 0.5652 0.7564
2MXL 1000 1.976 0.5707 0.7628
2MXL 1001 1.834 0.5924 0.7756
2MXL 1002 1.673 0.6399 0.8141
2MXL 1003 1.738 0.6296 0.7949
2MXL 1004 1.883 0.6095 0.7949
2MXL 1005 1.800 0.6332 0.8013
2MXL 1006 1.980 0.5762 0.7564
2MXL 1007 1.996 0.5765 0.7628
2MXL 1008 2.102 0.5360 0.7564
2MXL 1009 2.144 0.5194 0.7244
2MXL 1010 1.900 0.5840 0.7756
2MXL 1011 2.252 0.5370 0.7179
2MXL 1012 2.103 0.5725 0.7692
2MXL 1013 2.026 0.5731 0.7564
2MXL 1014 1.981 0.5782 0.7756
2MXL 1015 1.951 0.5689 0.7692
2MXL 1016 1.913 0.5967 0.7692
2MXL 1017 1.919 0.6069 0.7949
2MXL 1018 1.834 0.6077 0.7756
2MXL 1019 1.719 0.6459 0.8013
2MXL 1020 2.047 0.5618 0.7564
2MXL 1021 1.848 0.6069 0.7821
2MXL 1022 2.018 0.5948 0.7949
2MXL 1023 2.097 0.5894 0.7628
2MXL 1024 1.974 0.5884 0.7628
2MXL 1025 2.023 0.5830 0.7628
2MXL 1026 2.173 0.5419 0.7308
2MXL 1027 1.846 0.5939 0.7628
2MXL 1028 1.909 0.5873 0.7756
2MXL 1029 1.747 0.6268 0.8013
2MXL 1030 1.777 0.6390 0.8077
2MXL 1031 1.794 0.6311 0.8077
2MXL 1032 2.023 0.5695 0.7692
2MXL 1033 2.245 0.5168 0.7115
2MXL 1034 2.316 0.5054 0.7372
2MXL 1035 2.099 0.5629 0.7436
2MXL 1036 2.194 0.5122 0.7244
2MXL 1037 1.963 0.5867 0.7756
2MXL 1038 2.050 0.5543 0.7692
2MXL 1039 2.099 0.5439 0.7436
2MXL 1040 1.734 0.6136 0.7885
2MXL 1041 1.973 0.5780 0.7692
2MXL 1042 1.997 0.5883 0.7692
2MXL 1043 1.925 0.5977 0.7885
2MXL 1044 1.951 0.5869 0.7692
2MXL 1045 2.134 0.5727 0.7564
2MXL 1046 1.878 0.6038 0.7949
2MXL 1047 1.930 0.6186 0.7949
2MXL 1048 2.013 0.5798 0.7692
2MXL 1049 1.931 0.6062 0.7821
2MXL 1050 1.979 0.5945 0.7628
2MXL 1051 2.059 0.5551 0.7564
2MXL 1052 1.932 0.6051 0.7885
2MXL 1053 2.100 0.5673 0.7628
2MXL 1054 2.086 0.5848 0.7500
2MXL 1055 1.882 0.5975 0.7692
2MXL 1056 2.100 0.5931 0.7564
2MXL 1057 1.849 0.6051 0.7756
2MXL 1058 1.782 0.6133 0.7821
2MXL 1059 1.758 0.6523 0.8333
2MXL 1060 1.941 0.5967 0.7949
2MXL 1061 1.924 0.6298 0.8013
2MXL 1062 2.166 0.5393 0.7436
2MXL 1063 2.111 0.5532 0.7372
2MXL 1064 2.060 0.5691 0.7500
2MXL 1065 1.965 0.5824 0.7756
2MXL 1066 2.333 0.4949 0.7244
2MXL 1067 2.214 0.5116 0.7179
2MXL 1068 2.045 0.5483 0.7372
2MXL 1069 2.157 0.5152 0.7179
2MXL 1070 1.846 0.5973 0.7692
2MXL 1071 2.163 0.5539 0.7756
2MXL 1072 1.969 0.5890 0.7756
2MXL 1073 2.071 0.5717 0.7500
2MXL 1074 2.213 0.5275 0.7115
2MXL 1075 1.917 0.6059 0.7756
2MXL 1076 2.012 0.5663 0.7564
2MXL 1077 2.067 0.5487 0.7308
2MXL 1078 1.882 0.5821 0.7692
2MXL 1079 1.926 0.5949 0.7756
2MXL 1080 1.937 0.5717 0.7628
2MXL 1081 1.981 0.5623 0.7500
2MXL 1082 1.936 0.5961 0.7692
2MXL 1083 1.978 0.5752 0.7628
2MXL 1084 2.215 0.5614 0.7436
2MXL 1085 1.791 0.6224 0.8013
2MXL 1086 2.071 0.5570 0.7628
2MXL 1087 1.941 0.6083 0.7949
2MXL 1088 2.046 0.5715 0.7628
2MXL 1089 1.941 0.5734 0.7756
2MXL 1090 2.262 0.5112 0.7115
2MXL 1091 2.368 0.5017 0.7115
2MXL 1092 2.046 0.5436 0.7436
2MXL 1093 2.149 0.5286 0.7308
2MXL 1094 2.028 0.5558 0.7500
2MXL 1095 2.011 0.5701 0.7628
2MXL 1096 2.039 0.5470 0.7500
2MXL 1097 2.239 0.5111 0.7179
2MXL 1098 2.211 0.5223 0.7372
2MXL 1099 1.981 0.5653 0.7564
2MXL 1100 1.975 0.5837 0.7756
2MXL 1101 1.987 0.5649 0.7564
2MXL 1102 2.298 0.5331 0.7372
2MXL 1103 2.308 0.5350 0.7244
2MXL 1104 2.050 0.5982 0.7756
2MXL 1105 1.924 0.6026 0.7756
2MXL 1106 2.036 0.5937 0.7692
2MXL 1107 2.131 0.5807 0.7756
2MXL 1108 1.969 0.6081 0.7821
2MXL 1109 1.934 0.5700 0.7692
2MXL 1110 1.986 0.5655 0.7692
2MXL 1111 2.006 0.5736 0.7821
2MXL 1112 1.978 0.5844 0.7821
2MXL 1113 2.069 0.5784 0.7692
2MXL 1114 2.103 0.5712 0.7564
2MXL 1115 2.157 0.5374 0.7436
2MXL 1116 2.151 0.5322 0.7500
2MXL 1117 2.151 0.5511 0.7500
2MXL 1118 2.153 0.5268 0.7692
2MXL 1119 2.290 0.5015 0.7308
2MXL 1120 2.189 0.4931 0.7308
2MXL 1121 2.376 0.4662 0.6859
2MXL 1122 2.300 0.4631 0.7179
2MXL 1123 2.277 0.4553 0.7051
2MXL 1124 2.242 0.4893 0.7115
2MXL 1125 2.170 0.4982 0.7244
2MXL 1126 2.384 0.4547 0.6923
2MXL 1127 2.084 0.5201 0.7244
2MXL 1128 2.175 0.5138 0.7244
2MXL 1129 1.908 0.5733 0.7564
2MXL 1130 1.998 0.5577 0.7436
2MXL 1131 2.057 0.5418 0.7244
2MXL 1132 2.153 0.5024 0.7244
2MXL 1133 2.336 0.5028 0.7115
2MXL 1134 2.063 0.5455 0.7436
2MXL 1135 1.960 0.5991 0.7756
2MXL 1136 2.067 0.5747 0.7372
2MXL 1137 1.935 0.5964 0.7885
2MXL 1138 2.070 0.5517 0.7436
