1ZC5 1 0.000 1.0000 1.0000
1ZC5 2 1.013 0.7997 0.9329
1ZC5 3 2.409 0.6721 0.8232
1ZC5 4 1.625 0.7761 0.8902
1ZC5 5 2.561 0.6713 0.8354
1ZC5 6 0.666 0.9048 0.9817
1ZC5 7 2.689 0.6659 0.8232
1ZC5 8 2.928 0.6223 0.7927
1ZC5 9 1.861 0.7446 0.8841
1ZC5 10 1.661 0.7489 0.8902
1ZC5 11 0.700 0.8928 0.9817
1ZC5 12 2.581 0.6657 0.8232
1ZC5 13 2.743 0.6241 0.7866
1ZC5 14 1.761 0.7450 0.8963
1ZC5 15 1.871 0.7363 0.8841
1ZC5 16 1.635 0.7158 0.8841
1ZC5 17 2.514 0.6680 0.8415
1ZC5 18 1.652 0.7413 0.8780
1ZC5 19 1.414 0.7553 0.9085
1ZC5 20 2.532 0.6749 0.8415
1ZC5 21 11.720 0.1757 0.2988
1ZC5 22 7.519 0.3192 0.4573
1ZC5 23 8.991 0.3537 0.5122
1ZC5 24 13.558 0.1786 0.2988
1ZC5 25 11.638 0.1301 0.2012
1ZC5 26 11.261 0.1839 0.2988
1ZC5 27 13.856 0.1924 0.2500
1ZC5 28 11.156 0.2553 0.4024
1ZC5 29 13.141 0.1241 0.2012
1ZC5 30 8.427 0.2488 0.3963
1ZC5 31 8.209 0.2752 0.4695
1ZC5 32 11.618 0.2542 0.3841
1ZC5 33 10.231 0.2455 0.3720
1ZC5 34 10.215 0.2814 0.3963
1ZC5 35 15.858 0.1410 0.2561
1ZC5 36 13.426 0.2505 0.3354
1ZC5 37 6.986 0.2481 0.3963
1ZC5 38 11.609 0.3138 0.4329
1ZC5 39 13.414 0.2431 0.3659
1ZC5 40 9.702 0.3384 0.4756
1ZC5 41 7.423 0.3082 0.4329
1ZC5 42 9.941 0.2560 0.4024
1ZC5 43 12.882 0.2640 0.3354
1ZC5 44 14.285 0.2512 0.3476
1ZC5 45 11.351 0.2013 0.3354
1ZC5 46 9.711 0.3102 0.4390
1ZC5 47 6.702 0.2987 0.4634
1ZC5 48 13.690 0.2838 0.3780
1ZC5 49 10.313 0.2913 0.4024
1ZC5 50 13.128 0.2469 0.3841
1ZC5 51 7.354 0.3187 0.4878
1ZC5 52 9.785 0.3339 0.4939
1ZC5 53 9.220 0.3409 0.5000
1ZC5 54 4.822 0.3681 0.5549
1ZC5 55 4.953 0.3032 0.5122
1ZC5 56 5.177 0.3492 0.5610
1ZC5 57 4.570 0.4610 0.6524
1ZC5 58 6.697 0.3317 0.5244
1ZC5 59 6.814 0.3662 0.5610
1ZC5 60 5.162 0.4723 0.6463
1ZC5 61 12.353 0.1367 0.2500
1ZC5 62 13.091 0.1364 0.2317
1ZC5 63 8.840 0.2679 0.4268
1ZC5 64 11.607 0.1275 0.2378
1ZC5 65 17.577 0.1240 0.2012
1ZC5 66 10.765 0.1632 0.2622
1ZC5 67 8.753 0.2949 0.4024
1ZC5 68 13.814 0.2242 0.3598
1ZC5 69 13.838 0.1605 0.2866
1ZC5 70 9.482 0.2825 0.4268
1ZC5 71 13.528 0.2171 0.3293
1ZC5 72 10.346 0.1674 0.3049
1ZC5 73 7.862 0.2990 0.4146
1ZC5 74 10.686 0.2623 0.4024
1ZC5 75 14.249 0.1656 0.2378
1ZC5 76 14.242 0.2489 0.3232
1ZC5 77 11.714 0.2031 0.3110
1ZC5 78 13.237 0.1608 0.2439
1ZC5 79 10.767 0.3304 0.4329
1ZC5 80 15.715 0.2356 0.3354
1ZC5 81 13.096 0.2128 0.2988
1ZC5 82 12.819 0.1962 0.3171
1ZC5 83 13.028 0.2869 0.4024
1ZC5 84 7.109 0.3209 0.4878
1ZC5 85 15.338 0.2058 0.2988
1ZC5 86 7.721 0.3533 0.4512
1ZC5 87 9.178 0.3393 0.4878
1ZC5 88 8.340 0.4322 0.5488
1ZC5 89 13.843 0.2181 0.2988
1ZC5 90 6.466 0.3400 0.5610
1ZC5 91 11.331 0.3999 0.5427
1ZC5 92 11.097 0.3636 0.4695
1ZC5 93 10.168 0.2668 0.3841
1ZC5 94 8.298 0.4625 0.5854
1ZC5 95 8.063 0.3638 0.5366
1ZC5 96 5.614 0.4656 0.6280
1ZC5 97 8.324 0.3286 0.4512
1ZC5 98 8.232 0.4698 0.5976
1ZC5 99 5.912 0.4514 0.6159
1ZC5 100 9.028 0.4067 0.5366
1ZC5 101 13.013 0.1461 0.2195
1ZC5 102 17.189 0.1887 0.2622
1ZC5 103 12.746 0.2291 0.3293
1ZC5 104 12.622 0.1449 0.2622
1ZC5 105 10.881 0.2329 0.3659
1ZC5 106 15.347 0.1428 0.2195
1ZC5 107 15.904 0.1270 0.2317
1ZC5 108 8.811 0.2516 0.3780
1ZC5 109 9.682 0.2312 0.3354
1ZC5 110 9.914 0.2949 0.4024
1ZC5 111 15.457 0.1446 0.2439
1ZC5 112 9.193 0.2003 0.3232
1ZC5 113 9.585 0.2465 0.3963
1ZC5 114 6.507 0.2869 0.5183
1ZC5 115 12.416 0.1759 0.2500
1ZC5 116 7.166 0.3139 0.4939
1ZC5 117 8.676 0.2298 0.3659
1ZC5 118 14.623 0.1759 0.2866
1ZC5 119 13.590 0.2216 0.3049
1ZC5 120 12.306 0.1983 0.3049
1ZC5 121 8.965 0.2206 0.3232
1ZC5 122 9.318 0.3121 0.4512
1ZC5 123 15.387 0.2352 0.3537
1ZC5 124 13.209 0.2859 0.3963
1ZC5 125 9.818 0.2922 0.4329
1ZC5 126 9.801 0.2172 0.3354
1ZC5 127 7.673 0.4847 0.6037
1ZC5 128 12.283 0.3392 0.4756
1ZC5 129 12.055 0.2109 0.3537
1ZC5 130 8.341 0.3490 0.5000
1ZC5 131 7.431 0.3000 0.4939
1ZC5 132 8.157 0.3938 0.5671
1ZC5 133 10.410 0.1783 0.3232
1ZC5 134 8.602 0.3011 0.4207
1ZC5 135 10.008 0.2920 0.3902
1ZC5 136 7.698 0.4270 0.5793
1ZC5 137 7.698 0.3817 0.5610
1ZC5 138 7.621 0.4086 0.5488
1ZC5 139 7.266 0.4668 0.6220
1ZC5 140 8.263 0.4518 0.5976
1ZC5 141 14.513 0.1430 0.2195
1ZC5 142 8.779 0.2165 0.3780
1ZC5 143 10.892 0.1544 0.2805
1ZC5 144 12.269 0.1652 0.2561
1ZC5 145 9.794 0.1909 0.2744
1ZC5 146 10.216 0.1796 0.3232
1ZC5 147 13.678 0.1412 0.2561
1ZC5 148 13.053 0.1768 0.2744
1ZC5 149 11.482 0.1807 0.2805
1ZC5 150 13.483 0.1870 0.2744
1ZC5 151 10.112 0.2866 0.4146
1ZC5 152 11.193 0.1652 0.2622
1ZC5 153 9.562 0.1915 0.3110
1ZC5 154 14.172 0.1984 0.2622
1ZC5 155 14.305 0.1756 0.2805
1ZC5 156 10.126 0.1968 0.3171
1ZC5 157 10.856 0.2221 0.3293
1ZC5 158 15.368 0.1930 0.2988
1ZC5 159 14.080 0.1764 0.2744
1ZC5 160 10.771 0.2186 0.3232
1ZC5 161 12.420 0.2004 0.3354
1ZC5 162 16.940 0.2176 0.2927
1ZC5 163 14.778 0.2566 0.3780
1ZC5 164 10.474 0.2293 0.3537
1ZC5 165 11.333 0.1877 0.3110
1ZC5 166 12.313 0.2189 0.3354
1ZC5 167 6.653 0.4418 0.6098
1ZC5 168 7.725 0.4127 0.5854
1ZC5 169 8.102 0.4241 0.5549
1ZC5 170 9.328 0.3653 0.4817
1ZC5 171 10.674 0.3702 0.5061
1ZC5 172 11.193 0.4055 0.5366
1ZC5 173 9.808 0.3946 0.5183
1ZC5 174 11.432 0.3007 0.4451
1ZC5 175 7.941 0.3643 0.5305
1ZC5 176 11.994 0.2451 0.3963
1ZC5 177 7.828 0.4133 0.5671
1ZC5 178 11.428 0.3732 0.5366
1ZC5 179 7.739 0.3907 0.5549
1ZC5 180 6.176 0.4056 0.6037
1ZC5 181 9.459 0.3142 0.4390
1ZC5 182 9.863 0.2551 0.3841
1ZC5 183 16.185 0.1657 0.2500
1ZC5 184 11.406 0.1569 0.2317
1ZC5 185 13.259 0.1348 0.2195
1ZC5 186 13.938 0.1288 0.2195
1ZC5 187 12.224 0.2636 0.3659
1ZC5 188 16.866 0.1431 0.2256
1ZC5 189 12.955 0.1434 0.2378
1ZC5 190 14.497 0.1446 0.2134
1ZC5 191 9.049 0.2931 0.4085
1ZC5 192 9.288 0.2730 0.4329
1ZC5 193 13.180 0.1648 0.3110
1ZC5 194 10.885 0.2394 0.3293
1ZC5 195 12.631 0.1482 0.2134
1ZC5 196 12.377 0.1858 0.2744
1ZC5 197 8.795 0.3239 0.4329
1ZC5 198 13.375 0.1322 0.2195
1ZC5 199 9.812 0.3206 0.4512
1ZC5 200 7.350 0.2464 0.4390
1ZC5 201 11.911 0.1897 0.2744
1ZC5 202 11.945 0.2230 0.3476
1ZC5 203 15.103 0.2283 0.3110
1ZC5 204 9.503 0.3675 0.5183
1ZC5 205 8.799 0.3196 0.4695
1ZC5 206 8.109 0.3526 0.5061
1ZC5 207 6.776 0.3962 0.5610
1ZC5 208 12.679 0.2203 0.3171
1ZC5 209 7.036 0.3781 0.5732
1ZC5 210 10.754 0.2923 0.4085
1ZC5 211 8.726 0.2996 0.4146
1ZC5 212 9.107 0.3246 0.5061
1ZC5 213 7.860 0.4720 0.6159
1ZC5 214 9.100 0.3790 0.5183
1ZC5 215 10.134 0.3046 0.4268
1ZC5 216 7.567 0.4692 0.6280
1ZC5 217 8.070 0.4276 0.5793
1ZC5 218 9.002 0.4165 0.5732
1ZC5 219 8.041 0.4162 0.5732
1ZC5 220 6.896 0.4024 0.5976
1ZC5 221 13.047 0.1594 0.2378
1ZC5 222 11.273 0.1727 0.2744
1ZC5 223 14.355 0.1238 0.1890
1ZC5 224 12.957 0.1548 0.2500
1ZC5 225 12.211 0.1740 0.2927
1ZC5 226 12.730 0.1694 0.2317
1ZC5 227 11.186 0.1247 0.2317
1ZC5 228 13.834 0.1951 0.2683
1ZC5 229 10.862 0.1721 0.2805
1ZC5 230 14.258 0.1588 0.2317
1ZC5 231 10.380 0.1431 0.2683
1ZC5 232 16.769 0.2516 0.3415
1ZC5 233 12.422 0.1619 0.2439
1ZC5 234 6.768 0.2661 0.4634
1ZC5 235 9.150 0.3193 0.4329
1ZC5 236 17.339 0.1574 0.2439
1ZC5 237 9.423 0.2893 0.4268
1ZC5 238 11.990 0.2563 0.3598
1ZC5 239 9.911 0.1704 0.2988
1ZC5 240 8.062 0.3433 0.4634
1ZC5 241 9.159 0.2577 0.3902
1ZC5 242 8.283 0.3166 0.4573
1ZC5 243 13.479 0.2843 0.4207
1ZC5 244 12.020 0.2236 0.3293
1ZC5 245 6.962 0.5538 0.7012
1ZC5 246 13.607 0.2379 0.2988
1ZC5 247 11.125 0.2576 0.3537
1ZC5 248 6.123 0.3210 0.5122
1ZC5 249 9.691 0.3204 0.4573
1ZC5 250 8.345 0.3998 0.5854
1ZC5 251 8.187 0.3495 0.5305
1ZC5 252 11.388 0.2383 0.3476
1ZC5 253 10.941 0.3219 0.4756
1ZC5 254 10.964 0.2982 0.4817
1ZC5 255 6.308 0.3465 0.5305
1ZC5 256 10.236 0.3310 0.4573
1ZC5 257 6.933 0.3129 0.5000
1ZC5 258 14.302 0.2706 0.3659
1ZC5 259 6.172 0.5048 0.6402
1ZC5 260 11.008 0.3602 0.4695
1ZC5 261 8.319 0.2892 0.4268
1ZC5 262 10.557 0.1506 0.2744
1ZC5 263 11.938 0.2524 0.3537
1ZC5 264 12.406 0.1053 0.1951
1ZC5 265 12.720 0.2232 0.3902
1ZC5 266 11.817 0.1698 0.2561
1ZC5 267 10.858 0.1754 0.2988
1ZC5 268 13.481 0.1454 0.2317
1ZC5 269 12.688 0.1765 0.2622
1ZC5 270 14.643 0.1948 0.3232
1ZC5 271 11.534 0.2290 0.3598
1ZC5 272 10.967 0.1985 0.3110
1ZC5 273 10.759 0.2773 0.3780
1ZC5 274 10.413 0.1557 0.2561
1ZC5 275 9.318 0.3022 0.4634
1ZC5 276 9.537 0.3154 0.4207
1ZC5 277 10.679 0.2505 0.3598
1ZC5 278 7.494 0.2781 0.4573
1ZC5 279 11.266 0.2535 0.3476
1ZC5 280 16.031 0.1561 0.2744
1ZC5 281 9.398 0.3618 0.4878
1ZC5 282 14.643 0.2411 0.3659
1ZC5 283 15.403 0.2431 0.3293
1ZC5 284 7.018 0.3333 0.5122
1ZC5 285 10.542 0.2029 0.3049
1ZC5 286 9.407 0.2666 0.3841
1ZC5 287 14.874 0.3015 0.3659
1ZC5 288 9.425 0.2647 0.3659
1ZC5 289 8.401 0.3640 0.4878
1ZC5 290 7.907 0.3714 0.5305
1ZC5 291 9.540 0.4199 0.5671
1ZC5 292 10.890 0.3099 0.4634
1ZC5 293 11.522 0.4141 0.5427
1ZC5 294 7.694 0.3908 0.5366
1ZC5 295 7.574 0.4896 0.6220
1ZC5 296 8.485 0.4631 0.6037
1ZC5 297 9.614 0.3831 0.5427
1ZC5 298 7.827 0.4814 0.6402
1ZC5 299 8.578 0.4035 0.5366
1ZC5 300 7.556 0.4252 0.5976
1ZC5 301 12.978 0.1273 0.2073
1ZC5 302 13.273 0.1604 0.2439
1ZC5 303 11.601 0.1286 0.2134
1ZC5 304 11.131 0.1171 0.2073
1ZC5 305 12.397 0.1773 0.2866
1ZC5 306 14.999 0.1179 0.1890
1ZC5 307 11.171 0.1940 0.3049
1ZC5 308 13.818 0.1706 0.2866
1ZC5 309 13.351 0.1671 0.2683
1ZC5 310 11.135 0.2985 0.4085
1ZC5 311 12.192 0.1953 0.2927
1ZC5 312 15.238 0.1505 0.2561
1ZC5 313 8.063 0.2675 0.4573
1ZC5 314 16.449 0.1358 0.2317
1ZC5 315 9.695 0.2204 0.3354
1ZC5 316 11.623 0.1891 0.3293
1ZC5 317 9.108 0.2614 0.4329
1ZC5 318 8.297 0.3671 0.4817
1ZC5 319 14.177 0.1528 0.2744
1ZC5 320 17.013 0.2046 0.3110
1ZC5 321 12.724 0.1733 0.2744
1ZC5 322 13.379 0.2445 0.3598
1ZC5 323 11.515 0.2070 0.3415
1ZC5 324 9.600 0.2710 0.4268
1ZC5 325 10.238 0.3280 0.4207
1ZC5 326 9.985 0.3420 0.4695
1ZC5 327 8.650 0.3046 0.5061
1ZC5 328 12.300 0.3466 0.4390
1ZC5 329 7.377 0.3587 0.5000
1ZC5 330 7.508 0.4702 0.6341
1ZC5 331 8.350 0.3508 0.5000
1ZC5 332 7.065 0.4519 0.6098
1ZC5 333 8.692 0.4351 0.5793
1ZC5 334 9.672 0.3014 0.3963
1ZC5 335 7.487 0.3661 0.5366
1ZC5 336 7.775 0.4948 0.6280
1ZC5 337 11.644 0.2542 0.3720
1ZC5 338 11.439 0.2906 0.4207
1ZC5 339 5.647 0.4482 0.6220
1ZC5 340 8.386 0.4291 0.5732
1ZC5 341 15.185 0.1280 0.2134
1ZC5 342 8.348 0.2270 0.3902
1ZC5 343 13.196 0.2244 0.2988
1ZC5 344 11.200 0.1964 0.3415
1ZC5 345 9.955 0.2993 0.4085
1ZC5 346 8.463 0.3056 0.4329
1ZC5 347 14.355 0.1560 0.2439
1ZC5 348 14.648 0.1611 0.2378
1ZC5 349 15.907 0.1510 0.2622
1ZC5 350 10.214 0.2799 0.4024
1ZC5 351 14.893 0.1943 0.2988
1ZC5 352 18.503 0.1215 0.1829
1ZC5 353 8.101 0.2698 0.4512
1ZC5 354 15.276 0.1987 0.2988
1ZC5 355 14.788 0.1490 0.2561
1ZC5 356 9.614 0.3008 0.4268
1ZC5 357 13.244 0.1842 0.2927
1ZC5 358 16.442 0.2565 0.3598
1ZC5 359 7.879 0.3437 0.5305
1ZC5 360 9.787 0.3551 0.4634
1ZC5 361 7.732 0.4318 0.6037
1ZC5 362 6.671 0.2338 0.4146
1ZC5 363 9.434 0.2183 0.2988
1ZC5 364 10.188 0.3226 0.4268
1ZC5 365 10.751 0.3107 0.4390
1ZC5 366 7.401 0.4466 0.5915
1ZC5 367 7.783 0.3418 0.5366
1ZC5 368 7.493 0.2207 0.3780
1ZC5 369 10.324 0.2820 0.3902
1ZC5 370 10.777 0.3320 0.4512
1ZC5 371 7.194 0.4444 0.5976
1ZC5 372 9.118 0.3962 0.5488
1ZC5 373 8.109 0.4412 0.5976
1ZC5 374 9.653 0.2919 0.4390
1ZC5 375 9.316 0.4029 0.5488
1ZC5 376 8.467 0.3684 0.5305
1ZC5 377 7.878 0.4564 0.5915
1ZC5 378 8.864 0.3576 0.5122
1ZC5 379 7.803 0.4585 0.5915
1ZC5 380 8.928 0.2988 0.4878
1ZC5 381 14.335 0.1296 0.2012
1ZC5 382 14.679 0.1479 0.2378
1ZC5 383 15.851 0.1795 0.2744
1ZC5 384 14.256 0.1560 0.2683
1ZC5 385 15.156 0.2075 0.2622
1ZC5 386 12.782 0.1327 0.2012
1ZC5 387 13.158 0.2000 0.3171
1ZC5 388 13.259 0.1232 0.2256
1ZC5 389 14.254 0.2527 0.3476
1ZC5 390 11.823 0.1756 0.3171
1ZC5 391 12.582 0.2515 0.3841
1ZC5 392 8.877 0.2422 0.4634
1ZC5 393 9.086 0.2712 0.4268
1ZC5 394 10.324 0.2426 0.3780
1ZC5 395 9.495 0.3603 0.5061
1ZC5 396 11.172 0.3725 0.5000
1ZC5 397 10.133 0.3933 0.5244
1ZC5 398 8.209 0.4413 0.5854
1ZC5 399 10.397 0.2858 0.4207
1ZC5 400 13.486 0.2893 0.3902
1ZC5 401 15.332 0.1600 0.2683
1ZC5 402 11.028 0.2285 0.4024
1ZC5 403 9.625 0.4229 0.5427
1ZC5 404 10.033 0.3165 0.4512
1ZC5 405 9.275 0.2385 0.3780
1ZC5 406 9.641 0.3421 0.4939
1ZC5 407 9.926 0.3478 0.5000
1ZC5 408 8.710 0.4183 0.5610
1ZC5 409 8.920 0.4773 0.6159
1ZC5 410 9.770 0.3149 0.4451
1ZC5 411 10.347 0.3028 0.4634
1ZC5 412 12.034 0.3355 0.5000
1ZC5 413 13.906 0.2394 0.3476
1ZC5 414 9.700 0.3143 0.4390
1ZC5 415 7.931 0.2775 0.4878
1ZC5 416 8.896 0.4108 0.5793
1ZC5 417 9.036 0.4497 0.6280
1ZC5 418 11.509 0.3924 0.5244
1ZC5 419 9.025 0.4543 0.5915
1ZC5 420 8.916 0.5172 0.6585
1ZC5 421 1.165 0.7563 0.8902
1ZC5 422 1.687 0.6602 0.8354
1ZC5 423 1.705 0.6411 0.8232
1ZC5 424 1.565 0.6723 0.8415
1ZC5 425 1.690 0.6311 0.8171
1ZC5 426 1.636 0.6475 0.8171
1ZC5 427 1.617 0.6547 0.8232
1ZC5 428 1.621 0.6576 0.8293
1ZC5 429 1.609 0.6587 0.8232
1ZC5 430 1.624 0.6628 0.8293
1ZC5 431 1.658 0.6490 0.8293
1ZC5 432 1.653 0.6542 0.8354
1ZC5 433 1.641 0.6569 0.8354
1ZC5 434 1.657 0.6480 0.8293
1ZC5 435 1.629 0.6568 0.8293
1ZC5 436 1.639 0.6548 0.8293
1ZC5 437 1.643 0.6555 0.8293
1ZC5 438 1.643 0.6521 0.8354
1ZC5 439 1.646 0.6500 0.8293
1ZC5 440 1.620 0.6566 0.8354
1ZC5 441 1.629 0.6514 0.8293
1ZC5 442 1.617 0.6569 0.8293
1ZC5 443 1.621 0.6543 0.8293
1ZC5 444 1.632 0.6531 0.8354
1ZC5 445 1.624 0.6537 0.8293
1ZC5 446 1.592 0.6637 0.8293
1ZC5 447 1.615 0.6627 0.8293
1ZC5 448 1.622 0.6635 0.8293
1ZC5 449 1.637 0.6658 0.8232
1ZC5 450 1.671 0.6536 0.8232
1ZC5 451 1.649 0.6521 0.8293
1ZC5 452 1.669 0.6484 0.8171
1ZC5 453 1.667 0.6466 0.8171
1ZC5 454 1.707 0.6352 0.8110
1ZC5 455 1.671 0.6428 0.8171
1ZC5 456 1.713 0.6347 0.8110
1ZC5 457 1.692 0.6376 0.8171
1ZC5 458 1.682 0.6437 0.8110
1ZC5 459 1.723 0.6314 0.8110
1ZC5 460 1.708 0.6377 0.8110
1ZC5 461 1.688 0.6435 0.8110
1ZC5 462 1.716 0.6308 0.8049
1ZC5 463 1.750 0.6236 0.8049
1ZC5 464 1.698 0.6289 0.8049
1ZC5 465 1.734 0.6228 0.8110
1ZC5 466 1.752 0.6217 0.8049
1ZC5 467 1.694 0.6419 0.8110
1ZC5 468 1.687 0.6473 0.8110
1ZC5 469 1.765 0.6305 0.8049
1ZC5 470 1.704 0.6313 0.8171
1ZC5 471 1.732 0.6270 0.8110
1ZC5 472 1.700 0.6342 0.8110
1ZC5 473 1.692 0.6406 0.8049
1ZC5 474 1.702 0.6339 0.8110
1ZC5 475 1.706 0.6335 0.8110
1ZC5 476 1.706 0.6380 0.8110
1ZC5 477 1.705 0.6368 0.8232
1ZC5 478 1.727 0.6276 0.8049
1ZC5 479 1.701 0.6307 0.8049
1ZC5 480 1.762 0.6177 0.7988
1ZC5 481 1.749 0.6224 0.8049
1ZC5 482 1.749 0.6299 0.8049
1ZC5 483 1.757 0.6285 0.8049
1ZC5 484 1.759 0.6257 0.8110
1ZC5 485 1.768 0.6198 0.8232
1ZC5 486 1.778 0.6198 0.8171
1ZC5 487 1.790 0.6210 0.8049
1ZC5 488 1.774 0.6148 0.7927
1ZC5 489 1.760 0.6187 0.8110
1ZC5 490 1.767 0.6183 0.8110
1ZC5 491 1.804 0.5995 0.7988
1ZC5 492 1.809 0.6073 0.7988
1ZC5 493 1.790 0.6170 0.7927
1ZC5 494 1.781 0.6140 0.8049
1ZC5 495 1.797 0.6164 0.8049
1ZC5 496 1.802 0.6201 0.8049
1ZC5 497 1.775 0.6166 0.7988
1ZC5 498 1.780 0.6164 0.8171
1ZC5 499 1.848 0.6075 0.7988
1ZC5 500 1.797 0.6194 0.8110
1ZC5 501 1.852 0.6064 0.7988
1ZC5 502 1.835 0.6059 0.8049
1ZC5 503 1.830 0.6150 0.8049
1ZC5 504 1.905 0.5979 0.7927
1ZC5 505 1.893 0.5954 0.7988
1ZC5 506 1.930 0.5927 0.7988
1ZC5 507 1.927 0.6023 0.7988
1ZC5 508 1.870 0.6167 0.7988
1ZC5 509 1.815 0.6111 0.7988
1ZC5 510 1.781 0.6202 0.8171
1ZC5 511 1.865 0.6131 0.8049
1ZC5 512 1.872 0.6117 0.7927
1ZC5 513 1.847 0.6165 0.8110
1ZC5 514 1.840 0.6047 0.7988
1ZC5 515 1.895 0.6030 0.7988
1ZC5 516 1.844 0.6116 0.7988
1ZC5 517 1.893 0.6007 0.7988
1ZC5 518 1.857 0.6122 0.7927
1ZC5 519 1.834 0.6118 0.7988
1ZC5 520 1.944 0.5918 0.7988
1ZC5 521 1.979 0.5891 0.7866
1ZC5 522 1.917 0.6079 0.7988
1ZC5 523 1.963 0.5945 0.7866
1ZC5 524 1.743 0.6383 0.8171
1ZC5 525 1.809 0.6134 0.7927
1ZC5 526 1.849 0.6112 0.7927
1ZC5 527 1.854 0.6252 0.8049
1ZC5 528 1.827 0.6335 0.8171
1ZC5 529 1.919 0.5937 0.7866
1ZC5 530 1.920 0.5912 0.7866
1ZC5 531 1.990 0.5825 0.7866
1ZC5 532 2.024 0.6004 0.7805
1ZC5 533 2.015 0.5919 0.7744
1ZC5 534 2.054 0.5886 0.7683
1ZC5 535 1.982 0.6231 0.7988
1ZC5 536 2.055 0.5812 0.7744
1ZC5 537 1.998 0.6149 0.7866
1ZC5 538 2.080 0.6017 0.7866
1ZC5 539 2.071 0.6028 0.7805
1ZC5 540 2.106 0.6004 0.7805
1ZC5 541 2.026 0.6314 0.7927
1ZC5 542 2.098 0.6077 0.7927
1ZC5 543 2.119 0.5966 0.7805
1ZC5 544 2.050 0.6129 0.8049
1ZC5 545 2.124 0.5973 0.7744
1ZC5 546 2.167 0.5969 0.7805
1ZC5 547 2.254 0.5504 0.7622
1ZC5 548 2.240 0.5468 0.7561
1ZC5 549 2.234 0.5497 0.7622
1ZC5 550 2.106 0.5634 0.7683
1ZC5 551 2.115 0.5690 0.7744
1ZC5 552 2.186 0.5590 0.7561
1ZC5 553 2.198 0.5626 0.7622
1ZC5 554 2.232 0.5554 0.7683
1ZC5 555 2.321 0.5328 0.7500
1ZC5 556 2.274 0.5484 0.7561
1ZC5 557 2.388 0.5332 0.7378
1ZC5 558 2.497 0.5194 0.7012
1ZC5 559 2.360 0.5567 0.7500
1ZC5 560 2.347 0.5350 0.7195
1ZC5 561 2.379 0.5263 0.7256
1ZC5 562 2.436 0.5341 0.7195
1ZC5 563 2.475 0.5218 0.7195
1ZC5 564 2.398 0.5432 0.7195
1ZC5 565 2.434 0.5397 0.7256
1ZC5 566 2.434 0.5332 0.7256
1ZC5 567 2.513 0.5173 0.7134
1ZC5 568 2.581 0.5023 0.7073
1ZC5 569 2.481 0.5166 0.7317
1ZC5 570 2.453 0.5221 0.7134
1ZC5 571 2.528 0.5068 0.7073
1ZC5 572 2.475 0.5135 0.7073
1ZC5 573 2.539 0.5170 0.7134
1ZC5 574 2.538 0.5199 0.7073
1ZC5 575 2.527 0.5280 0.7134
1ZC5 576 2.527 0.5189 0.7134
1ZC5 577 2.424 0.5394 0.7073
1ZC5 578 2.494 0.5182 0.7073
1ZC5 579 2.469 0.5093 0.7134
1ZC5 580 2.529 0.4913 0.7073
1ZC5 581 2.479 0.5016 0.7012
1ZC5 582 2.502 0.5017 0.7012
1ZC5 583 2.556 0.4878 0.7012
1ZC5 584 2.521 0.4931 0.7073
1ZC5 585 2.564 0.4813 0.7012
1ZC5 586 2.484 0.5012 0.7073
1ZC5 587 2.532 0.4961 0.7073
1ZC5 588 2.451 0.5081 0.7073
1ZC5 589 2.564 0.4864 0.6951
1ZC5 590 2.554 0.4880 0.6951
1ZC5 591 2.637 0.4798 0.6951
1ZC5 592 2.481 0.4941 0.7073
1ZC5 593 2.538 0.4836 0.7012
1ZC5 594 2.563 0.4939 0.7012
1ZC5 595 2.493 0.5097 0.7073
1ZC5 596 2.462 0.5065 0.7134
1ZC5 597 2.558 0.4838 0.7134
1ZC5 598 2.588 0.4927 0.7012
1ZC5 599 2.434 0.5037 0.7195
1ZC5 600 2.551 0.4860 0.7012
1ZC5 601 2.623 0.4611 0.6951
1ZC5 602 2.630 0.4646 0.6951
1ZC5 603 2.554 0.4859 0.7012
1ZC5 604 2.541 0.4848 0.7073
1ZC5 605 2.497 0.4756 0.6951
1ZC5 606 2.468 0.4795 0.7134
1ZC5 607 2.436 0.4874 0.7073
1ZC5 608 2.545 0.4747 0.6951
1ZC5 609 2.599 0.4531 0.6890
1ZC5 610 2.451 0.4841 0.7073
1ZC5 611 2.596 0.4748 0.6951
1ZC5 612 2.506 0.4804 0.7012
1ZC5 613 2.491 0.5030 0.7073
1ZC5 614 2.499 0.4968 0.7012
1ZC5 615 2.500 0.4909 0.7073
1ZC5 616 2.642 0.4689 0.6829
1ZC5 617 2.593 0.4839 0.7012
1ZC5 618 2.535 0.4787 0.6951
1ZC5 619 2.508 0.4773 0.7073
1ZC5 620 2.501 0.4931 0.7012
1ZC5 621 2.562 0.4719 0.6829
1ZC5 622 2.559 0.4683 0.6890
1ZC5 623 2.543 0.4767 0.7012
1ZC5 624 2.508 0.4850 0.7073
1ZC5 625 2.476 0.4947 0.7012
1ZC5 626 2.600 0.5143 0.7073
1ZC5 627 2.598 0.5150 0.7012
1ZC5 628 2.457 0.5342 0.7134
1ZC5 629 2.445 0.5251 0.7073
1ZC5 630 2.475 0.5295 0.7317
1ZC5 631 2.496 0.5231 0.7256
1ZC5 632 2.472 0.5252 0.7256
1ZC5 633 2.571 0.5293 0.7134
1ZC5 634 2.616 0.5068 0.7195
1ZC5 635 2.634 0.5018 0.7073
1ZC5 636 2.550 0.4908 0.7134
1ZC5 637 2.473 0.4926 0.7073
1ZC5 638 2.452 0.4977 0.7134
1ZC5 639 2.450 0.4858 0.7134
1ZC5 640 2.462 0.5060 0.7073
1ZC5 641 2.571 0.4804 0.7012
1ZC5 642 2.480 0.5005 0.7195
1ZC5 643 2.567 0.5038 0.7134
1ZC5 644 2.612 0.4971 0.6951
1ZC5 645 2.163 0.5738 0.7378
1ZC5 646 2.455 0.5213 0.7134
1ZC5 647 2.660 0.4979 0.7073
1ZC5 648 2.598 0.5068 0.7073
1ZC5 649 2.449 0.5278 0.7134
1ZC5 650 2.447 0.5207 0.7195
1ZC5 651 2.447 0.5222 0.7195
1ZC5 652 2.534 0.5099 0.7134
1ZC5 653 2.553 0.4910 0.7073
1ZC5 654 2.596 0.4975 0.7012
1ZC5 655 2.584 0.5121 0.7012
1ZC5 656 2.611 0.5214 0.7134
1ZC5 657 2.528 0.5386 0.7195
1ZC5 658 2.524 0.5420 0.7195
1ZC5 659 2.459 0.5192 0.7073
1ZC5 660 2.646 0.5009 0.6890
1ZC5 661 2.453 0.5216 0.7256
1ZC5 662 2.485 0.5196 0.7134
1ZC5 663 2.470 0.5312 0.7195
1ZC5 664 2.392 0.5159 0.7256
1ZC5 665 2.443 0.5197 0.7134
1ZC5 666 2.494 0.5113 0.7012
1ZC5 667 2.554 0.4946 0.6829
1ZC5 668 2.436 0.5122 0.7073
1ZC5 669 2.400 0.5252 0.7195
1ZC5 670 2.441 0.5439 0.7317
1ZC5 671 2.429 0.5304 0.7073
1ZC5 672 2.400 0.5207 0.7256
1ZC5 673 2.438 0.5039 0.7134
1ZC5 674 2.350 0.5301 0.7134
1ZC5 675 2.324 0.5580 0.7378
1ZC5 676 2.351 0.5346 0.7256
1ZC5 677 2.458 0.5200 0.7073
1ZC5 678 2.460 0.5096 0.7134
1ZC5 679 2.481 0.5186 0.7134
1ZC5 680 2.497 0.5159 0.7256
1ZC5 681 2.374 0.5017 0.7317
1ZC5 682 2.539 0.5173 0.7134
1ZC5 683 2.608 0.5085 0.7012
1ZC5 684 2.472 0.5021 0.7195
1ZC5 685 2.597 0.5006 0.7195
1ZC5 686 2.377 0.5447 0.7378
1ZC5 687 2.317 0.5678 0.7683
1ZC5 688 2.297 0.5849 0.7805
1ZC5 689 2.311 0.5670 0.7561
1ZC5 690 2.373 0.5744 0.7683
1ZC5 691 2.399 0.5680 0.7683
1ZC5 692 2.351 0.5716 0.7500
1ZC5 693 2.322 0.5654 0.7622
1ZC5 694 2.502 0.5804 0.7683
1ZC5 695 2.416 0.5931 0.7744
1ZC5 696 2.565 0.5625 0.7500
1ZC5 697 2.459 0.5686 0.7561
1ZC5 698 2.441 0.5630 0.7439
1ZC5 699 2.457 0.5575 0.7439
1ZC5 700 2.311 0.5732 0.7561
1ZC5 701 2.365 0.5606 0.7439
1ZC5 702 2.483 0.5518 0.7378
1ZC5 703 2.473 0.5473 0.7378
1ZC5 704 2.384 0.5589 0.7439
1ZC5 705 2.442 0.5527 0.7439
1ZC5 706 2.318 0.5542 0.7500
1ZC5 707 2.460 0.5217 0.7134
1ZC5 708 2.543 0.5155 0.7195
1ZC5 709 2.411 0.5607 0.7439
1ZC5 710 2.393 0.5697 0.7561
1ZC5 711 2.529 0.5367 0.7317
1ZC5 712 2.403 0.5551 0.7439
1ZC5 713 2.341 0.5688 0.7500
1ZC5 714 2.371 0.5423 0.7378
1ZC5 715 2.511 0.5469 0.7317
1ZC5 716 2.532 0.5279 0.7195
1ZC5 717 2.529 0.5260 0.7134
1ZC5 718 2.528 0.5395 0.7256
1ZC5 719 2.524 0.5486 0.7195
1ZC5 720 2.464 0.5267 0.7256
1ZC5 721 2.469 0.5418 0.7317
1ZC5 722 2.550 0.5455 0.7378
1ZC5 723 2.308 0.5637 0.7439
1ZC5 724 2.402 0.5374 0.7378
1ZC5 725 2.464 0.5555 0.7256
1ZC5 726 2.359 0.5559 0.7378
1ZC5 727 2.479 0.5425 0.7256
1ZC5 728 2.476 0.5326 0.7256
1ZC5 729 2.244 0.5613 0.7378
1ZC5 730 2.461 0.5491 0.7256
1ZC5 731 2.461 0.5474 0.7256
1ZC5 732 2.525 0.5514 0.7317
1ZC5 733 2.516 0.5427 0.7317
1ZC5 734 2.480 0.5592 0.7439
1ZC5 735 2.509 0.5481 0.7317
1ZC5 736 2.579 0.5453 0.7256
1ZC5 737 2.503 0.5529 0.7500
1ZC5 738 2.346 0.5513 0.7439
1ZC5 739 2.441 0.5461 0.7317
1ZC5 740 2.457 0.5521 0.7378
1ZC5 741 2.351 0.5635 0.7439
1ZC5 742 2.727 0.5143 0.7134
1ZC5 743 2.638 0.5295 0.7256
1ZC5 744 2.310 0.5646 0.7500
1ZC5 745 2.424 0.5355 0.7256
1ZC5 746 2.284 0.5467 0.7378
1ZC5 747 2.523 0.5347 0.7317
1ZC5 748 2.392 0.5684 0.7317
1ZC5 749 2.299 0.5666 0.7500
1ZC5 750 2.455 0.5322 0.7317
1ZC5 751 2.405 0.5683 0.7500
1ZC5 752 2.410 0.5656 0.7500
1ZC5 753 2.355 0.5848 0.7561
1ZC5 754 2.469 0.5413 0.7256
1ZC5 755 2.382 0.5497 0.7378
1ZC5 756 2.333 0.5457 0.7439
1ZC5 757 2.310 0.5644 0.7561
1ZC5 758 2.408 0.5538 0.7378
1ZC5 759 2.436 0.5655 0.7561
1ZC5 760 2.351 0.5509 0.7378
1ZC5 761 2.325 0.5574 0.7378
1ZC5 762 2.411 0.5582 0.7500
1ZC5 763 2.462 0.5399 0.7378
1ZC5 764 2.466 0.5358 0.7317
1ZC5 765 2.311 0.5759 0.7622
1ZC5 766 2.525 0.5404 0.7439
1ZC5 767 2.480 0.5471 0.7378
1ZC5 768 2.570 0.5316 0.7317
1ZC5 769 2.452 0.5552 0.7500
1ZC5 770 2.257 0.5656 0.7561
1ZC5 771 2.492 0.5498 0.7500
1ZC5 772 2.461 0.5790 0.7561
1ZC5 773 2.431 0.5830 0.7622
1ZC5 774 2.452 0.5384 0.7317
1ZC5 775 2.504 0.5543 0.7439
1ZC5 776 2.477 0.5451 0.7378
1ZC5 777 2.568 0.5635 0.7439
1ZC5 778 2.591 0.5699 0.7500
1ZC5 779 2.477 0.5589 0.7439
1ZC5 780 2.432 0.5594 0.7500
1ZC5 781 2.394 0.5498 0.7500
1ZC5 782 2.558 0.5494 0.7378
1ZC5 783 2.601 0.5273 0.7317
1ZC5 784 2.446 0.5599 0.7500
1ZC5 785 2.453 0.5353 0.7256
1ZC5 786 2.580 0.5553 0.7439
1ZC5 787 2.654 0.5360 0.7317
1ZC5 788 2.473 0.5257 0.7439
1ZC5 789 2.544 0.5327 0.7256
1ZC5 790 2.566 0.5368 0.7256
1ZC5 791 2.502 0.5135 0.7256
1ZC5 792 2.438 0.5314 0.7378
1ZC5 793 2.457 0.5431 0.7378
1ZC5 794 2.360 0.5727 0.7500
1ZC5 795 2.490 0.5180 0.7073
1ZC5 796 2.476 0.5481 0.7378
1ZC5 797 2.423 0.5584 0.7439
1ZC5 798 2.373 0.5513 0.7195
1ZC5 799 2.414 0.5336 0.7378
1ZC5 800 2.505 0.5621 0.7439
1ZC5 801 2.406 0.5732 0.7561
1ZC5 802 2.328 0.5557 0.7317
1ZC5 803 2.411 0.5416 0.7378
1ZC5 804 2.382 0.5678 0.7500
1ZC5 805 2.632 0.5451 0.7256
1ZC5 806 2.476 0.5573 0.7378
1ZC5 807 2.552 0.5539 0.7256
1ZC5 808 2.682 0.5206 0.7073
1ZC5 809 2.557 0.5552 0.7439
1ZC5 810 2.729 0.5430 0.7256
1ZC5 811 2.503 0.5654 0.7622
1ZC5 812 2.452 0.5508 0.7439
1ZC5 813 2.436 0.5833 0.7561
1ZC5 814 2.506 0.5676 0.7683
1ZC5 815 2.624 0.5450 0.7500
1ZC5 816 2.716 0.5370 0.7256
1ZC5 817 2.662 0.5269 0.7317
1ZC5 818 2.424 0.5699 0.7622
1ZC5 819 2.609 0.5619 0.7439
1ZC5 820 2.578 0.5493 0.7256
1ZC5 821 2.500 0.5638 0.7378
1ZC5 822 2.682 0.5466 0.7256
1ZC5 823 2.605 0.5480 0.7439
1ZC5 824 2.608 0.5697 0.7561
1ZC5 825 2.530 0.5611 0.7256
1ZC5 826 2.562 0.5396 0.7256
1ZC5 827 2.585 0.5308 0.7195
1ZC5 828 2.559 0.5581 0.7378
1ZC5 829 2.763 0.5322 0.7195
1ZC5 830 2.628 0.5346 0.7317
1ZC5 831 2.797 0.5340 0.7195
1ZC5 832 2.725 0.5288 0.7134
1ZC5 833 2.747 0.5176 0.7195
1ZC5 834 2.991 0.4870 0.7012
1ZC5 835 2.795 0.4847 0.7012
1ZC5 836 2.982 0.4682 0.6890
1ZC5 837 2.766 0.5131 0.7073
1ZC5 838 2.963 0.4654 0.6829
1ZC5 839 3.002 0.4599 0.6646
1ZC5 840 2.805 0.4832 0.6951
1ZC5 841 2.760 0.4675 0.6829
1ZC5 842 2.854 0.4626 0.6829
1ZC5 843 2.959 0.4626 0.6707
1ZC5 844 2.833 0.4740 0.6829
1ZC5 845 2.676 0.4877 0.6951
1ZC5 846 2.866 0.4645 0.6829
1ZC5 847 2.862 0.4772 0.6951
1ZC5 848 2.851 0.4944 0.7012
1ZC5 849 2.825 0.4651 0.6829
1ZC5 850 2.888 0.4462 0.6646
1ZC5 851 2.752 0.4723 0.6951
1ZC5 852 3.134 0.4507 0.6646
1ZC5 853 2.872 0.4814 0.7012
1ZC5 854 2.887 0.4681 0.6829
1ZC5 855 2.874 0.4494 0.6829
1ZC5 856 2.823 0.4534 0.6707
1ZC5 857 2.812 0.4776 0.6768
1ZC5 858 2.924 0.4588 0.6890
1ZC5 859 3.000 0.4761 0.6951
1ZC5 860 2.708 0.5203 0.7073
1ZC5 861 2.994 0.4678 0.6951
1ZC5 862 2.809 0.4861 0.7012
1ZC5 863 2.766 0.4951 0.6951
1ZC5 864 2.699 0.5232 0.7195
1ZC5 865 2.946 0.4898 0.7012
1ZC5 866 2.967 0.5000 0.7073
1ZC5 867 2.577 0.5169 0.7134
1ZC5 868 2.612 0.5211 0.7195
1ZC5 869 2.969 0.4832 0.6890
1ZC5 870 2.832 0.4889 0.6890
1ZC5 871 2.966 0.4603 0.6829
1ZC5 872 2.887 0.4736 0.6951
1ZC5 873 2.898 0.4789 0.6951
1ZC5 874 2.762 0.4857 0.6951
1ZC5 875 2.820 0.4760 0.7012
1ZC5 876 3.016 0.4675 0.6768
1ZC5 877 2.903 0.4704 0.6829
1ZC5 878 2.787 0.4727 0.6768
1ZC5 879 2.933 0.4523 0.6707
1ZC5 880 3.104 0.4593 0.6585
1ZC5 881 2.944 0.4645 0.6768
1ZC5 882 3.007 0.4498 0.6890
1ZC5 883 3.195 0.4468 0.6585
1ZC5 884 2.908 0.4737 0.6829
1ZC5 885 2.980 0.4420 0.6646
1ZC5 886 2.955 0.4845 0.6890
1ZC5 887 3.128 0.4618 0.6524
1ZC5 888 3.024 0.4790 0.6646
1ZC5 889 2.907 0.4819 0.6829
1ZC5 890 2.971 0.4737 0.6829
1ZC5 891 2.933 0.4835 0.6890
1ZC5 892 2.884 0.4740 0.6890
1ZC5 893 2.768 0.4820 0.6829
1ZC5 894 3.043 0.4673 0.6829
1ZC5 895 2.887 0.4470 0.6768
1ZC5 896 2.919 0.4860 0.6890
1ZC5 897 2.819 0.4628 0.6707
1ZC5 898 2.805 0.4780 0.6890
1ZC5 899 3.198 0.4343 0.6463
1ZC5 900 3.162 0.4094 0.6280
1ZC5 901 3.318 0.4258 0.6524
1ZC5 902 2.814 0.4679 0.6829
1ZC5 903 2.783 0.4641 0.6707
1ZC5 904 3.009 0.4387 0.6463
1ZC5 905 2.847 0.4504 0.6646
1ZC5 906 2.855 0.4491 0.6585
1ZC5 907 2.909 0.4717 0.6707
1ZC5 908 2.803 0.4791 0.6768
1ZC5 909 2.964 0.4756 0.6829
1ZC5 910 2.837 0.4970 0.6890
1ZC5 911 3.045 0.4759 0.6707
1ZC5 912 3.227 0.4734 0.6707
1ZC5 913 3.069 0.4917 0.6890
1ZC5 914 3.205 0.4482 0.6585
1ZC5 915 2.896 0.4535 0.6585
1ZC5 916 3.051 0.4878 0.6829
1ZC5 917 3.253 0.4743 0.6768
1ZC5 918 3.143 0.4449 0.6707
1ZC5 919 2.934 0.4780 0.6646
1ZC5 920 3.131 0.4171 0.6463
1ZC5 921 2.983 0.4475 0.6646
1ZC5 922 2.979 0.4587 0.6707
1ZC5 923 2.994 0.4830 0.6768
1ZC5 924 2.951 0.4578 0.6768
1ZC5 925 3.041 0.4360 0.6829
1ZC5 926 2.674 0.5497 0.7317
1ZC5 927 3.013 0.5374 0.7317
1ZC5 928 3.202 0.5278 0.7012
1ZC5 929 2.920 0.5219 0.7073
1ZC5 930 2.853 0.5013 0.7012
1ZC5 931 2.605 0.5163 0.7073
1ZC5 932 3.036 0.4715 0.6829
1ZC5 933 2.923 0.5033 0.7134
1ZC5 934 2.927 0.4872 0.6890
1ZC5 935 2.911 0.4895 0.6829
1ZC5 936 2.844 0.4731 0.6890
1ZC5 937 3.065 0.4456 0.6585
1ZC5 938 2.852 0.4412 0.6524
1ZC5 939 2.975 0.4429 0.6646
1ZC5 940 3.149 0.4122 0.6524
1ZC5 941 3.204 0.4125 0.6402
1ZC5 942 2.896 0.4769 0.6768
1ZC5 943 2.997 0.4332 0.6524
1ZC5 944 3.154 0.4170 0.6463
1ZC5 945 3.101 0.4262 0.6524
1ZC5 946 3.163 0.4467 0.6646
1ZC5 947 3.063 0.4125 0.6585
1ZC5 948 3.153 0.4263 0.6341
1ZC5 949 2.994 0.4301 0.6463
1ZC5 950 3.096 0.4333 0.6585
1ZC5 951 3.085 0.4285 0.6646
1ZC5 952 2.872 0.4514 0.6707
1ZC5 953 2.907 0.4653 0.6646
1ZC5 954 2.891 0.4564 0.6646
1ZC5 955 2.838 0.4641 0.6646
1ZC5 956 2.850 0.4592 0.6585
1ZC5 957 3.133 0.4376 0.6402
1ZC5 958 3.081 0.4206 0.6402
1ZC5 959 2.779 0.4689 0.6707
1ZC5 960 2.893 0.4440 0.6646
1ZC5 961 2.791 0.4740 0.6829
1ZC5 962 2.985 0.4603 0.6585
1ZC5 963 3.165 0.4376 0.6585
1ZC5 964 2.886 0.4640 0.6829
1ZC5 965 2.917 0.4603 0.6768
1ZC5 966 2.985 0.4338 0.6524
1ZC5 967 2.783 0.4645 0.6646
1ZC5 968 2.848 0.4539 0.6585
1ZC5 969 2.879 0.4324 0.6524
1ZC5 970 2.744 0.4828 0.6951
1ZC5 971 2.856 0.4504 0.6585
1ZC5 972 2.835 0.4855 0.6707
1ZC5 973 3.152 0.4433 0.6524
1ZC5 974 2.900 0.4848 0.6768
1ZC5 975 2.647 0.4706 0.6707
1ZC5 976 3.026 0.4330 0.6463
1ZC5 977 2.837 0.4815 0.6829
1ZC5 978 2.823 0.5166 0.7012
1ZC5 979 2.882 0.4264 0.6585
1ZC5 980 2.937 0.4382 0.6524
1ZC5 981 2.670 0.4739 0.6768
1ZC5 982 2.952 0.4363 0.6585
1ZC5 983 2.827 0.4736 0.6951
1ZC5 984 2.791 0.4614 0.6707
1ZC5 985 2.828 0.4623 0.6768
1ZC5 986 2.774 0.4950 0.6890
1ZC5 987 2.941 0.4295 0.6585
1ZC5 988 2.960 0.4440 0.6585
1ZC5 989 2.898 0.4500 0.6646
1ZC5 990 2.843 0.4618 0.6646
1ZC5 991 2.869 0.4844 0.6890
1ZC5 992 2.651 0.4649 0.6890
1ZC5 993 2.600 0.4942 0.7012
1ZC5 994 2.828 0.4910 0.6829
1ZC5 995 3.190 0.4179 0.6341
1ZC5 996 2.736 0.4817 0.6829
1ZC5 997 2.835 0.4914 0.6890
1ZC5 998 2.858 0.4736 0.6707
1ZC5 999 2.869 0.4717 0.6707
1ZC5 1000 3.086 0.4081 0.6402
1ZC5 1001 2.869 0.4919 0.6768
1ZC5 1002 2.764 0.5029 0.6951
1ZC5 1003 2.823 0.4954 0.6768
1ZC5 1004 2.789 0.4783 0.6707
1ZC5 1005 2.949 0.4372 0.6707
1ZC5 1006 3.047 0.4391 0.6585
1ZC5 1007 2.836 0.4506 0.6829
1ZC5 1008 3.006 0.4232 0.6585
1ZC5 1009 2.857 0.5033 0.6951
1ZC5 1010 2.868 0.4939 0.6829
1ZC5 1011 2.647 0.5223 0.7134
1ZC5 1012 3.147 0.4247 0.6280
1ZC5 1013 2.946 0.4428 0.6707
1ZC5 1014 2.641 0.4953 0.6951
1ZC5 1015 2.880 0.4427 0.6646
1ZC5 1016 2.932 0.4301 0.6646
1ZC5 1017 2.732 0.4765 0.6890
1ZC5 1018 2.688 0.4707 0.6707
1ZC5 1019 2.835 0.4690 0.6768
1ZC5 1020 2.906 0.4585 0.6768
1ZC5 1021 2.878 0.5033 0.6890
1ZC5 1022 3.056 0.4417 0.6585
1ZC5 1023 2.905 0.4363 0.6585
1ZC5 1024 2.827 0.4505 0.6829
1ZC5 1025 3.134 0.4223 0.6463
1ZC5 1026 3.030 0.4528 0.6524
1ZC5 1027 3.005 0.4408 0.6524
1ZC5 1028 3.034 0.4566 0.6585
1ZC5 1029 2.859 0.4755 0.6829
1ZC5 1030 2.916 0.4435 0.6585
1ZC5 1031 3.047 0.4805 0.6829
1ZC5 1032 3.110 0.4853 0.6707
1ZC5 1033 3.090 0.5068 0.6890
1ZC5 1034 3.090 0.4633 0.6646
1ZC5 1035 2.992 0.4425 0.6646
1ZC5 1036 2.884 0.4659 0.6707
1ZC5 1037 3.018 0.4745 0.6768
1ZC5 1038 2.973 0.4628 0.6829
1ZC5 1039 2.982 0.4616 0.6707
1ZC5 1040 2.843 0.4688 0.7012
1ZC5 1041 2.845 0.4702 0.6707
1ZC5 1042 2.825 0.4860 0.6768
1ZC5 1043 3.060 0.4792 0.6646
1ZC5 1044 2.948 0.4924 0.6829
1ZC5 1045 2.894 0.4915 0.6890
1ZC5 1046 2.789 0.5427 0.7256
1ZC5 1047 2.881 0.4773 0.6768
1ZC5 1048 2.822 0.4910 0.6890
1ZC5 1049 2.774 0.4854 0.6890
1ZC5 1050 2.839 0.4576 0.6585
1ZC5 1051 2.599 0.4657 0.6890
1ZC5 1052 2.735 0.4923 0.6951
1ZC5 1053 2.671 0.5006 0.7012
1ZC5 1054 2.653 0.4965 0.7012
1ZC5 1055 2.731 0.4738 0.6829
1ZC5 1056 3.013 0.4214 0.6524
1ZC5 1057 3.021 0.4437 0.6829
1ZC5 1058 2.753 0.5049 0.7134
1ZC5 1059 2.871 0.4742 0.7073
1ZC5 1060 2.856 0.4579 0.6951
1ZC5 1061 2.970 0.4645 0.6829
1ZC5 1062 2.798 0.4742 0.7012
1ZC5 1063 2.659 0.5174 0.7134
1ZC5 1064 2.665 0.4842 0.7195
1ZC5 1065 2.970 0.4402 0.6768
1ZC5 1066 2.950 0.4550 0.6829
1ZC5 1067 2.968 0.4735 0.6951
1ZC5 1068 3.284 0.4301 0.6463
1ZC5 1069 3.034 0.4625 0.6829
1ZC5 1070 3.075 0.4394 0.6524
1ZC5 1071 3.201 0.4361 0.6829
1ZC5 1072 3.000 0.4731 0.6890
1ZC5 1073 3.178 0.4238 0.6402
1ZC5 1074 3.249 0.4253 0.6524
1ZC5 1075 2.806 0.4965 0.7134
1ZC5 1076 2.836 0.4773 0.6890
1ZC5 1077 3.090 0.4986 0.7134
1ZC5 1078 3.402 0.4446 0.6707
1ZC5 1079 2.716 0.4874 0.7012
1ZC5 1080 2.976 0.4979 0.7073
1ZC5 1081 2.573 0.5634 0.7500
1ZC5 1082 3.157 0.4236 0.6829
1ZC5 1083 3.105 0.4611 0.6890
1ZC5 1084 2.670 0.5110 0.7256
1ZC5 1085 2.859 0.4982 0.7134
1ZC5 1086 3.008 0.4953 0.7073
1ZC5 1087 3.119 0.4949 0.7012
1ZC5 1088 3.079 0.4772 0.6829
1ZC5 1089 2.758 0.5173 0.7256
1ZC5 1090 2.827 0.4979 0.7073
1ZC5 1091 2.493 0.5174 0.7256
1ZC5 1092 2.691 0.4969 0.7012
1ZC5 1093 2.834 0.4698 0.6829
1ZC5 1094 2.705 0.5181 0.7439
1ZC5 1095 2.994 0.5110 0.7378
1ZC5 1096 3.032 0.5162 0.7378
1ZC5 1097 2.949 0.5169 0.7134
1ZC5 1098 2.809 0.5021 0.7134
1ZC5 1099 3.037 0.4767 0.7012
1ZC5 1100 3.118 0.4719 0.7073
1ZC5 1101 2.936 0.4985 0.7195
1ZC5 1102 2.805 0.4803 0.6890
1ZC5 1103 2.861 0.4532 0.6829
