2M21 1 0.000 1.0000 1.0000
2M21 2 1.215 0.3781 0.9167
2M21 3 0.818 0.5132 0.9405
2M21 4 1.104 0.4459 0.9286
2M21 5 0.561 0.5390 1.0000
2M21 6 0.895 0.4078 0.9167
2M21 7 1.335 0.3079 0.8929
2M21 8 0.918 0.4609 0.9643
2M21 9 0.948 0.3575 0.9286
2M21 10 1.068 0.3392 0.9048
2M21 11 1.133 0.4118 0.9286
2M21 12 1.691 0.3703 0.8571
2M21 13 1.420 0.3594 0.8810
2M21 14 0.551 0.5631 1.0000
2M21 15 9.689 0.1287 0.3810
2M21 16 10.390 0.0643 0.2976
2M21 17 11.733 0.0784 0.4286
2M21 18 6.981 0.1542 0.4881
2M21 19 8.952 0.1236 0.4762
2M21 20 9.163 0.1404 0.3571
2M21 21 8.909 0.1959 0.5000
2M21 22 8.910 0.1359 0.4167
2M21 23 8.162 0.1643 0.4762
2M21 24 5.269 0.1845 0.5952
2M21 25 4.121 0.1175 0.5833
2M21 26 5.500 0.1812 0.5714
2M21 27 4.434 0.2661 0.6310
2M21 28 4.567 0.2082 0.6190
2M21 29 5.093 0.1877 0.6071
2M21 30 5.322 0.1244 0.5238
2M21 31 2.411 0.2466 0.7619
2M21 32 3.289 0.2030 0.7024
2M21 33 3.742 0.2130 0.6786
2M21 34 5.169 0.1162 0.5357
2M21 35 3.635 0.2221 0.6905
2M21 36 3.344 0.2082 0.7262
2M21 37 2.624 0.1968 0.7500
2M21 38 1.604 0.2358 0.8214
2M21 39 7.328 0.1534 0.5357
2M21 40 4.174 0.2026 0.6429
2M21 41 8.971 0.1719 0.5714
2M21 42 4.375 0.2540 0.6786
2M21 43 4.648 0.2510 0.7143
2M21 44 4.809 0.1666 0.6310
2M21 45 6.307 0.2046 0.5238
2M21 46 6.298 0.1649 0.5119
2M21 47 4.853 0.1876 0.6667
2M21 48 5.133 0.1522 0.5714
2M21 49 9.662 0.1566 0.4762
2M21 50 3.622 0.2035 0.6905
2M21 51 9.348 0.1431 0.4405
2M21 52 3.668 0.1980 0.7143
2M21 53 1.862 0.2322 0.7976
2M21 54 5.275 0.2109 0.6429
2M21 55 7.820 0.1020 0.4643
2M21 56 8.883 0.1050 0.3929
2M21 57 11.180 0.1425 0.3690
2M21 58 10.779 0.0994 0.4167
2M21 59 7.867 0.2000 0.4762
2M21 60 9.585 0.1239 0.3810
2M21 61 11.091 0.1835 0.4881
2M21 62 9.835 0.1347 0.3810
2M21 63 10.170 0.0990 0.4286
2M21 64 8.628 0.1116 0.5119
2M21 65 7.761 0.1085 0.4643
2M21 66 9.239 0.1416 0.4405
2M21 67 5.871 0.1255 0.5238
2M21 68 4.415 0.1644 0.5595
2M21 69 8.825 0.1433 0.4643
2M21 70 7.570 0.1583 0.5238
2M21 71 7.937 0.1033 0.4286
2M21 72 2.944 0.1636 0.6786
2M21 73 8.292 0.1474 0.5000
2M21 74 3.822 0.1929 0.6786
2M21 75 7.165 0.1811 0.5357
2M21 76 6.627 0.1688 0.5238
2M21 77 6.477 0.1659 0.6190
2M21 78 6.230 0.1460 0.4881
2M21 79 4.462 0.2273 0.7143
2M21 80 5.146 0.1812 0.6310
2M21 81 5.244 0.1963 0.5833
2M21 82 2.038 0.2278 0.7738
2M21 83 2.564 0.2596 0.7738
2M21 84 2.910 0.1900 0.7143
2M21 85 8.162 0.1789 0.4643
2M21 86 2.987 0.2223 0.7143
2M21 87 4.244 0.1683 0.6905
2M21 88 3.338 0.1856 0.6548
2M21 89 4.229 0.1937 0.7143
2M21 90 3.571 0.1767 0.6786
2M21 91 3.587 0.1846 0.6905
2M21 92 2.491 0.2360 0.7738
2M21 93 6.918 0.1261 0.4524
2M21 94 2.500 0.2082 0.7381
2M21 95 6.151 0.1445 0.4643
2M21 96 7.111 0.1486 0.5238
2M21 97 11.617 0.1060 0.3571
2M21 98 6.693 0.1316 0.4643
2M21 99 11.474 0.1487 0.3810
2M21 100 11.931 0.1427 0.3452
2M21 101 11.415 0.1789 0.4881
2M21 102 8.367 0.0807 0.3929
2M21 103 11.287 0.0841 0.3571
2M21 104 10.398 0.1319 0.3571
2M21 105 5.791 0.1895 0.6190
2M21 106 5.171 0.2091 0.6190
2M21 107 5.517 0.1875 0.5476
2M21 108 11.976 0.1135 0.3333
2M21 109 9.108 0.0767 0.4167
2M21 110 6.001 0.1397 0.5595
2M21 111 5.753 0.2150 0.6190
2M21 112 9.161 0.1161 0.5000
2M21 113 8.979 0.1200 0.4524
2M21 114 7.849 0.1254 0.4643
2M21 115 6.578 0.1344 0.5952
2M21 116 2.447 0.2013 0.7262
2M21 117 3.133 0.2144 0.7262
2M21 118 5.803 0.1696 0.6667
2M21 119 3.764 0.1504 0.6310
2M21 120 3.397 0.2309 0.6786
2M21 121 4.318 0.2318 0.6786
2M21 122 3.974 0.2039 0.6667
2M21 123 3.641 0.2337 0.6667
2M21 124 5.825 0.1646 0.5238
2M21 125 2.984 0.2316 0.7381
2M21 126 3.222 0.1763 0.6429
2M21 127 3.211 0.2013 0.7262
2M21 128 3.094 0.2231 0.7262
2M21 129 2.770 0.2131 0.7262
2M21 130 2.917 0.1977 0.7143
2M21 131 2.669 0.1969 0.7500
2M21 132 4.744 0.1591 0.5952
2M21 133 2.902 0.2476 0.7024
2M21 134 3.285 0.1906 0.7024
2M21 135 9.214 0.0879 0.3452
2M21 136 10.150 0.0853 0.3214
2M21 137 11.900 0.1229 0.3452
2M21 138 8.267 0.1501 0.4286
2M21 139 3.225 0.1861 0.6429
2M21 140 9.791 0.1571 0.5000
2M21 141 6.465 0.1225 0.4881
2M21 142 4.725 0.2063 0.6190
2M21 143 2.637 0.2446 0.7143
2M21 144 4.637 0.1968 0.6310
2M21 145 2.750 0.2482 0.7619
2M21 146 8.063 0.1828 0.5833
2M21 147 4.860 0.2583 0.7024
2M21 148 3.575 0.2080 0.6786
2M21 149 6.182 0.1905 0.5952
2M21 150 4.010 0.2226 0.6548
2M21 151 3.879 0.2018 0.6667
2M21 152 3.064 0.1841 0.6786
2M21 153 4.864 0.2522 0.6429
2M21 154 6.062 0.1527 0.5833
2M21 155 4.457 0.2212 0.6310
2M21 156 4.601 0.1660 0.6429
2M21 157 3.591 0.2138 0.6786
2M21 158 2.276 0.2075 0.7381
2M21 159 7.635 0.1644 0.4643
2M21 160 3.241 0.2110 0.7500
2M21 161 4.834 0.1887 0.5952
2M21 162 3.794 0.1817 0.6667
2M21 163 3.787 0.2382 0.6548
2M21 164 3.914 0.2309 0.6786
2M21 165 2.782 0.1891 0.6786
2M21 166 4.227 0.1955 0.6786
2M21 167 6.669 0.1810 0.5357
2M21 168 4.843 0.2174 0.6071
2M21 169 5.829 0.1735 0.5357
2M21 170 3.663 0.2058 0.7262
2M21 171 2.713 0.2575 0.7500
2M21 172 3.553 0.2428 0.6667
2M21 173 3.634 0.1924 0.6190
2M21 174 2.658 0.2194 0.7619
2M21 175 5.418 0.1346 0.5714
2M21 176 11.010 0.1077 0.3452
2M21 177 9.174 0.1307 0.3810
2M21 178 8.125 0.1796 0.5238
2M21 179 8.653 0.1455 0.5000
2M21 180 12.425 0.1371 0.3929
2M21 181 6.959 0.1261 0.5119
2M21 182 4.914 0.1360 0.5833
2M21 183 5.904 0.1139 0.4881
2M21 184 4.763 0.1399 0.5833
2M21 185 7.189 0.1470 0.5714
2M21 186 3.201 0.2021 0.6905
2M21 187 3.764 0.1398 0.6190
2M21 188 6.144 0.1568 0.5000
2M21 189 10.806 0.1036 0.3810
2M21 190 9.420 0.1829 0.4048
2M21 191 6.027 0.1340 0.5476
2M21 192 4.126 0.1703 0.6071
2M21 193 4.513 0.2236 0.7143
2M21 194 6.082 0.1438 0.5000
2M21 195 5.289 0.1996 0.5595
2M21 196 6.515 0.1210 0.4643
2M21 197 2.898 0.2010 0.6905
2M21 198 5.531 0.1812 0.6548
2M21 199 3.304 0.1616 0.6667
2M21 200 7.027 0.1737 0.5714
2M21 201 2.437 0.2265 0.7381
2M21 202 4.527 0.1787 0.6548
2M21 203 2.375 0.2164 0.7381
2M21 204 6.087 0.1617 0.6071
2M21 205 2.591 0.2199 0.7381
2M21 206 3.541 0.1932 0.7024
2M21 207 2.877 0.1816 0.7619
2M21 208 3.064 0.1970 0.6905
2M21 209 3.161 0.2318 0.7143
2M21 210 3.090 0.2199 0.6905
2M21 211 5.116 0.1781 0.6190
2M21 212 4.525 0.2188 0.6786
2M21 213 4.211 0.1724 0.6548
2M21 214 2.490 0.1846 0.7619
2M21 215 10.972 0.1373 0.3214
2M21 216 10.189 0.1184 0.4405
2M21 217 6.837 0.1469 0.5357
2M21 218 7.778 0.1483 0.4286
2M21 219 10.354 0.1627 0.4524
2M21 220 9.284 0.1175 0.3571
2M21 221 6.211 0.1175 0.5476
2M21 222 4.126 0.1324 0.5952
2M21 223 2.398 0.2045 0.7143
2M21 224 4.376 0.1972 0.6310
2M21 225 5.690 0.1256 0.5238
2M21 226 7.438 0.1603 0.5595
2M21 227 11.276 0.1602 0.3810
2M21 228 3.523 0.1956 0.6667
2M21 229 8.430 0.1363 0.4762
2M21 230 5.782 0.1554 0.6071
2M21 231 3.287 0.2234 0.7381
2M21 232 3.798 0.1452 0.5714
2M21 233 9.585 0.1844 0.5000
2M21 234 9.385 0.2128 0.4286
2M21 235 9.946 0.1164 0.4286
2M21 236 6.864 0.1260 0.4762
2M21 237 7.065 0.1370 0.4167
2M21 238 11.088 0.1648 0.4048
2M21 239 6.836 0.1251 0.4405
2M21 240 3.357 0.1619 0.7143
2M21 241 2.995 0.2164 0.7143
2M21 242 9.379 0.1229 0.4167
2M21 243 6.456 0.1530 0.5595
2M21 244 5.460 0.2040 0.6190
2M21 245 2.738 0.2198 0.7262
2M21 246 5.099 0.2182 0.6786
2M21 247 3.585 0.2258 0.6548
2M21 248 1.808 0.2273 0.7976
2M21 249 4.377 0.1864 0.6310
2M21 250 2.695 0.2218 0.7262
2M21 251 3.197 0.1823 0.6548
2M21 252 5.537 0.1970 0.6429
2M21 253 5.152 0.1587 0.6310
2M21 254 2.294 0.2300 0.7381
2M21 255 10.414 0.0781 0.3452
2M21 256 10.179 0.1083 0.3452
2M21 257 7.086 0.1814 0.5238
2M21 258 5.650 0.1165 0.5119
2M21 259 7.465 0.1136 0.4524
2M21 260 9.937 0.1666 0.5000
2M21 261 6.337 0.1630 0.5595
2M21 262 9.652 0.1624 0.4167
2M21 263 7.897 0.1231 0.5238
2M21 264 8.535 0.1131 0.3929
2M21 265 4.070 0.2061 0.6548
2M21 266 6.318 0.1164 0.4762
2M21 267 9.856 0.2352 0.4881
2M21 268 2.575 0.1826 0.7381
2M21 269 9.596 0.1541 0.4048
2M21 270 5.968 0.1916 0.5952
2M21 271 4.987 0.1735 0.5833
2M21 272 7.913 0.1722 0.5476
2M21 273 3.324 0.1854 0.6786
2M21 274 3.764 0.2011 0.6905
2M21 275 3.292 0.2033 0.6667
2M21 276 4.491 0.1564 0.5833
2M21 277 5.482 0.1588 0.5595
2M21 278 6.235 0.1758 0.5714
2M21 279 3.217 0.2067 0.6667
2M21 280 4.387 0.2056 0.6548
2M21 281 2.813 0.1974 0.6905
2M21 282 5.025 0.2148 0.6310
2M21 283 3.148 0.2425 0.6786
2M21 284 5.155 0.1857 0.6429
2M21 285 4.952 0.1613 0.6548
2M21 286 2.365 0.2312 0.7500
2M21 287 4.374 0.1990 0.6548
2M21 288 4.862 0.2172 0.6429
2M21 289 5.580 0.1815 0.6190
2M21 290 3.930 0.2202 0.7143
2M21 291 3.821 0.1863 0.7024
2M21 292 3.634 0.2134 0.6667
2M21 293 3.681 0.2107 0.7024
2M21 294 8.619 0.1046 0.4762
2M21 295 5.387 0.1589 0.5833
2M21 296 10.943 0.1411 0.3333
2M21 297 10.914 0.1144 0.3452
2M21 298 10.111 0.1071 0.3452
2M21 299 7.295 0.1514 0.5476
2M21 300 6.948 0.1461 0.4881
2M21 301 8.710 0.0976 0.4167
2M21 302 9.656 0.0744 0.4048
2M21 303 10.030 0.1050 0.3571
2M21 304 11.871 0.1207 0.3690
2M21 305 7.392 0.1977 0.4643
2M21 306 3.654 0.2178 0.7024
2M21 307 9.261 0.1899 0.4762
2M21 308 5.052 0.1528 0.5595
2M21 309 7.306 0.1702 0.5119
2M21 310 5.003 0.1483 0.6429
2M21 311 4.874 0.2520 0.6071
2M21 312 7.944 0.1388 0.4167
2M21 313 2.897 0.2186 0.7143
2M21 314 7.180 0.1670 0.4524
2M21 315 7.245 0.1525 0.5238
2M21 316 8.675 0.1512 0.4167
2M21 317 4.532 0.1782 0.5833
2M21 318 4.558 0.1521 0.6667
2M21 319 8.139 0.1668 0.5714
2M21 320 3.037 0.1879 0.6786
2M21 321 4.432 0.1776 0.6429
2M21 322 3.185 0.1781 0.7143
2M21 323 4.127 0.1758 0.6667
2M21 324 2.911 0.2345 0.7143
2M21 325 4.025 0.2307 0.7143
2M21 326 3.711 0.1939 0.6786
2M21 327 3.111 0.2314 0.7262
2M21 328 2.977 0.1572 0.6786
2M21 329 4.526 0.1940 0.6429
2M21 330 3.632 0.2044 0.6905
2M21 331 5.387 0.1434 0.6071
2M21 332 4.420 0.2270 0.6429
2M21 333 2.823 0.1936 0.7500
2M21 334 5.738 0.2207 0.7024
2M21 335 8.143 0.0781 0.3929
2M21 336 8.345 0.1365 0.4762
2M21 337 9.850 0.1006 0.3452
2M21 338 8.334 0.1444 0.5238
2M21 339 4.034 0.1488 0.5833
2M21 340 7.874 0.1184 0.4167
2M21 341 10.223 0.1179 0.3690
2M21 342 7.505 0.1752 0.5595
2M21 343 12.107 0.1108 0.3810
2M21 344 7.758 0.1052 0.4762
2M21 345 8.509 0.1116 0.4048
2M21 346 4.648 0.1168 0.5476
2M21 347 5.363 0.1410 0.6071
2M21 348 9.020 0.1224 0.4405
2M21 349 4.766 0.1676 0.5833
2M21 350 4.128 0.2035 0.6429
2M21 351 5.942 0.1458 0.5595
2M21 352 2.632 0.2065 0.7262
2M21 353 3.929 0.2184 0.6667
2M21 354 7.415 0.1400 0.4881
2M21 355 3.263 0.2155 0.7143
2M21 356 4.525 0.2068 0.6905
2M21 357 2.724 0.2261 0.7262
2M21 358 3.513 0.2173 0.7262
2M21 359 3.281 0.1537 0.6667
2M21 360 4.080 0.2112 0.6310
2M21 361 4.366 0.1892 0.6429
2M21 362 4.455 0.1737 0.5833
2M21 363 3.255 0.1908 0.7024
2M21 364 3.026 0.2045 0.6786
2M21 365 6.365 0.1755 0.5476
2M21 366 2.869 0.2390 0.7024
2M21 367 3.575 0.1843 0.6429
2M21 368 3.273 0.2199 0.7024
2M21 369 2.842 0.2075 0.7500
2M21 370 2.909 0.2511 0.7262
2M21 371 3.154 0.2343 0.7024
2M21 372 3.228 0.1940 0.6786
2M21 373 3.773 0.1844 0.6429
2M21 374 2.519 0.1881 0.7262
2M21 375 8.929 0.1147 0.3333
2M21 376 8.123 0.1267 0.4762
2M21 377 7.807 0.1368 0.4286
2M21 378 7.281 0.1357 0.4524
2M21 379 4.372 0.1731 0.5833
2M21 380 5.323 0.1586 0.5238
2M21 381 5.123 0.2602 0.6190
2M21 382 3.726 0.1593 0.6429
2M21 383 7.420 0.1728 0.4762
2M21 384 8.483 0.1458 0.5595
2M21 385 6.113 0.1737 0.5357
2M21 386 5.973 0.1842 0.6190
2M21 387 9.281 0.1721 0.4643
2M21 388 8.409 0.1378 0.4286
2M21 389 5.743 0.1561 0.6071
2M21 390 4.355 0.2080 0.6310
2M21 391 8.325 0.1553 0.4167
2M21 392 5.285 0.2314 0.6190
2M21 393 11.252 0.1279 0.4048
2M21 394 4.767 0.1072 0.5357
2M21 395 7.011 0.1613 0.5357
2M21 396 7.682 0.1704 0.4405
2M21 397 5.314 0.1815 0.5714
2M21 398 5.092 0.1830 0.6071
2M21 399 3.330 0.2487 0.6667
2M21 400 7.695 0.1062 0.4405
2M21 401 5.107 0.1656 0.6071
2M21 402 7.194 0.1438 0.5476
2M21 403 4.335 0.2204 0.6667
2M21 404 7.775 0.1571 0.4286
2M21 405 3.683 0.1579 0.6786
2M21 406 6.914 0.1491 0.5119
2M21 407 4.863 0.1813 0.6310
2M21 408 5.432 0.1559 0.5952
2M21 409 4.427 0.2102 0.6786
2M21 410 5.244 0.2110 0.6667
2M21 411 3.506 0.1913 0.6548
2M21 412 4.577 0.1593 0.6429
2M21 413 8.649 0.1622 0.4524
2M21 414 5.846 0.1575 0.5357
2M21 415 2.100 0.2147 0.7500
2M21 416 2.437 0.1936 0.7381
2M21 417 2.321 0.1741 0.7143
2M21 418 2.322 0.1886 0.7500
2M21 419 2.329 0.1716 0.7143
2M21 420 2.382 0.1787 0.7262
2M21 421 2.417 0.1823 0.7143
2M21 422 2.433 0.1857 0.7143
2M21 423 2.441 0.1887 0.7143
2M21 424 2.371 0.1877 0.7143
2M21 425 2.413 0.1875 0.7262
2M21 426 2.417 0.1876 0.7143
2M21 427 2.403 0.1843 0.7143
2M21 428 2.418 0.1854 0.7143
2M21 429 2.417 0.1854 0.7143
2M21 430 2.412 0.1836 0.7143
2M21 431 2.406 0.1851 0.7143
2M21 432 2.397 0.1841 0.7143
2M21 433 2.410 0.1825 0.7262
2M21 434 2.426 0.1840 0.7262
2M21 435 2.417 0.1855 0.7143
2M21 436 2.412 0.1879 0.7143
2M21 437 2.420 0.1848 0.7262
2M21 438 2.406 0.1816 0.7262
2M21 439 2.425 0.1832 0.7143
2M21 440 2.421 0.1853 0.7143
2M21 441 2.417 0.1858 0.7143
2M21 442 2.423 0.1812 0.7143
2M21 443 2.423 0.1826 0.7262
2M21 444 2.420 0.1847 0.7262
2M21 445 2.412 0.1811 0.7143
2M21 446 2.412 0.1841 0.7262
2M21 447 2.405 0.1802 0.7262
2M21 448 2.412 0.1820 0.7143
2M21 449 2.407 0.1873 0.7143
2M21 450 2.408 0.1867 0.7143
2M21 451 2.385 0.1839 0.7143
2M21 452 2.366 0.1844 0.7262
2M21 453 2.393 0.1813 0.7262
2M21 454 2.433 0.1861 0.7143
2M21 455 2.380 0.1807 0.7262
2M21 456 2.401 0.1841 0.7143
2M21 457 2.403 0.1821 0.7262
2M21 458 2.418 0.1799 0.7143
2M21 459 2.443 0.1816 0.7143
2M21 460 2.402 0.1854 0.7143
2M21 461 2.403 0.1821 0.7143
2M21 462 2.382 0.1917 0.7262
2M21 463 2.399 0.1875 0.7143
2M21 464 2.393 0.1873 0.7143
2M21 465 2.346 0.1837 0.7381
2M21 466 2.406 0.1840 0.7143
2M21 467 2.422 0.1854 0.7143
2M21 468 2.345 0.1769 0.7143
2M21 469 2.396 0.1851 0.7024
2M21 470 2.369 0.1838 0.7143
2M21 471 2.423 0.1841 0.7143
2M21 472 2.428 0.1890 0.7143
2M21 473 2.413 0.1829 0.7143
2M21 474 2.398 0.1853 0.7143
2M21 475 2.402 0.1891 0.7262
2M21 476 2.392 0.1850 0.7143
2M21 477 2.446 0.1872 0.7143
2M21 478 2.408 0.1825 0.7262
2M21 479 2.434 0.1820 0.7262
2M21 480 2.404 0.1833 0.7143
2M21 481 2.431 0.1849 0.7143
2M21 482 2.389 0.1908 0.7262
2M21 483 2.402 0.1831 0.7143
2M21 484 2.389 0.1833 0.7262
2M21 485 2.353 0.1800 0.7262
2M21 486 2.363 0.1832 0.7262
2M21 487 2.378 0.1895 0.7143
2M21 488 2.393 0.1898 0.7262
2M21 489 2.382 0.1898 0.7143
2M21 490 2.409 0.1871 0.7143
2M21 491 2.413 0.1788 0.7143
2M21 492 2.377 0.1857 0.7143
2M21 493 2.427 0.1891 0.7262
2M21 494 2.455 0.1871 0.7024
2M21 495 2.423 0.1872 0.7143
2M21 496 2.384 0.1908 0.7143
2M21 497 2.372 0.1910 0.7143
2M21 498 2.413 0.1889 0.7143
2M21 499 2.438 0.1798 0.7143
2M21 500 2.373 0.1856 0.7143
2M21 501 2.408 0.1884 0.7024
2M21 502 2.456 0.1877 0.7143
2M21 503 2.425 0.1828 0.7262
2M21 504 2.410 0.1835 0.7143
2M21 505 2.482 0.1810 0.7143
2M21 506 2.465 0.1920 0.7143
2M21 507 2.483 0.1846 0.7143
2M21 508 2.504 0.1856 0.7143
2M21 509 2.458 0.1981 0.7143
2M21 510 2.461 0.1920 0.7024
2M21 511 2.459 0.1841 0.7024
2M21 512 2.413 0.1798 0.7143
2M21 513 2.450 0.1856 0.7143
2M21 514 2.431 0.1873 0.7143
2M21 515 2.470 0.1913 0.7143
2M21 516 2.406 0.1913 0.7143
2M21 517 2.394 0.1797 0.7024
2M21 518 2.461 0.1905 0.7262
2M21 519 2.462 0.1825 0.7143
2M21 520 2.470 0.1866 0.7143
2M21 521 2.405 0.1787 0.7024
2M21 522 2.345 0.1883 0.7262
2M21 523 2.395 0.1745 0.7143
2M21 524 2.421 0.1750 0.7024
2M21 525 2.343 0.1749 0.7262
2M21 526 2.317 0.1786 0.7143
2M21 527 2.368 0.1800 0.7143
2M21 528 2.371 0.1825 0.7262
2M21 529 2.432 0.1836 0.7143
2M21 530 2.432 0.1895 0.7024
2M21 531 2.371 0.1757 0.7262
2M21 532 2.397 0.1897 0.7024
2M21 533 2.418 0.1913 0.7024
2M21 534 2.390 0.1972 0.7024
2M21 535 2.369 0.1922 0.7143
2M21 536 2.377 0.1923 0.7143
2M21 537 2.407 0.1893 0.7143
2M21 538 2.411 0.2008 0.7143
2M21 539 2.367 0.1964 0.7143
2M21 540 2.321 0.1904 0.7143
2M21 541 2.369 0.1996 0.7381
2M21 542 2.347 0.1976 0.7143
2M21 543 2.329 0.1906 0.7381
2M21 544 2.355 0.1939 0.7143
2M21 545 2.308 0.1946 0.7262
2M21 546 2.320 0.1944 0.7262
2M21 547 2.325 0.1952 0.7381
2M21 548 2.373 0.1775 0.7143
2M21 549 2.408 0.1853 0.7024
2M21 550 2.333 0.1814 0.7381
2M21 551 2.322 0.2038 0.7262
2M21 552 2.345 0.1927 0.7024
2M21 553 2.305 0.1920 0.7262
2M21 554 2.361 0.2001 0.7143
2M21 555 2.339 0.1918 0.7262
2M21 556 2.390 0.1850 0.7024
2M21 557 2.394 0.1935 0.7262
2M21 558 2.437 0.1785 0.7024
2M21 559 2.388 0.1900 0.7143
2M21 560 2.341 0.1955 0.7262
2M21 561 2.367 0.1888 0.7024
2M21 562 2.334 0.1986 0.7262
2M21 563 2.388 0.1874 0.7143
2M21 564 2.379 0.2123 0.7143
2M21 565 2.336 0.2054 0.7262
2M21 566 2.333 0.1830 0.7262
2M21 567 2.395 0.1932 0.7024
2M21 568 2.346 0.2032 0.7262
2M21 569 2.411 0.1835 0.7262
2M21 570 2.325 0.2020 0.7381
2M21 571 2.368 0.1984 0.7024
2M21 572 2.396 0.1965 0.7143
2M21 573 2.376 0.2041 0.7262
2M21 574 2.359 0.1954 0.7262
2M21 575 2.291 0.2011 0.7143
2M21 576 2.259 0.1884 0.7500
2M21 577 2.330 0.1864 0.7262
2M21 578 2.322 0.1956 0.7143
2M21 579 2.357 0.1953 0.7262
2M21 580 2.212 0.2069 0.7381
2M21 581 2.243 0.1953 0.7381
2M21 582 2.332 0.2042 0.7143
2M21 583 2.272 0.2259 0.7143
2M21 584 2.261 0.1957 0.7143
2M21 585 2.294 0.1814 0.7143
2M21 586 2.320 0.1795 0.7024
2M21 587 2.369 0.1847 0.7024
2M21 588 2.396 0.1946 0.7143
2M21 589 2.397 0.2036 0.6905
2M21 590 2.381 0.1780 0.7024
2M21 591 2.395 0.1929 0.7143
2M21 592 2.398 0.2218 0.7024
2M21 593 2.377 0.2103 0.6905
2M21 594 2.440 0.2112 0.7024
2M21 595 2.350 0.1808 0.7143
2M21 596 2.377 0.1871 0.7143
2M21 597 2.438 0.1892 0.7262
2M21 598 2.378 0.2056 0.7143
2M21 599 2.412 0.1848 0.7143
2M21 600 2.361 0.2035 0.7262
2M21 601 2.366 0.2135 0.7143
2M21 602 2.367 0.2012 0.7143
2M21 603 2.416 0.1852 0.7262
2M21 604 2.494 0.1876 0.7143
2M21 605 2.420 0.1925 0.7143
2M21 606 2.482 0.1885 0.7024
2M21 607 2.578 0.1810 0.7024
2M21 608 2.480 0.1918 0.7262
2M21 609 2.413 0.1816 0.7381
2M21 610 2.508 0.1996 0.7143
2M21 611 2.534 0.1842 0.7143
2M21 612 2.517 0.1994 0.7143
2M21 613 2.470 0.2245 0.7143
2M21 614 2.472 0.1961 0.7262
2M21 615 2.450 0.1967 0.7024
2M21 616 2.463 0.2049 0.7143
2M21 617 2.517 0.1856 0.7024
2M21 618 2.422 0.1920 0.7262
2M21 619 2.507 0.1901 0.7143
2M21 620 2.406 0.1751 0.7143
2M21 621 2.532 0.2061 0.7024
2M21 622 2.549 0.1735 0.6905
2M21 623 2.543 0.1853 0.7024
2M21 624 2.451 0.1820 0.7381
2M21 625 2.444 0.1726 0.7262
2M21 626 2.493 0.1925 0.7381
2M21 627 2.469 0.1721 0.7262
2M21 628 2.413 0.1746 0.7143
2M21 629 2.449 0.1754 0.7143
2M21 630 2.417 0.1594 0.7143
2M21 631 2.431 0.1812 0.7143
2M21 632 2.468 0.1859 0.7262
2M21 633 2.558 0.1858 0.7024
2M21 634 2.490 0.1984 0.7143
2M21 635 2.549 0.1748 0.7143
2M21 636 2.396 0.1898 0.7619
2M21 637 2.470 0.1803 0.7381
2M21 638 2.466 0.1763 0.7143
2M21 639 2.402 0.1875 0.7262
2M21 640 2.387 0.1780 0.7262
2M21 641 2.380 0.1992 0.7262
2M21 642 2.489 0.2026 0.7143
2M21 643 2.508 0.2092 0.7024
2M21 644 2.519 0.2147 0.6905
2M21 645 2.491 0.2019 0.6905
2M21 646 2.571 0.2033 0.6905
2M21 647 2.447 0.2034 0.7143
2M21 648 2.494 0.2064 0.7024
2M21 649 2.466 0.1975 0.7024
2M21 650 2.481 0.2029 0.7024
2M21 651 2.453 0.1945 0.7024
2M21 652 2.421 0.1912 0.7143
2M21 653 2.437 0.1928 0.7143
2M21 654 2.431 0.2107 0.7262
2M21 655 2.604 0.1857 0.7024
2M21 656 2.436 0.2037 0.7024
2M21 657 2.518 0.1977 0.7024
2M21 658 2.480 0.1995 0.7143
2M21 659 2.477 0.1988 0.7143
2M21 660 2.463 0.1922 0.7143
2M21 661 2.369 0.1854 0.7143
2M21 662 2.390 0.2039 0.7143
2M21 663 2.425 0.2006 0.7262
2M21 664 2.481 0.2032 0.7024
2M21 665 2.379 0.1995 0.7262
2M21 666 2.350 0.2056 0.7381
2M21 667 2.417 0.1834 0.7143
2M21 668 2.346 0.2068 0.7143
2M21 669 2.317 0.2016 0.7143
2M21 670 2.465 0.2080 0.7024
2M21 671 2.396 0.2148 0.7143
2M21 672 2.396 0.2127 0.7143
2M21 673 2.498 0.2034 0.6905
2M21 674 2.439 0.2068 0.7024
2M21 675 2.389 0.2051 0.7262
2M21 676 2.432 0.2023 0.7143
2M21 677 2.421 0.1875 0.7024
2M21 678 2.362 0.2175 0.7262
2M21 679 2.382 0.1880 0.7024
2M21 680 2.417 0.1994 0.7024
2M21 681 2.439 0.1988 0.7143
2M21 682 2.382 0.2019 0.7143
2M21 683 2.407 0.2060 0.7024
2M21 684 2.457 0.2112 0.7143
2M21 685 2.486 0.2166 0.7143
2M21 686 2.446 0.2103 0.7143
2M21 687 2.458 0.2069 0.7024
2M21 688 2.596 0.1849 0.7024
2M21 689 2.495 0.2022 0.7143
2M21 690 2.613 0.1900 0.7143
2M21 691 2.484 0.2101 0.7143
2M21 692 2.423 0.1848 0.7143
2M21 693 2.473 0.1846 0.7143
2M21 694 2.523 0.1873 0.7143
2M21 695 2.498 0.2239 0.7024
2M21 696 2.449 0.1940 0.7143
2M21 697 2.467 0.2173 0.7143
2M21 698 2.463 0.2022 0.7143
2M21 699 2.463 0.2153 0.7143
2M21 700 2.526 0.1869 0.7024
2M21 701 2.401 0.1872 0.7262
2M21 702 2.424 0.1884 0.7143
2M21 703 2.572 0.2015 0.7024
2M21 704 2.468 0.2125 0.7143
2M21 705 2.551 0.1875 0.7143
2M21 706 2.498 0.1849 0.7024
2M21 707 2.457 0.2089 0.7143
2M21 708 2.467 0.1809 0.7143
2M21 709 2.430 0.2059 0.7143
2M21 710 2.467 0.1888 0.7143
2M21 711 2.302 0.1977 0.7262
2M21 712 2.243 0.1962 0.7262
2M21 713 2.346 0.1972 0.7262
2M21 714 2.462 0.2002 0.7143
2M21 715 2.255 0.2103 0.7381
2M21 716 2.396 0.2188 0.7143
2M21 717 2.455 0.1912 0.7262
2M21 718 2.322 0.1883 0.7143
2M21 719 2.367 0.1998 0.7143
2M21 720 2.357 0.2083 0.7262
2M21 721 2.543 0.1869 0.7143
2M21 722 2.460 0.1806 0.7143
2M21 723 2.275 0.2052 0.7381
2M21 724 2.318 0.1928 0.7262
2M21 725 2.520 0.1924 0.7143
2M21 726 2.470 0.1989 0.7143
2M21 727 2.533 0.2039 0.7024
2M21 728 2.612 0.2103 0.6905
2M21 729 2.425 0.1921 0.7143
2M21 730 2.581 0.1959 0.7262
2M21 731 2.377 0.1959 0.7143
2M21 732 2.461 0.2011 0.7024
2M21 733 2.421 0.2092 0.7262
2M21 734 2.473 0.1883 0.7143
2M21 735 2.457 0.1915 0.7143
2M21 736 2.453 0.2151 0.7143
2M21 737 2.542 0.1748 0.7143
2M21 738 2.508 0.1806 0.7143
2M21 739 2.585 0.1822 0.7024
2M21 740 2.585 0.1869 0.7024
2M21 741 2.439 0.1988 0.7143
2M21 742 2.385 0.2357 0.7262
2M21 743 2.509 0.1733 0.7262
2M21 744 2.496 0.1899 0.7143
2M21 745 2.595 0.2143 0.7143
2M21 746 2.155 0.2074 0.7262
2M21 747 2.141 0.2171 0.7381
2M21 748 2.077 0.2276 0.7500
2M21 749 2.310 0.2173 0.7262
2M21 750 2.308 0.1903 0.7262
2M21 751 2.238 0.1891 0.7262
2M21 752 2.327 0.2057 0.7381
2M21 753 2.201 0.2024 0.7381
2M21 754 2.306 0.1782 0.7381
2M21 755 2.279 0.2093 0.7262
2M21 756 2.297 0.1778 0.7262
2M21 757 2.323 0.1783 0.7262
2M21 758 2.357 0.2005 0.7143
2M21 759 2.255 0.2094 0.7262
2M21 760 2.270 0.2102 0.7262
2M21 761 2.315 0.2000 0.7143
2M21 762 2.401 0.1820 0.7024
2M21 763 2.157 0.2160 0.7500
2M21 764 2.199 0.1998 0.7381
2M21 765 2.219 0.2233 0.7262
2M21 766 2.203 0.1892 0.7619
2M21 767 2.207 0.1973 0.7500
2M21 768 2.269 0.1929 0.7262
2M21 769 2.250 0.2013 0.7381
2M21 770 2.356 0.1944 0.7143
2M21 771 2.097 0.1814 0.7619
2M21 772 2.090 0.2218 0.7500
2M21 773 2.161 0.2091 0.7500
2M21 774 2.115 0.1851 0.7619
2M21 775 2.179 0.1937 0.7262
2M21 776 2.260 0.1895 0.7381
2M21 777 2.414 0.1868 0.7262
2M21 778 2.110 0.2263 0.7381
2M21 779 2.088 0.2110 0.7619
2M21 780 2.257 0.2151 0.7381
2M21 781 2.250 0.2076 0.7262
2M21 782 2.262 0.2132 0.7381
2M21 783 2.248 0.2121 0.7500
2M21 784 2.306 0.2105 0.7262
2M21 785 2.281 0.2019 0.7381
2M21 786 2.278 0.1950 0.7381
2M21 787 2.352 0.1910 0.7262
2M21 788 2.442 0.2144 0.7024
2M21 789 2.284 0.2179 0.7262
2M21 790 2.369 0.2006 0.7381
2M21 791 2.329 0.2183 0.7381
2M21 792 2.283 0.2037 0.7381
2M21 793 2.353 0.2213 0.7262
2M21 794 2.280 0.2150 0.7500
2M21 795 2.412 0.2009 0.7143
2M21 796 2.314 0.2069 0.7381
2M21 797 2.413 0.1947 0.7143
2M21 798 2.409 0.1942 0.7143
2M21 799 2.464 0.1966 0.7262
2M21 800 2.391 0.2007 0.7143
2M21 801 2.217 0.2045 0.7619
2M21 802 2.194 0.2091 0.7381
2M21 803 2.260 0.2016 0.7262
2M21 804 2.182 0.2220 0.7381
2M21 805 2.232 0.2059 0.7619
2M21 806 2.258 0.2127 0.7381
2M21 807 2.180 0.2141 0.7381
2M21 808 2.366 0.1992 0.7143
2M21 809 2.425 0.2004 0.7143
2M21 810 2.295 0.2074 0.7262
2M21 811 2.240 0.2151 0.7381
2M21 812 2.227 0.2064 0.7143
2M21 813 2.131 0.2376 0.7381
2M21 814 2.439 0.2093 0.7381
2M21 815 2.254 0.2056 0.7262
2M21 816 2.326 0.2168 0.7143
2M21 817 2.331 0.2302 0.7381
2M21 818 2.256 0.2320 0.7262
2M21 819 2.278 0.2187 0.7500
2M21 820 2.276 0.1977 0.7381
2M21 821 2.402 0.1937 0.7262
2M21 822 2.234 0.2186 0.7381
2M21 823 2.303 0.2245 0.7619
2M21 824 2.269 0.2005 0.7262
2M21 825 2.271 0.2006 0.7262
2M21 826 2.444 0.1915 0.7024
2M21 827 2.248 0.2063 0.7500
2M21 828 2.287 0.2089 0.7381
2M21 829 2.309 0.2278 0.7500
2M21 830 2.380 0.1985 0.7143
2M21 831 2.400 0.2076 0.7024
2M21 832 2.535 0.2092 0.7024
2M21 833 2.505 0.1952 0.7381
2M21 834 2.497 0.2282 0.7262
2M21 835 2.404 0.2001 0.7143
2M21 836 2.329 0.1848 0.7262
2M21 837 2.405 0.1578 0.7262
2M21 838 2.311 0.2129 0.7262
2M21 839 2.487 0.2115 0.7262
2M21 840 2.432 0.1892 0.7143
2M21 841 2.356 0.1941 0.7143
2M21 842 2.604 0.1934 0.7024
2M21 843 2.462 0.1902 0.7143
2M21 844 2.272 0.2034 0.7262
2M21 845 2.516 0.1729 0.7024
2M21 846 2.350 0.1914 0.7024
2M21 847 2.491 0.2065 0.7143
2M21 848 2.390 0.2107 0.7143
2M21 849 2.389 0.1947 0.7381
2M21 850 2.348 0.2032 0.7143
2M21 851 2.355 0.1755 0.7262
2M21 852 2.350 0.2179 0.7381
2M21 853 2.423 0.2191 0.7024
2M21 854 2.347 0.1864 0.7262
2M21 855 2.495 0.1839 0.7143
2M21 856 2.502 0.1911 0.7262
2M21 857 2.415 0.1724 0.7143
2M21 858 2.454 0.1715 0.7143
2M21 859 2.540 0.1988 0.7262
2M21 860 2.489 0.1807 0.7024
2M21 861 2.609 0.1998 0.7024
2M21 862 2.395 0.2042 0.7381
2M21 863 2.503 0.2055 0.7262
2M21 864 2.389 0.2150 0.7381
2M21 865 2.381 0.2230 0.7262
2M21 866 2.439 0.2114 0.7024
2M21 867 2.540 0.2083 0.7024
2M21 868 2.328 0.1980 0.7143
2M21 869 2.354 0.2021 0.7143
2M21 870 2.271 0.2138 0.7381
2M21 871 2.290 0.2059 0.7262
2M21 872 2.316 0.1894 0.7143
2M21 873 2.267 0.2099 0.7262
2M21 874 2.293 0.2140 0.7143
2M21 875 2.417 0.1942 0.7143
2M21 876 2.302 0.2184 0.7381
2M21 877 2.143 0.2137 0.7500
2M21 878 2.327 0.1836 0.7381
2M21 879 2.438 0.1983 0.7143
2M21 880 2.329 0.2025 0.7381
2M21 881 2.546 0.2226 0.7143
2M21 882 2.402 0.1940 0.7262
2M21 883 2.552 0.2038 0.7024
2M21 884 2.473 0.2116 0.7262
2M21 885 2.527 0.2149 0.6905
2M21 886 2.381 0.1822 0.7262
2M21 887 2.529 0.2030 0.7143
2M21 888 2.594 0.1860 0.6905
2M21 889 2.478 0.1914 0.7262
2M21 890 2.647 0.1742 0.6786
2M21 891 2.547 0.1905 0.7143
2M21 892 2.457 0.1892 0.7262
2M21 893 2.511 0.1910 0.7143
2M21 894 2.392 0.1994 0.7381
2M21 895 2.379 0.2097 0.7262
2M21 896 2.534 0.2040 0.7262
2M21 897 2.546 0.1953 0.7024
2M21 898 2.443 0.1711 0.7024
2M21 899 2.247 0.1959 0.7262
2M21 900 2.282 0.1724 0.7262
2M21 901 2.384 0.1924 0.7143
2M21 902 2.405 0.1853 0.7381
2M21 903 2.467 0.1890 0.7262
2M21 904 2.354 0.1834 0.7262
2M21 905 2.550 0.1706 0.7143
2M21 906 2.342 0.1893 0.7143
2M21 907 2.331 0.1896 0.7262
2M21 908 2.573 0.2125 0.7024
2M21 909 2.364 0.1825 0.7143
2M21 910 2.464 0.1875 0.7143
2M21 911 2.297 0.1946 0.7262
2M21 912 2.352 0.1927 0.7143
2M21 913 2.383 0.1851 0.7262
2M21 914 2.448 0.1806 0.7143
2M21 915 2.324 0.1832 0.7500
2M21 916 2.490 0.1955 0.7262
2M21 917 2.437 0.2092 0.7024
2M21 918 2.504 0.1812 0.7143
2M21 919 2.381 0.1819 0.7143
2M21 920 2.339 0.2048 0.6905
2M21 921 2.309 0.1927 0.7143
2M21 922 2.287 0.2042 0.7381
2M21 923 2.255 0.2035 0.7381
2M21 924 2.413 0.2241 0.7262
2M21 925 2.217 0.2027 0.7143
2M21 926 2.365 0.2155 0.7143
2M21 927 2.426 0.1973 0.6905
2M21 928 2.199 0.1849 0.7262
2M21 929 2.451 0.1871 0.6905
2M21 930 2.311 0.2051 0.7381
2M21 931 2.354 0.2015 0.7262
2M21 932 2.413 0.1699 0.7143
2M21 933 2.302 0.2074 0.7381
2M21 934 2.412 0.1996 0.7262
2M21 935 2.400 0.2133 0.6905
2M21 936 2.284 0.2029 0.7262
2M21 937 2.265 0.2027 0.7619
2M21 938 2.405 0.1802 0.6905
2M21 939 2.377 0.1993 0.7143
2M21 940 2.523 0.1922 0.6786
2M21 941 2.322 0.2154 0.7143
2M21 942 2.516 0.1945 0.7024
2M21 943 2.298 0.1893 0.7143
2M21 944 2.376 0.2035 0.7262
2M21 945 2.442 0.1748 0.7143
2M21 946 2.294 0.2019 0.7262
2M21 947 2.302 0.1969 0.7143
2M21 948 2.338 0.1735 0.7262
2M21 949 2.649 0.2122 0.7143
2M21 950 2.459 0.1777 0.7262
2M21 951 2.275 0.1936 0.7143
2M21 952 2.385 0.1800 0.7024
2M21 953 2.174 0.1942 0.7381
2M21 954 2.628 0.1675 0.6786
2M21 955 2.382 0.1865 0.7381
2M21 956 2.557 0.2212 0.7024
2M21 957 2.597 0.1721 0.6905
2M21 958 2.243 0.2157 0.7500
2M21 959 2.198 0.1917 0.7381
2M21 960 2.287 0.1960 0.7381
2M21 961 2.391 0.1809 0.7381
2M21 962 2.278 0.1974 0.7500
2M21 963 2.199 0.1913 0.7500
2M21 964 2.312 0.2081 0.7262
2M21 965 2.397 0.1741 0.7381
2M21 966 2.356 0.1988 0.7262
2M21 967 2.086 0.1961 0.7619
2M21 968 2.120 0.2100 0.7381
2M21 969 2.121 0.2143 0.7619
2M21 970 2.167 0.2024 0.7262
2M21 971 2.144 0.2130 0.7381
2M21 972 2.000 0.2698 0.7500
2M21 973 2.127 0.2188 0.7738
2M21 974 2.123 0.2270 0.7500
2M21 975 2.212 0.1837 0.7262
2M21 976 2.206 0.1999 0.7500
2M21 977 2.330 0.1938 0.7143
2M21 978 2.255 0.1971 0.7381
2M21 979 2.073 0.2207 0.7619
2M21 980 2.302 0.2189 0.7500
2M21 981 2.177 0.2139 0.7381
2M21 982 2.179 0.2074 0.7381
2M21 983 2.253 0.2116 0.7500
2M21 984 2.043 0.2354 0.7619
2M21 985 2.166 0.2268 0.7500
2M21 986 2.183 0.1908 0.7262
2M21 987 2.308 0.2025 0.7262
2M21 988 2.382 0.2107 0.7143
2M21 989 2.302 0.1998 0.7024
2M21 990 2.464 0.1815 0.6905
2M21 991 2.308 0.1797 0.7143
2M21 992 2.293 0.1782 0.7262
2M21 993 2.415 0.1748 0.7143
2M21 994 2.294 0.2029 0.7143
2M21 995 2.440 0.1791 0.7381
2M21 996 2.350 0.1999 0.7143
2M21 997 2.446 0.1847 0.7024
2M21 998 2.426 0.1885 0.7143
2M21 999 2.391 0.2030 0.7381
2M21 1000 2.157 0.1982 0.7381
2M21 1001 2.536 0.1806 0.7143
2M21 1002 2.295 0.1869 0.7143
2M21 1003 2.388 0.2184 0.6905
2M21 1004 2.178 0.1847 0.7143
2M21 1005 2.304 0.1883 0.6905
2M21 1006 2.311 0.1916 0.7143
2M21 1007 2.406 0.2201 0.7143
2M21 1008 2.111 0.1908 0.7381
2M21 1009 2.223 0.1950 0.7024
2M21 1010 2.360 0.2136 0.7143
2M21 1011 2.623 0.1801 0.7143
2M21 1012 2.483 0.2207 0.7262
2M21 1013 2.360 0.2103 0.7024
2M21 1014 2.550 0.2133 0.7143
2M21 1015 2.359 0.2104 0.7262
2M21 1016 2.318 0.2225 0.7262
2M21 1017 2.259 0.2279 0.7381
2M21 1018 2.181 0.1715 0.7262
2M21 1019 2.083 0.2029 0.7619
2M21 1020 2.452 0.2116 0.7024
2M21 1021 2.393 0.1830 0.7262
2M21 1022 2.421 0.2058 0.7143
2M21 1023 2.407 0.2150 0.7143
2M21 1024 2.157 0.2098 0.7500
2M21 1025 2.240 0.2264 0.7262
2M21 1026 2.262 0.2114 0.7143
2M21 1027 2.323 0.1768 0.7381
2M21 1028 2.358 0.2174 0.7262
2M21 1029 2.334 0.2040 0.7500
2M21 1030 2.469 0.1837 0.7143
2M21 1031 2.427 0.2040 0.7024
2M21 1032 2.451 0.2135 0.7024
2M21 1033 2.301 0.1821 0.7024
2M21 1034 2.389 0.2299 0.7500
2M21 1035 2.331 0.2171 0.7024
2M21 1036 2.464 0.1820 0.7143
2M21 1037 2.179 0.1815 0.7381
2M21 1038 2.250 0.1868 0.7143
2M21 1039 2.132 0.2231 0.7262
2M21 1040 2.351 0.1883 0.7143
2M21 1041 2.112 0.2122 0.7381
2M21 1042 2.310 0.1762 0.7381
2M21 1043 2.257 0.2463 0.7500
2M21 1044 2.427 0.2163 0.7024
2M21 1045 2.373 0.2147 0.7381
2M21 1046 2.394 0.1675 0.7262
2M21 1047 2.280 0.2241 0.7500
2M21 1048 2.465 0.1784 0.7143
2M21 1049 2.413 0.1948 0.7024
2M21 1050 2.532 0.1879 0.7143
2M21 1051 2.519 0.2226 0.7143
2M21 1052 2.525 0.2108 0.7143
2M21 1053 2.562 0.2219 0.7143
2M21 1054 2.393 0.2054 0.7500
2M21 1055 2.291 0.2167 0.7262
2M21 1056 2.451 0.1868 0.7143
2M21 1057 2.528 0.1866 0.7024
2M21 1058 2.492 0.2051 0.7143
2M21 1059 2.140 0.1871 0.7738
2M21 1060 2.300 0.2343 0.7619
2M21 1061 2.355 0.2177 0.7262
2M21 1062 2.486 0.1737 0.7143
2M21 1063 2.445 0.2151 0.7381
2M21 1064 2.483 0.1914 0.7143
2M21 1065 2.150 0.2296 0.7738
2M21 1066 2.336 0.2012 0.7143
2M21 1067 2.502 0.2049 0.7500
2M21 1068 2.388 0.1767 0.7500
2M21 1069 2.121 0.1921 0.7619
2M21 1070 2.451 0.1882 0.7143
2M21 1071 2.766 0.1917 0.6786
2M21 1072 2.646 0.2008 0.6786
2M21 1073 2.302 0.2315 0.7262
2M21 1074 2.535 0.1981 0.6667
2M21 1075 2.706 0.1960 0.7143
2M21 1076 2.816 0.2247 0.6786
2M21 1077 2.597 0.2035 0.7262
2M21 1078 2.280 0.2045 0.7381
2M21 1079 2.783 0.2087 0.6667
2M21 1080 2.686 0.1585 0.6905
2M21 1081 2.108 0.1860 0.7500
2M21 1082 2.331 0.1877 0.7381
2M21 1083 2.365 0.2052 0.7500
2M21 1084 2.236 0.1740 0.7143
2M21 1085 2.198 0.1814 0.7381
2M21 1086 2.301 0.1681 0.7143
2M21 1087 2.306 0.1592 0.7381
2M21 1088 2.237 0.2048 0.7381
2M21 1089 2.303 0.2051 0.7262
2M21 1090 2.012 0.2044 0.7619
2M21 1091 2.028 0.2115 0.7619
2M21 1092 1.952 0.2237 0.7857
2M21 1093 2.068 0.1818 0.7619
2M21 1094 2.043 0.2084 0.7500
2M21 1095 2.508 0.1777 0.7024
2M21 1096 2.496 0.1731 0.7024
2M21 1097 2.256 0.2220 0.7381
2M21 1098 2.388 0.1799 0.7143
2M21 1099 2.096 0.1895 0.7262
2M21 1100 2.123 0.1784 0.7619
2M21 1101 2.201 0.1607 0.7500
2M21 1102 2.241 0.1723 0.7500
2M21 1103 2.272 0.1781 0.7619
2M21 1104 2.205 0.2001 0.7500
2M21 1105 2.079 0.1828 0.7381
2M21 1106 2.314 0.2095 0.7500
2M21 1107 2.319 0.2168 0.7381
2M21 1108 2.050 0.1896 0.7619
2M21 1109 2.199 0.1719 0.7619
2M21 1110 2.138 0.2190 0.7500
2M21 1111 1.979 0.1846 0.7619
2M21 1112 1.977 0.2069 0.7619
2M21 1113 2.174 0.1589 0.7381
2M21 1114 2.009 0.1964 0.7619
2M21 1115 2.106 0.1677 0.7262
2M21 1116 2.140 0.1866 0.7500
2M21 1117 2.192 0.2063 0.7381
2M21 1118 1.943 0.1737 0.7619
2M21 1119 2.280 0.1898 0.7381
2M21 1120 2.034 0.1718 0.7500
2M21 1121 2.504 0.2100 0.7262
2M21 1122 2.262 0.2090 0.7738
2M21 1123 2.247 0.2502 0.7619
2M21 1124 2.370 0.2318 0.7143
2M21 1125 2.150 0.1837 0.7381
2M21 1126 2.168 0.2158 0.7619
2M21 1127 2.025 0.2410 0.7857
2M21 1128 2.195 0.1994 0.7500
2M21 1129 2.280 0.1901 0.7381
2M21 1130 2.226 0.2024 0.7381
2M21 1131 2.134 0.2008 0.7738
2M21 1132 2.134 0.1993 0.7500
2M21 1133 2.312 0.1761 0.7381
2M21 1134 2.244 0.1723 0.7143
2M21 1135 2.342 0.2108 0.7262
2M21 1136 2.321 0.1971 0.7024
2M21 1137 2.256 0.2137 0.7143
2M21 1138 2.215 0.2055 0.7500
2M21 1139 2.274 0.2050 0.7381
2M21 1140 2.264 0.2612 0.7500
2M21 1141 2.284 0.1773 0.7500
2M21 1142 2.433 0.2476 0.7143
2M21 1143 2.142 0.2389 0.7619
2M21 1144 2.092 0.2437 0.7738
2M21 1145 2.522 0.1757 0.6786
2M21 1146 2.210 0.2731 0.7619
2M21 1147 2.472 0.1736 0.7381
2M21 1148 2.198 0.2148 0.7500
2M21 1149 2.239 0.2188 0.7262
2M21 1150 2.197 0.1770 0.7500
2M21 1151 2.304 0.2092 0.7619
2M21 1152 2.523 0.2368 0.7024
2M21 1153 2.125 0.1910 0.7738
2M21 1154 2.287 0.1681 0.7143
2M21 1155 2.065 0.2143 0.7738
2M21 1156 2.391 0.2498 0.7262
2M21 1157 2.342 0.2143 0.7143
2M21 1158 2.230 0.2207 0.7738
2M21 1159 2.129 0.2546 0.7619
2M21 1160 2.125 0.1860 0.7500
2M21 1161 2.670 0.1939 0.6786
2M21 1162 2.450 0.2224 0.7381
2M21 1163 2.206 0.2174 0.7143
2M21 1164 2.077 0.1933 0.7619
2M21 1165 2.320 0.2254 0.7381
2M21 1166 2.399 0.2235 0.7143
2M21 1167 2.374 0.2197 0.7262
2M21 1168 2.640 0.2211 0.7024
2M21 1169 2.311 0.1859 0.7143
2M21 1170 2.508 0.2014 0.6905
2M21 1171 2.281 0.2409 0.7143
2M21 1172 2.146 0.1841 0.7381
2M21 1173 2.122 0.2024 0.7619
2M21 1174 2.267 0.2200 0.7143
2M21 1175 2.152 0.2336 0.7500
2M21 1176 2.343 0.2096 0.7143
2M21 1177 2.432 0.2237 0.7024
2M21 1178 2.281 0.2086 0.7381
2M21 1179 2.429 0.2216 0.7143
2M21 1180 2.416 0.1552 0.7024
2M21 1181 2.311 0.2321 0.7381
2M21 1182 2.320 0.2308 0.7262
2M21 1183 2.302 0.1832 0.7500
2M21 1184 2.279 0.1866 0.7500
2M21 1185 2.619 0.2070 0.7024
2M21 1186 2.415 0.1750 0.7381
2M21 1187 2.293 0.1935 0.7381
2M21 1188 2.592 0.2134 0.6905
2M21 1189 2.209 0.1754 0.7262
2M21 1190 2.623 0.2079 0.6905
2M21 1191 2.459 0.2208 0.7381
2M21 1192 2.322 0.2236 0.7262
2M21 1193 2.300 0.2142 0.7381
2M21 1194 2.282 0.2299 0.7500
2M21 1195 2.505 0.1846 0.7024
2M21 1196 2.651 0.1771 0.6905
2M21 1197 2.403 0.1963 0.7143
2M21 1198 2.342 0.2251 0.7262
2M21 1199 2.147 0.2269 0.7738
2M21 1200 2.259 0.2130 0.7500
2M21 1201 2.546 0.2129 0.7143
2M21 1202 2.519 0.2064 0.7262
2M21 1203 2.217 0.2415 0.7857
2M21 1204 2.659 0.2120 0.7024
2M21 1205 2.246 0.2225 0.7500
2M21 1206 2.568 0.1860 0.7143
2M21 1207 2.296 0.1609 0.7143
2M21 1208 2.356 0.1875 0.7262
2M21 1209 2.347 0.2249 0.7143
2M21 1210 2.260 0.2321 0.7262
2M21 1211 2.107 0.2017 0.7262
2M21 1212 2.345 0.2004 0.7262
2M21 1213 2.298 0.2301 0.7619
2M21 1214 2.317 0.1785 0.7381
2M21 1215 2.318 0.2366 0.7619
2M21 1216 2.345 0.1932 0.7262
2M21 1217 2.252 0.2573 0.7500
2M21 1218 2.278 0.2083 0.7500
2M21 1219 2.002 0.1978 0.7500
2M21 1220 2.188 0.2250 0.7500
2M21 1221 2.310 0.2088 0.7381
2M21 1222 2.313 0.1891 0.7500
2M21 1223 2.429 0.1841 0.7500
2M21 1224 2.257 0.2454 0.7143
2M21 1225 2.195 0.2347 0.7500
2M21 1226 2.568 0.1904 0.6905
2M21 1227 2.404 0.2314 0.7143
2M21 1228 2.313 0.2109 0.7143
2M21 1229 2.224 0.1988 0.7024
2M21 1230 2.154 0.2134 0.7619
2M21 1231 2.122 0.1797 0.7619
2M21 1232 2.213 0.1755 0.7381
2M21 1233 2.275 0.1987 0.7381
2M21 1234 2.219 0.2319 0.7738
2M21 1235 2.427 0.2357 0.7143
2M21 1236 2.330 0.1953 0.7262
2M21 1237 2.267 0.1760 0.7619
2M21 1238 2.453 0.2147 0.7262
2M21 1239 2.650 0.1913 0.7262
2M21 1240 2.273 0.2709 0.7500
2M21 1241 2.195 0.2143 0.7619
2M21 1242 2.071 0.1819 0.7381
2M21 1243 1.983 0.1929 0.7381
2M21 1244 2.314 0.2261 0.7381
2M21 1245 2.156 0.2061 0.7738
2M21 1246 2.537 0.2083 0.7143
2M21 1247 2.303 0.2517 0.7500
2M21 1248 2.388 0.2246 0.7381
2M21 1249 2.348 0.2042 0.7262
2M21 1250 2.273 0.2090 0.7500
2M21 1251 2.601 0.2014 0.7024
2M21 1252 1.954 0.1846 0.7738
2M21 1253 2.302 0.1860 0.7143
2M21 1254 2.362 0.1956 0.7143
2M21 1255 2.373 0.2361 0.7143
2M21 1256 2.073 0.2069 0.7976
2M21 1257 2.108 0.1873 0.7500
2M21 1258 2.112 0.2187 0.7738
2M21 1259 2.205 0.2362 0.7381
2M21 1260 2.299 0.1750 0.7500
2M21 1261 2.086 0.2123 0.7738
2M21 1262 2.383 0.2216 0.7619
2M21 1263 1.983 0.1805 0.7619
2M21 1264 2.262 0.2007 0.7143
2M21 1265 2.210 0.1611 0.7143
2M21 1266 2.211 0.1686 0.7262
2M21 1267 2.456 0.2199 0.7143
2M21 1268 2.400 0.1828 0.7262
2M21 1269 2.272 0.1793 0.7381
2M21 1270 2.060 0.2289 0.7500
2M21 1271 2.293 0.2048 0.7381
2M21 1272 2.076 0.2746 0.7619
2M21 1273 2.074 0.2137 0.7500
2M21 1274 2.387 0.2030 0.7262
2M21 1275 2.307 0.2506 0.7262
2M21 1276 2.216 0.2420 0.7262
2M21 1277 2.087 0.2295 0.7262
2M21 1278 2.226 0.2361 0.7619
2M21 1279 2.352 0.1792 0.7143
2M21 1280 2.013 0.2492 0.7619
2M21 1281 2.303 0.1900 0.7262
2M21 1282 2.207 0.1957 0.7500
2M21 1283 2.281 0.1985 0.7143
2M21 1284 2.112 0.1949 0.7500
2M21 1285 2.428 0.2329 0.7143
2M21 1286 2.535 0.2291 0.7262
2M21 1287 2.544 0.1900 0.7381
2M21 1288 2.468 0.2074 0.7262
2M21 1289 2.415 0.1928 0.7143
2M21 1290 2.633 0.2061 0.6786
2M21 1291 2.430 0.2022 0.7500
2M21 1292 2.334 0.2201 0.7857
2M21 1293 2.263 0.1986 0.7738
2M21 1294 2.248 0.1992 0.7381
2M21 1295 2.400 0.1852 0.7262
2M21 1296 2.437 0.1570 0.7262
2M21 1297 2.317 0.1854 0.7500
2M21 1298 2.373 0.2465 0.7619
2M21 1299 2.499 0.2169 0.7143
2M21 1300 2.591 0.1965 0.7381
2M21 1301 2.493 0.1919 0.7500
2M21 1302 2.542 0.2271 0.7619
2M21 1303 2.642 0.1648 0.7143
2M21 1304 2.705 0.1817 0.6905
2M21 1305 2.598 0.2210 0.7024
2M21 1306 2.170 0.1738 0.7857
2M21 1307 2.314 0.1685 0.7262
2M21 1308 2.410 0.1567 0.7381
2M21 1309 2.583 0.1933 0.7381
2M21 1310 2.404 0.2210 0.7619
2M21 1311 2.956 0.2173 0.6786
2M21 1312 2.950 0.1728 0.6786
2M21 1313 2.533 0.1857 0.7381
2M21 1314 2.588 0.1857 0.7143
2M21 1315 2.363 0.1702 0.7500
2M21 1316 2.413 0.1787 0.7024
2M21 1317 2.453 0.1901 0.7262
2M21 1318 2.556 0.1915 0.7143
2M21 1319 2.369 0.1930 0.7500
2M21 1320 2.842 0.1869 0.6905
2M21 1321 2.345 0.2160 0.7619
2M21 1322 2.451 0.1878 0.7381
2M21 1323 2.695 0.1666 0.6786
2M21 1324 2.358 0.2087 0.7619
2M21 1325 2.998 0.2460 0.7143
2M21 1326 2.625 0.2010 0.7143
2M21 1327 2.577 0.1722 0.7262
2M21 1328 2.750 0.1798 0.7143
2M21 1329 2.635 0.1982 0.7262
2M21 1330 2.883 0.1995 0.7262
2M21 1331 2.785 0.1805 0.6786
2M21 1332 2.730 0.2034 0.6905
2M21 1333 2.269 0.2143 0.7381
2M21 1334 2.490 0.1898 0.7262
2M21 1335 2.624 0.1974 0.6786
2M21 1336 2.582 0.2042 0.7619
2M21 1337 2.550 0.1866 0.7262
2M21 1338 2.508 0.1997 0.7262
2M21 1339 2.364 0.2378 0.7500
2M21 1340 2.583 0.1756 0.7024
2M21 1341 2.773 0.1554 0.6786
2M21 1342 2.706 0.2101 0.6786
2M21 1343 2.277 0.2136 0.7500
2M21 1344 2.477 0.2157 0.7262
2M21 1345 2.353 0.1925 0.7262
2M21 1346 2.182 0.2075 0.7381
2M21 1347 2.268 0.1909 0.7381
2M21 1348 2.240 0.1925 0.7381
2M21 1349 2.416 0.1882 0.7381
2M21 1350 2.678 0.2274 0.7262
2M21 1351 2.638 0.2128 0.7143
2M21 1352 2.611 0.2138 0.7262
2M21 1353 2.213 0.2180 0.7857
2M21 1354 2.587 0.2301 0.7381
2M21 1355 2.444 0.1840 0.7500
2M21 1356 2.727 0.1878 0.7143
2M21 1357 2.780 0.1896 0.7262
2M21 1358 2.861 0.1800 0.7143
2M21 1359 2.513 0.1865 0.7143
2M21 1360 2.494 0.2127 0.7262
2M21 1361 2.301 0.2256 0.7619
2M21 1362 2.472 0.1909 0.7500
2M21 1363 2.561 0.1982 0.7143
2M21 1364 2.291 0.2321 0.7381
2M21 1365 2.502 0.1885 0.7262
2M21 1366 2.475 0.2241 0.7500
2M21 1367 2.717 0.2282 0.7262
2M21 1368 2.610 0.2592 0.7262
2M21 1369 2.554 0.1540 0.7381
2M21 1370 2.794 0.2058 0.7143
2M21 1371 2.808 0.2240 0.7024
2M21 1372 2.850 0.2009 0.6905
2M21 1373 2.999 0.2201 0.6905
2M21 1374 2.877 0.1727 0.7143
2M21 1375 2.730 0.2010 0.7143
2M21 1376 2.842 0.1806 0.7143
2M21 1377 2.663 0.2033 0.7143
2M21 1378 2.732 0.1900 0.6905
2M21 1379 2.403 0.1791 0.7262
2M21 1380 2.779 0.2042 0.6905
2M21 1381 2.456 0.2012 0.7381
2M21 1382 2.460 0.2596 0.7738
2M21 1383 2.620 0.1972 0.7262
2M21 1384 2.737 0.2093 0.7024
2M21 1385 2.443 0.2082 0.7500
2M21 1386 2.538 0.1879 0.7143
2M21 1387 2.782 0.1903 0.7262
2M21 1388 2.429 0.2117 0.7500
2M21 1389 2.688 0.1875 0.6905
2M21 1390 2.917 0.1678 0.6786
2M21 1391 2.653 0.1658 0.7262
2M21 1392 2.707 0.1734 0.7143
2M21 1393 3.143 0.1877 0.6429
2M21 1394 2.504 0.2582 0.7619
2M21 1395 3.233 0.1717 0.6548
2M21 1396 2.868 0.2350 0.7500
2M21 1397 2.927 0.1833 0.6667
2M21 1398 2.474 0.1904 0.7381
2M21 1399 2.602 0.2033 0.7381
2M21 1400 2.774 0.1909 0.7024
2M21 1401 2.862 0.1962 0.7143
2M21 1402 2.598 0.1922 0.7500
2M21 1403 2.936 0.2123 0.6429
2M21 1404 2.670 0.1807 0.7143
2M21 1405 2.710 0.1616 0.7024
2M21 1406 2.602 0.1820 0.7500
2M21 1407 2.571 0.1605 0.6905
2M21 1408 2.812 0.2055 0.6905
2M21 1409 2.617 0.1673 0.6905
2M21 1410 2.620 0.1994 0.7143
2M21 1411 2.455 0.1946 0.7619
2M21 1412 2.438 0.1795 0.7262
2M21 1413 2.090 0.1690 0.7619
2M21 1414 2.447 0.1360 0.7143
2M21 1415 2.148 0.1538 0.7262
2M21 1416 2.301 0.1692 0.7262
2M21 1417 2.678 0.1549 0.7024
2M21 1418 2.292 0.1804 0.6905
2M21 1419 2.215 0.1644 0.7262
2M21 1420 2.146 0.1650 0.7262
2M21 1421 2.530 0.1760 0.6667
2M21 1422 2.706 0.1636 0.6548
2M21 1423 2.493 0.1465 0.6667
2M21 1424 2.335 0.1382 0.6786
2M21 1425 2.579 0.1412 0.7024
2M21 1426 2.617 0.1433 0.6905
2M21 1427 2.406 0.1615 0.6786
2M21 1428 2.547 0.1640 0.6905
2M21 1429 2.341 0.1464 0.7262
2M21 1430 2.331 0.1502 0.7024
2M21 1431 2.215 0.1644 0.7143
2M21 1432 2.202 0.1678 0.7262
2M21 1433 2.283 0.1162 0.6905
2M21 1434 2.731 0.1060 0.6429
2M21 1435 2.836 0.1205 0.6429
2M21 1436 2.769 0.1117 0.6429
2M21 1437 2.793 0.1312 0.6548
2M21 1438 2.609 0.1488 0.6786
2M21 1439 2.454 0.1685 0.7262
2M21 1440 2.726 0.1254 0.6667
2M21 1441 2.709 0.1280 0.6786
2M21 1442 2.824 0.1488 0.6310
2M21 1443 2.706 0.1486 0.6667
2M21 1444 2.805 0.1503 0.6548
2M21 1445 2.578 0.1241 0.6905
2M21 1446 2.700 0.1288 0.6667
2M21 1447 2.748 0.1435 0.6786
2M21 1448 2.788 0.1124 0.6429
2M21 1449 2.713 0.1611 0.6905
2M21 1450 2.892 0.1309 0.6548
2M21 1451 2.641 0.1429 0.7024
2M21 1452 2.662 0.1175 0.6786
2M21 1453 2.860 0.1706 0.6667
2M21 1454 2.811 0.1662 0.6786
2M21 1455 2.810 0.1472 0.6667
2M21 1456 2.705 0.1736 0.6786
2M21 1457 2.505 0.1683 0.6667
2M21 1458 2.529 0.1476 0.6786
2M21 1459 2.635 0.1270 0.6786
2M21 1460 2.880 0.1382 0.6429
2M21 1461 2.618 0.1751 0.6786
2M21 1462 2.751 0.1602 0.6548
2M21 1463 2.951 0.1567 0.7024
2M21 1464 2.975 0.1369 0.6786
2M21 1465 2.918 0.1354 0.6786
2M21 1466 2.232 0.2021 0.7500
2M21 1467 2.740 0.2152 0.7262
2M21 1468 2.550 0.1524 0.6786
2M21 1469 2.875 0.1513 0.6429
2M21 1470 2.824 0.1401 0.6548
2M21 1471 2.569 0.1507 0.6786
2M21 1472 2.466 0.1741 0.6786
2M21 1473 2.959 0.1381 0.6429
2M21 1474 2.421 0.1413 0.6905
2M21 1475 2.686 0.1508 0.7024
2M21 1476 2.883 0.1531 0.6548
2M21 1477 2.829 0.1275 0.6667
2M21 1478 3.072 0.1172 0.6548
2M21 1479 2.701 0.1945 0.6905
2M21 1480 2.358 0.2301 0.7262
2M21 1481 2.510 0.1459 0.7262
2M21 1482 2.514 0.1218 0.6905
2M21 1483 3.301 0.1231 0.6071
2M21 1484 3.001 0.1357 0.6190
2M21 1485 2.934 0.1433 0.6310
2M21 1486 2.842 0.1512 0.6548
2M21 1487 2.529 0.1213 0.6786
2M21 1488 2.631 0.1275 0.6667
2M21 1489 2.595 0.1238 0.6786
2M21 1490 2.640 0.1272 0.6548
2M21 1491 2.638 0.1267 0.7024
2M21 1492 2.892 0.1139 0.6429
2M21 1493 3.018 0.1327 0.6429
2M21 1494 2.620 0.1388 0.6667
2M21 1495 2.721 0.1466 0.6786
2M21 1496 2.752 0.1353 0.6786
2M21 1497 2.818 0.1654 0.6786
2M21 1498 2.969 0.1352 0.6667
2M21 1499 2.971 0.1528 0.6310
2M21 1500 3.339 0.1169 0.6071
2M21 1501 2.962 0.1244 0.6667
2M21 1502 3.170 0.1394 0.6190
2M21 1503 2.990 0.1259 0.6548
2M21 1504 3.025 0.1508 0.6429
2M21 1505 2.830 0.1345 0.6429
2M21 1506 2.937 0.1209 0.6548
2M21 1507 2.863 0.1304 0.6310
2M21 1508 2.933 0.1138 0.6310
2M21 1509 2.666 0.1324 0.6548
2M21 1510 2.784 0.1260 0.6548
2M21 1511 3.025 0.1275 0.6190
2M21 1512 2.860 0.1250 0.6548
2M21 1513 2.780 0.1283 0.6429
2M21 1514 2.959 0.1605 0.6310
2M21 1515 2.793 0.1797 0.6667
2M21 1516 2.922 0.1630 0.6310
2M21 1517 3.081 0.1316 0.6190
2M21 1518 2.912 0.1216 0.6429
2M21 1519 2.954 0.1296 0.6071
2M21 1520 2.940 0.1200 0.6310
2M21 1521 2.876 0.1273 0.6310
2M21 1522 2.948 0.1278 0.6429
2M21 1523 2.857 0.1243 0.6548
2M21 1524 2.866 0.1350 0.6548
2M21 1525 3.074 0.1093 0.6190
2M21 1526 2.824 0.1520 0.6667
2M21 1527 2.710 0.1187 0.6667
2M21 1528 2.694 0.1429 0.6667
2M21 1529 3.012 0.1520 0.6429
2M21 1530 2.788 0.1261 0.6667
2M21 1531 2.739 0.1561 0.6667
2M21 1532 2.659 0.1369 0.6905
2M21 1533 2.695 0.1365 0.6786
2M21 1534 2.667 0.1475 0.6905
2M21 1535 2.821 0.1297 0.6310
2M21 1536 2.686 0.1472 0.6905
2M21 1537 2.572 0.1326 0.6786
2M21 1538 3.091 0.1221 0.6071
2M21 1539 2.859 0.1173 0.6548
2M21 1540 2.765 0.1162 0.6667
2M21 1541 2.830 0.1206 0.6548
2M21 1542 2.635 0.1176 0.6667
2M21 1543 2.874 0.1324 0.6429
2M21 1544 3.118 0.1156 0.6429
2M21 1545 2.631 0.1438 0.6905
2M21 1546 2.650 0.1449 0.7143
2M21 1547 2.665 0.1208 0.6786
2M21 1548 3.001 0.1139 0.6190
2M21 1549 3.274 0.1591 0.6071
2M21 1550 2.920 0.1359 0.6429
2M21 1551 2.762 0.1585 0.6786
2M21 1552 3.046 0.1350 0.6310
2M21 1553 2.569 0.1633 0.7143
2M21 1554 3.087 0.1172 0.6429
2M21 1555 2.906 0.1395 0.6548
2M21 1556 2.767 0.1362 0.6667
2M21 1557 2.795 0.1616 0.6548
2M21 1558 2.671 0.1207 0.6548
2M21 1559 2.785 0.1379 0.6905
2M21 1560 2.522 0.1447 0.6786
2M21 1561 2.485 0.1566 0.7024
2M21 1562 2.731 0.1356 0.6548
2M21 1563 2.789 0.1373 0.6667
2M21 1564 2.908 0.1338 0.6667
2M21 1565 2.631 0.1732 0.6905
2M21 1566 2.945 0.1498 0.6667
2M21 1567 2.916 0.1498 0.6667
2M21 1568 2.924 0.1403 0.6548
2M21 1569 2.868 0.1352 0.6310
2M21 1570 2.921 0.1365 0.6548
2M21 1571 2.737 0.1618 0.6548
2M21 1572 2.734 0.1593 0.6548
2M21 1573 2.757 0.1458 0.6667
2M21 1574 2.619 0.1344 0.6786
2M21 1575 2.606 0.1508 0.7024
2M21 1576 2.712 0.1572 0.6548
2M21 1577 2.516 0.1532 0.6905
2M21 1578 2.589 0.1162 0.6667
2M21 1579 2.548 0.1323 0.6786
2M21 1580 2.786 0.0999 0.6667
2M21 1581 2.553 0.1470 0.6905
2M21 1582 2.796 0.1233 0.6548
2M21 1583 2.615 0.1119 0.6667
2M21 1584 2.621 0.1633 0.6786
2M21 1585 2.771 0.1439 0.6548
2M21 1586 2.538 0.1489 0.7024
2M21 1587 2.706 0.1304 0.6667
2M21 1588 2.878 0.1826 0.6429
2M21 1589 2.519 0.1429 0.6905
2M21 1590 2.684 0.1284 0.6786
2M21 1591 2.465 0.1246 0.6905
2M21 1592 2.848 0.1519 0.6429
2M21 1593 2.658 0.1338 0.6786
2M21 1594 2.946 0.1657 0.6429
2M21 1595 2.726 0.1115 0.6786
2M21 1596 2.974 0.1437 0.6429
2M21 1597 2.887 0.1334 0.6548
2M21 1598 2.750 0.1463 0.6548
2M21 1599 2.642 0.1313 0.6786
2M21 1600 2.872 0.1383 0.6429
2M21 1601 2.882 0.1068 0.6310
2M21 1602 2.939 0.1273 0.6429
2M21 1603 2.895 0.1173 0.6548
2M21 1604 3.041 0.1525 0.6310
2M21 1605 2.915 0.1637 0.6429
2M21 1606 2.824 0.1686 0.6905
2M21 1607 2.843 0.1280 0.6667
2M21 1608 2.978 0.1520 0.6429
2M21 1609 2.770 0.1332 0.6548
2M21 1610 3.009 0.1314 0.6071
2M21 1611 2.557 0.1351 0.6786
2M21 1612 2.780 0.1219 0.6429
2M21 1613 2.921 0.1125 0.6548
2M21 1614 2.580 0.1376 0.6786
2M21 1615 2.698 0.1795 0.6786
2M21 1616 2.947 0.1488 0.6190
2M21 1617 2.646 0.1140 0.6548
2M21 1618 2.745 0.1370 0.6667
2M21 1619 2.574 0.1392 0.7024
2M21 1620 2.601 0.1323 0.6786
2M21 1621 2.639 0.1457 0.6667
2M21 1622 2.895 0.1579 0.6548
2M21 1623 2.838 0.1335 0.6548
2M21 1624 2.738 0.1479 0.6429
2M21 1625 2.995 0.1529 0.6310
2M21 1626 3.020 0.1213 0.6190
2M21 1627 3.221 0.1366 0.6190
2M21 1628 2.909 0.1151 0.6310
2M21 1629 2.945 0.1326 0.6310
2M21 1630 2.780 0.1257 0.6429
2M21 1631 2.870 0.1216 0.6429
2M21 1632 2.785 0.1190 0.6310
2M21 1633 2.915 0.1353 0.6548
2M21 1634 2.844 0.1141 0.6548
2M21 1635 2.995 0.1639 0.6310
2M21 1636 3.085 0.1442 0.6310
2M21 1637 2.802 0.1321 0.6429
2M21 1638 2.485 0.1389 0.6786
2M21 1639 2.900 0.1078 0.6548
2M21 1640 2.634 0.1317 0.6786
2M21 1641 2.643 0.1214 0.6548
2M21 1642 2.699 0.1386 0.6786
2M21 1643 2.754 0.1322 0.6548
2M21 1644 2.714 0.1436 0.6667
2M21 1645 2.898 0.1577 0.6548
2M21 1646 2.654 0.1703 0.7262
2M21 1647 2.854 0.1354 0.6905
2M21 1648 2.669 0.1158 0.6786
2M21 1649 2.609 0.1575 0.6905
2M21 1650 2.536 0.1477 0.7024
2M21 1651 2.594 0.1503 0.6905
2M21 1652 2.496 0.1264 0.7143
2M21 1653 2.431 0.1764 0.7262
2M21 1654 2.502 0.1174 0.6905
2M21 1655 2.612 0.1660 0.7024
2M21 1656 2.699 0.1496 0.6905
2M21 1657 2.409 0.1828 0.7143
2M21 1658 2.675 0.1412 0.6905
2M21 1659 2.973 0.1373 0.6548
2M21 1660 3.187 0.1237 0.6667
2M21 1661 2.894 0.1093 0.6548
2M21 1662 2.804 0.1263 0.6667
2M21 1663 2.941 0.1283 0.6905
2M21 1664 3.061 0.1331 0.6667
2M21 1665 2.670 0.1474 0.7024
2M21 1666 2.440 0.1933 0.7143
2M21 1667 2.487 0.1447 0.7262
2M21 1668 2.816 0.1405 0.6786
2M21 1669 2.456 0.1370 0.6905
2M21 1670 2.793 0.1393 0.6905
2M21 1671 2.956 0.1940 0.6786
2M21 1672 2.613 0.1415 0.6786
2M21 1673 2.776 0.1429 0.6667
2M21 1674 2.608 0.1383 0.7024
2M21 1675 2.612 0.1446 0.6786
2M21 1676 2.821 0.1536 0.6786
2M21 1677 2.967 0.1577 0.6905
2M21 1678 2.472 0.1240 0.6905
2M21 1679 2.704 0.1654 0.6786
2M21 1680 2.601 0.1743 0.7024
2M21 1681 2.584 0.1322 0.7024
2M21 1682 2.689 0.1590 0.7024
2M21 1683 2.924 0.1818 0.7024
2M21 1684 2.771 0.1516 0.7024
2M21 1685 2.706 0.1664 0.7143
2M21 1686 2.521 0.1365 0.6905
2M21 1687 2.305 0.1877 0.7262
2M21 1688 2.698 0.1746 0.7143
2M21 1689 2.390 0.1718 0.7381
2M21 1690 2.460 0.1608 0.7381
2M21 1691 2.245 0.1748 0.7262
2M21 1692 2.551 0.1620 0.6667
2M21 1693 2.426 0.2257 0.7500
2M21 1694 2.579 0.1608 0.6786
2M21 1695 2.112 0.1517 0.7381
2M21 1696 2.488 0.1549 0.7143
2M21 1697 2.424 0.1581 0.7024
2M21 1698 1.947 0.1989 0.7619
2M21 1699 2.264 0.1694 0.7500
2M21 1700 2.391 0.2043 0.7262
2M21 1701 2.280 0.1562 0.7381
2M21 1702 2.005 0.1486 0.7500
2M21 1703 1.952 0.1422 0.7500
2M21 1704 1.839 0.2083 0.7857
2M21 1705 2.408 0.1480 0.7024
2M21 1706 2.424 0.1543 0.7262
2M21 1707 2.407 0.1510 0.7024
2M21 1708 2.160 0.1563 0.7500
2M21 1709 2.110 0.1655 0.7500
2M21 1710 2.083 0.1860 0.7857
2M21 1711 2.309 0.2045 0.7262
2M21 1712 2.307 0.1621 0.7500
2M21 1713 2.413 0.1445 0.7262
2M21 1714 2.289 0.1307 0.7262
2M21 1715 2.655 0.1699 0.7262
2M21 1716 2.244 0.1595 0.7381
2M21 1717 2.342 0.1810 0.6905
2M21 1718 2.071 0.1906 0.7619
2M21 1719 2.308 0.2119 0.7381
2M21 1720 2.487 0.1502 0.6905
2M21 1721 2.150 0.1825 0.7619
2M21 1722 2.213 0.1841 0.7381
2M21 1723 2.739 0.1182 0.6667
2M21 1724 2.998 0.1785 0.6667
2M21 1725 2.785 0.1613 0.6667
2M21 1726 2.117 0.1293 0.7143
2M21 1727 2.156 0.1434 0.7143
2M21 1728 2.416 0.1634 0.7143
2M21 1729 2.749 0.1343 0.6548
2M21 1730 2.382 0.1698 0.7143
2M21 1731 2.403 0.1446 0.6905
2M21 1732 2.476 0.1680 0.6548
2M21 1733 2.263 0.1320 0.7143
2M21 1734 2.515 0.1495 0.7143
2M21 1735 2.411 0.1726 0.7024
2M21 1736 2.281 0.1271 0.7262
2M21 1737 2.249 0.1374 0.7500
2M21 1738 2.092 0.1614 0.7381
2M21 1739 2.230 0.1460 0.7143
2M21 1740 2.112 0.1438 0.7262
2M21 1741 2.252 0.1455 0.7024
2M21 1742 2.339 0.1535 0.7262
2M21 1743 2.258 0.1542 0.7143
2M21 1744 2.110 0.1335 0.7262
2M21 1745 2.382 0.1080 0.6548
2M21 1746 2.237 0.1180 0.7024
2M21 1747 2.087 0.1589 0.7262
2M21 1748 2.264 0.1739 0.7381
2M21 1749 2.641 0.1401 0.6786
2M21 1750 2.771 0.1757 0.6667
2M21 1751 1.976 0.1876 0.7976
2M21 1752 1.957 0.1552 0.7857
2M21 1753 1.972 0.1516 0.7500
2M21 1754 2.249 0.1565 0.7143
2M21 1755 2.369 0.1601 0.6905
2M21 1756 2.314 0.1480 0.7262
2M21 1757 2.077 0.1419 0.7262
2M21 1758 2.009 0.1563 0.7381
2M21 1759 2.523 0.1171 0.6786
2M21 1760 2.428 0.1376 0.7143
2M21 1761 2.298 0.1520 0.7500
2M21 1762 2.174 0.1490 0.7500
2M21 1763 2.432 0.1619 0.7262
2M21 1764 2.289 0.1759 0.7262
2M21 1765 1.790 0.1687 0.7619
2M21 1766 2.342 0.1417 0.7262
2M21 1767 2.167 0.1803 0.7738
2M21 1768 2.110 0.1428 0.7619
2M21 1769 1.927 0.1643 0.7500
2M21 1770 1.922 0.1662 0.7500
2M21 1771 1.974 0.1676 0.7738
2M21 1772 2.139 0.1450 0.7619
2M21 1773 2.379 0.1379 0.7619
2M21 1774 2.117 0.1438 0.7500
2M21 1775 2.565 0.1758 0.7143
2M21 1776 2.250 0.2021 0.7500
2M21 1777 2.331 0.1406 0.7262
2M21 1778 2.395 0.1237 0.7024
2M21 1779 2.277 0.1608 0.7262
2M21 1780 2.235 0.1684 0.7619
2M21 1781 2.196 0.1489 0.7262
2M21 1782 2.278 0.1337 0.7143
2M21 1783 2.492 0.1650 0.7262
2M21 1784 2.334 0.2244 0.7738
2M21 1785 2.354 0.1623 0.7500
2M21 1786 2.485 0.1748 0.7619
2M21 1787 2.504 0.2083 0.7738
2M21 1788 2.507 0.1854 0.7381
2M21 1789 2.320 0.2303 0.7619
2M21 1790 2.283 0.1750 0.7381
2M21 1791 2.254 0.1971 0.7619
2M21 1792 2.436 0.1655 0.7143
2M21 1793 2.481 0.1622 0.7381
2M21 1794 2.779 0.1631 0.7143
2M21 1795 2.307 0.1679 0.7143
2M21 1796 2.384 0.1685 0.7262
2M21 1797 2.473 0.1830 0.7024
2M21 1798 2.639 0.2018 0.6905
2M21 1799 2.863 0.1402 0.7024
2M21 1800 2.614 0.1688 0.7024
2M21 1801 2.617 0.1853 0.7381
2M21 1802 2.710 0.1420 0.7143
2M21 1803 2.552 0.1871 0.7262
2M21 1804 2.795 0.1733 0.6667
2M21 1805 2.582 0.1289 0.6905
2M21 1806 2.843 0.1323 0.6786
2M21 1807 2.872 0.1240 0.6786
2M21 1808 2.777 0.1455 0.6548
2M21 1809 2.766 0.1149 0.6429
