2MNC 1 0.000 1.0000 1.0000
2MNC 2 2.410 0.2337 0.7656
2MNC 3 1.775 0.2497 0.7969
2MNC 4 2.986 0.2549 0.7813
2MNC 5 3.437 0.2405 0.7031
2MNC 6 2.805 0.1675 0.7031
2MNC 7 2.783 0.2480 0.7500
2MNC 8 4.503 0.2198 0.6094
2MNC 9 2.399 0.1893 0.7188
2MNC 10 2.965 0.2430 0.7188
2MNC 11 2.946 0.3012 0.7656
2MNC 12 4.974 0.1913 0.5938
2MNC 13 3.415 0.2155 0.7031
2MNC 14 1.651 0.1788 0.8281
2MNC 15 6.306 0.2188 0.5156
2MNC 16 6.703 0.1794 0.5469
2MNC 17 3.777 0.2309 0.6406
2MNC 18 6.848 0.1531 0.4844
2MNC 19 4.634 0.1502 0.5781
2MNC 20 5.872 0.1163 0.5469
2MNC 21 5.722 0.1613 0.5625
2MNC 22 1.992 0.2466 0.7500
2MNC 23 8.624 0.1325 0.4844
2MNC 24 6.016 0.1264 0.5469
2MNC 25 3.206 0.1899 0.7188
2MNC 26 3.431 0.1522 0.6719
2MNC 27 2.388 0.1375 0.6875
2MNC 28 2.748 0.2087 0.7188
2MNC 29 4.901 0.2117 0.6719
2MNC 30 9.617 0.1136 0.4844
2MNC 31 1.646 0.1907 0.8125
2MNC 32 3.749 0.1680 0.6563
2MNC 33 1.947 0.1949 0.7500
2MNC 34 3.376 0.1463 0.6406
2MNC 35 4.517 0.1611 0.6406
2MNC 36 3.624 0.2125 0.6406
2MNC 37 3.677 0.2081 0.6719
2MNC 38 3.991 0.1855 0.6719
2MNC 39 3.122 0.1550 0.7188
2MNC 40 2.104 0.2027 0.7656
2MNC 41 7.007 0.0952 0.4531
2MNC 42 3.433 0.1911 0.6875
2MNC 43 3.409 0.1581 0.6406
2MNC 44 4.987 0.2058 0.6875
2MNC 45 3.256 0.2292 0.7344
2MNC 46 5.211 0.1821 0.6094
2MNC 47 3.235 0.2059 0.7500
2MNC 48 3.305 0.1852 0.6875
2MNC 49 3.095 0.2009 0.7188
2MNC 50 3.613 0.1991 0.7188
2MNC 51 3.027 0.2090 0.7188
2MNC 52 2.975 0.1841 0.6406
2MNC 53 2.728 0.2099 0.7500
2MNC 54 3.531 0.1892 0.6563
2MNC 55 7.242 0.1254 0.5000
2MNC 56 5.325 0.1341 0.5000
2MNC 57 8.655 0.1191 0.4688
2MNC 58 6.210 0.1175 0.5000
2MNC 59 2.570 0.1883 0.7500
2MNC 60 4.478 0.2068 0.7031
2MNC 61 2.485 0.1964 0.7344
2MNC 62 2.032 0.1878 0.7656
2MNC 63 3.415 0.1226 0.6250
2MNC 64 2.743 0.2075 0.6719
2MNC 65 3.320 0.1928 0.6875
2MNC 66 4.602 0.1785 0.6094
2MNC 67 4.106 0.2263 0.7031
2MNC 68 4.017 0.2233 0.7031
2MNC 69 2.352 0.2563 0.7813
2MNC 70 7.132 0.1183 0.5000
2MNC 71 3.362 0.2040 0.7031
2MNC 72 4.545 0.1660 0.6719
2MNC 73 4.470 0.1923 0.6719
2MNC 74 2.825 0.1848 0.7188
2MNC 75 3.738 0.2068 0.6875
2MNC 76 3.956 0.2038 0.7031
2MNC 77 4.152 0.2102 0.6875
2MNC 78 3.790 0.2119 0.6250
2MNC 79 2.432 0.1961 0.7969
2MNC 80 4.182 0.2207 0.6875
2MNC 81 4.057 0.2317 0.6875
2MNC 82 3.266 0.2034 0.7344
2MNC 83 3.891 0.2109 0.7344
2MNC 84 3.735 0.2291 0.7031
2MNC 85 3.252 0.1414 0.6719
2MNC 86 2.969 0.2688 0.7500
2MNC 87 4.656 0.2260 0.6719
2MNC 88 3.425 0.2121 0.7031
2MNC 89 4.436 0.2194 0.6875
2MNC 90 5.138 0.1894 0.6875
2MNC 91 3.914 0.2175 0.7031
2MNC 92 8.908 0.1402 0.4688
2MNC 93 2.663 0.2212 0.7344
2MNC 94 4.572 0.2083 0.6563
2MNC 95 6.792 0.1050 0.4063
2MNC 96 6.627 0.1622 0.5000
2MNC 97 9.164 0.1019 0.4063
2MNC 98 3.671 0.1548 0.6250
2MNC 99 6.649 0.1716 0.5781
2MNC 100 5.204 0.1423 0.5625
2MNC 101 6.260 0.2019 0.5781
2MNC 102 3.427 0.1892 0.6719
2MNC 103 5.390 0.1588 0.5781
2MNC 104 2.972 0.1610 0.6563
2MNC 105 6.502 0.2007 0.6250
2MNC 106 9.222 0.0860 0.4219
2MNC 107 3.798 0.1232 0.6094
2MNC 108 5.912 0.1722 0.5938
2MNC 109 4.897 0.1951 0.5781
2MNC 110 3.235 0.1977 0.7188
2MNC 111 6.313 0.1437 0.5938
2MNC 112 4.162 0.1648 0.6719
2MNC 113 2.916 0.1879 0.6875
2MNC 114 3.644 0.1802 0.6875
2MNC 115 3.322 0.1394 0.6094
2MNC 116 5.035 0.2161 0.6875
2MNC 117 2.164 0.2207 0.7656
2MNC 118 3.186 0.2144 0.7344
2MNC 119 5.439 0.1644 0.6094
2MNC 120 7.000 0.1397 0.5469
2MNC 121 4.043 0.1492 0.6563
2MNC 122 3.943 0.1529 0.6406
2MNC 123 4.625 0.1962 0.6719
2MNC 124 4.178 0.2004 0.7188
2MNC 125 4.430 0.1543 0.6563
2MNC 126 3.283 0.2463 0.7500
2MNC 127 4.427 0.2504 0.7344
2MNC 128 4.972 0.2377 0.7031
2MNC 129 4.689 0.2368 0.7188
2MNC 130 4.291 0.2045 0.6719
2MNC 131 4.658 0.1634 0.6563
2MNC 132 3.640 0.2066 0.7344
2MNC 133 3.636 0.2083 0.7500
2MNC 134 3.836 0.2652 0.7344
2MNC 135 9.351 0.1396 0.4063
2MNC 136 6.555 0.0831 0.4844
2MNC 137 5.528 0.1251 0.4844
2MNC 138 8.819 0.1636 0.4375
2MNC 139 9.484 0.1345 0.4063
2MNC 140 5.501 0.1413 0.6094
2MNC 141 6.980 0.1576 0.5625
2MNC 142 7.253 0.1561 0.4531
2MNC 143 6.693 0.1645 0.5156
2MNC 144 7.709 0.1206 0.5156
2MNC 145 6.423 0.1971 0.6250
2MNC 146 9.218 0.0773 0.4219
2MNC 147 5.574 0.1386 0.6406
2MNC 148 7.149 0.1419 0.4688
2MNC 149 4.950 0.1951 0.5938
2MNC 150 4.736 0.2063 0.6406
2MNC 151 6.956 0.1376 0.5000
2MNC 152 3.888 0.2120 0.7188
2MNC 153 4.921 0.1866 0.6563
2MNC 154 4.566 0.2035 0.6250
2MNC 155 4.885 0.1698 0.6250
2MNC 156 4.190 0.2199 0.6875
2MNC 157 5.412 0.2173 0.5938
2MNC 158 3.774 0.1400 0.6719
2MNC 159 4.482 0.1871 0.6563
2MNC 160 6.977 0.1412 0.4688
2MNC 161 4.842 0.1965 0.6875
2MNC 162 2.787 0.2060 0.7031
2MNC 163 4.710 0.1386 0.5781
2MNC 164 4.986 0.2332 0.6719
2MNC 165 5.032 0.1510 0.6719
2MNC 166 5.169 0.2029 0.6563
2MNC 167 2.941 0.1742 0.7031
2MNC 168 5.515 0.2231 0.7031
2MNC 169 4.955 0.1946 0.6406
2MNC 170 4.144 0.2102 0.7188
2MNC 171 4.293 0.2220 0.7344
2MNC 172 4.648 0.2167 0.7031
2MNC 173 6.585 0.1641 0.5781
2MNC 174 5.210 0.1841 0.6250
2MNC 175 8.641 0.1693 0.4375
2MNC 176 5.705 0.1572 0.5625
2MNC 177 10.151 0.0710 0.3594
2MNC 178 8.869 0.1535 0.3906
2MNC 179 9.245 0.0921 0.4063
2MNC 180 7.297 0.1299 0.5625
2MNC 181 6.327 0.1838 0.5781
2MNC 182 7.393 0.1726 0.4844
2MNC 183 4.140 0.1907 0.7031
2MNC 184 8.361 0.1115 0.4844
2MNC 185 5.051 0.1661 0.5625
2MNC 186 3.607 0.2021 0.6719
2MNC 187 7.139 0.2310 0.5781
2MNC 188 5.753 0.1569 0.6094
2MNC 189 4.489 0.1204 0.6094
2MNC 190 2.863 0.1962 0.7344
2MNC 191 5.798 0.1598 0.5781
2MNC 192 5.158 0.2139 0.6563
2MNC 193 5.523 0.2143 0.6406
2MNC 194 5.635 0.1923 0.6250
2MNC 195 4.785 0.2026 0.6250
2MNC 196 4.132 0.1916 0.7031
2MNC 197 5.313 0.1903 0.5469
2MNC 198 4.129 0.2293 0.6719
2MNC 199 5.732 0.1562 0.6094
2MNC 200 5.344 0.1558 0.6094
2MNC 201 2.278 0.1477 0.7500
2MNC 202 2.750 0.1980 0.7656
2MNC 203 6.996 0.1249 0.5156
2MNC 204 6.016 0.1829 0.6094
2MNC 205 3.367 0.2287 0.7500
2MNC 206 3.922 0.1323 0.6719
2MNC 207 3.584 0.1450 0.6250
2MNC 208 3.646 0.2173 0.7344
2MNC 209 5.111 0.1955 0.6563
2MNC 210 3.080 0.1470 0.6719
2MNC 211 2.849 0.2324 0.7188
2MNC 212 5.958 0.1488 0.5469
2MNC 213 4.449 0.2011 0.6406
2MNC 214 2.934 0.2346 0.7813
2MNC 215 4.909 0.1576 0.6250
2MNC 216 5.838 0.1386 0.4844
2MNC 217 5.855 0.1310 0.5469
2MNC 218 8.591 0.1873 0.4844
2MNC 219 6.375 0.1558 0.5625
2MNC 220 3.100 0.2121 0.7344
2MNC 221 6.184 0.1520 0.6250
2MNC 222 3.723 0.1568 0.7188
2MNC 223 5.374 0.1657 0.5781
2MNC 224 3.547 0.1742 0.6719
2MNC 225 4.921 0.1802 0.6250
2MNC 226 2.447 0.2157 0.7500
2MNC 227 3.270 0.1793 0.7344
2MNC 228 5.417 0.1963 0.5938
2MNC 229 5.545 0.1703 0.5781
2MNC 230 5.094 0.1589 0.6094
2MNC 231 6.875 0.1360 0.5313
2MNC 232 3.746 0.1166 0.5938
2MNC 233 6.457 0.1002 0.4844
2MNC 234 3.001 0.1931 0.7188
2MNC 235 4.595 0.1525 0.6094
2MNC 236 2.594 0.1654 0.7031
2MNC 237 3.327 0.1712 0.7188
2MNC 238 3.275 0.1843 0.6875
2MNC 239 4.616 0.1926 0.6719
2MNC 240 2.782 0.2440 0.7813
2MNC 241 5.460 0.1896 0.5781
2MNC 242 4.031 0.1499 0.6563
2MNC 243 4.130 0.1690 0.6563
2MNC 244 4.154 0.2330 0.6875
2MNC 245 3.661 0.2070 0.7188
2MNC 246 3.246 0.2322 0.7344
2MNC 247 3.171 0.2239 0.7500
2MNC 248 3.237 0.1631 0.6719
2MNC 249 2.162 0.1678 0.7344
2MNC 250 1.686 0.1920 0.7813
2MNC 251 4.144 0.2123 0.6719
2MNC 252 4.092 0.1747 0.6875
2MNC 253 2.475 0.1759 0.7188
2MNC 254 7.550 0.1748 0.5313
2MNC 255 6.466 0.1460 0.4219
2MNC 256 4.594 0.1237 0.6406
2MNC 257 5.755 0.1176 0.4844
2MNC 258 8.121 0.1703 0.5313
2MNC 259 6.080 0.0946 0.4844
2MNC 260 9.577 0.1081 0.4219
2MNC 261 6.923 0.1641 0.5781
2MNC 262 5.429 0.1521 0.6406
2MNC 263 9.753 0.1307 0.4844
2MNC 264 8.905 0.1346 0.5000
2MNC 265 7.187 0.1247 0.6094
2MNC 266 2.002 0.2110 0.7969
2MNC 267 6.611 0.1578 0.5469
2MNC 268 3.046 0.1664 0.6719
2MNC 269 8.360 0.1637 0.4844
2MNC 270 7.632 0.0994 0.4531
2MNC 271 4.150 0.1464 0.6094
2MNC 272 4.778 0.1626 0.6406
2MNC 273 3.082 0.2432 0.7656
2MNC 274 3.141 0.2189 0.6719
2MNC 275 3.186 0.2222 0.6875
2MNC 276 1.940 0.1662 0.7969
2MNC 277 3.180 0.1767 0.6875
2MNC 278 3.235 0.1879 0.6719
2MNC 279 1.747 0.2340 0.7344
2MNC 280 4.336 0.1754 0.6406
2MNC 281 3.781 0.1437 0.6719
2MNC 282 3.910 0.1787 0.6875
2MNC 283 3.329 0.1851 0.6875
2MNC 284 2.766 0.2093 0.7500
2MNC 285 2.847 0.1521 0.7031
2MNC 286 2.796 0.2259 0.7500
2MNC 287 2.674 0.1285 0.7188
2MNC 288 2.502 0.2162 0.7500
2MNC 289 2.256 0.2421 0.7656
2MNC 290 2.829 0.2421 0.7344
2MNC 291 2.005 0.2214 0.7813
2MNC 292 4.024 0.2219 0.6719
2MNC 293 1.452 0.2435 0.8438
2MNC 294 3.122 0.2194 0.7500
2MNC 295 5.489 0.1193 0.5000
2MNC 296 7.221 0.1535 0.3750
2MNC 297 6.640 0.1840 0.5625
2MNC 298 6.197 0.0952 0.4688
2MNC 299 3.705 0.2083 0.7188
2MNC 300 4.311 0.2340 0.6406
2MNC 301 3.184 0.1694 0.6406
2MNC 302 5.669 0.1664 0.5781
2MNC 303 6.287 0.1075 0.4688
2MNC 304 8.717 0.1105 0.3906
2MNC 305 3.541 0.2181 0.7031
2MNC 306 2.699 0.2116 0.7031
2MNC 307 6.164 0.0736 0.4531
2MNC 308 3.719 0.2019 0.6719
2MNC 309 3.636 0.1908 0.6719
2MNC 310 2.885 0.2052 0.7344
2MNC 311 4.314 0.1635 0.6719
2MNC 312 2.863 0.2110 0.7500
2MNC 313 3.228 0.2346 0.7500
2MNC 314 3.636 0.1974 0.7031
2MNC 315 5.283 0.0910 0.5156
2MNC 316 1.574 0.1647 0.7969
2MNC 317 6.293 0.1524 0.5313
2MNC 318 4.197 0.1560 0.6719
2MNC 319 2.799 0.1904 0.7500
2MNC 320 4.019 0.2283 0.7188
2MNC 321 6.383 0.1684 0.5625
2MNC 322 2.125 0.2008 0.7188
2MNC 323 3.658 0.2148 0.6875
2MNC 324 4.374 0.2169 0.7031
2MNC 325 3.756 0.2286 0.7344
2MNC 326 2.437 0.2273 0.7656
2MNC 327 2.179 0.1994 0.7656
2MNC 328 3.631 0.2135 0.7031
2MNC 329 3.682 0.2170 0.6875
2MNC 330 3.134 0.1546 0.6875
2MNC 331 3.195 0.2062 0.7344
2MNC 332 2.430 0.1997 0.7344
2MNC 333 4.437 0.2096 0.6719
2MNC 334 3.207 0.2255 0.7500
2MNC 335 8.514 0.1065 0.4063
2MNC 336 3.113 0.0866 0.6094
2MNC 337 7.307 0.2027 0.4531
2MNC 338 5.093 0.1729 0.6094
2MNC 339 7.680 0.1117 0.4688
2MNC 340 6.356 0.1146 0.5000
2MNC 341 6.231 0.1758 0.5781
2MNC 342 4.581 0.1545 0.6094
2MNC 343 4.991 0.1401 0.5469
2MNC 344 6.673 0.2058 0.6094
2MNC 345 7.523 0.1561 0.4688
2MNC 346 5.312 0.1953 0.6250
2MNC 347 7.108 0.1519 0.5625
2MNC 348 7.543 0.0859 0.4375
2MNC 349 4.702 0.1830 0.6406
2MNC 350 3.847 0.1922 0.6719
2MNC 351 2.457 0.1733 0.7031
2MNC 352 6.791 0.1166 0.4531
2MNC 353 6.899 0.1594 0.5469
2MNC 354 3.109 0.2220 0.7344
2MNC 355 5.145 0.1884 0.6406
2MNC 356 5.466 0.2241 0.6406
2MNC 357 4.051 0.2282 0.7188
2MNC 358 4.083 0.2185 0.6250
2MNC 359 4.949 0.2153 0.6875
2MNC 360 4.504 0.2736 0.7031
2MNC 361 4.450 0.2262 0.7031
2MNC 362 5.918 0.1878 0.6250
2MNC 363 4.768 0.2234 0.6250
2MNC 364 3.010 0.2353 0.7344
2MNC 365 4.908 0.1908 0.6406
2MNC 366 4.594 0.2341 0.7188
2MNC 367 5.447 0.2142 0.6406
2MNC 368 5.225 0.2340 0.6406
2MNC 369 3.496 0.1818 0.6875
2MNC 370 4.788 0.2116 0.7031
2MNC 371 4.687 0.2091 0.6875
2MNC 372 4.525 0.2029 0.7031
2MNC 373 4.607 0.2232 0.7188
2MNC 374 4.512 0.1584 0.6563
2MNC 375 1.271 0.3002 0.8906
2MNC 376 1.682 0.2408 0.8281
2MNC 377 1.585 0.2506 0.8438
2MNC 378 1.491 0.2698 0.8594
2MNC 379 1.534 0.2481 0.8438
2MNC 380 1.571 0.2399 0.8438
2MNC 381 1.511 0.2449 0.8438
2MNC 382 1.494 0.2482 0.8438
2MNC 383 1.502 0.2504 0.8438
2MNC 384 1.501 0.2473 0.8438
2MNC 385 1.493 0.2453 0.8438
2MNC 386 1.501 0.2415 0.8438
2MNC 387 1.497 0.2394 0.8438
2MNC 388 1.485 0.2486 0.8438
2MNC 389 1.488 0.2417 0.8438
2MNC 390 1.491 0.2452 0.8438
2MNC 391 1.492 0.2479 0.8438
2MNC 392 1.488 0.2490 0.8438
2MNC 393 1.498 0.2488 0.8438
2MNC 394 1.486 0.2518 0.8438
2MNC 395 1.493 0.2488 0.8438
2MNC 396 1.479 0.2462 0.8438
2MNC 397 1.480 0.2485 0.8438
2MNC 398 1.492 0.2476 0.8438
2MNC 399 1.500 0.2479 0.8438
2MNC 400 1.487 0.2474 0.8438
2MNC 401 1.486 0.2490 0.8438
2MNC 402 1.488 0.2485 0.8438
2MNC 403 1.481 0.2438 0.8438
2MNC 404 1.480 0.2479 0.8438
2MNC 405 1.487 0.2447 0.8438
2MNC 406 1.480 0.2497 0.8438
2MNC 407 1.487 0.2488 0.8438
2MNC 408 1.478 0.2517 0.8438
2MNC 409 1.489 0.2489 0.8438
2MNC 410 1.474 0.2518 0.8438
2MNC 411 1.480 0.2566 0.8438
2MNC 412 1.484 0.2537 0.8438
2MNC 413 1.479 0.2427 0.8438
2MNC 414 1.505 0.2523 0.8438
2MNC 415 1.530 0.2455 0.8438
2MNC 416 1.513 0.2402 0.8438
2MNC 417 1.534 0.2386 0.8438
2MNC 418 1.544 0.2404 0.8438
2MNC 419 1.549 0.2398 0.8438
2MNC 420 1.496 0.2431 0.8438
2MNC 421 1.540 0.2407 0.8438
2MNC 422 1.502 0.2355 0.8438
2MNC 423 1.546 0.2406 0.8438
2MNC 424 1.519 0.2402 0.8438
2MNC 425 1.448 0.2533 0.8438
2MNC 426 1.466 0.2446 0.8438
2MNC 427 1.477 0.2567 0.8438
2MNC 428 1.493 0.2430 0.8438
2MNC 429 1.541 0.2410 0.8438
2MNC 430 1.510 0.2355 0.8438
2MNC 431 1.526 0.2388 0.8438
2MNC 432 1.500 0.2378 0.8438
2MNC 433 1.502 0.2437 0.8438
2MNC 434 1.552 0.2398 0.8438
2MNC 435 1.519 0.2439 0.8438
2MNC 436 1.554 0.2413 0.8438
2MNC 437 1.572 0.2404 0.8438
2MNC 438 1.536 0.2384 0.8438
2MNC 439 1.573 0.2316 0.8281
2MNC 440 1.533 0.2363 0.8594
2MNC 441 1.527 0.2430 0.8438
2MNC 442 1.548 0.2289 0.8438
2MNC 443 1.516 0.2369 0.8594
2MNC 444 1.542 0.2434 0.8438
2MNC 445 1.557 0.2356 0.8438
2MNC 446 1.552 0.2541 0.8438
2MNC 447 1.562 0.2407 0.8594
2MNC 448 1.614 0.2236 0.8438
2MNC 449 1.689 0.2256 0.8125
2MNC 450 1.747 0.2343 0.8281
2MNC 451 1.781 0.2318 0.7969
2MNC 452 1.748 0.2340 0.7969
2MNC 453 1.745 0.2418 0.8125
2MNC 454 1.755 0.2231 0.8125
2MNC 455 1.828 0.2316 0.8281
2MNC 456 1.825 0.2373 0.8125
2MNC 457 1.796 0.2352 0.8125
2MNC 458 1.769 0.2492 0.8281
2MNC 459 1.843 0.2307 0.7969
2MNC 460 1.840 0.2175 0.7969
2MNC 461 1.886 0.2053 0.7813
2MNC 462 1.896 0.2057 0.7969
2MNC 463 1.890 0.2167 0.7969
2MNC 464 1.873 0.2170 0.7969
2MNC 465 1.872 0.2115 0.7813
2MNC 466 1.881 0.2364 0.7969
2MNC 467 1.887 0.2075 0.7969
2MNC 468 1.947 0.2029 0.7969
2MNC 469 1.920 0.2014 0.7813
2MNC 470 1.967 0.1986 0.8125
2MNC 471 1.957 0.2025 0.7969
2MNC 472 1.881 0.2239 0.8125
2MNC 473 1.967 0.2158 0.7969
2MNC 474 1.945 0.1997 0.7969
2MNC 475 1.950 0.1990 0.7813
2MNC 476 1.945 0.1918 0.7969
2MNC 477 2.012 0.2065 0.7969
2MNC 478 1.983 0.2077 0.7813
2MNC 479 1.970 0.2017 0.7969
2MNC 480 1.991 0.1909 0.7813
2MNC 481 1.945 0.2024 0.7813
2MNC 482 1.976 0.1856 0.7813
2MNC 483 1.937 0.1964 0.8125
2MNC 484 1.970 0.1949 0.7969
2MNC 485 1.963 0.2033 0.7969
2MNC 486 1.948 0.2034 0.7813
2MNC 487 2.023 0.2159 0.7813
2MNC 488 1.981 0.1972 0.7969
2MNC 489 1.992 0.1897 0.7969
2MNC 490 1.991 0.1858 0.7813
2MNC 491 1.969 0.1949 0.7813
2MNC 492 2.017 0.2021 0.7813
2MNC 493 2.014 0.2168 0.7813
2MNC 494 1.983 0.2194 0.7969
2MNC 495 1.981 0.2011 0.7813
2MNC 496 1.959 0.2020 0.7656
2MNC 497 1.948 0.2213 0.7813
2MNC 498 1.981 0.2132 0.7813
2MNC 499 2.050 0.1947 0.7813
2MNC 500 1.960 0.2153 0.7813
2MNC 501 2.035 0.2111 0.7656
2MNC 502 1.993 0.2044 0.7813
2MNC 503 1.982 0.2116 0.7813
2MNC 504 1.983 0.2172 0.7813
2MNC 505 1.972 0.2101 0.7969
2MNC 506 1.975 0.2142 0.7813
2MNC 507 1.961 0.2097 0.7656
2MNC 508 1.967 0.2053 0.7656
2MNC 509 1.980 0.2006 0.7813
2MNC 510 1.943 0.2112 0.7969
2MNC 511 2.003 0.2109 0.7656
2MNC 512 1.983 0.2181 0.7656
2MNC 513 2.024 0.2257 0.7813
2MNC 514 2.035 0.2062 0.7813
2MNC 515 2.007 0.2136 0.7813
2MNC 516 2.001 0.2132 0.7813
2MNC 517 2.020 0.2084 0.7813
2MNC 518 2.057 0.2258 0.7969
2MNC 519 2.071 0.2000 0.7656
2MNC 520 2.023 0.2145 0.7813
2MNC 521 1.937 0.2216 0.7813
2MNC 522 1.973 0.2195 0.7813
2MNC 523 2.018 0.2178 0.7656
2MNC 524 2.027 0.2005 0.7813
2MNC 525 2.034 0.2160 0.7656
2MNC 526 2.016 0.2034 0.7813
2MNC 527 2.036 0.2098 0.7813
2MNC 528 2.028 0.2315 0.7969
2MNC 529 1.980 0.2158 0.7813
2MNC 530 1.943 0.2201 0.7813
2MNC 531 2.019 0.2152 0.7813
2MNC 532 2.016 0.2203 0.7813
2MNC 533 1.995 0.2222 0.7969
2MNC 534 1.963 0.2257 0.7969
2MNC 535 1.968 0.2158 0.7969
2MNC 536 1.962 0.2316 0.7813
2MNC 537 2.019 0.2130 0.7656
2MNC 538 1.985 0.2173 0.7813
2MNC 539 2.034 0.2206 0.7969
2MNC 540 1.996 0.2162 0.7813
2MNC 541 2.067 0.2205 0.7813
2MNC 542 2.063 0.2174 0.7969
2MNC 543 1.968 0.2054 0.7813
2MNC 544 1.945 0.2180 0.7969
2MNC 545 1.968 0.2095 0.7813
2MNC 546 1.875 0.2024 0.7969
2MNC 547 1.954 0.2234 0.7813
2MNC 548 1.998 0.2152 0.8125
2MNC 549 1.868 0.2138 0.7813
2MNC 550 1.832 0.2262 0.7813
2MNC 551 1.851 0.2221 0.7813
2MNC 552 1.836 0.2195 0.7813
2MNC 553 1.850 0.2283 0.7813
2MNC 554 1.883 0.2166 0.7813
2MNC 555 1.939 0.2366 0.7813
2MNC 556 1.896 0.2304 0.7813
2MNC 557 1.893 0.2387 0.7813
2MNC 558 1.841 0.2417 0.7813
2MNC 559 1.832 0.2271 0.7813
2MNC 560 1.876 0.2237 0.7813
2MNC 561 1.868 0.2333 0.7813
2MNC 562 1.845 0.2310 0.7813
2MNC 563 1.809 0.2288 0.7813
2MNC 564 1.835 0.2223 0.7969
2MNC 565 1.909 0.2335 0.7656
2MNC 566 1.933 0.2076 0.7813
2MNC 567 1.972 0.2208 0.7813
2MNC 568 1.964 0.2225 0.7813
2MNC 569 1.946 0.2217 0.7813
2MNC 570 1.977 0.2218 0.7813
2MNC 571 1.907 0.2281 0.7813
2MNC 572 1.989 0.2321 0.7813
2MNC 573 1.924 0.2184 0.7813
2MNC 574 1.931 0.2358 0.7813
2MNC 575 1.817 0.2235 0.7969
2MNC 576 1.899 0.2138 0.7969
2MNC 577 1.904 0.2232 0.7969
2MNC 578 1.841 0.2217 0.8125
2MNC 579 1.970 0.2217 0.7813
2MNC 580 1.944 0.2304 0.7813
2MNC 581 1.907 0.2380 0.7813
2MNC 582 1.958 0.2366 0.7813
2MNC 583 1.949 0.2189 0.7813
2MNC 584 1.902 0.2272 0.7813
2MNC 585 1.907 0.2247 0.7813
2MNC 586 1.888 0.2403 0.7813
2MNC 587 1.810 0.2289 0.7969
2MNC 588 1.881 0.2394 0.7656
2MNC 589 1.941 0.2312 0.7813
2MNC 590 1.958 0.2355 0.7656
2MNC 591 1.939 0.2342 0.7813
2MNC 592 1.801 0.2376 0.7969
2MNC 593 1.873 0.2297 0.7969
2MNC 594 1.917 0.2249 0.7813
2MNC 595 1.802 0.2251 0.7813
2MNC 596 1.999 0.2306 0.7656
2MNC 597 1.955 0.2335 0.7813
2MNC 598 1.890 0.2204 0.7813
2MNC 599 1.922 0.2478 0.7813
2MNC 600 1.856 0.2210 0.7813
2MNC 601 1.845 0.2264 0.7969
2MNC 602 1.913 0.2177 0.7813
2MNC 603 1.909 0.2305 0.7813
2MNC 604 1.903 0.2290 0.7813
2MNC 605 1.897 0.2278 0.7969
2MNC 606 1.933 0.2377 0.7813
2MNC 607 1.943 0.2233 0.7813
2MNC 608 1.935 0.2338 0.7813
2MNC 609 1.882 0.2346 0.7969
2MNC 610 1.948 0.2381 0.7969
2MNC 611 1.769 0.2174 0.8125
2MNC 612 1.888 0.2259 0.7813
2MNC 613 1.944 0.2244 0.7969
2MNC 614 1.964 0.2192 0.7969
2MNC 615 1.993 0.2249 0.7969
2MNC 616 1.910 0.2463 0.7969
2MNC 617 1.861 0.2245 0.7969
2MNC 618 1.914 0.2243 0.7813
2MNC 619 2.004 0.2431 0.7656
2MNC 620 1.903 0.2313 0.7813
2MNC 621 2.051 0.2353 0.7813
2MNC 622 1.978 0.2321 0.7969
2MNC 623 2.006 0.2176 0.7969
2MNC 624 1.912 0.2376 0.7813
2MNC 625 1.920 0.2282 0.8125
2MNC 626 2.000 0.2368 0.7656
2MNC 627 1.883 0.2150 0.7813
2MNC 628 2.000 0.2357 0.7969
2MNC 629 2.019 0.2411 0.7813
2MNC 630 1.882 0.2207 0.7969
2MNC 631 1.979 0.2316 0.7969
2MNC 632 2.009 0.2378 0.7813
2MNC 633 1.975 0.2241 0.7969
2MNC 634 1.938 0.2210 0.7969
2MNC 635 1.970 0.2008 0.7969
2MNC 636 1.957 0.2580 0.7813
2MNC 637 1.928 0.2260 0.7969
2MNC 638 1.996 0.2313 0.7813
2MNC 639 1.885 0.2295 0.7813
2MNC 640 1.941 0.2368 0.7969
2MNC 641 1.922 0.2352 0.7969
2MNC 642 1.853 0.2223 0.7813
2MNC 643 1.890 0.2492 0.7813
2MNC 644 1.968 0.2118 0.7969
2MNC 645 1.972 0.2179 0.7969
2MNC 646 2.104 0.2235 0.7813
2MNC 647 2.003 0.2377 0.7813
2MNC 648 1.928 0.2553 0.7813
2MNC 649 1.892 0.2460 0.7813
2MNC 650 1.927 0.2129 0.7969
2MNC 651 1.949 0.2323 0.7813
2MNC 652 1.908 0.2176 0.7813
2MNC 653 1.855 0.2320 0.7813
2MNC 654 1.909 0.2252 0.7813
2MNC 655 2.017 0.2231 0.7969
2MNC 656 1.968 0.2313 0.7813
2MNC 657 1.959 0.2140 0.7813
2MNC 658 2.026 0.2280 0.7813
2MNC 659 1.966 0.2240 0.7969
2MNC 660 1.963 0.2303 0.7969
2MNC 661 1.873 0.2194 0.7813
2MNC 662 1.896 0.2454 0.7969
2MNC 663 2.016 0.2363 0.7969
2MNC 664 1.955 0.2242 0.7813
2MNC 665 1.861 0.2345 0.7969
2MNC 666 1.916 0.2183 0.7969
2MNC 667 1.931 0.2527 0.7813
2MNC 668 1.955 0.2130 0.7969
2MNC 669 1.950 0.2167 0.7656
2MNC 670 1.948 0.2117 0.7969
2MNC 671 1.897 0.2334 0.8125
2MNC 672 1.899 0.2202 0.7969
2MNC 673 2.034 0.2240 0.7813
2MNC 674 1.950 0.2438 0.7813
2MNC 675 2.019 0.2254 0.7969
2MNC 676 2.013 0.2208 0.7813
2MNC 677 1.989 0.1980 0.7813
2MNC 678 2.077 0.2116 0.7656
2MNC 679 2.110 0.2157 0.7813
2MNC 680 1.955 0.1918 0.8125
2MNC 681 2.129 0.2147 0.7813
2MNC 682 2.038 0.2325 0.7969
2MNC 683 2.032 0.2331 0.7813
2MNC 684 2.101 0.2383 0.7656
2MNC 685 2.060 0.2286 0.7969
2MNC 686 2.107 0.2196 0.7813
2MNC 687 2.008 0.2069 0.7813
2MNC 688 2.058 0.2282 0.7969
2MNC 689 2.205 0.1852 0.7656
2MNC 690 2.001 0.2348 0.7813
2MNC 691 1.987 0.2196 0.7656
2MNC 692 1.952 0.2316 0.7969
2MNC 693 2.154 0.1819 0.7969
2MNC 694 2.042 0.2024 0.7969
2MNC 695 2.012 0.2035 0.7969
2MNC 696 2.102 0.1982 0.7969
2MNC 697 2.041 0.1847 0.7813
2MNC 698 2.188 0.1922 0.7656
2MNC 699 2.212 0.1927 0.7656
2MNC 700 2.122 0.1924 0.7969
2MNC 701 2.185 0.1970 0.7500
2MNC 702 2.213 0.2484 0.7656
2MNC 703 2.285 0.2687 0.7813
2MNC 704 2.352 0.2520 0.7813
2MNC 705 2.331 0.2526 0.7656
2MNC 706 2.332 0.2283 0.7656
2MNC 707 2.381 0.2587 0.7813
2MNC 708 2.290 0.2584 0.7656
2MNC 709 2.316 0.2416 0.7656
2MNC 710 2.306 0.2147 0.7813
2MNC 711 2.139 0.2663 0.8125
2MNC 712 2.199 0.2532 0.7813
2MNC 713 2.216 0.2286 0.7969
2MNC 714 2.152 0.2225 0.7813
2MNC 715 2.338 0.1960 0.7500
2MNC 716 2.088 0.2159 0.7656
2MNC 717 2.204 0.1864 0.7500
2MNC 718 2.351 0.1875 0.7500
2MNC 719 2.276 0.1846 0.7500
2MNC 720 2.246 0.1842 0.7500
2MNC 721 2.261 0.2184 0.7500
2MNC 722 2.227 0.1915 0.7500
2MNC 723 2.323 0.1884 0.7344
2MNC 724 2.300 0.1877 0.7500
2MNC 725 2.191 0.1953 0.7656
2MNC 726 2.134 0.1965 0.7656
2MNC 727 2.376 0.1581 0.7344
2MNC 728 2.260 0.2087 0.7500
2MNC 729 2.252 0.2007 0.7500
2MNC 730 2.236 0.1872 0.7344
2MNC 731 2.377 0.1855 0.7344
2MNC 732 2.398 0.1703 0.7344
2MNC 733 2.137 0.1945 0.7656
2MNC 734 2.217 0.1854 0.7656
2MNC 735 2.266 0.1693 0.7656
2MNC 736 2.328 0.1812 0.7188
2MNC 737 2.187 0.2024 0.7500
2MNC 738 2.225 0.1713 0.7500
2MNC 739 2.150 0.2132 0.7656
2MNC 740 2.223 0.1659 0.7813
2MNC 741 2.261 0.1812 0.7344
2MNC 742 2.285 0.1754 0.7188
2MNC 743 2.098 0.1866 0.7656
2MNC 744 2.093 0.1730 0.7656
2MNC 745 2.066 0.1709 0.7813
2MNC 746 2.169 0.1838 0.7656
2MNC 747 2.269 0.1767 0.7656
2MNC 748 2.347 0.1777 0.7188
2MNC 749 2.190 0.1772 0.7500
2MNC 750 2.399 0.1778 0.7188
2MNC 751 2.554 0.1976 0.7344
2MNC 752 2.349 0.1679 0.7344
2MNC 753 2.375 0.1582 0.7500
2MNC 754 2.448 0.1934 0.7031
2MNC 755 2.328 0.1680 0.7344
2MNC 756 2.263 0.1654 0.7344
2MNC 757 2.383 0.1834 0.7344
2MNC 758 2.218 0.1783 0.7500
2MNC 759 2.365 0.1684 0.7344
2MNC 760 2.260 0.1659 0.7500
2MNC 761 2.362 0.1814 0.7344
2MNC 762 2.305 0.1935 0.7500
2MNC 763 2.557 0.1876 0.7031
2MNC 764 2.430 0.1904 0.7188
2MNC 765 2.307 0.1657 0.7188
2MNC 766 2.401 0.1771 0.7344
2MNC 767 2.373 0.1847 0.7188
2MNC 768 2.317 0.1571 0.7344
2MNC 769 2.410 0.1483 0.7500
2MNC 770 2.463 0.1612 0.7188
2MNC 771 2.301 0.1750 0.7500
2MNC 772 2.347 0.1697 0.7344
2MNC 773 2.473 0.1876 0.7031
2MNC 774 2.245 0.1721 0.7500
2MNC 775 2.307 0.1643 0.7031
2MNC 776 2.370 0.1862 0.7344
2MNC 777 2.362 0.1691 0.7500
2MNC 778 2.197 0.1687 0.7656
2MNC 779 2.301 0.1670 0.7656
2MNC 780 2.303 0.1894 0.7500
2MNC 781 2.239 0.1883 0.7656
2MNC 782 2.387 0.1628 0.7188
2MNC 783 2.241 0.1674 0.7500
2MNC 784 2.234 0.1898 0.7500
2MNC 785 2.309 0.1671 0.7500
2MNC 786 2.320 0.1677 0.7344
2MNC 787 2.387 0.1651 0.7344
2MNC 788 2.277 0.1708 0.7344
2MNC 789 2.177 0.1788 0.7656
2MNC 790 2.287 0.1918 0.7344
2MNC 791 2.270 0.1930 0.7656
2MNC 792 2.295 0.1838 0.7656
2MNC 793 2.316 0.1591 0.7344
2MNC 794 2.268 0.1662 0.7344
2MNC 795 2.248 0.1671 0.7344
2MNC 796 2.316 0.1783 0.7500
2MNC 797 2.271 0.1656 0.7344
2MNC 798 2.265 0.1711 0.7500
2MNC 799 2.314 0.1974 0.7500
2MNC 800 2.323 0.1580 0.7188
2MNC 801 2.238 0.1630 0.7344
2MNC 802 2.268 0.1507 0.7500
2MNC 803 2.378 0.1716 0.7656
2MNC 804 2.387 0.1692 0.7344
2MNC 805 2.344 0.1773 0.7656
2MNC 806 2.140 0.2004 0.7500
2MNC 807 2.244 0.1943 0.7656
2MNC 808 2.313 0.1618 0.7344
2MNC 809 2.180 0.1883 0.7656
2MNC 810 2.317 0.1353 0.7188
2MNC 811 2.123 0.1660 0.7500
2MNC 812 2.256 0.2064 0.7500
2MNC 813 2.351 0.1538 0.7344
2MNC 814 2.265 0.1860 0.7500
2MNC 815 2.262 0.1726 0.7500
2MNC 816 2.353 0.1638 0.7344
2MNC 817 2.255 0.1950 0.7500
2MNC 818 2.332 0.1744 0.7500
2MNC 819 2.346 0.1568 0.7344
2MNC 820 2.458 0.1624 0.7344
2MNC 821 2.340 0.1563 0.7344
2MNC 822 2.260 0.1792 0.7344
2MNC 823 2.311 0.1745 0.7344
2MNC 824 2.207 0.1700 0.7813
2MNC 825 2.313 0.1719 0.7500
2MNC 826 2.290 0.2001 0.7813
2MNC 827 2.393 0.1628 0.7500
2MNC 828 2.266 0.1835 0.7500
2MNC 829 2.293 0.1779 0.7500
2MNC 830 2.242 0.1948 0.7656
2MNC 831 2.266 0.1817 0.7656
2MNC 832 2.235 0.1824 0.7656
2MNC 833 2.401 0.1947 0.7500
2MNC 834 2.358 0.1842 0.7656
2MNC 835 2.287 0.1918 0.7656
2MNC 836 2.248 0.2128 0.7500
2MNC 837 2.171 0.1863 0.7500
2MNC 838 2.448 0.1812 0.7188
2MNC 839 2.271 0.1949 0.7656
2MNC 840 2.305 0.2090 0.7656
2MNC 841 2.324 0.1643 0.7656
2MNC 842 2.426 0.1769 0.7344
2MNC 843 2.205 0.1947 0.7813
2MNC 844 2.248 0.2024 0.7656
2MNC 845 2.413 0.1608 0.7500
2MNC 846 2.420 0.1849 0.7500
2MNC 847 2.189 0.1896 0.7656
2MNC 848 2.298 0.2005 0.7344
2MNC 849 2.183 0.1936 0.7500
2MNC 850 2.517 0.1779 0.7344
2MNC 851 2.152 0.1941 0.7500
2MNC 852 2.330 0.1583 0.7344
2MNC 853 2.232 0.1858 0.7500
2MNC 854 2.423 0.1466 0.7500
2MNC 855 2.611 0.1517 0.7344
2MNC 856 2.411 0.1632 0.7188
2MNC 857 2.273 0.1823 0.7500
2MNC 858 2.304 0.1664 0.7344
2MNC 859 2.585 0.1741 0.7188
2MNC 860 2.307 0.1776 0.7344
2MNC 861 2.250 0.1829 0.7813
2MNC 862 2.267 0.1816 0.7500
2MNC 863 2.210 0.1577 0.7344
2MNC 864 2.276 0.1895 0.7500
2MNC 865 2.229 0.1749 0.7500
2MNC 866 2.587 0.1454 0.7188
2MNC 867 2.391 0.1568 0.7344
2MNC 868 2.214 0.1763 0.7656
2MNC 869 2.279 0.1837 0.7500
2MNC 870 2.284 0.1749 0.7656
2MNC 871 2.439 0.1567 0.7500
2MNC 872 2.308 0.1691 0.7500
2MNC 873 2.284 0.1706 0.7188
2MNC 874 2.266 0.1598 0.7500
2MNC 875 2.188 0.1749 0.7500
2MNC 876 2.500 0.1714 0.7188
2MNC 877 2.422 0.1507 0.7188
2MNC 878 2.468 0.1544 0.6875
2MNC 879 2.371 0.1541 0.7344
2MNC 880 2.338 0.2193 0.7656
2MNC 881 2.032 0.2288 0.7813
2MNC 882 2.290 0.2078 0.7500
2MNC 883 2.218 0.1756 0.7656
2MNC 884 2.151 0.2132 0.7969
2MNC 885 2.611 0.2224 0.7188
2MNC 886 2.246 0.1969 0.7656
2MNC 887 2.540 0.2039 0.7344
2MNC 888 2.479 0.2183 0.7344
2MNC 889 2.207 0.1637 0.7500
2MNC 890 2.200 0.2084 0.7813
2MNC 891 2.068 0.1986 0.7813
2MNC 892 2.407 0.1955 0.7344
2MNC 893 2.159 0.2194 0.7656
2MNC 894 2.200 0.2008 0.7656
2MNC 895 2.442 0.2147 0.7344
2MNC 896 2.608 0.1974 0.7656
2MNC 897 2.761 0.1594 0.7031
2MNC 898 2.453 0.2096 0.7500
2MNC 899 2.331 0.1947 0.7344
2MNC 900 2.591 0.2244 0.7344
2MNC 901 2.434 0.2016 0.7500
2MNC 902 2.130 0.1702 0.7656
2MNC 903 2.330 0.2241 0.7500
2MNC 904 2.314 0.2052 0.7813
2MNC 905 2.156 0.1855 0.7656
2MNC 906 2.252 0.2187 0.7656
2MNC 907 2.168 0.1904 0.7500
2MNC 908 2.484 0.2278 0.7344
2MNC 909 2.331 0.2022 0.7500
2MNC 910 2.259 0.1960 0.7813
2MNC 911 2.078 0.2062 0.7656
2MNC 912 2.273 0.2037 0.7500
2MNC 913 2.309 0.2201 0.7500
2MNC 914 2.108 0.2092 0.7656
2MNC 915 2.330 0.1820 0.7813
2MNC 916 2.059 0.1774 0.7813
2MNC 917 2.165 0.1987 0.7656
2MNC 918 2.491 0.2262 0.7344
2MNC 919 2.370 0.1929 0.7656
2MNC 920 2.139 0.1751 0.7344
2MNC 921 2.272 0.1736 0.7344
2MNC 922 2.380 0.2118 0.7500
2MNC 923 2.365 0.2117 0.7813
2MNC 924 2.742 0.2230 0.7344
2MNC 925 2.724 0.2518 0.7031
2MNC 926 2.550 0.1938 0.7344
2MNC 927 2.557 0.2000 0.7500
2MNC 928 2.885 0.2328 0.7031
2MNC 929 2.796 0.1958 0.7500
2MNC 930 2.480 0.2204 0.7344
2MNC 931 2.487 0.2248 0.7656
2MNC 932 2.625 0.1875 0.7188
2MNC 933 2.741 0.2335 0.7500
2MNC 934 2.912 0.2103 0.6719
2MNC 935 2.934 0.2222 0.7188
2MNC 936 3.017 0.1940 0.6875
2MNC 937 2.972 0.1950 0.7031
2MNC 938 2.765 0.2186 0.7188
2MNC 939 2.889 0.2428 0.7344
2MNC 940 2.822 0.1810 0.7031
2MNC 941 2.729 0.1891 0.7344
2MNC 942 2.658 0.2132 0.7031
2MNC 943 2.821 0.1834 0.7031
2MNC 944 2.886 0.1904 0.7031
2MNC 945 2.918 0.2154 0.6719
2MNC 946 2.944 0.2098 0.6875
2MNC 947 2.930 0.2011 0.7344
2MNC 948 2.926 0.2181 0.7031
2MNC 949 3.001 0.1739 0.7031
2MNC 950 3.111 0.1917 0.7031
2MNC 951 2.965 0.1806 0.7188
2MNC 952 3.062 0.1979 0.7031
2MNC 953 3.035 0.2368 0.7031
2MNC 954 2.978 0.2089 0.6875
2MNC 955 3.010 0.1855 0.7031
2MNC 956 3.133 0.2087 0.7031
2MNC 957 2.929 0.2185 0.7188
2MNC 958 2.994 0.1814 0.7031
2MNC 959 3.090 0.2068 0.6563
2MNC 960 3.062 0.2252 0.7031
2MNC 961 3.194 0.1934 0.7031
2MNC 962 3.272 0.1995 0.6719
2MNC 963 3.064 0.1793 0.7188
2MNC 964 3.168 0.2177 0.6875
2MNC 965 3.057 0.1878 0.7031
2MNC 966 3.128 0.1825 0.6875
2MNC 967 2.913 0.1887 0.7031
2MNC 968 3.081 0.1988 0.7188
2MNC 969 3.145 0.2135 0.7031
2MNC 970 3.060 0.2051 0.6875
2MNC 971 3.070 0.1879 0.7188
2MNC 972 3.108 0.1849 0.6875
2MNC 973 2.916 0.2145 0.7031
2MNC 974 2.910 0.2262 0.7031
2MNC 975 3.030 0.2202 0.7188
2MNC 976 3.189 0.1909 0.6875
2MNC 977 3.295 0.2057 0.6719
2MNC 978 3.078 0.2256 0.6875
2MNC 979 3.060 0.2309 0.7031
2MNC 980 3.116 0.2210 0.6875
2MNC 981 3.047 0.2216 0.7031
2MNC 982 3.111 0.1997 0.7031
2MNC 983 3.044 0.2141 0.7188
2MNC 984 3.280 0.1835 0.6719
2MNC 985 3.111 0.2140 0.6875
2MNC 986 3.064 0.2046 0.6875
2MNC 987 3.232 0.2005 0.6875
2MNC 988 2.992 0.2079 0.7031
2MNC 989 3.140 0.2017 0.6875
2MNC 990 3.117 0.2580 0.6875
2MNC 991 2.904 0.2385 0.6875
2MNC 992 2.977 0.2472 0.6875
2MNC 993 3.052 0.2360 0.6875
2MNC 994 3.060 0.2361 0.7031
2MNC 995 2.956 0.2096 0.7188
2MNC 996 3.108 0.2534 0.7031
2MNC 997 3.136 0.2213 0.6875
2MNC 998 3.092 0.2046 0.7031
2MNC 999 3.013 0.2463 0.6875
2MNC 1000 2.973 0.1923 0.6875
2MNC 1001 2.924 0.2081 0.6875
2MNC 1002 3.065 0.1948 0.7031
2MNC 1003 3.198 0.1983 0.6719
2MNC 1004 2.837 0.2050 0.7188
2MNC 1005 2.931 0.2172 0.6875
2MNC 1006 3.044 0.2368 0.7031
2MNC 1007 2.955 0.2501 0.7031
2MNC 1008 3.090 0.2160 0.7031
2MNC 1009 3.003 0.2187 0.7188
2MNC 1010 3.009 0.2059 0.7031
2MNC 1011 3.194 0.2186 0.7031
2MNC 1012 2.997 0.2116 0.7031
2MNC 1013 2.847 0.2236 0.7031
2MNC 1014 3.104 0.2194 0.7031
2MNC 1015 2.952 0.2116 0.6719
2MNC 1016 3.002 0.2088 0.7031
2MNC 1017 3.102 0.2196 0.7188
2MNC 1018 3.201 0.1933 0.6719
2MNC 1019 3.029 0.2348 0.6875
2MNC 1020 3.101 0.2082 0.6875
2MNC 1021 2.849 0.2062 0.7031
2MNC 1022 3.009 0.2061 0.6875
2MNC 1023 3.063 0.1882 0.6875
2MNC 1024 3.163 0.2240 0.6875
2MNC 1025 3.071 0.1929 0.6875
2MNC 1026 3.076 0.2068 0.6875
2MNC 1027 3.149 0.2370 0.6875
2MNC 1028 3.170 0.2102 0.6875
2MNC 1029 3.040 0.1625 0.6875
2MNC 1030 3.142 0.2007 0.6719
2MNC 1031 3.123 0.2226 0.7031
2MNC 1032 3.066 0.2172 0.6875
2MNC 1033 2.912 0.2197 0.6719
2MNC 1034 2.934 0.2038 0.7031
2MNC 1035 2.993 0.1897 0.6875
2MNC 1036 2.806 0.1991 0.7031
2MNC 1037 3.007 0.1917 0.6719
2MNC 1038 2.945 0.2073 0.6875
2MNC 1039 2.909 0.2378 0.6875
2MNC 1040 2.797 0.1875 0.7031
2MNC 1041 3.057 0.1763 0.7031
2MNC 1042 3.100 0.1552 0.6719
2MNC 1043 2.776 0.2036 0.6875
2MNC 1044 2.977 0.1884 0.6875
2MNC 1045 3.000 0.1580 0.6719
2MNC 1046 2.982 0.1847 0.7031
2MNC 1047 2.878 0.1944 0.6875
2MNC 1048 3.001 0.1768 0.6875
2MNC 1049 2.876 0.1822 0.7031
2MNC 1050 3.025 0.1549 0.6719
2MNC 1051 2.847 0.2119 0.6719
2MNC 1052 2.841 0.1927 0.7031
2MNC 1053 2.831 0.1668 0.7031
2MNC 1054 3.046 0.1557 0.6719
2MNC 1055 3.204 0.1740 0.6563
2MNC 1056 2.970 0.1910 0.6875
2MNC 1057 3.051 0.1916 0.6719
2MNC 1058 2.909 0.1935 0.6719
2MNC 1059 3.134 0.1640 0.6875
2MNC 1060 2.854 0.2129 0.7188
2MNC 1061 3.047 0.2277 0.7031
2MNC 1062 3.116 0.1879 0.6875
2MNC 1063 3.064 0.2035 0.7031
2MNC 1064 3.104 0.2376 0.6719
2MNC 1065 2.891 0.2014 0.6875
2MNC 1066 3.072 0.2214 0.6563
2MNC 1067 3.119 0.2178 0.6563
2MNC 1068 2.881 0.2081 0.6563
2MNC 1069 2.902 0.2038 0.6563
2MNC 1070 2.927 0.1826 0.6875
2MNC 1071 2.890 0.1736 0.6875
2MNC 1072 2.786 0.2176 0.6719
2MNC 1073 2.791 0.2051 0.6719
2MNC 1074 2.785 0.2120 0.6875
2MNC 1075 2.830 0.2230 0.6719
2MNC 1076 2.618 0.2079 0.7031
2MNC 1077 2.614 0.2417 0.7031
2MNC 1078 2.916 0.1852 0.6719
2MNC 1079 2.732 0.1885 0.6719
2MNC 1080 2.856 0.1838 0.6719
2MNC 1081 2.587 0.2078 0.7188
2MNC 1082 2.645 0.2316 0.7188
2MNC 1083 2.698 0.2064 0.7031
2MNC 1084 2.806 0.2013 0.7188
2MNC 1085 2.646 0.1990 0.7188
2MNC 1086 2.786 0.1767 0.6719
2MNC 1087 2.699 0.2000 0.6875
2MNC 1088 2.697 0.2087 0.7031
2MNC 1089 3.049 0.1768 0.6406
2MNC 1090 2.859 0.1865 0.6719
2MNC 1091 2.728 0.2021 0.6875
2MNC 1092 2.691 0.1873 0.6875
2MNC 1093 2.667 0.2262 0.7188
2MNC 1094 2.938 0.1641 0.6719
2MNC 1095 2.518 0.1934 0.7031
2MNC 1096 2.625 0.2112 0.6719
2MNC 1097 2.883 0.1610 0.6719
2MNC 1098 2.817 0.1848 0.7188
2MNC 1099 2.683 0.1846 0.6875
2MNC 1100 2.891 0.1818 0.7031
2MNC 1101 2.363 0.1740 0.7188
2MNC 1102 2.658 0.1701 0.7344
2MNC 1103 2.745 0.2037 0.6875
2MNC 1104 2.420 0.2301 0.7500
2MNC 1105 2.633 0.2281 0.7344
2MNC 1106 2.171 0.2221 0.7656
2MNC 1107 2.191 0.2249 0.7656
2MNC 1108 2.497 0.1828 0.7500
2MNC 1109 2.475 0.1949 0.7500
2MNC 1110 2.133 0.2124 0.7656
2MNC 1111 2.396 0.2173 0.7500
2MNC 1112 2.166 0.2200 0.7656
2MNC 1113 2.097 0.3017 0.7813
2MNC 1114 2.420 0.1998 0.7188
2MNC 1115 1.992 0.1934 0.7813
2MNC 1116 2.132 0.2084 0.7656
2MNC 1117 2.287 0.1768 0.7344
2MNC 1118 2.075 0.2323 0.7969
2MNC 1119 2.333 0.2180 0.7656
2MNC 1120 2.444 0.1783 0.7344
2MNC 1121 2.766 0.1898 0.7344
2MNC 1122 2.601 0.1448 0.7344
2MNC 1123 2.669 0.1551 0.7031
2MNC 1124 2.341 0.1775 0.7188
2MNC 1125 2.511 0.1929 0.7188
2MNC 1126 2.570 0.2180 0.7500
2MNC 1127 2.553 0.2086 0.7188
2MNC 1128 2.395 0.2056 0.7344
2MNC 1129 2.177 0.2072 0.7656
2MNC 1130 2.492 0.1997 0.7344
2MNC 1131 2.767 0.1717 0.7188
2MNC 1132 2.364 0.1643 0.7344
2MNC 1133 2.311 0.2008 0.7344
2MNC 1134 2.152 0.2485 0.7656
2MNC 1135 2.047 0.1944 0.7500
2MNC 1136 2.007 0.2724 0.8125
2MNC 1137 1.992 0.2087 0.7813
2MNC 1138 2.025 0.1866 0.7500
2MNC 1139 2.234 0.2029 0.7344
2MNC 1140 1.994 0.2173 0.7344
2MNC 1141 2.149 0.2080 0.7500
2MNC 1142 2.204 0.2121 0.7656
2MNC 1143 2.365 0.2040 0.7344
2MNC 1144 2.752 0.1635 0.6719
2MNC 1145 2.174 0.2274 0.7813
2MNC 1146 2.334 0.2009 0.7500
2MNC 1147 2.343 0.2382 0.7500
2MNC 1148 1.829 0.2421 0.8125
2MNC 1149 1.877 0.1925 0.8125
2MNC 1150 2.075 0.1981 0.7656
2MNC 1151 1.981 0.1981 0.7656
2MNC 1152 1.949 0.2421 0.7813
2MNC 1153 2.520 0.1990 0.7031
2MNC 1154 1.933 0.1979 0.7500
2MNC 1155 2.552 0.1877 0.7344
2MNC 1156 2.027 0.2020 0.7656
2MNC 1157 2.033 0.1841 0.7656
2MNC 1158 1.994 0.2195 0.7813
2MNC 1159 1.466 0.2366 0.8438
2MNC 1160 2.032 0.2358 0.7813
2MNC 1161 2.045 0.1824 0.7656
2MNC 1162 1.895 0.2318 0.7813
2MNC 1163 1.920 0.2279 0.8125
2MNC 1164 2.226 0.1834 0.7656
2MNC 1165 1.890 0.2510 0.7969
2MNC 1166 2.348 0.2174 0.7188
2MNC 1167 2.384 0.2177 0.7656
2MNC 1168 2.425 0.2039 0.7656
2MNC 1169 2.726 0.2106 0.7188
2MNC 1170 1.973 0.2554 0.8125
2MNC 1171 2.322 0.1871 0.7344
2MNC 1172 2.106 0.1950 0.7500
2MNC 1173 2.700 0.1904 0.7500
2MNC 1174 2.197 0.1895 0.7656
2MNC 1175 2.077 0.2179 0.7656
2MNC 1176 2.352 0.1714 0.7500
2MNC 1177 2.275 0.2736 0.7969
2MNC 1178 2.503 0.2281 0.7656
2MNC 1179 2.504 0.1585 0.7656
2MNC 1180 2.270 0.2463 0.7656
2MNC 1181 2.175 0.1756 0.7500
2MNC 1182 2.024 0.1985 0.7813
2MNC 1183 2.371 0.2254 0.7656
2MNC 1184 2.032 0.2209 0.8281
2MNC 1185 2.212 0.2132 0.7500
2MNC 1186 2.211 0.1823 0.7813
2MNC 1187 2.272 0.2512 0.7813
2MNC 1188 2.150 0.1821 0.7656
2MNC 1189 1.923 0.2166 0.8125
2MNC 1190 2.127 0.2057 0.7813
2MNC 1191 1.980 0.2561 0.7969
2MNC 1192 1.823 0.2415 0.8125
2MNC 1193 2.289 0.2279 0.7656
2MNC 1194 1.907 0.1958 0.7969
2MNC 1195 1.875 0.2479 0.7969
2MNC 1196 2.075 0.1975 0.7656
2MNC 1197 2.070 0.2617 0.7656
2MNC 1198 1.894 0.2284 0.8125
2MNC 1199 2.072 0.2136 0.7656
2MNC 1200 2.134 0.1861 0.7656
2MNC 1201 2.563 0.1958 0.7500
2MNC 1202 2.448 0.2876 0.7813
2MNC 1203 2.309 0.2698 0.7813
2MNC 1204 2.635 0.2071 0.7656
2MNC 1205 2.495 0.2268 0.7813
2MNC 1206 2.386 0.2503 0.7656
2MNC 1207 2.279 0.2263 0.7969
2MNC 1208 2.563 0.2050 0.7500
2MNC 1209 2.521 0.1934 0.7500
2MNC 1210 2.486 0.2069 0.7500
2MNC 1211 1.948 0.1957 0.8125
2MNC 1212 1.876 0.2164 0.7813
2MNC 1213 2.117 0.2195 0.7500
2MNC 1214 2.161 0.2397 0.7813
2MNC 1215 2.324 0.2056 0.7813
2MNC 1216 1.997 0.2112 0.8125
2MNC 1217 2.022 0.2068 0.7969
2MNC 1218 2.162 0.2146 0.7813
2MNC 1219 2.464 0.2062 0.7500
2MNC 1220 2.477 0.1880 0.7500
2MNC 1221 2.134 0.2448 0.7813
2MNC 1222 1.845 0.2074 0.7969
2MNC 1223 2.147 0.2343 0.7813
2MNC 1224 2.451 0.2367 0.7656
2MNC 1225 2.621 0.1931 0.7188
2MNC 1226 2.397 0.2795 0.7813
2MNC 1227 2.478 0.2134 0.7500
2MNC 1228 2.480 0.2158 0.7813
2MNC 1229 2.433 0.1809 0.7500
2MNC 1230 2.120 0.1975 0.7813
2MNC 1231 2.444 0.2167 0.7969
2MNC 1232 2.466 0.2215 0.7188
2MNC 1233 1.730 0.2741 0.8281
2MNC 1234 2.586 0.1900 0.7344
2MNC 1235 2.100 0.2310 0.8125
2MNC 1236 2.762 0.1930 0.7188
2MNC 1237 2.523 0.1748 0.7813
2MNC 1238 2.323 0.1858 0.7813
2MNC 1239 2.538 0.2150 0.7656
2MNC 1240 1.940 0.2136 0.7969
2MNC 1241 2.151 0.2262 0.7656
2MNC 1242 2.018 0.1885 0.7656
2MNC 1243 2.378 0.1838 0.7500
2MNC 1244 2.448 0.1809 0.7656
2MNC 1245 2.431 0.2521 0.7656
2MNC 1246 2.294 0.2176 0.7813
2MNC 1247 2.147 0.2080 0.7813
2MNC 1248 2.146 0.2045 0.7813
2MNC 1249 2.086 0.2361 0.7969
2MNC 1250 1.986 0.2233 0.8125
2MNC 1251 2.334 0.2822 0.7813
2MNC 1252 2.299 0.2592 0.7969
2MNC 1253 2.330 0.2279 0.7813
2MNC 1254 2.004 0.2533 0.8281
2MNC 1255 2.433 0.2684 0.7813
2MNC 1256 2.547 0.2567 0.7656
2MNC 1257 2.277 0.2364 0.8125
2MNC 1258 2.323 0.2205 0.7656
2MNC 1259 2.498 0.2246 0.7500
2MNC 1260 2.463 0.2289 0.7656
2MNC 1261 2.669 0.1921 0.7188
2MNC 1262 2.506 0.2194 0.7344
2MNC 1263 2.018 0.2210 0.7813
2MNC 1264 2.167 0.2276 0.7656
2MNC 1265 2.156 0.1904 0.7656
2MNC 1266 2.341 0.2352 0.7969
2MNC 1267 2.247 0.2549 0.7813
2MNC 1268 2.459 0.2116 0.7500
2MNC 1269 2.165 0.2277 0.8125
2MNC 1270 2.281 0.1915 0.7656
2MNC 1271 2.447 0.1903 0.7344
2MNC 1272 2.733 0.2113 0.7344
2MNC 1273 2.035 0.1773 0.7500
2MNC 1274 2.568 0.1851 0.7344
2MNC 1275 2.391 0.2097 0.7344
2MNC 1276 2.509 0.1793 0.7188
2MNC 1277 2.378 0.2284 0.7500
2MNC 1278 2.575 0.1553 0.7188
2MNC 1279 2.305 0.1930 0.7344
2MNC 1280 2.518 0.1661 0.7188
2MNC 1281 2.351 0.1919 0.7656
2MNC 1282 2.351 0.1615 0.7344
2MNC 1283 2.242 0.2057 0.7656
2MNC 1284 2.171 0.1908 0.7500
2MNC 1285 2.223 0.2370 0.7500
2MNC 1286 2.408 0.1645 0.7344
2MNC 1287 2.561 0.2098 0.7344
2MNC 1288 2.256 0.2077 0.7656
2MNC 1289 2.512 0.1930 0.7188
2MNC 1290 2.044 0.1842 0.7656
2MNC 1291 2.558 0.1937 0.7344
2MNC 1292 2.364 0.2394 0.7344
2MNC 1293 2.433 0.1993 0.7500
2MNC 1294 2.631 0.1923 0.7344
2MNC 1295 2.297 0.2056 0.7500
2MNC 1296 2.672 0.1578 0.7188
2MNC 1297 2.344 0.1751 0.7656
2MNC 1298 2.162 0.1980 0.7813
2MNC 1299 2.347 0.2272 0.7969
2MNC 1300 2.313 0.2296 0.7344
2MNC 1301 2.084 0.1568 0.7656
2MNC 1302 2.019 0.1842 0.7656
2MNC 1303 1.958 0.1970 0.7656
2MNC 1304 1.923 0.1897 0.7969
2MNC 1305 1.862 0.2235 0.7969
2MNC 1306 2.177 0.2297 0.7813
2MNC 1307 1.784 0.2301 0.8281
2MNC 1308 1.786 0.2079 0.7969
2MNC 1309 2.192 0.2031 0.7656
2MNC 1310 1.971 0.1958 0.7813
2MNC 1311 2.254 0.1830 0.7656
2MNC 1312 1.721 0.2062 0.7969
2MNC 1313 2.132 0.2095 0.7500
2MNC 1314 1.962 0.1488 0.7656
2MNC 1315 2.142 0.1995 0.7500
2MNC 1316 2.077 0.2035 0.7656
2MNC 1317 2.062 0.2403 0.7500
2MNC 1318 1.667 0.1694 0.7969
2MNC 1319 2.004 0.1917 0.7656
2MNC 1320 1.905 0.2134 0.7500
2MNC 1321 1.715 0.1755 0.7813
2MNC 1322 1.838 0.1558 0.7500
2MNC 1323 1.913 0.1986 0.7813
2MNC 1324 1.882 0.1510 0.7656
2MNC 1325 1.922 0.1658 0.7656
2MNC 1326 1.984 0.1661 0.7500
2MNC 1327 1.987 0.1597 0.7813
2MNC 1328 2.084 0.1506 0.7344
2MNC 1329 2.181 0.1744 0.7656
2MNC 1330 1.786 0.1941 0.7656
2MNC 1331 1.996 0.1692 0.7500
2MNC 1332 1.877 0.1928 0.7813
2MNC 1333 1.843 0.1699 0.7656
2MNC 1334 1.852 0.1694 0.7813
2MNC 1335 1.986 0.1791 0.7813
2MNC 1336 1.829 0.1659 0.7656
2MNC 1337 1.759 0.1591 0.7656
2MNC 1338 1.915 0.1532 0.7656
2MNC 1339 1.898 0.1393 0.7500
2MNC 1340 1.915 0.1656 0.7656
2MNC 1341 2.345 0.1526 0.7188
2MNC 1342 2.129 0.1567 0.7344
2MNC 1343 1.700 0.2294 0.8125
2MNC 1344 1.807 0.1896 0.7813
2MNC 1345 1.709 0.1587 0.8125
2MNC 1346 1.533 0.1767 0.8125
2MNC 1347 1.589 0.1521 0.7813
2MNC 1348 1.561 0.2085 0.8281
2MNC 1349 1.922 0.1738 0.7656
2MNC 1350 1.819 0.1886 0.7656
2MNC 1351 2.014 0.1372 0.7344
2MNC 1352 2.112 0.1747 0.7031
2MNC 1353 1.861 0.1944 0.7813
2MNC 1354 2.151 0.1675 0.7656
2MNC 1355 2.267 0.1808 0.7344
2MNC 1356 2.158 0.1256 0.7344
2MNC 1357 2.231 0.1144 0.7031
2MNC 1358 2.496 0.1995 0.7500
2MNC 1359 2.649 0.1596 0.7188
2MNC 1360 2.635 0.1595 0.7344
2MNC 1361 1.722 0.2177 0.7969
2MNC 1362 1.838 0.2133 0.8125
2MNC 1363 1.844 0.1894 0.7656
2MNC 1364 2.009 0.1915 0.7344
2MNC 1365 1.914 0.2173 0.7656
2MNC 1366 2.043 0.1776 0.7500
2MNC 1367 2.176 0.1754 0.7500
2MNC 1368 2.309 0.1797 0.7188
2MNC 1369 2.033 0.1727 0.7344
2MNC 1370 2.448 0.1493 0.7188
2MNC 1371 1.883 0.1694 0.7813
2MNC 1372 1.531 0.2185 0.8125
2MNC 1373 2.172 0.1969 0.7344
2MNC 1374 2.410 0.1886 0.7031
2MNC 1375 2.269 0.2020 0.7188
2MNC 1376 1.948 0.2299 0.7344
2MNC 1377 2.187 0.1889 0.7500
2MNC 1378 2.091 0.2113 0.7344
2MNC 1379 2.108 0.1398 0.7344
2MNC 1380 2.518 0.1535 0.7031
2MNC 1381 2.074 0.1754 0.7656
2MNC 1382 2.192 0.1957 0.7344
2MNC 1383 2.025 0.2221 0.7656
2MNC 1384 2.204 0.1506 0.7344
2MNC 1385 2.075 0.1721 0.7344
2MNC 1386 2.273 0.1834 0.7344
2MNC 1387 2.244 0.2021 0.7188
2MNC 1388 2.062 0.2106 0.7500
2MNC 1389 2.112 0.1974 0.7344
2MNC 1390 2.149 0.1602 0.7188
2MNC 1391 2.187 0.1909 0.7344
2MNC 1392 2.237 0.1659 0.7344
2MNC 1393 2.213 0.1938 0.7188
2MNC 1394 2.108 0.1454 0.7188
2MNC 1395 2.198 0.2087 0.7344
2MNC 1396 2.403 0.1573 0.7344
2MNC 1397 2.680 0.1627 0.7031
2MNC 1398 2.186 0.1442 0.7500
2MNC 1399 2.100 0.1635 0.7344
2MNC 1400 2.006 0.1331 0.7500
2MNC 1401 2.122 0.1697 0.7500
2MNC 1402 1.670 0.1723 0.7813
2MNC 1403 2.033 0.1517 0.7344
2MNC 1404 1.854 0.1638 0.7656
2MNC 1405 2.080 0.1689 0.7500
2MNC 1406 2.044 0.1817 0.7344
2MNC 1407 1.820 0.1743 0.7500
2MNC 1408 2.133 0.1774 0.7188
2MNC 1409 2.073 0.1516 0.7344
2MNC 1410 2.255 0.1717 0.7188
2MNC 1411 2.404 0.2087 0.7344
2MNC 1412 2.190 0.2000 0.7500
2MNC 1413 1.979 0.1824 0.7656
2MNC 1414 2.252 0.2064 0.7344
2MNC 1415 2.229 0.1434 0.7188
2MNC 1416 2.163 0.1460 0.7344
2MNC 1417 2.212 0.1964 0.7500
2MNC 1418 2.635 0.1738 0.6875
2MNC 1419 2.548 0.2039 0.7344
2MNC 1420 2.363 0.1489 0.7188
2MNC 1421 2.392 0.1406 0.7031
2MNC 1422 2.215 0.1217 0.7188
2MNC 1423 2.352 0.1544 0.7031
2MNC 1424 2.546 0.1126 0.7188
2MNC 1425 2.331 0.1528 0.7031
2MNC 1426 1.908 0.1608 0.7344
2MNC 1427 2.280 0.1262 0.7031
2MNC 1428 2.330 0.1239 0.7188
2MNC 1429 2.109 0.1346 0.7500
2MNC 1430 2.500 0.1504 0.7188
2MNC 1431 2.083 0.2230 0.7500
2MNC 1432 1.764 0.2162 0.7656
2MNC 1433 2.125 0.1500 0.7656
2MNC 1434 2.077 0.1721 0.7500
2MNC 1435 2.455 0.1871 0.7188
2MNC 1436 2.450 0.1936 0.7188
2MNC 1437 2.024 0.1635 0.7656
2MNC 1438 1.957 0.2086 0.7500
2MNC 1439 1.936 0.1641 0.7656
2MNC 1440 2.397 0.1352 0.7031
2MNC 1441 2.241 0.1408 0.7031
2MNC 1442 2.187 0.1710 0.7031
2MNC 1443 2.552 0.1898 0.6875
2MNC 1444 2.368 0.1528 0.7031
2MNC 1445 2.394 0.1511 0.7188
2MNC 1446 2.250 0.1846 0.7656
2MNC 1447 2.068 0.2017 0.7344
2MNC 1448 2.416 0.2035 0.7344
2MNC 1449 2.092 0.1463 0.7031
2MNC 1450 2.315 0.1434 0.7031
2MNC 1451 2.322 0.1820 0.7188
2MNC 1452 2.369 0.1828 0.6875
2MNC 1453 2.286 0.1701 0.7344
2MNC 1454 2.362 0.1853 0.7031
2MNC 1455 2.146 0.2158 0.7500
2MNC 1456 2.175 0.1646 0.7188
2MNC 1457 2.323 0.1274 0.6875
2MNC 1458 2.095 0.1367 0.7344
2MNC 1459 2.129 0.2090 0.7344
2MNC 1460 2.214 0.1571 0.7188
2MNC 1461 2.365 0.1698 0.7344
2MNC 1462 2.179 0.1428 0.7656
2MNC 1463 2.194 0.1630 0.7344
2MNC 1464 2.115 0.1732 0.7344
2MNC 1465 2.036 0.1382 0.7500
2MNC 1466 2.178 0.1612 0.7188
2MNC 1467 1.995 0.1762 0.7656
2MNC 1468 1.627 0.2284 0.8281
2MNC 1469 2.085 0.1471 0.7188
2MNC 1470 1.872 0.1850 0.7656
2MNC 1471 1.583 0.2412 0.8125
2MNC 1472 1.902 0.1420 0.7344
2MNC 1473 2.510 0.1379 0.6563
2MNC 1474 2.042 0.2047 0.7344
2MNC 1475 2.458 0.1932 0.6875
2MNC 1476 1.824 0.1906 0.7656
2MNC 1477 1.948 0.2211 0.7656
2MNC 1478 1.850 0.2038 0.7813
2MNC 1479 2.169 0.1878 0.7188
2MNC 1480 2.213 0.2097 0.7188
2MNC 1481 2.048 0.1604 0.7188
2MNC 1482 2.178 0.2291 0.7031
2MNC 1483 2.102 0.2044 0.7500
2MNC 1484 2.018 0.1714 0.7188
2MNC 1485 2.282 0.1448 0.7031
2MNC 1486 2.234 0.1562 0.7188
2MNC 1487 2.206 0.1980 0.7188
2MNC 1488 2.091 0.2151 0.7500
2MNC 1489 2.127 0.2097 0.7344
2MNC 1490 1.939 0.1851 0.7500
2MNC 1491 2.285 0.1990 0.7344
2MNC 1492 1.975 0.1889 0.7344
2MNC 1493 2.354 0.2183 0.7188
2MNC 1494 1.859 0.1446 0.7500
2MNC 1495 2.197 0.1326 0.7188
2MNC 1496 2.104 0.1652 0.7500
2MNC 1497 2.079 0.2378 0.7344
2MNC 1498 1.984 0.1570 0.7500
2MNC 1499 1.838 0.1724 0.7656
2MNC 1500 2.025 0.1763 0.7500
2MNC 1501 1.779 0.1955 0.7969
2MNC 1502 1.960 0.2219 0.7656
2MNC 1503 1.581 0.2174 0.8281
2MNC 1504 1.869 0.1749 0.7656
2MNC 1505 1.727 0.1767 0.7500
2MNC 1506 1.658 0.2164 0.8281
2MNC 1507 1.448 0.2647 0.8281
2MNC 1508 1.997 0.1405 0.7188
2MNC 1509 1.684 0.1560 0.7813
2MNC 1510 1.833 0.2678 0.7500
2MNC 1511 2.104 0.1988 0.7344
2MNC 1512 2.042 0.1835 0.7500
2MNC 1513 2.237 0.2113 0.7188
2MNC 1514 1.818 0.1592 0.7656
2MNC 1515 2.125 0.1761 0.7188
2MNC 1516 1.948 0.1403 0.7500
2MNC 1517 1.729 0.1920 0.7656
2MNC 1518 2.010 0.1676 0.7344
2MNC 1519 1.878 0.1568 0.7813
2MNC 1520 2.087 0.1257 0.7500
2MNC 1521 1.809 0.1673 0.7500
2MNC 1522 1.908 0.1894 0.7500
2MNC 1523 1.994 0.2049 0.7656
2MNC 1524 2.188 0.1707 0.7188
2MNC 1525 2.055 0.2278 0.7500
2MNC 1526 1.814 0.1671 0.7813
2MNC 1527 2.078 0.1338 0.7031
2MNC 1528 2.170 0.1434 0.7031
2MNC 1529 2.008 0.1329 0.7344
2MNC 1530 1.982 0.1422 0.7188
2MNC 1531 2.538 0.1281 0.7188
2MNC 1532 2.494 0.1267 0.7031
2MNC 1533 2.036 0.1640 0.7344
2MNC 1534 1.898 0.1782 0.7969
2MNC 1535 2.057 0.1385 0.7031
2MNC 1536 1.772 0.1519 0.7656
2MNC 1537 1.614 0.2120 0.8281
2MNC 1538 2.073 0.1360 0.7188
2MNC 1539 1.975 0.1526 0.7500
2MNC 1540 1.813 0.1427 0.7500
2MNC 1541 1.986 0.1532 0.7656
2MNC 1542 1.970 0.1627 0.7656
2MNC 1543 1.931 0.1771 0.7813
2MNC 1544 2.137 0.1333 0.7188
2MNC 1545 1.968 0.1309 0.7500
2MNC 1546 2.324 0.1493 0.7344
2MNC 1547 2.048 0.1528 0.7188
2MNC 1548 1.754 0.1715 0.7344
2MNC 1549 1.639 0.1743 0.7813
2MNC 1550 1.857 0.1482 0.7656
2MNC 1551 1.883 0.1325 0.7344
2MNC 1552 1.604 0.1655 0.7656
2MNC 1553 1.703 0.1760 0.7813
2MNC 1554 1.459 0.1738 0.8125
2MNC 1555 1.710 0.2256 0.7969
2MNC 1556 1.761 0.1594 0.7656
2MNC 1557 1.920 0.1544 0.7344
2MNC 1558 1.482 0.1807 0.8281
2MNC 1559 1.670 0.2213 0.7969
2MNC 1560 2.023 0.1269 0.7344
2MNC 1561 1.755 0.1476 0.7813
2MNC 1562 1.881 0.1411 0.7188
2MNC 1563 2.052 0.2215 0.7656
2MNC 1564 1.931 0.1926 0.7500
2MNC 1565 2.131 0.1739 0.7500
2MNC 1566 1.894 0.1985 0.7813
2MNC 1567 2.068 0.1480 0.7500
2MNC 1568 1.977 0.1463 0.7500
2MNC 1569 2.492 0.1511 0.7188
2MNC 1570 1.978 0.1620 0.7500
2MNC 1571 2.028 0.1675 0.7813
2MNC 1572 1.833 0.2116 0.7813
2MNC 1573 2.210 0.1321 0.7500
2MNC 1574 1.904 0.1986 0.7500
2MNC 1575 2.254 0.1762 0.7656
2MNC 1576 2.183 0.1490 0.7344
2MNC 1577 2.132 0.1418 0.7500
2MNC 1578 2.200 0.1605 0.7500
2MNC 1579 2.184 0.1893 0.7500
2MNC 1580 2.084 0.1802 0.7813
2MNC 1581 2.190 0.1591 0.7813
2MNC 1582 2.099 0.1944 0.7344
2MNC 1583 2.009 0.1822 0.7656
2MNC 1584 2.290 0.1670 0.7813
2MNC 1585 2.232 0.2061 0.7500
2MNC 1586 2.222 0.1960 0.7813
2MNC 1587 2.217 0.1606 0.7813
2MNC 1588 2.145 0.1749 0.7344
2MNC 1589 2.253 0.1474 0.7344
2MNC 1590 2.165 0.2214 0.7813
2MNC 1591 2.059 0.1497 0.7500
2MNC 1592 2.042 0.1562 0.7500
2MNC 1593 2.138 0.1935 0.7344
2MNC 1594 2.442 0.1497 0.7188
2MNC 1595 2.449 0.1484 0.7031
2MNC 1596 2.173 0.1641 0.7500
2MNC 1597 2.190 0.1502 0.7344
2MNC 1598 2.178 0.1299 0.7344
2MNC 1599 2.204 0.1839 0.7500
2MNC 1600 2.143 0.1793 0.7656
2MNC 1601 2.191 0.1570 0.7188
2MNC 1602 2.046 0.1746 0.7500
2MNC 1603 2.359 0.1795 0.7031
2MNC 1604 1.978 0.2016 0.7500
2MNC 1605 2.041 0.1682 0.7344
2MNC 1606 2.157 0.1534 0.7344
2MNC 1607 2.419 0.1575 0.7188
2MNC 1608 2.141 0.2029 0.7656
2MNC 1609 2.286 0.1260 0.7031
2MNC 1610 2.312 0.1497 0.7031
2MNC 1611 2.446 0.1348 0.6875
2MNC 1612 2.529 0.1413 0.6875
2MNC 1613 2.100 0.1694 0.7500
2MNC 1614 2.471 0.1320 0.6875
2MNC 1615 2.474 0.1195 0.6875
2MNC 1616 2.813 0.1667 0.6563
2MNC 1617 2.490 0.1524 0.7031
2MNC 1618 2.541 0.1298 0.6875
2MNC 1619 2.248 0.1468 0.7188
2MNC 1620 2.574 0.1706 0.7188
2MNC 1621 2.573 0.1267 0.6875
2MNC 1622 2.553 0.1631 0.6719
2MNC 1623 2.642 0.1680 0.7188
2MNC 1624 2.677 0.1958 0.7031
2MNC 1625 2.678 0.1607 0.7031
2MNC 1626 2.488 0.1892 0.7500
2MNC 1627 2.405 0.1691 0.7500
2MNC 1628 2.446 0.1733 0.7188
2MNC 1629 2.615 0.1453 0.6719
2MNC 1630 2.850 0.1679 0.6875
2MNC 1631 2.479 0.1576 0.7031
2MNC 1632 2.458 0.1831 0.7188
2MNC 1633 2.645 0.1527 0.6719
2MNC 1634 2.418 0.1408 0.7031
2MNC 1635 2.400 0.1715 0.7188
2MNC 1636 2.910 0.1907 0.6563
2MNC 1637 3.061 0.1997 0.6563
2MNC 1638 2.627 0.1316 0.7031
2MNC 1639 2.505 0.1524 0.7344
2MNC 1640 2.468 0.1653 0.7188
2MNC 1641 2.598 0.2105 0.7188
2MNC 1642 2.649 0.1797 0.7031
2MNC 1643 2.685 0.1340 0.6719
2MNC 1644 2.288 0.1444 0.7188
2MNC 1645 2.652 0.1430 0.6875
2MNC 1646 2.486 0.1637 0.7031
2MNC 1647 2.548 0.1702 0.7031
2MNC 1648 2.651 0.1119 0.6719
2MNC 1649 2.568 0.1183 0.6719
2MNC 1650 2.478 0.1661 0.7031
2MNC 1651 2.629 0.1440 0.6719
2MNC 1652 2.434 0.1086 0.6719
2MNC 1653 2.555 0.1868 0.7188
2MNC 1654 2.593 0.1613 0.6875
2MNC 1655 2.593 0.1127 0.6719
2MNC 1656 2.515 0.1339 0.7031
2MNC 1657 2.315 0.1462 0.7344
2MNC 1658 2.569 0.1225 0.6563
2MNC 1659 2.323 0.1952 0.7813
2MNC 1660 2.543 0.1735 0.7031
2MNC 1661 2.734 0.1064 0.6250
2MNC 1662 2.661 0.1066 0.6563
2MNC 1663 2.682 0.1394 0.6719
2MNC 1664 2.295 0.1441 0.7500
2MNC 1665 2.702 0.1531 0.7031
2MNC 1666 2.604 0.1530 0.6719
2MNC 1667 2.431 0.1662 0.7188
2MNC 1668 2.684 0.1514 0.6719
2MNC 1669 2.488 0.1602 0.6875
2MNC 1670 2.600 0.1502 0.7031
2MNC 1671 2.667 0.1584 0.7344
2MNC 1672 2.524 0.1233 0.6875
2MNC 1673 2.431 0.1706 0.7188
2MNC 1674 2.486 0.1254 0.6875
2MNC 1675 2.700 0.1213 0.6719
2MNC 1676 2.557 0.1443 0.7031
2MNC 1677 2.509 0.1253 0.6719
2MNC 1678 2.692 0.1191 0.6406
2MNC 1679 2.639 0.1002 0.6563
2MNC 1680 2.610 0.1041 0.6563
2MNC 1681 2.552 0.1117 0.7031
2MNC 1682 2.670 0.1171 0.6719
2MNC 1683 2.735 0.1480 0.6719
2MNC 1684 2.315 0.1607 0.7188
2MNC 1685 2.641 0.1041 0.6875
2MNC 1686 2.558 0.1521 0.6875
2MNC 1687 2.784 0.1150 0.6563
2MNC 1688 2.773 0.0938 0.6719
2MNC 1689 2.719 0.1088 0.6563
2MNC 1690 2.663 0.0922 0.6719
2MNC 1691 2.378 0.1555 0.7031
2MNC 1692 2.494 0.1152 0.6719
2MNC 1693 2.431 0.0944 0.6875
2MNC 1694 2.532 0.1374 0.6719
2MNC 1695 2.326 0.1240 0.7031
2MNC 1696 2.659 0.1411 0.7188
2MNC 1697 2.710 0.1187 0.7031
2MNC 1698 2.600 0.1738 0.7344
2MNC 1699 2.426 0.1575 0.7031
2MNC 1700 2.281 0.1654 0.7031
2MNC 1701 2.582 0.1443 0.7031
2MNC 1702 2.520 0.1629 0.7031
2MNC 1703 2.440 0.1577 0.7031
2MNC 1704 2.435 0.1088 0.7031
2MNC 1705 2.537 0.1436 0.6875
2MNC 1706 2.532 0.1313 0.6719
2MNC 1707 2.498 0.1172 0.6563
2MNC 1708 2.802 0.1307 0.6563
2MNC 1709 2.579 0.1420 0.7188
2MNC 1710 2.519 0.1623 0.6719
2MNC 1711 2.609 0.1386 0.6719
2MNC 1712 2.666 0.1906 0.6719
2MNC 1713 2.492 0.1636 0.7031
2MNC 1714 2.552 0.1226 0.7031
2MNC 1715 2.626 0.1415 0.6875
2MNC 1716 2.474 0.1478 0.7031
2MNC 1717 2.725 0.1249 0.6563
2MNC 1718 2.628 0.1589 0.7188
2MNC 1719 2.677 0.1212 0.6719
2MNC 1720 2.863 0.1075 0.6563
2MNC 1721 2.460 0.1185 0.7188
2MNC 1722 2.528 0.1496 0.6719
2MNC 1723 2.365 0.1131 0.7031
2MNC 1724 2.380 0.1126 0.6875
2MNC 1725 2.617 0.1264 0.6719
2MNC 1726 2.423 0.1485 0.6875
2MNC 1727 2.472 0.1234 0.6719
2MNC 1728 2.479 0.1270 0.7031
2MNC 1729 2.306 0.1430 0.7188
2MNC 1730 2.654 0.1609 0.7188
2MNC 1731 2.822 0.1601 0.6719
2MNC 1732 2.632 0.1629 0.6875
2MNC 1733 2.768 0.1796 0.6719
2MNC 1734 2.656 0.1750 0.7031
2MNC 1735 2.662 0.1539 0.6719
2MNC 1736 2.671 0.1278 0.6563
2MNC 1737 2.469 0.1570 0.7031
2MNC 1738 2.610 0.1852 0.7031
2MNC 1739 2.535 0.1866 0.6875
2MNC 1740 2.664 0.1667 0.7188
2MNC 1741 2.553 0.1262 0.7188
2MNC 1742 2.559 0.1537 0.6875
2MNC 1743 2.247 0.1581 0.7500
2MNC 1744 2.556 0.1485 0.7031
2MNC 1745 2.578 0.1754 0.6875
2MNC 1746 2.497 0.1530 0.7500
2MNC 1747 2.539 0.1445 0.6875
2MNC 1748 2.325 0.1755 0.6875
2MNC 1749 2.524 0.1219 0.7031
2MNC 1750 2.559 0.1308 0.6875
2MNC 1751 2.713 0.1476 0.6875
2MNC 1752 2.653 0.1300 0.6875
2MNC 1753 2.692 0.1624 0.7031
2MNC 1754 2.415 0.1641 0.7031
2MNC 1755 2.862 0.1184 0.6875
2MNC 1756 2.784 0.1417 0.6719
2MNC 1757 2.717 0.1787 0.7188
2MNC 1758 2.541 0.1969 0.7031
2MNC 1759 2.492 0.1407 0.7031
2MNC 1760 2.672 0.1575 0.6875
2MNC 1761 2.580 0.1490 0.6875
2MNC 1762 2.716 0.1758 0.6875
2MNC 1763 2.546 0.1528 0.6875
2MNC 1764 2.702 0.1478 0.6719
2MNC 1765 2.615 0.1714 0.6875
2MNC 1766 2.818 0.2141 0.7188
2MNC 1767 2.630 0.2080 0.7031
2MNC 1768 2.738 0.1396 0.6719
2MNC 1769 2.506 0.1441 0.7344
2MNC 1770 2.398 0.1574 0.6875
2MNC 1771 2.490 0.1135 0.7031
2MNC 1772 2.633 0.1772 0.6875
2MNC 1773 2.688 0.1349 0.6875
2MNC 1774 2.556 0.1488 0.6875
2MNC 1775 2.484 0.1867 0.7031
2MNC 1776 2.669 0.1512 0.6875
2MNC 1777 2.347 0.1637 0.7344
2MNC 1778 2.537 0.1652 0.7031
2MNC 1779 2.538 0.1617 0.6875
2MNC 1780 2.614 0.1780 0.6875
2MNC 1781 2.154 0.1872 0.7500
2MNC 1782 2.514 0.1500 0.7031
2MNC 1783 2.368 0.1311 0.7031
2MNC 1784 2.467 0.1570 0.7188
2MNC 1785 2.239 0.1646 0.7188
2MNC 1786 2.625 0.1445 0.7188
2MNC 1787 2.589 0.1642 0.7344
2MNC 1788 2.413 0.1740 0.7344
2MNC 1789 2.549 0.1547 0.7031
2MNC 1790 2.224 0.1875 0.7813
2MNC 1791 2.169 0.1870 0.7344
2MNC 1792 1.831 0.1725 0.7813
2MNC 1793 2.232 0.2106 0.7500
2MNC 1794 2.243 0.1427 0.7344
2MNC 1795 2.009 0.2231 0.7656
2MNC 1796 2.102 0.1902 0.7344
2MNC 1797 2.211 0.1753 0.7344
2MNC 1798 2.032 0.1580 0.7344
2MNC 1799 2.046 0.2114 0.7813
2MNC 1800 2.022 0.1755 0.7656
2MNC 1801 2.382 0.1268 0.7031
2MNC 1802 1.935 0.1829 0.7500
2MNC 1803 2.222 0.1639 0.7188
2MNC 1804 2.232 0.1514 0.7188
2MNC 1805 2.207 0.1892 0.7344
2MNC 1806 1.970 0.1710 0.7500
2MNC 1807 2.243 0.1640 0.7344
2MNC 1808 2.177 0.1663 0.7500
2MNC 1809 2.094 0.1801 0.7344
2MNC 1810 2.182 0.1811 0.7500
2MNC 1811 2.110 0.1832 0.7656
2MNC 1812 2.168 0.2179 0.7656
2MNC 1813 2.110 0.1943 0.7344
2MNC 1814 2.040 0.1885 0.7813
2MNC 1815 2.268 0.1563 0.7344
2MNC 1816 2.054 0.2022 0.7656
2MNC 1817 2.012 0.1843 0.7500
2MNC 1818 2.303 0.2267 0.7344
2MNC 1819 1.979 0.2022 0.7969
2MNC 1820 2.254 0.1986 0.7500
2MNC 1821 2.243 0.2707 0.7656
2MNC 1822 2.051 0.1898 0.7500
2MNC 1823 2.326 0.1639 0.7344
2MNC 1824 2.202 0.2027 0.7344
2MNC 1825 2.050 0.1893 0.7813
2MNC 1826 1.956 0.1698 0.7344
2MNC 1827 2.131 0.1500 0.7188
2MNC 1828 2.102 0.1978 0.7656
2MNC 1829 2.109 0.1715 0.7344
2MNC 1830 2.182 0.1418 0.7188
2MNC 1831 2.059 0.1614 0.7656
2MNC 1832 1.869 0.1873 0.7969
2MNC 1833 2.169 0.1522 0.7188
2MNC 1834 2.439 0.1250 0.7188
2MNC 1835 2.333 0.1426 0.7031
2MNC 1836 2.538 0.1194 0.6875
2MNC 1837 2.568 0.1248 0.6875
2MNC 1838 2.086 0.1413 0.7344
2MNC 1839 2.539 0.1052 0.6719
2MNC 1840 2.369 0.1365 0.6875
2MNC 1841 2.346 0.1997 0.7188
2MNC 1842 2.499 0.1592 0.6719
2MNC 1843 2.249 0.1546 0.7031
2MNC 1844 2.391 0.1480 0.7344
2MNC 1845 2.371 0.1758 0.7031
2MNC 1846 2.305 0.1304 0.7188
2MNC 1847 2.259 0.1358 0.7188
2MNC 1848 2.161 0.1424 0.7500
2MNC 1849 2.513 0.1087 0.7031
2MNC 1850 2.318 0.2073 0.7188
2MNC 1851 2.168 0.1189 0.7031
2MNC 1852 2.396 0.1261 0.6875
2MNC 1853 2.247 0.1189 0.7031
2MNC 1854 2.636 0.1486 0.7031
2MNC 1855 2.431 0.1290 0.7188
2MNC 1856 2.336 0.1188 0.6719
2MNC 1857 2.267 0.1416 0.7031
2MNC 1858 2.333 0.1703 0.7188
2MNC 1859 2.036 0.1631 0.7500
2MNC 1860 2.717 0.1468 0.6875
2MNC 1861 2.408 0.1564 0.6875
2MNC 1862 2.707 0.1386 0.6719
2MNC 1863 2.347 0.1703 0.7344
2MNC 1864 2.088 0.1640 0.7500
2MNC 1865 2.407 0.1731 0.7188
2MNC 1866 2.330 0.1638 0.7031
2MNC 1867 2.623 0.1250 0.6875
2MNC 1868 2.407 0.2352 0.7344
2MNC 1869 2.797 0.1477 0.7188
2MNC 1870 2.823 0.1428 0.6719
2MNC 1871 2.662 0.1608 0.7031
2MNC 1872 2.589 0.1255 0.6875
2MNC 1873 2.501 0.1264 0.7188
2MNC 1874 2.303 0.1405 0.7344
2MNC 1875 2.403 0.1669 0.7188
2MNC 1876 2.342 0.1892 0.7500
2MNC 1877 2.552 0.1401 0.7031
2MNC 1878 2.300 0.1570 0.7344
2MNC 1879 2.546 0.1671 0.7344
2MNC 1880 2.642 0.1341 0.7031
2MNC 1881 2.574 0.1530 0.7031
2MNC 1882 2.568 0.2142 0.7500
2MNC 1883 2.548 0.1725 0.7031
2MNC 1884 2.618 0.2094 0.7188
2MNC 1885 2.605 0.1052 0.6875
2MNC 1886 2.578 0.1543 0.7031
2MNC 1887 2.592 0.1809 0.7031
2MNC 1888 2.524 0.1357 0.7031
2MNC 1889 2.455 0.1663 0.7031
2MNC 1890 2.584 0.1600 0.7344
2MNC 1891 2.575 0.1754 0.7188
2MNC 1892 2.551 0.1451 0.7344
2MNC 1893 2.636 0.1498 0.7344
2MNC 1894 2.574 0.1494 0.7188
2MNC 1895 2.659 0.1400 0.7188
2MNC 1896 2.546 0.1895 0.7188
2MNC 1897 2.559 0.1716 0.7344
2MNC 1898 2.747 0.1557 0.7188
2MNC 1899 2.662 0.1392 0.7188
2MNC 1900 2.449 0.1963 0.7344
2MNC 1901 2.692 0.2384 0.7344
2MNC 1902 2.624 0.1689 0.7031
2MNC 1903 2.336 0.2152 0.7188
2MNC 1904 2.536 0.1437 0.7031
2MNC 1905 2.411 0.1485 0.7344
2MNC 1906 2.693 0.1412 0.7188
2MNC 1907 2.633 0.1619 0.7344
2MNC 1908 2.634 0.1481 0.7188
2MNC 1909 2.600 0.1794 0.7344
2MNC 1910 2.666 0.1805 0.7188
2MNC 1911 2.611 0.1484 0.6875
2MNC 1912 2.516 0.1431 0.7031
2MNC 1913 2.517 0.1610 0.7031
2MNC 1914 2.763 0.1550 0.6875
2MNC 1915 2.478 0.1630 0.7188
2MNC 1916 2.756 0.1487 0.6875
2MNC 1917 2.696 0.1628 0.6875
2MNC 1918 2.569 0.1330 0.7031
2MNC 1919 2.216 0.2145 0.7813
2MNC 1920 2.499 0.1406 0.6875
2MNC 1921 2.700 0.1114 0.6563
2MNC 1922 2.784 0.1365 0.6875
2MNC 1923 2.520 0.1234 0.7031
2MNC 1924 2.699 0.1446 0.7031
2MNC 1925 2.687 0.1965 0.7344
2MNC 1926 2.675 0.1421 0.7188
2MNC 1927 2.950 0.1252 0.6875
2MNC 1928 2.762 0.1622 0.7031
2MNC 1929 2.501 0.1536 0.7031
2MNC 1930 2.414 0.1700 0.7344
2MNC 1931 2.553 0.2836 0.7344
2MNC 1932 2.432 0.1787 0.7188
2MNC 1933 2.510 0.1931 0.7344
2MNC 1934 2.570 0.1529 0.7188
2MNC 1935 2.705 0.1762 0.7344
2MNC 1936 3.010 0.1677 0.6875
2MNC 1937 2.761 0.2167 0.7344
2MNC 1938 2.731 0.1707 0.6875
2MNC 1939 2.624 0.1399 0.6875
2MNC 1940 2.667 0.1702 0.7344
2MNC 1941 2.726 0.1565 0.7031
2MNC 1942 2.763 0.1132 0.6875
2MNC 1943 2.664 0.1455 0.7031
2MNC 1944 2.682 0.1483 0.7188
2MNC 1945 2.635 0.1389 0.7031
2MNC 1946 2.748 0.1411 0.7031
2MNC 1947 2.792 0.1399 0.7188
2MNC 1948 2.745 0.1097 0.6719
2MNC 1949 2.624 0.1261 0.6563
2MNC 1950 2.535 0.0967 0.6563
2MNC 1951 2.606 0.1532 0.7031
2MNC 1952 2.626 0.1359 0.6875
2MNC 1953 2.546 0.1240 0.7031
2MNC 1954 2.558 0.1552 0.7344
2MNC 1955 2.622 0.1268 0.7188
2MNC 1956 2.598 0.1679 0.7188
2MNC 1957 2.663 0.1216 0.6875
2MNC 1958 2.685 0.1449 0.6875
2MNC 1959 2.555 0.1248 0.7031
2MNC 1960 2.641 0.1423 0.6875
2MNC 1961 2.575 0.1826 0.7188
2MNC 1962 2.552 0.1363 0.7031
2MNC 1963 2.797 0.1719 0.6719
2MNC 1964 2.654 0.1363 0.6875
2MNC 1965 2.683 0.1312 0.7031
2MNC 1966 2.567 0.1566 0.7344
2MNC 1967 2.652 0.1237 0.7188
2MNC 1968 2.628 0.1736 0.7188
2MNC 1969 2.602 0.1729 0.7188
2MNC 1970 2.690 0.1424 0.7031
2MNC 1971 2.567 0.1489 0.7031
2MNC 1972 2.790 0.1443 0.7031
2MNC 1973 2.753 0.1166 0.6719
2MNC 1974 2.710 0.1088 0.6563
2MNC 1975 2.595 0.1284 0.6875
2MNC 1976 2.718 0.1304 0.6875
2MNC 1977 2.566 0.1750 0.7188
2MNC 1978 2.730 0.1833 0.7344
2MNC 1979 2.637 0.1639 0.6875
2MNC 1980 2.679 0.1457 0.6875
2MNC 1981 2.739 0.1301 0.6875
2MNC 1982 2.835 0.1319 0.6719
2MNC 1983 2.753 0.1335 0.6875
2MNC 1984 2.841 0.1294 0.6719
2MNC 1985 2.608 0.1405 0.6875
2MNC 1986 2.744 0.1530 0.7031
2MNC 1987 2.578 0.1483 0.7031
2MNC 1988 2.606 0.1567 0.6719
2MNC 1989 2.496 0.1422 0.7344
2MNC 1990 2.525 0.1492 0.6875
2MNC 1991 2.557 0.1706 0.7188
2MNC 1992 2.467 0.1976 0.7031
2MNC 1993 2.852 0.1844 0.7031
2MNC 1994 2.773 0.1659 0.7500
2MNC 1995 2.762 0.1694 0.7031
2MNC 1996 2.814 0.1639 0.6875
2MNC 1997 2.750 0.1531 0.6875
2MNC 1998 2.539 0.1292 0.7031
2MNC 1999 2.746 0.1486 0.6875
2MNC 2000 2.908 0.1391 0.6563
2MNC 2001 2.734 0.1633 0.7031
2MNC 2002 2.752 0.1599 0.7344
2MNC 2003 2.799 0.1635 0.7188
2MNC 2004 2.573 0.1662 0.7031
2MNC 2005 2.679 0.1347 0.7031
2MNC 2006 2.795 0.1358 0.7031
2MNC 2007 2.846 0.1430 0.7188
2MNC 2008 2.645 0.1596 0.7344
2MNC 2009 2.620 0.1223 0.6875
2MNC 2010 2.706 0.1924 0.7500
2MNC 2011 2.462 0.1405 0.7031
2MNC 2012 2.661 0.1288 0.6875
2MNC 2013 2.531 0.1676 0.7344
2MNC 2014 2.896 0.1533 0.6875
2MNC 2015 2.575 0.1696 0.7344
2MNC 2016 2.687 0.1577 0.7188
2MNC 2017 2.816 0.1114 0.6875
2MNC 2018 2.559 0.1507 0.7031
2MNC 2019 2.664 0.1658 0.7188
2MNC 2020 2.771 0.1463 0.7188
2MNC 2021 2.762 0.1680 0.7188
2MNC 2022 2.787 0.1885 0.7344
2MNC 2023 2.606 0.1634 0.7188
2MNC 2024 2.923 0.1447 0.6719
2MNC 2025 2.739 0.1663 0.7188
2MNC 2026 2.656 0.1967 0.7344
2MNC 2027 2.672 0.1486 0.7188
2MNC 2028 2.506 0.1867 0.7031
2MNC 2029 2.600 0.1684 0.6875
2MNC 2030 2.555 0.1817 0.7188
2MNC 2031 2.682 0.1478 0.7031
2MNC 2032 2.729 0.1632 0.7031
2MNC 2033 2.883 0.1469 0.6719
2MNC 2034 2.709 0.1633 0.7188
2MNC 2035 2.595 0.1629 0.7188
2MNC 2036 2.588 0.1965 0.7188
2MNC 2037 2.795 0.1764 0.7344
2MNC 2038 2.799 0.1669 0.7188
2MNC 2039 2.915 0.1742 0.7188
2MNC 2040 2.626 0.1656 0.7188
2MNC 2041 2.570 0.1533 0.7031
2MNC 2042 2.667 0.1388 0.7188
2MNC 2043 2.743 0.1166 0.6719
2MNC 2044 2.679 0.1613 0.7188
2MNC 2045 2.646 0.1561 0.6875
2MNC 2046 2.682 0.1852 0.7188
2MNC 2047 2.915 0.1513 0.7031
2MNC 2048 2.882 0.1530 0.6875
2MNC 2049 2.858 0.1458 0.6875
2MNC 2050 2.908 0.1358 0.6875
2MNC 2051 3.081 0.1733 0.6875
2MNC 2052 2.733 0.1778 0.7188
2MNC 2053 2.797 0.1536 0.7031
2MNC 2054 3.020 0.1653 0.7031
2MNC 2055 2.653 0.1512 0.7188
2MNC 2056 2.529 0.1468 0.6875
2MNC 2057 2.793 0.1259 0.6875
2MNC 2058 2.651 0.1178 0.7188
2MNC 2059 2.684 0.1717 0.7344
2MNC 2060 2.949 0.1521 0.6875
2MNC 2061 2.701 0.1172 0.6875
2MNC 2062 2.856 0.1887 0.6875
2MNC 2063 2.937 0.1487 0.6563
2MNC 2064 2.625 0.1366 0.7188
2MNC 2065 2.783 0.1563 0.7344
2MNC 2066 2.608 0.2082 0.7500
2MNC 2067 2.598 0.1530 0.6875
2MNC 2068 2.557 0.1666 0.7188
2MNC 2069 2.738 0.1397 0.7188
2MNC 2070 2.832 0.1629 0.6719
2MNC 2071 2.848 0.1026 0.6563
2MNC 2072 2.836 0.1245 0.6875
2MNC 2073 2.599 0.1473 0.7031
2MNC 2074 2.817 0.1163 0.6719
2MNC 2075 2.546 0.1583 0.7188
2MNC 2076 2.768 0.1806 0.7188
2MNC 2077 2.652 0.1761 0.7188
2MNC 2078 2.637 0.1464 0.7031
2MNC 2079 2.572 0.1492 0.7188
2MNC 2080 2.669 0.2004 0.7500
2MNC 2081 2.732 0.1552 0.7031
2MNC 2082 2.824 0.1594 0.6875
2MNC 2083 2.813 0.1909 0.7188
2MNC 2084 2.821 0.1234 0.6875
2MNC 2085 2.699 0.2563 0.7500
2MNC 2086 2.657 0.1446 0.7344
2MNC 2087 2.684 0.1824 0.7344
2MNC 2088 2.834 0.1258 0.7031
2MNC 2089 2.505 0.1312 0.7031
2MNC 2090 2.679 0.1795 0.7188
2MNC 2091 2.624 0.1731 0.7344
2MNC 2092 2.656 0.1684 0.7500
2MNC 2093 2.779 0.1919 0.7188
2MNC 2094 2.860 0.1623 0.7188
2MNC 2095 2.667 0.1791 0.7188
2MNC 2096 2.688 0.1740 0.7344
2MNC 2097 2.600 0.1411 0.7344
2MNC 2098 2.586 0.1590 0.7031
2MNC 2099 2.713 0.1548 0.6875
2MNC 2100 2.522 0.1414 0.7031
2MNC 2101 2.541 0.1867 0.7344
2MNC 2102 2.566 0.1485 0.7188
2MNC 2103 2.686 0.1670 0.7344
2MNC 2104 2.687 0.2016 0.7188
2MNC 2105 2.551 0.1781 0.7188
2MNC 2106 2.533 0.1740 0.7500
2MNC 2107 2.569 0.1860 0.7188
2MNC 2108 2.908 0.1484 0.6875
2MNC 2109 2.810 0.1404 0.6875
2MNC 2110 2.666 0.1756 0.7031
2MNC 2111 2.859 0.1056 0.6563
2MNC 2112 3.091 0.1297 0.6563
2MNC 2113 2.873 0.1356 0.6875
2MNC 2114 2.694 0.1661 0.7031
2MNC 2115 2.668 0.1801 0.6875
2MNC 2116 2.767 0.1715 0.7031
2MNC 2117 2.776 0.2015 0.7031
2MNC 2118 2.928 0.1489 0.7031
2MNC 2119 2.831 0.1442 0.7031
2MNC 2120 2.859 0.1349 0.7031
2MNC 2121 2.792 0.1524 0.7188
2MNC 2122 2.786 0.1559 0.7344
2MNC 2123 2.757 0.1699 0.7344
2MNC 2124 2.878 0.1358 0.6406
2MNC 2125 2.758 0.1431 0.6875
2MNC 2126 2.968 0.1101 0.6875
2MNC 2127 3.083 0.1473 0.6719
2MNC 2128 2.781 0.1470 0.7188
2MNC 2129 2.708 0.2093 0.7344
2MNC 2130 2.629 0.1278 0.7031
2MNC 2131 2.635 0.1834 0.7344
2MNC 2132 2.728 0.1907 0.7344
2MNC 2133 2.536 0.1965 0.7500
2MNC 2134 2.499 0.1957 0.7188
2MNC 2135 2.601 0.2120 0.7188
2MNC 2136 2.705 0.1416 0.6875
2MNC 2137 2.660 0.1635 0.7188
2MNC 2138 2.592 0.1626 0.7344
2MNC 2139 2.778 0.1520 0.6875
2MNC 2140 2.596 0.1527 0.7188
2MNC 2141 2.862 0.1494 0.6875
2MNC 2142 2.706 0.1509 0.6875
2MNC 2143 2.863 0.2021 0.7188
2MNC 2144 2.812 0.2020 0.7188
2MNC 2145 2.879 0.1316 0.6719
2MNC 2146 2.792 0.1741 0.7188
2MNC 2147 2.795 0.1296 0.6875
2MNC 2148 2.517 0.1517 0.7031
2MNC 2149 2.892 0.1924 0.7031
2MNC 2150 2.775 0.1581 0.6875
2MNC 2151 2.597 0.1633 0.7031
2MNC 2152 2.842 0.1489 0.7031
2MNC 2153 2.920 0.1354 0.7031
2MNC 2154 2.755 0.1437 0.6719
2MNC 2155 2.907 0.2060 0.6875
2MNC 2156 2.889 0.1497 0.7031
2MNC 2157 2.958 0.1770 0.7344
2MNC 2158 2.802 0.1966 0.7188
2MNC 2159 2.929 0.1196 0.6563
2MNC 2160 2.846 0.1579 0.7031
2MNC 2161 2.961 0.1563 0.7031
2MNC 2162 2.937 0.1661 0.7031
2MNC 2163 2.895 0.1695 0.7031
2MNC 2164 2.753 0.1619 0.6875
2MNC 2165 2.689 0.1613 0.7188
2MNC 2166 2.868 0.1663 0.7031
2MNC 2167 3.119 0.1394 0.7031
2MNC 2168 2.922 0.1376 0.6719
2MNC 2169 2.892 0.1473 0.6719
2MNC 2170 3.020 0.1431 0.6719
2MNC 2171 3.089 0.1529 0.6563
2MNC 2172 2.806 0.1549 0.7031
2MNC 2173 2.787 0.1816 0.6719
2MNC 2174 2.739 0.1891 0.6875
2MNC 2175 2.874 0.1488 0.6875
2MNC 2176 3.114 0.1383 0.6719
2MNC 2177 3.252 0.1409 0.6406
2MNC 2178 2.801 0.1529 0.6875
2MNC 2179 2.769 0.2181 0.7031
2MNC 2180 2.883 0.2033 0.6719
2MNC 2181 3.055 0.1787 0.6719
2MNC 2182 2.804 0.1450 0.7031
2MNC 2183 3.038 0.1298 0.6719
2MNC 2184 2.901 0.1155 0.6563
2MNC 2185 2.774 0.1760 0.7031
2MNC 2186 2.931 0.1570 0.6719
2MNC 2187 2.958 0.1755 0.6875
2MNC 2188 2.946 0.1333 0.6563
2MNC 2189 2.961 0.1514 0.7031
2MNC 2190 3.011 0.1191 0.6406
2MNC 2191 3.024 0.1476 0.6719
2MNC 2192 2.943 0.1440 0.6563
2MNC 2193 2.905 0.1455 0.6875
2MNC 2194 3.132 0.1563 0.6563
2MNC 2195 3.055 0.1649 0.6875
2MNC 2196 3.073 0.1190 0.6563
2MNC 2197 3.195 0.1508 0.6563
2MNC 2198 3.104 0.1392 0.6719
2MNC 2199 3.049 0.1310 0.6563
2MNC 2200 2.923 0.1766 0.6719
2MNC 2201 2.998 0.1622 0.7031
2MNC 2202 3.204 0.1541 0.6875
2MNC 2203 3.090 0.1482 0.7188
2MNC 2204 2.910 0.1428 0.6875
2MNC 2205 3.038 0.1287 0.7031
2MNC 2206 3.078 0.1203 0.6563
2MNC 2207 3.003 0.1473 0.7031
2MNC 2208 3.139 0.1120 0.6719
2MNC 2209 3.165 0.1571 0.6719
2MNC 2210 3.079 0.1357 0.6563
2MNC 2211 3.075 0.1581 0.6719
2MNC 2212 3.135 0.1751 0.6406
2MNC 2213 2.827 0.1871 0.6875
2MNC 2214 2.563 0.1547 0.6875
2MNC 2215 2.743 0.1601 0.7188
2MNC 2216 2.711 0.1709 0.7656
2MNC 2217 2.797 0.1636 0.7031
2MNC 2218 2.638 0.1676 0.7031
2MNC 2219 2.620 0.1550 0.7031
2MNC 2220 2.843 0.1495 0.6875
2MNC 2221 2.814 0.1327 0.6875
2MNC 2222 2.707 0.1327 0.6875
2MNC 2223 2.713 0.1378 0.6875
2MNC 2224 2.991 0.1560 0.6875
2MNC 2225 2.774 0.1794 0.6719
2MNC 2226 2.713 0.1411 0.7031
2MNC 2227 2.888 0.1601 0.7031
2MNC 2228 2.551 0.1934 0.7656
2MNC 2229 2.523 0.1453 0.7031
2MNC 2230 2.718 0.1160 0.6875
2MNC 2231 2.736 0.1523 0.7188
2MNC 2232 2.593 0.1451 0.7344
2MNC 2233 2.593 0.1634 0.7188
2MNC 2234 2.669 0.1450 0.7031
2MNC 2235 2.435 0.1386 0.7031
2MNC 2236 2.608 0.1334 0.6875
2MNC 2237 2.594 0.1545 0.6875
2MNC 2238 2.578 0.1512 0.6875
2MNC 2239 2.587 0.1534 0.7031
2MNC 2240 2.748 0.1433 0.7031
2MNC 2241 2.594 0.1434 0.7031
2MNC 2242 2.530 0.1322 0.7031
2MNC 2243 2.604 0.1324 0.6875
2MNC 2244 2.577 0.1454 0.6875
2MNC 2245 2.901 0.1001 0.6875
2MNC 2246 2.878 0.1098 0.6563
2MNC 2247 2.435 0.1373 0.7031
2MNC 2248 2.561 0.1768 0.7188
2MNC 2249 3.081 0.1265 0.6563
2MNC 2250 2.598 0.1791 0.7188
2MNC 2251 2.885 0.1436 0.6875
2MNC 2252 2.845 0.1425 0.6875
2MNC 2253 3.042 0.1880 0.6719
2MNC 2254 2.666 0.1408 0.7031
2MNC 2255 2.581 0.1400 0.7031
2MNC 2256 2.716 0.1389 0.7031
2MNC 2257 2.667 0.1560 0.6719
2MNC 2258 2.598 0.1231 0.6719
2MNC 2259 2.642 0.1675 0.6875
2MNC 2260 2.621 0.1412 0.7188
2MNC 2261 2.712 0.1353 0.6875
2MNC 2262 2.674 0.1682 0.6719
2MNC 2263 2.736 0.1422 0.7031
2MNC 2264 2.590 0.1483 0.7031
2MNC 2265 2.649 0.1558 0.7188
2MNC 2266 2.556 0.1423 0.6875
