2M24 1 0.000 1.0000 1.0000
2M24 2 1.821 0.5085 0.8103
2M24 3 2.153 0.7153 0.8793
2M24 4 2.317 0.4415 0.7414
2M24 5 1.678 0.7149 0.9138
2M24 6 1.876 0.6182 0.8707
2M24 7 0.877 0.7145 0.9397
2M24 8 2.784 0.5567 0.8362
2M24 9 3.156 0.6060 0.8190
2M24 10 3.387 0.5598 0.8017
2M24 11 2.133 0.6890 0.8707
2M24 12 1.370 0.6586 0.8966
2M24 13 3.657 0.5890 0.7586
2M24 14 2.852 0.5973 0.8190
2M24 15 1.983 0.6103 0.8707
2M24 16 3.082 0.5666 0.8017
2M24 17 2.217 0.5851 0.8448
2M24 18 2.646 0.5719 0.8448
2M24 19 2.073 0.6135 0.8448
2M24 20 3.133 0.6006 0.8017
2M24 21 10.057 0.1547 0.3103
2M24 22 8.999 0.1413 0.3621
2M24 23 10.480 0.1160 0.3190
2M24 24 12.604 0.1378 0.2845
2M24 25 6.344 0.2538 0.5000
2M24 26 12.419 0.1938 0.3534
2M24 27 12.666 0.2313 0.4138
2M24 28 12.412 0.1926 0.3534
2M24 29 9.242 0.2249 0.4397
2M24 30 9.503 0.2409 0.4138
2M24 31 6.516 0.2919 0.5345
2M24 32 10.940 0.2342 0.4138
2M24 33 11.391 0.2039 0.3448
2M24 34 10.870 0.2900 0.4483
2M24 35 12.451 0.1692 0.3707
2M24 36 10.120 0.1420 0.2845
2M24 37 8.607 0.1623 0.3448
2M24 38 7.685 0.2315 0.4310
2M24 39 8.906 0.3241 0.5086
2M24 40 9.069 0.2445 0.4397
2M24 41 9.178 0.1523 0.3276
2M24 42 6.979 0.3497 0.6121
2M24 43 8.539 0.3243 0.5259
2M24 44 8.970 0.3100 0.5086
2M24 45 6.904 0.3141 0.5690
2M24 46 7.861 0.3941 0.6293
2M24 47 6.637 0.3075 0.5517
2M24 48 4.367 0.4716 0.7328
2M24 49 5.883 0.4320 0.6897
2M24 50 8.612 0.3752 0.5862
2M24 51 8.730 0.3276 0.4828
2M24 52 10.823 0.2531 0.4397
2M24 53 6.060 0.3669 0.6379
2M24 54 4.935 0.3758 0.6466
2M24 55 4.628 0.4111 0.6897
2M24 56 5.736 0.3170 0.6034
2M24 57 5.898 0.3639 0.6293
2M24 58 5.372 0.4109 0.6638
2M24 59 5.574 0.4173 0.6810
2M24 60 6.653 0.4696 0.6638
2M24 61 6.440 0.1926 0.4741
2M24 62 9.863 0.1280 0.3707
2M24 63 9.980 0.1396 0.3534
2M24 64 6.005 0.2854 0.5517
2M24 65 11.417 0.2391 0.3879
2M24 66 10.317 0.1267 0.3103
2M24 67 10.058 0.3592 0.6034
2M24 68 6.786 0.2630 0.5000
2M24 69 9.505 0.1350 0.3621
2M24 70 8.479 0.1742 0.4052
2M24 71 10.451 0.2870 0.4741
2M24 72 4.665 0.4078 0.6638
2M24 73 5.459 0.3454 0.6207
2M24 74 7.894 0.2029 0.4397
2M24 75 8.998 0.2669 0.4569
2M24 76 9.192 0.1498 0.3793
2M24 77 7.851 0.2022 0.4138
2M24 78 7.087 0.2299 0.4569
2M24 79 10.676 0.2674 0.4828
2M24 80 6.216 0.2728 0.5690
2M24 81 11.926 0.3217 0.5603
2M24 82 8.500 0.3091 0.5776
2M24 83 12.507 0.2433 0.4397
2M24 84 5.879 0.4055 0.6638
2M24 85 5.334 0.2435 0.5517
2M24 86 7.285 0.4180 0.6466
2M24 87 6.956 0.3195 0.5690
2M24 88 6.245 0.3940 0.6379
2M24 89 9.601 0.2866 0.4655
2M24 90 7.863 0.3434 0.5776
2M24 91 10.101 0.2470 0.4397
2M24 92 5.176 0.4060 0.6810
2M24 93 7.075 0.3096 0.5690
2M24 94 7.158 0.3096 0.5603
2M24 95 1.825 0.5204 0.8276
2M24 96 5.138 0.3938 0.6638
2M24 97 6.352 0.1772 0.4828
2M24 98 3.645 0.3751 0.6983
2M24 99 4.473 0.3760 0.6724
2M24 100 5.386 0.4361 0.7155
2M24 101 10.167 0.1355 0.3190
2M24 102 13.248 0.2954 0.5086
2M24 103 11.752 0.1333 0.3362
2M24 104 12.782 0.2100 0.3879
2M24 105 11.039 0.1367 0.2931
2M24 106 9.136 0.2652 0.4741
2M24 107 9.023 0.2926 0.4741
2M24 108 12.266 0.2133 0.3707
2M24 109 9.676 0.2325 0.4224
2M24 110 6.660 0.2151 0.4397
2M24 111 7.871 0.3290 0.6121
2M24 112 10.478 0.1943 0.3793
2M24 113 13.940 0.1386 0.3276
2M24 114 5.861 0.2611 0.5172
2M24 115 9.172 0.1772 0.3793
2M24 116 8.636 0.2979 0.5345
2M24 117 9.692 0.3230 0.5603
2M24 118 13.533 0.2328 0.3707
2M24 119 11.384 0.1957 0.3621
2M24 120 9.633 0.1930 0.3879
2M24 121 7.611 0.3183 0.5690
2M24 122 8.764 0.1925 0.3966
2M24 123 4.121 0.2912 0.6207
2M24 124 8.745 0.2791 0.4569
2M24 125 2.959 0.3782 0.7155
2M24 126 11.022 0.2545 0.4052
2M24 127 10.706 0.3370 0.4655
2M24 128 7.884 0.3336 0.5776
2M24 129 11.138 0.2170 0.3362
2M24 130 7.438 0.3336 0.5776
2M24 131 9.796 0.3119 0.5086
2M24 132 7.448 0.3534 0.6034
2M24 133 8.137 0.3689 0.5948
2M24 134 5.540 0.3567 0.6121
2M24 135 4.060 0.3691 0.6552
2M24 136 7.906 0.3930 0.6466
2M24 137 5.929 0.3924 0.6638
2M24 138 3.768 0.3986 0.6724
2M24 139 7.315 0.3529 0.6121
2M24 140 5.686 0.4269 0.6810
2M24 141 7.712 0.1283 0.3190
2M24 142 12.822 0.2047 0.3793
2M24 143 9.420 0.1873 0.3534
2M24 144 11.445 0.1413 0.2759
2M24 145 7.935 0.3099 0.5948
2M24 146 9.116 0.1584 0.3448
2M24 147 12.629 0.2083 0.3276
2M24 148 13.812 0.2133 0.3793
2M24 149 12.063 0.2338 0.4483
2M24 150 9.573 0.2417 0.4483
2M24 151 12.480 0.1497 0.2931
2M24 152 9.533 0.1797 0.3276
2M24 153 11.699 0.2313 0.4052
2M24 154 13.052 0.2707 0.4483
2M24 155 4.430 0.2645 0.5948
2M24 156 4.765 0.3026 0.6034
2M24 157 5.378 0.2215 0.4914
2M24 158 9.291 0.3133 0.4655
2M24 159 12.755 0.2554 0.4052
2M24 160 9.850 0.2991 0.5172
2M24 161 9.343 0.2330 0.4828
2M24 162 6.347 0.2213 0.4914
2M24 163 5.765 0.3141 0.6034
2M24 164 9.355 0.2637 0.3966
2M24 165 10.095 0.1802 0.3793
2M24 166 10.832 0.1656 0.3362
2M24 167 5.196 0.2909 0.5776
2M24 168 6.762 0.4135 0.6638
2M24 169 7.135 0.3961 0.6121
2M24 170 8.476 0.3613 0.5776
2M24 171 7.456 0.4020 0.6552
2M24 172 7.541 0.3094 0.5948
2M24 173 7.595 0.2935 0.5690
2M24 174 5.044 0.4286 0.6983
2M24 175 4.965 0.4299 0.6810
2M24 176 6.307 0.3851 0.6207
2M24 177 10.255 0.2296 0.3879
2M24 178 8.049 0.3909 0.6207
2M24 179 4.502 0.3477 0.6552
2M24 180 7.794 0.4222 0.6552
2M24 181 11.850 0.1614 0.3190
2M24 182 6.628 0.1784 0.4569
2M24 183 8.418 0.1997 0.3966
2M24 184 11.260 0.1328 0.3017
2M24 185 9.771 0.1100 0.3103
2M24 186 9.345 0.1865 0.3276
2M24 187 12.754 0.1971 0.3362
2M24 188 10.541 0.1397 0.3362
2M24 189 13.342 0.1573 0.3103
2M24 190 13.053 0.2081 0.3534
2M24 191 7.507 0.2341 0.4914
2M24 192 5.532 0.2130 0.4741
2M24 193 7.492 0.3036 0.5517
2M24 194 8.175 0.2559 0.4655
2M24 195 6.614 0.2058 0.4483
2M24 196 9.780 0.2752 0.4224
2M24 197 11.220 0.1623 0.3362
2M24 198 11.925 0.1767 0.4052
2M24 199 12.302 0.1893 0.3707
2M24 200 8.880 0.3179 0.5000
2M24 201 10.098 0.2643 0.5086
2M24 202 6.623 0.3855 0.6293
2M24 203 9.184 0.4058 0.6379
2M24 204 6.398 0.4448 0.6724
2M24 205 5.622 0.3264 0.6121
2M24 206 9.099 0.4043 0.6207
2M24 207 8.734 0.3746 0.5431
2M24 208 12.399 0.2486 0.4138
2M24 209 4.598 0.3549 0.6552
2M24 210 8.234 0.2599 0.4569
2M24 211 4.583 0.3073 0.6121
2M24 212 5.986 0.2992 0.5862
2M24 213 4.690 0.3961 0.6810
2M24 214 6.423 0.4242 0.6552
2M24 215 4.193 0.3991 0.7069
2M24 216 2.059 0.4696 0.7931
2M24 217 6.517 0.3069 0.5776
2M24 218 6.754 0.3261 0.5690
2M24 219 4.228 0.3961 0.6897
2M24 220 5.950 0.4302 0.6638
2M24 221 9.664 0.1706 0.3534
2M24 222 7.368 0.2067 0.4310
2M24 223 13.276 0.1286 0.3103
2M24 224 9.413 0.1921 0.3793
2M24 225 9.833 0.1443 0.3448
2M24 226 9.647 0.2042 0.3879
2M24 227 11.038 0.1630 0.3103
2M24 228 11.457 0.1464 0.2931
2M24 229 10.590 0.2427 0.4397
2M24 230 6.717 0.2480 0.4914
2M24 231 8.603 0.2038 0.3879
2M24 232 6.273 0.3941 0.6466
2M24 233 5.764 0.1999 0.4741
2M24 234 13.249 0.1590 0.3103
2M24 235 11.117 0.1929 0.3793
2M24 236 9.168 0.2965 0.5000
2M24 237 12.060 0.2450 0.3793
2M24 238 9.713 0.2004 0.4224
2M24 239 9.850 0.2430 0.4397
2M24 240 8.615 0.3558 0.5948
2M24 241 9.940 0.2303 0.4569
2M24 242 6.373 0.3065 0.5517
2M24 243 11.526 0.2163 0.3707
2M24 244 3.775 0.2948 0.6379
2M24 245 6.420 0.3912 0.6552
2M24 246 8.986 0.3567 0.5948
2M24 247 6.024 0.3222 0.5862
2M24 248 6.578 0.3128 0.5862
2M24 249 6.287 0.3710 0.6207
2M24 250 5.567 0.2836 0.5776
2M24 251 9.060 0.4288 0.6552
2M24 252 7.534 0.2885 0.5517
2M24 253 4.588 0.4263 0.7155
2M24 254 8.199 0.2653 0.4828
2M24 255 5.427 0.3793 0.6552
2M24 256 11.001 0.3320 0.5259
2M24 257 8.921 0.3997 0.6466
2M24 258 11.905 0.1607 0.3362
2M24 259 5.982 0.4278 0.6810
2M24 260 7.048 0.3513 0.6034
2M24 261 11.455 0.1352 0.2845
2M24 262 8.549 0.1964 0.4310
2M24 263 10.461 0.1264 0.3017
2M24 264 10.894 0.1232 0.3103
2M24 265 13.793 0.1590 0.3103
2M24 266 7.465 0.2902 0.5259
2M24 267 12.219 0.1323 0.2845
2M24 268 12.015 0.2274 0.4224
2M24 269 6.671 0.1990 0.4310
2M24 270 8.722 0.2890 0.5086
2M24 271 8.837 0.1848 0.3534
2M24 272 8.383 0.3076 0.5000
2M24 273 8.853 0.2582 0.4828
2M24 274 9.764 0.2154 0.3879
2M24 275 8.062 0.1959 0.3879
2M24 276 12.596 0.2883 0.3966
2M24 277 7.600 0.2535 0.5000
2M24 278 5.534 0.4142 0.6897
2M24 279 7.297 0.3515 0.6207
2M24 280 7.920 0.2639 0.5345
2M24 281 6.195 0.3743 0.6207
2M24 282 9.674 0.2626 0.4828
2M24 283 4.575 0.3614 0.6638
2M24 284 8.287 0.4004 0.6466
2M24 285 6.091 0.3516 0.6293
2M24 286 7.838 0.3873 0.6466
2M24 287 7.629 0.3971 0.6207
2M24 288 7.281 0.3530 0.6207
2M24 289 9.278 0.3624 0.5776
2M24 290 4.145 0.3686 0.6897
2M24 291 5.820 0.3786 0.6379
2M24 292 7.394 0.4250 0.6379
2M24 293 7.026 0.3907 0.6379
2M24 294 9.384 0.1863 0.3534
2M24 295 5.787 0.3555 0.6293
2M24 296 6.654 0.3687 0.6121
2M24 297 8.090 0.3833 0.6034
2M24 298 7.570 0.2633 0.5431
2M24 299 6.162 0.3370 0.6207
2M24 300 7.135 0.3513 0.5776
2M24 301 4.944 0.2938 0.5862
2M24 302 8.295 0.1495 0.3276
2M24 303 12.298 0.1228 0.2672
2M24 304 11.684 0.1534 0.3276
2M24 305 10.212 0.1909 0.3362
2M24 306 6.897 0.2493 0.5086
2M24 307 10.675 0.1506 0.3017
2M24 308 7.119 0.3240 0.5862
2M24 309 4.033 0.3611 0.6810
2M24 310 12.447 0.2445 0.4224
2M24 311 7.380 0.1733 0.3879
2M24 312 10.084 0.1514 0.3448
2M24 313 8.717 0.3506 0.5862
2M24 314 4.858 0.3152 0.6034
2M24 315 5.347 0.3882 0.6638
2M24 316 8.167 0.1743 0.4397
2M24 317 7.890 0.3336 0.5259
2M24 318 10.165 0.3080 0.4741
2M24 319 10.490 0.2700 0.4397
2M24 320 8.085 0.2791 0.4828
2M24 321 7.624 0.3154 0.5259
2M24 322 10.110 0.2560 0.4569
2M24 323 5.170 0.2021 0.5086
2M24 324 6.794 0.3794 0.6293
2M24 325 3.555 0.3838 0.6897
2M24 326 5.966 0.3674 0.5948
2M24 327 11.435 0.3061 0.4569
2M24 328 4.466 0.3705 0.6638
2M24 329 9.149 0.3596 0.5517
2M24 330 4.458 0.3673 0.6638
2M24 331 10.990 0.2906 0.4828
2M24 332 5.923 0.3860 0.6638
2M24 333 4.332 0.3548 0.6379
2M24 334 6.310 0.3743 0.6379
2M24 335 8.044 0.3887 0.6121
2M24 336 6.039 0.3535 0.6207
2M24 337 9.341 0.2773 0.5172
2M24 338 4.359 0.4417 0.7069
2M24 339 4.358 0.3229 0.6466
2M24 340 5.544 0.3862 0.6552
2M24 341 11.733 0.1800 0.3448
2M24 342 11.678 0.2019 0.3793
2M24 343 13.445 0.2001 0.3448
2M24 344 9.626 0.2410 0.4310
2M24 345 9.022 0.1667 0.3276
2M24 346 9.895 0.2886 0.5172
2M24 347 8.371 0.2656 0.4914
2M24 348 13.902 0.2117 0.3793
2M24 349 9.413 0.2387 0.4569
2M24 350 9.394 0.2362 0.3879
2M24 351 10.406 0.3036 0.5517
2M24 352 11.198 0.2930 0.4914
2M24 353 10.174 0.1729 0.3276
2M24 354 10.911 0.1671 0.3448
2M24 355 9.448 0.2190 0.4138
2M24 356 6.803 0.2865 0.5345
2M24 357 12.207 0.2215 0.3879
2M24 358 5.034 0.3271 0.6466
2M24 359 13.350 0.1800 0.3190
2M24 360 13.669 0.1819 0.3534
2M24 361 9.777 0.2450 0.5086
2M24 362 6.695 0.3180 0.5862
2M24 363 6.507 0.3333 0.5862
2M24 364 4.324 0.2913 0.5948
2M24 365 11.239 0.2858 0.4569
2M24 366 6.405 0.2927 0.5603
2M24 367 8.911 0.2601 0.5086
2M24 368 6.109 0.3957 0.6638
2M24 369 6.483 0.3347 0.5862
2M24 370 5.500 0.3772 0.6379
2M24 371 7.158 0.3957 0.6552
2M24 372 7.098 0.2901 0.5862
2M24 373 5.710 0.3825 0.6638
2M24 374 5.928 0.3941 0.6466
2M24 375 7.537 0.2861 0.5345
2M24 376 7.776 0.4050 0.6121
2M24 377 5.412 0.2820 0.5948
2M24 378 9.044 0.2929 0.5000
2M24 379 4.864 0.4574 0.7241
2M24 380 6.997 0.3274 0.5776
2M24 381 10.649 0.1444 0.3190
2M24 382 12.565 0.1797 0.3276
2M24 383 9.731 0.1281 0.3017
2M24 384 6.837 0.3435 0.5948
2M24 385 9.121 0.1353 0.3017
2M24 386 7.183 0.1625 0.3966
2M24 387 11.895 0.1856 0.3966
2M24 388 12.967 0.1489 0.3017
2M24 389 10.419 0.2392 0.4310
2M24 390 8.166 0.3168 0.5517
2M24 391 8.696 0.1648 0.3534
2M24 392 8.405 0.1512 0.4052
2M24 393 9.707 0.2010 0.4052
2M24 394 10.791 0.1543 0.3534
2M24 395 11.213 0.1466 0.3190
2M24 396 11.611 0.1378 0.2759
2M24 397 7.705 0.3663 0.5776
2M24 398 11.958 0.1260 0.2931
2M24 399 3.123 0.4263 0.7328
2M24 400 7.108 0.2775 0.5345
2M24 401 9.248 0.2434 0.4483
2M24 402 11.576 0.2712 0.4741
2M24 403 7.555 0.3437 0.5690
2M24 404 7.633 0.3136 0.5690
2M24 405 6.544 0.3411 0.5862
2M24 406 5.591 0.3045 0.5862
2M24 407 6.528 0.3457 0.6121
2M24 408 7.284 0.3155 0.5603
2M24 409 6.384 0.3948 0.6379
2M24 410 5.244 0.3896 0.6638
2M24 411 9.479 0.4039 0.6466
2M24 412 9.425 0.2350 0.4224
2M24 413 5.608 0.3603 0.6379
2M24 414 3.435 0.3783 0.6983
2M24 415 5.492 0.3673 0.6552
2M24 416 6.711 0.4161 0.6466
2M24 417 6.359 0.4406 0.6638
2M24 418 6.238 0.3514 0.6034
2M24 419 4.713 0.3889 0.6897
2M24 420 2.766 0.4259 0.7586
2M24 421 1.758 0.4856 0.8276
2M24 422 1.824 0.5059 0.8190
2M24 423 1.847 0.5167 0.8362
2M24 424 1.884 0.5135 0.8362
2M24 425 1.973 0.4789 0.8017
2M24 426 1.969 0.4979 0.8190
2M24 427 1.949 0.5034 0.8190
2M24 428 1.983 0.5000 0.8103
2M24 429 1.988 0.4998 0.8190
2M24 430 1.957 0.4986 0.8103
2M24 431 1.977 0.5007 0.8103
2M24 432 1.958 0.5007 0.8103
2M24 433 1.948 0.4992 0.8103
2M24 434 1.971 0.4990 0.8103
2M24 435 1.962 0.5053 0.8190
2M24 436 1.971 0.4998 0.8103
2M24 437 1.953 0.4990 0.8103
2M24 438 1.963 0.4993 0.8017
2M24 439 1.976 0.5006 0.8103
2M24 440 1.958 0.4990 0.8103
2M24 441 1.971 0.5022 0.8276
2M24 442 1.988 0.4989 0.8190
2M24 443 1.981 0.5015 0.8190
2M24 444 1.976 0.4982 0.8103
2M24 445 1.976 0.4956 0.8017
2M24 446 1.974 0.5028 0.8276
2M24 447 1.968 0.5025 0.8103
2M24 448 1.960 0.5017 0.8276
2M24 449 1.954 0.5017 0.8103
2M24 450 1.966 0.5010 0.8103
2M24 451 1.964 0.5001 0.8103
2M24 452 1.970 0.5019 0.8103
2M24 453 1.967 0.5042 0.8103
2M24 454 1.963 0.5030 0.8276
2M24 455 1.955 0.4987 0.8017
2M24 456 1.958 0.5081 0.8103
2M24 457 1.956 0.4981 0.8276
2M24 458 1.985 0.4976 0.8017
2M24 459 1.991 0.4930 0.8017
2M24 460 1.974 0.5000 0.8103
2M24 461 1.970 0.4963 0.8017
2M24 462 1.984 0.4962 0.8190
2M24 463 1.981 0.4933 0.8017
2M24 464 1.965 0.4926 0.8190
2M24 465 1.978 0.4968 0.8103
2M24 466 1.946 0.4932 0.8017
2M24 467 1.985 0.4862 0.8103
2M24 468 1.976 0.4945 0.8190
2M24 469 1.949 0.4923 0.8276
2M24 470 1.965 0.5027 0.8276
2M24 471 1.944 0.5029 0.8103
2M24 472 2.003 0.4973 0.8017
2M24 473 1.995 0.5015 0.8103
2M24 474 1.999 0.4928 0.8190
2M24 475 1.951 0.4962 0.8017
2M24 476 1.954 0.4963 0.8190
2M24 477 2.002 0.4930 0.8190
2M24 478 2.018 0.5003 0.8276
2M24 479 1.997 0.5034 0.8017
2M24 480 1.976 0.4936 0.8103
2M24 481 2.014 0.4936 0.8103
2M24 482 1.973 0.5007 0.8103
2M24 483 2.019 0.4927 0.8017
2M24 484 2.011 0.4963 0.8017
2M24 485 1.996 0.4933 0.8017
2M24 486 2.036 0.4946 0.8103
2M24 487 2.004 0.4968 0.8190
2M24 488 2.018 0.4977 0.8276
2M24 489 1.990 0.4950 0.8103
2M24 490 1.993 0.4979 0.8103
2M24 491 1.992 0.4981 0.8017
2M24 492 2.009 0.4977 0.8103
2M24 493 1.993 0.5088 0.8276
2M24 494 1.975 0.5002 0.8103
2M24 495 1.969 0.5062 0.8103
2M24 496 1.999 0.5098 0.8276
2M24 497 2.020 0.5089 0.8276
2M24 498 2.007 0.5026 0.8190
2M24 499 2.022 0.5028 0.8362
2M24 500 1.983 0.5023 0.8017
2M24 501 1.997 0.5038 0.8362
2M24 502 1.995 0.5011 0.8103
2M24 503 2.007 0.5066 0.8103
2M24 504 1.967 0.5022 0.8017
2M24 505 1.958 0.5109 0.8190
2M24 506 1.913 0.5184 0.8276
2M24 507 1.971 0.4844 0.8017
2M24 508 1.933 0.4985 0.8448
2M24 509 1.954 0.5005 0.8017
2M24 510 1.938 0.5154 0.8276
2M24 511 1.951 0.4988 0.8190
2M24 512 1.949 0.5055 0.8190
2M24 513 1.963 0.5165 0.8190
2M24 514 1.899 0.5117 0.8448
2M24 515 1.993 0.4929 0.8103
2M24 516 2.000 0.4980 0.8103
2M24 517 1.992 0.5098 0.8103
2M24 518 2.001 0.5011 0.8276
2M24 519 1.995 0.4944 0.8017
2M24 520 1.993 0.4918 0.8017
2M24 521 1.948 0.4912 0.8017
2M24 522 1.960 0.4996 0.8017
2M24 523 1.936 0.5011 0.8276
2M24 524 1.948 0.5039 0.8448
2M24 525 1.981 0.5037 0.8017
2M24 526 1.947 0.5175 0.8362
2M24 527 1.961 0.4943 0.8276
2M24 528 1.943 0.5048 0.8190
2M24 529 1.944 0.5042 0.8190
2M24 530 1.888 0.5062 0.8362
2M24 531 1.948 0.5056 0.8103
2M24 532 1.938 0.5064 0.8276
2M24 533 1.960 0.4997 0.8103
2M24 534 1.927 0.4978 0.8190
2M24 535 1.922 0.4930 0.8190
2M24 536 2.000 0.4997 0.8103
2M24 537 1.887 0.4950 0.8190
2M24 538 1.885 0.4994 0.8103
2M24 539 1.918 0.5230 0.8362
2M24 540 2.051 0.5203 0.8276
2M24 541 2.004 0.5218 0.8362
2M24 542 2.022 0.5269 0.8276
2M24 543 2.065 0.5316 0.8276
2M24 544 2.040 0.5253 0.8276
2M24 545 1.988 0.5340 0.8448
2M24 546 2.020 0.5232 0.8190
2M24 547 1.981 0.5226 0.8362
2M24 548 1.989 0.5287 0.8362
2M24 549 1.984 0.5221 0.8362
2M24 550 2.028 0.5229 0.8362
2M24 551 2.068 0.5098 0.8190
2M24 552 2.048 0.5143 0.8362
2M24 553 2.001 0.5369 0.8448
2M24 554 2.119 0.5162 0.8190
2M24 555 2.009 0.5268 0.8362
2M24 556 2.003 0.5291 0.8362
2M24 557 2.143 0.5121 0.8190
2M24 558 2.138 0.5219 0.8190
2M24 559 2.018 0.5180 0.8362
2M24 560 2.108 0.5187 0.8190
2M24 561 2.087 0.5249 0.8276
2M24 562 2.072 0.5266 0.8276
2M24 563 2.056 0.5264 0.8362
2M24 564 2.156 0.5122 0.8190
2M24 565 2.049 0.5184 0.8362
2M24 566 2.096 0.5107 0.8276
2M24 567 2.046 0.5324 0.8276
2M24 568 2.090 0.5241 0.8362
2M24 569 2.023 0.5178 0.8276
2M24 570 2.106 0.5087 0.8190
2M24 571 2.047 0.5355 0.8276
2M24 572 2.113 0.5168 0.8276
2M24 573 2.035 0.5170 0.8190
2M24 574 2.119 0.5207 0.8276
2M24 575 2.126 0.5260 0.8190
2M24 576 2.032 0.5328 0.8362
2M24 577 2.064 0.5389 0.8276
2M24 578 1.971 0.5452 0.8621
2M24 579 2.013 0.5179 0.8448
2M24 580 2.003 0.5271 0.8448
2M24 581 2.053 0.5291 0.8362
2M24 582 1.985 0.5382 0.8362
2M24 583 1.962 0.5228 0.8534
2M24 584 1.880 0.5342 0.8448
2M24 585 2.016 0.5304 0.8362
2M24 586 1.932 0.5287 0.8448
2M24 587 1.973 0.5300 0.8448
2M24 588 1.836 0.5442 0.8621
2M24 589 1.900 0.5221 0.8534
2M24 590 2.007 0.5316 0.8362
2M24 591 1.982 0.5327 0.8362
2M24 592 1.907 0.5396 0.8448
2M24 593 1.960 0.5339 0.8362
2M24 594 1.953 0.5197 0.8534
2M24 595 1.961 0.5271 0.8448
2M24 596 2.040 0.5349 0.8448
2M24 597 1.927 0.5292 0.8534
2M24 598 1.964 0.5199 0.8448
2M24 599 1.947 0.5309 0.8448
2M24 600 1.974 0.5249 0.8362
2M24 601 1.902 0.5370 0.8534
2M24 602 1.949 0.5292 0.8362
2M24 603 1.931 0.5344 0.8534
2M24 604 1.977 0.5342 0.8448
2M24 605 1.926 0.5328 0.8448
2M24 606 1.942 0.5290 0.8448
2M24 607 2.000 0.5257 0.8448
2M24 608 1.975 0.5322 0.8448
2M24 609 2.102 0.5282 0.8276
2M24 610 2.026 0.5216 0.8448
2M24 611 2.014 0.5318 0.8448
2M24 612 1.974 0.5125 0.8448
2M24 613 2.039 0.5152 0.8362
2M24 614 1.972 0.5407 0.8534
2M24 615 1.959 0.5185 0.8362
2M24 616 1.976 0.5393 0.8448
2M24 617 1.960 0.5268 0.8534
2M24 618 1.907 0.5373 0.8534
2M24 619 1.922 0.5260 0.8448
2M24 620 1.957 0.5089 0.8448
2M24 621 1.962 0.5327 0.8534
2M24 622 1.950 0.5261 0.8448
2M24 623 1.942 0.5447 0.8534
2M24 624 1.957 0.5313 0.8448
2M24 625 1.889 0.5401 0.8621
2M24 626 1.903 0.5359 0.8621
2M24 627 1.973 0.5116 0.8534
2M24 628 2.005 0.5056 0.8362
2M24 629 2.006 0.5230 0.8276
2M24 630 1.832 0.5229 0.8621
2M24 631 2.001 0.5189 0.8448
2M24 632 2.049 0.5012 0.8448
2M24 633 2.024 0.4955 0.8534
2M24 634 1.949 0.5054 0.8621
2M24 635 1.839 0.5019 0.8621
2M24 636 1.803 0.4924 0.8448
2M24 637 1.890 0.5212 0.8707
2M24 638 1.929 0.5036 0.8534
2M24 639 1.797 0.5137 0.8621
2M24 640 1.681 0.5381 0.8621
2M24 641 1.623 0.5517 0.8707
2M24 642 1.671 0.5524 0.8707
2M24 643 1.680 0.5649 0.8707
2M24 644 1.683 0.5408 0.8707
2M24 645 1.677 0.5460 0.8707
2M24 646 1.636 0.5278 0.8707
2M24 647 1.697 0.5570 0.8707
2M24 648 1.692 0.5534 0.8707
2M24 649 1.651 0.5499 0.8707
2M24 650 1.690 0.5454 0.8707
2M24 651 1.640 0.5563 0.8793
2M24 652 1.658 0.5346 0.8621
2M24 653 1.637 0.5481 0.8707
2M24 654 1.715 0.5165 0.8707
2M24 655 1.698 0.5430 0.8793
2M24 656 1.720 0.5363 0.8707
2M24 657 1.641 0.5620 0.8793
2M24 658 1.685 0.5439 0.8621
2M24 659 1.643 0.5477 0.8621
2M24 660 1.677 0.5163 0.8534
2M24 661 1.676 0.5128 0.8448
2M24 662 1.755 0.4768 0.8362
2M24 663 1.765 0.4856 0.8362
2M24 664 1.818 0.4829 0.8190
2M24 665 1.860 0.4719 0.8276
2M24 666 1.876 0.4889 0.8448
2M24 667 1.805 0.4836 0.8362
2M24 668 1.774 0.4861 0.8448
2M24 669 1.917 0.4895 0.8362
2M24 670 1.962 0.4739 0.8362
2M24 671 1.996 0.4642 0.8103
2M24 672 1.919 0.4837 0.8362
2M24 673 1.888 0.4746 0.8276
2M24 674 1.869 0.4946 0.8534
2M24 675 1.812 0.5165 0.8534
2M24 676 1.914 0.4801 0.8362
2M24 677 1.864 0.4838 0.8362
2M24 678 1.852 0.4804 0.8362
2M24 679 1.967 0.4567 0.8017
2M24 680 1.824 0.4832 0.8448
2M24 681 1.885 0.4954 0.8448
2M24 682 1.912 0.4593 0.8103
2M24 683 1.951 0.4855 0.8103
2M24 684 1.851 0.4662 0.8017
2M24 685 1.918 0.4638 0.7931
2M24 686 2.034 0.4663 0.8017
2M24 687 1.819 0.5155 0.8448
2M24 688 1.927 0.5047 0.8276
2M24 689 1.843 0.5014 0.8362
2M24 690 1.775 0.5197 0.8448
2M24 691 1.768 0.5107 0.8448
2M24 692 1.970 0.4810 0.8103
2M24 693 1.895 0.5110 0.8448
2M24 694 1.934 0.4960 0.8362
2M24 695 1.809 0.4955 0.8276
2M24 696 1.849 0.4728 0.8276
2M24 697 1.774 0.4794 0.8103
2M24 698 1.703 0.5060 0.8448
2M24 699 1.924 0.4909 0.8276
2M24 700 1.975 0.4756 0.8362
2M24 701 1.912 0.4957 0.8362
2M24 702 1.883 0.4843 0.8276
2M24 703 1.793 0.4936 0.8362
2M24 704 1.920 0.4630 0.8276
2M24 705 1.867 0.5101 0.8448
2M24 706 1.904 0.4919 0.8276
2M24 707 1.968 0.4873 0.8190
2M24 708 1.934 0.4967 0.8276
2M24 709 1.952 0.4853 0.8276
2M24 710 2.045 0.4768 0.8017
2M24 711 2.144 0.4783 0.7845
2M24 712 1.893 0.5219 0.8276
2M24 713 1.768 0.4961 0.8534
2M24 714 1.952 0.4828 0.8276
2M24 715 1.870 0.4568 0.8017
2M24 716 1.911 0.4344 0.7931
2M24 717 2.022 0.4387 0.7845
2M24 718 2.051 0.4482 0.8017
2M24 719 1.855 0.4581 0.8190
2M24 720 1.940 0.4779 0.8276
2M24 721 1.813 0.5009 0.8448
2M24 722 1.947 0.4801 0.8362
2M24 723 1.943 0.4776 0.8276
2M24 724 1.861 0.4678 0.8190
2M24 725 1.890 0.4872 0.8190
2M24 726 1.815 0.4752 0.8190
2M24 727 1.914 0.4616 0.8103
2M24 728 1.787 0.4902 0.8448
2M24 729 1.830 0.5136 0.8448
2M24 730 1.998 0.5030 0.8362
2M24 731 1.929 0.4883 0.8362
2M24 732 1.836 0.4856 0.8448
2M24 733 1.875 0.4870 0.8276
2M24 734 1.881 0.4847 0.8276
2M24 735 1.820 0.4878 0.8190
2M24 736 1.826 0.4979 0.8362
2M24 737 1.988 0.4871 0.8448
2M24 738 2.079 0.4817 0.8276
2M24 739 2.042 0.5022 0.8017
2M24 740 1.700 0.4796 0.8190
2M24 741 1.990 0.4817 0.8190
2M24 742 1.841 0.5001 0.8276
2M24 743 1.957 0.4794 0.8276
2M24 744 1.989 0.4746 0.8190
2M24 745 1.917 0.5012 0.8276
2M24 746 1.780 0.5030 0.8448
2M24 747 2.085 0.4860 0.8017
2M24 748 1.980 0.4867 0.8276
2M24 749 1.929 0.4825 0.8276
2M24 750 1.820 0.5093 0.8448
2M24 751 1.846 0.5059 0.8448
2M24 752 1.785 0.4990 0.8362
2M24 753 1.774 0.5048 0.8362
2M24 754 2.066 0.4819 0.8276
2M24 755 1.973 0.4726 0.8103
2M24 756 1.923 0.4639 0.8103
2M24 757 1.978 0.4764 0.8276
2M24 758 1.954 0.4674 0.8190
2M24 759 1.974 0.4620 0.8103
2M24 760 1.914 0.4520 0.8103
2M24 761 1.859 0.4507 0.8103
2M24 762 2.094 0.4367 0.7931
2M24 763 2.122 0.4332 0.7845
2M24 764 1.983 0.4512 0.7931
2M24 765 1.901 0.4703 0.8276
2M24 766 1.835 0.4930 0.8362
2M24 767 1.775 0.5068 0.8448
2M24 768 1.864 0.4794 0.8190
2M24 769 1.971 0.4790 0.8103
2M24 770 2.065 0.4737 0.8017
2M24 771 1.995 0.4329 0.7931
2M24 772 1.921 0.4725 0.8190
2M24 773 1.870 0.4754 0.8190
2M24 774 1.916 0.4772 0.8190
2M24 775 1.980 0.4929 0.8276
2M24 776 2.245 0.4743 0.7931
2M24 777 2.027 0.4850 0.8103
2M24 778 1.969 0.4806 0.8362
2M24 779 2.021 0.4677 0.8103
2M24 780 2.010 0.4694 0.7931
2M24 781 2.206 0.4739 0.7931
2M24 782 2.052 0.4924 0.8103
2M24 783 2.072 0.4638 0.8103
2M24 784 2.065 0.4510 0.7845
2M24 785 2.017 0.4789 0.8103
2M24 786 2.270 0.4357 0.7500
2M24 787 2.136 0.4282 0.7672
2M24 788 2.096 0.4306 0.7845
2M24 789 2.071 0.4619 0.7931
2M24 790 2.068 0.4595 0.8017
2M24 791 2.155 0.4953 0.8103
2M24 792 2.077 0.4719 0.7931
2M24 793 2.052 0.4705 0.7845
2M24 794 2.120 0.4713 0.8017
2M24 795 2.204 0.4605 0.7845
2M24 796 2.107 0.4363 0.7759
2M24 797 1.850 0.4727 0.8276
2M24 798 1.915 0.4575 0.8190
2M24 799 2.036 0.4626 0.8103
2M24 800 1.974 0.4512 0.8017
2M24 801 1.977 0.4486 0.7931
2M24 802 1.995 0.4359 0.7931
2M24 803 2.028 0.4394 0.8017
2M24 804 2.140 0.4349 0.7845
2M24 805 2.061 0.4614 0.7931
2M24 806 1.991 0.4726 0.8276
2M24 807 2.036 0.4594 0.8017
2M24 808 2.055 0.4537 0.8103
2M24 809 2.064 0.4845 0.8190
2M24 810 2.162 0.4777 0.7931
2M24 811 2.070 0.4515 0.7845
2M24 812 1.866 0.4875 0.8190
2M24 813 1.961 0.4712 0.8190
2M24 814 1.967 0.4906 0.8017
2M24 815 2.072 0.4814 0.8103
2M24 816 2.132 0.4843 0.7845
2M24 817 2.122 0.4623 0.8103
2M24 818 2.101 0.4871 0.8276
2M24 819 1.978 0.5068 0.8103
2M24 820 2.098 0.4784 0.7931
2M24 821 2.009 0.4851 0.8276
2M24 822 2.040 0.4424 0.7931
2M24 823 2.056 0.4529 0.7931
2M24 824 2.130 0.4377 0.7845
2M24 825 2.097 0.4661 0.8103
2M24 826 2.184 0.4573 0.7845
2M24 827 2.066 0.4649 0.8017
2M24 828 1.878 0.4623 0.8103
2M24 829 1.881 0.4649 0.8103
2M24 830 2.129 0.4633 0.8017
2M24 831 2.046 0.4792 0.8017
2M24 832 1.886 0.4869 0.8448
2M24 833 1.909 0.4802 0.8190
2M24 834 1.935 0.4874 0.8190
2M24 835 1.933 0.4889 0.8362
2M24 836 2.070 0.4511 0.7931
2M24 837 1.948 0.4520 0.8190
2M24 838 1.849 0.4668 0.8362
2M24 839 2.075 0.4549 0.7845
2M24 840 2.095 0.4633 0.8190
2M24 841 2.031 0.4913 0.8017
2M24 842 2.091 0.4380 0.7845
2M24 843 1.992 0.4411 0.7931
2M24 844 2.106 0.4808 0.8017
2M24 845 2.227 0.4187 0.7500
2M24 846 2.239 0.4670 0.8017
2M24 847 2.364 0.4526 0.7672
2M24 848 2.139 0.4777 0.8017
2M24 849 1.959 0.4391 0.8017
2M24 850 1.886 0.4649 0.8103
2M24 851 1.816 0.4668 0.8103
2M24 852 2.205 0.4666 0.7931
2M24 853 2.165 0.4699 0.8017
2M24 854 1.931 0.4648 0.8017
2M24 855 2.016 0.4615 0.8017
2M24 856 2.097 0.4748 0.7931
2M24 857 2.092 0.4768 0.8017
2M24 858 2.053 0.4545 0.8190
2M24 859 2.143 0.4781 0.8017
2M24 860 2.258 0.4344 0.7759
2M24 861 2.122 0.4513 0.8017
2M24 862 2.387 0.4588 0.7672
2M24 863 2.254 0.4491 0.7672
2M24 864 2.272 0.4466 0.7586
2M24 865 2.252 0.4482 0.7672
2M24 866 2.145 0.4301 0.7845
2M24 867 2.234 0.4414 0.7672
2M24 868 2.262 0.4527 0.7759
2M24 869 2.226 0.4762 0.7931
2M24 870 2.259 0.4643 0.7672
2M24 871 2.226 0.4440 0.7759
2M24 872 2.341 0.4805 0.7845
2M24 873 2.346 0.4675 0.7845
2M24 874 2.367 0.4411 0.7672
2M24 875 2.301 0.4676 0.7845
2M24 876 2.198 0.4886 0.8017
2M24 877 2.262 0.4233 0.7672
2M24 878 2.383 0.4339 0.7672
2M24 879 2.090 0.4809 0.8017
2M24 880 2.308 0.4564 0.7845
2M24 881 2.068 0.4910 0.8103
2M24 882 2.020 0.4960 0.8190
2M24 883 2.034 0.4676 0.8017
2M24 884 2.221 0.4500 0.7672
2M24 885 2.118 0.4507 0.7931
2M24 886 2.105 0.4648 0.7931
2M24 887 2.076 0.4616 0.8017
2M24 888 1.989 0.4364 0.7672
2M24 889 2.114 0.3955 0.7586
2M24 890 2.142 0.3988 0.7586
2M24 891 2.249 0.3666 0.7414
2M24 892 2.381 0.3966 0.7586
2M24 893 2.321 0.3973 0.7328
2M24 894 2.275 0.3715 0.7500
2M24 895 2.125 0.3916 0.7500
2M24 896 2.285 0.3864 0.7414
2M24 897 2.336 0.3986 0.7414
2M24 898 2.319 0.4238 0.7586
2M24 899 2.174 0.4155 0.7586
2M24 900 2.286 0.4019 0.7414
2M24 901 2.178 0.3860 0.7414
2M24 902 2.375 0.3887 0.7500
2M24 903 2.133 0.3995 0.7586
2M24 904 2.321 0.4158 0.7586
2M24 905 2.392 0.3709 0.7241
2M24 906 2.230 0.4052 0.7500
2M24 907 2.292 0.3876 0.7586
2M24 908 2.343 0.3900 0.7241
2M24 909 2.380 0.4154 0.7500
2M24 910 2.334 0.4267 0.7845
2M24 911 2.345 0.3838 0.7155
2M24 912 2.271 0.4221 0.7759
2M24 913 2.354 0.4014 0.7500
2M24 914 2.386 0.4206 0.7586
2M24 915 2.306 0.3908 0.7672
2M24 916 2.288 0.4370 0.7845
2M24 917 2.206 0.4057 0.7586
2M24 918 2.215 0.4265 0.7931
2M24 919 2.080 0.4864 0.8190
2M24 920 2.278 0.3857 0.7500
2M24 921 2.279 0.4047 0.7759
2M24 922 2.386 0.3895 0.7328
2M24 923 2.290 0.4035 0.7500
2M24 924 2.273 0.4241 0.7759
2M24 925 2.136 0.4371 0.7759
2M24 926 2.351 0.3997 0.7500
2M24 927 2.512 0.3565 0.7155
2M24 928 2.431 0.3854 0.7328
2M24 929 2.216 0.3891 0.7586
2M24 930 2.244 0.4357 0.7759
2M24 931 2.458 0.3975 0.7500
2M24 932 2.219 0.3879 0.7414
2M24 933 2.281 0.3956 0.7414
2M24 934 2.315 0.3818 0.7241
2M24 935 2.195 0.3932 0.7328
2M24 936 2.284 0.4076 0.7500
2M24 937 2.335 0.3835 0.7328
2M24 938 2.191 0.3839 0.7414
2M24 939 2.260 0.4006 0.7500
2M24 940 2.177 0.3802 0.7414
2M24 941 2.130 0.3997 0.7672
2M24 942 2.250 0.3931 0.7414
2M24 943 2.481 0.3816 0.7241
2M24 944 2.232 0.4118 0.7672
2M24 945 2.223 0.3818 0.7500
2M24 946 2.082 0.4315 0.7845
2M24 947 2.613 0.3607 0.6983
2M24 948 2.217 0.4112 0.7672
2M24 949 2.126 0.4091 0.7586
2M24 950 2.449 0.3520 0.7069
2M24 951 2.154 0.4274 0.7931
2M24 952 2.063 0.4198 0.7586
2M24 953 2.042 0.4374 0.7931
2M24 954 2.294 0.4257 0.7672
2M24 955 2.460 0.4342 0.7500
2M24 956 2.305 0.4136 0.7500
2M24 957 2.352 0.4081 0.7328
2M24 958 2.243 0.4148 0.7500
2M24 959 2.328 0.3954 0.7414
2M24 960 2.538 0.3678 0.7069
2M24 961 2.053 0.4224 0.7845
2M24 962 2.324 0.4210 0.7414
2M24 963 2.262 0.4116 0.7414
2M24 964 2.297 0.3900 0.7414
2M24 965 2.402 0.3473 0.7328
2M24 966 2.231 0.3993 0.7672
2M24 967 2.342 0.3899 0.7241
2M24 968 2.429 0.3543 0.7241
2M24 969 2.293 0.3910 0.7500
2M24 970 2.140 0.4120 0.7586
2M24 971 2.352 0.3570 0.7414
2M24 972 2.277 0.3317 0.7241
2M24 973 2.433 0.3848 0.7328
2M24 974 2.213 0.4121 0.7759
2M24 975 2.130 0.4084 0.7586
2M24 976 2.031 0.3923 0.7414
2M24 977 2.385 0.3912 0.7414
2M24 978 2.378 0.3852 0.7414
2M24 979 2.203 0.4354 0.7759
2M24 980 2.170 0.4364 0.7759
2M24 981 2.066 0.4659 0.8103
2M24 982 2.133 0.4305 0.7672
2M24 983 1.960 0.4634 0.7931
2M24 984 2.228 0.4462 0.7672
2M24 985 1.989 0.4206 0.7672
2M24 986 2.206 0.4376 0.7672
2M24 987 2.221 0.4339 0.7672
2M24 988 1.975 0.4523 0.7931
2M24 989 2.176 0.4104 0.7672
2M24 990 2.222 0.3967 0.7500
2M24 991 2.054 0.3859 0.7500
2M24 992 2.091 0.4118 0.7759
2M24 993 2.198 0.3807 0.7414
2M24 994 2.362 0.3743 0.7241
2M24 995 2.471 0.3880 0.7328
2M24 996 2.625 0.3845 0.7155
2M24 997 2.066 0.4061 0.7500
2M24 998 2.095 0.4401 0.7759
2M24 999 2.448 0.3728 0.7328
2M24 1000 2.316 0.3918 0.7500
2M24 1001 2.350 0.3966 0.7672
2M24 1002 2.401 0.3889 0.7241
2M24 1003 2.335 0.3659 0.7241
2M24 1004 2.313 0.3822 0.7155
2M24 1005 2.315 0.3879 0.7500
2M24 1006 2.574 0.3651 0.7069
2M24 1007 2.393 0.4326 0.7500
2M24 1008 2.182 0.4403 0.7759
2M24 1009 2.283 0.3984 0.7672
2M24 1010 2.056 0.3888 0.7500
2M24 1011 2.172 0.4675 0.7845
2M24 1012 2.105 0.4358 0.7672
2M24 1013 2.237 0.4712 0.8103
2M24 1014 2.117 0.4714 0.7845
2M24 1015 2.046 0.4601 0.7931
2M24 1016 2.207 0.4387 0.7759
2M24 1017 2.373 0.4221 0.7500
2M24 1018 1.979 0.4550 0.7845
2M24 1019 2.200 0.4090 0.7586
2M24 1020 2.418 0.3513 0.7069
2M24 1021 2.194 0.4346 0.7672
2M24 1022 2.203 0.3835 0.7586
2M24 1023 2.139 0.4381 0.7586
2M24 1024 2.127 0.4522 0.7931
2M24 1025 2.130 0.4616 0.7931
2M24 1026 2.072 0.4407 0.7759
2M24 1027 2.388 0.3743 0.7155
2M24 1028 2.393 0.3567 0.7155
2M24 1029 2.168 0.4711 0.8017
2M24 1030 2.436 0.4122 0.7500
2M24 1031 2.250 0.4067 0.7586
2M24 1032 2.252 0.3979 0.7500
2M24 1033 2.172 0.4192 0.7672
2M24 1034 2.310 0.3851 0.7414
2M24 1035 2.375 0.4312 0.7759
2M24 1036 2.140 0.4093 0.7759
2M24 1037 2.124 0.4419 0.7931
2M24 1038 2.351 0.3858 0.7500
2M24 1039 2.387 0.4091 0.7414
2M24 1040 2.506 0.3578 0.7155
2M24 1041 2.218 0.3839 0.7500
2M24 1042 2.354 0.4333 0.7500
2M24 1043 2.286 0.4239 0.7672
2M24 1044 2.376 0.4461 0.7672
2M24 1045 2.256 0.3677 0.7328
2M24 1046 2.289 0.4123 0.7500
2M24 1047 2.329 0.3723 0.7414
2M24 1048 2.157 0.4120 0.7759
2M24 1049 2.274 0.3961 0.7672
2M24 1050 2.350 0.4362 0.7586
2M24 1051 2.389 0.3847 0.7241
2M24 1052 2.353 0.4084 0.7672
2M24 1053 2.257 0.4233 0.7759
2M24 1054 2.026 0.4298 0.7845
2M24 1055 2.516 0.4261 0.7586
2M24 1056 2.351 0.3919 0.7241
2M24 1057 2.207 0.4198 0.7672
2M24 1058 2.356 0.4026 0.7414
2M24 1059 2.280 0.3950 0.7414
2M24 1060 2.384 0.4086 0.7586
2M24 1061 2.195 0.3900 0.7500
2M24 1062 2.167 0.3849 0.7586
2M24 1063 2.127 0.4208 0.7931
2M24 1064 2.132 0.3861 0.7414
2M24 1065 2.187 0.4154 0.7500
2M24 1066 2.098 0.4287 0.7931
2M24 1067 2.367 0.3895 0.7414
2M24 1068 2.652 0.3161 0.6983
2M24 1069 2.051 0.4298 0.7931
2M24 1070 2.038 0.4473 0.7845
2M24 1071 2.518 0.3726 0.7414
2M24 1072 2.470 0.4019 0.7586
2M24 1073 2.300 0.3774 0.7500
2M24 1074 2.476 0.3886 0.7414
2M24 1075 2.499 0.3580 0.7328
2M24 1076 2.387 0.3587 0.7328
2M24 1077 2.323 0.3905 0.7500
2M24 1078 2.389 0.3559 0.7155
2M24 1079 2.373 0.4078 0.7500
2M24 1080 2.134 0.4348 0.7759
2M24 1081 2.148 0.4186 0.7586
2M24 1082 2.376 0.3735 0.7414
2M24 1083 2.329 0.3874 0.7328
2M24 1084 2.256 0.3893 0.7328
2M24 1085 2.215 0.4178 0.7586
2M24 1086 2.063 0.3990 0.7586
2M24 1087 2.105 0.3907 0.7500
2M24 1088 2.201 0.4368 0.7759
2M24 1089 2.252 0.3536 0.7328
2M24 1090 2.454 0.3810 0.7155
2M24 1091 2.486 0.3627 0.7155
2M24 1092 2.265 0.4063 0.7759
2M24 1093 2.228 0.4261 0.7672
2M24 1094 2.367 0.3769 0.7241
2M24 1095 2.351 0.3787 0.7414
2M24 1096 2.309 0.3756 0.7328
2M24 1097 2.388 0.3485 0.7069
2M24 1098 2.337 0.3881 0.7328
2M24 1099 1.947 0.4135 0.7759
2M24 1100 2.239 0.3561 0.7328
2M24 1101 2.104 0.3929 0.7672
2M24 1102 2.174 0.4055 0.7500
2M24 1103 2.196 0.3418 0.7155
2M24 1104 2.309 0.4085 0.7500
2M24 1105 2.454 0.3711 0.7328
2M24 1106 2.387 0.3827 0.7500
2M24 1107 2.308 0.4169 0.7759
2M24 1108 2.192 0.4108 0.7672
2M24 1109 2.048 0.4266 0.7672
2M24 1110 2.242 0.3683 0.7500
2M24 1111 2.268 0.3853 0.7414
2M24 1112 1.926 0.4463 0.8017
2M24 1113 1.985 0.4502 0.7845
2M24 1114 1.930 0.4712 0.7931
2M24 1115 1.933 0.4713 0.8103
2M24 1116 2.081 0.4298 0.7672
2M24 1117 2.160 0.3907 0.7586
2M24 1118 2.257 0.4383 0.7759
2M24 1119 2.126 0.3740 0.7672
2M24 1120 2.363 0.4519 0.7759
2M24 1121 2.242 0.3727 0.7328
2M24 1122 2.285 0.3729 0.7500
2M24 1123 2.407 0.4096 0.7500
2M24 1124 2.405 0.3438 0.7241
2M24 1125 2.133 0.4031 0.7672
2M24 1126 2.449 0.3644 0.7414
2M24 1127 2.327 0.4066 0.7500
2M24 1128 2.422 0.4453 0.7586
2M24 1129 2.176 0.4385 0.7759
2M24 1130 2.398 0.3774 0.7155
2M24 1131 2.283 0.3742 0.7414
2M24 1132 2.311 0.4055 0.7759
2M24 1133 2.493 0.3860 0.7241
2M24 1134 2.412 0.3740 0.7328
2M24 1135 2.233 0.4160 0.7759
2M24 1136 2.196 0.4380 0.7759
2M24 1137 2.575 0.3361 0.6897
2M24 1138 2.500 0.3380 0.7069
2M24 1139 2.077 0.4530 0.7845
2M24 1140 2.071 0.4373 0.7759
2M24 1141 2.216 0.4284 0.7672
2M24 1142 2.215 0.4063 0.7500
2M24 1143 2.295 0.4192 0.7586
2M24 1144 2.191 0.3616 0.7414
2M24 1145 2.111 0.4000 0.7500
2M24 1146 2.376 0.3813 0.7500
2M24 1147 1.924 0.4193 0.7845
2M24 1148 1.955 0.4082 0.7500
2M24 1149 2.149 0.3966 0.7500
2M24 1150 2.109 0.3837 0.7328
2M24 1151 2.337 0.3722 0.7241
2M24 1152 2.342 0.3766 0.7241
2M24 1153 2.173 0.3679 0.7414
2M24 1154 1.906 0.4023 0.7672
2M24 1155 1.969 0.4227 0.7759
2M24 1156 2.213 0.3791 0.7414
2M24 1157 2.151 0.4271 0.7845
2M24 1158 2.170 0.3894 0.7500
2M24 1159 2.356 0.3407 0.7069
2M24 1160 2.522 0.3025 0.6983
2M24 1161 2.373 0.2979 0.6897
2M24 1162 2.154 0.3472 0.7241
2M24 1163 2.053 0.4003 0.7500
2M24 1164 2.364 0.3499 0.7155
2M24 1165 2.367 0.3192 0.7069
2M24 1166 2.214 0.3327 0.7155
2M24 1167 2.087 0.3540 0.7241
2M24 1168 2.138 0.3617 0.7328
2M24 1169 2.157 0.3751 0.7414
2M24 1170 1.948 0.4152 0.7586
2M24 1171 2.048 0.3988 0.7500
2M24 1172 2.191 0.3792 0.7328
2M24 1173 2.380 0.3499 0.7155
2M24 1174 2.189 0.3846 0.7328
2M24 1175 1.931 0.4007 0.7586
2M24 1176 2.346 0.3432 0.7069
2M24 1177 2.499 0.3172 0.6810
2M24 1178 2.414 0.3094 0.6983
2M24 1179 2.303 0.3187 0.7069
2M24 1180 2.054 0.3639 0.7328
2M24 1181 2.075 0.3739 0.7414
2M24 1182 2.155 0.3733 0.7586
2M24 1183 2.259 0.3551 0.7241
2M24 1184 1.890 0.4231 0.7845
2M24 1185 2.056 0.3709 0.7586
2M24 1186 2.177 0.3700 0.7328
2M24 1187 2.168 0.3704 0.7414
2M24 1188 2.190 0.3901 0.7414
2M24 1189 2.042 0.3858 0.7672
2M24 1190 2.287 0.3218 0.7155
2M24 1191 2.311 0.3128 0.6983
2M24 1192 2.372 0.3319 0.7155
2M24 1193 2.105 0.3474 0.7414
2M24 1194 1.998 0.3637 0.7500
2M24 1195 2.112 0.3633 0.7414
2M24 1196 1.914 0.3799 0.7672
2M24 1197 2.156 0.3640 0.7414
2M24 1198 1.938 0.3689 0.7414
2M24 1199 2.185 0.3713 0.7414
2M24 1200 2.354 0.3165 0.7155
2M24 1201 2.250 0.3459 0.7241
2M24 1202 2.264 0.3405 0.7241
2M24 1203 2.385 0.3387 0.7155
2M24 1204 2.629 0.3223 0.6897
2M24 1205 1.799 0.4019 0.7672
2M24 1206 2.323 0.2919 0.6810
2M24 1207 2.235 0.3579 0.7328
2M24 1208 2.264 0.3547 0.7328
2M24 1209 2.331 0.3442 0.7069
2M24 1210 2.135 0.3556 0.7328
2M24 1211 2.377 0.3491 0.7328
2M24 1212 2.123 0.3605 0.7500
2M24 1213 1.996 0.3775 0.7500
2M24 1214 2.848 0.3057 0.6810
2M24 1215 2.370 0.3261 0.7069
2M24 1216 2.516 0.2931 0.6897
2M24 1217 2.137 0.3532 0.7414
2M24 1218 2.270 0.3135 0.6983
2M24 1219 2.605 0.2799 0.6810
2M24 1220 2.400 0.2895 0.6810
2M24 1221 2.424 0.3172 0.6897
2M24 1222 2.394 0.2855 0.6724
2M24 1223 2.407 0.2969 0.6810
2M24 1224 2.564 0.3142 0.6983
2M24 1225 2.362 0.3392 0.7241
2M24 1226 2.359 0.3630 0.7069
2M24 1227 2.107 0.3737 0.7328
2M24 1228 2.147 0.3789 0.7414
2M24 1229 2.213 0.3653 0.7328
2M24 1230 2.293 0.3651 0.7328
2M24 1231 2.141 0.3733 0.7672
2M24 1232 2.200 0.3650 0.7500
2M24 1233 2.397 0.3649 0.7414
2M24 1234 2.383 0.3517 0.7328
2M24 1235 2.288 0.3494 0.7328
2M24 1236 2.106 0.3845 0.7672
2M24 1237 2.105 0.3682 0.7328
2M24 1238 2.324 0.3630 0.7414
2M24 1239 2.502 0.3437 0.7155
2M24 1240 2.479 0.3415 0.6983
2M24 1241 2.034 0.3759 0.7414
2M24 1242 2.143 0.3754 0.7328
2M24 1243 2.304 0.3636 0.7241
2M24 1244 2.180 0.4077 0.7845
2M24 1245 2.302 0.3578 0.7328
2M24 1246 2.033 0.4379 0.7759
2M24 1247 2.372 0.3950 0.7414
2M24 1248 2.438 0.3605 0.7069
2M24 1249 2.338 0.3937 0.7328
2M24 1250 2.300 0.4163 0.7586
2M24 1251 2.403 0.3410 0.7069
2M24 1252 1.993 0.3747 0.7586
2M24 1253 1.855 0.4229 0.7759
2M24 1254 1.990 0.4109 0.7500
2M24 1255 2.002 0.4095 0.7759
2M24 1256 2.042 0.3669 0.7155
2M24 1257 2.015 0.3692 0.7328
2M24 1258 1.998 0.3617 0.7414
2M24 1259 2.009 0.4087 0.7672
2M24 1260 2.186 0.3872 0.7500
2M24 1261 2.303 0.3559 0.7241
2M24 1262 2.098 0.3808 0.7328
2M24 1263 2.249 0.3225 0.7155
2M24 1264 1.964 0.3996 0.7586
2M24 1265 1.878 0.4252 0.7759
2M24 1266 2.103 0.3359 0.7155
2M24 1267 2.010 0.3982 0.7586
2M24 1268 2.129 0.3406 0.7414
2M24 1269 2.042 0.4312 0.7845
2M24 1270 1.963 0.4010 0.7672
2M24 1271 2.232 0.3813 0.7500
2M24 1272 2.242 0.3156 0.7241
2M24 1273 2.125 0.3352 0.7241
2M24 1274 1.939 0.4106 0.7759
2M24 1275 1.835 0.4014 0.7586
2M24 1276 1.801 0.3974 0.7586
2M24 1277 2.396 0.3109 0.7069
2M24 1278 2.252 0.3555 0.7328
2M24 1279 2.036 0.3788 0.7414
2M24 1280 1.848 0.4021 0.7586
2M24 1281 2.225 0.3414 0.7241
2M24 1282 2.092 0.3654 0.7241
2M24 1283 2.017 0.3621 0.7500
2M24 1284 2.163 0.3626 0.7328
2M24 1285 2.496 0.3433 0.7069
2M24 1286 2.148 0.3316 0.7155
2M24 1287 2.555 0.3367 0.6983
2M24 1288 2.534 0.3174 0.6897
2M24 1289 2.183 0.3468 0.7241
2M24 1290 2.027 0.3722 0.7500
2M24 1291 2.222 0.3526 0.7241
2M24 1292 2.431 0.3446 0.7155
2M24 1293 2.159 0.3584 0.7500
2M24 1294 2.105 0.4412 0.7759
2M24 1295 2.070 0.4286 0.7586
2M24 1296 2.126 0.3478 0.7155
2M24 1297 1.834 0.4139 0.7672
2M24 1298 1.762 0.4014 0.7672
2M24 1299 2.064 0.3812 0.7328
2M24 1300 1.962 0.3612 0.7500
2M24 1301 2.034 0.3817 0.7586
2M24 1302 1.815 0.4421 0.7845
2M24 1303 1.944 0.4016 0.7586
2M24 1304 1.842 0.3847 0.7672
2M24 1305 2.085 0.4074 0.7672
2M24 1306 1.675 0.4077 0.7759
2M24 1307 2.196 0.3563 0.7241
2M24 1308 2.192 0.3824 0.7586
2M24 1309 1.629 0.4389 0.8017
2M24 1310 2.298 0.3711 0.7500
2M24 1311 1.898 0.4701 0.8103
2M24 1312 1.946 0.3450 0.7328
2M24 1313 1.788 0.4199 0.7759
2M24 1314 2.015 0.4104 0.7672
2M24 1315 2.031 0.4120 0.7500
2M24 1316 2.068 0.3715 0.7500
2M24 1317 2.159 0.3589 0.7500
2M24 1318 2.180 0.3703 0.7241
2M24 1319 2.186 0.3759 0.7241
2M24 1320 2.357 0.3897 0.7241
2M24 1321 2.127 0.3793 0.7328
2M24 1322 1.985 0.4525 0.7931
2M24 1323 2.131 0.3408 0.7328
2M24 1324 2.098 0.3844 0.7500
2M24 1325 2.002 0.4045 0.7672
2M24 1326 2.119 0.3486 0.7500
2M24 1327 1.916 0.4407 0.8017
2M24 1328 2.103 0.4083 0.7586
2M24 1329 2.150 0.3302 0.7155
2M24 1330 1.689 0.4821 0.8103
2M24 1331 1.748 0.4301 0.7759
2M24 1332 2.131 0.3599 0.7241
2M24 1333 2.392 0.3310 0.6983
2M24 1334 2.412 0.2748 0.6638
2M24 1335 2.060 0.3273 0.7155
2M24 1336 2.086 0.3423 0.7328
2M24 1337 2.220 0.4052 0.7672
2M24 1338 2.159 0.3969 0.7759
2M24 1339 1.724 0.4386 0.7931
2M24 1340 2.020 0.3594 0.7241
2M24 1341 2.108 0.3328 0.6983
2M24 1342 1.910 0.3580 0.7414
2M24 1343 1.867 0.3724 0.7500
2M24 1344 2.087 0.3764 0.7500
2M24 1345 1.938 0.3954 0.7672
2M24 1346 1.974 0.3796 0.7414
2M24 1347 1.804 0.4403 0.7759
2M24 1348 1.870 0.3874 0.7500
2M24 1349 1.846 0.4627 0.7931
2M24 1350 2.082 0.3444 0.7328
2M24 1351 2.002 0.3441 0.7155
2M24 1352 2.034 0.3676 0.7414
2M24 1353 2.205 0.3734 0.7414
2M24 1354 2.176 0.3573 0.7241
2M24 1355 1.946 0.4033 0.7500
2M24 1356 2.297 0.3664 0.7155
2M24 1357 2.230 0.4240 0.7500
2M24 1358 1.929 0.3672 0.7500
2M24 1359 2.325 0.3480 0.7155
2M24 1360 1.848 0.4141 0.7586
2M24 1361 2.055 0.3935 0.7586
2M24 1362 2.257 0.3888 0.7586
2M24 1363 2.217 0.3633 0.7586
2M24 1364 2.124 0.3697 0.7500
2M24 1365 2.352 0.3945 0.7500
