2NC0 1 0.000 1.0000 1.0000
2NC0 2 0.596 0.7954 0.9911
2NC0 3 0.509 0.8369 1.0000
2NC0 4 0.804 0.7113 0.9643
2NC0 5 1.294 0.5710 0.9018
2NC0 6 0.752 0.7109 0.9911
2NC0 7 1.040 0.6291 0.9196
2NC0 8 0.616 0.7827 0.9911
2NC0 9 0.968 0.6461 0.9286
2NC0 10 1.249 0.6130 0.9018
2NC0 11 9.148 0.1260 0.3482
2NC0 12 9.630 0.1870 0.3750
2NC0 13 12.204 0.1360 0.2768
2NC0 14 12.361 0.3036 0.4464
2NC0 15 11.518 0.1437 0.3036
2NC0 16 13.076 0.1514 0.3214
2NC0 17 11.198 0.1129 0.2768
2NC0 18 10.364 0.2826 0.4554
2NC0 19 11.941 0.1906 0.3393
2NC0 20 8.721 0.1821 0.3661
2NC0 21 11.012 0.2079 0.3304
2NC0 22 10.564 0.1230 0.2589
2NC0 23 9.573 0.2790 0.5000
2NC0 24 8.458 0.2554 0.4464
2NC0 25 14.848 0.1660 0.3661
2NC0 26 13.378 0.2481 0.4196
2NC0 27 9.834 0.2866 0.4464
2NC0 28 8.306 0.1837 0.3929
2NC0 29 9.249 0.2852 0.4375
2NC0 30 8.411 0.2275 0.4554
2NC0 31 11.684 0.2516 0.4286
2NC0 32 10.010 0.2468 0.4286
2NC0 33 11.281 0.2008 0.4554
2NC0 34 10.073 0.2897 0.4375
2NC0 35 8.665 0.3191 0.4732
2NC0 36 10.201 0.2307 0.4554
2NC0 37 6.360 0.2837 0.4911
2NC0 38 5.817 0.2975 0.5536
2NC0 39 5.772 0.2696 0.5446
2NC0 40 12.869 0.2763 0.4286
2NC0 41 13.632 0.2435 0.4196
2NC0 42 7.785 0.2638 0.4643
2NC0 43 13.811 0.3451 0.4464
2NC0 44 8.113 0.3222 0.5179
2NC0 45 9.810 0.3006 0.4375
2NC0 46 6.690 0.2935 0.5625
2NC0 47 8.747 0.3215 0.5089
2NC0 48 5.054 0.2777 0.5268
2NC0 49 9.658 0.2967 0.4911
2NC0 50 6.172 0.3066 0.5536
2NC0 51 10.866 0.1289 0.2857
2NC0 52 12.293 0.1758 0.3750
2NC0 53 13.124 0.1476 0.3304
2NC0 54 8.101 0.2379 0.4643
2NC0 55 11.623 0.1377 0.3304
2NC0 56 12.082 0.2125 0.3571
2NC0 57 11.987 0.2708 0.4375
2NC0 58 7.009 0.1677 0.4196
2NC0 59 11.068 0.2481 0.4018
2NC0 60 10.976 0.1248 0.3125
2NC0 61 7.941 0.1566 0.3929
2NC0 62 10.245 0.2725 0.4554
2NC0 63 12.096 0.2257 0.3571
2NC0 64 7.538 0.3224 0.4643
2NC0 65 7.889 0.2915 0.4196
2NC0 66 13.495 0.2978 0.4375
2NC0 67 8.399 0.3096 0.4643
2NC0 68 3.838 0.2854 0.6161
2NC0 69 9.418 0.2858 0.4286
2NC0 70 11.030 0.2189 0.3750
2NC0 71 11.723 0.2794 0.4286
2NC0 72 12.671 0.2449 0.3839
2NC0 73 12.880 0.1929 0.3482
2NC0 74 7.629 0.3060 0.5000
2NC0 75 6.961 0.3233 0.5179
2NC0 76 11.391 0.2054 0.4286
2NC0 77 8.108 0.2088 0.4554
2NC0 78 7.771 0.3074 0.4911
2NC0 79 6.633 0.3091 0.5268
2NC0 80 7.585 0.3124 0.4821
2NC0 81 10.208 0.2164 0.3929
2NC0 82 13.153 0.2921 0.4196
2NC0 83 6.194 0.3128 0.5446
2NC0 84 9.581 0.3108 0.4464
2NC0 85 7.510 0.2424 0.4554
2NC0 86 7.910 0.3519 0.5357
2NC0 87 7.276 0.3558 0.5536
2NC0 88 9.589 0.3079 0.4554
2NC0 89 4.806 0.3411 0.6518
2NC0 90 7.827 0.3287 0.5714
2NC0 91 10.160 0.2159 0.4018
2NC0 92 12.553 0.1129 0.2411
2NC0 93 8.758 0.2403 0.4286
2NC0 94 12.579 0.1139 0.2411
2NC0 95 12.399 0.1742 0.3214
2NC0 96 10.142 0.2551 0.4375
2NC0 97 11.604 0.2745 0.4911
2NC0 98 9.489 0.3398 0.5089
2NC0 99 9.546 0.2641 0.3839
2NC0 100 12.434 0.1127 0.2768
2NC0 101 10.162 0.1594 0.3125
2NC0 102 14.572 0.1577 0.3036
2NC0 103 13.096 0.2274 0.3214
2NC0 104 8.945 0.3174 0.4732
2NC0 105 9.307 0.2105 0.4375
2NC0 106 12.187 0.2783 0.4286
2NC0 107 12.894 0.3111 0.4464
2NC0 108 11.047 0.3020 0.4375
2NC0 109 9.958 0.2470 0.4286
2NC0 110 12.350 0.2052 0.3571
2NC0 111 13.238 0.1489 0.3036
2NC0 112 11.924 0.2101 0.3750
2NC0 113 13.789 0.2855 0.3929
2NC0 114 13.090 0.1547 0.3304
2NC0 115 11.189 0.2015 0.3661
2NC0 116 9.783 0.2135 0.4018
2NC0 117 11.588 0.2069 0.3304
2NC0 118 11.420 0.3094 0.4375
2NC0 119 9.155 0.2892 0.4107
2NC0 120 13.493 0.3259 0.4375
2NC0 121 6.795 0.2716 0.4821
2NC0 122 12.551 0.2344 0.3929
2NC0 123 13.118 0.2721 0.4107
2NC0 124 11.870 0.2800 0.4196
2NC0 125 9.468 0.2489 0.4286
2NC0 126 8.859 0.2610 0.4554
2NC0 127 10.734 0.2902 0.4107
2NC0 128 13.665 0.1332 0.3036
2NC0 129 10.310 0.3098 0.4732
2NC0 130 10.563 0.2865 0.3929
2NC0 131 8.733 0.1314 0.3125
2NC0 132 7.292 0.2359 0.4554
2NC0 133 6.715 0.2247 0.4911
2NC0 134 9.823 0.1376 0.2946
2NC0 135 9.970 0.2645 0.4643
2NC0 136 7.529 0.2299 0.4464
2NC0 137 13.166 0.2454 0.4286
2NC0 138 7.604 0.1911 0.4554
2NC0 139 8.440 0.2564 0.4375
2NC0 140 10.346 0.1762 0.3661
2NC0 141 10.057 0.2614 0.4643
2NC0 142 10.673 0.2414 0.4107
2NC0 143 10.095 0.1275 0.3214
2NC0 144 9.038 0.2418 0.3839
2NC0 145 10.708 0.2813 0.4732
2NC0 146 11.221 0.2915 0.4286
2NC0 147 10.684 0.2761 0.4286
2NC0 148 10.266 0.3109 0.4732
2NC0 149 6.707 0.2515 0.5357
2NC0 150 9.350 0.2692 0.4554
2NC0 151 11.404 0.2471 0.3929
2NC0 152 12.496 0.2308 0.4018
2NC0 153 6.107 0.2915 0.5357
2NC0 154 5.851 0.2646 0.5179
2NC0 155 10.296 0.1765 0.3393
2NC0 156 11.094 0.3259 0.4732
2NC0 157 10.615 0.2794 0.4554
2NC0 158 7.328 0.3369 0.5357
2NC0 159 9.374 0.2959 0.5179
2NC0 160 13.521 0.2545 0.4375
2NC0 161 7.312 0.3094 0.5268
2NC0 162 6.616 0.2544 0.4911
2NC0 163 10.409 0.2815 0.4554
2NC0 164 10.988 0.2310 0.4554
2NC0 165 9.099 0.2685 0.5000
2NC0 166 9.030 0.3253 0.4643
2NC0 167 13.428 0.2603 0.4464
2NC0 168 8.334 0.2759 0.4554
2NC0 169 6.915 0.3090 0.5089
2NC0 170 8.741 0.3500 0.5357
2NC0 171 8.042 0.1666 0.3304
2NC0 172 11.290 0.1723 0.3482
2NC0 173 14.399 0.1181 0.2589
2NC0 174 13.874 0.2293 0.3571
2NC0 175 12.308 0.2051 0.3661
2NC0 176 9.769 0.1499 0.3214
2NC0 177 12.840 0.2092 0.3750
2NC0 178 13.860 0.2671 0.4286
2NC0 179 13.427 0.1311 0.2857
2NC0 180 10.902 0.2485 0.4018
2NC0 181 10.007 0.2398 0.3929
2NC0 182 10.991 0.2127 0.3571
2NC0 183 12.355 0.1998 0.3393
2NC0 184 9.882 0.2860 0.4286
2NC0 185 11.383 0.2733 0.4464
2NC0 186 7.425 0.2479 0.4196
2NC0 187 11.417 0.2783 0.4196
2NC0 188 10.539 0.1566 0.3571
2NC0 189 9.604 0.2840 0.4196
2NC0 190 8.181 0.2641 0.4464
2NC0 191 11.938 0.1450 0.3036
2NC0 192 11.201 0.2175 0.3571
2NC0 193 10.860 0.2440 0.3750
2NC0 194 10.874 0.2737 0.4018
2NC0 195 11.064 0.2943 0.4107
2NC0 196 10.236 0.2129 0.3661
2NC0 197 14.107 0.2521 0.3839
2NC0 198 10.876 0.2745 0.4018
2NC0 199 12.326 0.2668 0.4286
2NC0 200 13.903 0.2706 0.4196
2NC0 201 9.207 0.2512 0.4554
2NC0 202 11.989 0.2608 0.4107
2NC0 203 11.972 0.3233 0.4375
2NC0 204 12.873 0.3029 0.4732
2NC0 205 10.769 0.2893 0.4196
2NC0 206 9.342 0.2358 0.3661
2NC0 207 10.202 0.2696 0.4018
2NC0 208 11.272 0.2923 0.4107
2NC0 209 11.697 0.2861 0.4196
2NC0 210 11.197 0.2990 0.4196
2NC0 211 10.179 0.1249 0.3125
2NC0 212 11.279 0.1829 0.3125
2NC0 213 10.098 0.1300 0.2857
2NC0 214 11.398 0.1560 0.3125
2NC0 215 13.837 0.1310 0.2857
2NC0 216 11.777 0.1382 0.2857
2NC0 217 15.382 0.1415 0.2768
2NC0 218 8.239 0.1711 0.4196
2NC0 219 12.024 0.2102 0.3482
2NC0 220 12.018 0.1436 0.3214
2NC0 221 11.830 0.1576 0.2946
2NC0 222 13.283 0.1677 0.2946
2NC0 223 12.221 0.1557 0.3125
2NC0 224 11.803 0.1452 0.3036
2NC0 225 10.862 0.1355 0.2946
2NC0 226 12.183 0.1968 0.3036
2NC0 227 13.494 0.1413 0.2589
2NC0 228 12.663 0.1791 0.3036
2NC0 229 12.685 0.1379 0.2768
2NC0 230 13.466 0.1656 0.2946
2NC0 231 12.395 0.1515 0.3036
2NC0 232 14.710 0.1087 0.2589
2NC0 233 12.412 0.1655 0.3214
2NC0 234 12.674 0.1540 0.3304
2NC0 235 13.427 0.1639 0.3125
2NC0 236 12.420 0.1338 0.2946
2NC0 237 10.235 0.1538 0.2946
2NC0 238 10.836 0.1581 0.2946
2NC0 239 11.074 0.1622 0.3482
2NC0 240 15.209 0.1595 0.2857
2NC0 241 14.335 0.1447 0.3125
2NC0 242 12.354 0.1586 0.3125
2NC0 243 11.030 0.1668 0.3125
2NC0 244 8.739 0.2100 0.3929
2NC0 245 12.454 0.1640 0.3214
2NC0 246 14.020 0.1787 0.3036
2NC0 247 14.808 0.1639 0.3036
2NC0 248 11.813 0.1653 0.3125
2NC0 249 10.634 0.1633 0.3661
2NC0 250 9.626 0.1602 0.3750
2NC0 251 7.735 0.1581 0.3929
2NC0 252 13.735 0.1249 0.2500
2NC0 253 8.388 0.1611 0.3839
2NC0 254 11.051 0.1549 0.3661
2NC0 255 8.920 0.1948 0.3750
2NC0 256 12.981 0.1289 0.2500
2NC0 257 11.438 0.1434 0.2857
2NC0 258 10.895 0.1284 0.2857
2NC0 259 13.506 0.1114 0.2679
2NC0 260 11.256 0.2938 0.4107
2NC0 261 12.335 0.1683 0.3036
2NC0 262 9.772 0.2519 0.3929
2NC0 263 11.815 0.2898 0.4464
2NC0 264 8.510 0.2755 0.4911
2NC0 265 11.407 0.2144 0.3929
2NC0 266 10.219 0.1498 0.3393
2NC0 267 10.157 0.3411 0.4554
2NC0 268 13.271 0.2439 0.3661
2NC0 269 9.916 0.1674 0.3393
2NC0 270 9.748 0.3094 0.4821
2NC0 271 11.872 0.1865 0.3839
2NC0 272 12.622 0.2046 0.3839
2NC0 273 9.832 0.2913 0.4732
2NC0 274 12.532 0.1240 0.3036
2NC0 275 14.664 0.2800 0.4018
2NC0 276 13.648 0.2902 0.4643
2NC0 277 4.503 0.2962 0.6161
2NC0 278 11.401 0.3009 0.4196
2NC0 279 9.299 0.2668 0.4464
2NC0 280 10.731 0.3047 0.4554
2NC0 281 8.337 0.2330 0.4286
2NC0 282 7.879 0.2896 0.4732
2NC0 283 9.065 0.2386 0.4107
2NC0 284 9.678 0.3006 0.4732
2NC0 285 6.015 0.3001 0.5625
2NC0 286 8.085 0.2892 0.4643
2NC0 287 10.607 0.3190 0.4464
2NC0 288 10.811 0.2586 0.4375
2NC0 289 9.314 0.3209 0.4821
2NC0 290 8.565 0.2793 0.4464
2NC0 291 10.797 0.1446 0.2768
2NC0 292 10.706 0.1990 0.3571
2NC0 293 13.165 0.1358 0.3482
2NC0 294 14.394 0.1607 0.3036
2NC0 295 14.331 0.1682 0.3036
2NC0 296 13.594 0.1436 0.2946
2NC0 297 11.145 0.1512 0.3393
2NC0 298 12.537 0.2543 0.3839
2NC0 299 9.591 0.2090 0.4107
2NC0 300 10.441 0.2887 0.4554
2NC0 301 11.489 0.1841 0.3571
2NC0 302 9.044 0.2580 0.4375
2NC0 303 10.188 0.2255 0.4018
2NC0 304 11.237 0.3184 0.4464
2NC0 305 9.360 0.2493 0.3750
2NC0 306 12.359 0.2474 0.3839
2NC0 307 9.781 0.2696 0.4286
2NC0 308 8.026 0.2952 0.4554
2NC0 309 12.537 0.3017 0.4643
2NC0 310 9.864 0.2612 0.4554
2NC0 311 11.059 0.2587 0.4107
2NC0 312 11.577 0.3363 0.4911
2NC0 313 12.289 0.2109 0.3393
2NC0 314 9.415 0.3034 0.4286
2NC0 315 13.445 0.3077 0.4643
2NC0 316 9.778 0.2205 0.3750
2NC0 317 8.028 0.2813 0.4554
2NC0 318 8.897 0.2316 0.4018
2NC0 319 12.243 0.2304 0.4107
2NC0 320 9.448 0.2355 0.3929
2NC0 321 10.595 0.2497 0.4375
2NC0 322 9.390 0.2307 0.3839
2NC0 323 8.464 0.2761 0.4196
2NC0 324 10.053 0.2873 0.4643
2NC0 325 12.001 0.2934 0.4196
2NC0 326 12.717 0.2945 0.4286
2NC0 327 9.462 0.2964 0.4643
2NC0 328 10.125 0.2757 0.4286
2NC0 329 11.859 0.2585 0.4375
2NC0 330 7.589 0.2344 0.4286
2NC0 331 8.016 0.1864 0.3482
2NC0 332 7.696 0.3043 0.5000
2NC0 333 14.882 0.1723 0.3304
2NC0 334 9.180 0.2068 0.3661
2NC0 335 9.496 0.1163 0.3214
2NC0 336 12.805 0.2398 0.3571
2NC0 337 9.021 0.1608 0.3571
2NC0 338 11.423 0.1617 0.3125
2NC0 339 9.955 0.1392 0.3125
2NC0 340 11.500 0.2050 0.3571
2NC0 341 8.696 0.1843 0.4107
2NC0 342 11.480 0.2403 0.4196
2NC0 343 12.394 0.2533 0.4375
2NC0 344 6.557 0.2759 0.4821
2NC0 345 13.387 0.1555 0.3125
2NC0 346 14.254 0.1798 0.3214
2NC0 347 13.842 0.2042 0.3482
2NC0 348 9.612 0.3122 0.4643
2NC0 349 9.630 0.1684 0.3839
2NC0 350 9.845 0.2891 0.4554
2NC0 351 12.197 0.2757 0.3571
2NC0 352 8.528 0.2473 0.4554
2NC0 353 11.112 0.1983 0.3929
2NC0 354 10.502 0.2266 0.4018
2NC0 355 10.200 0.2973 0.4643
2NC0 356 5.523 0.3150 0.5804
2NC0 357 13.712 0.2773 0.4018
2NC0 358 9.654 0.2911 0.4375
2NC0 359 9.391 0.3038 0.4911
2NC0 360 11.600 0.3214 0.4375
2NC0 361 11.012 0.2958 0.4196
2NC0 362 7.481 0.3161 0.5089
2NC0 363 6.167 0.3051 0.5268
2NC0 364 6.741 0.2592 0.5000
2NC0 365 8.700 0.2448 0.4196
2NC0 366 9.424 0.2421 0.3839
2NC0 367 12.887 0.2360 0.4018
2NC0 368 4.284 0.3057 0.5982
2NC0 369 3.921 0.3441 0.6339
2NC0 370 9.714 0.2744 0.4643
2NC0 371 1.135 0.6221 0.9107
2NC0 372 1.470 0.5229 0.8750
2NC0 373 1.496 0.5440 0.8750
2NC0 374 1.395 0.5346 0.8839
2NC0 375 1.444 0.5396 0.8839
2NC0 376 1.371 0.5520 0.8839
2NC0 377 1.398 0.5441 0.8839
2NC0 378 1.389 0.5428 0.8839
2NC0 379 1.369 0.5511 0.8929
2NC0 380 1.365 0.5496 0.8929
2NC0 381 1.367 0.5506 0.8839
2NC0 382 1.383 0.5501 0.8839
2NC0 383 1.356 0.5509 0.8929
2NC0 384 1.378 0.5467 0.8839
2NC0 385 1.383 0.5495 0.8839
2NC0 386 1.374 0.5493 0.8929
2NC0 387 1.367 0.5503 0.8839
2NC0 388 1.374 0.5489 0.8929
2NC0 389 1.389 0.5490 0.8839
2NC0 390 1.377 0.5494 0.8839
2NC0 391 1.373 0.5523 0.8929
2NC0 392 1.364 0.5482 0.8929
2NC0 393 1.367 0.5471 0.8929
2NC0 394 1.390 0.5479 0.8839
2NC0 395 1.366 0.5491 0.8839
2NC0 396 1.364 0.5477 0.8839
2NC0 397 1.362 0.5481 0.8929
2NC0 398 1.375 0.5465 0.8929
2NC0 399 1.370 0.5464 0.8929
2NC0 400 1.370 0.5434 0.8839
2NC0 401 1.381 0.5453 0.8839
2NC0 402 1.359 0.5523 0.8839
2NC0 403 1.364 0.5480 0.8839
2NC0 404 1.353 0.5488 0.8929
2NC0 405 1.379 0.5480 0.8839
2NC0 406 1.358 0.5515 0.8929
2NC0 407 1.353 0.5519 0.8929
2NC0 408 1.376 0.5462 0.8839
2NC0 409 1.366 0.5487 0.8929
2NC0 410 1.365 0.5451 0.8929
2NC0 411 1.335 0.5522 0.8929
2NC0 412 1.341 0.5448 0.8929
2NC0 413 1.368 0.5407 0.8839
2NC0 414 1.356 0.5511 0.8929
2NC0 415 1.369 0.5464 0.8929
2NC0 416 1.401 0.5433 0.8929
2NC0 417 1.359 0.5528 0.8929
2NC0 418 1.385 0.5477 0.8929
2NC0 419 1.390 0.5467 0.8839
2NC0 420 1.366 0.5442 0.8839
2NC0 421 1.337 0.5490 0.8929
2NC0 422 1.381 0.5401 0.8839
2NC0 423 1.331 0.5534 0.8929
2NC0 424 1.361 0.5500 0.8929
2NC0 425 1.362 0.5538 0.8929
2NC0 426 1.389 0.5462 0.8839
2NC0 427 1.391 0.5453 0.8839
2NC0 428 1.397 0.5431 0.8839
2NC0 429 1.342 0.5534 0.8839
2NC0 430 1.345 0.5467 0.8929
2NC0 431 1.366 0.5417 0.8929
2NC0 432 1.385 0.5415 0.8839
2NC0 433 1.382 0.5474 0.8839
2NC0 434 1.401 0.5403 0.8839
2NC0 435 1.390 0.5390 0.8839
2NC0 436 1.366 0.5386 0.8839
2NC0 437 1.381 0.5442 0.8839
2NC0 438 1.381 0.5437 0.8929
2NC0 439 1.357 0.5457 0.8929
2NC0 440 1.400 0.5399 0.8839
2NC0 441 1.353 0.5470 0.8929
2NC0 442 1.393 0.5371 0.8839
2NC0 443 1.423 0.5308 0.8839
2NC0 444 1.451 0.5404 0.8839
2NC0 445 1.536 0.5135 0.8661
2NC0 446 1.504 0.5158 0.8839
2NC0 447 1.501 0.5130 0.8661
2NC0 448 1.491 0.5232 0.8750
2NC0 449 1.524 0.5038 0.8750
2NC0 450 1.559 0.4923 0.8571
2NC0 451 1.578 0.4869 0.8482
2NC0 452 1.546 0.4969 0.8571
2NC0 453 1.521 0.5002 0.8571
2NC0 454 1.573 0.4906 0.8661
2NC0 455 1.547 0.4910 0.8571
2NC0 456 1.668 0.4816 0.8482
2NC0 457 1.669 0.4414 0.8393
2NC0 458 1.692 0.4438 0.8482
2NC0 459 1.807 0.4379 0.8036
2NC0 460 1.759 0.4508 0.8304
2NC0 461 1.826 0.4463 0.8304
2NC0 462 1.800 0.4507 0.8214
2NC0 463 1.837 0.4525 0.8036
2NC0 464 1.783 0.4492 0.8304
2NC0 465 1.873 0.4447 0.8125
2NC0 466 1.780 0.4474 0.8214
2NC0 467 1.867 0.4432 0.8125
2NC0 468 1.830 0.4401 0.8125
2NC0 469 1.837 0.4470 0.8125
2NC0 470 1.835 0.4540 0.8125
2NC0 471 1.841 0.4585 0.8214
2NC0 472 1.826 0.4534 0.8214
2NC0 473 1.840 0.4519 0.8125
2NC0 474 1.808 0.4418 0.8125
2NC0 475 1.836 0.4489 0.8036
2NC0 476 1.872 0.4462 0.8036
2NC0 477 1.798 0.4695 0.8304
2NC0 478 1.842 0.4627 0.8125
2NC0 479 1.840 0.4579 0.8036
2NC0 480 1.865 0.4485 0.8125
2NC0 481 1.833 0.4623 0.8125
2NC0 482 1.979 0.4383 0.8036
2NC0 483 1.901 0.4391 0.8036
2NC0 484 2.090 0.4365 0.7946
2NC0 485 2.025 0.4180 0.7857
2NC0 486 2.065 0.4231 0.7857
2NC0 487 2.194 0.4081 0.7679
2NC0 488 2.144 0.4119 0.7679
2NC0 489 2.119 0.3854 0.7768
2NC0 490 2.178 0.4094 0.7768
2NC0 491 2.138 0.3898 0.7768
2NC0 492 2.239 0.3958 0.7768
2NC0 493 2.164 0.3950 0.7946
2NC0 494 2.330 0.3802 0.7768
2NC0 495 2.299 0.3895 0.7679
2NC0 496 2.233 0.3662 0.7589
2NC0 497 2.317 0.3651 0.7589
2NC0 498 2.273 0.3724 0.7500
2NC0 499 2.328 0.3650 0.7589
2NC0 500 2.261 0.3905 0.7679
2NC0 501 2.376 0.3570 0.7589
2NC0 502 2.337 0.3730 0.7768
2NC0 503 2.295 0.3651 0.7589
2NC0 504 2.407 0.3697 0.7500
2NC0 505 2.352 0.3496 0.7589
2NC0 506 2.323 0.3557 0.7500
2NC0 507 2.325 0.3688 0.7589
2NC0 508 2.301 0.3675 0.7589
2NC0 509 2.442 0.3422 0.7500
2NC0 510 2.275 0.3368 0.7500
2NC0 511 2.432 0.3386 0.7500
2NC0 512 2.429 0.3219 0.7411
2NC0 513 2.464 0.3349 0.7411
2NC0 514 2.313 0.3294 0.7411
2NC0 515 2.381 0.3384 0.7500
2NC0 516 2.403 0.3427 0.7500
2NC0 517 2.516 0.3361 0.7411
2NC0 518 2.424 0.3217 0.7411
2NC0 519 2.489 0.3219 0.7411
2NC0 520 2.394 0.3227 0.7411
2NC0 521 2.431 0.3341 0.7500
2NC0 522 2.422 0.3341 0.7411
2NC0 523 2.414 0.3390 0.7500
2NC0 524 2.442 0.3233 0.7411
2NC0 525 2.483 0.3283 0.7411
2NC0 526 2.447 0.3292 0.7500
2NC0 527 2.494 0.3349 0.7411
2NC0 528 2.402 0.3326 0.7411
2NC0 529 2.455 0.3368 0.7500
2NC0 530 2.501 0.3252 0.7500
2NC0 531 2.499 0.3205 0.7411
2NC0 532 2.395 0.3353 0.7500
2NC0 533 2.409 0.3398 0.7411
2NC0 534 2.424 0.3272 0.7500
2NC0 535 2.516 0.3342 0.7411
2NC0 536 2.392 0.3304 0.7500
2NC0 537 2.514 0.3240 0.7411
2NC0 538 2.493 0.3168 0.7411
2NC0 539 2.303 0.3503 0.7589
2NC0 540 2.485 0.3518 0.7500
2NC0 541 2.371 0.3512 0.7500
2NC0 542 2.497 0.3486 0.7500
2NC0 543 2.417 0.3345 0.7500
2NC0 544 2.551 0.3331 0.7411
2NC0 545 2.419 0.3259 0.7411
2NC0 546 2.356 0.3441 0.7500
2NC0 547 2.442 0.3483 0.7411
2NC0 548 2.508 0.3527 0.7411
2NC0 549 2.489 0.3581 0.7411
2NC0 550 2.576 0.3570 0.7411
2NC0 551 2.382 0.3765 0.7679
2NC0 552 2.592 0.3528 0.7411
2NC0 553 2.580 0.3545 0.7411
2NC0 554 2.585 0.3628 0.7411
2NC0 555 2.491 0.3501 0.7411
2NC0 556 2.576 0.3513 0.7321
2NC0 557 2.394 0.3521 0.7500
2NC0 558 2.428 0.3582 0.7500
2NC0 559 2.643 0.3414 0.7321
2NC0 560 2.490 0.3625 0.7411
2NC0 561 2.555 0.3538 0.7500
2NC0 562 2.621 0.3605 0.7500
2NC0 563 2.543 0.3593 0.7500
2NC0 564 2.622 0.3645 0.7500
2NC0 565 2.400 0.3697 0.7589
2NC0 566 2.520 0.3716 0.7500
2NC0 567 2.512 0.3572 0.7500
2NC0 568 2.486 0.3635 0.7411
2NC0 569 2.640 0.3538 0.7321
2NC0 570 2.558 0.3449 0.7411
2NC0 571 2.623 0.3509 0.7411
2NC0 572 2.541 0.3263 0.7411
2NC0 573 2.468 0.3696 0.7500
2NC0 574 2.479 0.3781 0.7500
2NC0 575 2.416 0.3785 0.7589
2NC0 576 2.509 0.3566 0.7411
2NC0 577 2.556 0.3690 0.7500
2NC0 578 2.506 0.3793 0.7411
2NC0 579 2.453 0.3770 0.7589
2NC0 580 2.477 0.3359 0.7411
2NC0 581 2.400 0.3903 0.7589
2NC0 582 2.509 0.3420 0.7321
2NC0 583 2.497 0.3561 0.7589
2NC0 584 2.507 0.3624 0.7411
2NC0 585 2.394 0.3703 0.7500
2NC0 586 2.535 0.3738 0.7500
2NC0 587 2.510 0.3720 0.7411
2NC0 588 2.400 0.3683 0.7411
2NC0 589 2.572 0.3578 0.7411
2NC0 590 2.474 0.3802 0.7411
2NC0 591 2.508 0.3384 0.7321
2NC0 592 2.543 0.3539 0.7411
2NC0 593 2.502 0.3653 0.7411
2NC0 594 2.362 0.3605 0.7589
2NC0 595 2.604 0.3493 0.7411
2NC0 596 2.423 0.3646 0.7500
2NC0 597 2.541 0.3614 0.7500
2NC0 598 2.470 0.3572 0.7411
2NC0 599 2.458 0.3591 0.7411
2NC0 600 2.419 0.3740 0.7411
2NC0 601 2.504 0.3606 0.7411
2NC0 602 2.377 0.3770 0.7589
2NC0 603 2.493 0.3650 0.7500
2NC0 604 2.638 0.3610 0.7500
2NC0 605 2.311 0.3667 0.7500
2NC0 606 2.564 0.3638 0.7411
2NC0 607 2.602 0.3503 0.7321
2NC0 608 2.537 0.3796 0.7500
2NC0 609 2.574 0.3495 0.7321
2NC0 610 2.418 0.3583 0.7500
2NC0 611 2.610 0.3404 0.7232
2NC0 612 2.362 0.3781 0.7500
2NC0 613 2.411 0.3712 0.7411
2NC0 614 2.539 0.3744 0.7500
2NC0 615 2.508 0.3780 0.7589
2NC0 616 2.350 0.3766 0.7679
2NC0 617 2.478 0.3697 0.7411
2NC0 618 2.412 0.3823 0.7589
2NC0 619 2.451 0.3747 0.7411
2NC0 620 2.410 0.3707 0.7500
2NC0 621 2.434 0.3695 0.7500
2NC0 622 2.410 0.3726 0.7589
2NC0 623 2.379 0.3691 0.7589
2NC0 624 2.416 0.3503 0.7500
2NC0 625 2.405 0.3702 0.7589
2NC0 626 2.476 0.3538 0.7321
2NC0 627 2.496 0.3681 0.7411
2NC0 628 2.384 0.3736 0.7411
2NC0 629 2.509 0.3732 0.7500
2NC0 630 2.311 0.3679 0.7589
2NC0 631 2.449 0.3590 0.7500
2NC0 632 2.410 0.3682 0.7500
2NC0 633 2.330 0.3818 0.7589
2NC0 634 2.598 0.3475 0.7321
2NC0 635 2.367 0.3702 0.7589
2NC0 636 2.501 0.3775 0.7589
2NC0 637 2.406 0.3752 0.7589
2NC0 638 2.530 0.3569 0.7321
2NC0 639 2.393 0.3648 0.7589
2NC0 640 2.307 0.3820 0.7589
2NC0 641 2.419 0.3710 0.7500
2NC0 642 2.409 0.3725 0.7589
2NC0 643 2.566 0.3801 0.7411
2NC0 644 2.436 0.3545 0.7411
2NC0 645 2.391 0.3707 0.7589
2NC0 646 2.451 0.3571 0.7321
2NC0 647 2.462 0.3662 0.7500
2NC0 648 2.574 0.3687 0.7679
2NC0 649 2.457 0.3742 0.7500
2NC0 650 2.276 0.3689 0.7500
2NC0 651 2.364 0.3932 0.7679
2NC0 652 2.420 0.3446 0.7411
2NC0 653 2.332 0.3670 0.7411
2NC0 654 2.707 0.3495 0.7321
2NC0 655 2.373 0.3726 0.7411
2NC0 656 2.404 0.3799 0.7589
2NC0 657 2.545 0.3599 0.7411
2NC0 658 2.356 0.3557 0.7411
2NC0 659 2.348 0.3706 0.7500
2NC0 660 2.470 0.3437 0.7411
2NC0 661 2.396 0.3917 0.7589
2NC0 662 2.416 0.3904 0.7500
2NC0 663 2.342 0.3860 0.7679
2NC0 664 2.354 0.3667 0.7679
2NC0 665 2.516 0.3647 0.7321
2NC0 666 2.306 0.3698 0.7589
2NC0 667 2.532 0.3711 0.7411
2NC0 668 2.438 0.3911 0.7679
2NC0 669 2.274 0.3868 0.7411
2NC0 670 2.479 0.3738 0.7500
2NC0 671 2.503 0.3567 0.7589
2NC0 672 2.388 0.3562 0.7411
2NC0 673 2.449 0.3718 0.7500
2NC0 674 2.448 0.3579 0.7411
2NC0 675 2.317 0.3715 0.7589
2NC0 676 2.306 0.3771 0.7679
2NC0 677 2.540 0.3415 0.7411
2NC0 678 2.321 0.3739 0.7589
2NC0 679 2.205 0.3773 0.7500
2NC0 680 2.394 0.3796 0.7589
2NC0 681 2.397 0.3658 0.7589
2NC0 682 2.341 0.3589 0.7500
2NC0 683 2.464 0.3475 0.7500
2NC0 684 2.340 0.3586 0.7321
2NC0 685 2.413 0.3741 0.7500
2NC0 686 2.418 0.3432 0.7411
2NC0 687 2.293 0.3823 0.7500
2NC0 688 2.354 0.3658 0.7411
2NC0 689 2.263 0.3693 0.7589
2NC0 690 2.379 0.3728 0.7411
2NC0 691 2.366 0.3441 0.7411
2NC0 692 2.058 0.3955 0.7589
2NC0 693 2.352 0.3541 0.7500
2NC0 694 2.300 0.3646 0.7589
2NC0 695 2.124 0.3907 0.7500
2NC0 696 2.310 0.3588 0.7500
2NC0 697 2.454 0.3726 0.7500
2NC0 698 2.331 0.3658 0.7500
2NC0 699 2.178 0.3843 0.7589
2NC0 700 2.167 0.4095 0.7857
2NC0 701 2.044 0.3784 0.7679
2NC0 702 2.212 0.4061 0.7768
2NC0 703 2.281 0.4023 0.7500
2NC0 704 2.328 0.3961 0.7589
2NC0 705 2.309 0.4067 0.7500
2NC0 706 2.257 0.3875 0.7500
2NC0 707 2.282 0.4061 0.7500
2NC0 708 2.171 0.4131 0.7589
2NC0 709 2.108 0.4266 0.7679
2NC0 710 2.257 0.3971 0.7500
2NC0 711 2.060 0.4112 0.7679
2NC0 712 2.286 0.3874 0.7500
2NC0 713 2.265 0.3998 0.7500
2NC0 714 2.014 0.4294 0.7589
2NC0 715 2.125 0.3955 0.7768
2NC0 716 2.273 0.3936 0.7500
2NC0 717 2.306 0.4050 0.7589
2NC0 718 2.313 0.3859 0.7500
2NC0 719 2.345 0.3931 0.7500
2NC0 720 2.229 0.4051 0.7679
2NC0 721 2.202 0.4024 0.7589
2NC0 722 2.229 0.4086 0.7589
2NC0 723 2.274 0.3824 0.7321
2NC0 724 2.275 0.4107 0.7589
2NC0 725 2.291 0.3951 0.7500
2NC0 726 2.191 0.4043 0.7589
2NC0 727 2.230 0.3976 0.7500
2NC0 728 2.160 0.4050 0.7589
2NC0 729 2.153 0.4038 0.7679
2NC0 730 2.246 0.4039 0.7589
2NC0 731 2.177 0.4123 0.7679
2NC0 732 2.380 0.3967 0.7589
2NC0 733 2.332 0.3983 0.7500
2NC0 734 2.207 0.3682 0.7589
2NC0 735 2.104 0.4272 0.7679
2NC0 736 2.280 0.3797 0.7411
2NC0 737 2.186 0.4166 0.7589
2NC0 738 2.160 0.3998 0.7589
2NC0 739 2.244 0.3936 0.7500
2NC0 740 2.069 0.4240 0.7679
2NC0 741 2.181 0.3998 0.7589
2NC0 742 2.259 0.3882 0.7500
2NC0 743 2.439 0.3896 0.7411
2NC0 744 2.143 0.3976 0.7768
2NC0 745 2.108 0.4069 0.7589
2NC0 746 2.221 0.4066 0.7589
2NC0 747 2.156 0.4080 0.7589
2NC0 748 2.226 0.4012 0.7589
2NC0 749 2.279 0.3983 0.7589
2NC0 750 2.207 0.3960 0.7500
2NC0 751 2.250 0.4135 0.7589
2NC0 752 2.210 0.4180 0.7589
2NC0 753 2.239 0.4068 0.7589
2NC0 754 2.252 0.4090 0.7589
2NC0 755 2.120 0.3832 0.7679
2NC0 756 2.205 0.3769 0.7679
2NC0 757 1.938 0.3872 0.7679
2NC0 758 2.159 0.3739 0.7589
2NC0 759 2.215 0.3786 0.7768
2NC0 760 2.277 0.4022 0.7589
2NC0 761 2.207 0.3747 0.7589
2NC0 762 2.361 0.3737 0.7411
2NC0 763 2.320 0.3769 0.7500
2NC0 764 2.243 0.3631 0.7411
2NC0 765 2.310 0.4122 0.7500
2NC0 766 2.031 0.4029 0.7679
2NC0 767 2.172 0.3954 0.7589
2NC0 768 2.092 0.3978 0.7768
2NC0 769 2.214 0.3940 0.7679
2NC0 770 2.314 0.4082 0.7411
2NC0 771 2.187 0.4105 0.7589
2NC0 772 2.283 0.3548 0.7500
2NC0 773 2.182 0.3887 0.7679
2NC0 774 2.375 0.3892 0.7500
2NC0 775 2.152 0.4136 0.7589
2NC0 776 2.292 0.4103 0.7589
2NC0 777 2.182 0.3884 0.7589
2NC0 778 2.134 0.3958 0.7500
2NC0 779 2.251 0.3809 0.7500
2NC0 780 2.100 0.3902 0.7589
2NC0 781 1.879 0.4231 0.7768
2NC0 782 2.089 0.3850 0.7589
2NC0 783 2.116 0.3901 0.7589
2NC0 784 1.943 0.4098 0.7768
2NC0 785 2.382 0.3899 0.7411
2NC0 786 2.243 0.3618 0.7500
2NC0 787 2.017 0.4128 0.7857
2NC0 788 2.054 0.3966 0.7679
2NC0 789 1.990 0.3998 0.7768
2NC0 790 2.263 0.3880 0.7500
2NC0 791 2.196 0.3732 0.7500
2NC0 792 2.248 0.3696 0.7411
2NC0 793 2.278 0.3843 0.7500
2NC0 794 2.224 0.3616 0.7321
2NC0 795 1.984 0.3687 0.7500
2NC0 796 2.206 0.3659 0.7500
2NC0 797 2.059 0.3951 0.7589
2NC0 798 1.984 0.3980 0.7589
2NC0 799 1.965 0.4093 0.7768
2NC0 800 2.379 0.3667 0.7500
2NC0 801 1.849 0.4051 0.7946
2NC0 802 1.984 0.3850 0.7500
2NC0 803 2.084 0.3922 0.7679
2NC0 804 2.230 0.4059 0.7768
2NC0 805 2.284 0.3854 0.7589
2NC0 806 2.061 0.4049 0.7589
2NC0 807 2.024 0.4534 0.7946
2NC0 808 2.085 0.4163 0.7768
2NC0 809 2.180 0.4010 0.7589
2NC0 810 2.222 0.4002 0.7679
2NC0 811 2.202 0.3998 0.7589
2NC0 812 2.242 0.3856 0.7589
2NC0 813 2.268 0.3993 0.7679
2NC0 814 2.162 0.3710 0.7500
2NC0 815 2.206 0.3700 0.7589
2NC0 816 2.057 0.3954 0.7589
2NC0 817 2.242 0.3806 0.7589
2NC0 818 2.169 0.4324 0.8036
2NC0 819 1.971 0.4106 0.7679
2NC0 820 1.956 0.4346 0.7946
2NC0 821 2.236 0.3641 0.7411
2NC0 822 2.325 0.3658 0.7411
2NC0 823 2.123 0.3830 0.7589
2NC0 824 2.311 0.3942 0.7411
2NC0 825 2.165 0.3770 0.7500
2NC0 826 2.158 0.4055 0.7679
2NC0 827 2.312 0.3648 0.7321
2NC0 828 2.243 0.3900 0.7500
2NC0 829 2.349 0.3962 0.7589
2NC0 830 2.267 0.3731 0.7589
2NC0 831 1.971 0.4164 0.8036
2NC0 832 2.258 0.3799 0.7500
2NC0 833 2.264 0.3546 0.7411
2NC0 834 2.056 0.3912 0.7589
2NC0 835 2.254 0.3816 0.7589
2NC0 836 2.275 0.3891 0.7589
2NC0 837 2.307 0.3712 0.7500
2NC0 838 2.297 0.3827 0.7589
2NC0 839 2.171 0.3862 0.7589
2NC0 840 2.102 0.4328 0.7857
2NC0 841 2.223 0.4188 0.7679
2NC0 842 2.514 0.3860 0.7589
2NC0 843 2.386 0.3772 0.7321
2NC0 844 2.094 0.4060 0.7768
2NC0 845 2.252 0.3718 0.7500
2NC0 846 2.038 0.3956 0.7589
2NC0 847 2.173 0.3819 0.7500
2NC0 848 2.372 0.4110 0.7589
2NC0 849 2.288 0.3588 0.7321
2NC0 850 2.125 0.3824 0.7500
2NC0 851 2.182 0.3782 0.7411
2NC0 852 2.251 0.3989 0.7500
2NC0 853 2.335 0.3659 0.7411
2NC0 854 2.181 0.3978 0.7500
2NC0 855 2.010 0.3913 0.7589
2NC0 856 2.159 0.4055 0.7679
2NC0 857 1.952 0.4072 0.7679
2NC0 858 2.102 0.4018 0.7589
2NC0 859 2.233 0.4118 0.7589
2NC0 860 2.106 0.3939 0.7589
2NC0 861 2.208 0.3912 0.7589
2NC0 862 2.209 0.3792 0.7500
2NC0 863 2.323 0.3757 0.7589
2NC0 864 2.492 0.3612 0.7411
2NC0 865 2.599 0.3594 0.7232
2NC0 866 2.409 0.3712 0.7411
2NC0 867 2.154 0.3760 0.7411
2NC0 868 2.101 0.4182 0.7768
2NC0 869 2.419 0.3689 0.7411
2NC0 870 2.259 0.3957 0.7500
2NC0 871 2.433 0.3873 0.7411
2NC0 872 2.263 0.4001 0.7589
2NC0 873 2.190 0.3946 0.7679
2NC0 874 2.217 0.4016 0.7679
2NC0 875 1.992 0.4030 0.7589
2NC0 876 2.176 0.3900 0.7411
2NC0 877 2.190 0.3813 0.7500
2NC0 878 2.236 0.3726 0.7321
2NC0 879 2.238 0.3943 0.7589
2NC0 880 2.270 0.3918 0.7679
2NC0 881 2.194 0.4124 0.7679
2NC0 882 2.244 0.3426 0.7321
2NC0 883 2.212 0.3813 0.7411
2NC0 884 2.073 0.4134 0.7768
2NC0 885 2.091 0.4004 0.7679
2NC0 886 2.063 0.4049 0.7589
2NC0 887 2.417 0.3903 0.7411
2NC0 888 2.000 0.4130 0.7589
2NC0 889 2.038 0.3818 0.7679
2NC0 890 2.230 0.3598 0.7232
2NC0 891 2.414 0.3614 0.7411
2NC0 892 2.247 0.3741 0.7411
2NC0 893 1.937 0.3816 0.7679
2NC0 894 2.400 0.3672 0.7411
2NC0 895 2.060 0.4219 0.7679
2NC0 896 2.182 0.3915 0.7500
2NC0 897 2.047 0.3918 0.7500
2NC0 898 2.162 0.3867 0.7589
2NC0 899 2.060 0.4075 0.7679
2NC0 900 2.225 0.3686 0.7321
2NC0 901 1.779 0.4427 0.7857
2NC0 902 2.059 0.3869 0.7589
2NC0 903 2.085 0.4336 0.7857
2NC0 904 2.058 0.3989 0.7589
2NC0 905 2.394 0.3626 0.7411
2NC0 906 2.078 0.4000 0.7589
2NC0 907 1.950 0.4146 0.7857
2NC0 908 1.923 0.4113 0.7857
2NC0 909 2.153 0.3886 0.7679
2NC0 910 2.376 0.3629 0.7321
2NC0 911 1.994 0.4135 0.7768
2NC0 912 2.012 0.4076 0.7768
2NC0 913 1.880 0.4102 0.7857
2NC0 914 1.859 0.4051 0.7679
2NC0 915 2.354 0.3812 0.7500
2NC0 916 2.053 0.4067 0.7589
2NC0 917 1.990 0.4082 0.7768
2NC0 918 2.276 0.3652 0.7411
2NC0 919 2.159 0.4007 0.7679
2NC0 920 2.082 0.3742 0.7589
2NC0 921 1.982 0.3997 0.7589
2NC0 922 2.266 0.3511 0.7411
2NC0 923 2.287 0.3847 0.7321
2NC0 924 2.221 0.3624 0.7411
2NC0 925 2.110 0.3839 0.7500
2NC0 926 1.936 0.3928 0.7679
2NC0 927 2.117 0.3877 0.7411
2NC0 928 2.017 0.4047 0.7589
2NC0 929 1.911 0.4131 0.7768
2NC0 930 1.839 0.4174 0.8036
2NC0 931 2.303 0.3712 0.7500
2NC0 932 2.014 0.4019 0.7679
2NC0 933 2.201 0.3706 0.7500
2NC0 934 2.105 0.3911 0.7500
2NC0 935 2.256 0.3577 0.7232
2NC0 936 2.276 0.3627 0.7411
2NC0 937 2.233 0.3856 0.7500
2NC0 938 2.111 0.4198 0.7768
2NC0 939 2.154 0.3928 0.7589
2NC0 940 2.263 0.3868 0.7500
2NC0 941 2.177 0.4171 0.7679
2NC0 942 1.938 0.3947 0.7768
2NC0 943 2.257 0.3608 0.7411
2NC0 944 2.061 0.4032 0.7679
2NC0 945 2.033 0.4115 0.7768
2NC0 946 2.438 0.3384 0.7232
2NC0 947 2.103 0.3829 0.7500
2NC0 948 1.995 0.4182 0.7679
2NC0 949 2.524 0.3685 0.7321
2NC0 950 2.165 0.3800 0.7679
2NC0 951 2.218 0.4081 0.7589
2NC0 952 2.180 0.3877 0.7500
2NC0 953 2.064 0.4207 0.7946
2NC0 954 2.007 0.3975 0.7857
2NC0 955 2.149 0.3731 0.7411
2NC0 956 2.423 0.3655 0.7321
2NC0 957 1.875 0.4192 0.7857
2NC0 958 2.028 0.4112 0.7768
2NC0 959 2.303 0.3759 0.7500
2NC0 960 2.082 0.3599 0.7589
2NC0 961 1.975 0.3967 0.7589
2NC0 962 2.165 0.3728 0.7411
2NC0 963 2.343 0.3794 0.7411
2NC0 964 2.126 0.4127 0.7679
2NC0 965 2.122 0.3993 0.7589
2NC0 966 1.948 0.4221 0.7946
2NC0 967 2.243 0.3968 0.7679
2NC0 968 2.256 0.3757 0.7500
2NC0 969 2.003 0.4107 0.7679
2NC0 970 2.267 0.3820 0.7500
2NC0 971 2.160 0.3931 0.7589
2NC0 972 2.055 0.4322 0.7946
2NC0 973 1.913 0.4123 0.7857
2NC0 974 2.089 0.3850 0.7500
2NC0 975 2.137 0.3657 0.7500
2NC0 976 1.997 0.4049 0.7768
2NC0 977 2.020 0.4141 0.7768
2NC0 978 2.040 0.4040 0.7679
2NC0 979 1.989 0.4085 0.7679
2NC0 980 2.308 0.3376 0.7143
2NC0 981 1.934 0.3809 0.7589
2NC0 982 2.062 0.4062 0.7768
2NC0 983 2.106 0.3843 0.7411
2NC0 984 1.894 0.3834 0.7589
2NC0 985 2.404 0.3405 0.7321
2NC0 986 2.569 0.3376 0.7232
2NC0 987 2.269 0.3813 0.7679
2NC0 988 2.216 0.3945 0.7500
2NC0 989 2.319 0.3906 0.7589
2NC0 990 1.895 0.4165 0.7768
2NC0 991 2.328 0.3450 0.7232
2NC0 992 2.390 0.3479 0.7321
2NC0 993 2.158 0.3850 0.7589
2NC0 994 2.117 0.3675 0.7411
2NC0 995 2.290 0.3726 0.7411
2NC0 996 2.395 0.3786 0.7500
2NC0 997 2.142 0.3694 0.7500
2NC0 998 2.026 0.3976 0.7589
2NC0 999 2.480 0.3916 0.7500
2NC0 1000 2.339 0.3634 0.7232
2NC0 1001 2.256 0.4035 0.7768
2NC0 1002 2.105 0.3952 0.7500
2NC0 1003 2.031 0.4439 0.7857
2NC0 1004 2.497 0.3653 0.7232
2NC0 1005 2.135 0.4123 0.7679
2NC0 1006 2.250 0.3686 0.7321
2NC0 1007 2.443 0.3624 0.7411
2NC0 1008 2.460 0.3198 0.7143
2NC0 1009 2.379 0.3915 0.7500
2NC0 1010 2.323 0.3828 0.7411
2NC0 1011 2.193 0.4014 0.7500
2NC0 1012 2.539 0.3195 0.7232
2NC0 1013 2.333 0.3670 0.7411
2NC0 1014 2.521 0.3489 0.7321
2NC0 1015 2.553 0.3725 0.7411
2NC0 1016 2.278 0.3700 0.7321
2NC0 1017 2.013 0.4067 0.7589
2NC0 1018 2.200 0.3394 0.7411
2NC0 1019 2.642 0.3408 0.7054
2NC0 1020 2.099 0.3547 0.7232
2NC0 1021 2.451 0.3755 0.7232
2NC0 1022 2.443 0.3173 0.7143
2NC0 1023 2.426 0.3273 0.7232
2NC0 1024 2.444 0.3342 0.7232
2NC0 1025 2.378 0.3310 0.7232
2NC0 1026 2.438 0.3278 0.7232
2NC0 1027 2.205 0.3755 0.7411
2NC0 1028 2.331 0.3307 0.7143
2NC0 1029 2.426 0.3253 0.7054
2NC0 1030 2.292 0.3645 0.7411
2NC0 1031 2.320 0.3481 0.7232
2NC0 1032 2.218 0.3675 0.7321
2NC0 1033 2.049 0.3641 0.7411
2NC0 1034 2.015 0.3797 0.7500
2NC0 1035 2.260 0.3874 0.7500
2NC0 1036 2.297 0.3389 0.7232
2NC0 1037 2.055 0.4163 0.7679
2NC0 1038 2.082 0.3754 0.7500
2NC0 1039 2.236 0.3490 0.7411
2NC0 1040 2.184 0.3904 0.7589
2NC0 1041 2.286 0.3664 0.7500
2NC0 1042 1.977 0.3760 0.7679
2NC0 1043 1.928 0.3874 0.7679
2NC0 1044 2.217 0.3530 0.7500
2NC0 1045 2.215 0.3326 0.7232
2NC0 1046 2.037 0.3793 0.7679
2NC0 1047 2.197 0.4121 0.7768
2NC0 1048 2.142 0.4209 0.7679
2NC0 1049 2.045 0.4190 0.7768
2NC0 1050 2.457 0.4137 0.7679
2NC0 1051 2.029 0.4261 0.7679
2NC0 1052 2.547 0.3544 0.7411
2NC0 1053 2.507 0.3625 0.7321
2NC0 1054 2.124 0.4027 0.7589
2NC0 1055 2.316 0.4002 0.7589
2NC0 1056 2.249 0.3884 0.7679
2NC0 1057 2.102 0.4252 0.7679
2NC0 1058 2.177 0.3859 0.7589
2NC0 1059 2.574 0.3471 0.7232
2NC0 1060 2.240 0.3873 0.7679
2NC0 1061 2.592 0.3849 0.7321
2NC0 1062 2.576 0.3340 0.7143
2NC0 1063 2.238 0.3565 0.7321
2NC0 1064 2.279 0.3670 0.7321
2NC0 1065 2.169 0.3481 0.7321
2NC0 1066 2.110 0.3778 0.7679
2NC0 1067 2.277 0.3244 0.7232
2NC0 1068 2.284 0.3585 0.7321
2NC0 1069 2.363 0.3626 0.7321
2NC0 1070 2.136 0.3693 0.7411
2NC0 1071 2.568 0.3518 0.7321
2NC0 1072 2.480 0.3510 0.7321
2NC0 1073 2.501 0.3351 0.7232
2NC0 1074 2.333 0.3559 0.7321
2NC0 1075 2.016 0.3977 0.7679
2NC0 1076 2.270 0.3958 0.7411
2NC0 1077 2.409 0.3800 0.7411
2NC0 1078 2.764 0.3647 0.7232
2NC0 1079 2.467 0.3833 0.7411
2NC0 1080 2.307 0.4272 0.7679
2NC0 1081 2.243 0.3452 0.7321
2NC0 1082 2.253 0.3549 0.7411
2NC0 1083 2.234 0.3775 0.7500
2NC0 1084 2.293 0.3594 0.7321
2NC0 1085 2.146 0.3881 0.7411
2NC0 1086 2.452 0.3953 0.7411
2NC0 1087 2.133 0.4528 0.7679
2NC0 1088 2.033 0.4188 0.7679
2NC0 1089 2.028 0.4491 0.8036
2NC0 1090 2.205 0.4437 0.7857
2NC0 1091 2.080 0.4017 0.7768
2NC0 1092 2.061 0.4314 0.7679
2NC0 1093 2.029 0.4160 0.7768
2NC0 1094 2.116 0.4295 0.7857
2NC0 1095 2.391 0.4228 0.7589
2NC0 1096 1.822 0.4337 0.7946
2NC0 1097 1.938 0.3831 0.7679
2NC0 1098 2.085 0.3457 0.7411
2NC0 1099 2.084 0.4158 0.7589
2NC0 1100 2.278 0.4308 0.7946
2NC0 1101 2.086 0.3341 0.7232
2NC0 1102 1.900 0.4171 0.7768
2NC0 1103 1.916 0.4640 0.8036
2NC0 1104 2.068 0.3718 0.7321
2NC0 1105 2.260 0.3480 0.7232
2NC0 1106 2.183 0.3623 0.7321
2NC0 1107 1.725 0.3862 0.7857
2NC0 1108 1.547 0.4154 0.7946
2NC0 1109 1.810 0.3867 0.7768
2NC0 1110 1.908 0.3729 0.7500
2NC0 1111 1.857 0.3791 0.7411
2NC0 1112 1.929 0.4285 0.7768
2NC0 1113 2.223 0.3318 0.7054
2NC0 1114 2.120 0.4159 0.7679
2NC0 1115 1.962 0.3686 0.7500
2NC0 1116 1.693 0.4166 0.7946
2NC0 1117 1.846 0.3716 0.7500
2NC0 1118 1.821 0.3789 0.7589
2NC0 1119 2.059 0.3539 0.7589
2NC0 1120 2.077 0.3542 0.7500
2NC0 1121 1.938 0.3933 0.7679
2NC0 1122 1.902 0.3569 0.7411
2NC0 1123 1.799 0.3864 0.7768
2NC0 1124 1.761 0.3958 0.7679
2NC0 1125 1.724 0.4191 0.7768
2NC0 1126 1.636 0.4008 0.7946
2NC0 1127 1.884 0.4112 0.7857
2NC0 1128 1.780 0.4252 0.7857
2NC0 1129 1.867 0.3612 0.7500
2NC0 1130 1.929 0.4099 0.7768
2NC0 1131 2.011 0.3680 0.7589
2NC0 1132 1.967 0.3853 0.7500
2NC0 1133 2.030 0.3810 0.7679
2NC0 1134 1.940 0.3730 0.7679
2NC0 1135 1.599 0.4121 0.8125
2NC0 1136 1.923 0.3908 0.7679
2NC0 1137 2.017 0.3746 0.7679
2NC0 1138 1.940 0.3939 0.7768
2NC0 1139 2.080 0.3810 0.7500
2NC0 1140 2.140 0.4035 0.7589
2NC0 1141 2.081 0.4636 0.8214
2NC0 1142 1.878 0.3672 0.7679
2NC0 1143 1.814 0.4036 0.7857
2NC0 1144 1.925 0.4201 0.7946
2NC0 1145 2.060 0.3869 0.7679
2NC0 1146 1.742 0.4694 0.8214
2NC0 1147 1.556 0.4204 0.8036
2NC0 1148 1.687 0.3960 0.7679
2NC0 1149 1.965 0.3741 0.7589
2NC0 1150 2.272 0.3802 0.7589
2NC0 1151 2.137 0.3207 0.7411
2NC0 1152 2.153 0.4366 0.8036
2NC0 1153 2.004 0.4075 0.7857
2NC0 1154 1.931 0.3357 0.7589
2NC0 1155 2.009 0.3714 0.7500
2NC0 1156 1.748 0.3954 0.7679
2NC0 1157 2.102 0.4210 0.7768
2NC0 1158 2.058 0.3859 0.7589
2NC0 1159 1.948 0.3975 0.7679
2NC0 1160 1.812 0.3740 0.7679
2NC0 1161 2.073 0.3631 0.7500
2NC0 1162 2.014 0.3952 0.7589
2NC0 1163 2.155 0.3767 0.7679
2NC0 1164 1.902 0.3868 0.7679
2NC0 1165 1.864 0.4172 0.7679
2NC0 1166 1.899 0.4345 0.7857
2NC0 1167 1.962 0.3596 0.7500
2NC0 1168 1.889 0.4268 0.7857
2NC0 1169 1.651 0.3981 0.7679
2NC0 1170 1.799 0.3558 0.7679
2NC0 1171 1.827 0.4141 0.7768
2NC0 1172 1.778 0.4249 0.7857
2NC0 1173 1.759 0.3969 0.7589
2NC0 1174 1.923 0.3487 0.7411
2NC0 1175 1.747 0.3690 0.7679
2NC0 1176 1.858 0.3708 0.7768
2NC0 1177 1.893 0.3936 0.7679
2NC0 1178 1.943 0.3984 0.7679
2NC0 1179 1.871 0.4076 0.7857
2NC0 1180 1.959 0.3712 0.7500
2NC0 1181 2.014 0.3683 0.7411
2NC0 1182 2.136 0.3690 0.7500
2NC0 1183 2.031 0.3623 0.7679
2NC0 1184 2.088 0.3643 0.7589
2NC0 1185 1.956 0.3951 0.7679
2NC0 1186 2.194 0.3724 0.7411
2NC0 1187 2.097 0.3578 0.7411
2NC0 1188 2.017 0.3773 0.7768
2NC0 1189 2.104 0.3641 0.7589
2NC0 1190 1.937 0.3936 0.7768
2NC0 1191 2.187 0.3763 0.7500
2NC0 1192 1.996 0.3539 0.7411
2NC0 1193 1.872 0.4121 0.7857
2NC0 1194 2.122 0.3351 0.7232
2NC0 1195 1.793 0.4303 0.8036
2NC0 1196 2.217 0.3621 0.7411
2NC0 1197 2.031 0.3904 0.7589
2NC0 1198 1.806 0.4272 0.7946
2NC0 1199 1.770 0.3784 0.7768
2NC0 1200 2.015 0.3309 0.7589
2NC0 1201 2.149 0.3558 0.7411
2NC0 1202 2.316 0.3446 0.7232
2NC0 1203 1.890 0.3776 0.7500
2NC0 1204 2.055 0.3366 0.7232
2NC0 1205 2.135 0.3429 0.7143
2NC0 1206 2.220 0.3637 0.7411
2NC0 1207 1.979 0.3467 0.7411
2NC0 1208 1.854 0.3714 0.7768
2NC0 1209 2.181 0.3715 0.7500
2NC0 1210 2.165 0.3715 0.7679
2NC0 1211 2.235 0.4068 0.7679
2NC0 1212 2.344 0.3743 0.7411
2NC0 1213 2.372 0.3443 0.7321
2NC0 1214 2.376 0.3395 0.7321
2NC0 1215 2.406 0.3907 0.7411
2NC0 1216 2.224 0.3583 0.7321
2NC0 1217 2.200 0.3545 0.7232
2NC0 1218 2.272 0.3384 0.7232
2NC0 1219 2.365 0.3458 0.7232
2NC0 1220 2.720 0.3162 0.6964
2NC0 1221 2.458 0.3431 0.7321
2NC0 1222 2.565 0.3133 0.6964
2NC0 1223 2.330 0.3360 0.7321
2NC0 1224 2.536 0.3845 0.7054
2NC0 1225 2.335 0.3549 0.7321
2NC0 1226 2.495 0.3416 0.7232
2NC0 1227 2.265 0.3605 0.7589
2NC0 1228 2.311 0.3644 0.7321
2NC0 1229 2.178 0.3713 0.7589
2NC0 1230 2.131 0.3532 0.7411
2NC0 1231 2.037 0.3781 0.7589
2NC0 1232 2.171 0.4030 0.7768
2NC0 1233 2.232 0.4008 0.7589
2NC0 1234 2.045 0.4196 0.7679
2NC0 1235 2.079 0.3576 0.7321
2NC0 1236 2.136 0.3634 0.7500
2NC0 1237 2.227 0.3658 0.7500
2NC0 1238 2.143 0.3880 0.7679
2NC0 1239 2.374 0.3467 0.7500
2NC0 1240 2.407 0.3769 0.7411
2NC0 1241 2.143 0.3563 0.7500
2NC0 1242 2.001 0.4009 0.7768
2NC0 1243 2.006 0.3657 0.7411
2NC0 1244 2.167 0.3619 0.7411
2NC0 1245 2.322 0.3548 0.7232
2NC0 1246 2.337 0.3440 0.7232
2NC0 1247 2.195 0.3721 0.7500
2NC0 1248 2.364 0.3892 0.7589
2NC0 1249 2.349 0.3421 0.7321
2NC0 1250 2.367 0.3326 0.7232
2NC0 1251 2.277 0.3614 0.7500
2NC0 1252 2.103 0.3668 0.7679
2NC0 1253 2.396 0.3426 0.7500
2NC0 1254 2.500 0.3552 0.7232
2NC0 1255 2.420 0.3212 0.7143
2NC0 1256 2.438 0.3187 0.7321
2NC0 1257 2.398 0.3330 0.7232
2NC0 1258 2.417 0.3593 0.7321
2NC0 1259 2.429 0.3351 0.7232
2NC0 1260 2.055 0.3314 0.7500
2NC0 1261 2.718 0.3406 0.7321
2NC0 1262 2.394 0.3492 0.7321
2NC0 1263 2.206 0.3491 0.7321
2NC0 1264 2.343 0.3321 0.7143
2NC0 1265 2.294 0.3626 0.7321
2NC0 1266 2.188 0.3410 0.7143
2NC0 1267 2.273 0.3684 0.7321
2NC0 1268 2.238 0.3429 0.7321
2NC0 1269 2.213 0.3331 0.7232
2NC0 1270 2.462 0.3353 0.7321
2NC0 1271 2.446 0.3342 0.7232
2NC0 1272 2.191 0.3878 0.7500
2NC0 1273 2.316 0.3537 0.7411
2NC0 1274 2.221 0.3951 0.7589
2NC0 1275 2.275 0.3019 0.7054
2NC0 1276 2.384 0.3637 0.7411
2NC0 1277 2.239 0.3482 0.7321
2NC0 1278 2.413 0.3125 0.6964
2NC0 1279 2.613 0.3468 0.7232
2NC0 1280 2.051 0.3319 0.7232
2NC0 1281 2.216 0.3559 0.7500
2NC0 1282 2.378 0.3577 0.7232
2NC0 1283 1.944 0.3875 0.7500
2NC0 1284 1.875 0.3607 0.7500
2NC0 1285 2.242 0.3877 0.7589
2NC0 1286 2.122 0.3801 0.7411
2NC0 1287 2.009 0.3811 0.7500
2NC0 1288 2.268 0.3506 0.7232
2NC0 1289 2.286 0.3401 0.7321
2NC0 1290 2.379 0.3572 0.7321
2NC0 1291 2.497 0.3492 0.7143
2NC0 1292 2.252 0.3971 0.7411
2NC0 1293 2.069 0.3946 0.7500
2NC0 1294 2.169 0.3387 0.7232
2NC0 1295 2.202 0.3885 0.7589
2NC0 1296 2.386 0.3310 0.7232
2NC0 1297 2.115 0.3516 0.7500
2NC0 1298 2.213 0.3528 0.7411
2NC0 1299 2.543 0.3328 0.6964
2NC0 1300 2.244 0.3520 0.7411
2NC0 1301 2.484 0.3297 0.7232
2NC0 1302 2.296 0.3476 0.7321
2NC0 1303 2.166 0.3713 0.7411
2NC0 1304 2.311 0.3060 0.7143
2NC0 1305 2.457 0.3471 0.7321
2NC0 1306 2.336 0.3348 0.7232
2NC0 1307 2.042 0.3947 0.7589
2NC0 1308 2.122 0.3643 0.7589
2NC0 1309 2.481 0.3466 0.7232
2NC0 1310 2.134 0.3925 0.7589
2NC0 1311 2.433 0.3241 0.7054
2NC0 1312 2.205 0.3893 0.7500
2NC0 1313 2.066 0.3560 0.7232
2NC0 1314 1.939 0.3786 0.7321
2NC0 1315 2.008 0.3644 0.7411
2NC0 1316 1.955 0.3363 0.7321
2NC0 1317 2.424 0.3385 0.7143
2NC0 1318 2.568 0.3125 0.7054
2NC0 1319 2.138 0.3263 0.7321
2NC0 1320 2.102 0.3741 0.7589
2NC0 1321 2.186 0.3468 0.7143
2NC0 1322 2.039 0.3864 0.7500
2NC0 1323 2.052 0.3441 0.7232
2NC0 1324 1.945 0.3604 0.7589
2NC0 1325 1.933 0.3582 0.7411
2NC0 1326 2.042 0.3594 0.7411
2NC0 1327 2.220 0.3031 0.7054
2NC0 1328 2.283 0.3083 0.7143
2NC0 1329 2.499 0.3309 0.7143
2NC0 1330 2.257 0.3469 0.7143
2NC0 1331 2.554 0.3222 0.6964
2NC0 1332 2.421 0.3293 0.6875
2NC0 1333 2.244 0.3267 0.7321
2NC0 1334 2.344 0.3509 0.7143
2NC0 1335 2.349 0.3118 0.7232
2NC0 1336 2.590 0.3158 0.6964
2NC0 1337 2.429 0.3549 0.7321
2NC0 1338 2.717 0.3353 0.7054
2NC0 1339 2.387 0.3647 0.7411
2NC0 1340 2.250 0.3528 0.7143
2NC0 1341 2.452 0.3662 0.7321
2NC0 1342 2.468 0.3418 0.7143
2NC0 1343 2.187 0.3263 0.7321
2NC0 1344 2.238 0.3382 0.7143
2NC0 1345 2.389 0.3219 0.7054
2NC0 1346 2.127 0.3512 0.7500
2NC0 1347 2.376 0.3374 0.7232
2NC0 1348 2.375 0.3294 0.7143
2NC0 1349 2.261 0.3631 0.7411
2NC0 1350 2.498 0.3277 0.7054
2NC0 1351 2.033 0.3713 0.7500
2NC0 1352 2.357 0.3285 0.7054
2NC0 1353 2.467 0.3298 0.6964
2NC0 1354 2.271 0.3297 0.7054
2NC0 1355 2.692 0.3475 0.7143
2NC0 1356 2.522 0.3517 0.7143
2NC0 1357 2.391 0.3985 0.7500
2NC0 1358 2.417 0.3871 0.7500
2NC0 1359 2.723 0.3649 0.7321
2NC0 1360 2.656 0.3384 0.7232
2NC0 1361 2.478 0.3463 0.7411
2NC0 1362 2.261 0.3597 0.7589
2NC0 1363 2.366 0.3193 0.7054
2NC0 1364 2.455 0.3466 0.7321
2NC0 1365 2.551 0.3306 0.7054
2NC0 1366 1.980 0.3613 0.7589
2NC0 1367 2.122 0.3872 0.7679
2NC0 1368 2.646 0.3282 0.7143
2NC0 1369 2.694 0.3255 0.7054
2NC0 1370 2.638 0.3397 0.7143
2NC0 1371 2.665 0.3293 0.6964
2NC0 1372 2.441 0.3670 0.7500
2NC0 1373 2.586 0.3409 0.7232
2NC0 1374 2.415 0.3445 0.7143
2NC0 1375 2.306 0.3605 0.7411
2NC0 1376 2.488 0.3669 0.7321
2NC0 1377 2.564 0.3459 0.7321
2NC0 1378 2.493 0.3393 0.7143
2NC0 1379 2.721 0.3569 0.7232
2NC0 1380 2.521 0.3420 0.7054
2NC0 1381 2.473 0.3257 0.6964
2NC0 1382 2.266 0.3071 0.7054
2NC0 1383 2.430 0.3329 0.7143
2NC0 1384 2.273 0.3346 0.7143
2NC0 1385 2.114 0.3704 0.7679
2NC0 1386 2.234 0.3535 0.7411
2NC0 1387 2.534 0.3034 0.6964
2NC0 1388 2.511 0.3273 0.6964
2NC0 1389 2.407 0.3390 0.7143
2NC0 1390 2.617 0.3701 0.7232
2NC0 1391 2.464 0.3013 0.6964
2NC0 1392 2.547 0.3247 0.7232
2NC0 1393 2.540 0.4028 0.7679
2NC0 1394 2.159 0.3661 0.7411
2NC0 1395 2.744 0.3311 0.7054
2NC0 1396 2.717 0.3228 0.6875
