2LK3 1 0.000 1.0000 1.0000
2LK3 2 0.702 0.8573 0.9792
2LK3 3 0.176 0.9531 1.0000
2LK3 4 0.800 0.7422 0.9583
2LK3 5 1.041 0.6640 0.9271
2LK3 6 0.729 0.7429 0.9688
2LK3 7 0.918 0.6855 0.9479
2LK3 8 0.992 0.6529 0.9271
2LK3 9 0.706 0.8532 0.9792
2LK3 10 0.673 0.8398 0.9792
2LK3 11 11.803 0.1267 0.3229
2LK3 12 10.216 0.1225 0.3750
2LK3 13 5.102 0.1662 0.5833
2LK3 14 9.759 0.1987 0.4688
2LK3 15 8.090 0.1382 0.4688
2LK3 16 10.385 0.1555 0.3125
2LK3 17 9.456 0.1708 0.5000
2LK3 18 8.103 0.1405 0.4271
2LK3 19 9.424 0.2090 0.5208
2LK3 20 2.904 0.2295 0.6563
2LK3 21 5.385 0.1954 0.5521
2LK3 22 10.158 0.1635 0.3333
2LK3 23 10.067 0.1774 0.3958
2LK3 24 7.258 0.2037 0.5208
2LK3 25 9.773 0.1685 0.3750
2LK3 26 3.949 0.2886 0.7188
2LK3 27 2.303 0.2674 0.7396
2LK3 28 8.235 0.1845 0.4167
2LK3 29 2.389 0.2237 0.6979
2LK3 30 11.579 0.1662 0.4167
2LK3 31 3.397 0.2492 0.6771
2LK3 32 2.533 0.3096 0.7292
2LK3 33 1.805 0.3707 0.8333
2LK3 34 7.212 0.1989 0.5313
2LK3 35 3.855 0.3177 0.6979
2LK3 36 4.010 0.2272 0.6354
2LK3 37 2.498 0.3134 0.7708
2LK3 38 5.207 0.2652 0.6354
2LK3 39 2.546 0.3197 0.7500
2LK3 40 2.111 0.3837 0.8021
2LK3 41 3.714 0.3619 0.7188
2LK3 42 1.674 0.4740 0.8854
2LK3 43 1.849 0.3921 0.8333
2LK3 44 2.114 0.3733 0.7917
2LK3 45 2.155 0.3836 0.7813
2LK3 46 2.246 0.3566 0.7604
2LK3 47 2.489 0.3348 0.7813
2LK3 48 2.444 0.3707 0.7708
2LK3 49 3.158 0.4008 0.7500
2LK3 50 2.208 0.3959 0.7917
2LK3 51 6.695 0.1493 0.4375
2LK3 52 8.660 0.2004 0.4479
2LK3 53 4.933 0.2174 0.6250
2LK3 54 7.045 0.1998 0.4896
2LK3 55 11.157 0.1127 0.3125
2LK3 56 6.995 0.2076 0.4583
2LK3 57 6.979 0.1600 0.4271
2LK3 58 12.446 0.1902 0.4792
2LK3 59 10.671 0.1248 0.3646
2LK3 60 7.811 0.1677 0.4688
2LK3 61 7.119 0.1643 0.5104
2LK3 62 8.818 0.1783 0.4479
2LK3 63 12.627 0.1689 0.4271
2LK3 64 10.167 0.1428 0.3750
2LK3 65 10.774 0.1595 0.3958
2LK3 66 5.719 0.1733 0.5104
2LK3 67 2.987 0.2438 0.6771
2LK3 68 9.630 0.1437 0.3542
2LK3 69 8.026 0.2478 0.5417
2LK3 70 4.271 0.1844 0.5729
2LK3 71 3.398 0.2274 0.6458
2LK3 72 5.000 0.3053 0.6354
2LK3 73 3.075 0.2111 0.6667
2LK3 74 4.977 0.2287 0.6146
2LK3 75 11.951 0.2562 0.5104
2LK3 76 5.754 0.3645 0.6250
2LK3 77 3.182 0.2947 0.6875
2LK3 78 2.739 0.2401 0.7083
2LK3 79 2.899 0.2869 0.6875
2LK3 80 6.061 0.2632 0.5938
2LK3 81 2.384 0.2203 0.6979
2LK3 82 2.492 0.3005 0.7500
2LK3 83 2.126 0.3800 0.8333
2LK3 84 3.271 0.3104 0.6875
2LK3 85 2.102 0.4008 0.8229
2LK3 86 4.971 0.3653 0.6979
2LK3 87 2.506 0.3490 0.7917
2LK3 88 1.711 0.3326 0.8229
2LK3 89 1.788 0.4129 0.8333
2LK3 90 2.155 0.3312 0.7917
2LK3 91 10.177 0.1565 0.3646
2LK3 92 10.615 0.1370 0.3021
2LK3 93 10.363 0.1610 0.4375
2LK3 94 8.369 0.2844 0.5833
2LK3 95 11.558 0.2138 0.5104
2LK3 96 11.559 0.2009 0.4167
2LK3 97 11.764 0.1957 0.3646
2LK3 98 10.302 0.1306 0.4063
2LK3 99 5.587 0.1848 0.5104
2LK3 100 5.341 0.1766 0.5313
2LK3 101 2.514 0.2926 0.7292
2LK3 102 2.791 0.2779 0.7292
2LK3 103 5.361 0.1602 0.5208
2LK3 104 9.099 0.2041 0.4792
2LK3 105 4.216 0.1919 0.6042
2LK3 106 9.175 0.2626 0.5521
2LK3 107 5.307 0.1837 0.5521
2LK3 108 5.121 0.1748 0.5625
2LK3 109 4.966 0.1803 0.5417
2LK3 110 2.045 0.3663 0.7813
2LK3 111 3.005 0.2752 0.7292
2LK3 112 5.703 0.2170 0.5417
2LK3 113 11.027 0.2101 0.5000
2LK3 114 2.727 0.2901 0.7292
2LK3 115 2.684 0.2835 0.7396
2LK3 116 2.146 0.2913 0.7604
2LK3 117 2.035 0.2641 0.7604
2LK3 118 7.266 0.2448 0.5625
2LK3 119 2.310 0.2966 0.7292
2LK3 120 2.711 0.3307 0.7188
2LK3 121 2.554 0.2960 0.7396
2LK3 122 2.257 0.3364 0.7708
2LK3 123 5.614 0.3629 0.6667
2LK3 124 2.335 0.3642 0.7917
2LK3 125 2.686 0.3173 0.7604
2LK3 126 5.367 0.3309 0.6667
2LK3 127 1.982 0.3932 0.8333
2LK3 128 2.230 0.3913 0.7917
2LK3 129 2.335 0.3845 0.7917
2LK3 130 2.787 0.3366 0.7500
2LK3 131 2.860 0.2411 0.7083
2LK3 132 10.093 0.1285 0.3854
2LK3 133 11.635 0.1630 0.3750
2LK3 134 8.295 0.1581 0.5000
2LK3 135 10.354 0.2141 0.4792
2LK3 136 10.794 0.2807 0.6042
2LK3 137 10.646 0.1850 0.4896
2LK3 138 8.617 0.1754 0.4583
2LK3 139 9.563 0.1479 0.3958
2LK3 140 3.778 0.2917 0.6354
2LK3 141 6.675 0.1796 0.4688
2LK3 142 8.658 0.1662 0.4375
2LK3 143 10.210 0.1834 0.3854
2LK3 144 7.960 0.1812 0.4583
2LK3 145 7.557 0.1793 0.4479
2LK3 146 8.276 0.1550 0.4792
2LK3 147 3.302 0.2460 0.6979
2LK3 148 3.972 0.2123 0.6042
2LK3 149 4.429 0.1834 0.5833
2LK3 150 7.142 0.2214 0.5208
2LK3 151 8.276 0.1757 0.4375
2LK3 152 2.486 0.2741 0.7083
2LK3 153 2.391 0.2713 0.7292
2LK3 154 3.123 0.2905 0.7188
2LK3 155 2.074 0.4285 0.8438
2LK3 156 4.181 0.2483 0.6667
2LK3 157 3.524 0.2152 0.6458
2LK3 158 4.524 0.2762 0.6250
2LK3 159 5.618 0.3310 0.6563
2LK3 160 9.361 0.2939 0.5729
2LK3 161 2.392 0.3710 0.7708
2LK3 162 2.766 0.3519 0.7708
2LK3 163 2.289 0.3485 0.7604
2LK3 164 1.964 0.3863 0.8125
2LK3 165 2.023 0.3349 0.7917
2LK3 166 2.821 0.3712 0.7396
2LK3 167 2.659 0.3697 0.7813
2LK3 168 2.348 0.3615 0.7917
2LK3 169 2.258 0.3094 0.7708
2LK3 170 2.553 0.3758 0.7813
2LK3 171 10.501 0.1386 0.3958
2LK3 172 10.075 0.1931 0.4271
2LK3 173 11.542 0.1359 0.3229
2LK3 174 6.588 0.1270 0.4167
2LK3 175 10.108 0.1639 0.3854
2LK3 176 8.311 0.1481 0.4167
2LK3 177 9.429 0.1292 0.3542
2LK3 178 9.070 0.1611 0.3646
2LK3 179 5.798 0.1841 0.5313
2LK3 180 8.992 0.1358 0.4167
2LK3 181 6.046 0.1555 0.4792
2LK3 182 2.522 0.2636 0.7396
2LK3 183 7.949 0.1446 0.4688
2LK3 184 7.515 0.1889 0.5313
2LK3 185 3.979 0.2437 0.6354
2LK3 186 11.132 0.1661 0.4167
2LK3 187 3.519 0.2325 0.6458
2LK3 188 3.521 0.2475 0.6667
2LK3 189 9.717 0.3115 0.5625
2LK3 190 3.234 0.2500 0.6771
2LK3 191 3.510 0.2487 0.6771
2LK3 192 2.903 0.3164 0.6979
2LK3 193 2.949 0.2282 0.6771
2LK3 194 3.028 0.2614 0.6875
2LK3 195 2.952 0.3490 0.7604
2LK3 196 2.679 0.3509 0.7396
2LK3 197 6.724 0.3239 0.6250
2LK3 198 1.980 0.3957 0.8125
2LK3 199 9.687 0.3529 0.6146
2LK3 200 2.322 0.4147 0.8021
2LK3 201 2.900 0.3815 0.7604
2LK3 202 2.197 0.3731 0.8125
2LK3 203 5.879 0.1573 0.5417
2LK3 204 2.684 0.3562 0.7604
2LK3 205 2.098 0.3579 0.8125
2LK3 206 2.262 0.3235 0.8021
2LK3 207 2.242 0.3352 0.8229
2LK3 208 2.769 0.3559 0.7500
2LK3 209 2.505 0.3620 0.7917
2LK3 210 1.939 0.4516 0.8438
2LK3 211 9.487 0.1048 0.3021
2LK3 212 9.516 0.1812 0.4271
2LK3 213 13.473 0.1543 0.3542
2LK3 214 9.457 0.1488 0.4479
2LK3 215 5.633 0.2120 0.5104
2LK3 216 12.708 0.2161 0.5208
2LK3 217 11.328 0.1545 0.3438
2LK3 218 12.469 0.1355 0.3333
2LK3 219 7.591 0.2457 0.5625
2LK3 220 10.198 0.1973 0.4167
2LK3 221 4.977 0.1784 0.5417
2LK3 222 12.097 0.1559 0.3854
2LK3 223 3.829 0.2082 0.6146
2LK3 224 10.841 0.2202 0.4375
2LK3 225 8.508 0.1647 0.4479
2LK3 226 5.997 0.1661 0.5000
2LK3 227 5.339 0.1469 0.5521
2LK3 228 6.984 0.1721 0.4479
2LK3 229 3.635 0.2772 0.6771
2LK3 230 2.403 0.2504 0.7292
2LK3 231 2.721 0.2789 0.6979
2LK3 232 2.969 0.1997 0.6771
2LK3 233 7.125 0.2455 0.5417
2LK3 234 2.969 0.2387 0.6771
2LK3 235 11.338 0.1484 0.3438
2LK3 236 2.358 0.3086 0.7604
2LK3 237 4.340 0.2671 0.6771
2LK3 238 3.302 0.2487 0.6875
2LK3 239 2.344 0.3411 0.7500
2LK3 240 2.744 0.2273 0.7188
2LK3 241 9.285 0.2659 0.5313
2LK3 242 2.720 0.2662 0.6979
2LK3 243 2.040 0.3462 0.7917
2LK3 244 2.349 0.2860 0.7500
2LK3 245 2.037 0.4176 0.8229
2LK3 246 2.954 0.2631 0.6875
2LK3 247 2.359 0.3976 0.8333
2LK3 248 2.107 0.3259 0.7604
2LK3 249 5.032 0.3699 0.7083
2LK3 250 2.367 0.2599 0.6979
2LK3 251 9.470 0.1922 0.5104
2LK3 252 9.678 0.1602 0.3750
2LK3 253 9.673 0.1214 0.3229
2LK3 254 8.716 0.1454 0.4063
2LK3 255 3.754 0.2052 0.6146
2LK3 256 7.195 0.1624 0.5000
2LK3 257 9.274 0.1185 0.3542
2LK3 258 8.013 0.1403 0.4583
2LK3 259 10.652 0.1765 0.3646
2LK3 260 9.649 0.1675 0.4063
2LK3 261 5.729 0.1824 0.5208
2LK3 262 5.828 0.1804 0.5521
2LK3 263 8.181 0.1693 0.4583
2LK3 264 6.353 0.1824 0.4792
2LK3 265 8.676 0.1579 0.4583
2LK3 266 5.386 0.1697 0.5208
2LK3 267 2.774 0.3149 0.6979
2LK3 268 3.272 0.2978 0.7083
2LK3 269 9.206 0.2333 0.5417
2LK3 270 2.116 0.3517 0.7917
2LK3 271 1.884 0.3087 0.7813
2LK3 272 3.641 0.2636 0.6771
2LK3 273 7.826 0.2673 0.5833
2LK3 274 3.928 0.2080 0.6146
2LK3 275 2.953 0.2349 0.6667
2LK3 276 3.143 0.3300 0.7292
2LK3 277 2.919 0.4147 0.7813
2LK3 278 2.809 0.3938 0.7604
2LK3 279 3.112 0.2620 0.6875
2LK3 280 1.825 0.3904 0.8021
2LK3 281 7.172 0.1417 0.4688
2LK3 282 2.914 0.3932 0.7604
2LK3 283 1.796 0.4282 0.8542
2LK3 284 1.796 0.4075 0.8333
2LK3 285 2.228 0.3489 0.8438
2LK3 286 2.151 0.2959 0.7500
2LK3 287 2.047 0.4418 0.8438
2LK3 288 2.198 0.4005 0.8125
2LK3 289 1.853 0.3234 0.8021
2LK3 290 2.302 0.3369 0.8125
2LK3 291 10.363 0.1073 0.2813
2LK3 292 10.280 0.2146 0.3958
2LK3 293 10.705 0.1495 0.3958
2LK3 294 5.929 0.1613 0.5208
2LK3 295 8.882 0.1253 0.3646
2LK3 296 11.627 0.1539 0.3333
2LK3 297 8.549 0.1492 0.4063
2LK3 298 13.218 0.1737 0.4583
2LK3 299 10.554 0.1473 0.3750
2LK3 300 4.862 0.2011 0.5625
2LK3 301 4.439 0.2474 0.5938
2LK3 302 7.487 0.1590 0.4688
2LK3 303 9.985 0.1754 0.3750
2LK3 304 8.099 0.1876 0.4583
2LK3 305 4.458 0.1592 0.5521
2LK3 306 9.399 0.1890 0.4479
2LK3 307 5.420 0.1408 0.4896
2LK3 308 3.160 0.1750 0.6250
2LK3 309 9.519 0.1768 0.4479
2LK3 310 4.847 0.2225 0.6458
2LK3 311 6.639 0.1614 0.4583
2LK3 312 7.575 0.1971 0.4479
2LK3 313 5.119 0.1860 0.5104
2LK3 314 8.988 0.2227 0.5313
2LK3 315 3.696 0.2559 0.6771
2LK3 316 7.697 0.1799 0.5208
2LK3 317 3.237 0.2294 0.6875
2LK3 318 12.756 0.1468 0.3438
2LK3 319 3.272 0.2486 0.6563
2LK3 320 8.804 0.2889 0.5625
2LK3 321 2.789 0.2660 0.6875
2LK3 322 4.793 0.2255 0.5729
2LK3 323 2.863 0.2368 0.6979
2LK3 324 4.602 0.2302 0.6250
2LK3 325 1.609 0.3449 0.8229
2LK3 326 3.186 0.2617 0.6771
2LK3 327 6.854 0.1961 0.4688
2LK3 328 2.347 0.2500 0.7292
2LK3 329 3.473 0.2271 0.6667
2LK3 330 2.234 0.2888 0.7500
2LK3 331 5.342 0.1817 0.5417
2LK3 332 11.627 0.1537 0.3021
2LK3 333 8.982 0.1626 0.4167
2LK3 334 9.423 0.1184 0.3333
2LK3 335 5.622 0.2965 0.6875
2LK3 336 10.046 0.1667 0.3750
2LK3 337 11.068 0.1099 0.3229
2LK3 338 8.237 0.1958 0.5104
2LK3 339 9.261 0.1458 0.3646
2LK3 340 5.285 0.2055 0.5625
2LK3 341 3.828 0.2816 0.6771
2LK3 342 4.388 0.1669 0.5521
2LK3 343 4.790 0.2039 0.6146
2LK3 344 4.764 0.1864 0.5729
2LK3 345 5.351 0.1951 0.5521
2LK3 346 5.275 0.2121 0.5313
2LK3 347 9.793 0.1975 0.4583
2LK3 348 7.872 0.3006 0.5729
2LK3 349 4.421 0.2102 0.6563
2LK3 350 5.438 0.1769 0.5208
2LK3 351 5.138 0.1836 0.5417
2LK3 352 3.752 0.2491 0.6458
2LK3 353 5.233 0.2329 0.6042
2LK3 354 4.201 0.2535 0.6250
2LK3 355 2.762 0.2969 0.7396
2LK3 356 7.812 0.2248 0.5313
2LK3 357 2.503 0.3268 0.7292
2LK3 358 11.825 0.2784 0.4688
2LK3 359 4.125 0.3801 0.7083
2LK3 360 2.054 0.3727 0.7917
2LK3 361 2.359 0.3791 0.7917
2LK3 362 2.293 0.3616 0.7708
2LK3 363 7.996 0.2979 0.6042
2LK3 364 3.092 0.2968 0.6979
2LK3 365 3.163 0.3640 0.7604
2LK3 366 4.842 0.2913 0.6771
2LK3 367 3.060 0.3140 0.7292
2LK3 368 2.043 0.4122 0.8021
2LK3 369 2.516 0.3374 0.7396
2LK3 370 2.485 0.4054 0.8021
2LK3 371 12.305 0.0998 0.3229
2LK3 372 8.737 0.1505 0.4583
2LK3 373 6.695 0.1556 0.5000
2LK3 374 4.224 0.1965 0.6042
2LK3 375 8.316 0.1852 0.4271
2LK3 376 8.838 0.1843 0.4271
2LK3 377 6.183 0.1816 0.4688
2LK3 378 5.032 0.2211 0.5938
2LK3 379 10.834 0.1318 0.3854
2LK3 380 11.113 0.1654 0.4167
2LK3 381 4.756 0.2034 0.6146
2LK3 382 2.592 0.2047 0.6875
2LK3 383 6.358 0.1591 0.4583
2LK3 384 4.216 0.2223 0.5729
2LK3 385 8.268 0.2775 0.6042
2LK3 386 5.020 0.1970 0.5417
2LK3 387 10.862 0.1334 0.3958
2LK3 388 3.060 0.2697 0.7083
2LK3 389 11.979 0.1605 0.3750
2LK3 390 7.647 0.1948 0.4688
2LK3 391 3.914 0.2491 0.6354
2LK3 392 6.293 0.1952 0.5104
2LK3 393 2.515 0.2902 0.7500
2LK3 394 3.123 0.2054 0.6771
2LK3 395 3.120 0.2850 0.6875
2LK3 396 4.766 0.2087 0.6042
2LK3 397 1.881 0.3159 0.7917
2LK3 398 2.291 0.3229 0.7604
2LK3 399 3.640 0.2314 0.6354
2LK3 400 2.603 0.3864 0.7813
2LK3 401 2.503 0.3055 0.7396
2LK3 402 2.207 0.2553 0.7188
2LK3 403 3.283 0.1829 0.6146
2LK3 404 2.215 0.3641 0.7604
2LK3 405 2.356 0.3604 0.7813
2LK3 406 2.343 0.3279 0.7500
2LK3 407 1.880 0.3179 0.7917
2LK3 408 2.422 0.2464 0.7188
2LK3 409 2.084 0.3446 0.8021
2LK3 410 2.560 0.3822 0.7813
2LK3 411 0.985 0.5142 0.9479
2LK3 412 1.434 0.3858 0.8542
2LK3 413 1.470 0.3879 0.8333
2LK3 414 1.380 0.3842 0.8438
2LK3 415 1.500 0.3461 0.8125
2LK3 416 1.504 0.3534 0.8125
2LK3 417 1.517 0.3419 0.8125
2LK3 418 1.506 0.3488 0.8125
2LK3 419 1.504 0.3428 0.8229
2LK3 420 1.500 0.3471 0.8229
2LK3 421 1.506 0.3466 0.8125
2LK3 422 1.501 0.3491 0.8229
2LK3 423 1.491 0.3456 0.8125
2LK3 424 1.513 0.3440 0.8125
2LK3 425 1.504 0.3454 0.8125
2LK3 426 1.497 0.3489 0.8125
2LK3 427 1.516 0.3458 0.8125
2LK3 428 1.502 0.3469 0.8125
2LK3 429 1.500 0.3452 0.8229
2LK3 430 1.502 0.3498 0.8125
2LK3 431 1.503 0.3455 0.8229
2LK3 432 1.507 0.3470 0.8125
2LK3 433 1.520 0.3405 0.8021
2LK3 434 1.527 0.3408 0.8021
2LK3 435 1.513 0.3458 0.8021
2LK3 436 1.506 0.3448 0.8021
2LK3 437 1.510 0.3394 0.8125
2LK3 438 1.494 0.3443 0.8125
2LK3 439 1.525 0.3459 0.8125
2LK3 440 1.506 0.3422 0.8125
2LK3 441 1.502 0.3446 0.8125
2LK3 442 1.500 0.3454 0.8125
2LK3 443 1.517 0.3466 0.8125
2LK3 444 1.523 0.3411 0.8229
2LK3 445 1.503 0.3429 0.8125
2LK3 446 1.511 0.3475 0.8229
2LK3 447 1.482 0.3499 0.8229
2LK3 448 1.484 0.3460 0.8229
2LK3 449 1.484 0.3446 0.8125
2LK3 450 1.467 0.3497 0.8333
2LK3 451 1.488 0.3443 0.8125
2LK3 452 1.506 0.3433 0.8125
2LK3 453 1.514 0.3412 0.8125
2LK3 454 1.507 0.3449 0.8229
2LK3 455 1.518 0.3389 0.8125
2LK3 456 1.520 0.3439 0.8125
2LK3 457 1.488 0.3460 0.8125
2LK3 458 1.517 0.3377 0.8125
2LK3 459 1.504 0.3413 0.8125
2LK3 460 1.507 0.3591 0.8229
2LK3 461 1.486 0.3581 0.8229
2LK3 462 1.482 0.3596 0.8229
2LK3 463 1.482 0.3647 0.8229
2LK3 464 1.498 0.3743 0.8229
2LK3 465 1.514 0.3664 0.8229
2LK3 466 1.499 0.3576 0.8229
2LK3 467 1.513 0.3554 0.8229
2LK3 468 1.461 0.3631 0.8229
2LK3 469 1.459 0.3656 0.8438
2LK3 470 1.485 0.3622 0.8333
2LK3 471 1.463 0.3682 0.8333
2LK3 472 1.487 0.3666 0.8333
2LK3 473 1.491 0.3667 0.8229
2LK3 474 1.527 0.3630 0.8229
2LK3 475 1.473 0.3589 0.8333
2LK3 476 1.459 0.3678 0.8438
2LK3 477 1.497 0.3728 0.8333
2LK3 478 1.496 0.3584 0.8229
2LK3 479 1.505 0.3547 0.8125
2LK3 480 1.512 0.3556 0.8125
2LK3 481 1.490 0.3561 0.8229
2LK3 482 1.509 0.3489 0.8125
2LK3 483 1.496 0.3634 0.8125
2LK3 484 1.488 0.3498 0.8125
2LK3 485 1.499 0.3504 0.8438
2LK3 486 1.535 0.3530 0.8125
2LK3 487 1.529 0.3477 0.8229
2LK3 488 1.499 0.3507 0.8125
2LK3 489 1.530 0.3516 0.8229
2LK3 490 1.520 0.3586 0.8229
2LK3 491 1.488 0.3684 0.8229
2LK3 492 1.562 0.3464 0.8229
2LK3 493 1.520 0.3599 0.8333
2LK3 494 1.493 0.3672 0.8333
2LK3 495 1.479 0.3582 0.8438
2LK3 496 1.465 0.3686 0.8333
2LK3 497 1.501 0.3618 0.8229
2LK3 498 1.505 0.3609 0.8438
2LK3 499 1.458 0.3625 0.8125
2LK3 500 1.534 0.3571 0.8333
2LK3 501 1.499 0.3444 0.8125
2LK3 502 1.520 0.3284 0.8229
2LK3 503 1.471 0.3530 0.8229
2LK3 504 1.440 0.3557 0.8438
2LK3 505 1.459 0.3458 0.8229
2LK3 506 1.495 0.3529 0.8125
2LK3 507 1.423 0.3612 0.8438
2LK3 508 1.403 0.3767 0.8542
2LK3 509 1.471 0.3476 0.8229
2LK3 510 1.484 0.3569 0.8229
2LK3 511 1.487 0.3545 0.8125
2LK3 512 1.456 0.3650 0.8229
2LK3 513 1.403 0.3671 0.8438
2LK3 514 1.410 0.3686 0.8542
2LK3 515 1.419 0.3627 0.8438
2LK3 516 1.469 0.3647 0.8333
2LK3 517 1.486 0.3599 0.8333
2LK3 518 1.473 0.3565 0.8229
2LK3 519 1.470 0.3559 0.8333
2LK3 520 1.546 0.3537 0.8333
2LK3 521 1.538 0.3619 0.8229
2LK3 522 1.450 0.3517 0.8438
2LK3 523 1.456 0.3618 0.8333
2LK3 524 1.435 0.3551 0.8438
2LK3 525 1.464 0.3409 0.8229
2LK3 526 1.522 0.3440 0.8125
2LK3 527 1.465 0.3538 0.8229
2LK3 528 1.465 0.3661 0.8229
2LK3 529 1.508 0.3573 0.8125
2LK3 530 1.458 0.3500 0.8333
2LK3 531 1.450 0.3576 0.8333
2LK3 532 1.490 0.3377 0.8333
2LK3 533 1.533 0.3280 0.8229
2LK3 534 1.574 0.3311 0.8125
2LK3 535 1.577 0.3201 0.8125
2LK3 536 1.535 0.3280 0.8229
2LK3 537 1.389 0.3578 0.8542
2LK3 538 1.376 0.3666 0.8438
2LK3 539 1.450 0.3461 0.8229
2LK3 540 1.510 0.3490 0.8125
2LK3 541 1.536 0.3206 0.8125
2LK3 542 1.423 0.3432 0.8333
2LK3 543 1.308 0.3829 0.8542
2LK3 544 1.326 0.3762 0.8646
2LK3 545 1.292 0.3805 0.8646
2LK3 546 1.319 0.3824 0.8646
2LK3 547 1.273 0.3799 0.8750
2LK3 548 1.299 0.3763 0.8646
2LK3 549 1.315 0.3650 0.8646
2LK3 550 1.221 0.4154 0.8854
2LK3 551 1.328 0.3793 0.8646
2LK3 552 1.275 0.3883 0.8750
2LK3 553 1.310 0.3715 0.8646
2LK3 554 1.254 0.3883 0.8854
2LK3 555 1.290 0.3816 0.8958
2LK3 556 1.272 0.3891 0.8750
2LK3 557 1.285 0.3996 0.8854
2LK3 558 1.262 0.3978 0.8854
2LK3 559 1.284 0.3914 0.8750
2LK3 560 1.331 0.3822 0.8542
2LK3 561 1.299 0.3905 0.8854
2LK3 562 1.266 0.3779 0.8854
2LK3 563 1.300 0.3744 0.8854
2LK3 564 1.273 0.3806 0.8750
2LK3 565 1.298 0.3832 0.8646
2LK3 566 1.268 0.3892 0.8646
2LK3 567 1.311 0.3990 0.8646
2LK3 568 1.352 0.3697 0.8646
2LK3 569 1.311 0.4042 0.8750
2LK3 570 1.292 0.4063 0.8750
2LK3 571 1.337 0.3963 0.8646
2LK3 572 1.247 0.4063 0.8750
2LK3 573 1.203 0.4330 0.8958
2LK3 574 1.208 0.4451 0.8958
2LK3 575 1.191 0.4427 0.8958
2LK3 576 1.215 0.4151 0.8854
2LK3 577 1.281 0.3891 0.8854
2LK3 578 1.253 0.4194 0.8854
2LK3 579 1.245 0.4194 0.8750
2LK3 580 1.264 0.4236 0.8646
2LK3 581 1.263 0.4461 0.8958
2LK3 582 1.257 0.4330 0.9063
2LK3 583 1.305 0.4028 0.8854
2LK3 584 1.257 0.4361 0.8854
2LK3 585 1.333 0.4081 0.8854
2LK3 586 1.317 0.4186 0.8854
2LK3 587 1.292 0.4162 0.8958
2LK3 588 1.330 0.4089 0.8854
2LK3 589 1.339 0.4124 0.8750
2LK3 590 1.316 0.4060 0.8750
2LK3 591 1.300 0.4136 0.8750
2LK3 592 1.271 0.4326 0.8854
2LK3 593 1.303 0.4192 0.8854
2LK3 594 1.312 0.3967 0.8750
2LK3 595 1.316 0.4029 0.8854
2LK3 596 1.301 0.4045 0.8854
2LK3 597 1.301 0.4145 0.8854
2LK3 598 1.391 0.3904 0.8958
2LK3 599 1.364 0.4027 0.8542
2LK3 600 1.345 0.3838 0.8646
2LK3 601 1.332 0.3750 0.8542
2LK3 602 1.341 0.3948 0.8750
2LK3 603 1.295 0.4439 0.8854
2LK3 604 1.301 0.4291 0.8542
2LK3 605 1.286 0.4088 0.8854
2LK3 606 1.368 0.3938 0.8750
2LK3 607 1.335 0.4282 0.8854
2LK3 608 1.381 0.4344 0.8750
2LK3 609 1.374 0.4066 0.8750
2LK3 610 1.252 0.4456 0.8854
2LK3 611 1.291 0.4074 0.8646
2LK3 612 1.344 0.4249 0.8854
2LK3 613 1.408 0.3823 0.8646
2LK3 614 1.414 0.3762 0.8542
2LK3 615 1.213 0.4116 0.8854
2LK3 616 1.306 0.4248 0.8646
2LK3 617 1.247 0.4403 0.8854
2LK3 618 1.291 0.4468 0.8854
2LK3 619 1.309 0.4270 0.8542
2LK3 620 1.287 0.3970 0.8750
2LK3 621 1.228 0.3855 0.8646
2LK3 622 1.339 0.4151 0.8854
2LK3 623 1.370 0.4203 0.8646
2LK3 624 1.291 0.4395 0.8646
2LK3 625 1.346 0.4310 0.8750
2LK3 626 1.372 0.3943 0.8750
2LK3 627 1.303 0.4258 0.8750
2LK3 628 1.272 0.4764 0.8854
2LK3 629 1.383 0.4393 0.8542
2LK3 630 1.363 0.4335 0.8750
2LK3 631 1.318 0.4510 0.8646
2LK3 632 1.267 0.4427 0.8958
2LK3 633 1.240 0.4233 0.8750
2LK3 634 1.291 0.4256 0.8854
2LK3 635 1.234 0.4254 0.8958
2LK3 636 1.245 0.4047 0.8750
2LK3 637 1.262 0.3915 0.8750
2LK3 638 1.258 0.3595 0.8646
2LK3 639 1.307 0.3740 0.8646
2LK3 640 1.311 0.4018 0.9063
2LK3 641 1.241 0.4214 0.8854
2LK3 642 1.250 0.4402 0.8958
2LK3 643 1.295 0.4313 0.8646
2LK3 644 1.349 0.4114 0.8646
2LK3 645 1.356 0.3967 0.8646
2LK3 646 1.309 0.3491 0.8646
2LK3 647 1.283 0.3766 0.8542
2LK3 648 1.343 0.3755 0.8646
2LK3 649 1.269 0.3743 0.8542
2LK3 650 1.279 0.4150 0.8854
2LK3 651 1.305 0.3616 0.8750
2LK3 652 1.398 0.4056 0.8750
2LK3 653 1.383 0.4326 0.8750
2LK3 654 1.297 0.3857 0.8646
2LK3 655 1.283 0.4256 0.8750
2LK3 656 1.357 0.3818 0.8542
2LK3 657 1.379 0.4488 0.8750
2LK3 658 1.450 0.4285 0.8542
2LK3 659 1.288 0.3736 0.8854
2LK3 660 1.295 0.4030 0.8854
2LK3 661 1.370 0.3810 0.8646
2LK3 662 1.365 0.3831 0.8542
2LK3 663 1.400 0.3846 0.8438
2LK3 664 1.432 0.3793 0.8750
2LK3 665 1.487 0.4004 0.8542
2LK3 666 1.351 0.3747 0.8646
2LK3 667 1.354 0.3590 0.8750
2LK3 668 1.318 0.4226 0.8750
2LK3 669 1.359 0.4072 0.8438
2LK3 670 1.302 0.4106 0.8750
2LK3 671 1.413 0.3971 0.8542
2LK3 672 1.267 0.4011 0.8542
2LK3 673 1.374 0.3691 0.8542
2LK3 674 1.305 0.3752 0.8750
2LK3 675 1.327 0.4111 0.8646
2LK3 676 1.355 0.4152 0.8542
2LK3 677 1.339 0.3832 0.8646
2LK3 678 1.200 0.4440 0.8958
2LK3 679 1.292 0.4009 0.8646
2LK3 680 1.313 0.3703 0.8646
2LK3 681 1.283 0.4355 0.8750
2LK3 682 1.394 0.4036 0.8542
2LK3 683 1.332 0.4094 0.8750
2LK3 684 1.386 0.4055 0.8542
2LK3 685 1.527 0.3802 0.8229
2LK3 686 1.448 0.3863 0.8750
2LK3 687 1.563 0.3710 0.8438
2LK3 688 1.551 0.3422 0.8438
2LK3 689 1.593 0.3781 0.8333
2LK3 690 1.639 0.3323 0.8229
2LK3 691 1.583 0.3686 0.8438
2LK3 692 1.822 0.3163 0.8229
2LK3 693 1.765 0.3392 0.8438
2LK3 694 1.700 0.3562 0.8438
2LK3 695 1.899 0.3701 0.8229
2LK3 696 1.938 0.3332 0.8125
2LK3 697 1.926 0.3594 0.8333
2LK3 698 1.784 0.3969 0.8542
2LK3 699 1.775 0.3762 0.8333
2LK3 700 1.858 0.3156 0.8229
2LK3 701 1.785 0.3317 0.8229
2LK3 702 1.840 0.3235 0.8125
2LK3 703 1.674 0.3502 0.8333
2LK3 704 1.841 0.3836 0.8333
2LK3 705 1.790 0.3645 0.8438
2LK3 706 1.739 0.3500 0.8333
2LK3 707 1.717 0.3696 0.8229
2LK3 708 1.854 0.3446 0.8333
2LK3 709 1.705 0.3630 0.8229
2LK3 710 1.885 0.3541 0.8229
2LK3 711 1.935 0.3685 0.8229
2LK3 712 1.845 0.3433 0.8333
2LK3 713 1.905 0.3718 0.8229
2LK3 714 1.850 0.3471 0.8229
2LK3 715 1.887 0.3756 0.8438
2LK3 716 1.871 0.3701 0.8438
2LK3 717 1.793 0.3976 0.8542
2LK3 718 1.833 0.3948 0.8542
2LK3 719 1.871 0.3679 0.8021
2LK3 720 1.822 0.3322 0.8229
2LK3 721 1.741 0.3556 0.8333
2LK3 722 1.808 0.3574 0.8229
2LK3 723 1.719 0.3454 0.8229
2LK3 724 1.675 0.3397 0.8229
2LK3 725 1.668 0.3462 0.8229
2LK3 726 1.675 0.3541 0.8125
2LK3 727 1.812 0.3630 0.8229
2LK3 728 1.713 0.3770 0.8125
2LK3 729 1.752 0.3587 0.8333
2LK3 730 1.619 0.3415 0.8229
2LK3 731 1.721 0.3724 0.8438
2LK3 732 1.612 0.3811 0.8438
2LK3 733 1.814 0.3286 0.8125
2LK3 734 1.689 0.3421 0.8229
2LK3 735 1.717 0.3590 0.8333
2LK3 736 1.669 0.3740 0.8438
2LK3 737 1.711 0.3200 0.8125
2LK3 738 1.761 0.3034 0.8021
2LK3 739 1.768 0.3526 0.8021
2LK3 740 1.795 0.3921 0.8438
2LK3 741 1.810 0.3207 0.7917
2LK3 742 1.769 0.3084 0.8125
2LK3 743 1.761 0.3174 0.8021
2LK3 744 1.683 0.3150 0.8125
2LK3 745 1.497 0.3819 0.8333
2LK3 746 1.636 0.3390 0.8229
2LK3 747 1.443 0.3832 0.8438
2LK3 748 1.456 0.3604 0.8229
2LK3 749 1.687 0.3512 0.7917
2LK3 750 1.719 0.3390 0.8125
2LK3 751 1.666 0.3635 0.8229
2LK3 752 1.660 0.3316 0.8229
2LK3 753 1.755 0.3223 0.8125
2LK3 754 1.664 0.3611 0.8021
2LK3 755 1.555 0.3812 0.8333
2LK3 756 1.461 0.3888 0.8333
2LK3 757 1.484 0.3404 0.8438
2LK3 758 1.609 0.3248 0.8125
2LK3 759 1.565 0.3222 0.8125
2LK3 760 1.451 0.3185 0.8229
2LK3 761 1.594 0.3128 0.7917
2LK3 762 1.468 0.3462 0.8229
2LK3 763 1.555 0.3138 0.8229
2LK3 764 1.586 0.3479 0.8438
2LK3 765 1.569 0.3440 0.8333
2LK3 766 1.599 0.3592 0.8438
2LK3 767 1.740 0.3465 0.8125
2LK3 768 1.710 0.3438 0.8438
2LK3 769 1.656 0.3729 0.8125
2LK3 770 1.512 0.3804 0.8333
2LK3 771 1.679 0.3519 0.8333
2LK3 772 1.839 0.3621 0.8229
2LK3 773 1.834 0.3464 0.8021
2LK3 774 1.672 0.3302 0.8021
2LK3 775 1.593 0.3330 0.8125
2LK3 776 1.656 0.3486 0.8333
2LK3 777 1.593 0.3435 0.8229
2LK3 778 1.624 0.3281 0.8229
2LK3 779 1.814 0.3242 0.8021
2LK3 780 1.583 0.3836 0.8542
2LK3 781 1.748 0.3532 0.8229
2LK3 782 1.661 0.3445 0.8229
2LK3 783 1.592 0.3716 0.8229
2LK3 784 1.748 0.3423 0.8125
2LK3 785 1.818 0.3672 0.8125
2LK3 786 1.752 0.3464 0.8125
2LK3 787 1.874 0.3260 0.8021
2LK3 788 1.742 0.3175 0.8021
2LK3 789 1.550 0.3904 0.8438
2LK3 790 1.795 0.3277 0.8021
2LK3 791 1.912 0.3081 0.8125
2LK3 792 1.868 0.3205 0.8229
2LK3 793 1.728 0.3500 0.8229
2LK3 794 1.869 0.3184 0.8229
2LK3 795 1.842 0.3159 0.8229
2LK3 796 1.855 0.3411 0.8021
2LK3 797 1.951 0.3508 0.8229
2LK3 798 2.123 0.3145 0.7917
2LK3 799 2.214 0.2823 0.7604
2LK3 800 2.043 0.3289 0.8021
2LK3 801 2.193 0.3109 0.7500
2LK3 802 2.014 0.2976 0.7604
2LK3 803 2.154 0.2911 0.7708
2LK3 804 2.161 0.2771 0.7813
2LK3 805 1.848 0.3459 0.8438
2LK3 806 2.076 0.3049 0.7917
2LK3 807 2.126 0.3220 0.8229
2LK3 808 2.087 0.3169 0.7813
2LK3 809 2.044 0.3277 0.8125
2LK3 810 1.970 0.3455 0.8229
2LK3 811 1.834 0.3600 0.8229
2LK3 812 2.091 0.3393 0.7813
2LK3 813 2.103 0.3323 0.7813
2LK3 814 1.879 0.3717 0.8229
2LK3 815 2.011 0.3044 0.8021
2LK3 816 1.801 0.3615 0.8229
2LK3 817 1.974 0.3358 0.8021
2LK3 818 2.142 0.3290 0.7813
2LK3 819 1.747 0.3588 0.8333
2LK3 820 2.047 0.3166 0.7813
2LK3 821 1.650 0.3650 0.8333
2LK3 822 1.897 0.3385 0.7917
2LK3 823 1.839 0.3350 0.8125
2LK3 824 1.990 0.2722 0.7813
2LK3 825 1.941 0.2925 0.7708
2LK3 826 1.973 0.2869 0.7604
2LK3 827 2.088 0.2551 0.7708
2LK3 828 2.102 0.2606 0.7604
2LK3 829 2.441 0.2523 0.7396
2LK3 830 2.279 0.2854 0.7396
2LK3 831 2.505 0.2596 0.7292
2LK3 832 2.442 0.2713 0.7396
2LK3 833 2.332 0.2769 0.7396
2LK3 834 2.385 0.2582 0.7292
2LK3 835 2.412 0.2556 0.7396
2LK3 836 2.488 0.2410 0.7188
2LK3 837 2.462 0.2349 0.7292
2LK3 838 2.280 0.2489 0.7396
2LK3 839 2.480 0.2123 0.7083
2LK3 840 2.446 0.2379 0.7083
2LK3 841 2.555 0.2369 0.6875
2LK3 842 2.361 0.2207 0.7292
2LK3 843 2.336 0.2328 0.7188
2LK3 844 2.380 0.2795 0.7604
2LK3 845 2.425 0.2406 0.7292
2LK3 846 2.363 0.2553 0.7396
2LK3 847 2.364 0.2431 0.7188
2LK3 848 2.440 0.2284 0.7188
2LK3 849 2.415 0.2617 0.7292
2LK3 850 2.310 0.2743 0.7604
2LK3 851 2.227 0.2691 0.7500
2LK3 852 2.295 0.2907 0.7292
2LK3 853 2.333 0.2608 0.7396
2LK3 854 2.450 0.2435 0.7188
2LK3 855 2.441 0.2498 0.7083
2LK3 856 2.485 0.2313 0.7292
2LK3 857 2.249 0.2452 0.7292
2LK3 858 2.310 0.2380 0.7396
2LK3 859 2.295 0.2364 0.7292
2LK3 860 2.430 0.2515 0.7083
2LK3 861 2.192 0.2675 0.7500
2LK3 862 2.264 0.2537 0.7396
2LK3 863 2.482 0.2673 0.7500
2LK3 864 2.478 0.2752 0.7292
2LK3 865 2.420 0.2467 0.7188
2LK3 866 2.476 0.2566 0.7292
2LK3 867 2.631 0.2611 0.7188
2LK3 868 2.558 0.2425 0.7396
2LK3 869 2.390 0.2595 0.7396
2LK3 870 2.547 0.2360 0.7292
2LK3 871 2.380 0.2734 0.7396
2LK3 872 2.305 0.2651 0.7292
2LK3 873 2.270 0.2663 0.7292
2LK3 874 2.424 0.2730 0.7396
2LK3 875 2.292 0.2685 0.7396
2LK3 876 2.393 0.2631 0.7396
2LK3 877 2.187 0.2715 0.7604
2LK3 878 2.294 0.2965 0.7604
2LK3 879 2.388 0.3164 0.7500
2LK3 880 2.346 0.2660 0.7500
2LK3 881 2.404 0.2621 0.7292
2LK3 882 2.296 0.2662 0.7708
2LK3 883 2.468 0.2699 0.7292
2LK3 884 2.425 0.2675 0.7604
2LK3 885 2.439 0.2444 0.7396
2LK3 886 2.468 0.2464 0.7292
2LK3 887 2.270 0.2610 0.7292
2LK3 888 2.291 0.2724 0.7396
2LK3 889 2.466 0.2751 0.7396
2LK3 890 2.259 0.2951 0.7708
2LK3 891 2.336 0.2816 0.7500
2LK3 892 2.432 0.2503 0.7396
2LK3 893 2.631 0.2048 0.6979
2LK3 894 2.560 0.2522 0.7396
2LK3 895 2.411 0.2464 0.7292
2LK3 896 2.472 0.2102 0.7188
2LK3 897 2.428 0.2086 0.7188
2LK3 898 2.551 0.2272 0.7083
2LK3 899 2.713 0.2519 0.6979
2LK3 900 2.410 0.2738 0.7396
2LK3 901 2.668 0.2451 0.7188
2LK3 902 2.550 0.2571 0.7188
2LK3 903 2.409 0.2798 0.7396
2LK3 904 2.312 0.2827 0.7500
2LK3 905 2.188 0.2805 0.7500
2LK3 906 2.370 0.2993 0.7500
2LK3 907 2.611 0.2812 0.7188
2LK3 908 2.662 0.2786 0.7083
2LK3 909 2.677 0.2795 0.7188
2LK3 910 2.794 0.3056 0.7188
2LK3 911 2.707 0.2845 0.7083
2LK3 912 2.678 0.2749 0.7083
2LK3 913 2.722 0.2886 0.7083
2LK3 914 2.826 0.2682 0.7083
2LK3 915 2.890 0.2689 0.7083
2LK3 916 2.874 0.3070 0.7083
2LK3 917 2.927 0.2744 0.6979
2LK3 918 2.988 0.2695 0.7083
2LK3 919 2.887 0.3004 0.7083
2LK3 920 2.689 0.2778 0.7188
2LK3 921 2.874 0.3132 0.7188
2LK3 922 2.691 0.2881 0.7292
2LK3 923 2.820 0.2973 0.7083
2LK3 924 2.766 0.2494 0.6979
2LK3 925 2.948 0.2728 0.6979
2LK3 926 2.787 0.2897 0.7083
2LK3 927 2.856 0.2797 0.7083
2LK3 928 2.767 0.2990 0.7396
2LK3 929 2.839 0.2893 0.7188
2LK3 930 2.736 0.3121 0.7292
2LK3 931 2.738 0.3053 0.7292
2LK3 932 2.643 0.2788 0.7292
2LK3 933 2.738 0.2872 0.7396
2LK3 934 2.690 0.2846 0.7396
2LK3 935 2.632 0.2680 0.7396
2LK3 936 2.692 0.2721 0.7396
2LK3 937 2.560 0.2806 0.7604
2LK3 938 2.627 0.2855 0.7396
2LK3 939 2.737 0.2710 0.7188
2LK3 940 2.670 0.2621 0.7396
2LK3 941 2.486 0.3239 0.7708
2LK3 942 2.531 0.2779 0.7292
2LK3 943 2.693 0.2848 0.7188
2LK3 944 2.693 0.2687 0.7083
2LK3 945 2.641 0.2794 0.7292
2LK3 946 2.684 0.2598 0.7083
2LK3 947 2.740 0.2965 0.7292
2LK3 948 2.690 0.2865 0.7292
2LK3 949 2.767 0.2837 0.7292
2LK3 950 2.758 0.2763 0.7188
2LK3 951 2.646 0.2947 0.7396
2LK3 952 2.682 0.2663 0.7292
2LK3 953 2.703 0.2602 0.7188
2LK3 954 2.700 0.2661 0.7083
2LK3 955 2.653 0.2942 0.7396
2LK3 956 2.767 0.2788 0.7500
2LK3 957 2.639 0.2634 0.7188
2LK3 958 2.611 0.2952 0.7396
2LK3 959 2.591 0.2657 0.7188
2LK3 960 2.643 0.2606 0.7292
2LK3 961 2.617 0.2974 0.7083
2LK3 962 2.666 0.2743 0.7292
2LK3 963 2.618 0.2648 0.7396
2LK3 964 2.595 0.2667 0.7188
2LK3 965 2.609 0.2557 0.7292
2LK3 966 2.570 0.2757 0.7188
2LK3 967 2.762 0.2535 0.7188
2LK3 968 2.698 0.2495 0.7083
2LK3 969 2.651 0.2764 0.7188
2LK3 970 2.653 0.2608 0.7188
2LK3 971 2.590 0.2912 0.7396
2LK3 972 2.680 0.2726 0.7188
2LK3 973 2.554 0.2516 0.7188
2LK3 974 2.604 0.2787 0.7500
2LK3 975 2.491 0.2558 0.7188
2LK3 976 2.627 0.2911 0.7396
2LK3 977 2.657 0.2808 0.7292
2LK3 978 2.641 0.2616 0.7604
2LK3 979 2.688 0.2555 0.7188
2LK3 980 2.642 0.3004 0.7396
2LK3 981 2.624 0.2753 0.7188
2LK3 982 2.726 0.2567 0.7083
2LK3 983 2.705 0.2514 0.7083
2LK3 984 2.655 0.2644 0.7396
2LK3 985 2.622 0.2654 0.7292
2LK3 986 2.627 0.2957 0.7292
2LK3 987 2.560 0.2723 0.7292
2LK3 988 2.676 0.2804 0.7500
2LK3 989 2.728 0.2538 0.7083
2LK3 990 2.639 0.2927 0.7292
2LK3 991 2.663 0.2693 0.7292
2LK3 992 2.520 0.2876 0.7396
2LK3 993 2.637 0.2746 0.7188
2LK3 994 2.742 0.2495 0.7188
2LK3 995 2.663 0.3219 0.7292
2LK3 996 2.607 0.2702 0.7188
2LK3 997 2.618 0.2440 0.7188
2LK3 998 2.636 0.2519 0.7292
2LK3 999 2.608 0.2894 0.7292
2LK3 1000 2.578 0.2727 0.7188
2LK3 1001 2.647 0.2646 0.7083
2LK3 1002 2.602 0.2549 0.7188
2LK3 1003 2.551 0.2954 0.7500
2LK3 1004 2.517 0.2590 0.7292
2LK3 1005 2.661 0.2895 0.7500
2LK3 1006 2.601 0.2968 0.7396
2LK3 1007 2.556 0.3145 0.7396
2LK3 1008 2.553 0.2663 0.7188
2LK3 1009 2.594 0.2834 0.7292
2LK3 1010 2.546 0.2872 0.7188
2LK3 1011 2.598 0.2494 0.7188
2LK3 1012 2.519 0.2835 0.7292
2LK3 1013 2.718 0.2727 0.7292
2LK3 1014 2.605 0.2560 0.7188
2LK3 1015 2.559 0.2697 0.7292
2LK3 1016 2.635 0.2759 0.7292
2LK3 1017 2.629 0.2369 0.7292
2LK3 1018 2.524 0.2601 0.7292
2LK3 1019 2.566 0.2779 0.7188
2LK3 1020 2.597 0.2708 0.7188
2LK3 1021 2.553 0.2476 0.7500
2LK3 1022 2.708 0.2491 0.7188
2LK3 1023 2.641 0.2646 0.7188
2LK3 1024 2.698 0.2586 0.7083
2LK3 1025 2.725 0.2740 0.7292
2LK3 1026 2.562 0.2445 0.7292
2LK3 1027 2.563 0.2607 0.7292
2LK3 1028 2.626 0.2376 0.7188
2LK3 1029 2.829 0.2694 0.7188
2LK3 1030 2.692 0.2544 0.7188
2LK3 1031 2.716 0.2733 0.7292
2LK3 1032 2.567 0.2569 0.7188
2LK3 1033 2.843 0.2542 0.6979
2LK3 1034 2.739 0.2610 0.7292
2LK3 1035 2.787 0.2798 0.7188
2LK3 1036 2.817 0.2928 0.7292
2LK3 1037 2.915 0.2528 0.7188
2LK3 1038 2.972 0.3149 0.7292
2LK3 1039 3.020 0.2949 0.7188
2LK3 1040 2.956 0.2496 0.7188
2LK3 1041 2.924 0.3062 0.7188
2LK3 1042 3.018 0.2555 0.7083
2LK3 1043 3.026 0.2572 0.7083
2LK3 1044 3.090 0.2662 0.6979
2LK3 1045 3.077 0.2287 0.6771
2LK3 1046 2.947 0.2806 0.7292
2LK3 1047 3.004 0.2845 0.7188
2LK3 1048 3.009 0.2893 0.7292
2LK3 1049 2.942 0.2728 0.7188
2LK3 1050 2.640 0.2321 0.7083
2LK3 1051 2.928 0.2740 0.7188
2LK3 1052 3.150 0.3153 0.7292
2LK3 1053 3.174 0.2996 0.7396
2LK3 1054 2.920 0.3290 0.7500
2LK3 1055 3.018 0.3164 0.7396
2LK3 1056 3.092 0.3353 0.7396
2LK3 1057 2.855 0.3568 0.7396
2LK3 1058 2.881 0.3365 0.7500
2LK3 1059 2.985 0.2819 0.7188
2LK3 1060 2.944 0.3202 0.7292
2LK3 1061 3.104 0.3152 0.7604
2LK3 1062 2.857 0.3028 0.7396
2LK3 1063 2.907 0.3605 0.7500
2LK3 1064 3.090 0.2706 0.7396
2LK3 1065 2.983 0.3061 0.7292
2LK3 1066 2.988 0.2806 0.7500
2LK3 1067 3.026 0.3442 0.7292
2LK3 1068 2.936 0.3090 0.7396
2LK3 1069 3.018 0.2945 0.7396
2LK3 1070 2.835 0.2847 0.7292
2LK3 1071 3.052 0.2805 0.7292
2LK3 1072 2.926 0.2654 0.7292
2LK3 1073 2.882 0.2706 0.7292
2LK3 1074 2.810 0.2510 0.7083
2LK3 1075 2.839 0.3094 0.7500
2LK3 1076 2.780 0.2562 0.7292
2LK3 1077 2.906 0.2422 0.7083
2LK3 1078 2.902 0.2506 0.6979
2LK3 1079 3.064 0.2620 0.7188
2LK3 1080 2.880 0.2692 0.7396
2LK3 1081 3.053 0.2559 0.7396
2LK3 1082 2.921 0.2568 0.7083
2LK3 1083 2.992 0.2847 0.7292
2LK3 1084 2.971 0.3026 0.7396
2LK3 1085 2.938 0.2387 0.7188
2LK3 1086 2.996 0.2471 0.6979
2LK3 1087 2.994 0.2546 0.7292
2LK3 1088 2.965 0.2832 0.7188
2LK3 1089 2.941 0.2298 0.7188
2LK3 1090 2.998 0.2658 0.7188
2LK3 1091 2.992 0.2555 0.6979
2LK3 1092 3.028 0.3019 0.7396
2LK3 1093 3.090 0.2786 0.7083
2LK3 1094 3.066 0.2829 0.7188
2LK3 1095 3.105 0.3024 0.6875
2LK3 1096 3.103 0.3400 0.7292
2LK3 1097 2.914 0.3003 0.7292
2LK3 1098 2.930 0.2883 0.7292
2LK3 1099 2.990 0.3134 0.7292
2LK3 1100 2.882 0.2581 0.7500
2LK3 1101 2.993 0.3241 0.7292
2LK3 1102 2.995 0.2544 0.6563
2LK3 1103 2.886 0.2929 0.6979
2LK3 1104 3.073 0.2902 0.7292
2LK3 1105 3.124 0.2661 0.7083
2LK3 1106 2.941 0.2560 0.7188
2LK3 1107 3.134 0.2924 0.6875
2LK3 1108 3.143 0.2689 0.6771
2LK3 1109 2.998 0.3123 0.7188
2LK3 1110 2.862 0.3094 0.7188
2LK3 1111 3.084 0.3304 0.7083
2LK3 1112 3.191 0.2841 0.6875
2LK3 1113 3.178 0.2613 0.6875
2LK3 1114 3.066 0.2509 0.6979
2LK3 1115 3.183 0.2531 0.7083
2LK3 1116 3.042 0.2848 0.7083
2LK3 1117 2.981 0.2693 0.7188
2LK3 1118 3.080 0.2862 0.7292
2LK3 1119 2.942 0.2875 0.7188
2LK3 1120 3.008 0.2668 0.6875
2LK3 1121 2.972 0.2685 0.7083
2LK3 1122 2.975 0.2797 0.7188
2LK3 1123 3.122 0.3556 0.7188
2LK3 1124 3.170 0.3121 0.7083
2LK3 1125 3.171 0.2336 0.6667
2LK3 1126 3.297 0.2860 0.6979
2LK3 1127 3.131 0.2733 0.6979
2LK3 1128 3.377 0.2519 0.6979
2LK3 1129 3.270 0.2967 0.7083
2LK3 1130 3.199 0.2746 0.6875
2LK3 1131 3.185 0.2915 0.6979
2LK3 1132 3.297 0.3164 0.6771
2LK3 1133 3.307 0.2861 0.6979
2LK3 1134 3.309 0.3002 0.6875
2LK3 1135 3.234 0.3128 0.7083
2LK3 1136 3.248 0.3234 0.7083
2LK3 1137 3.259 0.3375 0.7188
2LK3 1138 3.247 0.3263 0.7188
2LK3 1139 3.177 0.3035 0.7188
2LK3 1140 3.465 0.2900 0.6875
2LK3 1141 3.270 0.2952 0.6979
2LK3 1142 3.513 0.2579 0.6875
2LK3 1143 3.483 0.2742 0.6979
2LK3 1144 3.249 0.3291 0.7188
2LK3 1145 3.503 0.3265 0.6875
2LK3 1146 3.347 0.2801 0.6667
2LK3 1147 3.438 0.3023 0.6979
2LK3 1148 3.315 0.2954 0.6875
2LK3 1149 3.475 0.3284 0.6979
2LK3 1150 3.275 0.3193 0.6979
2LK3 1151 3.297 0.3024 0.6979
2LK3 1152 3.316 0.2394 0.6875
2LK3 1153 3.642 0.2283 0.6771
2LK3 1154 3.123 0.2670 0.6979
2LK3 1155 3.513 0.2460 0.6771
2LK3 1156 3.161 0.2933 0.6979
2LK3 1157 3.340 0.2677 0.6875
2LK3 1158 3.227 0.2868 0.6875
2LK3 1159 3.354 0.3094 0.6979
2LK3 1160 3.311 0.2856 0.6979
2LK3 1161 3.434 0.2808 0.6875
2LK3 1162 3.439 0.2986 0.6979
2LK3 1163 3.368 0.2872 0.6979
2LK3 1164 3.380 0.3114 0.6771
2LK3 1165 3.489 0.2819 0.6875
2LK3 1166 3.289 0.3133 0.6979
2LK3 1167 3.314 0.3257 0.7083
2LK3 1168 3.103 0.3324 0.7083
2LK3 1169 3.366 0.2878 0.6979
2LK3 1170 3.366 0.2507 0.6667
2LK3 1171 3.188 0.2808 0.6979
2LK3 1172 3.334 0.2643 0.6979
2LK3 1173 3.292 0.2823 0.7083
2LK3 1174 3.403 0.2762 0.7083
2LK3 1175 3.230 0.3058 0.7083
2LK3 1176 3.352 0.2842 0.6979
2LK3 1177 3.377 0.3246 0.7188
2LK3 1178 3.286 0.3481 0.7083
2LK3 1179 3.396 0.3165 0.7083
2LK3 1180 3.281 0.2745 0.6875
2LK3 1181 3.156 0.2371 0.6875
2LK3 1182 3.087 0.3165 0.7188
2LK3 1183 2.974 0.2971 0.6979
2LK3 1184 2.981 0.3587 0.7188
2LK3 1185 3.119 0.3176 0.6875
2LK3 1186 3.112 0.3079 0.7188
2LK3 1187 3.159 0.3237 0.6875
2LK3 1188 2.878 0.3476 0.7188
2LK3 1189 3.063 0.3003 0.7188
2LK3 1190 3.186 0.2665 0.7083
2LK3 1191 3.108 0.3317 0.7188
2LK3 1192 3.344 0.2617 0.6979
2LK3 1193 3.329 0.2498 0.6875
2LK3 1194 3.288 0.3437 0.6979
2LK3 1195 3.227 0.3001 0.7188
2LK3 1196 3.400 0.2562 0.6979
2LK3 1197 3.230 0.2821 0.6875
2LK3 1198 3.116 0.2993 0.7083
2LK3 1199 2.955 0.2768 0.7188
2LK3 1200 3.178 0.2749 0.6979
2LK3 1201 3.466 0.2867 0.6979
2LK3 1202 3.226 0.2758 0.6875
2LK3 1203 3.270 0.2669 0.6875
2LK3 1204 3.291 0.2981 0.6979
2LK3 1205 3.243 0.2543 0.6875
2LK3 1206 3.044 0.2894 0.7188
2LK3 1207 3.349 0.3090 0.7083
2LK3 1208 3.346 0.2568 0.6979
2LK3 1209 3.532 0.2893 0.7083
2LK3 1210 3.584 0.2473 0.6771
2LK3 1211 3.362 0.3111 0.7188
2LK3 1212 3.499 0.2730 0.6875
2LK3 1213 3.262 0.2613 0.7083
2LK3 1214 3.535 0.3017 0.6979
2LK3 1215 3.212 0.2311 0.6979
2LK3 1216 3.587 0.2706 0.6875
2LK3 1217 3.263 0.2609 0.6875
2LK3 1218 3.247 0.2985 0.6875
2LK3 1219 3.282 0.2816 0.7083
2LK3 1220 3.285 0.2695 0.6979
2LK3 1221 3.392 0.2805 0.7083
2LK3 1222 3.398 0.2788 0.6667
2LK3 1223 3.184 0.2860 0.6979
2LK3 1224 3.061 0.2576 0.6667
2LK3 1225 3.276 0.2313 0.6667
2LK3 1226 3.241 0.2336 0.6875
2LK3 1227 3.333 0.2799 0.6979
2LK3 1228 3.028 0.2753 0.6979
2LK3 1229 3.034 0.3044 0.6875
2LK3 1230 2.961 0.2309 0.7188
2LK3 1231 3.056 0.2308 0.6979
2LK3 1232 2.952 0.2326 0.6979
2LK3 1233 2.932 0.2750 0.7188
2LK3 1234 2.994 0.2751 0.7188
2LK3 1235 3.109 0.2453 0.7083
2LK3 1236 2.839 0.2657 0.7083
2LK3 1237 2.856 0.2712 0.7188
2LK3 1238 2.925 0.2633 0.7083
2LK3 1239 3.123 0.2556 0.7188
2LK3 1240 3.120 0.2377 0.6979
2LK3 1241 2.924 0.2395 0.6771
2LK3 1242 2.912 0.2443 0.7188
2LK3 1243 2.946 0.2473 0.7083
2LK3 1244 2.952 0.2341 0.6979
2LK3 1245 2.696 0.2611 0.7083
2LK3 1246 3.151 0.1948 0.6667
2LK3 1247 2.829 0.2389 0.6875
2LK3 1248 3.002 0.2350 0.6979
2LK3 1249 2.807 0.2737 0.7188
2LK3 1250 3.173 0.2282 0.6875
2LK3 1251 2.755 0.2240 0.7083
2LK3 1252 3.035 0.2556 0.6979
2LK3 1253 3.078 0.2542 0.7083
2LK3 1254 2.910 0.2123 0.6771
2LK3 1255 3.025 0.2004 0.6458
2LK3 1256 3.041 0.2036 0.6771
2LK3 1257 2.959 0.1792 0.6771
2LK3 1258 2.949 0.1995 0.6563
2LK3 1259 2.983 0.1762 0.6354
2LK3 1260 3.054 0.1895 0.6563
2LK3 1261 3.011 0.1875 0.6771
2LK3 1262 3.043 0.1932 0.6563
2LK3 1263 2.974 0.1792 0.6667
2LK3 1264 2.980 0.2327 0.6771
2LK3 1265 2.999 0.1840 0.6563
2LK3 1266 3.022 0.2699 0.6979
2LK3 1267 2.975 0.2521 0.7083
2LK3 1268 2.887 0.2646 0.7188
2LK3 1269 2.534 0.3140 0.7396
2LK3 1270 2.624 0.2812 0.7292
2LK3 1271 2.756 0.3026 0.7188
2LK3 1272 2.860 0.2658 0.7083
2LK3 1273 2.739 0.2810 0.7188
2LK3 1274 2.857 0.2831 0.7292
2LK3 1275 2.775 0.3002 0.7188
2LK3 1276 2.896 0.2729 0.7083
2LK3 1277 3.081 0.2155 0.6875
2LK3 1278 3.038 0.2318 0.6979
2LK3 1279 3.051 0.3159 0.7083
2LK3 1280 3.037 0.2807 0.7396
2LK3 1281 3.092 0.2436 0.7188
2LK3 1282 3.153 0.2204 0.6667
2LK3 1283 3.151 0.2345 0.7083
2LK3 1284 2.951 0.2528 0.7083
2LK3 1285 3.067 0.2134 0.6979
2LK3 1286 2.985 0.1992 0.6771
2LK3 1287 3.002 0.2101 0.6875
2LK3 1288 2.911 0.2847 0.7188
2LK3 1289 3.023 0.2937 0.7083
2LK3 1290 2.992 0.2983 0.7500
2LK3 1291 3.065 0.2897 0.7188
2LK3 1292 2.805 0.2595 0.7083
2LK3 1293 2.926 0.2767 0.7083
2LK3 1294 2.965 0.2475 0.7188
2LK3 1295 2.962 0.2415 0.7188
2LK3 1296 2.958 0.3411 0.7500
2LK3 1297 2.994 0.3273 0.7292
2LK3 1298 2.983 0.2847 0.7292
2LK3 1299 3.128 0.2596 0.7188
2LK3 1300 2.888 0.3240 0.7604
2LK3 1301 3.033 0.3084 0.7292
2LK3 1302 3.030 0.3153 0.7500
2LK3 1303 3.211 0.2918 0.7188
2LK3 1304 3.019 0.2629 0.7292
2LK3 1305 2.935 0.3152 0.7188
2LK3 1306 3.089 0.2778 0.7083
2LK3 1307 2.940 0.2943 0.7188
2LK3 1308 2.995 0.2717 0.7083
2LK3 1309 3.154 0.2564 0.6979
2LK3 1310 3.086 0.3080 0.7188
2LK3 1311 3.135 0.2678 0.7188
2LK3 1312 2.999 0.2898 0.7083
2LK3 1313 3.140 0.3033 0.7188
2LK3 1314 3.216 0.2234 0.6875
2LK3 1315 3.185 0.2612 0.7083
2LK3 1316 2.988 0.2760 0.7083
2LK3 1317 3.008 0.2914 0.7292
2LK3 1318 3.108 0.2774 0.7188
2LK3 1319 2.992 0.3077 0.7292
2LK3 1320 3.050 0.2660 0.6979
2LK3 1321 3.106 0.2400 0.7188
2LK3 1322 2.957 0.2447 0.7188
2LK3 1323 3.219 0.2599 0.7188
2LK3 1324 2.987 0.2407 0.7083
2LK3 1325 3.176 0.2177 0.7083
2LK3 1326 3.052 0.2125 0.6771
2LK3 1327 3.114 0.2154 0.6771
2LK3 1328 3.015 0.2710 0.7396
2LK3 1329 3.133 0.2714 0.7292
2LK3 1330 3.056 0.2354 0.6979
2LK3 1331 3.044 0.2519 0.7188
2LK3 1332 3.100 0.2787 0.7188
2LK3 1333 2.977 0.2874 0.7500
2LK3 1334 3.045 0.2469 0.6875
2LK3 1335 3.048 0.1853 0.6458
2LK3 1336 3.049 0.1818 0.6354
2LK3 1337 3.089 0.2089 0.6771
2LK3 1338 3.010 0.2307 0.6875
2LK3 1339 3.029 0.1865 0.6667
2LK3 1340 3.250 0.2063 0.6563
2LK3 1341 2.890 0.2442 0.6979
2LK3 1342 3.072 0.2013 0.6563
2LK3 1343 3.046 0.2432 0.6875
2LK3 1344 2.758 0.2308 0.7188
2LK3 1345 2.879 0.2256 0.7292
2LK3 1346 2.746 0.2224 0.7292
2LK3 1347 2.897 0.1852 0.6875
2LK3 1348 2.967 0.2472 0.7396
2LK3 1349 3.056 0.2906 0.7188
2LK3 1350 3.295 0.2888 0.7188
2LK3 1351 3.198 0.2319 0.6979
2LK3 1352 3.050 0.2120 0.6771
2LK3 1353 3.269 0.2002 0.6458
2LK3 1354 3.096 0.2198 0.6667
2LK3 1355 3.090 0.1862 0.6771
2LK3 1356 3.017 0.1844 0.6667
2LK3 1357 2.844 0.2226 0.6979
2LK3 1358 2.829 0.2009 0.6875
2LK3 1359 3.023 0.1904 0.6875
2LK3 1360 2.767 0.2738 0.7396
2LK3 1361 2.910 0.2874 0.7292
2LK3 1362 2.886 0.2741 0.7604
2LK3 1363 2.854 0.2722 0.7292
2LK3 1364 2.812 0.2564 0.7083
2LK3 1365 2.975 0.2637 0.7292
2LK3 1366 2.865 0.2849 0.7500
2LK3 1367 2.792 0.2760 0.7396
2LK3 1368 2.714 0.2909 0.7396
2LK3 1369 2.993 0.2094 0.6875
2LK3 1370 2.861 0.2696 0.7292
2LK3 1371 3.019 0.2831 0.7396
2LK3 1372 2.773 0.2627 0.7396
2LK3 1373 2.870 0.2307 0.6979
2LK3 1374 2.890 0.2702 0.7292
2LK3 1375 2.929 0.2596 0.7292
2LK3 1376 2.988 0.2479 0.7500
2LK3 1377 2.883 0.2611 0.7083
2LK3 1378 2.855 0.2749 0.7396
2LK3 1379 2.981 0.2260 0.6875
2LK3 1380 2.890 0.2381 0.6875
2LK3 1381 3.043 0.2340 0.7083
2LK3 1382 2.964 0.2800 0.6979
2LK3 1383 2.963 0.2135 0.6771
2LK3 1384 3.006 0.2403 0.6979
2LK3 1385 3.050 0.2451 0.6667
2LK3 1386 3.101 0.2770 0.6875
2LK3 1387 2.818 0.2319 0.7083
2LK3 1388 2.899 0.1853 0.6771
2LK3 1389 2.968 0.1998 0.6771
2LK3 1390 3.022 0.2480 0.7188
2LK3 1391 3.013 0.2588 0.7083
2LK3 1392 3.067 0.2340 0.7083
2LK3 1393 3.117 0.3077 0.7396
2LK3 1394 2.764 0.2307 0.7396
2LK3 1395 2.807 0.2088 0.6979
2LK3 1396 2.776 0.2402 0.7083
2LK3 1397 2.862 0.2086 0.6979
2LK3 1398 2.945 0.2394 0.7292
2LK3 1399 2.691 0.2462 0.7188
2LK3 1400 2.807 0.2548 0.7292
2LK3 1401 2.884 0.2927 0.7396
2LK3 1402 2.920 0.2626 0.7292
2LK3 1403 2.869 0.2999 0.7604
2LK3 1404 2.821 0.1891 0.6875
2LK3 1405 2.927 0.1938 0.6771
2LK3 1406 2.794 0.2494 0.7188
2LK3 1407 3.026 0.2417 0.7083
2LK3 1408 2.975 0.2709 0.7292
2LK3 1409 2.785 0.2176 0.7188
2LK3 1410 2.791 0.2696 0.7396
2LK3 1411 2.942 0.2156 0.7083
2LK3 1412 2.841 0.2135 0.7083
2LK3 1413 2.578 0.2304 0.7188
2LK3 1414 3.118 0.2675 0.7188
2LK3 1415 2.768 0.2091 0.7188
2LK3 1416 2.970 0.2415 0.7188
2LK3 1417 2.928 0.3247 0.7604
2LK3 1418 2.928 0.3093 0.7396
2LK3 1419 2.861 0.2248 0.7083
2LK3 1420 3.026 0.2171 0.6875
2LK3 1421 2.917 0.2011 0.6979
2LK3 1422 3.189 0.2082 0.6771
2LK3 1423 2.886 0.2436 0.7188
2LK3 1424 3.058 0.2389 0.7083
2LK3 1425 3.252 0.2027 0.6771
2LK3 1426 3.547 0.2392 0.6771
2LK3 1427 3.271 0.2789 0.7396
2LK3 1428 3.385 0.2928 0.7083
2LK3 1429 3.111 0.2456 0.7188
2LK3 1430 3.357 0.2775 0.7188
2LK3 1431 3.424 0.2031 0.6667
2LK3 1432 3.401 0.2348 0.6979
2LK3 1433 3.742 0.2186 0.6458
2LK3 1434 3.404 0.2633 0.6979
2LK3 1435 3.442 0.2381 0.6875
2LK3 1436 3.605 0.2008 0.6667
2LK3 1437 3.496 0.1801 0.6354
2LK3 1438 3.315 0.2697 0.7083
2LK3 1439 3.487 0.2293 0.6875
2LK3 1440 3.388 0.2042 0.6771
2LK3 1441 3.620 0.1985 0.6458
2LK3 1442 3.349 0.2491 0.6771
2LK3 1443 3.057 0.2453 0.6563
2LK3 1444 3.170 0.2309 0.6458
2LK3 1445 3.110 0.2351 0.6667
2LK3 1446 3.228 0.2415 0.6354
2LK3 1447 3.219 0.2036 0.6458
2LK3 1448 3.014 0.2317 0.6667
2LK3 1449 3.106 0.1989 0.6458
2LK3 1450 2.922 0.1996 0.6667
2LK3 1451 3.009 0.2091 0.6667
2LK3 1452 3.000 0.2112 0.6563
2LK3 1453 3.112 0.1792 0.6458
2LK3 1454 3.544 0.2233 0.6250
2LK3 1455 3.344 0.2772 0.6667
2LK3 1456 3.216 0.2372 0.6875
2LK3 1457 3.332 0.2238 0.6667
2LK3 1458 3.365 0.2755 0.6771
2LK3 1459 3.389 0.2340 0.6563
2LK3 1460 3.351 0.2280 0.6667
2LK3 1461 3.284 0.2382 0.6979
2LK3 1462 3.139 0.2606 0.7083
2LK3 1463 3.364 0.2748 0.7188
2LK3 1464 3.364 0.2501 0.7083
2LK3 1465 3.464 0.3138 0.6979
2LK3 1466 3.397 0.2848 0.7083
2LK3 1467 3.508 0.2332 0.6771
2LK3 1468 3.460 0.2513 0.6875
2LK3 1469 3.258 0.2898 0.6979
2LK3 1470 3.087 0.2998 0.7188
2LK3 1471 3.424 0.2135 0.6979
2LK3 1472 3.181 0.2381 0.6979
2LK3 1473 3.288 0.2057 0.6563
2LK3 1474 3.236 0.2841 0.7083
2LK3 1475 3.364 0.2913 0.7188
2LK3 1476 3.093 0.2863 0.7083
2LK3 1477 3.114 0.2432 0.6667
2LK3 1478 3.388 0.2176 0.6458
2LK3 1479 3.116 0.3055 0.6875
2LK3 1480 3.031 0.2395 0.6667
2LK3 1481 3.041 0.3096 0.7292
2LK3 1482 3.317 0.2793 0.7083
2LK3 1483 3.117 0.2717 0.7292
2LK3 1484 3.449 0.3417 0.7292
2LK3 1485 3.319 0.2664 0.6875
2LK3 1486 3.143 0.2323 0.6979
2LK3 1487 3.129 0.2751 0.6979
2LK3 1488 3.109 0.2468 0.7083
2LK3 1489 3.162 0.2311 0.6979
2LK3 1490 3.240 0.2562 0.6875
2LK3 1491 3.419 0.2876 0.6979
2LK3 1492 2.963 0.3020 0.7188
2LK3 1493 3.031 0.2798 0.6875
2LK3 1494 3.210 0.3250 0.6771
2LK3 1495 2.970 0.2729 0.6771
2LK3 1496 3.076 0.3227 0.7083
2LK3 1497 3.061 0.2400 0.6979
2LK3 1498 3.023 0.2620 0.7083
2LK3 1499 2.855 0.2624 0.7188
2LK3 1500 2.918 0.3494 0.7292
2LK3 1501 3.059 0.2695 0.6771
2LK3 1502 3.082 0.2965 0.7188
2LK3 1503 2.995 0.2650 0.6979
2LK3 1504 2.870 0.2493 0.7083
2LK3 1505 3.212 0.2704 0.6771
2LK3 1506 2.920 0.2018 0.6667
2LK3 1507 2.945 0.2721 0.7083
2LK3 1508 2.949 0.2697 0.7188
2LK3 1509 2.911 0.2817 0.7188
2LK3 1510 3.124 0.2954 0.7292
2LK3 1511 3.183 0.2541 0.6875
2LK3 1512 3.086 0.2334 0.6979
2LK3 1513 3.240 0.2157 0.6771
2LK3 1514 3.198 0.2631 0.6667
2LK3 1515 3.023 0.2153 0.6771
2LK3 1516 3.194 0.1594 0.6250
2LK3 1517 3.322 0.1603 0.6042
2LK3 1518 3.229 0.1787 0.6354
2LK3 1519 3.361 0.1718 0.5938
2LK3 1520 3.224 0.1406 0.6042
2LK3 1521 3.235 0.1864 0.6146
2LK3 1522 3.169 0.2263 0.6354
2LK3 1523 3.217 0.1609 0.6042
2LK3 1524 3.496 0.1700 0.5938
2LK3 1525 3.533 0.1759 0.5833
2LK3 1526 3.543 0.2015 0.5938
2LK3 1527 3.518 0.1829 0.6042
2LK3 1528 3.673 0.1751 0.5938
2LK3 1529 3.747 0.1740 0.5833
2LK3 1530 3.563 0.1741 0.6042
2LK3 1531 3.663 0.1569 0.5938
2LK3 1532 3.853 0.1928 0.5833
2LK3 1533 4.083 0.1652 0.5729
2LK3 1534 3.792 0.1696 0.5833
2LK3 1535 3.812 0.1841 0.5938
2LK3 1536 3.946 0.1670 0.5521
2LK3 1537 4.018 0.1719 0.5313
2LK3 1538 3.947 0.1459 0.5417
2LK3 1539 3.895 0.1669 0.5625
