2LPA 1 0.000 1.0000 1.0000
2LPA 2 0.328 0.7456 1.0000
2LPA 3 0.513 0.6295 0.9833
2LPA 4 0.409 0.7029 1.0000
2LPA 5 1.291 0.6063 0.9167
2LPA 6 0.358 0.7609 1.0000
2LPA 7 0.425 0.6452 1.0000
2LPA 8 0.595 0.5822 0.9833
2LPA 9 0.568 0.5625 0.9833
2LPA 10 0.409 0.6903 1.0000
2LPA 11 5.765 0.0858 0.5000
2LPA 12 5.863 0.1069 0.5167
2LPA 13 5.724 0.1509 0.5833
2LPA 14 3.730 0.2503 0.7167
2LPA 15 2.220 0.3637 0.8500
2LPA 16 1.995 0.2944 0.8167
2LPA 17 1.363 0.3905 0.9000
2LPA 18 1.031 0.4069 0.9167
2LPA 19 1.164 0.4460 0.9333
2LPA 20 2.047 0.2408 0.7833
2LPA 21 2.471 0.2604 0.8000
2LPA 22 2.569 0.3691 0.8333
2LPA 23 1.773 0.2893 0.8500
2LPA 24 1.403 0.3300 0.8667
2LPA 25 4.136 0.1532 0.6167
2LPA 26 1.286 0.3515 0.8833
2LPA 27 1.600 0.3642 0.8833
2LPA 28 4.302 0.3060 0.7333
2LPA 29 1.821 0.3569 0.8333
2LPA 30 0.717 0.4511 0.9833
2LPA 31 1.567 0.3477 0.8333
2LPA 32 1.217 0.4261 0.9167
2LPA 33 2.061 0.3586 0.8833
2LPA 34 1.501 0.4447 0.8833
2LPA 35 1.621 0.3912 0.8833
2LPA 36 1.465 0.4123 0.9167
2LPA 37 2.175 0.3162 0.8500
2LPA 38 3.049 0.3697 0.8000
2LPA 39 1.150 0.3567 0.9167
2LPA 40 0.756 0.4197 0.9833
2LPA 41 0.983 0.3775 0.9167
2LPA 42 3.828 0.3000 0.7333
2LPA 43 0.798 0.3966 0.9500
2LPA 44 1.529 0.3135 0.8833
2LPA 45 1.873 0.3641 0.8667
2LPA 46 1.059 0.3483 0.9167
2LPA 47 0.981 0.3898 0.9333
2LPA 48 2.185 0.3587 0.8500
2LPA 49 1.205 0.3238 0.9000
2LPA 50 1.475 0.3502 0.8833
2LPA 51 9.123 0.1803 0.4833
2LPA 52 8.721 0.1138 0.4833
2LPA 53 5.002 0.2594 0.6667
2LPA 54 4.948 0.1817 0.6167
2LPA 55 1.807 0.2217 0.8000
2LPA 56 1.782 0.2241 0.8333
2LPA 57 1.201 0.3392 0.9167
2LPA 58 2.572 0.2153 0.7167
2LPA 59 1.730 0.3741 0.8500
2LPA 60 5.178 0.2695 0.6833
2LPA 61 1.443 0.3367 0.8667
2LPA 62 0.860 0.3306 0.9333
2LPA 63 1.625 0.2785 0.8500
2LPA 64 3.569 0.1820 0.7000
2LPA 65 1.585 0.3644 0.8500
2LPA 66 1.600 0.2883 0.8167
2LPA 67 1.602 0.4075 0.9000
2LPA 68 1.321 0.3165 0.8667
2LPA 69 0.765 0.4438 0.9667
2LPA 70 1.285 0.3665 0.9000
2LPA 71 0.960 0.4238 0.9167
2LPA 72 1.101 0.4011 0.9167
2LPA 73 0.945 0.4268 0.9000
2LPA 74 1.146 0.3577 0.8833
2LPA 75 1.574 0.3788 0.8833
2LPA 76 0.839 0.4828 0.9667
2LPA 77 1.011 0.4104 0.9333
2LPA 78 1.223 0.3123 0.8667
2LPA 79 0.841 0.4271 0.9333
2LPA 80 1.775 0.2493 0.8167
2LPA 81 1.211 0.3568 0.9000
2LPA 82 1.103 0.2925 0.8667
2LPA 83 1.200 0.3432 0.9000
2LPA 84 1.603 0.2395 0.8167
2LPA 85 1.209 0.3790 0.9000
2LPA 86 1.496 0.3877 0.8833
2LPA 87 0.897 0.3605 0.9333
2LPA 88 1.634 0.3344 0.8500
2LPA 89 4.159 0.1956 0.6500
2LPA 90 2.326 0.3136 0.7833
2LPA 91 7.161 0.1593 0.4833
2LPA 92 5.744 0.1458 0.5833
2LPA 93 5.577 0.1390 0.5500
2LPA 94 2.184 0.1944 0.7333
2LPA 95 1.059 0.3764 0.9167
2LPA 96 0.787 0.3845 0.9333
2LPA 97 1.116 0.3440 0.9167
2LPA 98 1.402 0.2632 0.8667
2LPA 99 1.661 0.3195 0.8500
2LPA 100 1.467 0.3093 0.8833
2LPA 101 1.464 0.3089 0.8667
2LPA 102 0.781 0.4008 0.9667
2LPA 103 1.025 0.4160 0.9167
2LPA 104 1.819 0.2306 0.8333
2LPA 105 1.348 0.3249 0.8833
2LPA 106 0.873 0.3692 0.9500
2LPA 107 0.901 0.3523 0.9333
2LPA 108 1.214 0.3038 0.9000
2LPA 109 0.857 0.4106 0.9500
2LPA 110 1.060 0.3394 0.9000
2LPA 111 1.062 0.3782 0.9167
2LPA 112 1.723 0.3853 0.8833
2LPA 113 1.229 0.3889 0.9000
2LPA 114 0.908 0.4736 0.9500
2LPA 115 1.120 0.3840 0.9333
2LPA 116 0.951 0.3932 0.9333
2LPA 117 1.055 0.3787 0.9167
2LPA 118 1.454 0.4010 0.9000
2LPA 119 0.884 0.3930 0.9333
2LPA 120 1.330 0.3680 0.9000
2LPA 121 1.437 0.3601 0.8833
2LPA 122 1.108 0.3521 0.9000
2LPA 123 0.983 0.3210 0.9167
2LPA 124 1.127 0.3762 0.9000
2LPA 125 1.116 0.4022 0.9333
2LPA 126 1.359 0.3847 0.9000
2LPA 127 0.776 0.4771 0.9500
2LPA 128 1.191 0.4257 0.9167
2LPA 129 1.909 0.3811 0.8833
2LPA 130 1.069 0.3298 0.9167
2LPA 131 4.431 0.0673 0.5500
2LPA 132 6.739 0.1322 0.4833
2LPA 133 3.764 0.3239 0.8000
2LPA 134 1.212 0.4482 0.9167
2LPA 135 4.169 0.2186 0.7000
2LPA 136 5.664 0.2291 0.6667
2LPA 137 3.254 0.2730 0.7167
2LPA 138 2.371 0.4099 0.8167
2LPA 139 5.292 0.1621 0.6167
2LPA 140 3.917 0.1626 0.6500
2LPA 141 2.451 0.3610 0.8667
2LPA 142 2.574 0.3251 0.8333
2LPA 143 1.998 0.2805 0.8167
2LPA 144 6.210 0.1464 0.5667
2LPA 145 1.284 0.3838 0.8833
2LPA 146 1.767 0.3059 0.8667
2LPA 147 1.759 0.3685 0.8333
2LPA 148 1.267 0.3198 0.9000
2LPA 149 1.574 0.3981 0.8833
2LPA 150 1.321 0.3717 0.9000
2LPA 151 2.960 0.4331 0.8167
2LPA 152 1.789 0.3147 0.8833
2LPA 153 2.343 0.3429 0.8667
2LPA 154 1.837 0.3275 0.8333
2LPA 155 1.958 0.3414 0.8167
2LPA 156 2.072 0.3594 0.8333
2LPA 157 1.235 0.4201 0.9000
2LPA 158 1.582 0.3813 0.8667
2LPA 159 1.650 0.3853 0.8833
2LPA 160 1.187 0.3632 0.9167
2LPA 161 1.459 0.2597 0.8667
2LPA 162 1.408 0.2887 0.8833
2LPA 163 1.652 0.3020 0.8833
2LPA 164 1.265 0.3892 0.9333
2LPA 165 1.649 0.3491 0.8667
2LPA 166 2.000 0.3652 0.8667
2LPA 167 1.852 0.4083 0.8333
2LPA 168 2.382 0.3952 0.8333
2LPA 169 0.791 0.4762 0.9667
2LPA 170 1.091 0.4431 0.9333
2LPA 171 9.086 0.1428 0.4667
2LPA 172 8.116 0.0867 0.4333
2LPA 173 7.142 0.1092 0.4500
2LPA 174 2.413 0.3103 0.7833
2LPA 175 2.672 0.2405 0.7667
2LPA 176 3.279 0.1448 0.6667
2LPA 177 1.392 0.2942 0.8500
2LPA 178 1.841 0.2996 0.8000
2LPA 179 5.624 0.2483 0.6167
2LPA 180 1.455 0.3544 0.8667
2LPA 181 1.946 0.2967 0.7833
2LPA 182 2.174 0.3130 0.8000
2LPA 183 1.876 0.3074 0.8500
2LPA 184 1.328 0.3777 0.8833
2LPA 185 1.905 0.3069 0.8167
2LPA 186 1.703 0.4340 0.8500
2LPA 187 0.958 0.4311 0.9333
2LPA 188 1.083 0.3873 0.9000
2LPA 189 2.237 0.3158 0.8667
2LPA 190 1.134 0.3485 0.9333
2LPA 191 0.980 0.4736 0.9500
2LPA 192 1.307 0.3262 0.8667
2LPA 193 0.978 0.3577 0.9333
2LPA 194 1.314 0.3285 0.8833
2LPA 195 1.051 0.3468 0.9167
2LPA 196 1.005 0.3663 0.9333
2LPA 197 0.733 0.4353 0.9500
2LPA 198 1.884 0.2187 0.8000
2LPA 199 0.928 0.4361 0.9333
2LPA 200 1.204 0.3692 0.9000
2LPA 201 0.692 0.4985 0.9667
2LPA 202 1.225 0.2809 0.9000
2LPA 203 1.047 0.4105 0.9333
2LPA 204 1.170 0.3450 0.8833
2LPA 205 1.084 0.2779 0.9000
2LPA 206 1.566 0.3411 0.8833
2LPA 207 1.000 0.4066 0.9333
2LPA 208 1.895 0.3269 0.8667
2LPA 209 1.338 0.3597 0.8833
2LPA 210 0.943 0.3581 0.9167
2LPA 211 3.248 0.2149 0.7000
2LPA 212 3.068 0.2915 0.7833
2LPA 213 3.250 0.2247 0.7333
2LPA 214 2.223 0.3683 0.8333
2LPA 215 1.189 0.4201 0.9167
2LPA 216 1.888 0.3217 0.8500
2LPA 217 1.270 0.3323 0.8833
2LPA 218 1.116 0.3091 0.9000
2LPA 219 1.172 0.3623 0.8833
2LPA 220 1.192 0.3665 0.9000
2LPA 221 1.434 0.3893 0.8833
2LPA 222 1.092 0.3415 0.9000
2LPA 223 0.823 0.4149 0.9667
2LPA 224 1.121 0.3663 0.9000
2LPA 225 0.765 0.4847 0.9500
2LPA 226 0.778 0.4652 0.9500
2LPA 227 1.650 0.3362 0.8667
2LPA 228 1.077 0.3729 0.9167
2LPA 229 1.156 0.3415 0.9167
2LPA 230 1.338 0.4523 0.9000
2LPA 231 1.553 0.3606 0.9000
2LPA 232 1.257 0.3350 0.8833
2LPA 233 1.021 0.3270 0.9333
2LPA 234 1.181 0.3708 0.9167
2LPA 235 1.112 0.3321 0.9167
2LPA 236 1.415 0.2668 0.8500
2LPA 237 1.066 0.3736 0.9000
2LPA 238 1.104 0.3296 0.9000
2LPA 239 0.905 0.4502 0.9333
2LPA 240 0.938 0.4417 0.9500
2LPA 241 1.841 0.3296 0.8833
2LPA 242 1.059 0.3739 0.9167
2LPA 243 1.139 0.4378 0.9333
2LPA 244 1.439 0.3234 0.8667
2LPA 245 1.120 0.3775 0.9000
2LPA 246 1.281 0.2701 0.8500
2LPA 247 0.739 0.4770 0.9500
2LPA 248 0.881 0.4169 0.9500
2LPA 249 1.194 0.2374 0.9000
2LPA 250 1.376 0.3467 0.8833
2LPA 251 8.299 0.1992 0.5000
2LPA 252 4.819 0.1834 0.5667
2LPA 253 5.618 0.0926 0.5000
2LPA 254 3.023 0.2197 0.6667
2LPA 255 3.254 0.3972 0.8167
2LPA 256 5.033 0.2351 0.6833
2LPA 257 2.445 0.2205 0.8000
2LPA 258 2.182 0.3560 0.8167
2LPA 259 2.133 0.2622 0.8000
2LPA 260 2.852 0.2387 0.7333
2LPA 261 1.475 0.3606 0.8667
2LPA 262 1.263 0.3845 0.9000
2LPA 263 2.713 0.2875 0.8000
2LPA 264 1.728 0.3421 0.8667
2LPA 265 1.509 0.4059 0.8500
2LPA 266 2.999 0.3044 0.7333
2LPA 267 2.096 0.4087 0.8500
2LPA 268 1.167 0.4252 0.9167
2LPA 269 1.077 0.4386 0.9167
2LPA 270 1.161 0.3751 0.8833
2LPA 271 0.995 0.3170 0.9333
2LPA 272 4.335 0.1697 0.5833
2LPA 273 1.854 0.3583 0.8500
2LPA 274 2.177 0.3662 0.8667
2LPA 275 3.429 0.2872 0.7500
2LPA 276 1.841 0.3470 0.8500
2LPA 277 1.726 0.3854 0.8167
2LPA 278 1.673 0.3312 0.8500
2LPA 279 0.816 0.4563 0.9667
2LPA 280 1.382 0.3730 0.8833
2LPA 281 1.522 0.3424 0.8667
2LPA 282 0.962 0.3837 0.9333
2LPA 283 2.637 0.4565 0.8333
2LPA 284 0.888 0.4384 0.9333
2LPA 285 1.368 0.3051 0.8667
2LPA 286 2.455 0.3324 0.8000
2LPA 287 1.375 0.3107 0.8833
2LPA 288 1.106 0.3356 0.9167
2LPA 289 2.472 0.3623 0.8000
2LPA 290 2.438 0.3652 0.8167
2LPA 291 0.853 0.3889 0.9667
2LPA 292 0.857 0.4024 0.9667
2LPA 293 0.880 0.4112 0.9500
2LPA 294 0.930 0.3620 0.9500
2LPA 295 0.947 0.3795 0.9500
2LPA 296 0.924 0.3878 0.9500
2LPA 297 0.938 0.3865 0.9500
2LPA 298 0.923 0.3851 0.9500
2LPA 299 0.931 0.3679 0.9500
2LPA 300 0.924 0.3873 0.9500
2LPA 301 0.918 0.3833 0.9500
2LPA 302 0.911 0.3859 0.9500
2LPA 303 0.920 0.3830 0.9500
2LPA 304 0.924 0.3826 0.9500
2LPA 305 0.924 0.3810 0.9500
2LPA 306 0.921 0.3781 0.9500
2LPA 307 0.915 0.3884 0.9500
2LPA 308 0.915 0.3764 0.9500
2LPA 309 0.923 0.3880 0.9500
2LPA 310 0.938 0.3859 0.9500
2LPA 311 0.925 0.3875 0.9500
2LPA 312 0.936 0.3749 0.9500
2LPA 313 0.920 0.3641 0.9667
2LPA 314 0.913 0.3955 0.9500
2LPA 315 0.919 0.3828 0.9500
2LPA 316 0.918 0.3907 0.9500
2LPA 317 0.931 0.3838 0.9500
2LPA 318 0.929 0.3917 0.9500
2LPA 319 0.938 0.3624 0.9500
2LPA 320 0.892 0.3839 0.9500
2LPA 321 0.914 0.3878 0.9500
2LPA 322 0.931 0.3600 0.9500
2LPA 323 0.943 0.3760 0.9333
2LPA 324 0.896 0.4124 0.9500
2LPA 325 0.921 0.3847 0.9500
2LPA 326 0.940 0.3891 0.9500
2LPA 327 0.934 0.3617 0.9500
2LPA 328 0.928 0.3757 0.9500
2LPA 329 0.925 0.3885 0.9500
2LPA 330 0.928 0.3908 0.9333
2LPA 331 0.923 0.3629 0.9500
2LPA 332 0.948 0.3517 0.9500
2LPA 333 0.932 0.3558 0.9500
2LPA 334 0.954 0.3634 0.9500
2LPA 335 0.915 0.3692 0.9667
2LPA 336 0.917 0.3840 0.9667
2LPA 337 0.947 0.3472 0.9500
2LPA 338 0.955 0.3512 0.9333
2LPA 339 0.933 0.3744 0.9667
2LPA 340 0.934 0.3797 0.9500
2LPA 341 0.916 0.3742 0.9500
2LPA 342 0.927 0.3936 0.9500
2LPA 343 0.959 0.3528 0.9500
2LPA 344 0.911 0.3717 0.9667
2LPA 345 0.926 0.3702 0.9500
2LPA 346 0.933 0.3732 0.9500
2LPA 347 0.934 0.3490 0.9500
2LPA 348 0.958 0.3611 0.9500
2LPA 349 0.964 0.3428 0.9500
2LPA 350 0.935 0.3665 0.9500
2LPA 351 0.923 0.4028 0.9667
2LPA 352 0.946 0.3617 0.9500
2LPA 353 0.935 0.3916 0.9500
2LPA 354 0.924 0.3514 0.9500
2LPA 355 0.966 0.3373 0.9500
2LPA 356 0.953 0.3645 0.9500
2LPA 357 0.943 0.3431 0.9500
2LPA 358 0.930 0.3587 0.9667
2LPA 359 0.958 0.3657 0.9500
2LPA 360 0.954 0.3414 0.9500
2LPA 361 0.948 0.3463 0.9500
2LPA 362 0.949 0.3518 0.9500
2LPA 363 0.934 0.3576 0.9500
2LPA 364 0.950 0.3453 0.9500
2LPA 365 0.882 0.3807 0.9500
2LPA 366 0.857 0.3809 0.9667
2LPA 367 0.935 0.3534 0.9500
2LPA 368 0.902 0.3885 0.9667
2LPA 369 0.916 0.3801 0.9667
2LPA 370 0.930 0.3428 0.9500
2LPA 371 0.889 0.3774 0.9667
2LPA 372 0.926 0.3681 0.9667
2LPA 373 0.973 0.3508 0.9500
2LPA 374 0.910 0.3697 0.9667
2LPA 375 0.962 0.3603 0.9333
2LPA 376 0.944 0.3482 0.9333
2LPA 377 0.895 0.4070 0.9500
2LPA 378 0.927 0.3603 0.9667
2LPA 379 0.916 0.3802 0.9500
2LPA 380 0.919 0.4040 0.9500
2LPA 381 0.852 0.4186 0.9667
2LPA 382 0.897 0.3709 0.9500
2LPA 383 0.922 0.3764 0.9500
2LPA 384 0.907 0.4365 0.9667
2LPA 385 0.928 0.4057 0.9333
2LPA 386 0.899 0.3893 0.9667
2LPA 387 0.936 0.3714 0.9667
2LPA 388 0.911 0.3738 0.9667
2LPA 389 0.912 0.3768 0.9500
2LPA 390 0.863 0.4294 0.9500
2LPA 391 0.865 0.4203 0.9667
2LPA 392 0.877 0.4079 0.9500
2LPA 393 0.912 0.4191 0.9333
2LPA 394 0.919 0.3378 0.9333
2LPA 395 0.838 0.3916 0.9667
2LPA 396 0.858 0.4218 0.9667
2LPA 397 0.904 0.4099 0.9667
2LPA 398 0.870 0.4193 0.9667
2LPA 399 0.921 0.3632 0.9667
2LPA 400 0.893 0.4045 0.9500
2LPA 401 0.880 0.3928 0.9500
2LPA 402 0.827 0.3741 0.9667
2LPA 403 0.916 0.3654 0.9500
2LPA 404 0.912 0.4031 0.9500
2LPA 405 0.878 0.4222 0.9500
2LPA 406 0.868 0.3509 0.9667
2LPA 407 0.948 0.3447 0.9333
2LPA 408 0.907 0.4089 0.9667
2LPA 409 0.884 0.3846 0.9500
2LPA 410 0.914 0.3672 0.9333
2LPA 411 0.831 0.3805 0.9667
2LPA 412 0.822 0.3988 0.9500
2LPA 413 0.855 0.3686 0.9333
2LPA 414 0.916 0.3383 0.9333
2LPA 415 0.834 0.3767 0.9667
2LPA 416 0.802 0.4356 0.9667
2LPA 417 0.842 0.4121 0.9667
2LPA 418 0.870 0.4256 0.9667
2LPA 419 0.880 0.4155 0.9500
2LPA 420 0.855 0.3905 0.9500
2LPA 421 0.906 0.4298 0.9500
2LPA 422 0.877 0.4069 0.9667
2LPA 423 0.874 0.4369 0.9667
2LPA 424 0.898 0.3948 0.9667
2LPA 425 0.905 0.3872 0.9333
2LPA 426 0.848 0.4098 0.9667
2LPA 427 0.898 0.3940 0.9500
2LPA 428 0.832 0.4178 0.9667
2LPA 429 0.903 0.3943 0.9500
2LPA 430 1.001 0.3519 0.9333
2LPA 431 0.965 0.3882 0.9500
2LPA 432 0.892 0.3900 0.9500
2LPA 433 0.907 0.3712 0.9500
2LPA 434 0.945 0.3768 0.9333
2LPA 435 0.867 0.4095 0.9667
2LPA 436 0.868 0.4196 0.9500
2LPA 437 0.827 0.4150 0.9500
2LPA 438 0.946 0.3670 0.9333
2LPA 439 0.923 0.3562 0.9500
2LPA 440 0.953 0.3581 0.9333
2LPA 441 0.909 0.4125 0.9500
2LPA 442 0.924 0.3855 0.9333
2LPA 443 0.972 0.3843 0.9333
2LPA 444 1.077 0.3491 0.9167
2LPA 445 1.126 0.3609 0.9333
2LPA 446 1.079 0.3704 0.9167
2LPA 447 1.119 0.3629 0.9167
2LPA 448 1.135 0.3455 0.9167
2LPA 449 1.248 0.3239 0.8833
2LPA 450 1.201 0.3316 0.8833
2LPA 451 1.312 0.3257 0.8667
2LPA 452 1.122 0.3295 0.9333
2LPA 453 1.162 0.3397 0.9000
2LPA 454 1.205 0.3299 0.9000
2LPA 455 1.155 0.3308 0.9000
2LPA 456 1.088 0.3546 0.9167
2LPA 457 1.162 0.3427 0.9167
2LPA 458 1.200 0.3471 0.9167
2LPA 459 1.193 0.3492 0.9167
2LPA 460 1.104 0.3675 0.9167
2LPA 461 1.124 0.3551 0.9167
2LPA 462 1.068 0.3753 0.9167
2LPA 463 1.160 0.3337 0.9167
2LPA 464 1.208 0.3524 0.9000
2LPA 465 1.155 0.3434 0.9000
2LPA 466 1.116 0.3653 0.9000
2LPA 467 1.207 0.3462 0.9000
2LPA 468 1.244 0.3382 0.8833
2LPA 469 1.234 0.3347 0.9000
2LPA 470 1.286 0.3649 0.9000
2LPA 471 1.109 0.3674 0.9000
2LPA 472 1.019 0.3989 0.9167
2LPA 473 1.078 0.3703 0.9167
2LPA 474 1.110 0.3648 0.9167
2LPA 475 1.212 0.3234 0.9000
2LPA 476 1.143 0.3454 0.9167
2LPA 477 1.147 0.3396 0.9000
2LPA 478 1.226 0.3266 0.8833
2LPA 479 1.081 0.3673 0.9167
2LPA 480 1.200 0.3247 0.9167
2LPA 481 1.223 0.3548 0.8833
2LPA 482 1.140 0.3595 0.9167
2LPA 483 1.050 0.3705 0.9333
2LPA 484 1.077 0.3464 0.9167
2LPA 485 1.012 0.3694 0.9500
2LPA 486 1.024 0.3784 0.9333
2LPA 487 1.179 0.3346 0.9000
2LPA 488 1.212 0.3261 0.9000
2LPA 489 1.259 0.3431 0.8833
2LPA 490 1.230 0.3764 0.8833
2LPA 491 1.164 0.3352 0.9167
2LPA 492 1.099 0.3373 0.9333
2LPA 493 1.134 0.3393 0.9333
2LPA 494 1.169 0.3207 0.9000
2LPA 495 1.196 0.3741 0.9333
2LPA 496 1.119 0.3452 0.9167
2LPA 497 1.123 0.3316 0.9333
2LPA 498 1.166 0.3357 0.9333
2LPA 499 1.096 0.3363 0.9333
2LPA 500 1.199 0.3415 0.9167
2LPA 501 1.241 0.3243 0.9333
2LPA 502 1.237 0.3537 0.9000
2LPA 503 1.160 0.3279 0.9167
2LPA 504 1.113 0.3504 0.9167
2LPA 505 1.071 0.3618 0.9333
2LPA 506 1.158 0.3458 0.9333
2LPA 507 1.162 0.3794 0.9333
2LPA 508 1.194 0.3784 0.9167
2LPA 509 1.258 0.3327 0.9000
2LPA 510 1.162 0.3640 0.9333
2LPA 511 1.190 0.3445 0.9333
2LPA 512 1.134 0.3440 0.9333
2LPA 513 1.067 0.3233 0.9333
2LPA 514 1.133 0.3560 0.9333
2LPA 515 1.160 0.3429 0.9167
2LPA 516 1.100 0.3511 0.9333
2LPA 517 1.038 0.3626 0.9333
2LPA 518 1.035 0.3587 0.9333
2LPA 519 1.065 0.3983 0.9167
2LPA 520 1.129 0.3200 0.9167
2LPA 521 1.087 0.3655 0.9167
2LPA 522 1.279 0.3263 0.9167
2LPA 523 1.224 0.2980 0.9333
2LPA 524 1.210 0.3691 0.9000
2LPA 525 1.009 0.3969 0.9333
2LPA 526 0.954 0.3668 0.9167
2LPA 527 0.985 0.3391 0.9333
2LPA 528 1.036 0.3667 0.9167
2LPA 529 0.960 0.3505 0.9167
2LPA 530 1.116 0.3665 0.9333
2LPA 531 1.066 0.3345 0.9000
2LPA 532 1.094 0.3405 0.8833
2LPA 533 1.104 0.3159 0.8833
2LPA 534 1.135 0.2932 0.8833
2LPA 535 1.082 0.3819 0.8833
2LPA 536 1.044 0.3657 0.9167
2LPA 537 0.931 0.3110 0.9333
2LPA 538 0.975 0.2854 0.9000
2LPA 539 1.028 0.4185 0.9333
2LPA 540 1.137 0.2911 0.9000
2LPA 541 1.177 0.2958 0.9000
2LPA 542 1.093 0.2696 0.9000
2LPA 543 1.065 0.2950 0.9000
2LPA 544 1.022 0.3005 0.9167
2LPA 545 1.038 0.3541 0.9333
2LPA 546 0.970 0.3237 0.9167
2LPA 547 0.967 0.3711 0.9167
2LPA 548 0.919 0.3700 0.9500
2LPA 549 1.053 0.3110 0.9000
2LPA 550 1.286 0.2829 0.9000
2LPA 551 1.268 0.2874 0.8833
2LPA 552 1.431 0.2832 0.8500
2LPA 553 1.347 0.2768 0.8833
2LPA 554 1.243 0.3517 0.8833
2LPA 555 1.281 0.3040 0.9000
2LPA 556 1.145 0.2635 0.8833
2LPA 557 1.183 0.3263 0.9167
2LPA 558 1.218 0.3040 0.9000
2LPA 559 1.203 0.3018 0.9000
2LPA 560 1.135 0.3221 0.9000
2LPA 561 1.287 0.3120 0.9000
2LPA 562 1.170 0.2998 0.8833
2LPA 563 1.262 0.2738 0.8833
2LPA 564 1.301 0.3210 0.8667
2LPA 565 1.222 0.3384 0.8833
2LPA 566 1.291 0.2847 0.8833
2LPA 567 1.374 0.2705 0.8833
2LPA 568 1.407 0.2723 0.8667
2LPA 569 1.417 0.2971 0.8667
2LPA 570 1.295 0.2934 0.9000
2LPA 571 1.323 0.3021 0.8833
2LPA 572 1.324 0.2618 0.9000
2LPA 573 1.188 0.2755 0.8833
2LPA 574 1.233 0.3298 0.9000
2LPA 575 1.231 0.3213 0.9000
2LPA 576 1.350 0.2757 0.8667
2LPA 577 1.249 0.3192 0.8833
2LPA 578 1.341 0.3007 0.8667
2LPA 579 1.369 0.3204 0.8833
2LPA 580 1.461 0.2848 0.8667
2LPA 581 1.421 0.2756 0.8833
2LPA 582 1.226 0.2923 0.9000
2LPA 583 1.156 0.3072 0.9000
2LPA 584 1.227 0.2939 0.8667
2LPA 585 1.164 0.2869 0.8833
2LPA 586 1.398 0.2877 0.8667
2LPA 587 1.308 0.3081 0.8833
2LPA 588 1.239 0.3378 0.8833
2LPA 589 1.305 0.2978 0.9000
2LPA 590 1.324 0.2853 0.8667
2LPA 591 1.253 0.2798 0.8667
2LPA 592 1.426 0.3152 0.8667
2LPA 593 1.289 0.2803 0.8833
2LPA 594 1.317 0.2707 0.8667
2LPA 595 1.134 0.3102 0.9000
2LPA 596 1.115 0.3379 0.9167
2LPA 597 1.390 0.3239 0.8667
2LPA 598 1.498 0.3303 0.8500
2LPA 599 1.463 0.3332 0.8333
2LPA 600 1.418 0.3090 0.8667
2LPA 601 1.432 0.3013 0.8667
2LPA 602 1.450 0.3040 0.8667
2LPA 603 1.228 0.2843 0.8833
2LPA 604 1.251 0.3294 0.8833
2LPA 605 1.576 0.3195 0.8333
2LPA 606 1.529 0.2980 0.8333
2LPA 607 1.425 0.2940 0.8667
2LPA 608 1.471 0.2814 0.8500
2LPA 609 1.393 0.2704 0.8500
2LPA 610 1.337 0.2788 0.8500
2LPA 611 1.327 0.2877 0.8500
2LPA 612 1.281 0.2745 0.8667
2LPA 613 1.247 0.2691 0.8667
2LPA 614 1.253 0.3157 0.8833
2LPA 615 1.095 0.3285 0.9167
2LPA 616 1.173 0.3098 0.9000
2LPA 617 1.388 0.2418 0.8500
2LPA 618 1.468 0.2827 0.8833
2LPA 619 1.257 0.3166 0.8833
2LPA 620 1.360 0.2636 0.8667
2LPA 621 1.208 0.3586 0.8833
2LPA 622 1.524 0.2646 0.8333
2LPA 623 1.396 0.2887 0.8333
2LPA 624 1.146 0.3220 0.8833
2LPA 625 1.272 0.2710 0.8667
2LPA 626 1.490 0.2676 0.8500
2LPA 627 1.410 0.2822 0.8500
2LPA 628 1.464 0.2798 0.8500
2LPA 629 1.457 0.2847 0.8333
2LPA 630 1.599 0.2862 0.8333
2LPA 631 1.779 0.2645 0.8167
2LPA 632 1.861 0.2796 0.7833
2LPA 633 1.793 0.2787 0.8000
2LPA 634 1.879 0.2521 0.8000
2LPA 635 1.772 0.3112 0.8167
2LPA 636 1.959 0.3016 0.7833
2LPA 637 1.777 0.3140 0.8167
2LPA 638 1.615 0.3329 0.8167
2LPA 639 1.765 0.2884 0.8167
2LPA 640 1.678 0.3143 0.8333
2LPA 641 1.567 0.2772 0.8333
2LPA 642 1.665 0.2871 0.8167
2LPA 643 1.674 0.2983 0.8333
2LPA 644 1.686 0.2952 0.8333
2LPA 645 1.606 0.3147 0.8333
2LPA 646 1.656 0.3188 0.8500
2LPA 647 1.659 0.3178 0.8500
2LPA 648 1.981 0.2606 0.8000
2LPA 649 1.771 0.2971 0.8167
2LPA 650 1.682 0.3135 0.8167
2LPA 651 1.655 0.3069 0.8333
2LPA 652 1.701 0.2876 0.8333
2LPA 653 1.562 0.3040 0.8667
2LPA 654 1.844 0.3028 0.8167
2LPA 655 1.651 0.2940 0.8500
2LPA 656 1.688 0.3210 0.8167
2LPA 657 1.798 0.3248 0.8167
2LPA 658 1.823 0.3016 0.8000
2LPA 659 1.686 0.3096 0.8333
2LPA 660 1.817 0.3163 0.8000
2LPA 661 1.606 0.2562 0.8333
2LPA 662 1.737 0.2992 0.8167
2LPA 663 1.652 0.3226 0.8500
2LPA 664 1.614 0.2918 0.8333
2LPA 665 1.706 0.2621 0.8167
2LPA 666 1.573 0.2757 0.8500
2LPA 667 1.810 0.2837 0.8167
2LPA 668 1.760 0.2716 0.8167
2LPA 669 1.704 0.2895 0.8167
2LPA 670 1.621 0.3096 0.8667
2LPA 671 1.734 0.3113 0.8167
2LPA 672 1.618 0.3224 0.8500
2LPA 673 1.630 0.2754 0.8333
2LPA 674 1.858 0.3014 0.8000
2LPA 675 1.615 0.2894 0.8333
2LPA 676 1.678 0.2984 0.8167
2LPA 677 1.797 0.2773 0.8000
2LPA 678 1.727 0.2914 0.8333
2LPA 679 1.817 0.2951 0.8167
2LPA 680 1.488 0.3004 0.8500
2LPA 681 1.658 0.3017 0.8167
2LPA 682 1.634 0.3307 0.8167
2LPA 683 1.821 0.3079 0.8167
2LPA 684 1.752 0.3069 0.8167
2LPA 685 1.770 0.3102 0.8167
2LPA 686 1.487 0.3061 0.8500
2LPA 687 1.541 0.3070 0.8500
2LPA 688 1.664 0.2975 0.8500
2LPA 689 1.785 0.3262 0.8333
2LPA 690 1.454 0.3165 0.8500
2LPA 691 1.849 0.3403 0.8167
2LPA 692 1.724 0.2537 0.8167
2LPA 693 1.525 0.2914 0.8333
2LPA 694 1.820 0.2845 0.8167
2LPA 695 1.606 0.3135 0.8333
2LPA 696 1.637 0.2784 0.8333
2LPA 697 1.716 0.3064 0.8167
2LPA 698 1.854 0.3061 0.8333
2LPA 699 1.621 0.2929 0.8333
2LPA 700 1.579 0.3073 0.8500
2LPA 701 1.815 0.3090 0.8167
2LPA 702 1.860 0.2868 0.8167
2LPA 703 1.887 0.2980 0.8000
2LPA 704 1.588 0.2910 0.8500
2LPA 705 1.926 0.2484 0.8000
2LPA 706 1.767 0.2632 0.8000
2LPA 707 1.720 0.3130 0.8333
2LPA 708 1.672 0.2984 0.8167
2LPA 709 1.624 0.2821 0.8167
2LPA 710 1.672 0.2992 0.8500
2LPA 711 1.739 0.2854 0.8167
2LPA 712 1.621 0.2730 0.8500
2LPA 713 1.771 0.3061 0.8167
2LPA 714 1.737 0.2965 0.8167
2LPA 715 1.807 0.2814 0.8167
2LPA 716 1.863 0.3090 0.8167
2LPA 717 1.691 0.2817 0.8167
2LPA 718 1.746 0.2656 0.8167
2LPA 719 1.901 0.2439 0.8000
2LPA 720 1.635 0.3069 0.8167
2LPA 721 1.882 0.2597 0.8000
2LPA 722 1.697 0.2989 0.8167
2LPA 723 1.770 0.2308 0.7833
2LPA 724 1.488 0.3198 0.8500
2LPA 725 1.142 0.2997 0.9333
2LPA 726 1.466 0.3055 0.8500
2LPA 727 1.345 0.2832 0.8667
2LPA 728 1.418 0.2369 0.8667
2LPA 729 1.827 0.2754 0.8333
2LPA 730 1.597 0.2888 0.8333
2LPA 731 1.595 0.2387 0.8500
2LPA 732 1.317 0.2992 0.8667
2LPA 733 1.246 0.3114 0.9000
2LPA 734 1.602 0.2592 0.8333
2LPA 735 1.473 0.3013 0.8333
2LPA 736 1.853 0.2320 0.8167
2LPA 737 1.305 0.2894 0.9000
2LPA 738 1.540 0.2608 0.9000
2LPA 739 1.491 0.3118 0.8667
2LPA 740 1.728 0.2577 0.8333
2LPA 741 1.788 0.2573 0.8333
2LPA 742 1.631 0.3004 0.8667
2LPA 743 1.555 0.2931 0.8500
2LPA 744 1.796 0.2255 0.8000
2LPA 745 1.619 0.2270 0.8167
2LPA 746 1.749 0.2408 0.8167
2LPA 747 1.848 0.2900 0.8333
2LPA 748 1.973 0.2821 0.8333
2LPA 749 1.751 0.2809 0.8000
2LPA 750 2.010 0.3112 0.8167
2LPA 751 1.824 0.3026 0.8333
2LPA 752 1.985 0.2958 0.8000
2LPA 753 1.764 0.2569 0.8333
2LPA 754 1.800 0.2668 0.8000
2LPA 755 2.007 0.2740 0.8000
2LPA 756 1.768 0.2587 0.8000
2LPA 757 2.128 0.3337 0.7833
2LPA 758 2.104 0.3101 0.7833
2LPA 759 1.703 0.3029 0.8167
2LPA 760 1.773 0.2862 0.8333
2LPA 761 2.025 0.3406 0.8167
2LPA 762 1.938 0.2487 0.8000
2LPA 763 1.981 0.2565 0.8167
2LPA 764 2.014 0.2171 0.8167
2LPA 765 2.058 0.3131 0.7833
2LPA 766 2.001 0.2324 0.8000
2LPA 767 1.591 0.3026 0.8333
2LPA 768 1.550 0.3014 0.8333
2LPA 769 1.819 0.3108 0.8167
2LPA 770 1.788 0.2827 0.8333
2LPA 771 1.900 0.2728 0.8000
2LPA 772 1.616 0.2832 0.8167
2LPA 773 1.584 0.3128 0.8333
2LPA 774 2.063 0.3097 0.7833
2LPA 775 1.789 0.2810 0.8333
2LPA 776 1.991 0.3158 0.8167
2LPA 777 1.906 0.2905 0.8000
2LPA 778 1.949 0.2764 0.8000
2LPA 779 1.927 0.2768 0.8167
2LPA 780 1.942 0.2525 0.8000
2LPA 781 1.820 0.2487 0.8167
2LPA 782 1.834 0.2764 0.8000
2LPA 783 1.549 0.2847 0.8333
2LPA 784 1.786 0.2877 0.8333
2LPA 785 1.775 0.3149 0.8333
2LPA 786 1.962 0.2932 0.8000
2LPA 787 1.889 0.2378 0.8167
2LPA 788 1.771 0.2542 0.8000
2LPA 789 1.959 0.2246 0.8000
2LPA 790 1.824 0.2928 0.8333
2LPA 791 1.712 0.2945 0.8333
2LPA 792 1.838 0.2352 0.8333
2LPA 793 1.707 0.2691 0.8500
2LPA 794 1.703 0.2428 0.8333
2LPA 795 1.989 0.2502 0.8167
2LPA 796 1.667 0.2913 0.8500
2LPA 797 2.078 0.2518 0.7833
2LPA 798 2.024 0.2532 0.8000
2LPA 799 1.890 0.2723 0.8167
2LPA 800 2.066 0.3010 0.8000
2LPA 801 1.765 0.2809 0.8333
2LPA 802 1.888 0.2667 0.8167
2LPA 803 2.008 0.2652 0.8167
2LPA 804 1.718 0.2585 0.8167
2LPA 805 2.072 0.3007 0.8167
2LPA 806 1.972 0.2375 0.8000
2LPA 807 2.065 0.2710 0.7833
2LPA 808 1.876 0.2408 0.8000
2LPA 809 1.739 0.2786 0.8333
2LPA 810 1.950 0.3002 0.8333
2LPA 811 1.816 0.2817 0.8167
2LPA 812 1.767 0.2592 0.8167
2LPA 813 1.902 0.2838 0.8167
2LPA 814 2.009 0.2893 0.8000
2LPA 815 1.620 0.2519 0.8333
2LPA 816 1.943 0.2241 0.8167
2LPA 817 2.040 0.2969 0.8167
2LPA 818 2.137 0.3186 0.7667
2LPA 819 1.636 0.3354 0.8500
2LPA 820 1.815 0.2561 0.8167
2LPA 821 1.916 0.2773 0.8167
2LPA 822 1.751 0.2630 0.8167
2LPA 823 1.753 0.3011 0.8333
2LPA 824 2.025 0.2710 0.8167
2LPA 825 1.832 0.2690 0.8167
2LPA 826 1.836 0.2631 0.8000
2LPA 827 1.799 0.2273 0.8167
2LPA 828 1.956 0.2848 0.8000
2LPA 829 1.942 0.2844 0.8333
2LPA 830 1.955 0.3235 0.8167
2LPA 831 1.838 0.2896 0.8000
2LPA 832 1.786 0.2211 0.8333
2LPA 833 2.152 0.2197 0.7833
2LPA 834 1.629 0.2843 0.8500
2LPA 835 1.849 0.2421 0.8333
2LPA 836 1.786 0.2377 0.8167
2LPA 837 1.944 0.2130 0.8000
2LPA 838 1.892 0.2010 0.8167
2LPA 839 1.597 0.2687 0.8333
2LPA 840 1.772 0.2450 0.8167
2LPA 841 1.825 0.2075 0.8000
2LPA 842 1.744 0.2414 0.8167
2LPA 843 1.697 0.2214 0.8000
2LPA 844 1.843 0.2375 0.8333
2LPA 845 1.586 0.2193 0.8167
2LPA 846 1.678 0.2487 0.8333
2LPA 847 1.855 0.2288 0.8000
2LPA 848 1.489 0.2439 0.8333
2LPA 849 1.691 0.2314 0.8167
2LPA 850 1.667 0.2534 0.8167
2LPA 851 1.739 0.2288 0.8333
2LPA 852 1.416 0.2169 0.8500
2LPA 853 1.841 0.2284 0.8167
2LPA 854 1.581 0.2338 0.8333
2LPA 855 1.579 0.3056 0.8667
2LPA 856 1.828 0.2616 0.8167
2LPA 857 1.397 0.2976 0.9000
2LPA 858 1.729 0.3036 0.8333
2LPA 859 1.767 0.2552 0.8333
2LPA 860 1.557 0.2607 0.8500
2LPA 861 1.516 0.2896 0.8667
2LPA 862 1.679 0.2657 0.8833
2LPA 863 1.692 0.2675 0.8500
2LPA 864 1.444 0.3177 0.8833
2LPA 865 1.613 0.2128 0.8333
2LPA 866 1.537 0.2327 0.8500
2LPA 867 1.834 0.2469 0.8000
2LPA 868 1.650 0.2454 0.8333
2LPA 869 1.590 0.2717 0.8333
2LPA 870 1.650 0.2528 0.8333
2LPA 871 1.546 0.2705 0.8667
2LPA 872 1.541 0.2805 0.8667
2LPA 873 1.539 0.2861 0.8667
2LPA 874 1.454 0.2937 0.9000
2LPA 875 1.263 0.2820 0.8833
2LPA 876 1.515 0.2877 0.8500
2LPA 877 1.615 0.2403 0.8500
2LPA 878 1.732 0.2637 0.8167
2LPA 879 1.487 0.3224 0.8833
2LPA 880 1.502 0.2812 0.8333
2LPA 881 1.452 0.2467 0.8500
2LPA 882 1.790 0.2427 0.8500
2LPA 883 1.801 0.2369 0.8333
2LPA 884 1.464 0.2497 0.8833
2LPA 885 1.697 0.2293 0.8167
2LPA 886 1.533 0.2634 0.8500
2LPA 887 1.681 0.2802 0.8667
2LPA 888 1.819 0.2222 0.8333
2LPA 889 1.293 0.3142 0.8833
2LPA 890 1.667 0.2490 0.8500
2LPA 891 1.653 0.2811 0.8500
2LPA 892 1.592 0.2428 0.8000
2LPA 893 1.657 0.2786 0.8500
2LPA 894 1.487 0.2753 0.8833
2LPA 895 1.319 0.2527 0.8833
2LPA 896 1.555 0.2702 0.8667
2LPA 897 1.767 0.2629 0.8333
2LPA 898 1.600 0.2247 0.8333
2LPA 899 1.758 0.3122 0.8333
2LPA 900 1.464 0.3202 0.8500
2LPA 901 1.898 0.2376 0.8167
2LPA 902 1.752 0.2291 0.8167
2LPA 903 1.557 0.2879 0.8500
2LPA 904 1.754 0.2563 0.8500
2LPA 905 1.691 0.2209 0.8500
2LPA 906 1.762 0.2358 0.8333
2LPA 907 1.501 0.3156 0.8333
2LPA 908 1.730 0.2483 0.8333
2LPA 909 1.838 0.2108 0.8000
2LPA 910 1.426 0.2875 0.8667
2LPA 911 1.696 0.2298 0.8167
2LPA 912 1.478 0.2734 0.8500
2LPA 913 1.455 0.3206 0.8667
2LPA 914 1.674 0.2477 0.8333
2LPA 915 1.978 0.2254 0.8333
2LPA 916 1.749 0.2680 0.8667
2LPA 917 1.376 0.2907 0.9167
2LPA 918 1.266 0.3297 0.9000
2LPA 919 1.479 0.2866 0.8667
2LPA 920 1.441 0.3027 0.8667
2LPA 921 1.295 0.3127 0.9000
2LPA 922 1.327 0.2805 0.8667
2LPA 923 1.572 0.3242 0.8167
2LPA 924 1.595 0.3042 0.8333
2LPA 925 1.649 0.2310 0.8000
2LPA 926 1.437 0.3082 0.8667
2LPA 927 1.356 0.3085 0.9000
2LPA 928 1.275 0.2879 0.9167
2LPA 929 1.652 0.2992 0.8667
2LPA 930 1.918 0.2425 0.8333
2LPA 931 1.592 0.3037 0.8500
2LPA 932 1.266 0.2682 0.9167
2LPA 933 1.423 0.3051 0.8833
2LPA 934 1.618 0.2363 0.8333
2LPA 935 1.612 0.2937 0.8667
2LPA 936 1.603 0.2512 0.8333
2LPA 937 1.342 0.3441 0.8833
2LPA 938 1.475 0.2357 0.8667
2LPA 939 1.522 0.2453 0.8500
2LPA 940 1.137 0.3039 0.9000
2LPA 941 1.565 0.2360 0.8333
2LPA 942 1.259 0.2587 0.8833
2LPA 943 1.288 0.2680 0.8667
2LPA 944 1.187 0.3002 0.9000
2LPA 945 1.325 0.3072 0.9167
2LPA 946 1.335 0.3142 0.9000
2LPA 947 1.432 0.2648 0.9000
2LPA 948 1.364 0.3443 0.8833
2LPA 949 1.763 0.2736 0.8500
2LPA 950 1.822 0.2680 0.8167
2LPA 951 1.517 0.3268 0.8833
2LPA 952 1.612 0.2856 0.8667
2LPA 953 1.526 0.2663 0.9000
2LPA 954 1.526 0.2863 0.8500
2LPA 955 1.626 0.2248 0.8333
2LPA 956 1.684 0.2768 0.8500
2LPA 957 1.897 0.2222 0.8333
2LPA 958 1.743 0.2658 0.8333
2LPA 959 1.388 0.2766 0.8667
2LPA 960 1.561 0.2446 0.8500
2LPA 961 1.618 0.2750 0.8500
2LPA 962 1.629 0.2684 0.8667
2LPA 963 1.638 0.2482 0.8333
2LPA 964 1.682 0.2809 0.8667
2LPA 965 1.519 0.2845 0.8500
2LPA 966 1.481 0.3131 0.8500
2LPA 967 1.844 0.2321 0.8167
2LPA 968 1.848 0.2300 0.8167
2LPA 969 1.546 0.2247 0.8333
2LPA 970 1.886 0.3121 0.8333
2LPA 971 1.477 0.3307 0.8667
2LPA 972 1.579 0.2646 0.8500
2LPA 973 1.481 0.2784 0.8667
2LPA 974 1.546 0.2960 0.8333
2LPA 975 1.562 0.2181 0.8333
2LPA 976 1.600 0.2565 0.8333
2LPA 977 1.667 0.2623 0.8167
2LPA 978 1.622 0.3019 0.8833
2LPA 979 1.665 0.2344 0.8500
2LPA 980 1.669 0.2931 0.8833
2LPA 981 1.639 0.2464 0.8500
2LPA 982 1.404 0.3074 0.8667
2LPA 983 1.367 0.2912 0.8833
2LPA 984 1.379 0.3261 0.8667
2LPA 985 1.419 0.2865 0.8833
2LPA 986 1.517 0.2892 0.8500
2LPA 987 1.268 0.2721 0.8833
2LPA 988 1.569 0.3175 0.8667
2LPA 989 1.347 0.3351 0.9000
2LPA 990 1.548 0.2717 0.8833
2LPA 991 1.571 0.2991 0.8833
2LPA 992 1.471 0.2701 0.8500
2LPA 993 1.630 0.2867 0.8333
2LPA 994 1.653 0.3133 0.8500
2LPA 995 1.632 0.3162 0.8500
2LPA 996 1.658 0.2394 0.8167
2LPA 997 1.643 0.2644 0.8333
2LPA 998 1.764 0.2055 0.8333
2LPA 999 1.486 0.2619 0.8667
2LPA 1000 1.495 0.2410 0.8667
2LPA 1001 1.784 0.2257 0.8000
2LPA 1002 1.724 0.2465 0.8333
2LPA 1003 1.337 0.3518 0.9000
2LPA 1004 1.666 0.2243 0.8333
2LPA 1005 1.681 0.2318 0.8333
2LPA 1006 1.526 0.2606 0.8833
2LPA 1007 1.829 0.2274 0.8000
2LPA 1008 1.627 0.2626 0.8500
2LPA 1009 1.764 0.2347 0.8000
2LPA 1010 1.672 0.2339 0.8167
2LPA 1011 1.533 0.3095 0.8667
2LPA 1012 1.628 0.2409 0.8333
2LPA 1013 1.738 0.2758 0.8500
2LPA 1014 1.587 0.2471 0.8333
2LPA 1015 1.863 0.2733 0.8333
2LPA 1016 1.748 0.2548 0.8500
2LPA 1017 1.582 0.2613 0.8167
2LPA 1018 1.429 0.3483 0.8833
2LPA 1019 1.563 0.2671 0.8500
2LPA 1020 1.624 0.2457 0.8167
2LPA 1021 1.597 0.2726 0.8500
2LPA 1022 1.862 0.2797 0.8000
2LPA 1023 2.078 0.2265 0.8000
2LPA 1024 1.821 0.2671 0.8167
2LPA 1025 1.666 0.2802 0.8500
2LPA 1026 1.322 0.2906 0.9000
2LPA 1027 1.404 0.2428 0.8833
2LPA 1028 1.446 0.2940 0.8667
2LPA 1029 1.689 0.2498 0.8167
2LPA 1030 1.734 0.2014 0.8167
2LPA 1031 1.618 0.2314 0.8167
2LPA 1032 2.005 0.2252 0.8167
2LPA 1033 2.097 0.2816 0.8167
2LPA 1034 1.572 0.3056 0.8333
2LPA 1035 1.433 0.2674 0.8500
2LPA 1036 1.974 0.2474 0.8000
2LPA 1037 1.734 0.2571 0.8500
2LPA 1038 1.410 0.3142 0.9000
2LPA 1039 1.760 0.2791 0.8167
2LPA 1040 1.554 0.2625 0.8833
2LPA 1041 1.731 0.2254 0.8333
2LPA 1042 1.394 0.2391 0.8500
2LPA 1043 1.449 0.2638 0.9000
2LPA 1044 1.753 0.2442 0.8333
2LPA 1045 1.644 0.2382 0.8167
2LPA 1046 1.486 0.2808 0.8833
2LPA 1047 1.757 0.2201 0.8333
2LPA 1048 1.696 0.2319 0.8500
2LPA 1049 1.602 0.2504 0.8500
2LPA 1050 1.732 0.2436 0.8167
2LPA 1051 1.674 0.2570 0.8333
2LPA 1052 1.848 0.2184 0.8167
2LPA 1053 1.934 0.2120 0.8000
2LPA 1054 1.676 0.3417 0.8333
2LPA 1055 1.643 0.2440 0.8333
2LPA 1056 1.290 0.2667 0.8833
2LPA 1057 1.608 0.2694 0.8333
2LPA 1058 1.704 0.2529 0.8167
2LPA 1059 1.449 0.2650 0.8500
2LPA 1060 1.443 0.2986 0.8667
2LPA 1061 1.388 0.2758 0.8500
2LPA 1062 1.514 0.2822 0.8333
2LPA 1063 1.384 0.2830 0.8667
2LPA 1064 1.725 0.3153 0.8500
2LPA 1065 1.567 0.2773 0.8333
2LPA 1066 1.834 0.2352 0.8500
2LPA 1067 1.425 0.2260 0.8667
2LPA 1068 1.475 0.3065 0.8333
2LPA 1069 1.658 0.2510 0.8500
2LPA 1070 1.141 0.2899 0.9000
2LPA 1071 1.321 0.2872 0.8667
2LPA 1072 1.812 0.2775 0.7833
2LPA 1073 2.023 0.2441 0.7833
2LPA 1074 1.955 0.2422 0.8000
2LPA 1075 1.403 0.2957 0.8667
2LPA 1076 1.583 0.3101 0.8167
2LPA 1077 1.930 0.2393 0.8167
2LPA 1078 1.858 0.2043 0.8000
2LPA 1079 1.800 0.2182 0.7833
2LPA 1080 1.281 0.2754 0.8833
2LPA 1081 1.672 0.1944 0.8167
2LPA 1082 1.916 0.2601 0.8167
2LPA 1083 1.722 0.2538 0.8000
2LPA 1084 1.338 0.3498 0.8833
2LPA 1085 1.612 0.2824 0.8167
2LPA 1086 1.220 0.3039 0.8833
2LPA 1087 1.531 0.2976 0.8000
2LPA 1088 1.384 0.2798 0.8833
2LPA 1089 1.455 0.2415 0.8333
2LPA 1090 1.602 0.2953 0.8167
2LPA 1091 1.602 0.2140 0.8500
2LPA 1092 1.445 0.2341 0.8667
2LPA 1093 1.920 0.1836 0.7833
2LPA 1094 1.807 0.2371 0.8000
2LPA 1095 1.327 0.2485 0.8667
2LPA 1096 1.651 0.2474 0.8167
2LPA 1097 1.453 0.2432 0.8500
2LPA 1098 1.466 0.2583 0.8500
2LPA 1099 1.399 0.2932 0.8667
2LPA 1100 1.563 0.2735 0.8333
2LPA 1101 1.614 0.2438 0.8167
2LPA 1102 1.871 0.2639 0.8333
2LPA 1103 1.711 0.3054 0.8333
2LPA 1104 1.919 0.2970 0.8333
2LPA 1105 1.754 0.3438 0.8500
2LPA 1106 1.981 0.2197 0.8000
2LPA 1107 2.101 0.2050 0.8000
2LPA 1108 1.823 0.2902 0.8500
2LPA 1109 1.689 0.3178 0.8500
2LPA 1110 1.707 0.2461 0.8667
2LPA 1111 1.983 0.2243 0.8167
2LPA 1112 1.858 0.2374 0.8167
2LPA 1113 1.653 0.2464 0.8500
2LPA 1114 1.630 0.2531 0.8333
2LPA 1115 1.779 0.2544 0.8167
2LPA 1116 1.617 0.2722 0.8500
2LPA 1117 1.887 0.2780 0.8167
2LPA 1118 1.926 0.2337 0.8333
2LPA 1119 1.707 0.2778 0.8333
2LPA 1120 1.889 0.2848 0.8167
2LPA 1121 1.757 0.2349 0.7833
2LPA 1122 1.921 0.2440 0.8333
2LPA 1123 1.660 0.2622 0.8333
2LPA 1124 1.617 0.2692 0.8333
2LPA 1125 1.815 0.2535 0.8167
2LPA 1126 1.940 0.2421 0.8333
2LPA 1127 1.393 0.2664 0.8833
2LPA 1128 1.712 0.2643 0.8833
2LPA 1129 1.708 0.2780 0.8500
2LPA 1130 1.951 0.2429 0.7833
2LPA 1131 1.779 0.2372 0.8000
2LPA 1132 1.613 0.2641 0.8500
2LPA 1133 1.862 0.2466 0.8167
2LPA 1134 1.920 0.2599 0.8667
2LPA 1135 1.667 0.3371 0.8667
2LPA 1136 2.263 0.1963 0.7667
2LPA 1137 2.154 0.2156 0.7500
2LPA 1138 2.033 0.2442 0.8000
2LPA 1139 1.929 0.2589 0.8167
2LPA 1140 1.670 0.2330 0.8333
2LPA 1141 1.652 0.2821 0.8167
2LPA 1142 1.524 0.2846 0.8667
2LPA 1143 1.479 0.2624 0.8333
2LPA 1144 1.645 0.2571 0.8500
2LPA 1145 1.988 0.2651 0.8167
2LPA 1146 1.902 0.2613 0.7833
2LPA 1147 1.984 0.2086 0.8000
2LPA 1148 1.910 0.2443 0.8167
2LPA 1149 1.920 0.2642 0.8000
2LPA 1150 1.932 0.2850 0.8500
2LPA 1151 1.971 0.2263 0.8000
2LPA 1152 2.042 0.2902 0.8500
2LPA 1153 1.804 0.2791 0.8500
2LPA 1154 1.770 0.2468 0.8167
2LPA 1155 1.550 0.3280 0.8833
2LPA 1156 1.902 0.2370 0.8167
2LPA 1157 2.121 0.2564 0.8000
2LPA 1158 1.706 0.2749 0.8167
2LPA 1159 1.928 0.2858 0.8167
2LPA 1160 1.913 0.2446 0.7833
2LPA 1161 1.816 0.2744 0.8333
2LPA 1162 1.662 0.2465 0.8333
2LPA 1163 1.532 0.2352 0.8667
2LPA 1164 1.977 0.2305 0.8167
2LPA 1165 1.555 0.2309 0.8333
2LPA 1166 2.074 0.2887 0.8167
2LPA 1167 1.969 0.2518 0.7833
2LPA 1168 1.881 0.2661 0.8333
2LPA 1169 1.909 0.2405 0.8000
2LPA 1170 1.601 0.2535 0.8833
2LPA 1171 1.453 0.2833 0.8667
2LPA 1172 1.677 0.2328 0.8000
2LPA 1173 1.716 0.2413 0.8167
2LPA 1174 1.572 0.2612 0.8500
2LPA 1175 1.532 0.2867 0.8667
2LPA 1176 1.743 0.2378 0.8000
2LPA 1177 1.680 0.2767 0.8333
2LPA 1178 1.585 0.2752 0.8833
2LPA 1179 1.941 0.2186 0.8333
2LPA 1180 1.804 0.2461 0.8167
2LPA 1181 1.793 0.2214 0.8000
2LPA 1182 1.806 0.1956 0.8000
2LPA 1183 1.762 0.2358 0.8333
2LPA 1184 1.877 0.2548 0.8167
2LPA 1185 1.824 0.2444 0.8000
2LPA 1186 1.839 0.1992 0.7833
2LPA 1187 1.752 0.2095 0.8000
2LPA 1188 1.642 0.2123 0.8000
2LPA 1189 1.780 0.2203 0.8167
2LPA 1190 1.797 0.2764 0.8500
2LPA 1191 1.780 0.2327 0.8167
2LPA 1192 1.534 0.2557 0.8667
2LPA 1193 1.643 0.2657 0.8500
2LPA 1194 1.836 0.2261 0.8333
2LPA 1195 1.954 0.1804 0.7500
2LPA 1196 1.902 0.2369 0.8333
2LPA 1197 1.730 0.2556 0.8000
2LPA 1198 1.596 0.2726 0.8500
2LPA 1199 2.013 0.2638 0.7667
2LPA 1200 1.690 0.2500 0.8333
2LPA 1201 1.684 0.2550 0.8333
2LPA 1202 1.972 0.3045 0.8167
2LPA 1203 1.745 0.2909 0.8500
2LPA 1204 1.584 0.2644 0.8500
2LPA 1205 1.667 0.3161 0.8333
2LPA 1206 1.443 0.3253 0.8667
2LPA 1207 1.460 0.3140 0.8667
2LPA 1208 1.674 0.2638 0.8167
2LPA 1209 1.705 0.2784 0.8333
2LPA 1210 1.968 0.2267 0.8167
2LPA 1211 1.776 0.2664 0.8167
2LPA 1212 1.613 0.2791 0.8167
2LPA 1213 1.746 0.2957 0.8000
2LPA 1214 1.611 0.2626 0.8500
2LPA 1215 1.526 0.2455 0.8333
2LPA 1216 1.711 0.2925 0.8500
2LPA 1217 1.681 0.2669 0.8167
2LPA 1218 1.655 0.2642 0.8167
2LPA 1219 1.720 0.2681 0.7833
2LPA 1220 1.579 0.2421 0.8167
2LPA 1221 1.662 0.2413 0.8333
2LPA 1222 1.763 0.2254 0.8000
2LPA 1223 1.436 0.2823 0.8500
2LPA 1224 1.624 0.2378 0.8333
2LPA 1225 1.437 0.2298 0.8500
2LPA 1226 1.764 0.2794 0.8000
2LPA 1227 1.214 0.3224 0.8833
2LPA 1228 1.126 0.3550 0.8833
2LPA 1229 1.493 0.2411 0.8500
2LPA 1230 1.590 0.2456 0.8333
2LPA 1231 1.421 0.2588 0.8833
2LPA 1232 1.392 0.2840 0.8500
2LPA 1233 1.593 0.2232 0.8333
2LPA 1234 1.464 0.2636 0.8333
2LPA 1235 1.590 0.2237 0.8167
2LPA 1236 1.556 0.2045 0.8333
2LPA 1237 1.547 0.2760 0.8500
2LPA 1238 1.300 0.2578 0.8667
2LPA 1239 1.375 0.2323 0.8500
2LPA 1240 1.984 0.1717 0.8000
2LPA 1241 1.515 0.2638 0.8667
2LPA 1242 1.694 0.2129 0.8167
2LPA 1243 1.452 0.2834 0.8333
2LPA 1244 1.352 0.2469 0.8500
2LPA 1245 1.433 0.2303 0.8667
2LPA 1246 1.563 0.2197 0.8000
2LPA 1247 1.682 0.2502 0.8333
2LPA 1248 1.853 0.1967 0.8000
2LPA 1249 1.703 0.2171 0.8000
2LPA 1250 1.664 0.2381 0.8500
2LPA 1251 1.631 0.3147 0.8333
2LPA 1252 1.564 0.2961 0.8833
2LPA 1253 1.314 0.2250 0.8667
2LPA 1254 1.676 0.2698 0.8167
2LPA 1255 1.450 0.2551 0.8167
2LPA 1256 1.585 0.2332 0.8000
2LPA 1257 1.164 0.3193 0.8833
2LPA 1258 1.428 0.2483 0.8333
2LPA 1259 1.572 0.1935 0.8333
2LPA 1260 1.455 0.2852 0.8667
2LPA 1261 1.472 0.3060 0.8500
2LPA 1262 1.243 0.3022 0.9000
2LPA 1263 1.598 0.2621 0.8000
2LPA 1264 1.470 0.2467 0.8333
2LPA 1265 1.916 0.1811 0.7833
2LPA 1266 1.661 0.1949 0.8000
2LPA 1267 1.851 0.1979 0.7500
2LPA 1268 1.796 0.1963 0.7500
2LPA 1269 1.636 0.1930 0.8000
2LPA 1270 1.544 0.2440 0.8167
2LPA 1271 2.003 0.2238 0.7833
2LPA 1272 1.621 0.2585 0.8500
2LPA 1273 2.181 0.1870 0.7500
2LPA 1274 1.723 0.2513 0.8167
2LPA 1275 1.574 0.2495 0.8333
2LPA 1276 1.975 0.2766 0.7333
2LPA 1277 1.904 0.1859 0.8167
2LPA 1278 1.620 0.1868 0.8000
2LPA 1279 1.903 0.2078 0.7500
2LPA 1280 1.873 0.1711 0.7667
2LPA 1281 1.620 0.1805 0.8000
2LPA 1282 1.934 0.1505 0.7500
2LPA 1283 1.909 0.1599 0.7833
2LPA 1284 1.666 0.2228 0.7833
2LPA 1285 1.560 0.2546 0.8333
2LPA 1286 1.816 0.1884 0.7667
2LPA 1287 1.839 0.2087 0.7833
2LPA 1288 1.513 0.2380 0.8500
2LPA 1289 1.275 0.2292 0.8500
2LPA 1290 1.153 0.2410 0.8833
2LPA 1291 1.309 0.2371 0.8500
2LPA 1292 1.572 0.2381 0.8667
2LPA 1293 1.549 0.2509 0.8500
2LPA 1294 1.556 0.2656 0.8167
2LPA 1295 1.779 0.2222 0.8000
2LPA 1296 1.830 0.2077 0.8000
2LPA 1297 1.792 0.1980 0.8000
2LPA 1298 1.655 0.1647 0.8000
2LPA 1299 1.637 0.2624 0.8000
2LPA 1300 1.914 0.1924 0.7667
2LPA 1301 1.651 0.2556 0.8000
2LPA 1302 1.545 0.2288 0.8333
2LPA 1303 1.777 0.2753 0.8167
2LPA 1304 1.352 0.3119 0.8667
2LPA 1305 1.834 0.2107 0.8000
2LPA 1306 1.468 0.2685 0.8500
2LPA 1307 1.891 0.2410 0.7833
2LPA 1308 1.446 0.2465 0.8500
2LPA 1309 1.525 0.2729 0.8333
2LPA 1310 1.677 0.2735 0.8167
2LPA 1311 1.758 0.2220 0.7833
2LPA 1312 1.654 0.2208 0.8167
2LPA 1313 1.959 0.2191 0.7500
2LPA 1314 1.834 0.2087 0.7500
2LPA 1315 1.883 0.2352 0.8000
2LPA 1316 1.609 0.2180 0.8333
2LPA 1317 1.764 0.2833 0.8167
2LPA 1318 1.904 0.2573 0.8000
2LPA 1319 1.946 0.2366 0.8000
2LPA 1320 1.904 0.2257 0.7500
2LPA 1321 1.681 0.2356 0.8000
2LPA 1322 1.807 0.3115 0.8333
2LPA 1323 2.070 0.2521 0.8000
2LPA 1324 1.673 0.2303 0.8333
2LPA 1325 1.667 0.2462 0.8167
2LPA 1326 1.939 0.2331 0.8000
2LPA 1327 2.174 0.2254 0.7667
2LPA 1328 1.998 0.2669 0.7833
2LPA 1329 1.573 0.3045 0.8500
2LPA 1330 1.578 0.2944 0.8500
2LPA 1331 1.919 0.2794 0.8167
2LPA 1332 2.279 0.2672 0.8000
2LPA 1333 1.810 0.2448 0.7833
2LPA 1334 1.669 0.2573 0.8167
2LPA 1335 1.650 0.2553 0.8167
2LPA 1336 1.769 0.2465 0.8167
2LPA 1337 1.777 0.2928 0.8167
2LPA 1338 1.521 0.2482 0.8333
2LPA 1339 1.887 0.2407 0.7833
2LPA 1340 1.700 0.2382 0.8333
2LPA 1341 1.378 0.2366 0.8667
2LPA 1342 1.602 0.2698 0.8167
2LPA 1343 1.529 0.2568 0.8333
2LPA 1344 1.664 0.2615 0.8333
2LPA 1345 1.545 0.3050 0.8333
2LPA 1346 1.772 0.2383 0.8500
2LPA 1347 1.338 0.2274 0.8333
2LPA 1348 1.190 0.2662 0.8833
2LPA 1349 1.521 0.2470 0.8333
2LPA 1350 1.388 0.2679 0.8333
2LPA 1351 1.692 0.2574 0.7833
2LPA 1352 1.502 0.2095 0.8333
2LPA 1353 1.509 0.2363 0.8500
2LPA 1354 2.022 0.2571 0.7833
2LPA 1355 2.282 0.2625 0.7667
2LPA 1356 2.161 0.2293 0.7833
2LPA 1357 1.864 0.2449 0.8000
2LPA 1358 1.714 0.2824 0.8000
2LPA 1359 2.136 0.2447 0.7500
2LPA 1360 2.020 0.1561 0.7667
2LPA 1361 1.974 0.2188 0.7667
2LPA 1362 1.649 0.2119 0.8333
2LPA 1363 1.541 0.2603 0.8500
2LPA 1364 1.733 0.2386 0.8000
2LPA 1365 1.933 0.3141 0.8500
2LPA 1366 1.508 0.2371 0.8333
2LPA 1367 1.868 0.2760 0.8000
2LPA 1368 1.579 0.2648 0.8000
2LPA 1369 1.250 0.2813 0.8833
2LPA 1370 1.320 0.2856 0.8667
2LPA 1371 1.256 0.2576 0.8833
2LPA 1372 1.655 0.2553 0.8167
2LPA 1373 1.898 0.2526 0.8000
2LPA 1374 1.424 0.2705 0.8667
2LPA 1375 1.501 0.2929 0.8500
2LPA 1376 1.442 0.2544 0.8500
2LPA 1377 1.566 0.3042 0.8333
2LPA 1378 1.788 0.2089 0.8167
2LPA 1379 1.591 0.2978 0.8833
2LPA 1380 1.263 0.2872 0.8667
2LPA 1381 1.757 0.2128 0.8167
2LPA 1382 1.352 0.2402 0.8667
2LPA 1383 1.484 0.2671 0.8333
2LPA 1384 1.976 0.2089 0.7667
2LPA 1385 1.550 0.2402 0.8500
2LPA 1386 1.385 0.2524 0.8500
2LPA 1387 1.626 0.2510 0.8500
2LPA 1388 1.642 0.2237 0.8333
2LPA 1389 1.408 0.2526 0.8333
2LPA 1390 1.817 0.2522 0.7833
2LPA 1391 1.655 0.2363 0.8333
2LPA 1392 1.825 0.2256 0.7833
2LPA 1393 1.773 0.2619 0.8000
2LPA 1394 1.797 0.2534 0.7833
2LPA 1395 1.863 0.2648 0.8167
2LPA 1396 1.952 0.2660 0.7667
2LPA 1397 1.438 0.2299 0.8833
2LPA 1398 1.460 0.3254 0.8500
2LPA 1399 1.405 0.2498 0.8500
2LPA 1400 1.714 0.2840 0.8333
2LPA 1401 1.296 0.2394 0.8500
2LPA 1402 1.769 0.2118 0.8167
2LPA 1403 1.721 0.2039 0.8333
2LPA 1404 1.579 0.2619 0.8167
2LPA 1405 1.636 0.2976 0.8167
2LPA 1406 1.893 0.2156 0.8000
2LPA 1407 1.823 0.2733 0.8333
2LPA 1408 2.103 0.1714 0.7833
2LPA 1409 1.620 0.2505 0.8333
2LPA 1410 1.941 0.2486 0.8000
2LPA 1411 2.047 0.2332 0.7667
2LPA 1412 1.639 0.1944 0.8167
2LPA 1413 1.551 0.1946 0.8333
2LPA 1414 1.966 0.2382 0.7833
2LPA 1415 1.775 0.2308 0.8167
2LPA 1416 1.349 0.2818 0.8667
2LPA 1417 1.669 0.2456 0.8333
2LPA 1418 1.650 0.2812 0.8167
2LPA 1419 1.502 0.2822 0.8500
2LPA 1420 1.973 0.2568 0.8167
2LPA 1421 2.155 0.2214 0.7833
2LPA 1422 1.639 0.2662 0.8167
2LPA 1423 1.495 0.2961 0.8333
2LPA 1424 1.766 0.2578 0.8167
2LPA 1425 1.591 0.2189 0.8333
2LPA 1426 1.890 0.2956 0.8500
2LPA 1427 2.340 0.2079 0.7000
2LPA 1428 2.047 0.2019 0.8000
2LPA 1429 2.037 0.2356 0.7667
2LPA 1430 1.731 0.1948 0.8167
2LPA 1431 1.904 0.2530 0.7833
2LPA 1432 2.123 0.2517 0.7667
2LPA 1433 2.047 0.1862 0.7833
2LPA 1434 1.767 0.2393 0.8000
2LPA 1435 1.517 0.2133 0.8167
2LPA 1436 1.483 0.2340 0.8500
2LPA 1437 1.852 0.2536 0.8333
2LPA 1438 1.504 0.2410 0.8500
2LPA 1439 1.562 0.3046 0.8500
2LPA 1440 1.881 0.2564 0.8000
2LPA 1441 1.439 0.2688 0.8333
2LPA 1442 1.480 0.2173 0.8333
2LPA 1443 1.616 0.2243 0.8333
2LPA 1444 1.662 0.2530 0.8333
2LPA 1445 1.457 0.2383 0.8500
2LPA 1446 2.000 0.2496 0.8333
2LPA 1447 1.615 0.2265 0.8167
2LPA 1448 1.718 0.1950 0.8167
2LPA 1449 1.317 0.2501 0.8667
2LPA 1450 1.292 0.2233 0.8667
2LPA 1451 1.430 0.2380 0.8833
2LPA 1452 1.538 0.2718 0.8500
2LPA 1453 1.660 0.2187 0.8000
2LPA 1454 1.819 0.2735 0.7833
2LPA 1455 2.267 0.2003 0.7333
2LPA 1456 1.934 0.2407 0.7833
2LPA 1457 1.355 0.2652 0.8667
2LPA 1458 1.520 0.2863 0.8333
2LPA 1459 1.328 0.3014 0.8500
2LPA 1460 1.591 0.2674 0.8333
2LPA 1461 1.550 0.2557 0.8500
2LPA 1462 1.433 0.2439 0.8667
2LPA 1463 1.648 0.2314 0.8000
2LPA 1464 1.317 0.2569 0.8833
2LPA 1465 1.441 0.2353 0.8333
2LPA 1466 1.906 0.1991 0.8333
2LPA 1467 1.825 0.2409 0.8333
2LPA 1468 1.558 0.2283 0.8333
2LPA 1469 1.743 0.2437 0.8333
2LPA 1470 2.162 0.2383 0.7500
2LPA 1471 1.677 0.2318 0.8167
2LPA 1472 1.519 0.2509 0.8500
2LPA 1473 1.526 0.1842 0.8333
2LPA 1474 1.488 0.2350 0.8500
2LPA 1475 1.994 0.2487 0.7667
2LPA 1476 2.003 0.2471 0.7833
2LPA 1477 2.290 0.1713 0.7500
2LPA 1478 1.895 0.2318 0.7667
2LPA 1479 1.715 0.2456 0.7833
2LPA 1480 2.147 0.2579 0.7333
2LPA 1481 1.766 0.2239 0.7833
2LPA 1482 1.748 0.2261 0.7833
2LPA 1483 2.241 0.2218 0.7333
2LPA 1484 2.235 0.2353 0.7833
2LPA 1485 2.022 0.2192 0.7833
2LPA 1486 2.108 0.2307 0.7667
2LPA 1487 1.905 0.2485 0.7833
2LPA 1488 1.736 0.2411 0.8000
2LPA 1489 1.818 0.2699 0.8333
2LPA 1490 1.875 0.2439 0.8167
2LPA 1491 2.221 0.2282 0.7500
2LPA 1492 2.031 0.2527 0.8167
2LPA 1493 1.941 0.2888 0.7667
2LPA 1494 1.582 0.2333 0.8000
2LPA 1495 1.663 0.2775 0.8500
2LPA 1496 1.621 0.2929 0.8667
2LPA 1497 1.639 0.2467 0.8167
2LPA 1498 1.448 0.2205 0.8333
2LPA 1499 1.474 0.2252 0.8167
2LPA 1500 1.601 0.2342 0.8667
2LPA 1501 1.829 0.2862 0.8500
2LPA 1502 2.044 0.2421 0.7667
2LPA 1503 2.134 0.2110 0.8000
2LPA 1504 1.743 0.2544 0.8500
2LPA 1505 1.687 0.3368 0.8500
2LPA 1506 1.828 0.1974 0.7833
2LPA 1507 2.015 0.2510 0.7667
2LPA 1508 1.942 0.2493 0.8000
2LPA 1509 2.014 0.2821 0.7667
2LPA 1510 2.243 0.1973 0.8000
2LPA 1511 1.908 0.2152 0.7500
2LPA 1512 2.218 0.2537 0.7833
2LPA 1513 2.259 0.2521 0.7500
2LPA 1514 2.314 0.3063 0.7833
2LPA 1515 2.588 0.1558 0.7000
2LPA 1516 2.062 0.2243 0.7667
2LPA 1517 2.304 0.2403 0.7667
2LPA 1518 1.962 0.2342 0.8000
2LPA 1519 2.012 0.2980 0.8167
2LPA 1520 1.530 0.2398 0.8500
2LPA 1521 1.780 0.2365 0.8167
2LPA 1522 1.845 0.2235 0.8333
2LPA 1523 2.235 0.1780 0.7667
2LPA 1524 1.705 0.2225 0.8167
2LPA 1525 1.462 0.3452 0.8667
2LPA 1526 2.173 0.2705 0.7667
2LPA 1527 1.967 0.2504 0.8000
2LPA 1528 2.094 0.2564 0.7833
2LPA 1529 2.102 0.2019 0.7833
2LPA 1530 1.941 0.2341 0.8000
2LPA 1531 2.781 0.1947 0.7500
2LPA 1532 2.753 0.1929 0.7500
2LPA 1533 2.334 0.2306 0.7667
2LPA 1534 1.533 0.2455 0.8167
2LPA 1535 2.013 0.2227 0.8167
2LPA 1536 2.110 0.1966 0.7500
2LPA 1537 2.921 0.2696 0.7333
2LPA 1538 2.944 0.2202 0.7000
2LPA 1539 2.496 0.2307 0.7500
2LPA 1540 2.022 0.2660 0.7500
2LPA 1541 2.084 0.2096 0.7500
2LPA 1542 2.522 0.2326 0.6833
2LPA 1543 2.561 0.2059 0.7333
2LPA 1544 2.573 0.2154 0.7333
2LPA 1545 2.635 0.1892 0.7500
2LPA 1546 2.335 0.2624 0.7833
2LPA 1547 2.126 0.2571 0.7833
2LPA 1548 2.314 0.2473 0.7667
2LPA 1549 2.970 0.2396 0.7500
2LPA 1550 2.640 0.1966 0.7333
2LPA 1551 2.390 0.1737 0.7333
2LPA 1552 2.659 0.2006 0.7333
2LPA 1553 2.411 0.2563 0.7500
2LPA 1554 2.440 0.3010 0.7667
2LPA 1555 1.955 0.2004 0.7833
2LPA 1556 1.812 0.2594 0.8000
2LPA 1557 1.982 0.2065 0.7667
2LPA 1558 1.720 0.2190 0.8000
2LPA 1559 1.884 0.2605 0.7833
2LPA 1560 1.610 0.2977 0.8500
2LPA 1561 2.250 0.1999 0.7167
2LPA 1562 2.387 0.1912 0.7000
2LPA 1563 2.419 0.2433 0.7333
2LPA 1564 2.086 0.2449 0.7667
2LPA 1565 2.006 0.2402 0.7500
2LPA 1566 2.358 0.2215 0.7167
2LPA 1567 1.870 0.2379 0.7667
2LPA 1568 2.337 0.1785 0.7500
2LPA 1569 2.101 0.1999 0.7667
2LPA 1570 2.656 0.2052 0.7167
2LPA 1571 3.165 0.1664 0.6667
2LPA 1572 2.452 0.2154 0.7500
2LPA 1573 2.002 0.2179 0.7833
2LPA 1574 2.485 0.2737 0.7833
2LPA 1575 2.243 0.2294 0.7500
2LPA 1576 2.651 0.2272 0.7833
2LPA 1577 2.104 0.1828 0.7833
2LPA 1578 2.101 0.1604 0.7833
2LPA 1579 2.117 0.2209 0.7833
2LPA 1580 2.318 0.2369 0.8000
2LPA 1581 2.212 0.2723 0.7833
2LPA 1582 2.607 0.2289 0.7667
2LPA 1583 2.343 0.2058 0.7667
2LPA 1584 2.344 0.2365 0.8167
2LPA 1585 2.356 0.2259 0.7833
2LPA 1586 2.198 0.2958 0.8000
2LPA 1587 2.390 0.2806 0.7333
2LPA 1588 2.394 0.2573 0.7500
2LPA 1589 2.256 0.2461 0.7833
2LPA 1590 2.531 0.3034 0.7833
2LPA 1591 2.237 0.2380 0.8000
2LPA 1592 2.541 0.2680 0.8000
2LPA 1593 2.515 0.2336 0.8000
2LPA 1594 2.099 0.2508 0.8000
2LPA 1595 2.451 0.2657 0.7667
2LPA 1596 2.132 0.3385 0.8167
2LPA 1597 2.269 0.2803 0.7667
2LPA 1598 2.495 0.2336 0.7500
2LPA 1599 2.937 0.2408 0.7500
2LPA 1600 2.495 0.2530 0.7667
2LPA 1601 2.475 0.2317 0.7833
2LPA 1602 2.161 0.2436 0.7833
2LPA 1603 2.245 0.2578 0.7500
2LPA 1604 2.354 0.2466 0.7833
2LPA 1605 2.603 0.2386 0.7833
2LPA 1606 2.163 0.1825 0.7500
2LPA 1607 1.959 0.2374 0.7833
2LPA 1608 1.846 0.2165 0.8167
2LPA 1609 1.923 0.2487 0.8167
2LPA 1610 1.880 0.2063 0.8000
2LPA 1611 1.789 0.2023 0.8000
2LPA 1612 1.773 0.2476 0.8333
2LPA 1613 2.324 0.2596 0.7833
2LPA 1614 2.580 0.2425 0.8167
2LPA 1615 2.027 0.2028 0.7833
2LPA 1616 2.348 0.2262 0.7500
2LPA 1617 2.385 0.1772 0.7167
2LPA 1618 2.480 0.1548 0.7333
2LPA 1619 2.082 0.2604 0.7833
2LPA 1620 2.171 0.2437 0.7833
2LPA 1621 2.030 0.2458 0.8167
2LPA 1622 1.976 0.1626 0.7833
2LPA 1623 2.265 0.1982 0.7667
2LPA 1624 1.930 0.2298 0.8333
2LPA 1625 2.102 0.1513 0.7833
2LPA 1626 2.244 0.2677 0.7667
2LPA 1627 2.336 0.2407 0.7667
2LPA 1628 2.198 0.2041 0.7667
2LPA 1629 2.434 0.1882 0.7500
2LPA 1630 2.247 0.2359 0.7833
2LPA 1631 2.197 0.1928 0.7833
2LPA 1632 2.462 0.2016 0.7167
2LPA 1633 2.273 0.1782 0.7667
2LPA 1634 2.700 0.2447 0.7167
2LPA 1635 2.294 0.2272 0.7667
2LPA 1636 2.473 0.2807 0.7500
2LPA 1637 2.558 0.1931 0.7333
2LPA 1638 2.331 0.1517 0.7500
2LPA 1639 2.388 0.2319 0.7833
2LPA 1640 2.066 0.1913 0.7667
2LPA 1641 2.036 0.2240 0.8000
2LPA 1642 2.101 0.2208 0.8000
2LPA 1643 2.152 0.1974 0.7833
2LPA 1644 2.192 0.1814 0.7167
2LPA 1645 2.206 0.1923 0.7667
2LPA 1646 2.240 0.2362 0.7833
2LPA 1647 2.397 0.2479 0.7667
2LPA 1648 2.008 0.2134 0.8000
2LPA 1649 2.295 0.2546 0.7667
2LPA 1650 2.418 0.3211 0.8000
2LPA 1651 2.552 0.2715 0.7500
2LPA 1652 2.560 0.2639 0.7667
2LPA 1653 2.419 0.2140 0.7500
2LPA 1654 1.965 0.1869 0.8000
2LPA 1655 2.293 0.2258 0.8000
2LPA 1656 2.028 0.2523 0.8333
2LPA 1657 1.847 0.2726 0.8333
2LPA 1658 1.867 0.2480 0.8333
2LPA 1659 2.046 0.2048 0.7833
2LPA 1660 1.771 0.2213 0.8167
2LPA 1661 1.937 0.2047 0.7667
2LPA 1662 2.112 0.1955 0.7500
2LPA 1663 2.200 0.2062 0.7167
2LPA 1664 2.028 0.2255 0.7500
2LPA 1665 2.260 0.2467 0.7667
2LPA 1666 2.108 0.1741 0.7333
2LPA 1667 2.242 0.2586 0.7500
2LPA 1668 2.470 0.1774 0.7167
2LPA 1669 2.298 0.2227 0.7167
2LPA 1670 2.546 0.2334 0.7167
2LPA 1671 2.217 0.1892 0.7667
2LPA 1672 2.272 0.2333 0.7500
2LPA 1673 2.149 0.2054 0.7500
2LPA 1674 2.298 0.2346 0.8000
2LPA 1675 1.743 0.1913 0.8333
2LPA 1676 1.987 0.3222 0.8000
2LPA 1677 1.975 0.2815 0.8000
2LPA 1678 2.139 0.2357 0.7667
2LPA 1679 2.206 0.2054 0.7667
2LPA 1680 2.092 0.2332 0.7833
2LPA 1681 2.250 0.2728 0.7833
2LPA 1682 1.963 0.1982 0.8000
2LPA 1683 1.985 0.1997 0.8000
2LPA 1684 2.248 0.1989 0.7333
2LPA 1685 2.300 0.1726 0.7333
2LPA 1686 2.293 0.2255 0.7667
2LPA 1687 2.125 0.2353 0.7667
2LPA 1688 2.016 0.2688 0.7833
2LPA 1689 2.592 0.1992 0.7333
2LPA 1690 2.554 0.2916 0.7833
2LPA 1691 2.533 0.1973 0.8000
2LPA 1692 2.080 0.2341 0.7833
2LPA 1693 2.209 0.2282 0.7667
2LPA 1694 2.111 0.2552 0.7833
2LPA 1695 1.923 0.2461 0.8000
2LPA 1696 2.281 0.2477 0.7667
2LPA 1697 2.215 0.2159 0.7667
2LPA 1698 2.323 0.2111 0.7333
2LPA 1699 2.458 0.1945 0.7667
2LPA 1700 2.463 0.1835 0.7500
2LPA 1701 2.299 0.2237 0.7500
2LPA 1702 2.248 0.2137 0.7667
2LPA 1703 2.278 0.2261 0.7833
2LPA 1704 2.534 0.2021 0.7333
2LPA 1705 2.545 0.1941 0.7000
2LPA 1706 2.574 0.2329 0.7167
2LPA 1707 2.300 0.2353 0.7333
2LPA 1708 2.147 0.2509 0.8000
2LPA 1709 2.163 0.2295 0.7667
2LPA 1710 2.231 0.2017 0.7667
2LPA 1711 2.376 0.1941 0.7333
2LPA 1712 2.420 0.1789 0.7167
2LPA 1713 1.998 0.2093 0.7667
2LPA 1714 2.106 0.2380 0.7500
2LPA 1715 2.560 0.2056 0.7167
2LPA 1716 2.541 0.1926 0.6833
2LPA 1717 2.485 0.1999 0.7500
2LPA 1718 2.712 0.2233 0.7167
2LPA 1719 2.438 0.2102 0.7333
2LPA 1720 2.522 0.2171 0.7667
2LPA 1721 2.518 0.2141 0.7167
2LPA 1722 2.490 0.2377 0.7500
2LPA 1723 2.580 0.3144 0.7667
2LPA 1724 2.421 0.2452 0.7167
2LPA 1725 2.568 0.2173 0.7667
2LPA 1726 2.408 0.2240 0.7333
2LPA 1727 2.270 0.1980 0.7333
2LPA 1728 1.968 0.2220 0.8000
2LPA 1729 2.003 0.2121 0.8167
2LPA 1730 2.368 0.2375 0.7333
2LPA 1731 2.357 0.2524 0.8333
2LPA 1732 2.469 0.2268 0.7500
2LPA 1733 2.284 0.2194 0.7500
2LPA 1734 2.016 0.2632 0.8333
2LPA 1735 2.106 0.1930 0.7667
2LPA 1736 2.417 0.2529 0.7667
2LPA 1737 2.606 0.1847 0.7000
2LPA 1738 2.374 0.1520 0.7333
2LPA 1739 2.562 0.2314 0.7667
2LPA 1740 2.987 0.2187 0.6833
2LPA 1741 2.955 0.2417 0.7333
2LPA 1742 2.338 0.2331 0.7833
2LPA 1743 2.067 0.2530 0.8000
2LPA 1744 2.957 0.2312 0.7500
2LPA 1745 2.430 0.2704 0.7667
2LPA 1746 2.556 0.2252 0.7500
2LPA 1747 2.270 0.2362 0.7500
2LPA 1748 2.606 0.2260 0.7167
2LPA 1749 2.704 0.2480 0.7333
2LPA 1750 2.740 0.2104 0.7000
2LPA 1751 2.915 0.1964 0.7333
2LPA 1752 3.192 0.2018 0.7167
2LPA 1753 2.782 0.1844 0.7333
2LPA 1754 3.255 0.1855 0.6833
2LPA 1755 2.799 0.2222 0.7333
2LPA 1756 2.943 0.2257 0.7500
2LPA 1757 2.870 0.1910 0.7500
2LPA 1758 2.728 0.1741 0.6667
2LPA 1759 2.485 0.1753 0.7167
2LPA 1760 2.658 0.1493 0.7167
2LPA 1761 2.351 0.2150 0.7667
2LPA 1762 2.502 0.2181 0.7667
2LPA 1763 2.149 0.1948 0.7833
2LPA 1764 2.134 0.2539 0.7500
2LPA 1765 2.576 0.2418 0.7667
2LPA 1766 2.712 0.2025 0.7500
2LPA 1767 2.341 0.2149 0.7667
2LPA 1768 2.695 0.1629 0.7167
2LPA 1769 2.904 0.1648 0.7167
2LPA 1770 2.530 0.1514 0.7333
2LPA 1771 2.466 0.2252 0.7833
2LPA 1772 3.052 0.2555 0.7500
2LPA 1773 2.697 0.2191 0.7667
2LPA 1774 2.946 0.2075 0.7667
2LPA 1775 3.036 0.2102 0.7167
2LPA 1776 3.041 0.2420 0.7333
2LPA 1777 2.684 0.2197 0.7667
2LPA 1778 3.069 0.2438 0.7333
2LPA 1779 3.010 0.2646 0.7333
2LPA 1780 3.143 0.2050 0.7333
2LPA 1781 3.048 0.2383 0.7167
2LPA 1782 3.036 0.2864 0.7500
2LPA 1783 3.126 0.2175 0.7333
2LPA 1784 3.050 0.2486 0.7333
2LPA 1785 2.793 0.2618 0.7500
2LPA 1786 3.134 0.2014 0.7167
2LPA 1787 3.147 0.2200 0.7167
2LPA 1788 3.141 0.2005 0.7167
2LPA 1789 3.114 0.2185 0.7000
2LPA 1790 2.725 0.2806 0.7667
2LPA 1791 2.757 0.2534 0.7667
2LPA 1792 2.688 0.1946 0.7500
2LPA 1793 2.591 0.2097 0.7500
2LPA 1794 2.806 0.2072 0.7167
2LPA 1795 2.930 0.2319 0.7500
2LPA 1796 3.167 0.2416 0.7000
2LPA 1797 2.955 0.1859 0.7333
2LPA 1798 2.537 0.2686 0.7500
2LPA 1799 2.807 0.2273 0.7167
2LPA 1800 2.852 0.2153 0.6667
2LPA 1801 2.802 0.2314 0.7167
2LPA 1802 2.519 0.2594 0.7167
2LPA 1803 2.630 0.2251 0.7167
2LPA 1804 2.795 0.2141 0.7000
2LPA 1805 2.964 0.2447 0.7167
2LPA 1806 2.545 0.2430 0.7500
2LPA 1807 2.840 0.2228 0.7167
2LPA 1808 2.501 0.2214 0.7333
2LPA 1809 2.473 0.2059 0.7167
2LPA 1810 2.496 0.2356 0.7167
2LPA 1811 2.658 0.1626 0.7333
2LPA 1812 1.932 0.2309 0.7833
2LPA 1813 2.553 0.1916 0.7333
2LPA 1814 2.589 0.2306 0.7500
2LPA 1815 3.098 0.1698 0.6833
2LPA 1816 2.698 0.1787 0.7167
2LPA 1817 2.744 0.2244 0.7500
2LPA 1818 2.747 0.2302 0.7333
2LPA 1819 2.501 0.2097 0.7500
2LPA 1820 2.287 0.2056 0.7500
2LPA 1821 2.440 0.2594 0.8000
2LPA 1822 2.666 0.2459 0.7000
2LPA 1823 2.583 0.2237 0.6833
2LPA 1824 2.751 0.1991 0.7500
2LPA 1825 3.105 0.1505 0.7167
2LPA 1826 2.795 0.2085 0.7333
2LPA 1827 2.931 0.1925 0.7500
2LPA 1828 2.391 0.2286 0.7667
2LPA 1829 2.953 0.2110 0.7333
2LPA 1830 2.763 0.1683 0.7167
2LPA 1831 2.331 0.2450 0.8167
2LPA 1832 3.167 0.2271 0.7167
2LPA 1833 2.598 0.1773 0.7167
2LPA 1834 2.886 0.2018 0.7167
2LPA 1835 2.539 0.2482 0.7500
2LPA 1836 2.517 0.1926 0.7667
2LPA 1837 2.594 0.1870 0.7333
2LPA 1838 2.831 0.2562 0.7500
2LPA 1839 2.819 0.2421 0.7500
2LPA 1840 2.857 0.1839 0.7333
2LPA 1841 2.820 0.2539 0.7500
2LPA 1842 3.094 0.2091 0.7000
2LPA 1843 2.751 0.1908 0.7333
2LPA 1844 2.805 0.2028 0.7500
2LPA 1845 2.614 0.2264 0.7500
2LPA 1846 2.507 0.2300 0.8000
2LPA 1847 2.577 0.2336 0.7667
2LPA 1848 2.572 0.2581 0.7833
2LPA 1849 2.771 0.2613 0.7667
2LPA 1850 2.396 0.2251 0.7667
2LPA 1851 2.730 0.2435 0.7833
2LPA 1852 2.287 0.2388 0.7833
2LPA 1853 2.799 0.2220 0.7500
2LPA 1854 3.163 0.2482 0.7500
2LPA 1855 3.198 0.2272 0.7500
2LPA 1856 3.189 0.2453 0.7500
2LPA 1857 2.829 0.2110 0.8000
2LPA 1858 2.890 0.2350 0.7833
2LPA 1859 3.083 0.2166 0.7167
2LPA 1860 3.211 0.2009 0.7333
2LPA 1861 3.254 0.1568 0.7000
2LPA 1862 3.365 0.2575 0.6833
2LPA 1863 3.330 0.1821 0.7000
2LPA 1864 3.077 0.3072 0.8000
2LPA 1865 3.056 0.2767 0.7500
2LPA 1866 3.122 0.2214 0.7000
2LPA 1867 3.283 0.2185 0.7000
2LPA 1868 3.288 0.2008 0.7167
2LPA 1869 3.301 0.2221 0.7500
2LPA 1870 3.061 0.1735 0.7500
2LPA 1871 3.271 0.1563 0.6833
2LPA 1872 3.015 0.2869 0.8167
2LPA 1873 2.952 0.2196 0.7833
2LPA 1874 3.176 0.2401 0.7500
2LPA 1875 2.961 0.2462 0.7667
2LPA 1876 3.061 0.1968 0.7333
2LPA 1877 3.284 0.2167 0.7167
2LPA 1878 3.084 0.1911 0.7333
2LPA 1879 2.866 0.2469 0.7500
2LPA 1880 2.892 0.1727 0.7500
2LPA 1881 2.717 0.2785 0.7833
2LPA 1882 3.062 0.2610 0.7167
2LPA 1883 2.983 0.2309 0.7167
2LPA 1884 2.969 0.2400 0.7333
2LPA 1885 3.038 0.2377 0.7000
2LPA 1886 2.970 0.1739 0.7167
2LPA 1887 3.026 0.1918 0.7333
2LPA 1888 3.017 0.2073 0.7667
2LPA 1889 3.061 0.2200 0.7500
2LPA 1890 3.001 0.2270 0.7500
2LPA 1891 3.309 0.1570 0.7333
2LPA 1892 2.826 0.2694 0.7500
2LPA 1893 2.771 0.2072 0.7667
2LPA 1894 3.187 0.2051 0.7333
2LPA 1895 2.780 0.2592 0.7500
2LPA 1896 3.147 0.2090 0.7167
2LPA 1897 3.028 0.2251 0.7500
2LPA 1898 2.867 0.2970 0.7833
2LPA 1899 3.042 0.2328 0.7167
2LPA 1900 2.827 0.1825 0.7333
2LPA 1901 3.014 0.1474 0.6833
2LPA 1902 2.853 0.1716 0.7333
2LPA 1903 2.598 0.2116 0.7500
2LPA 1904 2.676 0.2016 0.7667
2LPA 1905 2.917 0.1277 0.6833
2LPA 1906 2.842 0.2436 0.6833
2LPA 1907 2.842 0.2171 0.7333
2LPA 1908 3.264 0.1275 0.6833
2LPA 1909 3.165 0.1343 0.7000
2LPA 1910 3.164 0.1222 0.6833
2LPA 1911 3.305 0.1334 0.6500
2LPA 1912 3.366 0.1681 0.6833
2LPA 1913 3.520 0.2159 0.6667
2LPA 1914 3.091 0.1780 0.7000
2LPA 1915 3.016 0.1873 0.7333
2LPA 1916 3.081 0.2055 0.7167
2LPA 1917 3.247 0.1863 0.7000
2LPA 1918 2.838 0.2009 0.7500
2LPA 1919 3.079 0.2184 0.7167
2LPA 1920 2.970 0.2306 0.7000
2LPA 1921 3.001 0.1933 0.7667
2LPA 1922 3.228 0.1573 0.6667
2LPA 1923 3.372 0.2000 0.7167
2LPA 1924 3.207 0.2068 0.7333
2LPA 1925 2.992 0.1901 0.6667
2LPA 1926 3.138 0.1776 0.7500
2LPA 1927 3.175 0.2040 0.7000
2LPA 1928 3.211 0.1830 0.6833
2LPA 1929 3.195 0.2186 0.6833
2LPA 1930 3.356 0.1597 0.6833
2LPA 1931 3.333 0.1835 0.6833
2LPA 1932 3.475 0.2296 0.6667
2LPA 1933 3.383 0.1429 0.7167
2LPA 1934 2.818 0.1440 0.7000
2LPA 1935 2.872 0.1511 0.6667
2LPA 1936 2.272 0.1770 0.7333
2LPA 1937 2.467 0.1757 0.7167
2LPA 1938 2.452 0.1845 0.7167
2LPA 1939 2.517 0.1666 0.7167
2LPA 1940 2.468 0.2321 0.7500
2LPA 1941 2.372 0.2062 0.7500
2LPA 1942 2.518 0.2098 0.7333
2LPA 1943 2.680 0.1723 0.6833
2LPA 1944 2.696 0.1420 0.7167
2LPA 1945 2.542 0.1889 0.7833
2LPA 1946 3.037 0.1278 0.6500
2LPA 1947 2.946 0.1678 0.7000
2LPA 1948 3.042 0.1665 0.7167
2LPA 1949 2.700 0.1509 0.7167
2LPA 1950 3.062 0.1700 0.7167
2LPA 1951 3.443 0.1810 0.7000
2LPA 1952 2.894 0.2408 0.7000
2LPA 1953 3.227 0.1891 0.6500
2LPA 1954 2.858 0.2334 0.6833
2LPA 1955 2.960 0.1892 0.6667
2LPA 1956 2.793 0.2121 0.7000
2LPA 1957 2.753 0.2213 0.7167
2LPA 1958 2.650 0.2515 0.7000
2LPA 1959 2.626 0.2321 0.7500
2LPA 1960 3.250 0.1485 0.6667
2LPA 1961 2.803 0.2559 0.7333
2LPA 1962 3.193 0.2098 0.7167
2LPA 1963 2.958 0.1986 0.7167
2LPA 1964 3.399 0.1471 0.6667
2LPA 1965 3.093 0.2069 0.7333
2LPA 1966 3.002 0.1736 0.6500
2LPA 1967 3.027 0.2331 0.6667
2LPA 1968 3.368 0.1861 0.6667
2LPA 1969 3.131 0.1885 0.6833
2LPA 1970 3.104 0.1880 0.6833
2LPA 1971 3.217 0.1438 0.7000
2LPA 1972 3.683 0.1282 0.6000
2LPA 1973 3.545 0.1360 0.6500
2LPA 1974 3.673 0.2007 0.6667
2LPA 1975 3.625 0.1693 0.6833
2LPA 1976 3.796 0.1651 0.6500
2LPA 1977 3.787 0.1766 0.6500
2LPA 1978 3.705 0.2131 0.6500
2LPA 1979 3.670 0.1903 0.6667
2LPA 1980 3.619 0.1396 0.6500
2LPA 1981 4.038 0.1073 0.6167
2LPA 1982 3.922 0.1417 0.6500
2LPA 1983 3.786 0.1350 0.6500
2LPA 1984 3.880 0.0991 0.6333
2LPA 1985 3.765 0.1254 0.6000
2LPA 1986 3.865 0.1026 0.6167
2LPA 1987 3.705 0.1540 0.6333
2LPA 1988 3.613 0.1804 0.6333
2LPA 1989 3.828 0.0991 0.6000
2LPA 1990 4.001 0.1183 0.6000
2LPA 1991 3.924 0.1496 0.6000
2LPA 1992 3.831 0.1358 0.6333
2LPA 1993 3.822 0.1742 0.6333
2LPA 1994 4.001 0.2179 0.6167
2LPA 1995 3.792 0.1917 0.6167
2LPA 1996 3.845 0.1141 0.6167
2LPA 1997 3.871 0.1075 0.6000
2LPA 1998 3.787 0.0955 0.6167
2LPA 1999 3.843 0.1697 0.6000
2LPA 2000 3.828 0.1167 0.6000
2LPA 2001 3.879 0.1426 0.6000
2LPA 2002 3.871 0.1002 0.5833
2LPA 2003 3.806 0.1066 0.6167
2LPA 2004 3.765 0.1678 0.6167
2LPA 2005 3.648 0.1155 0.6167
2LPA 2006 4.000 0.0991 0.6167
2LPA 2007 3.715 0.1103 0.6167
2LPA 2008 3.695 0.1079 0.6167
2LPA 2009 3.855 0.1494 0.6167
2LPA 2010 3.762 0.1150 0.6000
2LPA 2011 3.686 0.1391 0.6333
2LPA 2012 3.880 0.1445 0.6167
2LPA 2013 3.974 0.1187 0.6000
2LPA 2014 3.817 0.1540 0.6333
2LPA 2015 3.718 0.1305 0.6333
2LPA 2016 3.723 0.1430 0.6167
2LPA 2017 3.776 0.1399 0.6167
2LPA 2018 3.834 0.1150 0.6167
2LPA 2019 3.849 0.1518 0.6333
2LPA 2020 3.561 0.1715 0.6667
2LPA 2021 3.868 0.1114 0.6333
2LPA 2022 3.808 0.1344 0.6000
2LPA 2023 3.763 0.1409 0.6167
2LPA 2024 3.987 0.1339 0.5667
2LPA 2025 3.737 0.1233 0.6000
2LPA 2026 3.922 0.1194 0.6167
2LPA 2027 3.816 0.1049 0.6000
2LPA 2028 3.715 0.1548 0.6333
2LPA 2029 3.660 0.1294 0.6333
2LPA 2030 3.806 0.1010 0.6000
2LPA 2031 3.834 0.1444 0.6000
2LPA 2032 3.932 0.1557 0.6167
2LPA 2033 3.825 0.1856 0.6167
2LPA 2034 3.766 0.1408 0.6167
2LPA 2035 3.744 0.1117 0.6000
2LPA 2036 3.777 0.1104 0.5667
2LPA 2037 3.848 0.1047 0.6000
2LPA 2038 3.914 0.1441 0.6333
2LPA 2039 3.837 0.1647 0.6333
2LPA 2040 3.965 0.1246 0.6167
2LPA 2041 3.829 0.1888 0.6167
2LPA 2042 4.016 0.1434 0.6000
2LPA 2043 3.948 0.1518 0.6167
2LPA 2044 3.848 0.1351 0.6167
2LPA 2045 3.871 0.1031 0.5833
2LPA 2046 3.709 0.1044 0.6000
2LPA 2047 3.826 0.1137 0.6167
2LPA 2048 3.887 0.0940 0.5833
2LPA 2049 3.907 0.1054 0.5833
2LPA 2050 3.690 0.1211 0.6167
2LPA 2051 3.606 0.1532 0.6333
2LPA 2052 3.867 0.1011 0.6000
2LPA 2053 3.882 0.0967 0.6167
2LPA 2054 3.748 0.0983 0.6333
2LPA 2055 3.748 0.1112 0.6333
2LPA 2056 3.872 0.1509 0.6167
2LPA 2057 3.721 0.1337 0.6333
2LPA 2058 3.548 0.1662 0.6333
2LPA 2059 3.664 0.1302 0.6333
2LPA 2060 3.734 0.1318 0.6167
2LPA 2061 3.647 0.1693 0.6333
2LPA 2062 3.776 0.1353 0.6333
2LPA 2063 3.724 0.1672 0.6167
2LPA 2064 3.812 0.1381 0.6333
2LPA 2065 3.869 0.1714 0.6167
2LPA 2066 3.818 0.1200 0.6333
2LPA 2067 3.746 0.1826 0.6500
2LPA 2068 3.920 0.1881 0.6167
2LPA 2069 3.795 0.1718 0.6333
2LPA 2070 3.780 0.1216 0.6167
2LPA 2071 3.818 0.1766 0.6167
2LPA 2072 3.755 0.1040 0.6500
2LPA 2073 3.807 0.1252 0.6333
2LPA 2074 3.804 0.1679 0.6333
2LPA 2075 3.726 0.1342 0.6167
2LPA 2076 3.912 0.1281 0.6167
2LPA 2077 3.845 0.1035 0.6167
2LPA 2078 3.830 0.1823 0.6167
2LPA 2079 3.835 0.1304 0.6167
2LPA 2080 3.769 0.1838 0.6167
2LPA 2081 3.797 0.1093 0.6000
2LPA 2082 3.823 0.1274 0.6000
2LPA 2083 3.998 0.1028 0.6000
2LPA 2084 3.868 0.1433 0.6167
2LPA 2085 3.752 0.1443 0.6167
2LPA 2086 3.961 0.1487 0.6167
2LPA 2087 3.982 0.1383 0.6167
2LPA 2088 3.810 0.1477 0.6167
2LPA 2089 3.877 0.1210 0.6000
2LPA 2090 3.916 0.1411 0.6000
2LPA 2091 3.691 0.1779 0.6167
2LPA 2092 3.706 0.1586 0.6333
2LPA 2093 3.797 0.1063 0.6000
2LPA 2094 3.647 0.1641 0.6333
2LPA 2095 3.900 0.1207 0.6000
2LPA 2096 3.724 0.1452 0.6000
2LPA 2097 3.846 0.1340 0.6000
2LPA 2098 3.879 0.1631 0.6167
2LPA 2099 3.698 0.1699 0.6167
2LPA 2100 3.860 0.1327 0.5833
2LPA 2101 4.005 0.0916 0.5833
2LPA 2102 3.845 0.1128 0.5833
2LPA 2103 3.750 0.1265 0.5833
2LPA 2104 3.746 0.2073 0.6333
2LPA 2105 3.877 0.1181 0.6000
2LPA 2106 3.651 0.1622 0.6167
2LPA 2107 3.684 0.1432 0.6333
2LPA 2108 3.907 0.1469 0.6167
2LPA 2109 3.922 0.1356 0.6167
2LPA 2110 3.930 0.1094 0.6333
2LPA 2111 3.814 0.1614 0.6333
2LPA 2112 3.880 0.1380 0.6167
2LPA 2113 3.895 0.1708 0.6167
2LPA 2114 3.782 0.1514 0.6167
2LPA 2115 3.658 0.1203 0.6333
2LPA 2116 3.843 0.1336 0.6000
2LPA 2117 3.891 0.1444 0.6333
2LPA 2118 3.716 0.1751 0.6167
2LPA 2119 3.790 0.1123 0.6167
2LPA 2120 3.983 0.1025 0.6000
2LPA 2121 3.940 0.1015 0.6167
2LPA 2122 3.868 0.1290 0.6167
2LPA 2123 3.865 0.1767 0.6333
2LPA 2124 3.548 0.1468 0.6333
2LPA 2125 3.754 0.1269 0.6333
2LPA 2126 3.762 0.1150 0.6000
2LPA 2127 3.785 0.1689 0.6333
2LPA 2128 3.774 0.1128 0.6167
2LPA 2129 3.677 0.0824 0.6000
2LPA 2130 3.739 0.1305 0.6167
2LPA 2131 3.842 0.1242 0.6333
2LPA 2132 3.853 0.1265 0.6167
2LPA 2133 3.754 0.2182 0.6333
2LPA 2134 3.798 0.0966 0.6000
2LPA 2135 3.669 0.1939 0.6167
2LPA 2136 3.889 0.1469 0.6000
2LPA 2137 3.748 0.2255 0.6500
2LPA 2138 3.737 0.2009 0.6500
2LPA 2139 3.771 0.1730 0.6167
2LPA 2140 3.849 0.1767 0.6167
2LPA 2141 3.747 0.1511 0.6167
2LPA 2142 3.929 0.1025 0.6333
2LPA 2143 3.885 0.1450 0.6333
2LPA 2144 3.642 0.1359 0.6333
2LPA 2145 3.651 0.1376 0.6333
2LPA 2146 3.719 0.1765 0.6333
2LPA 2147 3.718 0.1960 0.6167
2LPA 2148 3.632 0.2019 0.6333
2LPA 2149 3.896 0.2107 0.6000
2LPA 2150 3.535 0.1105 0.6167
2LPA 2151 3.777 0.1126 0.6500
2LPA 2152 3.800 0.1661 0.6333
2LPA 2153 3.666 0.1420 0.6500
2LPA 2154 3.614 0.1418 0.6333
2LPA 2155 3.746 0.1356 0.6333
2LPA 2156 3.693 0.1343 0.6500
2LPA 2157 3.727 0.1428 0.6333
2LPA 2158 3.692 0.1370 0.6333
2LPA 2159 3.797 0.1622 0.6333
2LPA 2160 4.176 0.1606 0.6000
2LPA 2161 3.811 0.1205 0.6167
2LPA 2162 3.871 0.1616 0.6333
2LPA 2163 3.780 0.1486 0.6167
2LPA 2164 3.833 0.1481 0.6167
2LPA 2165 3.787 0.1267 0.6333
2LPA 2166 3.821 0.1347 0.6333
2LPA 2167 3.975 0.1287 0.6333
2LPA 2168 3.828 0.1654 0.6167
2LPA 2169 3.876 0.1412 0.6167
2LPA 2170 3.823 0.1514 0.6333
2LPA 2171 3.773 0.1602 0.6500
2LPA 2172 3.828 0.1958 0.6333
2LPA 2173 3.628 0.1803 0.6333
2LPA 2174 3.789 0.2522 0.6667
2LPA 2175 3.640 0.1378 0.6500
2LPA 2176 3.660 0.1379 0.6333
2LPA 2177 3.924 0.1318 0.6167
2LPA 2178 3.800 0.1542 0.6500
2LPA 2179 3.690 0.1475 0.6500
2LPA 2180 3.504 0.1346 0.6667
2LPA 2181 3.829 0.1589 0.6333
2LPA 2182 3.727 0.1348 0.6333
2LPA 2183 3.547 0.1220 0.6333
2LPA 2184 3.836 0.1420 0.6333
2LPA 2185 3.641 0.1288 0.6333
2LPA 2186 3.629 0.1168 0.6333
2LPA 2187 3.757 0.1316 0.6667
2LPA 2188 3.635 0.1285 0.6667
2LPA 2189 3.974 0.1175 0.6000
2LPA 2190 3.713 0.1196 0.6333
2LPA 2191 3.834 0.1228 0.6333
2LPA 2192 3.859 0.1274 0.6667
2LPA 2193 3.779 0.1591 0.6333
2LPA 2194 3.774 0.1695 0.6333
2LPA 2195 3.780 0.1660 0.6500
2LPA 2196 3.807 0.1640 0.6667
2LPA 2197 3.714 0.1648 0.6667
2LPA 2198 3.896 0.1327 0.6333
2LPA 2199 3.758 0.1298 0.6500
2LPA 2200 3.901 0.1109 0.6000
2LPA 2201 4.053 0.1551 0.6000
2LPA 2202 3.978 0.1014 0.6000
2LPA 2203 3.810 0.1318 0.6000
2LPA 2204 3.782 0.1345 0.6500
2LPA 2205 4.061 0.1366 0.6333
2LPA 2206 3.827 0.1357 0.6333
2LPA 2207 4.177 0.1015 0.5667
2LPA 2208 3.797 0.1092 0.6167
2LPA 2209 3.992 0.1081 0.6000
2LPA 2210 3.836 0.1261 0.6167
2LPA 2211 3.867 0.1029 0.5833
2LPA 2212 3.907 0.1076 0.6000
2LPA 2213 3.811 0.1715 0.6333
2LPA 2214 3.943 0.1057 0.6167
2LPA 2215 3.812 0.1208 0.6333
2LPA 2216 3.759 0.1635 0.6500
2LPA 2217 3.986 0.0959 0.6000
2LPA 2218 4.001 0.1263 0.6333
2LPA 2219 3.809 0.0983 0.6000
2LPA 2220 3.778 0.1123 0.6000
2LPA 2221 3.890 0.0944 0.6167
2LPA 2222 3.793 0.1425 0.6333
2LPA 2223 3.696 0.1352 0.6167
2LPA 2224 3.607 0.1128 0.6167
2LPA 2225 3.726 0.1105 0.6167
2LPA 2226 3.558 0.1516 0.6667
2LPA 2227 3.732 0.0956 0.6333
2LPA 2228 3.645 0.1065 0.6333
2LPA 2229 3.653 0.1377 0.6667
2LPA 2230 3.948 0.0953 0.6000
2LPA 2231 3.856 0.2124 0.6167
2LPA 2232 4.023 0.1769 0.6167
2LPA 2233 3.993 0.1204 0.6000
2LPA 2234 3.864 0.1418 0.6000
2LPA 2235 3.907 0.1124 0.5667
2LPA 2236 3.749 0.1324 0.6333
2LPA 2237 3.652 0.1311 0.6333
2LPA 2238 3.755 0.1202 0.6000
2LPA 2239 3.874 0.1233 0.6000
2LPA 2240 3.860 0.0949 0.6000
2LPA 2241 3.797 0.1090 0.6167
2LPA 2242 3.711 0.1143 0.6000
2LPA 2243 3.837 0.1055 0.6000
2LPA 2244 3.891 0.2129 0.6500
2LPA 2245 3.829 0.1238 0.6167
2LPA 2246 3.719 0.1817 0.6167
2LPA 2247 3.731 0.1373 0.6167
2LPA 2248 3.782 0.1342 0.6000
2LPA 2249 3.740 0.1398 0.6000
2LPA 2250 3.664 0.1313 0.6333
2LPA 2251 3.916 0.1511 0.6000
2LPA 2252 4.007 0.1254 0.6167
2LPA 2253 3.741 0.1404 0.6167
2LPA 2254 3.863 0.1504 0.6333
2LPA 2255 3.570 0.1109 0.6333
2LPA 2256 3.736 0.1645 0.6333
2LPA 2257 3.815 0.1325 0.6167
2LPA 2258 3.928 0.1463 0.6167
2LPA 2259 3.909 0.1681 0.6167
2LPA 2260 3.839 0.1331 0.6167
2LPA 2261 3.940 0.1313 0.6333
2LPA 2262 3.856 0.1247 0.6333
2LPA 2263 3.763 0.2007 0.6333
2LPA 2264 3.834 0.1459 0.6500
2LPA 2265 3.843 0.1730 0.6333
2LPA 2266 3.704 0.1307 0.6167
2LPA 2267 3.963 0.1487 0.6333
2LPA 2268 3.726 0.1330 0.6000
2LPA 2269 3.752 0.1793 0.6167
2LPA 2270 3.601 0.1054 0.6167
2LPA 2271 3.568 0.1099 0.6167
2LPA 2272 3.251 0.1659 0.6500
2LPA 2273 3.368 0.0975 0.6000
2LPA 2274 3.366 0.1127 0.6000
2LPA 2275 3.373 0.1250 0.6167
2LPA 2276 3.301 0.1525 0.6333
2LPA 2277 3.187 0.1307 0.6333
2LPA 2278 3.495 0.1556 0.6167
2LPA 2279 3.285 0.1101 0.6167
2LPA 2280 3.264 0.1021 0.6333
2LPA 2281 3.473 0.1038 0.6167
2LPA 2282 3.315 0.1622 0.6500
2LPA 2283 3.587 0.1377 0.6167
2LPA 2284 3.555 0.1418 0.6167
2LPA 2285 3.581 0.1351 0.6167
2LPA 2286 3.281 0.1238 0.6333
2LPA 2287 3.153 0.1437 0.6667
2LPA 2288 2.852 0.2010 0.6833
2LPA 2289 2.962 0.1259 0.6333
2LPA 2290 3.223 0.0942 0.6333
