2LP9 1 0.000 1.0000 1.0000
2LP9 2 0.624 0.5760 0.9688
2LP9 3 0.810 0.7114 0.9844
2LP9 4 1.354 0.4785 0.8906
2LP9 5 1.234 0.4950 0.9219
2LP9 6 1.433 0.5277 0.9219
2LP9 7 1.306 0.4322 0.8906
2LP9 8 1.267 0.5701 0.9219
2LP9 9 1.073 0.5414 0.9375
2LP9 10 0.620 0.7415 0.9688
2LP9 11 6.185 0.0906 0.5313
2LP9 12 5.693 0.1834 0.5781
2LP9 13 7.355 0.2038 0.5938
2LP9 14 3.499 0.3441 0.7813
2LP9 15 3.795 0.1669 0.6406
2LP9 16 3.197 0.2043 0.7031
2LP9 17 2.594 0.3415 0.8281
2LP9 18 3.032 0.3163 0.7656
2LP9 19 2.041 0.3680 0.8281
2LP9 20 3.681 0.2584 0.6875
2LP9 21 5.422 0.1056 0.5469
2LP9 22 3.287 0.2974 0.7813
2LP9 23 3.097 0.3502 0.7969
2LP9 24 2.806 0.3395 0.7813
2LP9 25 1.688 0.3987 0.8594
2LP9 26 3.709 0.3560 0.7656
2LP9 27 3.303 0.3958 0.8125
2LP9 28 1.576 0.3255 0.8438
2LP9 29 2.250 0.3085 0.8281
2LP9 30 4.327 0.3214 0.7188
2LP9 31 2.356 0.3500 0.8281
2LP9 32 6.199 0.3104 0.6563
2LP9 33 2.053 0.3082 0.8438
2LP9 34 2.721 0.3499 0.8125
2LP9 35 2.843 0.2978 0.7656
2LP9 36 2.121 0.3377 0.8438
2LP9 37 4.334 0.2464 0.6719
2LP9 38 2.235 0.2770 0.8125
2LP9 39 2.682 0.3412 0.7813
2LP9 40 2.269 0.4130 0.8125
2LP9 41 4.072 0.3210 0.7188
2LP9 42 2.434 0.3098 0.7969
2LP9 43 1.822 0.3114 0.8594
2LP9 44 2.157 0.3610 0.8125
2LP9 45 5.419 0.2396 0.6875
2LP9 46 1.836 0.3435 0.8594
2LP9 47 1.883 0.3493 0.8281
2LP9 48 2.428 0.2615 0.7813
2LP9 49 1.764 0.3583 0.8750
2LP9 50 2.987 0.3515 0.7813
2LP9 51 8.979 0.1608 0.4531
2LP9 52 6.538 0.2265 0.4688
2LP9 53 7.420 0.1834 0.5000
2LP9 54 4.795 0.1918 0.5938
2LP9 55 6.682 0.1969 0.4688
2LP9 56 3.166 0.1935 0.6719
2LP9 57 7.790 0.0834 0.3906
2LP9 58 3.143 0.2889 0.7344
2LP9 59 4.513 0.2532 0.7031
2LP9 60 2.635 0.2049 0.7344
2LP9 61 7.642 0.1517 0.4844
2LP9 62 2.810 0.2937 0.8125
2LP9 63 3.708 0.2190 0.7031
2LP9 64 4.672 0.1415 0.5625
2LP9 65 2.045 0.2603 0.8438
2LP9 66 4.449 0.1344 0.6250
2LP9 67 1.778 0.3214 0.8125
2LP9 68 1.778 0.3851 0.8594
2LP9 69 4.978 0.2804 0.6875
2LP9 70 4.264 0.2214 0.6875
2LP9 71 2.009 0.3522 0.8438
2LP9 72 2.146 0.3816 0.8438
2LP9 73 2.132 0.2986 0.8438
2LP9 74 5.508 0.3485 0.6875
2LP9 75 3.118 0.3606 0.8125
2LP9 76 1.716 0.3553 0.8594
2LP9 77 2.150 0.3200 0.8125
2LP9 78 2.289 0.2554 0.8125
2LP9 79 1.629 0.2910 0.8594
2LP9 80 2.515 0.2951 0.7813
2LP9 81 2.947 0.3054 0.7656
2LP9 82 2.928 0.2738 0.7500
2LP9 83 2.939 0.2567 0.7500
2LP9 84 2.420 0.3169 0.7969
2LP9 85 2.253 0.3196 0.8125
2LP9 86 2.083 0.3067 0.8438
2LP9 87 2.374 0.3017 0.7969
2LP9 88 1.691 0.3723 0.8594
2LP9 89 1.993 0.2409 0.8281
2LP9 90 2.002 0.3090 0.8125
2LP9 91 6.199 0.0508 0.4219
2LP9 92 10.209 0.0936 0.4219
2LP9 93 10.161 0.1563 0.4688
2LP9 94 4.563 0.2104 0.7344
2LP9 95 3.280 0.2704 0.7500
2LP9 96 2.399 0.1883 0.7500
2LP9 97 6.019 0.1922 0.5625
2LP9 98 2.300 0.3293 0.8281
2LP9 99 3.653 0.2540 0.7656
2LP9 100 2.300 0.2859 0.8125
2LP9 101 1.753 0.2992 0.8281
2LP9 102 2.390 0.4247 0.8438
2LP9 103 3.367 0.3717 0.7969
2LP9 104 4.395 0.1314 0.5625
2LP9 105 2.516 0.2983 0.7969
2LP9 106 6.817 0.1942 0.6250
2LP9 107 2.626 0.2174 0.7656
2LP9 108 3.748 0.2177 0.6563
2LP9 109 4.187 0.3425 0.7500
2LP9 110 2.524 0.1999 0.7344
2LP9 111 2.847 0.2050 0.7656
2LP9 112 2.159 0.2672 0.7813
2LP9 113 3.277 0.3131 0.7188
2LP9 114 4.980 0.1884 0.6406
2LP9 115 2.391 0.3167 0.8125
2LP9 116 2.539 0.2835 0.7813
2LP9 117 3.229 0.2712 0.7500
2LP9 118 2.213 0.3407 0.8750
2LP9 119 1.651 0.3645 0.8438
2LP9 120 3.446 0.2331 0.7500
2LP9 121 2.191 0.3479 0.8594
2LP9 122 2.000 0.3191 0.8125
2LP9 123 1.900 0.3649 0.8438
2LP9 124 2.382 0.2584 0.8281
2LP9 125 1.760 0.3876 0.8594
2LP9 126 1.920 0.4193 0.8438
2LP9 127 2.349 0.3909 0.8125
2LP9 128 2.418 0.3411 0.8125
2LP9 129 2.714 0.2836 0.7656
2LP9 130 3.133 0.3718 0.7969
2LP9 131 9.542 0.1100 0.4063
2LP9 132 4.148 0.1612 0.5938
2LP9 133 7.719 0.0851 0.4375
2LP9 134 3.032 0.2697 0.7031
2LP9 135 7.262 0.1594 0.3906
2LP9 136 3.557 0.1910 0.6563
2LP9 137 3.070 0.2576 0.6406
2LP9 138 3.252 0.2160 0.6563
2LP9 139 6.114 0.1220 0.4688
2LP9 140 4.970 0.1884 0.5781
2LP9 141 5.911 0.1913 0.4844
2LP9 142 4.576 0.1973 0.5781
2LP9 143 2.521 0.2383 0.7500
2LP9 144 3.895 0.2337 0.5938
2LP9 145 2.821 0.2418 0.7188
2LP9 146 5.639 0.1905 0.5625
2LP9 147 4.646 0.1239 0.5469
2LP9 148 3.411 0.2019 0.6406
2LP9 149 3.524 0.2081 0.6563
2LP9 150 2.819 0.2176 0.7031
2LP9 151 3.453 0.2638 0.6875
2LP9 152 2.636 0.2519 0.7188
2LP9 153 2.518 0.2459 0.7500
2LP9 154 5.152 0.2116 0.5469
2LP9 155 2.737 0.2265 0.6719
2LP9 156 3.256 0.2198 0.6719
2LP9 157 3.185 0.2071 0.7031
2LP9 158 3.181 0.2503 0.6875
2LP9 159 2.713 0.2372 0.6875
2LP9 160 2.585 0.2735 0.7188
2LP9 161 3.413 0.2265 0.6875
2LP9 162 3.514 0.2058 0.6719
2LP9 163 3.122 0.2472 0.7031
2LP9 164 3.311 0.2258 0.6563
2LP9 165 3.308 0.2410 0.6875
2LP9 166 2.946 0.2451 0.6563
2LP9 167 2.449 0.2467 0.7500
2LP9 168 2.683 0.2714 0.7500
2LP9 169 2.994 0.2775 0.7031
2LP9 170 3.340 0.2023 0.6875
2LP9 171 4.757 0.2730 0.6875
2LP9 172 3.679 0.2362 0.7344
2LP9 173 3.975 0.2510 0.7188
2LP9 174 3.454 0.1050 0.5781
2LP9 175 2.317 0.3275 0.8281
2LP9 176 2.628 0.3467 0.7969
2LP9 177 3.695 0.2031 0.7344
2LP9 178 3.021 0.3459 0.7656
2LP9 179 3.916 0.2601 0.7031
2LP9 180 1.926 0.3211 0.8281
2LP9 181 2.797 0.3679 0.7969
2LP9 182 3.874 0.3920 0.7813
2LP9 183 2.370 0.2605 0.8125
2LP9 184 2.940 0.2856 0.7813
2LP9 185 2.091 0.2838 0.7969
2LP9 186 2.013 0.2924 0.8281
2LP9 187 4.248 0.3112 0.7500
2LP9 188 2.824 0.2982 0.7813
2LP9 189 3.286 0.3840 0.7656
2LP9 190 3.433 0.3125 0.7969
2LP9 191 2.381 0.2408 0.7813
2LP9 192 2.239 0.2791 0.8281
2LP9 193 2.190 0.3079 0.8125
2LP9 194 2.413 0.2916 0.7969
2LP9 195 2.203 0.3920 0.8594
2LP9 196 1.967 0.3320 0.8438
2LP9 197 2.517 0.2654 0.7969
2LP9 198 1.921 0.4222 0.8594
2LP9 199 1.861 0.2941 0.8281
2LP9 200 2.049 0.3039 0.8281
2LP9 201 2.238 0.4096 0.8281
2LP9 202 2.711 0.2270 0.7969
2LP9 203 2.499 0.3311 0.8125
2LP9 204 2.154 0.3671 0.8281
2LP9 205 3.016 0.2684 0.7344
2LP9 206 1.718 0.3110 0.8594
2LP9 207 1.695 0.3436 0.8750
2LP9 208 2.121 0.3163 0.8281
2LP9 209 1.997 0.3688 0.8594
2LP9 210 1.711 0.3648 0.8438
2LP9 211 2.880 0.2802 0.7344
2LP9 212 9.746 0.1707 0.4688
2LP9 213 4.736 0.1805 0.5781
2LP9 214 3.798 0.1815 0.6094
2LP9 215 5.271 0.1365 0.5156
2LP9 216 6.954 0.1300 0.5469
2LP9 217 1.974 0.2646 0.8438
2LP9 218 2.965 0.2490 0.7344
2LP9 219 3.399 0.2873 0.7031
2LP9 220 3.251 0.1799 0.7344
2LP9 221 6.307 0.1602 0.4844
2LP9 222 3.826 0.2577 0.7031
2LP9 223 3.084 0.2709 0.7031
2LP9 224 6.052 0.1328 0.5469
2LP9 225 6.962 0.1112 0.4531
2LP9 226 4.016 0.3152 0.7188
2LP9 227 1.777 0.3218 0.8438
2LP9 228 4.985 0.1824 0.5938
2LP9 229 2.939 0.3247 0.7813
2LP9 230 4.043 0.2362 0.7188
2LP9 231 6.544 0.2393 0.6563
2LP9 232 2.884 0.3509 0.7969
2LP9 233 2.308 0.2519 0.7656
2LP9 234 5.742 0.2269 0.6250
2LP9 235 3.008 0.3729 0.7500
2LP9 236 3.350 0.2450 0.6875
2LP9 237 2.881 0.2418 0.7188
2LP9 238 3.274 0.2924 0.7188
2LP9 239 3.152 0.3160 0.7344
2LP9 240 3.411 0.3339 0.7188
2LP9 241 4.080 0.2818 0.6875
2LP9 242 3.366 0.2617 0.7031
2LP9 243 3.351 0.2253 0.6875
2LP9 244 9.412 0.2242 0.5469
2LP9 245 3.075 0.3136 0.7656
2LP9 246 4.557 0.2356 0.6719
2LP9 247 2.460 0.2289 0.7656
2LP9 248 3.075 0.4205 0.7656
2LP9 249 4.573 0.2469 0.6563
2LP9 250 3.359 0.2833 0.7656
2LP9 251 5.877 0.1640 0.5313
2LP9 252 7.301 0.1954 0.4688
2LP9 253 5.723 0.1917 0.4844
2LP9 254 6.057 0.1955 0.5156
2LP9 255 5.546 0.1753 0.5313
2LP9 256 5.535 0.2305 0.5625
2LP9 257 4.023 0.1752 0.6094
2LP9 258 3.964 0.1891 0.6094
2LP9 259 6.723 0.1326 0.5469
2LP9 260 6.371 0.0875 0.5469
2LP9 261 7.699 0.1299 0.4688
2LP9 262 5.302 0.2397 0.5625
2LP9 263 5.522 0.2105 0.5313
2LP9 264 5.511 0.2084 0.5625
2LP9 265 4.694 0.2424 0.5938
2LP9 266 6.120 0.2145 0.5156
2LP9 267 5.226 0.2254 0.5938
2LP9 268 5.967 0.2474 0.5469
2LP9 269 6.218 0.1417 0.4688
2LP9 270 5.601 0.1760 0.5000
2LP9 271 4.418 0.1921 0.5938
2LP9 272 7.899 0.2039 0.4531
2LP9 273 5.320 0.2264 0.5781
2LP9 274 4.761 0.1665 0.5625
2LP9 275 5.785 0.2095 0.5313
2LP9 276 5.258 0.2128 0.5781
2LP9 277 5.362 0.2233 0.5781
2LP9 278 5.121 0.1839 0.5313
2LP9 279 5.245 0.2125 0.5469
2LP9 280 5.920 0.1914 0.5469
2LP9 281 5.732 0.2167 0.5781
2LP9 282 5.743 0.2305 0.5313
2LP9 283 5.823 0.2296 0.5469
2LP9 284 5.418 0.2590 0.5781
2LP9 285 5.209 0.2031 0.5625
2LP9 286 5.580 0.1968 0.5625
2LP9 287 5.655 0.2675 0.5781
2LP9 288 5.885 0.2202 0.5313
2LP9 289 5.408 0.2504 0.5781
2LP9 290 5.877 0.2647 0.5625
2LP9 291 5.316 0.1631 0.5313
2LP9 292 3.732 0.2093 0.6250
2LP9 293 10.800 0.1042 0.3750
2LP9 294 3.468 0.1893 0.6563
2LP9 295 2.594 0.2535 0.7031
2LP9 296 4.262 0.1415 0.6094
2LP9 297 5.561 0.1583 0.5625
2LP9 298 6.866 0.1998 0.5000
2LP9 299 2.771 0.2498 0.7031
2LP9 300 4.167 0.1905 0.5938
2LP9 301 3.658 0.1763 0.6563
2LP9 302 3.155 0.2533 0.7188
2LP9 303 3.400 0.2470 0.7031
2LP9 304 4.137 0.2104 0.6250
2LP9 305 9.043 0.1386 0.4688
2LP9 306 3.885 0.1542 0.5938
2LP9 307 10.355 0.0738 0.3750
2LP9 308 3.086 0.2581 0.7188
2LP9 309 3.029 0.2879 0.7344
2LP9 310 4.632 0.1600 0.5625
2LP9 311 3.414 0.2594 0.6563
2LP9 312 2.666 0.2427 0.7188
2LP9 313 2.678 0.2359 0.7344
2LP9 314 3.601 0.2412 0.6250
2LP9 315 2.939 0.2934 0.6875
2LP9 316 3.239 0.2283 0.6719
2LP9 317 2.684 0.2468 0.7344
2LP9 318 2.967 0.2949 0.7500
2LP9 319 2.940 0.2224 0.6875
2LP9 320 2.942 0.2023 0.7188
2LP9 321 2.912 0.2248 0.6875
2LP9 322 3.627 0.2217 0.6406
2LP9 323 3.986 0.2431 0.5938
2LP9 324 2.915 0.2612 0.7344
2LP9 325 2.533 0.2825 0.7500
2LP9 326 2.624 0.2550 0.7344
2LP9 327 3.202 0.2288 0.6563
2LP9 328 2.784 0.3052 0.7344
2LP9 329 2.767 0.1950 0.7500
2LP9 330 2.785 0.2786 0.7188
2LP9 331 6.467 0.1870 0.4844
2LP9 332 3.667 0.2052 0.7188
2LP9 333 4.327 0.2380 0.6875
2LP9 334 2.497 0.3304 0.8125
2LP9 335 6.427 0.2856 0.6875
2LP9 336 6.740 0.1035 0.5938
2LP9 337 3.779 0.2093 0.6875
2LP9 338 2.300 0.3022 0.8125
2LP9 339 2.387 0.2825 0.7969
2LP9 340 4.618 0.3072 0.7344
2LP9 341 2.080 0.2202 0.7813
2LP9 342 8.108 0.1861 0.5000
2LP9 343 4.872 0.2991 0.7031
2LP9 344 2.277 0.2988 0.8281
2LP9 345 2.751 0.2779 0.8281
2LP9 346 2.775 0.3181 0.7656
2LP9 347 1.495 0.3530 0.8906
2LP9 348 1.862 0.2932 0.7969
2LP9 349 1.753 0.3367 0.8438
2LP9 350 3.422 0.3120 0.7969
2LP9 351 2.174 0.3410 0.7969
2LP9 352 4.122 0.3437 0.7656
2LP9 353 2.520 0.2568 0.7344
2LP9 354 1.894 0.3622 0.8125
2LP9 355 1.548 0.3632 0.8594
2LP9 356 2.321 0.3452 0.8281
2LP9 357 2.189 0.4161 0.8750
2LP9 358 2.028 0.2803 0.8125
2LP9 359 1.955 0.3856 0.8438
2LP9 360 2.335 0.3231 0.8125
2LP9 361 1.643 0.3369 0.8594
2LP9 362 1.912 0.3117 0.8438
2LP9 363 1.720 0.2793 0.8438
2LP9 364 1.861 0.2962 0.8438
2LP9 365 2.127 0.3426 0.8438
2LP9 366 1.998 0.3561 0.8438
2LP9 367 1.731 0.3624 0.8906
2LP9 368 3.151 0.2798 0.7656
2LP9 369 2.143 0.3038 0.8281
2LP9 370 2.077 0.3261 0.8281
2LP9 371 4.362 0.1852 0.5781
2LP9 372 6.846 0.1572 0.4844
2LP9 373 5.105 0.1899 0.5938
2LP9 374 7.005 0.1421 0.5469
2LP9 375 9.296 0.1564 0.3594
2LP9 376 4.315 0.2905 0.7031
2LP9 377 9.280 0.1483 0.4063
2LP9 378 2.008 0.2860 0.8281
2LP9 379 4.160 0.2525 0.7188
2LP9 380 3.375 0.1508 0.6875
2LP9 381 3.073 0.2664 0.7344
2LP9 382 4.205 0.0969 0.5781
2LP9 383 2.200 0.2567 0.7813
2LP9 384 3.796 0.2421 0.7188
2LP9 385 6.882 0.2156 0.5469
2LP9 386 3.830 0.2515 0.7500
2LP9 387 3.687 0.3538 0.7500
2LP9 388 2.992 0.2664 0.7344
2LP9 389 3.430 0.2971 0.7344
2LP9 390 3.621 0.2770 0.6875
2LP9 391 3.725 0.2427 0.6875
2LP9 392 2.269 0.2796 0.7813
2LP9 393 4.674 0.2753 0.7031
2LP9 394 4.790 0.3564 0.7188
2LP9 395 2.984 0.2089 0.6875
2LP9 396 3.104 0.2925 0.7344
2LP9 397 2.845 0.3023 0.7813
2LP9 398 2.077 0.3739 0.8281
2LP9 399 2.605 0.2489 0.7813
2LP9 400 2.397 0.3000 0.7500
2LP9 401 1.908 0.3197 0.8438
2LP9 402 3.557 0.3446 0.7188
2LP9 403 3.041 0.2406 0.6875
2LP9 404 2.996 0.2888 0.7656
2LP9 405 3.396 0.3351 0.7344
2LP9 406 4.226 0.2281 0.6875
2LP9 407 3.639 0.2919 0.7344
2LP9 408 3.658 0.2758 0.6875
2LP9 409 3.290 0.2998 0.7344
2LP9 410 2.346 0.3681 0.8125
2LP9 411 0.880 0.4076 0.9688
2LP9 412 1.028 0.3728 0.9375
2LP9 413 0.941 0.4014 0.9375
2LP9 414 0.955 0.3896 0.9375
2LP9 415 1.050 0.3581 0.9375
2LP9 416 0.977 0.3600 0.9375
2LP9 417 0.984 0.3747 0.9531
2LP9 418 0.971 0.3735 0.9375
2LP9 419 0.983 0.3748 0.9375
2LP9 420 0.972 0.3724 0.9375
2LP9 421 0.968 0.3716 0.9375
2LP9 422 0.973 0.3722 0.9531
2LP9 423 0.974 0.3757 0.9531
2LP9 424 0.961 0.3745 0.9531
2LP9 425 0.971 0.3740 0.9531
2LP9 426 0.970 0.3788 0.9531
2LP9 427 0.978 0.3702 0.9531
2LP9 428 0.950 0.3846 0.9531
2LP9 429 0.952 0.3864 0.9531
2LP9 430 0.966 0.3864 0.9375
2LP9 431 0.959 0.3890 0.9531
2LP9 432 0.955 0.3807 0.9531
2LP9 433 0.939 0.3810 0.9531
2LP9 434 0.986 0.3726 0.9531
2LP9 435 1.000 0.3716 0.9375
2LP9 436 1.024 0.3638 0.9219
2LP9 437 1.028 0.3628 0.9219
2LP9 438 1.026 0.3588 0.9219
2LP9 439 1.003 0.3739 0.9375
2LP9 440 0.988 0.3687 0.9375
2LP9 441 1.002 0.3695 0.9375
2LP9 442 1.020 0.3590 0.9219
2LP9 443 0.998 0.3662 0.9219
2LP9 444 1.010 0.3522 0.9375
2LP9 445 1.011 0.3587 0.9375
2LP9 446 1.012 0.3496 0.9219
2LP9 447 1.007 0.3613 0.9531
2LP9 448 1.027 0.3554 0.9375
2LP9 449 1.018 0.3563 0.9375
2LP9 450 1.011 0.3519 0.9375
2LP9 451 1.016 0.3566 0.9375
2LP9 452 1.029 0.3509 0.9375
2LP9 453 1.010 0.3574 0.9375
2LP9 454 1.011 0.3661 0.9531
2LP9 455 1.007 0.3594 0.9375
2LP9 456 1.022 0.3650 0.9531
2LP9 457 0.989 0.3567 0.9375
2LP9 458 0.978 0.3627 0.9531
2LP9 459 0.977 0.3702 0.9375
2LP9 460 1.028 0.3442 0.9375
2LP9 461 1.033 0.3415 0.9219
2LP9 462 1.012 0.3603 0.9063
2LP9 463 1.047 0.3418 0.9219
2LP9 464 1.035 0.3519 0.9375
2LP9 465 1.037 0.3365 0.9219
2LP9 466 1.051 0.3511 0.9219
2LP9 467 1.067 0.3310 0.9219
2LP9 468 1.080 0.3388 0.9063
2LP9 469 1.065 0.3399 0.9219
2LP9 470 1.071 0.3413 0.9219
2LP9 471 1.064 0.3291 0.9219
2LP9 472 1.056 0.3344 0.9219
2LP9 473 1.067 0.3417 0.9219
2LP9 474 1.048 0.3345 0.9219
2LP9 475 1.083 0.3123 0.9219
2LP9 476 1.115 0.3159 0.9219
2LP9 477 1.124 0.3101 0.9219
2LP9 478 1.088 0.3333 0.9219
2LP9 479 1.057 0.3291 0.9219
2LP9 480 1.077 0.3318 0.9219
2LP9 481 1.153 0.3065 0.9219
2LP9 482 1.058 0.3365 0.9375
2LP9 483 1.093 0.3333 0.9219
2LP9 484 1.117 0.3174 0.9219
2LP9 485 1.036 0.3423 0.9219
2LP9 486 1.016 0.3675 0.9219
2LP9 487 0.992 0.3717 0.9375
2LP9 488 0.969 0.3647 0.9375
2LP9 489 1.004 0.3612 0.9375
2LP9 490 0.978 0.3644 0.9375
2LP9 491 1.011 0.3486 0.9375
2LP9 492 1.064 0.3272 0.9375
2LP9 493 1.085 0.3384 0.9375
2LP9 494 1.146 0.3246 0.9219
2LP9 495 1.098 0.3341 0.9219
2LP9 496 1.119 0.3245 0.9219
2LP9 497 1.092 0.3354 0.9219
2LP9 498 1.086 0.3368 0.9375
2LP9 499 1.104 0.3322 0.9219
2LP9 500 1.070 0.3451 0.9375
2LP9 501 1.038 0.3412 0.9219
2LP9 502 1.046 0.3555 0.9219
2LP9 503 1.106 0.3394 0.9375
2LP9 504 1.103 0.3448 0.9219
2LP9 505 1.110 0.3394 0.9219
2LP9 506 1.111 0.3392 0.9375
2LP9 507 1.098 0.3506 0.9219
2LP9 508 1.091 0.3385 0.9219
2LP9 509 1.097 0.3606 0.9219
2LP9 510 1.126 0.3211 0.9219
2LP9 511 1.055 0.3548 0.9219
2LP9 512 1.095 0.3586 0.9219
2LP9 513 1.162 0.3120 0.9219
2LP9 514 1.140 0.3162 0.9375
2LP9 515 1.146 0.3561 0.9219
2LP9 516 1.108 0.3466 0.9219
2LP9 517 1.030 0.3986 0.9375
2LP9 518 1.102 0.3670 0.9375
2LP9 519 1.110 0.3672 0.9219
2LP9 520 1.061 0.3991 0.9375
2LP9 521 1.101 0.3485 0.9219
2LP9 522 1.159 0.3715 0.9219
2LP9 523 1.064 0.4097 0.9531
2LP9 524 1.042 0.4142 0.9531
2LP9 525 1.139 0.3686 0.9219
2LP9 526 1.101 0.3674 0.9219
2LP9 527 1.172 0.3421 0.9219
2LP9 528 1.135 0.3599 0.9375
2LP9 529 1.162 0.3793 0.9219
2LP9 530 1.054 0.3819 0.9375
2LP9 531 1.100 0.3731 0.9375
2LP9 532 1.156 0.3631 0.9219
2LP9 533 1.170 0.3689 0.9219
2LP9 534 1.090 0.3992 0.9375
2LP9 535 1.120 0.3618 0.9219
2LP9 536 1.116 0.3566 0.9375
2LP9 537 1.135 0.3197 0.9375
2LP9 538 1.079 0.3639 0.9375
2LP9 539 1.075 0.3883 0.9531
2LP9 540 1.155 0.3559 0.9219
2LP9 541 1.081 0.3543 0.9375
2LP9 542 1.113 0.3599 0.9375
2LP9 543 1.142 0.3654 0.9375
2LP9 544 1.160 0.3181 0.9219
2LP9 545 1.113 0.3618 0.9375
2LP9 546 1.176 0.3698 0.9219
2LP9 547 1.120 0.3719 0.9375
2LP9 548 1.124 0.3679 0.9375
2LP9 549 1.132 0.3442 0.9375
2LP9 550 1.136 0.3303 0.9375
2LP9 551 1.105 0.3384 0.9375
2LP9 552 1.111 0.3500 0.9219
2LP9 553 1.144 0.3686 0.9219
2LP9 554 1.096 0.3786 0.9375
2LP9 555 1.113 0.3605 0.9531
2LP9 556 1.164 0.3617 0.9375
2LP9 557 1.154 0.3688 0.9219
2LP9 558 1.054 0.3773 0.9531
2LP9 559 1.110 0.3638 0.9375
2LP9 560 1.177 0.3645 0.9219
2LP9 561 1.148 0.3438 0.9375
2LP9 562 1.110 0.3684 0.9375
2LP9 563 1.054 0.4090 0.9531
2LP9 564 1.144 0.3736 0.9219
2LP9 565 1.087 0.3613 0.9219
2LP9 566 1.173 0.3585 0.9219
2LP9 567 1.158 0.3533 0.9375
2LP9 568 1.185 0.3322 0.9219
2LP9 569 1.103 0.3471 0.9063
2LP9 570 1.157 0.3771 0.9219
2LP9 571 1.146 0.3393 0.9219
2LP9 572 1.132 0.3624 0.9219
2LP9 573 1.158 0.3435 0.9063
2LP9 574 1.151 0.3417 0.9063
2LP9 575 1.129 0.3895 0.9219
2LP9 576 1.131 0.3333 0.9219
2LP9 577 1.135 0.3402 0.9063
2LP9 578 1.109 0.3872 0.9219
2LP9 579 1.078 0.3528 0.9219
2LP9 580 1.163 0.3425 0.9063
2LP9 581 1.160 0.3700 0.9063
2LP9 582 1.207 0.3699 0.9063
2LP9 583 1.138 0.3725 0.9219
2LP9 584 1.152 0.3416 0.9219
2LP9 585 1.160 0.3044 0.9063
2LP9 586 1.105 0.3944 0.9219
2LP9 587 1.163 0.3614 0.9219
2LP9 588 1.102 0.3593 0.9219
2LP9 589 1.112 0.3544 0.9219
2LP9 590 1.178 0.3687 0.9063
2LP9 591 1.095 0.3080 0.9219
2LP9 592 1.212 0.3108 0.9219
2LP9 593 1.104 0.3329 0.9375
2LP9 594 1.100 0.2978 0.9063
2LP9 595 1.095 0.2956 0.9063
2LP9 596 1.248 0.3078 0.9063
2LP9 597 1.235 0.3318 0.8906
2LP9 598 1.239 0.3123 0.9063
2LP9 599 1.156 0.2939 0.8906
2LP9 600 1.157 0.3179 0.9375
2LP9 601 1.182 0.2912 0.8750
2LP9 602 1.148 0.3123 0.9219
2LP9 603 1.181 0.3477 0.8906
2LP9 604 1.130 0.3086 0.9375
2LP9 605 1.268 0.3003 0.9063
2LP9 606 1.162 0.3160 0.9219
2LP9 607 1.136 0.2792 0.9531
2LP9 608 1.161 0.3322 0.9375
2LP9 609 1.193 0.2852 0.8906
2LP9 610 1.171 0.3245 0.9375
2LP9 611 1.261 0.2982 0.9219
2LP9 612 1.268 0.3081 0.9219
2LP9 613 1.193 0.3145 0.9219
2LP9 614 1.169 0.3544 0.9375
2LP9 615 1.276 0.3008 0.9219
2LP9 616 1.344 0.2877 0.8750
2LP9 617 1.210 0.3383 0.9375
2LP9 618 1.226 0.2841 0.9375
2LP9 619 1.177 0.2937 0.9375
2LP9 620 1.216 0.2968 0.9219
2LP9 621 1.171 0.3860 0.9531
2LP9 622 1.285 0.3046 0.9219
2LP9 623 1.158 0.3483 0.9219
2LP9 624 1.288 0.2907 0.9219
2LP9 625 1.059 0.3289 0.9375
2LP9 626 1.274 0.3145 0.9219
2LP9 627 1.034 0.3269 0.9531
2LP9 628 1.013 0.3389 0.9063
2LP9 629 1.013 0.3360 0.8906
2LP9 630 1.001 0.3413 0.9375
2LP9 631 1.033 0.3414 0.9375
2LP9 632 1.075 0.3682 0.9219
2LP9 633 1.091 0.3611 0.9063
2LP9 634 1.069 0.3381 0.9375
2LP9 635 1.264 0.2981 0.8750
2LP9 636 1.161 0.3400 0.9375
2LP9 637 1.088 0.3452 0.9375
2LP9 638 1.153 0.3218 0.9219
2LP9 639 1.152 0.3421 0.9375
2LP9 640 1.060 0.3383 0.9375
2LP9 641 1.159 0.2789 0.9219
2LP9 642 1.207 0.3079 0.9375
2LP9 643 1.105 0.3173 0.9375
2LP9 644 1.081 0.3214 0.9375
2LP9 645 0.959 0.3337 0.9375
2LP9 646 1.057 0.3327 0.9375
2LP9 647 1.080 0.3468 0.9375
2LP9 648 1.001 0.3487 0.9531
2LP9 649 1.083 0.3025 0.9375
2LP9 650 1.129 0.3490 0.9375
2LP9 651 1.082 0.3362 0.9375
2LP9 652 1.112 0.2971 0.9219
2LP9 653 1.126 0.3302 0.9063
2LP9 654 1.124 0.3347 0.9375
2LP9 655 1.127 0.3465 0.9219
2LP9 656 1.128 0.3345 0.9375
2LP9 657 1.157 0.3134 0.9063
2LP9 658 1.117 0.3376 0.9063
2LP9 659 1.146 0.3409 0.9375
2LP9 660 1.136 0.3203 0.9375
2LP9 661 1.275 0.2942 0.8906
2LP9 662 1.038 0.3178 0.9531
2LP9 663 1.066 0.3413 0.9531
2LP9 664 1.203 0.2867 0.9063
2LP9 665 1.231 0.2975 0.9219
2LP9 666 1.068 0.3491 0.9219
2LP9 667 1.089 0.2899 0.9063
2LP9 668 1.138 0.3175 0.9219
2LP9 669 1.136 0.3097 0.9375
2LP9 670 1.159 0.3184 0.9063
2LP9 671 1.205 0.3399 0.9219
2LP9 672 1.097 0.3238 0.9219
2LP9 673 1.013 0.3576 0.9375
2LP9 674 0.990 0.3394 0.9063
2LP9 675 1.075 0.3531 0.9375
2LP9 676 0.967 0.3456 0.9375
2LP9 677 0.841 0.3592 0.9531
2LP9 678 0.972 0.3181 0.9219
2LP9 679 1.046 0.2931 0.9375
2LP9 680 1.129 0.2989 0.9375
2LP9 681 1.102 0.3300 0.9531
2LP9 682 1.069 0.3123 0.9219
2LP9 683 1.132 0.2873 0.8750
2LP9 684 0.930 0.3507 0.9531
2LP9 685 1.048 0.2827 0.9375
2LP9 686 1.121 0.2582 0.9219
2LP9 687 1.066 0.3161 0.9375
2LP9 688 0.983 0.3351 0.9375
2LP9 689 1.083 0.2928 0.9219
2LP9 690 0.949 0.2950 0.9219
2LP9 691 0.996 0.3085 0.9375
2LP9 692 1.058 0.3114 0.9375
2LP9 693 0.994 0.3244 0.9219
2LP9 694 1.008 0.3271 0.9375
2LP9 695 0.987 0.2973 0.9219
2LP9 696 0.996 0.3214 0.9375
2LP9 697 1.126 0.3413 0.9219
2LP9 698 1.110 0.3075 0.9219
2LP9 699 1.064 0.3159 0.9219
2LP9 700 1.081 0.2993 0.9375
2LP9 701 1.254 0.3036 0.8750
2LP9 702 1.291 0.2942 0.8750
2LP9 703 1.233 0.2897 0.8906
2LP9 704 1.323 0.3118 0.8750
2LP9 705 1.371 0.2749 0.8438
2LP9 706 1.224 0.3227 0.8750
2LP9 707 1.242 0.3039 0.8906
2LP9 708 1.367 0.2806 0.8594
2LP9 709 1.162 0.3169 0.9063
2LP9 710 1.381 0.2979 0.8750
2LP9 711 1.311 0.3016 0.8750
2LP9 712 1.288 0.2937 0.8750
2LP9 713 1.152 0.2933 0.8906
2LP9 714 1.246 0.3256 0.9063
2LP9 715 1.316 0.2770 0.8750
2LP9 716 1.170 0.2966 0.8906
2LP9 717 1.450 0.2787 0.8281
2LP9 718 1.275 0.2832 0.8906
2LP9 719 1.328 0.2547 0.8594
2LP9 720 1.306 0.2892 0.8750
2LP9 721 1.245 0.2759 0.8750
2LP9 722 1.320 0.3005 0.8750
2LP9 723 1.229 0.2922 0.8906
2LP9 724 1.368 0.2584 0.8438
2LP9 725 1.219 0.2603 0.8750
2LP9 726 1.264 0.2895 0.8906
2LP9 727 1.213 0.2704 0.8750
2LP9 728 1.306 0.2891 0.8438
2LP9 729 1.202 0.2981 0.8594
2LP9 730 1.457 0.2722 0.8281
2LP9 731 1.293 0.2882 0.8750
2LP9 732 1.272 0.2746 0.8281
2LP9 733 1.251 0.3010 0.8750
2LP9 734 1.264 0.3045 0.8906
2LP9 735 1.323 0.2888 0.8281
2LP9 736 1.229 0.2648 0.8594
2LP9 737 1.251 0.2744 0.8594
2LP9 738 1.348 0.2829 0.8281
2LP9 739 1.111 0.3162 0.9063
2LP9 740 1.257 0.2943 0.8594
2LP9 741 1.281 0.2754 0.8594
2LP9 742 1.207 0.2769 0.8750
2LP9 743 1.398 0.2665 0.8438
2LP9 744 1.288 0.2634 0.8906
2LP9 745 1.298 0.3179 0.8750
2LP9 746 1.307 0.2627 0.8594
2LP9 747 1.341 0.2794 0.8594
2LP9 748 1.223 0.2837 0.8750
2LP9 749 1.142 0.2881 0.8750
2LP9 750 1.080 0.3105 0.9375
2LP9 751 1.183 0.3166 0.9063
2LP9 752 1.057 0.3416 0.9219
2LP9 753 1.141 0.3425 0.8906
2LP9 754 1.266 0.2945 0.8750
2LP9 755 1.223 0.2765 0.8750
2LP9 756 1.206 0.3080 0.8750
2LP9 757 1.153 0.2798 0.8750
2LP9 758 1.159 0.3074 0.9219
2LP9 759 1.076 0.3400 0.9219
2LP9 760 1.127 0.3691 0.9219
2LP9 761 1.277 0.3305 0.8906
2LP9 762 1.064 0.3420 0.9063
2LP9 763 1.049 0.3009 0.9219
2LP9 764 1.214 0.3595 0.8594
2LP9 765 1.238 0.3223 0.8906
2LP9 766 1.238 0.2946 0.9063
2LP9 767 1.337 0.2835 0.8438
2LP9 768 1.247 0.3101 0.8438
2LP9 769 1.189 0.3467 0.9063
2LP9 770 1.021 0.3736 0.9375
2LP9 771 1.168 0.3330 0.9063
2LP9 772 1.173 0.2924 0.9063
2LP9 773 1.068 0.3292 0.9219
2LP9 774 1.255 0.3388 0.9063
2LP9 775 1.139 0.3263 0.9375
2LP9 776 1.033 0.3481 0.9063
2LP9 777 1.321 0.3059 0.8906
2LP9 778 1.220 0.3099 0.9063
2LP9 779 1.106 0.3299 0.9219
2LP9 780 1.165 0.2994 0.9219
2LP9 781 1.093 0.3322 0.9219
2LP9 782 1.196 0.3269 0.9219
2LP9 783 1.164 0.3553 0.9063
2LP9 784 1.190 0.3089 0.9375
2LP9 785 1.369 0.3152 0.8750
2LP9 786 1.192 0.3580 0.9375
2LP9 787 1.179 0.3299 0.9375
2LP9 788 1.263 0.2853 0.8906
2LP9 789 1.253 0.3319 0.9219
2LP9 790 1.051 0.3534 0.9375
2LP9 791 1.238 0.2655 0.9063
2LP9 792 1.143 0.3466 0.9219
2LP9 793 1.367 0.2725 0.8906
2LP9 794 1.183 0.2848 0.9219
2LP9 795 1.155 0.3414 0.9375
2LP9 796 1.307 0.2919 0.8906
2LP9 797 1.105 0.3343 0.9375
2LP9 798 1.172 0.3560 0.9375
2LP9 799 1.193 0.3381 0.9063
2LP9 800 1.251 0.2773 0.8750
2LP9 801 1.260 0.2971 0.9219
2LP9 802 1.283 0.2917 0.9219
2LP9 803 1.359 0.2778 0.8750
2LP9 804 1.259 0.3298 0.9219
2LP9 805 1.165 0.3588 0.8906
2LP9 806 1.318 0.3487 0.9063
2LP9 807 1.165 0.2747 0.9063
2LP9 808 1.073 0.3068 0.9219
2LP9 809 1.161 0.3082 0.9375
2LP9 810 1.038 0.3229 0.9375
2LP9 811 1.128 0.3024 0.9063
2LP9 812 1.044 0.3649 0.9531
2LP9 813 1.022 0.3377 0.9219
2LP9 814 1.401 0.2719 0.8750
2LP9 815 1.060 0.3308 0.9063
2LP9 816 1.273 0.2687 0.9063
2LP9 817 1.303 0.2642 0.8750
2LP9 818 1.172 0.3058 0.8906
2LP9 819 1.159 0.3111 0.9375
2LP9 820 1.166 0.2951 0.8906
2LP9 821 1.104 0.3597 0.9375
2LP9 822 1.057 0.3906 0.9531
2LP9 823 1.055 0.3647 0.9375
2LP9 824 1.308 0.2911 0.8906
2LP9 825 1.296 0.2633 0.8438
2LP9 826 1.161 0.2879 0.8906
2LP9 827 1.232 0.3166 0.9063
2LP9 828 1.207 0.3014 0.8750
2LP9 829 1.422 0.2756 0.8750
2LP9 830 1.245 0.2915 0.9063
2LP9 831 1.368 0.2835 0.8750
2LP9 832 1.337 0.3007 0.8906
2LP9 833 1.335 0.3231 0.8906
2LP9 834 1.221 0.2591 0.9063
2LP9 835 1.379 0.3140 0.8906
2LP9 836 1.178 0.2956 0.8906
2LP9 837 1.301 0.2733 0.8906
2LP9 838 1.368 0.2821 0.8750
2LP9 839 1.229 0.3132 0.9063
2LP9 840 1.249 0.2732 0.9063
2LP9 841 1.229 0.2832 0.9063
2LP9 842 1.162 0.3242 0.9219
2LP9 843 1.271 0.2930 0.9219
2LP9 844 1.319 0.2676 0.8750
2LP9 845 1.229 0.3279 0.9219
2LP9 846 1.325 0.2765 0.8594
2LP9 847 1.193 0.2984 0.9063
2LP9 848 1.242 0.3064 0.8750
2LP9 849 1.290 0.3222 0.9063
2LP9 850 1.308 0.2614 0.8594
2LP9 851 1.365 0.2618 0.8438
2LP9 852 1.229 0.2736 0.9219
2LP9 853 1.246 0.2808 0.8906
2LP9 854 1.203 0.3189 0.9375
2LP9 855 1.261 0.3138 0.9063
2LP9 856 1.185 0.2766 0.9063
2LP9 857 1.309 0.2773 0.9063
2LP9 858 1.237 0.2932 0.9063
2LP9 859 1.291 0.2781 0.8906
2LP9 860 1.183 0.3160 0.9219
2LP9 861 1.459 0.2542 0.8438
2LP9 862 1.261 0.3618 0.9219
2LP9 863 1.290 0.2917 0.9219
2LP9 864 1.392 0.3084 0.9063
2LP9 865 1.182 0.2558 0.8906
2LP9 866 1.398 0.2631 0.8750
2LP9 867 1.280 0.2967 0.8906
2LP9 868 1.090 0.3103 0.9063
2LP9 869 1.344 0.3125 0.8906
2LP9 870 1.203 0.2950 0.9063
2LP9 871 1.379 0.3334 0.8750
2LP9 872 1.248 0.3010 0.8906
2LP9 873 1.138 0.3601 0.9219
2LP9 874 1.257 0.3347 0.9063
2LP9 875 1.093 0.3443 0.9219
2LP9 876 1.346 0.2820 0.8906
2LP9 877 1.284 0.2862 0.8906
2LP9 878 1.199 0.3364 0.9375
2LP9 879 1.224 0.2948 0.9063
2LP9 880 1.205 0.4069 0.9219
2LP9 881 1.336 0.3145 0.8906
2LP9 882 1.242 0.3003 0.8906
2LP9 883 1.395 0.3517 0.9063
2LP9 884 1.125 0.3164 0.9375
2LP9 885 1.419 0.2738 0.8750
2LP9 886 1.229 0.3321 0.9219
2LP9 887 1.167 0.3293 0.9375
2LP9 888 1.115 0.3368 0.9375
2LP9 889 1.161 0.3112 0.9375
2LP9 890 1.359 0.2553 0.8594
2LP9 891 1.378 0.2685 0.8750
2LP9 892 1.101 0.3826 0.9375
2LP9 893 1.122 0.3062 0.9219
2LP9 894 1.193 0.3430 0.9531
2LP9 895 1.482 0.2879 0.8438
2LP9 896 1.251 0.2610 0.8906
2LP9 897 1.410 0.2961 0.8750
2LP9 898 1.329 0.3628 0.9063
2LP9 899 1.268 0.3007 0.8750
2LP9 900 1.514 0.2808 0.8594
2LP9 901 1.289 0.2969 0.8750
2LP9 902 1.611 0.2552 0.8281
2LP9 903 1.385 0.2730 0.8438
2LP9 904 1.352 0.2541 0.8438
2LP9 905 1.215 0.3320 0.8906
2LP9 906 1.413 0.2890 0.8594
2LP9 907 1.193 0.3300 0.9063
2LP9 908 1.331 0.2703 0.8750
2LP9 909 1.148 0.3493 0.9219
2LP9 910 1.287 0.2884 0.9063
2LP9 911 1.257 0.3123 0.9063
2LP9 912 1.233 0.3506 0.9375
2LP9 913 1.307 0.2860 0.8750
2LP9 914 1.175 0.3321 0.9219
2LP9 915 1.359 0.2903 0.8906
2LP9 916 1.174 0.3232 0.9063
2LP9 917 1.338 0.2635 0.8594
2LP9 918 1.406 0.2671 0.8750
2LP9 919 1.206 0.3286 0.9219
2LP9 920 1.200 0.3049 0.9063
2LP9 921 1.324 0.2662 0.8906
2LP9 922 1.273 0.2787 0.8906
2LP9 923 1.227 0.2622 0.8906
2LP9 924 1.176 0.2848 0.9063
2LP9 925 1.317 0.2886 0.8750
2LP9 926 1.139 0.3074 0.9531
2LP9 927 1.184 0.2934 0.9375
2LP9 928 1.373 0.2618 0.8906
2LP9 929 1.237 0.2857 0.8906
2LP9 930 1.102 0.3205 0.9063
2LP9 931 1.133 0.3284 0.9375
2LP9 932 1.303 0.2738 0.8906
2LP9 933 1.195 0.2810 0.8906
2LP9 934 1.227 0.2927 0.9063
2LP9 935 1.169 0.2906 0.9063
2LP9 936 1.165 0.2721 0.8906
2LP9 937 1.430 0.2972 0.8906
2LP9 938 1.293 0.3174 0.9063
2LP9 939 1.318 0.2502 0.8594
2LP9 940 1.233 0.3078 0.9063
2LP9 941 1.399 0.2621 0.8906
2LP9 942 1.186 0.3175 0.9219
2LP9 943 1.295 0.3223 0.9219
2LP9 944 1.383 0.2716 0.8906
2LP9 945 1.174 0.3074 0.9219
2LP9 946 1.557 0.2361 0.8750
2LP9 947 1.140 0.2865 0.8906
2LP9 948 1.139 0.3617 0.8906
2LP9 949 1.451 0.2916 0.8594
2LP9 950 1.225 0.2809 0.9063
2LP9 951 1.299 0.2856 0.8906
2LP9 952 1.321 0.3406 0.8750
2LP9 953 1.333 0.2630 0.8750
2LP9 954 1.386 0.2422 0.8906
2LP9 955 1.152 0.2705 0.9063
2LP9 956 0.971 0.4137 0.9375
2LP9 957 1.219 0.2692 0.8750
2LP9 958 1.186 0.3132 0.9219
2LP9 959 1.303 0.2905 0.8906
2LP9 960 1.127 0.3133 0.9063
2LP9 961 1.480 0.2482 0.8438
2LP9 962 1.103 0.3192 0.9063
2LP9 963 1.331 0.2445 0.8594
2LP9 964 1.568 0.3034 0.8594
2LP9 965 1.206 0.2704 0.9063
2LP9 966 1.157 0.2944 0.9375
2LP9 967 1.224 0.2953 0.8906
2LP9 968 1.148 0.3070 0.9219
2LP9 969 1.239 0.3211 0.8906
2LP9 970 1.188 0.2864 0.9063
2LP9 971 1.226 0.3140 0.9219
2LP9 972 1.218 0.2782 0.8750
2LP9 973 1.214 0.2934 0.9063
2LP9 974 1.228 0.2885 0.9063
2LP9 975 1.039 0.3606 0.9375
2LP9 976 1.327 0.2581 0.8750
2LP9 977 1.011 0.3180 0.9219
2LP9 978 1.121 0.2971 0.8906
2LP9 979 1.399 0.3084 0.8906
2LP9 980 1.228 0.2792 0.9063
2LP9 981 1.315 0.2867 0.8906
2LP9 982 1.063 0.3642 0.9375
2LP9 983 1.192 0.2785 0.9219
2LP9 984 1.346 0.2807 0.8594
2LP9 985 1.340 0.2713 0.8906
2LP9 986 1.403 0.3181 0.8750
2LP9 987 1.200 0.3138 0.9219
2LP9 988 1.135 0.3544 0.9063
2LP9 989 1.294 0.3500 0.8906
2LP9 990 1.272 0.2826 0.8750
2LP9 991 1.286 0.2931 0.8906
2LP9 992 1.015 0.3516 0.9375
2LP9 993 1.083 0.3272 0.9219
2LP9 994 0.928 0.3928 0.9531
2LP9 995 1.385 0.2313 0.8594
2LP9 996 1.220 0.2646 0.8750
2LP9 997 1.358 0.3598 0.8906
2LP9 998 1.276 0.2852 0.8906
2LP9 999 1.210 0.2937 0.8750
2LP9 1000 1.161 0.2758 0.9063
2LP9 1001 1.142 0.2945 0.9219
2LP9 1002 1.393 0.2192 0.8438
2LP9 1003 1.357 0.2824 0.8750
2LP9 1004 1.151 0.2893 0.8750
2LP9 1005 1.078 0.3202 0.9219
2LP9 1006 1.430 0.2519 0.8906
2LP9 1007 1.247 0.2734 0.8750
2LP9 1008 1.366 0.3021 0.8750
2LP9 1009 1.263 0.2882 0.8906
2LP9 1010 1.120 0.3255 0.8906
2LP9 1011 1.205 0.3260 0.8750
2LP9 1012 1.356 0.2359 0.8594
2LP9 1013 1.482 0.2724 0.8281
2LP9 1014 1.216 0.3247 0.9063
2LP9 1015 1.174 0.2836 0.8906
2LP9 1016 1.271 0.2669 0.9063
2LP9 1017 1.340 0.2635 0.8906
2LP9 1018 1.280 0.2777 0.9063
2LP9 1019 1.508 0.2691 0.8438
2LP9 1020 1.199 0.2775 0.8906
2LP9 1021 1.602 0.2583 0.8281
2LP9 1022 1.208 0.3274 0.9531
2LP9 1023 1.197 0.3145 0.9219
2LP9 1024 1.286 0.2941 0.8750
2LP9 1025 1.047 0.3064 0.9375
2LP9 1026 1.100 0.3135 0.9063
2LP9 1027 1.140 0.2931 0.9219
2LP9 1028 1.235 0.3215 0.8906
2LP9 1029 1.097 0.3592 0.8906
2LP9 1030 1.470 0.2860 0.8750
2LP9 1031 1.111 0.2943 0.9063
2LP9 1032 0.998 0.3186 0.9219
2LP9 1033 1.032 0.3449 0.9219
2LP9 1034 0.964 0.3599 0.9375
2LP9 1035 1.075 0.3037 0.9375
2LP9 1036 1.319 0.2532 0.8906
2LP9 1037 1.068 0.3232 0.9063
2LP9 1038 1.177 0.2653 0.8750
2LP9 1039 1.410 0.2623 0.8750
2LP9 1040 1.239 0.3429 0.9063
2LP9 1041 1.173 0.3236 0.8750
2LP9 1042 1.380 0.2959 0.8750
2LP9 1043 1.629 0.2509 0.7969
2LP9 1044 1.364 0.2757 0.8594
2LP9 1045 1.714 0.2642 0.8281
2LP9 1046 1.673 0.2697 0.8281
2LP9 1047 1.643 0.2813 0.8281
2LP9 1048 1.529 0.3275 0.8438
2LP9 1049 1.438 0.2915 0.8281
2LP9 1050 1.695 0.2543 0.8281
2LP9 1051 1.848 0.2309 0.8125
2LP9 1052 1.598 0.2928 0.8594
2LP9 1053 1.317 0.3199 0.8906
2LP9 1054 1.815 0.2702 0.8281
2LP9 1055 1.914 0.2564 0.8438
2LP9 1056 1.929 0.2394 0.8125
2LP9 1057 1.695 0.2643 0.8438
2LP9 1058 1.458 0.2972 0.8438
2LP9 1059 1.572 0.2725 0.8125
2LP9 1060 1.638 0.2889 0.8281
2LP9 1061 1.564 0.2898 0.8438
2LP9 1062 1.881 0.2580 0.7969
2LP9 1063 1.694 0.2912 0.8594
2LP9 1064 1.545 0.2785 0.8438
2LP9 1065 1.806 0.2665 0.8125
2LP9 1066 1.596 0.2748 0.8438
2LP9 1067 1.641 0.3263 0.8438
2LP9 1068 1.698 0.2451 0.8438
2LP9 1069 1.414 0.2721 0.8594
2LP9 1070 1.463 0.2544 0.8281
2LP9 1071 1.776 0.3021 0.8438
2LP9 1072 1.816 0.2572 0.7813
2LP9 1073 1.703 0.3212 0.8125
2LP9 1074 1.892 0.2231 0.7969
2LP9 1075 1.577 0.2801 0.8594
2LP9 1076 2.027 0.2693 0.7813
2LP9 1077 1.521 0.2511 0.8438
2LP9 1078 1.528 0.2527 0.8281
2LP9 1079 1.452 0.2678 0.8438
2LP9 1080 1.729 0.2201 0.7969
2LP9 1081 1.597 0.2788 0.8750
2LP9 1082 1.683 0.2937 0.8281
2LP9 1083 1.411 0.2535 0.8594
2LP9 1084 1.805 0.3177 0.8281
2LP9 1085 1.896 0.3565 0.8281
2LP9 1086 1.732 0.2748 0.8438
2LP9 1087 1.819 0.3242 0.8281
2LP9 1088 2.050 0.4062 0.8125
2LP9 1089 1.775 0.3118 0.8594
2LP9 1090 2.006 0.3384 0.8125
2LP9 1091 1.791 0.3200 0.8594
2LP9 1092 1.915 0.3165 0.8281
2LP9 1093 1.711 0.3260 0.8281
2LP9 1094 1.880 0.3470 0.8594
2LP9 1095 2.186 0.2280 0.7969
2LP9 1096 2.250 0.2517 0.7813
2LP9 1097 2.414 0.2586 0.7813
2LP9 1098 2.441 0.2877 0.7500
2LP9 1099 1.976 0.2979 0.8438
2LP9 1100 2.009 0.2736 0.7813
2LP9 1101 2.022 0.2381 0.7813
2LP9 1102 2.340 0.2540 0.7500
2LP9 1103 2.090 0.2364 0.7813
2LP9 1104 2.133 0.2957 0.7969
2LP9 1105 2.270 0.2839 0.7813
2LP9 1106 2.077 0.3121 0.8125
2LP9 1107 2.205 0.2910 0.7969
2LP9 1108 2.101 0.2692 0.7813
2LP9 1109 2.179 0.2488 0.7656
2LP9 1110 2.293 0.2767 0.7969
2LP9 1111 2.537 0.2291 0.7500
2LP9 1112 2.262 0.2597 0.7969
2LP9 1113 2.096 0.3016 0.7969
2LP9 1114 2.108 0.2356 0.7656
2LP9 1115 1.932 0.2367 0.7969
2LP9 1116 2.394 0.2469 0.7344
2LP9 1117 2.235 0.2311 0.7656
2LP9 1118 2.263 0.2417 0.7500
2LP9 1119 2.171 0.2583 0.7813
2LP9 1120 1.979 0.2660 0.7969
2LP9 1121 2.243 0.2494 0.7813
2LP9 1122 2.311 0.2767 0.7656
2LP9 1123 2.132 0.2669 0.7656
2LP9 1124 2.041 0.2585 0.7813
2LP9 1125 2.158 0.2902 0.7969
2LP9 1126 2.316 0.2507 0.7969
2LP9 1127 2.441 0.2367 0.7656
2LP9 1128 2.252 0.2356 0.7813
2LP9 1129 2.119 0.3327 0.7969
2LP9 1130 2.441 0.2675 0.7656
2LP9 1131 2.168 0.2688 0.8125
2LP9 1132 2.158 0.2478 0.7813
2LP9 1133 2.108 0.2849 0.7813
2LP9 1134 2.474 0.2844 0.7813
2LP9 1135 2.158 0.3230 0.8281
2LP9 1136 2.418 0.2678 0.7656
2LP9 1137 2.512 0.2906 0.7500
2LP9 1138 2.418 0.2538 0.8281
2LP9 1139 2.191 0.3029 0.8438
2LP9 1140 2.411 0.2520 0.7813
2LP9 1141 2.392 0.3161 0.7813
2LP9 1142 2.271 0.2761 0.7656
2LP9 1143 1.935 0.2974 0.8438
2LP9 1144 2.206 0.2440 0.8125
2LP9 1145 2.412 0.2693 0.7969
2LP9 1146 2.364 0.2714 0.7969
2LP9 1147 1.685 0.2653 0.8281
2LP9 1148 1.772 0.3474 0.8750
2LP9 1149 2.325 0.2918 0.7656
2LP9 1150 2.080 0.2570 0.7813
2LP9 1151 2.374 0.2542 0.7656
2LP9 1152 2.156 0.2365 0.7813
2LP9 1153 2.194 0.2795 0.7969
2LP9 1154 2.367 0.2653 0.7656
2LP9 1155 2.038 0.2700 0.8125
2LP9 1156 2.393 0.2951 0.7813
2LP9 1157 2.207 0.2634 0.7500
2LP9 1158 2.332 0.2567 0.7656
2LP9 1159 2.111 0.2961 0.7656
2LP9 1160 2.195 0.2831 0.8281
2LP9 1161 2.006 0.2526 0.7969
2LP9 1162 2.354 0.2510 0.7344
2LP9 1163 2.268 0.2619 0.7656
2LP9 1164 2.354 0.2536 0.7813
2LP9 1165 2.177 0.2518 0.7813
2LP9 1166 2.352 0.2680 0.7813
2LP9 1167 2.145 0.2726 0.7969
2LP9 1168 2.199 0.2725 0.7969
2LP9 1169 2.445 0.2620 0.7656
2LP9 1170 1.961 0.2403 0.7969
2LP9 1171 2.321 0.2456 0.7813
2LP9 1172 2.112 0.2432 0.7813
2LP9 1173 2.367 0.2564 0.7656
2LP9 1174 1.961 0.2779 0.7969
2LP9 1175 1.926 0.2422 0.8125
2LP9 1176 2.130 0.2661 0.7969
2LP9 1177 2.379 0.2751 0.7656
2LP9 1178 1.923 0.2491 0.7969
2LP9 1179 2.302 0.2623 0.7656
2LP9 1180 2.076 0.2373 0.7656
2LP9 1181 2.239 0.2780 0.8125
2LP9 1182 2.382 0.2736 0.7813
2LP9 1183 2.562 0.2752 0.7500
2LP9 1184 2.120 0.2822 0.7969
2LP9 1185 2.249 0.2703 0.7813
2LP9 1186 2.026 0.3155 0.8281
2LP9 1187 2.500 0.2631 0.7656
2LP9 1188 2.330 0.2796 0.7813
2LP9 1189 2.027 0.3283 0.8125
2LP9 1190 2.368 0.2466 0.7813
2LP9 1191 2.274 0.2422 0.7969
2LP9 1192 2.001 0.2771 0.7969
2LP9 1193 1.966 0.2662 0.7813
2LP9 1194 1.654 0.2529 0.8438
2LP9 1195 1.861 0.2979 0.7656
2LP9 1196 1.796 0.2664 0.7969
2LP9 1197 2.009 0.2764 0.7813
2LP9 1198 2.325 0.2364 0.7500
2LP9 1199 2.089 0.2254 0.7813
2LP9 1200 2.336 0.2369 0.7656
2LP9 1201 2.391 0.2447 0.7500
2LP9 1202 2.366 0.2625 0.7500
2LP9 1203 2.409 0.2281 0.7500
2LP9 1204 2.226 0.2361 0.7500
2LP9 1205 2.272 0.2287 0.7656
2LP9 1206 2.291 0.2355 0.7500
2LP9 1207 2.148 0.2404 0.7500
2LP9 1208 2.377 0.2551 0.7500
2LP9 1209 2.213 0.2388 0.7500
2LP9 1210 2.429 0.2228 0.7188
2LP9 1211 2.202 0.2403 0.7344
2LP9 1212 2.330 0.2419 0.7500
2LP9 1213 1.916 0.2290 0.7969
2LP9 1214 2.108 0.2347 0.7500
2LP9 1215 1.939 0.2451 0.7969
2LP9 1216 2.097 0.2585 0.7969
2LP9 1217 1.779 0.2587 0.7813
2LP9 1218 2.105 0.2495 0.7656
2LP9 1219 1.980 0.2476 0.7813
2LP9 1220 1.760 0.2414 0.8125
2LP9 1221 1.760 0.2496 0.8125
2LP9 1222 1.994 0.2668 0.7656
2LP9 1223 1.885 0.2656 0.7656
2LP9 1224 2.175 0.2677 0.7656
2LP9 1225 2.295 0.2380 0.7813
2LP9 1226 2.477 0.2900 0.7344
2LP9 1227 2.421 0.2400 0.7500
2LP9 1228 2.358 0.2647 0.7813
2LP9 1229 2.680 0.2554 0.7344
2LP9 1230 2.157 0.2499 0.7813
2LP9 1231 2.271 0.2623 0.7813
2LP9 1232 2.380 0.2767 0.7813
2LP9 1233 2.059 0.2226 0.7969
2LP9 1234 1.962 0.2164 0.7969
2LP9 1235 1.896 0.2456 0.8125
2LP9 1236 2.092 0.2260 0.8125
2LP9 1237 2.005 0.2033 0.7500
2LP9 1238 2.252 0.2380 0.7813
2LP9 1239 2.247 0.2308 0.7500
2LP9 1240 1.830 0.2824 0.8281
2LP9 1241 2.198 0.2650 0.7969
2LP9 1242 2.306 0.2049 0.7344
2LP9 1243 2.094 0.1966 0.7656
2LP9 1244 1.984 0.2056 0.7500
2LP9 1245 1.815 0.2012 0.7969
2LP9 1246 2.151 0.1992 0.7344
2LP9 1247 2.023 0.2375 0.7813
2LP9 1248 2.171 0.2511 0.7656
2LP9 1249 2.150 0.2639 0.7813
2LP9 1250 1.953 0.1871 0.8125
2LP9 1251 2.237 0.1739 0.7344
2LP9 1252 2.307 0.2126 0.7344
2LP9 1253 2.113 0.2321 0.7969
2LP9 1254 2.048 0.1816 0.7813
2LP9 1255 1.776 0.2650 0.8125
2LP9 1256 2.118 0.2100 0.7500
2LP9 1257 2.067 0.2486 0.7656
2LP9 1258 1.969 0.2066 0.7500
2LP9 1259 2.119 0.1924 0.7344
2LP9 1260 2.061 0.1750 0.7656
2LP9 1261 2.084 0.2569 0.7500
2LP9 1262 2.024 0.1921 0.7500
2LP9 1263 1.821 0.2457 0.7656
2LP9 1264 2.109 0.1864 0.7500
2LP9 1265 1.900 0.2638 0.7969
2LP9 1266 2.143 0.1945 0.7500
2LP9 1267 1.989 0.2179 0.7500
2LP9 1268 2.095 0.2068 0.7656
2LP9 1269 1.955 0.2527 0.7500
2LP9 1270 1.958 0.2067 0.7344
2LP9 1271 1.928 0.1914 0.7344
2LP9 1272 1.945 0.2291 0.7813
2LP9 1273 1.853 0.3040 0.7969
2LP9 1274 2.105 0.2291 0.7813
2LP9 1275 1.995 0.2252 0.7500
2LP9 1276 2.186 0.2066 0.7500
2LP9 1277 1.986 0.2180 0.7969
2LP9 1278 2.065 0.2658 0.7656
2LP9 1279 2.132 0.2264 0.7656
2LP9 1280 2.374 0.2556 0.7344
2LP9 1281 2.032 0.2383 0.7656
2LP9 1282 2.101 0.2252 0.7969
2LP9 1283 2.111 0.2315 0.7500
2LP9 1284 1.969 0.2499 0.7969
2LP9 1285 1.855 0.2477 0.7500
2LP9 1286 2.115 0.2602 0.7344
2LP9 1287 2.034 0.2202 0.7500
2LP9 1288 2.080 0.2052 0.7969
2LP9 1289 2.560 0.1742 0.7188
2LP9 1290 2.448 0.2133 0.7344
2LP9 1291 2.563 0.1869 0.7344
2LP9 1292 2.477 0.2189 0.7344
2LP9 1293 2.873 0.2638 0.7344
2LP9 1294 2.522 0.2051 0.7344
2LP9 1295 2.639 0.2340 0.7500
2LP9 1296 2.763 0.2423 0.7500
2LP9 1297 2.683 0.2439 0.7188
2LP9 1298 2.833 0.1945 0.7188
2LP9 1299 2.791 0.2254 0.7188
2LP9 1300 2.369 0.2469 0.7344
2LP9 1301 2.443 0.3123 0.7500
2LP9 1302 2.791 0.2003 0.7188
2LP9 1303 2.562 0.1879 0.7344
2LP9 1304 2.383 0.2211 0.7500
2LP9 1305 2.435 0.2492 0.7344
2LP9 1306 2.466 0.2475 0.7500
2LP9 1307 2.307 0.2597 0.7656
2LP9 1308 2.542 0.2041 0.7188
2LP9 1309 2.415 0.2429 0.7813
2LP9 1310 2.334 0.2605 0.7500
2LP9 1311 2.703 0.2150 0.7031
2LP9 1312 2.129 0.2166 0.7344
2LP9 1313 2.018 0.1981 0.7656
2LP9 1314 2.287 0.2249 0.7344
2LP9 1315 2.289 0.1759 0.7344
2LP9 1316 2.511 0.2068 0.7031
2LP9 1317 2.402 0.2318 0.7500
2LP9 1318 2.376 0.2294 0.7188
2LP9 1319 2.430 0.2254 0.7188
2LP9 1320 2.656 0.2248 0.7344
2LP9 1321 2.480 0.2249 0.7344
2LP9 1322 2.559 0.2259 0.7344
2LP9 1323 2.662 0.2545 0.7656
2LP9 1324 2.287 0.2014 0.7188
2LP9 1325 1.934 0.2140 0.7500
2LP9 1326 2.128 0.2182 0.7500
2LP9 1327 2.183 0.2137 0.7656
2LP9 1328 2.430 0.2085 0.7813
2LP9 1329 2.575 0.2069 0.7188
2LP9 1330 2.370 0.2133 0.7188
2LP9 1331 2.470 0.2056 0.7031
2LP9 1332 2.172 0.2053 0.7344
2LP9 1333 2.261 0.1728 0.7344
2LP9 1334 2.363 0.1793 0.7656
2LP9 1335 2.130 0.2369 0.7500
2LP9 1336 2.258 0.2029 0.7344
2LP9 1337 2.281 0.2100 0.7500
2LP9 1338 2.041 0.2508 0.7656
2LP9 1339 2.366 0.2631 0.7969
2LP9 1340 2.229 0.2139 0.7344
2LP9 1341 2.300 0.2100 0.7188
2LP9 1342 2.399 0.1934 0.7188
2LP9 1343 2.318 0.2516 0.7188
2LP9 1344 2.193 0.2299 0.7188
2LP9 1345 2.131 0.2254 0.7500
2LP9 1346 2.308 0.1945 0.7500
2LP9 1347 2.197 0.1854 0.7344
2LP9 1348 2.499 0.1878 0.7031
2LP9 1349 2.221 0.1876 0.7188
2LP9 1350 1.989 0.1705 0.7500
2LP9 1351 1.963 0.1917 0.7656
2LP9 1352 2.071 0.2086 0.7344
2LP9 1353 2.141 0.1703 0.7344
2LP9 1354 1.881 0.2152 0.7656
2LP9 1355 1.995 0.1918 0.7656
2LP9 1356 1.979 0.1722 0.7500
2LP9 1357 2.078 0.2015 0.7188
2LP9 1358 1.855 0.2102 0.7656
2LP9 1359 2.115 0.2034 0.7188
2LP9 1360 2.159 0.1581 0.7500
2LP9 1361 2.128 0.1723 0.7656
2LP9 1362 2.070 0.1459 0.7188
2LP9 1363 2.197 0.1430 0.7031
2LP9 1364 2.150 0.1627 0.7188
2LP9 1365 2.031 0.1637 0.7500
2LP9 1366 2.312 0.1475 0.7188
2LP9 1367 2.363 0.1363 0.7344
2LP9 1368 2.470 0.1706 0.7500
2LP9 1369 2.073 0.2103 0.7344
2LP9 1370 2.180 0.1550 0.7188
2LP9 1371 2.211 0.1613 0.7344
2LP9 1372 2.193 0.1785 0.7344
2LP9 1373 2.088 0.1890 0.7500
2LP9 1374 2.212 0.1540 0.7344
2LP9 1375 2.250 0.1759 0.7344
2LP9 1376 2.296 0.1641 0.7188
2LP9 1377 2.332 0.1692 0.7188
2LP9 1378 2.201 0.1542 0.7344
2LP9 1379 2.084 0.1663 0.7500
2LP9 1380 2.238 0.1629 0.7188
2LP9 1381 2.278 0.1537 0.7188
2LP9 1382 2.067 0.1654 0.7656
2LP9 1383 2.321 0.1494 0.7031
2LP9 1384 2.299 0.1599 0.7500
2LP9 1385 2.358 0.1419 0.7344
2LP9 1386 2.042 0.1633 0.7500
2LP9 1387 2.053 0.1483 0.7656
2LP9 1388 1.818 0.1867 0.7656
2LP9 1389 2.163 0.1838 0.7188
2LP9 1390 2.229 0.1710 0.7500
2LP9 1391 1.999 0.1477 0.7344
2LP9 1392 2.183 0.1347 0.7031
2LP9 1393 2.173 0.1515 0.7344
2LP9 1394 1.941 0.1581 0.7656
2LP9 1395 1.903 0.1734 0.7813
2LP9 1396 1.871 0.1455 0.7656
2LP9 1397 1.968 0.1820 0.7656
2LP9 1398 2.050 0.1255 0.7500
2LP9 1399 1.609 0.1797 0.7969
2LP9 1400 1.773 0.2288 0.7969
2LP9 1401 1.800 0.2013 0.7656
2LP9 1402 1.627 0.1813 0.7969
2LP9 1403 2.036 0.1981 0.7656
2LP9 1404 1.801 0.1559 0.7500
2LP9 1405 2.010 0.1702 0.7969
2LP9 1406 1.650 0.2099 0.7969
2LP9 1407 1.876 0.2244 0.7813
2LP9 1408 1.744 0.2384 0.7813
2LP9 1409 1.597 0.2070 0.7969
2LP9 1410 1.809 0.2057 0.7500
2LP9 1411 1.623 0.2463 0.8125
2LP9 1412 2.159 0.2518 0.7344
2LP9 1413 1.939 0.2309 0.7813
2LP9 1414 1.667 0.2339 0.7656
2LP9 1415 1.688 0.1791 0.7969
2LP9 1416 1.803 0.2088 0.7344
2LP9 1417 1.939 0.1911 0.7188
2LP9 1418 1.702 0.1812 0.7969
2LP9 1419 1.908 0.1779 0.7813
2LP9 1420 1.884 0.1547 0.7344
2LP9 1421 1.854 0.2021 0.7813
2LP9 1422 1.827 0.1573 0.7500
2LP9 1423 1.936 0.1799 0.7344
2LP9 1424 1.959 0.1765 0.7500
2LP9 1425 1.781 0.2214 0.7813
2LP9 1426 1.696 0.1949 0.7969
2LP9 1427 1.441 0.2576 0.8125
2LP9 1428 1.668 0.1882 0.7813
2LP9 1429 1.698 0.1526 0.7813
2LP9 1430 1.686 0.1864 0.7813
2LP9 1431 1.602 0.2257 0.7969
2LP9 1432 1.721 0.2687 0.7813
2LP9 1433 1.740 0.2003 0.7969
2LP9 1434 1.414 0.2118 0.8594
2LP9 1435 1.767 0.2276 0.7656
2LP9 1436 1.497 0.2482 0.8125
2LP9 1437 1.801 0.2168 0.7656
2LP9 1438 1.904 0.1890 0.7656
2LP9 1439 1.792 0.2740 0.7813
2LP9 1440 1.755 0.2203 0.7969
2LP9 1441 2.034 0.1920 0.7500
2LP9 1442 1.831 0.2209 0.7656
2LP9 1443 1.909 0.2466 0.7656
2LP9 1444 1.951 0.2548 0.7500
2LP9 1445 2.003 0.2303 0.7656
2LP9 1446 1.965 0.2199 0.7813
2LP9 1447 1.873 0.2343 0.7656
2LP9 1448 1.565 0.1828 0.7656
2LP9 1449 1.699 0.1745 0.7813
2LP9 1450 1.730 0.2511 0.7969
2LP9 1451 1.792 0.2651 0.7969
2LP9 1452 1.917 0.2147 0.7813
2LP9 1453 1.673 0.2265 0.7656
2LP9 1454 1.816 0.2369 0.7813
2LP9 1455 1.928 0.2177 0.7500
2LP9 1456 1.947 0.2367 0.7656
2LP9 1457 1.731 0.1997 0.7813
2LP9 1458 1.855 0.2437 0.7656
2LP9 1459 1.907 0.2283 0.7656
2LP9 1460 1.695 0.1890 0.7813
2LP9 1461 1.710 0.2218 0.7813
2LP9 1462 1.751 0.2192 0.7813
2LP9 1463 1.927 0.2248 0.7500
2LP9 1464 1.922 0.1859 0.7813
2LP9 1465 1.608 0.1855 0.7969
2LP9 1466 1.852 0.2034 0.7656
2LP9 1467 2.007 0.1991 0.7344
2LP9 1468 1.753 0.2303 0.7813
2LP9 1469 1.770 0.2123 0.7813
2LP9 1470 2.165 0.1522 0.7188
2LP9 1471 2.050 0.1889 0.7344
2LP9 1472 2.010 0.1362 0.7188
2LP9 1473 1.724 0.1843 0.7813
2LP9 1474 2.066 0.1799 0.7188
2LP9 1475 1.727 0.2481 0.8125
2LP9 1476 2.060 0.1733 0.7656
2LP9 1477 1.611 0.2461 0.7969
2LP9 1478 1.789 0.2442 0.7969
2LP9 1479 2.026 0.1970 0.7656
2LP9 1480 1.821 0.2355 0.7813
2LP9 1481 1.661 0.2510 0.7813
2LP9 1482 1.912 0.1481 0.7500
2LP9 1483 1.996 0.1540 0.7500
2LP9 1484 2.139 0.1831 0.7188
2LP9 1485 2.009 0.1488 0.7500
2LP9 1486 2.201 0.2011 0.7188
2LP9 1487 2.119 0.2133 0.7188
2LP9 1488 2.689 0.1976 0.6563
2LP9 1489 2.152 0.1639 0.7188
2LP9 1490 2.190 0.1714 0.7344
2LP9 1491 2.034 0.1738 0.7500
2LP9 1492 1.958 0.2534 0.7500
2LP9 1493 2.230 0.1656 0.7656
2LP9 1494 2.006 0.2641 0.7500
2LP9 1495 2.210 0.1548 0.7344
2LP9 1496 2.284 0.2263 0.7344
2LP9 1497 2.151 0.1963 0.7344
2LP9 1498 2.066 0.1745 0.7500
2LP9 1499 1.935 0.2700 0.7656
2LP9 1500 2.183 0.1997 0.7813
2LP9 1501 2.273 0.2103 0.7656
2LP9 1502 1.619 0.2084 0.8125
2LP9 1503 1.823 0.2421 0.7656
2LP9 1504 2.081 0.2033 0.7500
2LP9 1505 1.776 0.2173 0.7813
2LP9 1506 1.875 0.2584 0.7969
2LP9 1507 1.639 0.2571 0.7969
2LP9 1508 1.702 0.2332 0.8281
2LP9 1509 1.967 0.2032 0.7656
2LP9 1510 1.667 0.2548 0.7969
2LP9 1511 1.921 0.1551 0.7656
2LP9 1512 2.166 0.1777 0.7344
2LP9 1513 1.988 0.1642 0.7500
2LP9 1514 2.120 0.2333 0.7500
2LP9 1515 2.117 0.2057 0.7656
2LP9 1516 2.015 0.2369 0.7969
2LP9 1517 1.933 0.2086 0.7500
2LP9 1518 1.954 0.2301 0.7813
2LP9 1519 2.373 0.1638 0.7344
2LP9 1520 2.242 0.1741 0.7500
2LP9 1521 2.116 0.2276 0.7500
2LP9 1522 1.955 0.2257 0.7969
2LP9 1523 2.024 0.2158 0.7500
2LP9 1524 1.881 0.2476 0.7969
2LP9 1525 2.063 0.2083 0.7500
2LP9 1526 1.610 0.1823 0.7969
2LP9 1527 1.958 0.1538 0.7500
2LP9 1528 1.705 0.2028 0.7656
2LP9 1529 1.873 0.1785 0.7344
2LP9 1530 1.758 0.1607 0.7656
2LP9 1531 1.830 0.1893 0.7969
2LP9 1532 1.667 0.2147 0.7813
2LP9 1533 1.735 0.1689 0.7500
2LP9 1534 1.975 0.1538 0.7344
2LP9 1535 1.553 0.2071 0.7969
2LP9 1536 1.495 0.2399 0.8438
2LP9 1537 1.478 0.2052 0.8281
2LP9 1538 1.600 0.1715 0.8125
2LP9 1539 1.745 0.1586 0.7969
2LP9 1540 1.895 0.2101 0.7344
2LP9 1541 1.808 0.1579 0.7813
2LP9 1542 2.186 0.1653 0.7500
2LP9 1543 2.096 0.2516 0.7500
2LP9 1544 1.709 0.2369 0.7500
2LP9 1545 1.543 0.2785 0.8125
2LP9 1546 1.829 0.2215 0.7813
2LP9 1547 1.539 0.3106 0.8281
2LP9 1548 1.569 0.2699 0.8281
2LP9 1549 1.794 0.2404 0.7969
2LP9 1550 2.047 0.2296 0.7656
2LP9 1551 1.940 0.2725 0.7969
2LP9 1552 2.150 0.2042 0.7500
2LP9 1553 2.117 0.1810 0.7656
2LP9 1554 1.935 0.2479 0.7813
2LP9 1555 1.834 0.2646 0.7969
2LP9 1556 1.544 0.2258 0.8281
2LP9 1557 1.820 0.2314 0.7813
2LP9 1558 1.925 0.2817 0.7813
2LP9 1559 1.691 0.2309 0.8125
2LP9 1560 1.713 0.2707 0.7969
2LP9 1561 1.863 0.2402 0.7813
2LP9 1562 1.822 0.2334 0.7969
2LP9 1563 1.804 0.2361 0.7656
2LP9 1564 1.832 0.2446 0.7656
2LP9 1565 2.205 0.2105 0.7813
2LP9 1566 1.888 0.2348 0.7969
2LP9 1567 1.903 0.1978 0.7656
2LP9 1568 1.975 0.2552 0.8125
2LP9 1569 1.735 0.2565 0.8125
2LP9 1570 2.020 0.1572 0.7344
2LP9 1571 1.741 0.2611 0.7969
2LP9 1572 1.674 0.2284 0.7969
2LP9 1573 1.801 0.2088 0.7969
2LP9 1574 1.482 0.3081 0.8438
2LP9 1575 1.800 0.2263 0.8125
2LP9 1576 1.534 0.3295 0.8594
2LP9 1577 1.765 0.2198 0.8125
2LP9 1578 1.414 0.2468 0.8594
2LP9 1579 1.320 0.2871 0.8438
2LP9 1580 1.615 0.2209 0.8125
2LP9 1581 1.571 0.2428 0.8125
2LP9 1582 1.788 0.2197 0.7969
2LP9 1583 1.693 0.2158 0.7969
2LP9 1584 1.596 0.2252 0.8125
2LP9 1585 1.570 0.2854 0.8125
2LP9 1586 1.663 0.2254 0.7813
2LP9 1587 1.705 0.2611 0.7813
2LP9 1588 1.817 0.2047 0.7813
2LP9 1589 1.971 0.2556 0.8125
2LP9 1590 1.876 0.2319 0.7656
2LP9 1591 1.810 0.2262 0.7813
2LP9 1592 1.641 0.2587 0.7969
2LP9 1593 1.782 0.2375 0.7969
2LP9 1594 1.710 0.2574 0.8125
2LP9 1595 2.053 0.2510 0.7969
2LP9 1596 2.068 0.2590 0.7656
2LP9 1597 2.146 0.2091 0.7500
2LP9 1598 2.243 0.2241 0.7656
2LP9 1599 1.544 0.2490 0.8281
2LP9 1600 1.997 0.2399 0.7656
2LP9 1601 2.007 0.2278 0.7813
2LP9 1602 1.850 0.2167 0.7969
2LP9 1603 1.853 0.2061 0.7813
2LP9 1604 2.065 0.2069 0.7344
2LP9 1605 1.770 0.2474 0.8125
2LP9 1606 2.109 0.2624 0.7656
2LP9 1607 2.041 0.2364 0.7969
2LP9 1608 1.509 0.3059 0.8281
2LP9 1609 1.640 0.2228 0.8125
2LP9 1610 2.224 0.2299 0.7813
2LP9 1611 1.840 0.2698 0.8125
2LP9 1612 1.215 0.3960 0.9063
2LP9 1613 1.739 0.2834 0.8438
2LP9 1614 1.943 0.2776 0.8125
2LP9 1615 1.517 0.3646 0.8438
2LP9 1616 1.597 0.2330 0.8438
2LP9 1617 1.621 0.2482 0.8281
2LP9 1618 1.620 0.2201 0.8281
2LP9 1619 1.532 0.3568 0.8438
2LP9 1620 1.587 0.2548 0.8125
2LP9 1621 1.343 0.2883 0.8594
2LP9 1622 1.785 0.2788 0.8281
2LP9 1623 1.642 0.2916 0.8438
2LP9 1624 1.308 0.3531 0.9063
2LP9 1625 1.450 0.3176 0.8906
2LP9 1626 1.622 0.2704 0.8594
2LP9 1627 2.049 0.2327 0.7813
2LP9 1628 1.862 0.2259 0.7969
2LP9 1629 2.277 0.1930 0.7656
2LP9 1630 1.811 0.2724 0.8594
2LP9 1631 2.224 0.2175 0.7656
2LP9 1632 1.608 0.2874 0.8750
2LP9 1633 1.373 0.3044 0.8750
2LP9 1634 1.788 0.2204 0.8281
2LP9 1635 1.922 0.3308 0.8281
2LP9 1636 1.649 0.2739 0.8594
2LP9 1637 1.812 0.2447 0.8125
2LP9 1638 1.583 0.3018 0.8438
2LP9 1639 1.694 0.2031 0.8281
2LP9 1640 2.059 0.1983 0.7500
2LP9 1641 2.073 0.2374 0.8281
2LP9 1642 2.307 0.2678 0.7969
2LP9 1643 2.314 0.3351 0.8438
2LP9 1644 2.229 0.2727 0.7813
2LP9 1645 1.862 0.2649 0.7969
2LP9 1646 1.930 0.1993 0.7969
2LP9 1647 1.778 0.2739 0.8281
2LP9 1648 2.150 0.2291 0.7813
2LP9 1649 2.053 0.2581 0.7969
2LP9 1650 2.214 0.2316 0.7969
2LP9 1651 1.702 0.2852 0.8125
2LP9 1652 1.974 0.2606 0.7969
2LP9 1653 2.167 0.2269 0.7813
2LP9 1654 1.624 0.2996 0.8281
2LP9 1655 2.055 0.2112 0.7813
2LP9 1656 1.907 0.2813 0.8125
2LP9 1657 2.013 0.2333 0.8281
2LP9 1658 1.977 0.2219 0.7813
2LP9 1659 1.826 0.2879 0.8438
2LP9 1660 1.829 0.2719 0.8281
2LP9 1661 1.700 0.1935 0.7969
2LP9 1662 1.692 0.1822 0.7813
2LP9 1663 1.711 0.2154 0.7813
2LP9 1664 2.149 0.2432 0.7500
2LP9 1665 1.735 0.2231 0.8281
2LP9 1666 2.145 0.2154 0.7500
2LP9 1667 2.231 0.2181 0.7344
2LP9 1668 1.998 0.1977 0.7813
2LP9 1669 1.987 0.2414 0.7500
2LP9 1670 2.042 0.1763 0.7656
2LP9 1671 2.328 0.1506 0.7344
2LP9 1672 2.370 0.1558 0.7344
2LP9 1673 2.362 0.1732 0.7500
2LP9 1674 2.294 0.2028 0.7188
2LP9 1675 1.892 0.2107 0.7656
2LP9 1676 2.139 0.1935 0.7656
2LP9 1677 1.861 0.2013 0.7813
2LP9 1678 1.830 0.2091 0.7813
2LP9 1679 2.253 0.1992 0.7500
2LP9 1680 2.284 0.1955 0.7344
2LP9 1681 2.507 0.2124 0.7031
2LP9 1682 2.212 0.1998 0.7188
2LP9 1683 2.175 0.2841 0.7500
2LP9 1684 2.481 0.2638 0.7031
2LP9 1685 2.322 0.1999 0.7344
2LP9 1686 2.411 0.2284 0.7500
2LP9 1687 2.712 0.2590 0.7188
2LP9 1688 2.645 0.1891 0.6875
2LP9 1689 2.440 0.1504 0.7344
2LP9 1690 1.983 0.2720 0.8125
2LP9 1691 2.001 0.2242 0.7969
2LP9 1692 2.157 0.2344 0.7500
2LP9 1693 2.108 0.1916 0.7500
2LP9 1694 2.107 0.2078 0.7656
2LP9 1695 2.120 0.2233 0.7813
2LP9 1696 1.737 0.1876 0.7969
2LP9 1697 2.007 0.2280 0.7969
2LP9 1698 1.879 0.2577 0.7656
2LP9 1699 2.033 0.2208 0.7813
2LP9 1700 1.731 0.1915 0.7500
2LP9 1701 2.107 0.2211 0.7500
2LP9 1702 2.049 0.2144 0.7344
2LP9 1703 1.972 0.2239 0.7500
2LP9 1704 2.379 0.1906 0.7500
2LP9 1705 1.958 0.2359 0.8125
2LP9 1706 2.132 0.2973 0.7969
2LP9 1707 2.625 0.2145 0.7031
2LP9 1708 2.794 0.1491 0.7031
2LP9 1709 2.778 0.2039 0.7031
2LP9 1710 2.058 0.2593 0.7656
2LP9 1711 2.063 0.2315 0.7656
2LP9 1712 2.126 0.2301 0.7813
2LP9 1713 2.238 0.1803 0.7188
2LP9 1714 2.157 0.2431 0.7813
2LP9 1715 2.133 0.2122 0.7656
2LP9 1716 2.461 0.2532 0.7188
2LP9 1717 2.189 0.1962 0.7344
2LP9 1718 2.015 0.1908 0.7344
2LP9 1719 2.201 0.1940 0.7656
2LP9 1720 1.862 0.2677 0.8125
2LP9 1721 2.488 0.2673 0.7500
2LP9 1722 1.862 0.2587 0.7813
2LP9 1723 1.840 0.2803 0.8125
2LP9 1724 2.023 0.2389 0.7813
2LP9 1725 1.996 0.1793 0.7500
2LP9 1726 1.825 0.2209 0.7813
2LP9 1727 2.265 0.1825 0.7813
2LP9 1728 2.051 0.2487 0.7500
2LP9 1729 2.003 0.2127 0.7969
2LP9 1730 2.513 0.2082 0.7188
2LP9 1731 2.102 0.2276 0.7969
2LP9 1732 2.227 0.1886 0.7188
2LP9 1733 2.122 0.2157 0.7344
2LP9 1734 2.292 0.2178 0.7500
2LP9 1735 2.411 0.1872 0.7188
2LP9 1736 2.253 0.2233 0.7188
2LP9 1737 2.266 0.2739 0.7344
2LP9 1738 2.070 0.2770 0.7656
2LP9 1739 2.938 0.1494 0.6563
2LP9 1740 2.456 0.1684 0.7031
2LP9 1741 2.550 0.2377 0.7500
2LP9 1742 2.254 0.2369 0.7188
2LP9 1743 2.019 0.1959 0.7656
2LP9 1744 2.417 0.2030 0.7344
2LP9 1745 2.110 0.2003 0.7344
2LP9 1746 2.343 0.1855 0.7188
2LP9 1747 2.132 0.1981 0.7188
2LP9 1748 2.278 0.2013 0.7188
2LP9 1749 2.286 0.2677 0.7344
2LP9 1750 1.930 0.1585 0.7656
2LP9 1751 2.051 0.1766 0.7188
2LP9 1752 2.387 0.1919 0.7031
2LP9 1753 2.843 0.1869 0.7031
2LP9 1754 2.276 0.1639 0.7188
2LP9 1755 2.476 0.2640 0.7031
2LP9 1756 2.192 0.2198 0.7500
2LP9 1757 2.184 0.2441 0.7656
2LP9 1758 2.249 0.2143 0.7344
2LP9 1759 2.336 0.1979 0.7344
2LP9 1760 2.197 0.2033 0.7344
2LP9 1761 2.130 0.2440 0.7813
2LP9 1762 2.547 0.2467 0.7500
2LP9 1763 2.506 0.2282 0.7344
2LP9 1764 2.321 0.2276 0.7344
2LP9 1765 2.347 0.1472 0.7188
2LP9 1766 2.307 0.2141 0.7500
2LP9 1767 2.602 0.1808 0.7500
2LP9 1768 2.453 0.1856 0.7188
2LP9 1769 1.935 0.2453 0.8125
2LP9 1770 1.951 0.2437 0.7969
2LP9 1771 2.053 0.2112 0.7344
2LP9 1772 2.431 0.2305 0.7656
2LP9 1773 2.177 0.2287 0.7656
2LP9 1774 1.893 0.2358 0.7656
2LP9 1775 2.069 0.1982 0.7500
2LP9 1776 1.982 0.2905 0.8125
2LP9 1777 2.284 0.2255 0.7656
2LP9 1778 2.411 0.2296 0.7500
2LP9 1779 2.217 0.1827 0.7500
2LP9 1780 2.428 0.1934 0.7344
2LP9 1781 1.723 0.2446 0.8438
2LP9 1782 2.077 0.1829 0.7500
2LP9 1783 1.927 0.3052 0.7969
2LP9 1784 2.051 0.2652 0.7969
2LP9 1785 2.357 0.2360 0.7500
2LP9 1786 1.896 0.2195 0.7813
2LP9 1787 1.989 0.2401 0.7500
2LP9 1788 1.837 0.2270 0.7969
2LP9 1789 2.088 0.1996 0.7813
2LP9 1790 1.563 0.2138 0.8281
2LP9 1791 1.885 0.2321 0.7813
2LP9 1792 2.006 0.2435 0.7969
2LP9 1793 2.038 0.2761 0.7969
2LP9 1794 1.822 0.2422 0.7969
2LP9 1795 2.188 0.1912 0.7656
2LP9 1796 1.834 0.2309 0.8125
2LP9 1797 2.757 0.1832 0.6875
2LP9 1798 2.289 0.2463 0.7500
2LP9 1799 2.244 0.2328 0.7656
2LP9 1800 2.178 0.2024 0.7500
2LP9 1801 1.963 0.2161 0.7813
2LP9 1802 1.844 0.2315 0.7969
2LP9 1803 2.334 0.2046 0.7656
2LP9 1804 2.003 0.2291 0.8125
2LP9 1805 2.058 0.2358 0.7344
2LP9 1806 1.922 0.2448 0.7656
2LP9 1807 2.045 0.2300 0.7813
2LP9 1808 1.931 0.1930 0.7969
2LP9 1809 2.153 0.1620 0.7656
2LP9 1810 2.028 0.2146 0.7656
2LP9 1811 1.979 0.2225 0.7813
2LP9 1812 1.992 0.2314 0.8125
2LP9 1813 2.051 0.2091 0.8125
2LP9 1814 2.259 0.2021 0.7344
2LP9 1815 2.327 0.2493 0.7500
2LP9 1816 2.439 0.2173 0.7344
2LP9 1817 2.105 0.2279 0.7500
2LP9 1818 2.162 0.2629 0.7344
2LP9 1819 2.412 0.2428 0.7344
2LP9 1820 2.103 0.2045 0.7500
2LP9 1821 2.399 0.2226 0.7344
2LP9 1822 2.202 0.2520 0.7813
2LP9 1823 2.013 0.2348 0.7656
2LP9 1824 2.066 0.2771 0.7969
2LP9 1825 2.335 0.2527 0.7656
2LP9 1826 1.902 0.2066 0.7813
2LP9 1827 1.912 0.2577 0.7656
2LP9 1828 1.968 0.2796 0.7969
2LP9 1829 2.072 0.2444 0.7813
2LP9 1830 2.214 0.2486 0.7656
2LP9 1831 1.899 0.2808 0.8125
2LP9 1832 1.979 0.2319 0.7969
2LP9 1833 2.008 0.2264 0.7656
2LP9 1834 2.343 0.2516 0.7188
2LP9 1835 1.858 0.2545 0.8125
2LP9 1836 2.037 0.2511 0.7344
2LP9 1837 1.929 0.2425 0.7500
2LP9 1838 1.899 0.2083 0.7813
2LP9 1839 2.096 0.1864 0.7813
2LP9 1840 2.324 0.2045 0.7188
2LP9 1841 2.046 0.2203 0.7656
2LP9 1842 1.988 0.2510 0.8125
2LP9 1843 2.100 0.1901 0.7344
2LP9 1844 2.105 0.2434 0.7656
2LP9 1845 1.798 0.2692 0.7656
2LP9 1846 1.943 0.3379 0.8438
2LP9 1847 1.918 0.2963 0.7969
2LP9 1848 2.256 0.2332 0.7500
2LP9 1849 2.117 0.2382 0.7969
2LP9 1850 2.211 0.2584 0.7500
2LP9 1851 1.707 0.3060 0.7813
2LP9 1852 1.959 0.2002 0.7656
2LP9 1853 2.610 0.2558 0.7656
2LP9 1854 2.048 0.1769 0.7188
2LP9 1855 1.948 0.1457 0.7188
2LP9 1856 1.936 0.2289 0.8125
2LP9 1857 1.841 0.1933 0.7656
2LP9 1858 1.665 0.2362 0.8125
2LP9 1859 1.836 0.2191 0.7500
2LP9 1860 1.753 0.2178 0.7969
2LP9 1861 1.965 0.2387 0.7969
2LP9 1862 2.302 0.2146 0.7188
2LP9 1863 1.972 0.2069 0.7500
2LP9 1864 1.910 0.1644 0.7500
2LP9 1865 2.009 0.2202 0.7500
2LP9 1866 1.983 0.1718 0.7344
2LP9 1867 2.060 0.2075 0.7188
2LP9 1868 1.909 0.2205 0.7969
2LP9 1869 2.535 0.2433 0.7344
2LP9 1870 1.966 0.2484 0.8125
2LP9 1871 2.332 0.2190 0.7344
2LP9 1872 2.029 0.2340 0.7344
2LP9 1873 1.772 0.2758 0.8125
2LP9 1874 1.954 0.2300 0.7656
2LP9 1875 2.427 0.1508 0.7500
2LP9 1876 2.084 0.2143 0.7813
2LP9 1877 1.969 0.2527 0.7656
2LP9 1878 1.932 0.2154 0.8281
2LP9 1879 1.776 0.2591 0.7813
2LP9 1880 2.004 0.2482 0.7969
2LP9 1881 1.645 0.2807 0.8125
2LP9 1882 1.817 0.1766 0.7813
2LP9 1883 1.885 0.2043 0.7813
2LP9 1884 1.705 0.1388 0.7656
2LP9 1885 1.685 0.2599 0.8281
2LP9 1886 2.304 0.2050 0.7344
2LP9 1887 1.926 0.2356 0.8281
2LP9 1888 1.815 0.2765 0.8438
2LP9 1889 1.824 0.2119 0.7813
2LP9 1890 2.057 0.2481 0.8125
2LP9 1891 2.189 0.1971 0.7344
2LP9 1892 1.767 0.2621 0.8125
2LP9 1893 1.426 0.3345 0.8750
2LP9 1894 1.594 0.2940 0.8594
2LP9 1895 1.730 0.2722 0.8281
2LP9 1896 1.507 0.2157 0.8594
2LP9 1897 1.667 0.2595 0.8125
2LP9 1898 1.725 0.2067 0.8125
2LP9 1899 1.587 0.2185 0.8281
2LP9 1900 1.987 0.2525 0.7969
2LP9 1901 1.693 0.1859 0.8125
2LP9 1902 1.656 0.2157 0.7969
2LP9 1903 2.030 0.2261 0.7656
2LP9 1904 2.039 0.2190 0.7656
2LP9 1905 1.804 0.1850 0.7969
2LP9 1906 1.925 0.2213 0.7813
2LP9 1907 1.806 0.2010 0.7969
2LP9 1908 1.730 0.2122 0.7969
2LP9 1909 2.058 0.2398 0.7813
2LP9 1910 1.856 0.1846 0.7656
2LP9 1911 1.936 0.1803 0.7813
2LP9 1912 1.714 0.1965 0.7969
2LP9 1913 2.041 0.2187 0.8125
2LP9 1914 1.580 0.2728 0.8281
2LP9 1915 1.824 0.2899 0.8281
2LP9 1916 1.835 0.2712 0.8281
2LP9 1917 2.166 0.2997 0.8125
2LP9 1918 1.866 0.2856 0.8438
2LP9 1919 1.776 0.2707 0.8594
2LP9 1920 1.953 0.3117 0.8438
2LP9 1921 1.598 0.2461 0.8594
2LP9 1922 2.011 0.2593 0.8438
2LP9 1923 1.976 0.2070 0.7969
2LP9 1924 1.532 0.2442 0.8438
2LP9 1925 2.071 0.2361 0.8125
2LP9 1926 1.936 0.2102 0.8281
2LP9 1927 2.317 0.2379 0.7188
2LP9 1928 2.410 0.1842 0.7656
2LP9 1929 2.041 0.2030 0.7656
2LP9 1930 2.003 0.2067 0.7500
2LP9 1931 1.960 0.2357 0.7656
2LP9 1932 2.013 0.1929 0.7500
2LP9 1933 2.110 0.2381 0.7500
2LP9 1934 2.187 0.2612 0.7813
2LP9 1935 2.047 0.2585 0.7813
2LP9 1936 2.024 0.2439 0.7500
2LP9 1937 2.218 0.2639 0.7344
2LP9 1938 2.105 0.2207 0.7500
2LP9 1939 2.097 0.2038 0.7500
2LP9 1940 2.280 0.3024 0.7813
2LP9 1941 2.463 0.2351 0.7344
2LP9 1942 2.169 0.2014 0.7813
2LP9 1943 2.317 0.2057 0.7500
2LP9 1944 2.140 0.2711 0.7813
2LP9 1945 1.955 0.2232 0.8125
2LP9 1946 1.600 0.2092 0.8438
2LP9 1947 1.943 0.2415 0.8438
2LP9 1948 1.818 0.2057 0.8281
2LP9 1949 1.647 0.2691 0.8438
2LP9 1950 2.000 0.2350 0.7813
2LP9 1951 1.854 0.2806 0.8281
2LP9 1952 1.973 0.2231 0.8125
2LP9 1953 1.861 0.2183 0.8438
2LP9 1954 1.872 0.2412 0.8125
2LP9 1955 1.875 0.2018 0.8125
2LP9 1956 1.687 0.1979 0.8281
2LP9 1957 1.899 0.2276 0.8125
2LP9 1958 2.081 0.1738 0.7969
2LP9 1959 2.059 0.2199 0.7656
2LP9 1960 1.739 0.2210 0.8125
2LP9 1961 1.960 0.2920 0.7969
2LP9 1962 1.936 0.2683 0.7813
2LP9 1963 2.233 0.1888 0.7344
2LP9 1964 2.419 0.1953 0.7188
2LP9 1965 2.316 0.1803 0.7344
2LP9 1966 2.125 0.1734 0.7344
2LP9 1967 2.317 0.1481 0.6875
2LP9 1968 1.995 0.1952 0.7656
2LP9 1969 1.992 0.1896 0.7656
2LP9 1970 2.517 0.1747 0.7188
2LP9 1971 2.450 0.1682 0.7031
2LP9 1972 1.999 0.1992 0.7500
2LP9 1973 1.866 0.2181 0.7656
2LP9 1974 2.219 0.2043 0.7344
2LP9 1975 1.807 0.2580 0.7656
2LP9 1976 2.421 0.1630 0.6875
2LP9 1977 2.229 0.1508 0.7188
2LP9 1978 2.278 0.1384 0.7188
2LP9 1979 2.056 0.2424 0.7500
2LP9 1980 2.084 0.2286 0.7500
2LP9 1981 2.474 0.2364 0.7188
2LP9 1982 2.449 0.1922 0.7344
2LP9 1983 2.533 0.2143 0.7188
2LP9 1984 2.545 0.2447 0.7031
2LP9 1985 2.432 0.1694 0.7188
2LP9 1986 2.321 0.2043 0.7813
2LP9 1987 2.483 0.1690 0.7188
2LP9 1988 2.309 0.1856 0.7344
2LP9 1989 2.578 0.2465 0.7031
2LP9 1990 2.047 0.2683 0.7500
2LP9 1991 2.364 0.2294 0.7188
2LP9 1992 2.079 0.2431 0.7656
2LP9 1993 2.092 0.2108 0.7344
2LP9 1994 2.316 0.2726 0.7500
2LP9 1995 2.754 0.2451 0.6875
2LP9 1996 2.106 0.2546 0.7656
2LP9 1997 2.238 0.2777 0.7813
2LP9 1998 2.222 0.2384 0.7500
2LP9 1999 2.444 0.2169 0.7813
2LP9 2000 2.359 0.2246 0.7813
2LP9 2001 2.782 0.2090 0.7188
2LP9 2002 2.518 0.2509 0.7344
2LP9 2003 2.461 0.2937 0.7813
2LP9 2004 2.309 0.2452 0.7031
2LP9 2005 2.099 0.2120 0.7656
2LP9 2006 2.200 0.1583 0.7813
2LP9 2007 2.153 0.2190 0.7656
2LP9 2008 2.264 0.2289 0.7344
2LP9 2009 2.076 0.1796 0.7656
2LP9 2010 2.219 0.2102 0.7500
2LP9 2011 2.270 0.2612 0.7500
2LP9 2012 2.431 0.2228 0.7344
2LP9 2013 2.229 0.1289 0.7188
2LP9 2014 2.163 0.1616 0.7344
2LP9 2015 2.188 0.1621 0.7188
2LP9 2016 2.165 0.1613 0.7500
2LP9 2017 2.173 0.1707 0.7500
2LP9 2018 2.202 0.2197 0.7031
2LP9 2019 2.411 0.2024 0.7344
2LP9 2020 2.319 0.2290 0.7188
2LP9 2021 2.166 0.2147 0.7656
2LP9 2022 2.461 0.2003 0.7188
2LP9 2023 2.263 0.1896 0.7344
2LP9 2024 2.198 0.2264 0.7500
2LP9 2025 2.237 0.2054 0.7500
2LP9 2026 2.236 0.1653 0.7344
2LP9 2027 2.068 0.2604 0.7656
2LP9 2028 2.199 0.1943 0.7500
2LP9 2029 2.131 0.2071 0.7656
2LP9 2030 2.155 0.1930 0.7500
2LP9 2031 1.994 0.2517 0.7969
2LP9 2032 1.984 0.2330 0.7969
2LP9 2033 1.895 0.1737 0.7813
2LP9 2034 2.074 0.2401 0.7500
2LP9 2035 2.118 0.2058 0.7344
2LP9 2036 2.171 0.1532 0.7031
2LP9 2037 1.998 0.1544 0.7813
2LP9 2038 2.265 0.1438 0.7344
2LP9 2039 2.479 0.2141 0.7344
2LP9 2040 2.186 0.1981 0.7344
2LP9 2041 2.103 0.2527 0.8125
2LP9 2042 2.090 0.1590 0.7656
2LP9 2043 2.374 0.1987 0.7344
2LP9 2044 2.359 0.2048 0.7188
2LP9 2045 2.353 0.1767 0.7188
2LP9 2046 1.917 0.2337 0.7813
2LP9 2047 1.869 0.2052 0.7656
2LP9 2048 2.173 0.1824 0.7500
2LP9 2049 1.787 0.2803 0.8594
2LP9 2050 1.955 0.2455 0.8125
2LP9 2051 1.949 0.2755 0.7813
2LP9 2052 2.250 0.3140 0.7813
2LP9 2053 2.026 0.2218 0.7813
2LP9 2054 2.156 0.1729 0.7344
2LP9 2055 2.344 0.2376 0.7344
2LP9 2056 2.136 0.2050 0.7656
2LP9 2057 2.346 0.2020 0.7188
2LP9 2058 2.498 0.1810 0.7188
2LP9 2059 2.295 0.2111 0.7656
2LP9 2060 2.281 0.2287 0.7031
2LP9 2061 2.206 0.1640 0.7500
2LP9 2062 1.997 0.2505 0.7656
2LP9 2063 2.135 0.2084 0.7344
2LP9 2064 2.381 0.2209 0.7031
2LP9 2065 1.977 0.1725 0.7813
2LP9 2066 2.397 0.1673 0.7344
2LP9 2067 2.099 0.1565 0.7031
2LP9 2068 2.485 0.2129 0.7031
2LP9 2069 2.581 0.1710 0.7031
2LP9 2070 2.465 0.2195 0.7344
2LP9 2071 2.372 0.2021 0.7188
2LP9 2072 2.231 0.2123 0.7344
2LP9 2073 2.271 0.2037 0.7188
2LP9 2074 2.449 0.1526 0.7344
2LP9 2075 2.528 0.1624 0.7188
2LP9 2076 2.905 0.1629 0.7031
2LP9 2077 2.369 0.1721 0.7188
2LP9 2078 2.050 0.1562 0.7656
2LP9 2079 2.008 0.2238 0.7656
2LP9 2080 2.425 0.2069 0.7344
2LP9 2081 2.051 0.2055 0.7500
2LP9 2082 2.646 0.1578 0.7031
2LP9 2083 2.219 0.1867 0.7031
2LP9 2084 2.146 0.1942 0.7344
2LP9 2085 2.383 0.2504 0.7656
2LP9 2086 1.985 0.1940 0.7500
2LP9 2087 2.293 0.1998 0.7344
2LP9 2088 2.146 0.2332 0.7813
2LP9 2089 2.063 0.2364 0.7500
2LP9 2090 2.162 0.2636 0.7813
2LP9 2091 2.081 0.2171 0.7500
2LP9 2092 1.974 0.2434 0.7813
2LP9 2093 1.922 0.2170 0.8125
2LP9 2094 2.052 0.2084 0.7813
2LP9 2095 2.681 0.1543 0.7031
2LP9 2096 2.069 0.2199 0.7500
2LP9 2097 1.960 0.1930 0.7656
2LP9 2098 1.863 0.2594 0.7813
2LP9 2099 2.038 0.2439 0.8125
2LP9 2100 2.079 0.1522 0.7344
2LP9 2101 2.384 0.2315 0.7813
2LP9 2102 2.300 0.1905 0.7656
2LP9 2103 2.207 0.1812 0.7344
2LP9 2104 1.987 0.2194 0.7813
2LP9 2105 1.690 0.3203 0.8438
2LP9 2106 2.123 0.2443 0.7813
2LP9 2107 2.240 0.2414 0.7500
2LP9 2108 1.806 0.2335 0.8281
2LP9 2109 2.313 0.1949 0.7500
2LP9 2110 1.820 0.2809 0.8125
2LP9 2111 2.025 0.2787 0.7969
2LP9 2112 2.155 0.2651 0.7969
2LP9 2113 2.386 0.2653 0.7969
2LP9 2114 2.174 0.1949 0.7344
2LP9 2115 2.184 0.2390 0.8125
2LP9 2116 2.082 0.1806 0.7344
2LP9 2117 1.976 0.2032 0.8281
2LP9 2118 1.991 0.2128 0.7813
2LP9 2119 2.105 0.2162 0.7344
2LP9 2120 2.200 0.2086 0.7344
2LP9 2121 1.716 0.3092 0.8281
2LP9 2122 1.769 0.2146 0.7969
2LP9 2123 1.796 0.2653 0.8281
2LP9 2124 1.837 0.2604 0.7813
2LP9 2125 1.962 0.1997 0.7656
2LP9 2126 1.946 0.2612 0.8125
2LP9 2127 2.140 0.2086 0.7500
2LP9 2128 2.220 0.2236 0.7656
2LP9 2129 2.153 0.2147 0.7813
2LP9 2130 2.003 0.2615 0.7656
2LP9 2131 2.018 0.2588 0.7969
2LP9 2132 2.024 0.2326 0.7500
2LP9 2133 2.049 0.2652 0.7656
2LP9 2134 2.150 0.2078 0.7969
2LP9 2135 2.075 0.1513 0.7500
2LP9 2136 2.138 0.2119 0.7656
2LP9 2137 2.146 0.2651 0.7656
2LP9 2138 2.411 0.2152 0.7344
2LP9 2139 2.198 0.2378 0.8125
2LP9 2140 2.021 0.2323 0.7500
2LP9 2141 2.171 0.2789 0.7656
2LP9 2142 2.193 0.2042 0.7656
2LP9 2143 2.083 0.2255 0.7656
2LP9 2144 2.034 0.2371 0.7500
2LP9 2145 2.312 0.2139 0.7344
2LP9 2146 2.025 0.2304 0.7656
2LP9 2147 2.354 0.2872 0.7500
2LP9 2148 2.468 0.1976 0.7344
2LP9 2149 2.402 0.1987 0.7500
2LP9 2150 2.531 0.1951 0.7188
2LP9 2151 2.683 0.2253 0.7188
2LP9 2152 2.546 0.1708 0.7188
2LP9 2153 2.334 0.1758 0.7500
2LP9 2154 2.132 0.2312 0.7500
2LP9 2155 2.493 0.2124 0.7188
2LP9 2156 2.139 0.2037 0.7813
2LP9 2157 2.544 0.1708 0.7188
2LP9 2158 2.219 0.2015 0.7656
2LP9 2159 1.985 0.1937 0.7969
2LP9 2160 2.303 0.1894 0.7969
2LP9 2161 2.162 0.1909 0.7656
2LP9 2162 1.886 0.1758 0.7969
2LP9 2163 2.024 0.1894 0.7656
2LP9 2164 2.422 0.2169 0.7344
2LP9 2165 2.307 0.1977 0.7188
2LP9 2166 2.129 0.2142 0.7813
2LP9 2167 2.591 0.1290 0.7031
2LP9 2168 2.414 0.1727 0.7344
2LP9 2169 2.338 0.1177 0.7031
2LP9 2170 2.273 0.1473 0.7656
2LP9 2171 2.326 0.1359 0.7188
2LP9 2172 2.451 0.1409 0.7500
2LP9 2173 2.333 0.2099 0.7656
2LP9 2174 2.226 0.1760 0.7500
2LP9 2175 2.197 0.1423 0.7656
2LP9 2176 2.258 0.1878 0.7813
2LP9 2177 2.491 0.2269 0.7344
2LP9 2178 2.523 0.1430 0.6875
2LP9 2179 2.482 0.2363 0.7188
2LP9 2180 2.807 0.1691 0.7500
2LP9 2181 2.768 0.1786 0.7031
2LP9 2182 2.452 0.2150 0.7188
2LP9 2183 2.307 0.2223 0.7813
2LP9 2184 2.400 0.2412 0.7656
2LP9 2185 2.382 0.2008 0.7500
2LP9 2186 2.506 0.1800 0.7188
2LP9 2187 2.453 0.1846 0.7344
2LP9 2188 2.540 0.1467 0.6875
2LP9 2189 2.614 0.1908 0.7344
2LP9 2190 2.426 0.1234 0.6875
2LP9 2191 2.346 0.1421 0.7500
2LP9 2192 2.105 0.1407 0.7656
2LP9 2193 2.154 0.2302 0.7656
2LP9 2194 2.197 0.1762 0.7656
2LP9 2195 2.111 0.1539 0.7500
2LP9 2196 1.952 0.1598 0.7813
2LP9 2197 2.402 0.1652 0.7500
2LP9 2198 2.291 0.2303 0.7813
2LP9 2199 1.999 0.1867 0.7813
2LP9 2200 2.038 0.1885 0.8125
2LP9 2201 1.771 0.2327 0.8281
2LP9 2202 1.947 0.2086 0.7813
2LP9 2203 2.152 0.1902 0.7813
2LP9 2204 1.967 0.2115 0.7969
2LP9 2205 2.252 0.2477 0.7656
2LP9 2206 2.020 0.2071 0.7813
2LP9 2207 2.549 0.1717 0.7344
2LP9 2208 2.251 0.1875 0.7656
2LP9 2209 2.405 0.2333 0.7344
2LP9 2210 2.391 0.2348 0.7344
2LP9 2211 2.182 0.2155 0.7656
2LP9 2212 2.159 0.2454 0.7500
2LP9 2213 2.223 0.2174 0.7656
2LP9 2214 2.319 0.2430 0.7500
2LP9 2215 2.198 0.1963 0.7656
2LP9 2216 2.256 0.1631 0.7344
2LP9 2217 2.124 0.2904 0.7813
2LP9 2218 2.292 0.3357 0.8125
2LP9 2219 2.700 0.1788 0.7500
2LP9 2220 2.253 0.2002 0.7813
2LP9 2221 2.200 0.2235 0.8125
2LP9 2222 1.894 0.1819 0.7656
2LP9 2223 1.889 0.1783 0.8125
2LP9 2224 2.045 0.1737 0.7656
2LP9 2225 2.283 0.2482 0.7500
2LP9 2226 2.383 0.1795 0.7500
2LP9 2227 2.517 0.2519 0.7656
2LP9 2228 2.634 0.1635 0.7031
2LP9 2229 2.250 0.1660 0.7500
2LP9 2230 2.299 0.1846 0.7344
2LP9 2231 2.446 0.2158 0.7656
2LP9 2232 2.297 0.1805 0.7656
2LP9 2233 2.218 0.2343 0.7656
2LP9 2234 2.413 0.1954 0.7188
2LP9 2235 2.314 0.2141 0.7344
2LP9 2236 2.148 0.1913 0.7500
2LP9 2237 2.383 0.2267 0.7344
2LP9 2238 2.217 0.2275 0.7344
2LP9 2239 2.105 0.2152 0.7500
2LP9 2240 2.455 0.1634 0.7656
2LP9 2241 2.563 0.1672 0.7344
2LP9 2242 2.059 0.2057 0.7969
2LP9 2243 1.995 0.1985 0.7969
2LP9 2244 2.153 0.2127 0.8281
2LP9 2245 2.342 0.1566 0.7344
2LP9 2246 2.126 0.1961 0.7813
2LP9 2247 2.417 0.1874 0.7813
2LP9 2248 2.389 0.2472 0.7969
2LP9 2249 2.210 0.1962 0.7344
2LP9 2250 1.867 0.2155 0.8281
2LP9 2251 2.251 0.1802 0.7813
2LP9 2252 1.809 0.2756 0.8281
2LP9 2253 1.950 0.2142 0.7969
2LP9 2254 2.142 0.2204 0.7813
2LP9 2255 2.043 0.1712 0.7656
2LP9 2256 1.969 0.2066 0.7813
2LP9 2257 2.201 0.2097 0.7813
2LP9 2258 2.313 0.2986 0.7813
2LP9 2259 2.243 0.1763 0.7500
2LP9 2260 1.918 0.2438 0.8125
2LP9 2261 2.216 0.2140 0.7813
2LP9 2262 2.087 0.2738 0.8125
2LP9 2263 2.046 0.2616 0.7969
2LP9 2264 2.340 0.1680 0.7500
2LP9 2265 2.031 0.1779 0.7813
2LP9 2266 2.338 0.2055 0.7500
2LP9 2267 1.978 0.1899 0.7969
2LP9 2268 1.646 0.2307 0.8281
2LP9 2269 1.710 0.2507 0.8281
2LP9 2270 1.930 0.2294 0.8125
2LP9 2271 1.967 0.1823 0.7813
2LP9 2272 1.800 0.3085 0.8750
2LP9 2273 2.097 0.2128 0.8125
2LP9 2274 1.981 0.2018 0.7969
2LP9 2275 1.941 0.2107 0.7969
2LP9 2276 1.879 0.1879 0.8125
2LP9 2277 1.894 0.2239 0.8125
2LP9 2278 2.133 0.1997 0.7656
2LP9 2279 2.091 0.1925 0.7656
2LP9 2280 2.068 0.2432 0.7813
2LP9 2281 2.245 0.1830 0.7813
2LP9 2282 2.110 0.2160 0.7969
2LP9 2283 2.404 0.2362 0.7969
2LP9 2284 1.746 0.3200 0.8438
2LP9 2285 2.068 0.2968 0.7969
2LP9 2286 1.929 0.2916 0.8125
2LP9 2287 1.704 0.2619 0.8594
2LP9 2288 1.981 0.2525 0.8281
2LP9 2289 2.099 0.1831 0.7969
2LP9 2290 1.836 0.2301 0.8125
2LP9 2291 1.925 0.3198 0.7969
2LP9 2292 1.825 0.2572 0.7813
2LP9 2293 1.930 0.2240 0.7813
2LP9 2294 1.746 0.2257 0.7969
2LP9 2295 2.125 0.2022 0.7500
