2M5U 1 0.000 1.0000 1.0000
2M5U 2 1.542 0.4362 0.8636
2M5U 3 1.423 0.6031 0.9091
2M5U 4 1.938 0.3990 0.8636
2M5U 5 1.686 0.4104 0.8977
2M5U 6 1.877 0.3992 0.8523
2M5U 7 1.484 0.5527 0.9091
2M5U 8 0.566 0.6621 0.9886
2M5U 9 1.918 0.3974 0.8409
2M5U 10 0.290 0.8242 1.0000
2M5U 11 1.174 0.4585 0.9205
2M5U 12 1.690 0.5050 0.8977
2M5U 13 0.647 0.5856 0.9773
2M5U 14 1.204 0.4555 0.9091
2M5U 15 1.157 0.4249 0.9091
2M5U 16 4.302 0.1664 0.6023
2M5U 17 9.761 0.1290 0.3409
2M5U 18 3.748 0.2426 0.6818
2M5U 19 9.379 0.1448 0.4318
2M5U 20 8.154 0.1141 0.4659
2M5U 21 8.723 0.1310 0.3864
2M5U 22 7.422 0.1244 0.4205
2M5U 23 7.188 0.1412 0.4886
2M5U 24 7.885 0.1369 0.4091
2M5U 25 8.905 0.1591 0.4659
2M5U 26 5.340 0.1924 0.5795
2M5U 27 3.880 0.1548 0.6477
2M5U 28 3.142 0.1506 0.6477
2M5U 29 1.431 0.3143 0.8523
2M5U 30 3.726 0.2130 0.7159
2M5U 31 6.143 0.2463 0.5795
2M5U 32 3.267 0.2409 0.7159
2M5U 33 5.987 0.1745 0.5455
2M5U 34 2.563 0.2224 0.7500
2M5U 35 3.755 0.2331 0.6932
2M5U 36 2.941 0.2436 0.7159
2M5U 37 6.693 0.1672 0.5455
2M5U 38 3.116 0.1916 0.7045
2M5U 39 2.235 0.2356 0.7841
2M5U 40 2.047 0.2747 0.8182
2M5U 41 2.787 0.2202 0.7386
2M5U 42 3.280 0.1942 0.6705
2M5U 43 2.694 0.2174 0.7386
2M5U 44 2.651 0.2196 0.7386
2M5U 45 2.048 0.2559 0.8068
2M5U 46 3.090 0.2133 0.7273
2M5U 47 2.269 0.2092 0.7386
2M5U 48 2.846 0.1903 0.6818
2M5U 49 2.914 0.2749 0.7500
2M5U 50 3.768 0.2190 0.6705
2M5U 51 2.912 0.2427 0.7614
2M5U 52 3.094 0.1859 0.7045
2M5U 53 2.850 0.2056 0.7045
2M5U 54 2.087 0.2046 0.7500
2M5U 55 2.111 0.2430 0.7614
2M5U 56 5.315 0.1939 0.6136
2M5U 57 11.017 0.1375 0.3864
2M5U 58 9.740 0.0794 0.3523
2M5U 59 4.252 0.0893 0.5341
2M5U 60 8.315 0.1469 0.4659
2M5U 61 5.725 0.1027 0.4659
2M5U 62 9.498 0.2027 0.4091
2M5U 63 5.178 0.1973 0.6136
2M5U 64 10.795 0.1337 0.4432
2M5U 65 10.312 0.1381 0.3295
2M5U 66 5.995 0.1973 0.5795
2M5U 67 4.638 0.1943 0.6477
2M5U 68 10.095 0.1197 0.4205
2M5U 69 6.444 0.1277 0.4773
2M5U 70 5.104 0.1923 0.5909
2M5U 71 4.904 0.1997 0.6364
2M5U 72 3.342 0.2083 0.7045
2M5U 73 5.080 0.2122 0.6705
2M5U 74 8.130 0.1516 0.4773
2M5U 75 8.179 0.1695 0.5114
2M5U 76 5.076 0.2070 0.6477
2M5U 77 2.927 0.2089 0.7273
2M5U 78 1.673 0.2326 0.8068
2M5U 79 6.969 0.1887 0.5568
2M5U 80 2.614 0.2793 0.7841
2M5U 81 2.596 0.2239 0.7500
2M5U 82 3.866 0.2287 0.6818
2M5U 83 2.326 0.2162 0.7500
2M5U 84 3.049 0.2310 0.7386
2M5U 85 2.318 0.1933 0.7273
2M5U 86 3.291 0.1655 0.6705
2M5U 87 3.185 0.2198 0.7045
2M5U 88 1.903 0.2371 0.7727
2M5U 89 3.237 0.2302 0.7045
2M5U 90 2.530 0.1939 0.7045
2M5U 91 2.634 0.1922 0.7273
2M5U 92 1.989 0.2313 0.7841
2M5U 93 3.040 0.2370 0.7386
2M5U 94 2.574 0.2413 0.7614
2M5U 95 3.734 0.2297 0.6818
2M5U 96 9.956 0.1192 0.3864
2M5U 97 8.257 0.0923 0.3523
2M5U 98 8.558 0.1726 0.5000
2M5U 99 10.151 0.2009 0.5114
2M5U 100 8.946 0.1224 0.3409
2M5U 101 3.815 0.1975 0.6818
2M5U 102 5.080 0.2396 0.6477
2M5U 103 5.580 0.1352 0.5682
2M5U 104 9.317 0.1696 0.4659
2M5U 105 3.672 0.2197 0.6818
2M5U 106 4.043 0.1627 0.5795
2M5U 107 6.391 0.1687 0.5114
2M5U 108 8.997 0.1299 0.4205
2M5U 109 12.124 0.1299 0.3750
2M5U 110 8.225 0.1793 0.5455
2M5U 111 3.156 0.2273 0.6818
2M5U 112 5.567 0.2409 0.6250
2M5U 113 4.283 0.2384 0.7045
2M5U 114 3.556 0.1939 0.6932
2M5U 115 3.741 0.2001 0.6705
2M5U 116 3.204 0.1868 0.6932
2M5U 117 3.176 0.2338 0.7159
2M5U 118 2.916 0.2468 0.7386
2M5U 119 6.903 0.1618 0.5114
2M5U 120 3.244 0.2310 0.7159
2M5U 121 2.587 0.2939 0.7727
2M5U 122 2.854 0.2351 0.7273
2M5U 123 2.827 0.2379 0.7614
2M5U 124 2.951 0.2303 0.7727
2M5U 125 3.139 0.2164 0.7159
2M5U 126 3.831 0.1980 0.6591
2M5U 127 2.941 0.2383 0.7500
2M5U 128 2.425 0.2737 0.7841
2M5U 129 3.029 0.2105 0.7273
2M5U 130 3.761 0.1869 0.6477
2M5U 131 2.982 0.2265 0.7159
2M5U 132 2.139 0.2653 0.7841
2M5U 133 2.473 0.2026 0.7386
2M5U 134 3.001 0.2307 0.7273
2M5U 135 2.335 0.2497 0.7614
2M5U 136 3.108 0.1933 0.7045
2M5U 137 9.497 0.1134 0.3977
2M5U 138 6.496 0.1104 0.4886
2M5U 139 6.832 0.1532 0.4886
2M5U 140 8.865 0.1123 0.3750
2M5U 141 4.619 0.2696 0.6932
2M5U 142 7.495 0.1716 0.5455
2M5U 143 8.305 0.1469 0.4545
2M5U 144 8.931 0.2043 0.4773
2M5U 145 8.475 0.1084 0.3864
2M5U 146 4.056 0.2291 0.6364
2M5U 147 8.206 0.2094 0.4659
2M5U 148 12.433 0.1183 0.3977
2M5U 149 6.925 0.1565 0.4886
2M5U 150 5.190 0.1321 0.5568
2M5U 151 3.754 0.2020 0.6705
2M5U 152 4.020 0.2284 0.7159
2M5U 153 4.161 0.1788 0.6250
2M5U 154 3.595 0.2390 0.7500
2M5U 155 4.612 0.1657 0.6250
2M5U 156 4.199 0.1918 0.6818
2M5U 157 3.298 0.2206 0.6932
2M5U 158 5.346 0.1708 0.6477
2M5U 159 4.211 0.1370 0.5568
2M5U 160 2.771 0.1800 0.6818
2M5U 161 2.356 0.2985 0.8068
2M5U 162 5.252 0.1518 0.6136
2M5U 163 3.387 0.2194 0.7159
2M5U 164 7.084 0.1785 0.5341
2M5U 165 2.843 0.1905 0.7159
2M5U 166 3.575 0.2343 0.7045
2M5U 167 2.254 0.2404 0.7841
2M5U 168 2.886 0.2137 0.6932
2M5U 169 3.473 0.1952 0.6591
2M5U 170 2.113 0.2391 0.7841
2M5U 171 2.522 0.2102 0.7386
2M5U 172 3.511 0.2179 0.7045
2M5U 173 2.449 0.2536 0.8068
2M5U 174 3.482 0.2346 0.6818
2M5U 175 2.560 0.2390 0.7727
2M5U 176 6.693 0.1551 0.5114
2M5U 177 10.902 0.1415 0.3523
2M5U 178 5.226 0.1178 0.5114
2M5U 179 8.346 0.1657 0.4318
2M5U 180 3.351 0.2175 0.7273
2M5U 181 5.954 0.2304 0.5909
2M5U 182 6.942 0.1698 0.5227
2M5U 183 12.194 0.0945 0.3295
2M5U 184 7.354 0.1373 0.5114
2M5U 185 2.829 0.1842 0.7386
2M5U 186 5.799 0.1989 0.5909
2M5U 187 4.970 0.1045 0.5341
2M5U 188 5.462 0.2048 0.5795
2M5U 189 3.847 0.1880 0.6591
2M5U 190 2.554 0.1687 0.6705
2M5U 191 4.358 0.2203 0.6477
2M5U 192 4.384 0.2209 0.6932
2M5U 193 7.908 0.1581 0.5227
2M5U 194 3.962 0.1607 0.6136
2M5U 195 4.917 0.2452 0.6477
2M5U 196 4.144 0.1835 0.6591
2M5U 197 3.441 0.2560 0.7159
2M5U 198 2.854 0.2291 0.7386
2M5U 199 4.224 0.1518 0.6023
2M5U 200 3.699 0.2415 0.6818
2M5U 201 3.591 0.2200 0.6932
2M5U 202 3.198 0.2555 0.7159
2M5U 203 2.444 0.2211 0.7500
2M5U 204 3.138 0.2494 0.7273
2M5U 205 2.998 0.2126 0.7386
2M5U 206 2.707 0.2182 0.7159
2M5U 207 2.643 0.2320 0.7273
2M5U 208 3.777 0.2692 0.7045
2M5U 209 3.218 0.2348 0.7159
2M5U 210 3.063 0.1764 0.6932
2M5U 211 1.909 0.2170 0.7614
2M5U 212 2.862 0.2501 0.7386
2M5U 213 3.072 0.2306 0.6932
2M5U 214 2.797 0.2100 0.7159
2M5U 215 2.642 0.2603 0.7614
2M5U 216 6.347 0.1045 0.4545
2M5U 217 7.455 0.1185 0.4205
2M5U 218 9.012 0.1271 0.3523
2M5U 219 11.265 0.0851 0.3295
2M5U 220 8.801 0.1554 0.4773
2M5U 221 8.948 0.1517 0.4545
2M5U 222 9.921 0.1710 0.4432
2M5U 223 4.724 0.1832 0.6250
2M5U 224 9.900 0.1253 0.3750
2M5U 225 9.129 0.1309 0.4091
2M5U 226 5.948 0.0954 0.4886
2M5U 227 7.789 0.1381 0.4659
2M5U 228 9.387 0.0986 0.3409
2M5U 229 5.119 0.1413 0.5227
2M5U 230 5.070 0.2448 0.6477
2M5U 231 8.590 0.2255 0.4205
2M5U 232 4.430 0.2036 0.6818
2M5U 233 3.514 0.2235 0.7045
2M5U 234 7.416 0.2015 0.5114
2M5U 235 6.934 0.1993 0.5909
2M5U 236 5.916 0.2415 0.6364
2M5U 237 7.052 0.1928 0.5227
2M5U 238 3.303 0.2482 0.7614
2M5U 239 5.808 0.2174 0.6364
2M5U 240 5.061 0.2455 0.6477
2M5U 241 6.670 0.2153 0.6250
2M5U 242 2.562 0.2142 0.7159
2M5U 243 2.316 0.2639 0.7841
2M5U 244 4.895 0.2349 0.6477
2M5U 245 4.321 0.2565 0.7386
2M5U 246 3.218 0.2596 0.7841
2M5U 247 3.483 0.2373 0.6932
2M5U 248 2.419 0.2567 0.7955
2M5U 249 7.844 0.2273 0.6705
2M5U 250 3.117 0.2454 0.7386
2M5U 251 3.807 0.2338 0.6932
2M5U 252 1.816 0.2450 0.7727
2M5U 253 3.135 0.2105 0.7159
2M5U 254 3.427 0.2046 0.7159
2M5U 255 3.107 0.2105 0.7159
2M5U 256 6.173 0.1128 0.5341
2M5U 257 8.557 0.1035 0.3068
2M5U 258 7.965 0.1747 0.4545
2M5U 259 7.648 0.1293 0.4318
2M5U 260 8.705 0.1831 0.4432
2M5U 261 5.607 0.1286 0.4886
2M5U 262 11.109 0.1855 0.4886
2M5U 263 10.694 0.1372 0.3750
2M5U 264 4.977 0.1965 0.6136
2M5U 265 5.649 0.2124 0.6705
2M5U 266 7.833 0.1862 0.5227
2M5U 267 6.562 0.1543 0.5341
2M5U 268 9.918 0.2181 0.5682
2M5U 269 3.238 0.2064 0.6818
2M5U 270 3.456 0.1945 0.6705
2M5U 271 7.483 0.1901 0.5455
2M5U 272 3.285 0.1916 0.7159
2M5U 273 4.280 0.2195 0.7159
2M5U 274 6.544 0.1725 0.6023
2M5U 275 5.650 0.1943 0.5568
2M5U 276 8.007 0.1732 0.5000
2M5U 277 5.492 0.2257 0.6364
2M5U 278 4.028 0.2048 0.6818
2M5U 279 7.163 0.1147 0.4432
2M5U 280 3.315 0.2114 0.7273
2M5U 281 3.277 0.3010 0.7727
2M5U 282 4.155 0.2120 0.7045
2M5U 283 4.034 0.2631 0.7727
2M5U 284 4.632 0.2465 0.6932
2M5U 285 3.052 0.1755 0.6818
2M5U 286 3.443 0.2032 0.6932
2M5U 287 2.607 0.2003 0.7500
2M5U 288 4.958 0.2220 0.6818
2M5U 289 4.498 0.2386 0.6932
2M5U 290 4.827 0.2265 0.7045
2M5U 291 2.993 0.1910 0.6932
2M5U 292 3.549 0.2238 0.6705
2M5U 293 3.575 0.1503 0.6477
2M5U 294 3.197 0.2105 0.7045
2M5U 295 3.093 0.2128 0.7159
2M5U 296 3.417 0.1921 0.6818
2M5U 297 8.814 0.0913 0.3409
2M5U 298 8.434 0.1053 0.4205
2M5U 299 9.996 0.1275 0.3523
2M5U 300 7.071 0.1239 0.4886
2M5U 301 8.539 0.1249 0.5000
2M5U 302 6.811 0.1630 0.5682
2M5U 303 5.164 0.1336 0.5909
2M5U 304 10.651 0.1382 0.4659
2M5U 305 3.375 0.2627 0.7159
2M5U 306 9.529 0.1302 0.3864
2M5U 307 5.554 0.1629 0.5909
2M5U 308 5.488 0.2078 0.6818
2M5U 309 6.573 0.1488 0.5682
2M5U 310 10.109 0.1272 0.3523
2M5U 311 8.013 0.1071 0.4091
2M5U 312 7.190 0.1585 0.6250
2M5U 313 5.014 0.1721 0.5909
2M5U 314 7.325 0.1618 0.5227
2M5U 315 4.078 0.1669 0.6136
2M5U 316 2.249 0.2151 0.7614
2M5U 317 10.175 0.1291 0.3864
2M5U 318 4.980 0.2157 0.6705
2M5U 319 2.739 0.2212 0.7273
2M5U 320 2.372 0.2079 0.7159
2M5U 321 2.264 0.2110 0.7500
2M5U 322 2.817 0.1878 0.6932
2M5U 323 2.549 0.1760 0.7045
2M5U 324 3.742 0.1660 0.6250
2M5U 325 2.346 0.2349 0.7614
2M5U 326 2.523 0.2289 0.7500
2M5U 327 2.893 0.2025 0.7273
2M5U 328 2.881 0.2140 0.7386
2M5U 329 2.315 0.2196 0.7386
2M5U 330 3.134 0.2121 0.6818
2M5U 331 2.545 0.1792 0.7273
2M5U 332 3.442 0.1619 0.6591
2M5U 333 3.477 0.2142 0.6705
2M5U 334 2.785 0.1723 0.6818
2M5U 335 2.966 0.1857 0.7159
2M5U 336 10.216 0.0912 0.3068
2M5U 337 6.191 0.1663 0.6023
2M5U 338 6.971 0.1462 0.5455
2M5U 339 10.510 0.1162 0.3636
2M5U 340 3.093 0.1863 0.6932
2M5U 341 9.248 0.1634 0.5568
2M5U 342 4.478 0.1842 0.6818
2M5U 343 5.330 0.1761 0.6136
2M5U 344 10.119 0.1387 0.5114
2M5U 345 4.458 0.1767 0.6250
2M5U 346 9.277 0.1323 0.3864
2M5U 347 6.654 0.1610 0.5341
2M5U 348 2.193 0.2138 0.7273
2M5U 349 5.410 0.1786 0.6364
2M5U 350 6.163 0.1085 0.5000
2M5U 351 4.496 0.1772 0.6477
2M5U 352 6.538 0.1635 0.6023
2M5U 353 6.584 0.1890 0.5795
2M5U 354 4.484 0.1986 0.6932
2M5U 355 2.645 0.2157 0.7386
2M5U 356 4.263 0.1873 0.6023
2M5U 357 3.529 0.1842 0.6818
2M5U 358 2.334 0.2105 0.7500
2M5U 359 4.442 0.2093 0.6591
2M5U 360 4.190 0.2162 0.6136
2M5U 361 3.236 0.1737 0.6705
2M5U 362 2.462 0.2072 0.7273
2M5U 363 1.957 0.2377 0.7841
2M5U 364 4.832 0.1373 0.5682
2M5U 365 3.009 0.1826 0.6818
2M5U 366 5.765 0.1355 0.5682
2M5U 367 2.523 0.2256 0.7386
2M5U 368 2.903 0.2009 0.7159
2M5U 369 2.562 0.1903 0.7159
2M5U 370 3.406 0.2003 0.7273
2M5U 371 2.743 0.1999 0.7273
2M5U 372 2.848 0.2109 0.7273
2M5U 373 4.310 0.1585 0.6477
2M5U 374 2.410 0.1978 0.7386
2M5U 375 3.023 0.2151 0.6818
2M5U 376 7.716 0.0982 0.3977
2M5U 377 8.239 0.1324 0.4091
2M5U 378 8.646 0.1549 0.5227
2M5U 379 10.360 0.1257 0.3523
2M5U 380 11.062 0.1345 0.3864
2M5U 381 3.217 0.1985 0.7045
2M5U 382 5.430 0.1362 0.5341
2M5U 383 4.373 0.1977 0.6136
2M5U 384 10.538 0.1096 0.4091
2M5U 385 7.583 0.1289 0.4318
2M5U 386 3.625 0.2151 0.6250
2M5U 387 5.351 0.1539 0.5455
2M5U 388 3.307 0.2254 0.7159
2M5U 389 6.225 0.1734 0.5909
2M5U 390 7.413 0.1728 0.5455
2M5U 391 4.147 0.1798 0.6250
2M5U 392 9.939 0.1158 0.4205
2M5U 393 2.643 0.2086 0.7386
2M5U 394 4.675 0.2027 0.6364
2M5U 395 5.194 0.1741 0.6250
2M5U 396 2.359 0.2050 0.7500
2M5U 397 4.866 0.1621 0.6136
2M5U 398 3.216 0.1897 0.6932
2M5U 399 4.565 0.1717 0.6023
2M5U 400 4.293 0.1698 0.6250
2M5U 401 4.585 0.2060 0.6364
2M5U 402 5.343 0.2166 0.6364
2M5U 403 3.677 0.1875 0.6364
2M5U 404 3.036 0.1866 0.6705
2M5U 405 3.068 0.1785 0.7045
2M5U 406 4.648 0.1741 0.6136
2M5U 407 2.308 0.1852 0.7273
2M5U 408 2.650 0.2126 0.7500
2M5U 409 2.868 0.2118 0.7386
2M5U 410 2.523 0.1971 0.7500
2M5U 411 2.323 0.2373 0.7273
2M5U 412 4.737 0.1664 0.6477
2M5U 413 2.594 0.2351 0.7273
2M5U 414 3.077 0.1902 0.7045
2M5U 415 3.333 0.1788 0.6364
2M5U 416 1.446 0.2669 0.8295
2M5U 417 1.575 0.2167 0.8182
2M5U 418 1.513 0.2563 0.8409
2M5U 419 1.515 0.2550 0.8523
2M5U 420 1.562 0.2415 0.8409
2M5U 421 1.462 0.2594 0.8409
2M5U 422 1.469 0.2428 0.8409
2M5U 423 1.468 0.2360 0.8295
2M5U 424 1.476 0.2401 0.8295
2M5U 425 1.481 0.2374 0.8295
2M5U 426 1.486 0.2382 0.8295
2M5U 427 1.482 0.2394 0.8295
2M5U 428 1.483 0.2378 0.8295
2M5U 429 1.494 0.2386 0.8295
2M5U 430 1.483 0.2393 0.8295
2M5U 431 1.488 0.2399 0.8295
2M5U 432 1.492 0.2384 0.8295
2M5U 433 1.493 0.2407 0.8295
2M5U 434 1.496 0.2395 0.8295
2M5U 435 1.491 0.2372 0.8295
2M5U 436 1.506 0.2328 0.8295
2M5U 437 1.505 0.2360 0.8295
2M5U 438 1.508 0.2384 0.8295
2M5U 439 1.480 0.2396 0.8295
2M5U 440 1.479 0.2401 0.8295
2M5U 441 1.501 0.2359 0.8295
2M5U 442 1.490 0.2370 0.8295
2M5U 443 1.496 0.2363 0.8295
2M5U 444 1.495 0.2404 0.8295
2M5U 445 1.487 0.2363 0.8295
2M5U 446 1.497 0.2359 0.8295
2M5U 447 1.501 0.2386 0.8295
2M5U 448 1.468 0.2412 0.8295
2M5U 449 1.501 0.2351 0.8295
2M5U 450 1.480 0.2403 0.8295
2M5U 451 1.493 0.2415 0.8295
2M5U 452 1.496 0.2315 0.8295
2M5U 453 1.488 0.2382 0.8295
2M5U 454 1.488 0.2430 0.8295
2M5U 455 1.450 0.2459 0.8409
2M5U 456 1.486 0.2375 0.8295
2M5U 457 1.494 0.2476 0.8295
2M5U 458 1.484 0.2466 0.8295
2M5U 459 1.492 0.2370 0.8295
2M5U 460 1.473 0.2423 0.8409
2M5U 461 1.450 0.2398 0.8523
2M5U 462 1.414 0.2484 0.8409
2M5U 463 1.444 0.2458 0.8409
2M5U 464 1.459 0.2342 0.8295
2M5U 465 1.437 0.2430 0.8409
2M5U 466 1.451 0.2370 0.8523
2M5U 467 1.504 0.2355 0.8409
2M5U 468 1.492 0.2410 0.8409
2M5U 469 1.525 0.2345 0.8295
2M5U 470 1.496 0.2513 0.8409
2M5U 471 1.532 0.2327 0.8295
2M5U 472 1.497 0.2377 0.8409
2M5U 473 1.505 0.2334 0.8409
2M5U 474 1.523 0.2422 0.8409
2M5U 475 1.495 0.2442 0.8409
2M5U 476 1.532 0.2393 0.8295
2M5U 477 1.514 0.2415 0.8409
2M5U 478 1.494 0.2397 0.8409
2M5U 479 1.482 0.2528 0.8409
2M5U 480 1.503 0.2268 0.8295
2M5U 481 1.496 0.2399 0.8409
2M5U 482 1.505 0.2402 0.8295
2M5U 483 1.522 0.2400 0.8409
2M5U 484 1.511 0.2431 0.8409
2M5U 485 1.535 0.2322 0.8295
2M5U 486 1.505 0.2403 0.8409
2M5U 487 1.514 0.2371 0.8409
2M5U 488 1.516 0.2348 0.8409
2M5U 489 1.477 0.2362 0.8409
2M5U 490 1.564 0.2296 0.8182
2M5U 491 1.550 0.2410 0.8182
2M5U 492 1.542 0.2402 0.8182
2M5U 493 1.577 0.2239 0.8182
2M5U 494 1.549 0.2377 0.8182
2M5U 495 1.555 0.2301 0.8295
2M5U 496 1.567 0.2226 0.8182
2M5U 497 1.553 0.2435 0.8295
2M5U 498 1.562 0.2335 0.8182
2M5U 499 1.557 0.2350 0.8295
2M5U 500 1.510 0.2471 0.8295
2M5U 501 1.525 0.2479 0.8295
2M5U 502 1.522 0.2472 0.8295
2M5U 503 1.544 0.2482 0.8295
2M5U 504 1.537 0.2364 0.8295
2M5U 505 1.546 0.2390 0.8295
2M5U 506 1.514 0.2440 0.8409
2M5U 507 1.510 0.2492 0.8295
2M5U 508 1.501 0.2340 0.8409
2M5U 509 1.509 0.2333 0.8182
2M5U 510 1.479 0.2424 0.8295
2M5U 511 1.473 0.2533 0.8295
2M5U 512 1.523 0.2329 0.8068
2M5U 513 1.472 0.2285 0.8295
2M5U 514 1.524 0.2343 0.8295
2M5U 515 1.476 0.2481 0.8409
2M5U 516 1.488 0.2454 0.8409
2M5U 517 1.518 0.2312 0.8295
2M5U 518 1.470 0.2470 0.8295
2M5U 519 1.461 0.2522 0.8295
2M5U 520 1.497 0.2435 0.8295
2M5U 521 1.470 0.2531 0.8295
2M5U 522 1.533 0.2359 0.8409
2M5U 523 1.473 0.2613 0.8409
2M5U 524 1.499 0.2616 0.8295
2M5U 525 1.511 0.2529 0.8409
2M5U 526 1.454 0.2605 0.8409
2M5U 527 1.466 0.2498 0.8409
2M5U 528 1.423 0.2655 0.8523
2M5U 529 1.476 0.2472 0.8523
2M5U 530 1.429 0.2644 0.8523
2M5U 531 1.446 0.2620 0.8523
2M5U 532 1.451 0.2593 0.8409
2M5U 533 1.469 0.2648 0.8409
2M5U 534 1.470 0.2659 0.8409
2M5U 535 1.395 0.2871 0.8523
2M5U 536 1.415 0.2817 0.8523
2M5U 537 1.397 0.2867 0.8636
2M5U 538 1.393 0.3023 0.8523
2M5U 539 1.398 0.3091 0.8409
2M5U 540 1.416 0.3059 0.8864
2M5U 541 1.455 0.2797 0.8636
2M5U 542 1.438 0.2757 0.8636
2M5U 543 1.439 0.2850 0.8523
2M5U 544 1.411 0.2877 0.8409
2M5U 545 1.374 0.2972 0.8523
2M5U 546 1.486 0.2847 0.8523
2M5U 547 1.491 0.2673 0.8409
2M5U 548 1.430 0.2945 0.8636
2M5U 549 1.361 0.2947 0.8750
2M5U 550 1.426 0.2908 0.8409
2M5U 551 1.376 0.3021 0.8523
2M5U 552 1.417 0.2982 0.8523
2M5U 553 1.452 0.3131 0.8409
2M5U 554 1.523 0.2836 0.8409
2M5U 555 1.516 0.2753 0.8295
2M5U 556 1.477 0.2792 0.8636
2M5U 557 1.428 0.2582 0.8523
2M5U 558 1.506 0.2740 0.8409
2M5U 559 1.570 0.2536 0.8295
2M5U 560 1.425 0.2711 0.8523
2M5U 561 1.435 0.2921 0.8636
2M5U 562 1.466 0.2758 0.8523
2M5U 563 1.528 0.2841 0.8295
2M5U 564 1.524 0.2555 0.8295
2M5U 565 1.573 0.2521 0.8182
2M5U 566 1.452 0.2800 0.8523
2M5U 567 1.504 0.2775 0.8409
2M5U 568 1.471 0.2801 0.8295
2M5U 569 1.483 0.2686 0.8182
2M5U 570 1.505 0.2570 0.8295
2M5U 571 1.341 0.2947 0.8636
2M5U 572 1.452 0.2978 0.8409
2M5U 573 1.487 0.2536 0.8409
2M5U 574 1.451 0.2733 0.8523
2M5U 575 1.488 0.2682 0.8409
2M5U 576 1.444 0.2633 0.8409
2M5U 577 1.475 0.2872 0.8409
2M5U 578 1.472 0.2899 0.8409
2M5U 579 1.477 0.2800 0.8295
2M5U 580 1.477 0.2628 0.8409
2M5U 581 1.487 0.2922 0.8409
2M5U 582 1.501 0.2945 0.8409
2M5U 583 1.509 0.2752 0.8295
2M5U 584 1.522 0.2839 0.8295
2M5U 585 1.554 0.2805 0.8295
2M5U 586 1.565 0.2803 0.8295
2M5U 587 1.483 0.2750 0.8409
2M5U 588 1.579 0.2788 0.8068
2M5U 589 1.548 0.2732 0.8295
2M5U 590 1.558 0.2777 0.8182
2M5U 591 1.559 0.2669 0.8182
2M5U 592 1.598 0.2845 0.8068
2M5U 593 1.569 0.2810 0.8182
2M5U 594 1.484 0.2694 0.8409
2M5U 595 1.587 0.2591 0.8182
2M5U 596 1.495 0.2930 0.8409
2M5U 597 1.488 0.2851 0.8409
2M5U 598 1.510 0.2836 0.8182
2M5U 599 1.488 0.2760 0.8523
2M5U 600 1.605 0.2884 0.8068
2M5U 601 1.502 0.2581 0.8182
2M5U 602 1.543 0.2913 0.8409
2M5U 603 1.517 0.2562 0.8182
2M5U 604 1.429 0.2825 0.8295
2M5U 605 1.471 0.2725 0.8295
2M5U 606 1.430 0.2841 0.8523
2M5U 607 1.573 0.2691 0.8068
2M5U 608 1.516 0.2712 0.8409
2M5U 609 1.564 0.2560 0.8182
2M5U 610 1.457 0.2886 0.8523
2M5U 611 1.514 0.2712 0.8295
2M5U 612 1.522 0.2835 0.8409
2M5U 613 1.546 0.2761 0.8295
2M5U 614 1.513 0.2445 0.8182
2M5U 615 1.571 0.2751 0.8068
2M5U 616 1.526 0.2908 0.8409
2M5U 617 1.560 0.2541 0.8295
2M5U 618 1.544 0.2712 0.8295
2M5U 619 1.539 0.2659 0.8182
2M5U 620 1.480 0.2513 0.8295
2M5U 621 1.592 0.2228 0.7841
2M5U 622 1.501 0.2761 0.8295
2M5U 623 1.499 0.2771 0.8295
2M5U 624 1.483 0.2937 0.8295
2M5U 625 1.518 0.2777 0.8409
2M5U 626 1.555 0.2861 0.8068
2M5U 627 1.552 0.3129 0.8182
2M5U 628 1.553 0.2877 0.8068
2M5U 629 1.553 0.2764 0.8295
2M5U 630 1.488 0.2641 0.8295
2M5U 631 1.496 0.2845 0.8409
2M5U 632 1.519 0.2963 0.8295
2M5U 633 1.534 0.2932 0.8409
2M5U 634 1.508 0.2931 0.8409
2M5U 635 1.456 0.2785 0.8409
2M5U 636 1.479 0.2641 0.8182
2M5U 637 1.509 0.2958 0.8295
2M5U 638 1.496 0.2766 0.8295
2M5U 639 1.411 0.2579 0.8409
2M5U 640 1.411 0.2490 0.8409
2M5U 641 1.472 0.2669 0.8182
2M5U 642 1.453 0.2906 0.8409
2M5U 643 1.475 0.2834 0.8182
2M5U 644 1.503 0.2940 0.8409
2M5U 645 1.526 0.2768 0.8182
2M5U 646 1.515 0.2584 0.8409
2M5U 647 1.429 0.2935 0.8523
2M5U 648 1.421 0.2947 0.8636
2M5U 649 1.492 0.2892 0.8295
2M5U 650 1.514 0.2922 0.8182
2M5U 651 1.437 0.3191 0.8523
2M5U 652 1.450 0.2831 0.8295
2M5U 653 1.557 0.2556 0.8409
2M5U 654 1.620 0.2743 0.8182
2M5U 655 1.665 0.2514 0.8068
2M5U 656 1.896 0.2219 0.7841
2M5U 657 1.848 0.2325 0.8068
2M5U 658 1.829 0.2370 0.8068
2M5U 659 1.689 0.2220 0.7955
2M5U 660 1.704 0.2291 0.8068
2M5U 661 1.685 0.2275 0.7955
2M5U 662 1.919 0.2224 0.7955
2M5U 663 1.755 0.2322 0.8068
2M5U 664 1.599 0.2465 0.8182
2M5U 665 1.872 0.2264 0.7955
2M5U 666 1.701 0.2462 0.8068
2M5U 667 1.718 0.2387 0.7955
2M5U 668 1.748 0.2159 0.8068
2M5U 669 1.753 0.2261 0.8068
2M5U 670 1.749 0.2209 0.8182
2M5U 671 1.906 0.2180 0.7841
2M5U 672 1.816 0.2324 0.8182
2M5U 673 1.923 0.2363 0.8068
2M5U 674 1.848 0.2425 0.8068
2M5U 675 1.711 0.2436 0.8182
2M5U 676 1.800 0.2414 0.8068
2M5U 677 1.801 0.2264 0.7955
2M5U 678 1.944 0.2114 0.7841
2M5U 679 1.987 0.2265 0.8068
2M5U 680 1.875 0.2051 0.7955
2M5U 681 1.718 0.2447 0.8068
2M5U 682 1.826 0.2402 0.7955
2M5U 683 1.979 0.2124 0.8068
2M5U 684 1.916 0.2474 0.7955
2M5U 685 1.827 0.2328 0.8068
2M5U 686 1.822 0.2382 0.8068
2M5U 687 1.927 0.2346 0.7841
2M5U 688 1.819 0.2026 0.7955
2M5U 689 1.961 0.2010 0.7955
2M5U 690 1.954 0.2117 0.7841
2M5U 691 1.788 0.2263 0.7841
2M5U 692 1.857 0.2394 0.7955
2M5U 693 1.916 0.2625 0.8068
2M5U 694 1.762 0.2342 0.7955
2M5U 695 1.732 0.2388 0.7955
2M5U 696 1.702 0.2356 0.8068
2M5U 697 1.915 0.2208 0.7841
2M5U 698 1.793 0.2217 0.7955
2M5U 699 1.769 0.2189 0.7955
2M5U 700 1.883 0.2191 0.7841
2M5U 701 1.921 0.2349 0.7955
2M5U 702 1.739 0.2303 0.7955
2M5U 703 1.668 0.2424 0.8068
2M5U 704 1.855 0.2479 0.8068
2M5U 705 2.025 0.2632 0.7955
2M5U 706 1.911 0.2384 0.8068
2M5U 707 1.658 0.2383 0.8068
2M5U 708 1.674 0.2269 0.8068
2M5U 709 1.889 0.2136 0.7841
2M5U 710 1.844 0.2254 0.7841
2M5U 711 1.898 0.2439 0.7841
2M5U 712 1.894 0.2259 0.8068
2M5U 713 1.826 0.2302 0.7955
2M5U 714 1.763 0.2299 0.8068
2M5U 715 1.737 0.2476 0.7955
2M5U 716 1.838 0.2210 0.7955
2M5U 717 1.803 0.2144 0.7955
2M5U 718 1.947 0.2221 0.7841
2M5U 719 1.952 0.2034 0.7727
2M5U 720 1.877 0.2209 0.7841
2M5U 721 1.790 0.2094 0.8068
2M5U 722 1.926 0.2207 0.7841
2M5U 723 1.860 0.2154 0.8068
2M5U 724 1.785 0.2257 0.7955
2M5U 725 1.863 0.2523 0.7955
2M5U 726 1.827 0.2170 0.8068
2M5U 727 1.744 0.2499 0.8068
2M5U 728 1.658 0.2378 0.8182
2M5U 729 1.894 0.2213 0.7955
2M5U 730 1.940 0.2572 0.7841
2M5U 731 1.792 0.2712 0.8182
2M5U 732 1.721 0.2214 0.7955
2M5U 733 1.892 0.2218 0.7841
2M5U 734 2.079 0.2035 0.7841
2M5U 735 1.985 0.2127 0.7727
2M5U 736 1.770 0.2203 0.8182
2M5U 737 1.917 0.2100 0.7955
2M5U 738 1.895 0.2145 0.7841
2M5U 739 1.899 0.2202 0.8068
2M5U 740 2.023 0.1833 0.7955
2M5U 741 1.970 0.2050 0.7727
2M5U 742 1.820 0.2131 0.7955
2M5U 743 1.806 0.2340 0.7955
2M5U 744 1.785 0.2422 0.8182
2M5U 745 2.012 0.2154 0.7727
2M5U 746 1.905 0.2447 0.8068
2M5U 747 1.718 0.2173 0.8068
2M5U 748 1.776 0.2492 0.8182
2M5U 749 1.846 0.2194 0.7841
2M5U 750 1.843 0.2239 0.7955
2M5U 751 1.693 0.2458 0.8182
2M5U 752 1.869 0.2268 0.8068
2M5U 753 2.039 0.2793 0.7955
2M5U 754 1.938 0.2300 0.7955
2M5U 755 1.728 0.2386 0.8182
2M5U 756 1.755 0.2358 0.8068
2M5U 757 2.009 0.2321 0.7955
2M5U 758 1.987 0.2477 0.7955
2M5U 759 1.895 0.2216 0.7955
2M5U 760 1.833 0.2222 0.7955
2M5U 761 1.698 0.2313 0.8182
2M5U 762 1.780 0.2178 0.7955
2M5U 763 1.646 0.2235 0.8182
2M5U 764 1.810 0.2363 0.7955
2M5U 765 1.796 0.2467 0.7841
2M5U 766 1.769 0.2297 0.8068
2M5U 767 1.712 0.1981 0.7955
2M5U 768 2.002 0.2094 0.7727
2M5U 769 1.761 0.3104 0.8295
2M5U 770 1.633 0.2499 0.8182
2M5U 771 1.927 0.2461 0.7841
2M5U 772 1.805 0.2580 0.8068
2M5U 773 1.653 0.2426 0.8182
2M5U 774 1.696 0.2378 0.8068
2M5U 775 1.910 0.2390 0.7955
2M5U 776 1.752 0.2303 0.8182
2M5U 777 1.627 0.2525 0.8182
2M5U 778 1.763 0.2343 0.8068
2M5U 779 1.922 0.2331 0.7841
2M5U 780 1.970 0.2487 0.7841
2M5U 781 1.817 0.2680 0.8068
2M5U 782 1.692 0.2414 0.8068
2M5U 783 1.821 0.2374 0.7955
2M5U 784 1.794 0.2405 0.8068
2M5U 785 1.878 0.2516 0.7955
2M5U 786 1.656 0.2379 0.8068
2M5U 787 1.651 0.2380 0.8295
2M5U 788 1.648 0.2572 0.8182
2M5U 789 1.566 0.2578 0.8182
2M5U 790 1.852 0.2343 0.7955
2M5U 791 1.819 0.2433 0.7955
2M5U 792 1.897 0.2474 0.8068
2M5U 793 1.788 0.2453 0.8068
2M5U 794 1.912 0.2824 0.7955
2M5U 795 1.993 0.2008 0.7614
2M5U 796 1.794 0.2465 0.8068
2M5U 797 1.784 0.2743 0.8068
2M5U 798 1.853 0.2421 0.8182
2M5U 799 1.721 0.2563 0.8068
2M5U 800 1.861 0.2637 0.7955
2M5U 801 1.854 0.2608 0.7955
2M5U 802 1.779 0.2695 0.8182
2M5U 803 1.834 0.2673 0.8068
2M5U 804 2.015 0.2434 0.7955
2M5U 805 1.777 0.2531 0.7955
2M5U 806 1.692 0.2485 0.8295
2M5U 807 1.848 0.2140 0.7955
2M5U 808 1.687 0.2387 0.8068
2M5U 809 1.684 0.2404 0.8068
2M5U 810 1.746 0.2209 0.8068
2M5U 811 1.581 0.2683 0.8182
2M5U 812 1.750 0.2255 0.8068
2M5U 813 1.781 0.2605 0.7955
2M5U 814 1.683 0.2465 0.8182
2M5U 815 1.768 0.2334 0.7841
2M5U 816 1.850 0.2078 0.7955
2M5U 817 2.081 0.2368 0.7727
2M5U 818 2.189 0.2291 0.7841
2M5U 819 1.728 0.2339 0.8182
2M5U 820 1.776 0.2321 0.7841
2M5U 821 1.939 0.2241 0.7841
2M5U 822 1.802 0.2254 0.7955
2M5U 823 1.835 0.2337 0.7955
2M5U 824 1.739 0.2453 0.7841
2M5U 825 1.809 0.2283 0.8068
2M5U 826 1.970 0.2346 0.7727
2M5U 827 1.921 0.2331 0.7727
2M5U 828 2.029 0.2131 0.7841
2M5U 829 2.006 0.2166 0.7841
2M5U 830 1.713 0.2278 0.8068
2M5U 831 1.790 0.2124 0.7955
2M5U 832 1.950 0.2126 0.7727
2M5U 833 1.792 0.2516 0.7955
2M5U 834 1.707 0.2497 0.8068
2M5U 835 1.807 0.2358 0.7841
2M5U 836 1.877 0.2276 0.8068
2M5U 837 1.766 0.2513 0.8068
2M5U 838 1.760 0.2392 0.7955
2M5U 839 1.875 0.2134 0.7955
2M5U 840 1.913 0.2382 0.7955
2M5U 841 1.756 0.2469 0.7955
2M5U 842 1.796 0.2276 0.8182
2M5U 843 1.613 0.2334 0.8068
2M5U 844 1.705 0.2262 0.7955
2M5U 845 1.752 0.2144 0.8068
2M5U 846 1.888 0.2205 0.7955
2M5U 847 1.649 0.2434 0.8182
2M5U 848 1.776 0.2218 0.8068
2M5U 849 1.757 0.2460 0.7955
2M5U 850 1.821 0.2564 0.8068
2M5U 851 1.709 0.2474 0.8068
2M5U 852 1.721 0.2225 0.8068
2M5U 853 1.876 0.2335 0.8068
2M5U 854 1.909 0.2753 0.7841
2M5U 855 1.998 0.2367 0.8068
2M5U 856 1.835 0.2729 0.8182
2M5U 857 1.981 0.2449 0.7841
2M5U 858 1.928 0.2291 0.7841
2M5U 859 1.851 0.2120 0.7955
2M5U 860 1.911 0.2245 0.7955
2M5U 861 1.731 0.2375 0.8182
2M5U 862 1.774 0.2095 0.7841
2M5U 863 1.671 0.2217 0.8068
2M5U 864 1.850 0.2097 0.8068
2M5U 865 1.478 0.2818 0.8182
2M5U 866 1.778 0.2626 0.8068
2M5U 867 1.830 0.2285 0.7955
2M5U 868 1.955 0.2261 0.7955
2M5U 869 1.786 0.2463 0.7841
2M5U 870 1.700 0.2252 0.8068
2M5U 871 1.790 0.2407 0.8068
2M5U 872 1.788 0.2736 0.8182
2M5U 873 1.601 0.2422 0.8182
2M5U 874 1.652 0.2190 0.8068
2M5U 875 1.837 0.2212 0.7955
2M5U 876 1.984 0.2341 0.8068
2M5U 877 1.842 0.2802 0.8295
2M5U 878 1.987 0.3185 0.8182
2M5U 879 2.124 0.2360 0.7841
2M5U 880 1.834 0.2475 0.8068
2M5U 881 1.845 0.2718 0.8182
2M5U 882 1.895 0.2453 0.7955
2M5U 883 1.933 0.2406 0.8068
2M5U 884 1.840 0.2681 0.8068
2M5U 885 1.730 0.2616 0.8068
2M5U 886 1.898 0.2367 0.7955
2M5U 887 1.909 0.2349 0.7841
2M5U 888 1.904 0.2494 0.8068
2M5U 889 1.957 0.2423 0.7955
2M5U 890 2.084 0.2302 0.7955
2M5U 891 1.940 0.2497 0.7955
2M5U 892 2.168 0.2118 0.7841
2M5U 893 2.114 0.2237 0.7727
2M5U 894 1.811 0.2309 0.7841
2M5U 895 2.093 0.2360 0.7841
2M5U 896 1.915 0.2202 0.7841
2M5U 897 1.836 0.2267 0.8068
2M5U 898 1.815 0.2521 0.7955
2M5U 899 1.738 0.2519 0.8068
2M5U 900 1.840 0.2198 0.8068
2M5U 901 1.836 0.2742 0.8182
2M5U 902 2.024 0.2466 0.7955
2M5U 903 1.832 0.2387 0.7841
2M5U 904 1.891 0.2328 0.7841
2M5U 905 1.648 0.2513 0.8182
2M5U 906 1.640 0.2460 0.8068
2M5U 907 1.685 0.2810 0.7955
2M5U 908 1.603 0.2985 0.8295
2M5U 909 1.804 0.2243 0.8068
2M5U 910 1.876 0.2068 0.7841
2M5U 911 1.950 0.2341 0.7955
2M5U 912 1.822 0.2636 0.7955
2M5U 913 1.821 0.2786 0.8182
2M5U 914 1.771 0.2290 0.8068
2M5U 915 1.713 0.2280 0.8068
2M5U 916 1.870 0.2217 0.7955
2M5U 917 1.831 0.2830 0.8068
2M5U 918 1.967 0.2214 0.7727
2M5U 919 1.576 0.2434 0.8295
2M5U 920 1.673 0.2134 0.7955
2M5U 921 1.841 0.2247 0.8182
2M5U 922 1.985 0.2326 0.7727
2M5U 923 2.044 0.1975 0.7727
2M5U 924 2.111 0.2133 0.7841
2M5U 925 1.877 0.2334 0.7841
2M5U 926 1.922 0.2392 0.7955
2M5U 927 1.454 0.2977 0.8409
2M5U 928 1.741 0.2258 0.8068
2M5U 929 1.894 0.2153 0.7727
2M5U 930 1.941 0.2769 0.8068
2M5U 931 1.825 0.2207 0.7841
2M5U 932 1.650 0.2421 0.8068
2M5U 933 1.602 0.2241 0.8068
2M5U 934 1.650 0.2459 0.8409
2M5U 935 1.875 0.2303 0.7955
2M5U 936 1.645 0.3310 0.8295
2M5U 937 1.485 0.3140 0.8523
2M5U 938 1.713 0.2410 0.8182
2M5U 939 1.606 0.3048 0.8295
2M5U 940 1.931 0.2326 0.7841
2M5U 941 1.661 0.2525 0.8068
2M5U 942 1.846 0.2307 0.7841
2M5U 943 1.676 0.3039 0.8409
2M5U 944 1.893 0.2888 0.8182
2M5U 945 2.043 0.2114 0.8068
2M5U 946 1.594 0.2589 0.8409
2M5U 947 1.610 0.3080 0.8409
2M5U 948 1.363 0.3136 0.8523
2M5U 949 1.419 0.2854 0.8636
2M5U 950 1.281 0.2761 0.8750
2M5U 951 1.406 0.2894 0.8636
2M5U 952 1.230 0.3808 0.8750
2M5U 953 1.220 0.3628 0.9091
2M5U 954 1.430 0.3061 0.8523
2M5U 955 1.439 0.2623 0.8409
2M5U 956 1.709 0.2687 0.8523
2M5U 957 1.752 0.2456 0.7727
2M5U 958 1.917 0.2422 0.7955
2M5U 959 1.760 0.2898 0.8182
2M5U 960 1.410 0.2805 0.8636
2M5U 961 1.558 0.2844 0.8409
2M5U 962 1.873 0.3013 0.8068
2M5U 963 1.561 0.2562 0.8295
2M5U 964 1.542 0.2948 0.8523
2M5U 965 1.428 0.3077 0.8409
2M5U 966 1.709 0.2471 0.7841
2M5U 967 1.788 0.2627 0.8068
2M5U 968 1.550 0.3023 0.8523
2M5U 969 1.597 0.2918 0.8068
2M5U 970 1.995 0.2665 0.7841
2M5U 971 1.587 0.2852 0.8182
2M5U 972 1.508 0.2784 0.8295
2M5U 973 1.561 0.2803 0.8068
2M5U 974 1.937 0.2632 0.8182
2M5U 975 1.684 0.2798 0.8182
2M5U 976 1.606 0.2571 0.8068
2M5U 977 1.396 0.2946 0.8409
2M5U 978 1.584 0.2816 0.8182
2M5U 979 1.811 0.2480 0.7841
2M5U 980 1.612 0.2910 0.8182
2M5U 981 1.893 0.2925 0.7841
2M5U 982 1.578 0.2781 0.8295
2M5U 983 1.529 0.2752 0.8182
2M5U 984 1.714 0.2485 0.8182
2M5U 985 1.675 0.2585 0.8182
2M5U 986 1.518 0.2813 0.8523
2M5U 987 1.555 0.2768 0.8409
2M5U 988 1.790 0.2586 0.7841
2M5U 989 1.900 0.2498 0.7841
2M5U 990 1.429 0.2664 0.8295
2M5U 991 1.603 0.2489 0.7841
2M5U 992 1.794 0.2539 0.7841
2M5U 993 1.606 0.2832 0.8068
2M5U 994 1.557 0.2756 0.8295
2M5U 995 1.416 0.2779 0.8409
2M5U 996 1.673 0.2442 0.8182
2M5U 997 1.829 0.2711 0.8068
2M5U 998 2.027 0.2418 0.7727
2M5U 999 1.747 0.2582 0.8068
2M5U 1000 1.606 0.2582 0.8182
2M5U 1001 1.270 0.3019 0.8750
2M5U 1002 1.708 0.2522 0.7955
2M5U 1003 2.113 0.2633 0.7727
2M5U 1004 1.277 0.2808 0.8750
2M5U 1005 1.312 0.3103 0.8636
2M5U 1006 1.453 0.3017 0.8636
2M5U 1007 1.830 0.2857 0.7955
2M5U 1008 2.035 0.3000 0.7727
2M5U 1009 1.464 0.3026 0.8409
2M5U 1010 1.471 0.2504 0.8409
2M5U 1011 1.375 0.2758 0.8409
2M5U 1012 1.727 0.2551 0.8182
2M5U 1013 1.592 0.2836 0.8295
2M5U 1014 1.437 0.2988 0.8409
2M5U 1015 1.497 0.3170 0.8636
2M5U 1016 1.263 0.2915 0.8636
2M5U 1017 1.656 0.2911 0.8068
2M5U 1018 1.701 0.3215 0.8182
2M5U 1019 1.851 0.2838 0.8068
2M5U 1020 1.523 0.2516 0.8409
2M5U 1021 1.501 0.3456 0.8409
2M5U 1022 1.718 0.2423 0.8182
2M5U 1023 1.769 0.2594 0.8182
2M5U 1024 1.301 0.3152 0.8750
2M5U 1025 1.470 0.3085 0.8523
2M5U 1026 1.497 0.2564 0.8295
2M5U 1027 1.521 0.2792 0.8409
2M5U 1028 1.813 0.2678 0.8182
2M5U 1029 1.731 0.2616 0.8182
2M5U 1030 1.516 0.2761 0.8295
2M5U 1031 1.688 0.2470 0.7955
2M5U 1032 1.578 0.2319 0.8295
2M5U 1033 1.480 0.2641 0.8409
2M5U 1034 1.729 0.2548 0.7955
2M5U 1035 1.951 0.2020 0.7841
2M5U 1036 2.111 0.2003 0.7955
2M5U 1037 1.701 0.2544 0.8068
2M5U 1038 1.599 0.3022 0.8182
2M5U 1039 1.839 0.2717 0.8068
2M5U 1040 1.969 0.2412 0.7955
2M5U 1041 1.851 0.2316 0.7727
2M5U 1042 1.786 0.2385 0.7841
2M5U 1043 1.661 0.3170 0.8182
2M5U 1044 1.494 0.2805 0.8295
2M5U 1045 1.613 0.2603 0.8295
2M5U 1046 1.589 0.2632 0.8295
2M5U 1047 1.826 0.2695 0.7841
2M5U 1048 1.904 0.2476 0.8068
2M5U 1049 1.822 0.1843 0.7727
2M5U 1050 1.695 0.2954 0.8295
2M5U 1051 1.880 0.2328 0.7727
2M5U 1052 2.027 0.2016 0.7614
2M5U 1053 1.965 0.2163 0.7841
2M5U 1054 1.776 0.2622 0.8068
2M5U 1055 1.754 0.2359 0.8182
2M5U 1056 1.756 0.3434 0.8409
2M5U 1057 1.803 0.2234 0.8295
2M5U 1058 1.769 0.2216 0.8068
2M5U 1059 1.745 0.2257 0.7841
2M5U 1060 1.765 0.2518 0.8068
2M5U 1061 1.721 0.2556 0.8068
2M5U 1062 1.706 0.2198 0.8068
2M5U 1063 1.710 0.3098 0.8182
2M5U 1064 1.825 0.2414 0.8068
2M5U 1065 1.879 0.2075 0.7841
2M5U 1066 1.617 0.2436 0.7955
2M5U 1067 1.627 0.2665 0.8182
2M5U 1068 1.611 0.2533 0.8295
2M5U 1069 1.793 0.2602 0.8068
2M5U 1070 1.778 0.2233 0.7727
2M5U 1071 1.796 0.2653 0.8182
2M5U 1072 1.655 0.2046 0.8068
2M5U 1073 1.696 0.2503 0.8182
2M5U 1074 1.992 0.2213 0.7841
2M5U 1075 1.989 0.2339 0.7955
2M5U 1076 1.716 0.2573 0.8295
2M5U 1077 1.583 0.2822 0.8295
2M5U 1078 1.689 0.3231 0.8182
2M5U 1079 1.684 0.2647 0.8182
2M5U 1080 1.717 0.3067 0.8295
2M5U 1081 1.784 0.2304 0.7955
2M5U 1082 1.810 0.2588 0.8068
2M5U 1083 2.070 0.2536 0.7955
2M5U 1084 1.865 0.2237 0.7841
2M5U 1085 1.482 0.2817 0.8295
2M5U 1086 1.541 0.2846 0.8409
2M5U 1087 1.643 0.2393 0.8068
2M5U 1088 1.995 0.2028 0.7841
2M5U 1089 2.015 0.2594 0.8182
2M5U 1090 2.010 0.2910 0.8295
2M5U 1091 1.928 0.2544 0.7955
2M5U 1092 1.958 0.2139 0.7955
2M5U 1093 1.964 0.2507 0.7955
2M5U 1094 1.871 0.3110 0.8295
2M5U 1095 1.851 0.2338 0.7955
2M5U 1096 1.763 0.2523 0.8068
2M5U 1097 1.797 0.2370 0.8068
2M5U 1098 1.757 0.2822 0.8068
2M5U 1099 2.038 0.2167 0.7727
2M5U 1100 1.778 0.2334 0.8068
2M5U 1101 1.512 0.2843 0.8295
2M5U 1102 1.498 0.2662 0.8409
2M5U 1103 1.388 0.2764 0.8523
2M5U 1104 1.462 0.2718 0.8409
2M5U 1105 1.837 0.2352 0.7955
2M5U 1106 1.559 0.3157 0.8409
2M5U 1107 1.799 0.2415 0.8295
2M5U 1108 2.223 0.1829 0.7500
2M5U 1109 1.902 0.3120 0.8409
2M5U 1110 1.971 0.2281 0.8068
2M5U 1111 1.827 0.2405 0.8182
2M5U 1112 1.964 0.2798 0.7955
2M5U 1113 2.023 0.2516 0.8068
2M5U 1114 2.109 0.2367 0.7614
2M5U 1115 1.976 0.2493 0.7955
2M5U 1116 2.037 0.2502 0.7955
2M5U 1117 2.192 0.2400 0.7614
2M5U 1118 2.092 0.2385 0.7841
2M5U 1119 2.010 0.2685 0.7841
2M5U 1120 1.795 0.2740 0.8068
2M5U 1121 1.999 0.2164 0.7727
2M5U 1122 2.142 0.2661 0.7841
2M5U 1123 2.123 0.2159 0.7614
2M5U 1124 1.822 0.2610 0.8182
2M5U 1125 1.709 0.2329 0.7955
2M5U 1126 1.816 0.2525 0.8182
2M5U 1127 2.166 0.2574 0.7841
2M5U 1128 2.314 0.2052 0.7273
2M5U 1129 2.059 0.2574 0.7841
2M5U 1130 1.995 0.2538 0.8068
2M5U 1131 1.735 0.2529 0.8295
2M5U 1132 1.760 0.2600 0.8295
2M5U 1133 1.908 0.2312 0.7955
2M5U 1134 1.605 0.2564 0.8295
2M5U 1135 1.750 0.2094 0.7841
2M5U 1136 1.908 0.2325 0.8182
2M5U 1137 1.999 0.2486 0.7727
2M5U 1138 1.901 0.2762 0.7841
2M5U 1139 1.527 0.2837 0.8523
2M5U 1140 1.453 0.2811 0.8636
2M5U 1141 1.669 0.2582 0.8409
2M5U 1142 2.029 0.2250 0.7614
2M5U 1143 2.062 0.2393 0.7727
2M5U 1144 1.500 0.2530 0.8409
2M5U 1145 1.832 0.2079 0.7727
2M5U 1146 1.751 0.2046 0.8068
2M5U 1147 1.787 0.2181 0.8068
2M5U 1148 1.702 0.2395 0.8068
2M5U 1149 1.551 0.2313 0.8295
2M5U 1150 1.767 0.2345 0.8182
2M5U 1151 1.646 0.2594 0.8295
2M5U 1152 1.969 0.2778 0.7841
2M5U 1153 1.977 0.2407 0.8068
2M5U 1154 1.904 0.2120 0.7727
2M5U 1155 1.870 0.1918 0.7614
2M5U 1156 1.779 0.2481 0.8068
2M5U 1157 1.668 0.2236 0.7955
2M5U 1158 1.667 0.2563 0.8068
2M5U 1159 1.735 0.2354 0.8182
2M5U 1160 2.223 0.2154 0.7500
2M5U 1161 1.798 0.2535 0.8068
2M5U 1162 1.699 0.2511 0.8068
2M5U 1163 1.807 0.2324 0.8182
2M5U 1164 1.887 0.2607 0.8295
2M5U 1165 2.011 0.2805 0.8182
2M5U 1166 2.061 0.2302 0.7727
2M5U 1167 2.172 0.2669 0.7614
2M5U 1168 2.283 0.2320 0.7386
2M5U 1169 2.386 0.2121 0.7159
2M5U 1170 2.106 0.2462 0.7614
2M5U 1171 1.893 0.2441 0.7841
2M5U 1172 1.806 0.2477 0.8068
2M5U 1173 2.082 0.2873 0.7614
2M5U 1174 2.019 0.2492 0.7727
2M5U 1175 1.584 0.2682 0.8409
2M5U 1176 1.932 0.2299 0.7841
2M5U 1177 2.074 0.2939 0.7727
2M5U 1178 1.809 0.2580 0.7955
2M5U 1179 1.997 0.2520 0.7841
2M5U 1180 2.015 0.2459 0.7727
2M5U 1181 1.887 0.2372 0.8182
2M5U 1182 1.978 0.2708 0.7841
2M5U 1183 2.057 0.2470 0.7841
2M5U 1184 1.852 0.3188 0.8523
2M5U 1185 2.095 0.2421 0.7841
2M5U 1186 2.254 0.2676 0.7614
2M5U 1187 1.836 0.2554 0.8068
2M5U 1188 1.788 0.2349 0.8182
2M5U 1189 2.023 0.2631 0.7955
2M5U 1190 2.411 0.2024 0.7386
2M5U 1191 1.957 0.2593 0.8182
2M5U 1192 1.742 0.2723 0.8182
2M5U 1193 1.813 0.2449 0.7841
2M5U 1194 2.178 0.2030 0.7273
2M5U 1195 2.098 0.2617 0.7614
2M5U 1196 2.020 0.2264 0.7955
2M5U 1197 2.067 0.2485 0.7841
2M5U 1198 2.199 0.2816 0.7727
2M5U 1199 2.496 0.2581 0.7614
2M5U 1200 1.852 0.3177 0.8295
2M5U 1201 2.124 0.2607 0.7841
2M5U 1202 2.079 0.2594 0.7614
2M5U 1203 2.134 0.2345 0.7614
2M5U 1204 1.980 0.2220 0.7841
2M5U 1205 1.982 0.2490 0.7955
2M5U 1206 2.045 0.2091 0.7386
2M5U 1207 2.088 0.2633 0.7727
2M5U 1208 2.144 0.2346 0.7614
2M5U 1209 1.971 0.2478 0.7841
2M5U 1210 1.723 0.2478 0.8295
2M5U 1211 1.755 0.1687 0.7955
2M5U 1212 2.125 0.2275 0.7841
2M5U 1213 2.057 0.2080 0.7614
2M5U 1214 1.826 0.2969 0.8295
2M5U 1215 1.591 0.2784 0.8409
2M5U 1216 2.077 0.3212 0.7955
2M5U 1217 2.244 0.2382 0.7386
2M5U 1218 1.836 0.2441 0.7955
2M5U 1219 2.221 0.2219 0.7500
2M5U 1220 2.276 0.2747 0.7727
2M5U 1221 2.333 0.2688 0.7386
2M5U 1222 2.006 0.2555 0.7955
2M5U 1223 1.938 0.2495 0.8182
2M5U 1224 2.408 0.2428 0.7614
2M5U 1225 2.110 0.3046 0.7955
2M5U 1226 2.417 0.2190 0.7386
2M5U 1227 1.836 0.3432 0.8409
2M5U 1228 1.763 0.2684 0.8182
2M5U 1229 2.155 0.2462 0.7614
2M5U 1230 2.487 0.3117 0.7727
2M5U 1231 1.992 0.2490 0.7841
2M5U 1232 1.745 0.2752 0.7955
2M5U 1233 1.622 0.2905 0.8182
2M5U 1234 1.839 0.2429 0.8182
2M5U 1235 2.203 0.2296 0.7727
2M5U 1236 1.815 0.3118 0.8523
2M5U 1237 2.002 0.2735 0.7955
2M5U 1238 2.054 0.3211 0.7841
2M5U 1239 1.821 0.2658 0.8068
2M5U 1240 1.911 0.2641 0.8068
2M5U 1241 2.168 0.2400 0.7727
2M5U 1242 1.962 0.2338 0.7955
2M5U 1243 1.782 0.2533 0.8409
2M5U 1244 1.880 0.2781 0.8409
2M5U 1245 2.123 0.2647 0.7727
2M5U 1246 2.075 0.2575 0.7727
2M5U 1247 1.788 0.2979 0.8295
2M5U 1248 1.647 0.3708 0.8523
2M5U 1249 1.799 0.2803 0.8182
2M5U 1250 2.279 0.2283 0.7500
2M5U 1251 1.794 0.2602 0.8182
2M5U 1252 1.670 0.2394 0.8182
2M5U 1253 1.631 0.3336 0.8864
2M5U 1254 1.758 0.2536 0.8182
2M5U 1255 1.760 0.2776 0.8295
2M5U 1256 1.800 0.2488 0.7955
2M5U 1257 2.138 0.2696 0.7727
2M5U 1258 1.997 0.2738 0.8068
2M5U 1259 1.693 0.3038 0.8523
2M5U 1260 1.924 0.3211 0.7955
2M5U 1261 1.773 0.2738 0.8295
2M5U 1262 2.269 0.2301 0.7841
2M5U 1263 1.900 0.2783 0.8523
2M5U 1264 1.955 0.2999 0.8068
2M5U 1265 2.278 0.3226 0.7727
2M5U 1266 1.994 0.2269 0.7841
2M5U 1267 1.784 0.2569 0.8295
2M5U 1268 1.821 0.2639 0.8182
2M5U 1269 2.167 0.2704 0.7614
2M5U 1270 1.995 0.3155 0.8182
2M5U 1271 1.992 0.2384 0.7955
2M5U 1272 1.889 0.2659 0.8068
2M5U 1273 1.968 0.2597 0.7841
2M5U 1274 1.855 0.2822 0.8182
2M5U 1275 2.273 0.2596 0.7727
2M5U 1276 2.135 0.3040 0.8182
2M5U 1277 2.251 0.2543 0.7955
2M5U 1278 1.969 0.3000 0.8182
2M5U 1279 1.846 0.2912 0.8295
2M5U 1280 1.854 0.2996 0.8295
2M5U 1281 2.250 0.3141 0.7841
2M5U 1282 1.814 0.2502 0.8295
2M5U 1283 1.829 0.2295 0.7955
2M5U 1284 1.969 0.2716 0.8182
2M5U 1285 2.241 0.2185 0.7500
2M5U 1286 2.453 0.2162 0.7386
2M5U 1287 2.128 0.2362 0.7727
2M5U 1288 1.831 0.2780 0.8523
2M5U 1289 1.980 0.2640 0.7955
2M5U 1290 2.228 0.1975 0.7727
2M5U 1291 2.060 0.2209 0.7955
2M5U 1292 2.074 0.2451 0.7841
2M5U 1293 2.085 0.2357 0.7841
2M5U 1294 1.712 0.3157 0.8523
2M5U 1295 1.800 0.2320 0.8182
2M5U 1296 1.886 0.2643 0.8523
2M5U 1297 2.042 0.2392 0.7841
2M5U 1298 2.029 0.2561 0.7841
2M5U 1299 1.897 0.2541 0.8182
2M5U 1300 2.102 0.2224 0.7727
2M5U 1301 2.155 0.2034 0.7614
2M5U 1302 1.892 0.2432 0.8068
2M5U 1303 1.965 0.2191 0.7841
2M5U 1304 2.403 0.2120 0.7159
2M5U 1305 1.860 0.2336 0.7841
2M5U 1306 2.062 0.2523 0.8182
2M5U 1307 2.429 0.2176 0.7273
2M5U 1308 2.278 0.2484 0.7614
2M5U 1309 1.876 0.3117 0.7955
2M5U 1310 1.700 0.2528 0.8182
2M5U 1311 1.857 0.2474 0.7841
2M5U 1312 2.123 0.2699 0.8068
2M5U 1313 2.033 0.2518 0.8295
2M5U 1314 1.773 0.3055 0.8523
2M5U 1315 1.871 0.2732 0.7955
2M5U 1316 2.260 0.2796 0.7955
2M5U 1317 2.095 0.2336 0.7955
2M5U 1318 2.384 0.2917 0.7727
2M5U 1319 2.170 0.2905 0.7727
2M5U 1320 1.577 0.2710 0.8295
2M5U 1321 1.807 0.2473 0.8182
2M5U 1322 2.134 0.2422 0.7955
2M5U 1323 1.997 0.2368 0.7955
2M5U 1324 1.670 0.2275 0.8068
2M5U 1325 1.782 0.2348 0.8068
2M5U 1326 1.983 0.2574 0.7841
2M5U 1327 1.892 0.2319 0.7841
2M5U 1328 1.754 0.2507 0.7841
2M5U 1329 1.962 0.2663 0.8068
2M5U 1330 2.008 0.2601 0.7955
2M5U 1331 1.831 0.2835 0.8068
2M5U 1332 1.758 0.2482 0.8068
2M5U 1333 2.109 0.2084 0.7727
2M5U 1334 1.930 0.2569 0.8068
2M5U 1335 1.550 0.2742 0.8523
2M5U 1336 1.992 0.2372 0.7955
2M5U 1337 2.318 0.1782 0.7500
2M5U 1338 1.957 0.2640 0.8068
2M5U 1339 1.966 0.2623 0.7955
2M5U 1340 1.902 0.2646 0.8068
2M5U 1341 1.884 0.2650 0.8068
2M5U 1342 2.258 0.2404 0.7500
2M5U 1343 2.019 0.2282 0.7841
2M5U 1344 1.911 0.2395 0.8068
2M5U 1345 2.201 0.2379 0.7614
2M5U 1346 2.172 0.2815 0.7841
2M5U 1347 1.936 0.2620 0.7955
2M5U 1348 2.027 0.2642 0.7727
2M5U 1349 2.018 0.2737 0.8182
2M5U 1350 2.136 0.2268 0.7841
2M5U 1351 1.983 0.2818 0.7955
2M5U 1352 1.812 0.2651 0.8068
2M5U 1353 2.083 0.2299 0.7955
2M5U 1354 2.460 0.2020 0.7386
2M5U 1355 2.075 0.2045 0.7614
2M5U 1356 2.062 0.2126 0.7614
2M5U 1357 1.830 0.2297 0.7841
2M5U 1358 2.084 0.2590 0.7955
2M5U 1359 2.055 0.2334 0.7841
2M5U 1360 2.158 0.2445 0.7614
2M5U 1361 2.629 0.1825 0.7386
2M5U 1362 2.035 0.2581 0.8068
2M5U 1363 1.922 0.2445 0.8068
2M5U 1364 2.467 0.2374 0.7273
2M5U 1365 2.501 0.2090 0.7273
2M5U 1366 2.542 0.2101 0.7159
2M5U 1367 1.799 0.2717 0.8182
2M5U 1368 1.944 0.2672 0.8068
2M5U 1369 2.633 0.2328 0.7273
2M5U 1370 2.562 0.2492 0.7386
2M5U 1371 2.219 0.2595 0.7727
2M5U 1372 1.533 0.3142 0.8409
2M5U 1373 1.695 0.2667 0.8409
2M5U 1374 2.284 0.2793 0.7841
2M5U 1375 2.400 0.2742 0.7727
2M5U 1376 2.478 0.2845 0.7500
2M5U 1377 1.674 0.2344 0.8068
2M5U 1378 1.727 0.2595 0.7955
2M5U 1379 1.878 0.2506 0.8068
2M5U 1380 1.880 0.2630 0.7955
2M5U 1381 2.326 0.2449 0.7273
2M5U 1382 1.777 0.3378 0.8636
2M5U 1383 1.905 0.2683 0.8068
2M5U 1384 2.330 0.2196 0.7614
2M5U 1385 1.987 0.2735 0.8182
2M5U 1386 1.758 0.2612 0.8295
2M5U 1387 1.776 0.3107 0.8636
2M5U 1388 2.001 0.2903 0.8068
2M5U 1389 1.778 0.2850 0.8409
2M5U 1390 2.034 0.2701 0.8068
2M5U 1391 1.789 0.3116 0.8409
2M5U 1392 1.580 0.3021 0.8636
2M5U 1393 1.714 0.2696 0.8750
2M5U 1394 1.936 0.3039 0.8295
2M5U 1395 1.988 0.2831 0.7955
2M5U 1396 1.948 0.2771 0.8182
2M5U 1397 1.689 0.2705 0.8295
2M5U 1398 1.877 0.2448 0.8068
2M5U 1399 2.242 0.2277 0.7614
2M5U 1400 2.272 0.2667 0.8068
2M5U 1401 1.955 0.2686 0.8068
2M5U 1402 2.063 0.2907 0.8182
2M5U 1403 1.878 0.2710 0.8068
2M5U 1404 2.261 0.2203 0.7614
2M5U 1405 1.992 0.2780 0.7955
2M5U 1406 2.296 0.2021 0.7841
2M5U 1407 1.971 0.2562 0.8068
2M5U 1408 2.424 0.1802 0.7500
2M5U 1409 2.214 0.2289 0.7841
2M5U 1410 1.319 0.3683 0.8864
2M5U 1411 1.632 0.2889 0.8523
2M5U 1412 1.929 0.2522 0.7955
2M5U 1413 2.148 0.2500 0.7727
2M5U 1414 2.105 0.2899 0.8068
2M5U 1415 1.831 0.2897 0.8068
2M5U 1416 1.725 0.3074 0.8409
2M5U 1417 1.914 0.3451 0.8409
2M5U 1418 1.766 0.2984 0.8068
2M5U 1419 1.890 0.2441 0.7955
2M5U 1420 1.601 0.2960 0.8409
2M5U 1421 1.705 0.2624 0.8295
2M5U 1422 2.223 0.2948 0.7841
2M5U 1423 2.153 0.2786 0.8068
2M5U 1424 2.019 0.2656 0.7955
2M5U 1425 1.939 0.2561 0.8295
2M5U 1426 1.778 0.3234 0.8523
2M5U 1427 2.061 0.3071 0.8295
2M5U 1428 2.346 0.2426 0.7614
2M5U 1429 2.143 0.2020 0.7500
2M5U 1430 2.169 0.2297 0.7500
2M5U 1431 2.042 0.2470 0.7841
2M5U 1432 1.882 0.3243 0.8295
2M5U 1433 2.013 0.2962 0.8068
2M5U 1434 2.118 0.2979 0.7841
2M5U 1435 1.861 0.2469 0.8068
2M5U 1436 2.039 0.2521 0.8068
2M5U 1437 2.092 0.2663 0.7841
2M5U 1438 1.822 0.2745 0.8409
2M5U 1439 1.752 0.2451 0.8182
2M5U 1440 1.717 0.2606 0.8409
2M5U 1441 1.976 0.2398 0.7727
2M5U 1442 1.929 0.3129 0.8295
2M5U 1443 2.197 0.3052 0.8182
2M5U 1444 1.955 0.2880 0.8182
2M5U 1445 1.946 0.2695 0.8182
2M5U 1446 2.387 0.2065 0.7500
2M5U 1447 2.411 0.2885 0.7727
2M5U 1448 1.820 0.2800 0.8068
2M5U 1449 1.845 0.2469 0.8295
2M5U 1450 2.043 0.2917 0.7955
2M5U 1451 2.131 0.3151 0.7841
2M5U 1452 2.071 0.2465 0.7841
2M5U 1453 2.030 0.2572 0.7955
2M5U 1454 1.737 0.2876 0.8636
2M5U 1455 1.998 0.2870 0.8068
2M5U 1456 2.157 0.2391 0.7727
2M5U 1457 1.617 0.2564 0.8409
2M5U 1458 1.532 0.3050 0.8750
2M5U 1459 2.068 0.2737 0.7841
2M5U 1460 1.961 0.2734 0.8182
2M5U 1461 2.069 0.3199 0.8068
2M5U 1462 1.559 0.3275 0.8523
2M5U 1463 1.531 0.2882 0.8523
2M5U 1464 2.571 0.2141 0.7614
2M5U 1465 2.321 0.2997 0.7955
2M5U 1466 2.010 0.2977 0.8182
2M5U 1467 1.683 0.3249 0.8636
2M5U 1468 1.912 0.2278 0.8068
2M5U 1469 2.312 0.2562 0.7727
2M5U 1470 2.042 0.2498 0.7955
2M5U 1471 2.161 0.2516 0.8295
2M5U 1472 1.914 0.2896 0.8182
2M5U 1473 1.847 0.2422 0.7841
2M5U 1474 1.888 0.2302 0.7841
2M5U 1475 2.170 0.2507 0.7955
2M5U 1476 1.654 0.2574 0.8295
2M5U 1477 1.689 0.2794 0.8409
2M5U 1478 1.684 0.2818 0.8295
2M5U 1479 2.033 0.2328 0.7955
2M5U 1480 1.984 0.2329 0.7955
2M5U 1481 2.066 0.2450 0.8295
2M5U 1482 2.045 0.2628 0.8068
2M5U 1483 2.365 0.2271 0.7614
2M5U 1484 2.620 0.2275 0.7386
2M5U 1485 1.983 0.2569 0.7727
2M5U 1486 2.085 0.2438 0.7841
2M5U 1487 2.468 0.2172 0.7500
2M5U 1488 2.320 0.2149 0.7614
2M5U 1489 1.940 0.2911 0.7841
2M5U 1490 1.842 0.2910 0.8068
2M5U 1491 2.325 0.2547 0.7727
2M5U 1492 2.616 0.2606 0.7500
2M5U 1493 2.491 0.2017 0.7273
2M5U 1494 2.229 0.2150 0.7841
2M5U 1495 1.846 0.2337 0.7727
2M5U 1496 2.035 0.1893 0.7386
2M5U 1497 1.948 0.2265 0.7727
2M5U 1498 2.043 0.3097 0.8068
2M5U 1499 2.355 0.2215 0.7386
2M5U 1500 2.297 0.2749 0.7386
2M5U 1501 2.024 0.2538 0.7841
2M5U 1502 1.933 0.2601 0.8182
2M5U 1503 2.101 0.2116 0.7727
2M5U 1504 1.909 0.2391 0.8295
2M5U 1505 1.777 0.2023 0.7727
2M5U 1506 1.992 0.2258 0.7500
2M5U 1507 2.110 0.2502 0.7955
2M5U 1508 1.956 0.2740 0.8182
2M5U 1509 1.883 0.2701 0.7955
2M5U 1510 2.429 0.2192 0.7500
2M5U 1511 2.146 0.2011 0.7841
2M5U 1512 2.168 0.2415 0.7955
2M5U 1513 2.425 0.2148 0.7386
2M5U 1514 2.181 0.2344 0.7955
2M5U 1515 2.191 0.2695 0.8068
2M5U 1516 2.074 0.2077 0.7841
2M5U 1517 1.913 0.2527 0.8182
2M5U 1518 2.077 0.2548 0.8068
2M5U 1519 2.558 0.2742 0.7500
2M5U 1520 2.799 0.1967 0.6932
2M5U 1521 2.275 0.2537 0.7614
2M5U 1522 2.642 0.1687 0.7159
2M5U 1523 2.494 0.2109 0.7273
2M5U 1524 2.022 0.2930 0.8182
2M5U 1525 2.504 0.2106 0.7386
2M5U 1526 2.217 0.2110 0.7727
2M5U 1527 2.278 0.2299 0.7614
2M5U 1528 2.265 0.2518 0.7614
2M5U 1529 2.394 0.2412 0.7386
2M5U 1530 2.291 0.1863 0.7273
2M5U 1531 1.714 0.3224 0.8295
2M5U 1532 1.615 0.2609 0.8182
2M5U 1533 1.965 0.1941 0.7614
2M5U 1534 1.744 0.2705 0.7955
2M5U 1535 1.805 0.2482 0.7841
2M5U 1536 1.688 0.2928 0.8068
2M5U 1537 2.257 0.1982 0.7727
2M5U 1538 2.005 0.2942 0.8068
2M5U 1539 2.218 0.2156 0.7500
2M5U 1540 2.557 0.1875 0.7159
2M5U 1541 2.229 0.1964 0.7273
2M5U 1542 2.297 0.2296 0.7500
2M5U 1543 2.409 0.2457 0.7386
2M5U 1544 2.473 0.2219 0.7386
2M5U 1545 2.404 0.2693 0.7273
2M5U 1546 2.555 0.1951 0.6932
2M5U 1547 2.429 0.1738 0.7159
2M5U 1548 2.392 0.1877 0.7273
2M5U 1549 2.709 0.1944 0.7045
2M5U 1550 2.377 0.1852 0.7159
2M5U 1551 2.663 0.1679 0.6932
2M5U 1552 2.514 0.2105 0.7614
2M5U 1553 2.589 0.2190 0.7386
2M5U 1554 2.523 0.1918 0.7273
2M5U 1555 2.688 0.2131 0.7159
2M5U 1556 2.438 0.1878 0.7045
2M5U 1557 2.201 0.1885 0.7500
2M5U 1558 2.525 0.2209 0.7500
2M5U 1559 2.493 0.2191 0.7159
2M5U 1560 2.474 0.2079 0.7386
2M5U 1561 2.612 0.2264 0.6932
2M5U 1562 2.510 0.1665 0.7045
2M5U 1563 2.332 0.2000 0.7386
2M5U 1564 2.496 0.1829 0.7045
2M5U 1565 2.599 0.2004 0.7159
2M5U 1566 2.710 0.2082 0.6818
2M5U 1567 2.649 0.2214 0.7045
2M5U 1568 2.764 0.1877 0.7159
2M5U 1569 2.144 0.2133 0.7727
2M5U 1570 2.510 0.1645 0.6932
2M5U 1571 2.160 0.2162 0.7500
2M5U 1572 2.454 0.1948 0.7273
2M5U 1573 2.881 0.1662 0.6818
2M5U 1574 3.088 0.2359 0.6932
2M5U 1575 2.579 0.1952 0.7273
2M5U 1576 2.878 0.1856 0.7273
2M5U 1577 2.518 0.2097 0.7386
2M5U 1578 2.288 0.2197 0.7727
2M5U 1579 2.320 0.2191 0.7614
2M5U 1580 2.840 0.1921 0.6932
2M5U 1581 3.065 0.1756 0.7045
2M5U 1582 2.415 0.2299 0.7500
2M5U 1583 2.526 0.1799 0.7159
2M5U 1584 2.358 0.1930 0.7386
2M5U 1585 2.527 0.2500 0.7727
2M5U 1586 2.144 0.2244 0.7500
2M5U 1587 2.266 0.2417 0.7727
2M5U 1588 2.463 0.2175 0.7500
2M5U 1589 2.692 0.1974 0.7159
2M5U 1590 2.358 0.1861 0.7500
2M5U 1591 2.534 0.1957 0.7386
2M5U 1592 2.631 0.2136 0.7159
2M5U 1593 2.049 0.2035 0.7727
2M5U 1594 2.382 0.2187 0.7614
2M5U 1595 2.266 0.1908 0.7500
2M5U 1596 2.127 0.1805 0.7273
2M5U 1597 2.319 0.1697 0.7273
2M5U 1598 2.205 0.2155 0.7727
2M5U 1599 2.139 0.1820 0.7386
2M5U 1600 2.108 0.1882 0.7386
2M5U 1601 2.734 0.1610 0.6818
2M5U 1602 1.960 0.2255 0.7614
2M5U 1603 1.949 0.2466 0.7955
2M5U 1604 2.523 0.1527 0.6818
2M5U 1605 2.759 0.2066 0.6932
2M5U 1606 2.399 0.1803 0.7386
2M5U 1607 2.343 0.2239 0.7500
2M5U 1608 2.546 0.1628 0.7159
2M5U 1609 2.647 0.1897 0.7386
2M5U 1610 2.591 0.1689 0.7045
2M5U 1611 2.714 0.1603 0.6932
2M5U 1612 2.455 0.1694 0.7159
2M5U 1613 2.324 0.1910 0.7273
2M5U 1614 2.417 0.1675 0.7159
2M5U 1615 2.317 0.2027 0.7386
2M5U 1616 1.975 0.2331 0.7727
2M5U 1617 2.060 0.2081 0.7841
2M5U 1618 2.290 0.1809 0.7386
2M5U 1619 2.595 0.1685 0.7159
2M5U 1620 2.600 0.1653 0.6932
2M5U 1621 2.423 0.2115 0.7500
2M5U 1622 2.478 0.1953 0.7386
2M5U 1623 2.403 0.2169 0.7614
2M5U 1624 2.285 0.1769 0.7273
2M5U 1625 2.607 0.2120 0.6932
2M5U 1626 2.284 0.2387 0.7841
2M5U 1627 2.452 0.1901 0.7386
2M5U 1628 2.361 0.2217 0.7386
2M5U 1629 2.345 0.2136 0.7614
2M5U 1630 2.790 0.1798 0.6932
2M5U 1631 2.550 0.2057 0.7386
2M5U 1632 2.556 0.1887 0.7273
2M5U 1633 2.655 0.1818 0.6932
2M5U 1634 2.596 0.1948 0.7386
2M5U 1635 2.444 0.2196 0.7386
2M5U 1636 2.511 0.1792 0.7386
2M5U 1637 2.580 0.1798 0.7273
2M5U 1638 2.375 0.1928 0.7159
2M5U 1639 2.133 0.2275 0.7614
2M5U 1640 2.221 0.2340 0.7500
2M5U 1641 2.289 0.1796 0.7386
2M5U 1642 2.413 0.2378 0.7386
2M5U 1643 2.501 0.1704 0.7159
2M5U 1644 2.460 0.1804 0.7159
2M5U 1645 2.361 0.1580 0.7159
2M5U 1646 2.407 0.1698 0.7045
2M5U 1647 2.367 0.1995 0.7273
2M5U 1648 2.174 0.2429 0.7727
2M5U 1649 2.457 0.1548 0.7045
2M5U 1650 2.319 0.1925 0.7386
2M5U 1651 2.246 0.1795 0.7273
2M5U 1652 2.519 0.1806 0.6932
2M5U 1653 2.405 0.2015 0.7273
2M5U 1654 1.910 0.2138 0.7955
2M5U 1655 2.785 0.2144 0.7159
2M5U 1656 2.242 0.2196 0.7386
2M5U 1657 2.530 0.1791 0.7500
2M5U 1658 2.404 0.1895 0.7273
2M5U 1659 2.401 0.2060 0.7159
2M5U 1660 1.958 0.1928 0.7614
2M5U 1661 2.260 0.1930 0.7614
2M5U 1662 2.114 0.2462 0.7727
2M5U 1663 2.284 0.1879 0.7159
2M5U 1664 2.401 0.2004 0.7273
2M5U 1665 2.444 0.1902 0.6818
2M5U 1666 2.300 0.1957 0.7159
2M5U 1667 2.454 0.2095 0.7273
2M5U 1668 2.561 0.2356 0.7500
2M5U 1669 2.529 0.1730 0.7045
2M5U 1670 2.200 0.2100 0.7386
2M5U 1671 2.335 0.2142 0.7273
2M5U 1672 2.760 0.2011 0.6591
2M5U 1673 2.674 0.1678 0.6818
2M5U 1674 2.126 0.1533 0.7273
2M5U 1675 2.098 0.1609 0.7273
2M5U 1676 2.409 0.2012 0.7500
2M5U 1677 2.406 0.1834 0.7045
2M5U 1678 2.560 0.1415 0.6818
2M5U 1679 2.557 0.1670 0.7045
2M5U 1680 2.445 0.1707 0.7045
2M5U 1681 2.123 0.1676 0.7273
2M5U 1682 2.201 0.1841 0.7273
2M5U 1683 2.331 0.1460 0.7159
2M5U 1684 2.341 0.1709 0.7045
2M5U 1685 2.295 0.1549 0.7159
2M5U 1686 2.422 0.1763 0.7045
2M5U 1687 2.207 0.2103 0.7500
2M5U 1688 2.133 0.1775 0.7273
2M5U 1689 2.272 0.1538 0.7159
2M5U 1690 2.873 0.1385 0.6591
2M5U 1691 2.705 0.1904 0.7159
2M5U 1692 2.406 0.1535 0.7045
2M5U 1693 2.664 0.1872 0.7159
2M5U 1694 2.403 0.1860 0.7045
2M5U 1695 2.702 0.1683 0.7159
2M5U 1696 2.465 0.1640 0.7159
2M5U 1697 2.645 0.1848 0.7045
2M5U 1698 2.641 0.1904 0.7045
2M5U 1699 2.239 0.1786 0.7159
2M5U 1700 2.848 0.1653 0.6591
2M5U 1701 2.502 0.1673 0.7159
2M5U 1702 2.285 0.1691 0.7273
2M5U 1703 2.475 0.1714 0.7159
2M5U 1704 2.536 0.1681 0.7159
2M5U 1705 2.400 0.1815 0.6932
2M5U 1706 2.586 0.1674 0.6818
2M5U 1707 2.567 0.1728 0.6932
2M5U 1708 2.545 0.1514 0.6818
2M5U 1709 2.611 0.1673 0.6818
2M5U 1710 2.608 0.2017 0.7386
2M5U 1711 2.250 0.1688 0.7386
2M5U 1712 1.971 0.2231 0.7614
2M5U 1713 2.096 0.1915 0.7500
2M5U 1714 2.401 0.1877 0.7159
2M5U 1715 2.402 0.1993 0.7045
2M5U 1716 2.124 0.2272 0.7614
2M5U 1717 2.426 0.1988 0.7159
2M5U 1718 2.836 0.2034 0.6818
2M5U 1719 2.853 0.1507 0.6364
2M5U 1720 2.668 0.1525 0.7159
2M5U 1721 2.608 0.2099 0.7159
2M5U 1722 2.569 0.1750 0.7045
2M5U 1723 2.955 0.1670 0.6591
2M5U 1724 2.441 0.1965 0.7273
2M5U 1725 2.562 0.1981 0.7273
2M5U 1726 2.687 0.2161 0.7159
2M5U 1727 2.406 0.2319 0.7727
2M5U 1728 2.600 0.1618 0.6818
2M5U 1729 2.216 0.1876 0.7273
2M5U 1730 2.389 0.2554 0.7273
2M5U 1731 2.466 0.2902 0.7500
2M5U 1732 2.690 0.1571 0.6932
2M5U 1733 2.557 0.1857 0.7386
2M5U 1734 2.546 0.2123 0.7273
2M5U 1735 2.327 0.1685 0.7273
2M5U 1736 2.192 0.2292 0.7500
2M5U 1737 2.190 0.1935 0.7386
2M5U 1738 2.179 0.2649 0.7614
2M5U 1739 2.378 0.1836 0.6932
2M5U 1740 2.164 0.2087 0.7727
2M5U 1741 1.984 0.2050 0.7727
2M5U 1742 2.449 0.1656 0.7273
2M5U 1743 2.345 0.2168 0.7614
2M5U 1744 2.002 0.2034 0.7500
2M5U 1745 2.017 0.2017 0.7841
2M5U 1746 2.301 0.1793 0.7159
2M5U 1747 2.317 0.1702 0.7273
2M5U 1748 2.373 0.1647 0.6932
2M5U 1749 2.024 0.2201 0.7500
2M5U 1750 2.095 0.2027 0.7159
2M5U 1751 2.407 0.1505 0.7045
2M5U 1752 2.562 0.1595 0.6932
2M5U 1753 3.087 0.1648 0.6591
2M5U 1754 2.857 0.2276 0.7386
2M5U 1755 2.489 0.1812 0.7159
2M5U 1756 2.384 0.2007 0.7159
2M5U 1757 2.323 0.1776 0.7273
2M5U 1758 2.489 0.1560 0.6932
2M5U 1759 2.377 0.2624 0.7386
2M5U 1760 1.995 0.2829 0.7614
2M5U 1761 2.177 0.2508 0.7614
2M5U 1762 2.565 0.1847 0.6932
2M5U 1763 2.550 0.1959 0.7045
2M5U 1764 2.374 0.1813 0.7159
2M5U 1765 2.532 0.1592 0.6932
2M5U 1766 2.042 0.1693 0.7386
2M5U 1767 2.650 0.1886 0.7045
2M5U 1768 2.365 0.1931 0.7273
2M5U 1769 2.220 0.1541 0.7159
2M5U 1770 3.093 0.2104 0.6591
2M5U 1771 2.505 0.2243 0.7045
2M5U 1772 2.523 0.2146 0.6932
