2LBL 1 0.000 1.0000 1.0000
2LBL 2 1.063 0.3517 0.9118
2LBL 3 0.703 0.4772 0.9559
2LBL 4 0.411 0.6465 1.0000
2LBL 5 1.216 0.3466 0.8824
2LBL 6 0.999 0.3785 0.9265
2LBL 7 0.962 0.4062 0.9559
2LBL 8 0.772 0.5124 0.9853
2LBL 9 5.432 0.2030 0.6324
2LBL 10 6.609 0.1183 0.4853
2LBL 11 8.848 0.1104 0.3971
2LBL 12 3.784 0.1483 0.6324
2LBL 13 4.087 0.1777 0.6176
2LBL 14 3.329 0.1485 0.6912
2LBL 15 3.776 0.1377 0.6029
2LBL 16 3.317 0.1586 0.6324
2LBL 17 3.336 0.1991 0.6618
2LBL 18 4.096 0.1478 0.6029
2LBL 19 3.064 0.1903 0.6765
2LBL 20 3.388 0.2039 0.6912
2LBL 21 3.029 0.1874 0.7059
2LBL 22 2.643 0.1880 0.7059
2LBL 23 2.767 0.2350 0.6912
2LBL 24 3.940 0.1820 0.6618
2LBL 25 3.720 0.1552 0.6618
2LBL 26 3.896 0.1818 0.6324
2LBL 27 4.831 0.1862 0.5588
2LBL 28 4.552 0.1765 0.6029
2LBL 29 2.886 0.2098 0.6765
2LBL 30 3.547 0.1583 0.6765
2LBL 31 2.972 0.2432 0.7206
2LBL 32 7.476 0.1978 0.5735
2LBL 33 3.452 0.1530 0.6765
2LBL 34 3.630 0.1558 0.6618
2LBL 35 3.538 0.2185 0.6765
2LBL 36 3.094 0.1209 0.6471
2LBL 37 3.223 0.2096 0.6471
2LBL 38 3.453 0.1537 0.6471
2LBL 39 3.413 0.1882 0.6912
2LBL 40 3.746 0.1798 0.6618
2LBL 41 2.657 0.1649 0.6912
2LBL 42 4.369 0.1985 0.6324
2LBL 43 2.698 0.1853 0.7206
2LBL 44 3.121 0.1917 0.6912
2LBL 45 5.034 0.1589 0.6324
2LBL 46 1.931 0.2425 0.7794
2LBL 47 3.584 0.2133 0.6765
2LBL 48 4.901 0.1524 0.5441
2LBL 49 10.649 0.1015 0.3382
2LBL 50 9.248 0.1147 0.3824
2LBL 51 6.815 0.0848 0.4559
2LBL 52 10.088 0.1137 0.4118
2LBL 53 8.940 0.1551 0.5147
2LBL 54 8.924 0.1088 0.4412
2LBL 55 9.688 0.1500 0.4265
2LBL 56 5.801 0.1702 0.5588
2LBL 57 6.211 0.1267 0.5441
2LBL 58 5.438 0.1216 0.5588
2LBL 59 4.660 0.1067 0.5441
2LBL 60 9.378 0.1516 0.3824
2LBL 61 3.953 0.1248 0.6029
2LBL 62 2.784 0.1439 0.6912
2LBL 63 7.531 0.1026 0.4706
2LBL 64 8.762 0.1132 0.5000
2LBL 65 3.867 0.1718 0.7059
2LBL 66 7.152 0.1450 0.5294
2LBL 67 4.124 0.1797 0.6029
2LBL 68 8.547 0.1250 0.4412
2LBL 69 7.928 0.1180 0.4265
2LBL 70 7.044 0.1192 0.4853
2LBL 71 3.079 0.2180 0.6765
2LBL 72 3.954 0.1554 0.6471
2LBL 73 8.730 0.1076 0.5147
2LBL 74 3.030 0.1747 0.7059
2LBL 75 4.830 0.1674 0.5882
2LBL 76 4.242 0.1546 0.6176
2LBL 77 3.566 0.2099 0.6765
2LBL 78 3.046 0.2251 0.7206
2LBL 79 2.647 0.1880 0.7353
2LBL 80 3.567 0.1748 0.6618
2LBL 81 3.231 0.2025 0.7059
2LBL 82 2.927 0.1782 0.6765
2LBL 83 2.327 0.1606 0.7353
2LBL 84 2.984 0.1529 0.7059
2LBL 85 3.413 0.1838 0.6912
2LBL 86 3.624 0.1588 0.6471
2LBL 87 2.471 0.1958 0.7059
2LBL 88 3.498 0.1912 0.6324
2LBL 89 11.923 0.1507 0.3235
2LBL 90 6.227 0.0723 0.5000
2LBL 91 5.679 0.1952 0.6176
2LBL 92 5.128 0.1533 0.6471
2LBL 93 3.770 0.1422 0.5882
2LBL 94 7.095 0.1310 0.5147
2LBL 95 5.552 0.2056 0.6029
2LBL 96 6.984 0.1621 0.5441
2LBL 97 6.034 0.1828 0.5588
2LBL 98 3.452 0.2204 0.6765
2LBL 99 5.198 0.1527 0.5441
2LBL 100 3.005 0.1530 0.6618
2LBL 101 2.849 0.2266 0.7353
2LBL 102 3.126 0.2022 0.6912
2LBL 103 6.073 0.1329 0.5294
2LBL 104 4.505 0.1339 0.6324
2LBL 105 4.838 0.1345 0.5735
2LBL 106 4.466 0.1754 0.5882
2LBL 107 4.900 0.1324 0.6029
2LBL 108 7.797 0.2190 0.5000
2LBL 109 10.015 0.1144 0.3824
2LBL 110 2.981 0.1501 0.6618
2LBL 111 4.143 0.1464 0.6176
2LBL 112 4.347 0.1908 0.6176
2LBL 113 3.512 0.1579 0.6324
2LBL 114 4.585 0.1722 0.6029
2LBL 115 2.730 0.1637 0.6765
2LBL 116 3.481 0.1766 0.6912
2LBL 117 4.090 0.1918 0.6324
2LBL 118 5.335 0.1288 0.5441
2LBL 119 2.419 0.2356 0.7353
2LBL 120 1.530 0.2091 0.7941
2LBL 121 2.602 0.2251 0.7353
2LBL 122 4.998 0.1556 0.6176
2LBL 123 2.264 0.1669 0.7500
2LBL 124 1.807 0.2237 0.7353
2LBL 125 4.618 0.1735 0.6324
2LBL 126 2.158 0.2442 0.7941
2LBL 127 3.578 0.1745 0.6618
2LBL 128 2.930 0.2153 0.7206
2LBL 129 9.130 0.1633 0.5147
2LBL 130 5.259 0.1532 0.5588
2LBL 131 6.264 0.2281 0.5588
2LBL 132 8.236 0.1101 0.4559
2LBL 133 4.321 0.1743 0.6471
2LBL 134 5.322 0.1630 0.6471
2LBL 135 3.622 0.2014 0.6618
2LBL 136 3.062 0.1729 0.7206
2LBL 137 2.273 0.2292 0.7353
2LBL 138 5.849 0.1238 0.5294
2LBL 139 2.600 0.1385 0.7059
2LBL 140 2.752 0.1523 0.7059
2LBL 141 2.274 0.1822 0.7500
2LBL 142 4.780 0.1092 0.6029
2LBL 143 6.845 0.1728 0.5441
2LBL 144 6.253 0.1702 0.5441
2LBL 145 3.525 0.2035 0.6618
2LBL 146 3.139 0.1627 0.6912
2LBL 147 2.788 0.2268 0.6912
2LBL 148 4.350 0.1622 0.6029
2LBL 149 3.420 0.2145 0.6912
2LBL 150 2.520 0.1735 0.7059
2LBL 151 3.535 0.2090 0.6618
2LBL 152 2.744 0.2238 0.6912
2LBL 153 12.314 0.1649 0.4118
2LBL 154 4.612 0.1713 0.6324
2LBL 155 3.881 0.1517 0.6471
2LBL 156 3.015 0.2157 0.7206
2LBL 157 3.552 0.1953 0.7059
2LBL 158 2.905 0.2945 0.7059
2LBL 159 6.129 0.1210 0.5588
2LBL 160 3.066 0.1886 0.6618
2LBL 161 3.288 0.1782 0.6912
2LBL 162 3.640 0.1646 0.6765
2LBL 163 2.668 0.2250 0.7206
2LBL 164 5.300 0.1255 0.5294
2LBL 165 3.836 0.1353 0.6324
2LBL 166 3.065 0.1803 0.7206
2LBL 167 3.300 0.1572 0.6618
2LBL 168 3.885 0.2089 0.6912
2LBL 169 7.867 0.1854 0.5000
2LBL 170 6.989 0.1758 0.3971
2LBL 171 7.250 0.1296 0.4118
2LBL 172 4.357 0.1558 0.6029
2LBL 173 2.667 0.2198 0.7206
2LBL 174 5.728 0.1564 0.5588
2LBL 175 7.258 0.1963 0.5000
2LBL 176 3.811 0.1542 0.6471
2LBL 177 6.558 0.1337 0.4853
2LBL 178 4.737 0.1348 0.5735
2LBL 179 3.556 0.2049 0.6324
2LBL 180 5.528 0.1441 0.5735
2LBL 181 2.325 0.1970 0.7206
2LBL 182 4.988 0.1175 0.5441
2LBL 183 5.427 0.1556 0.5882
2LBL 184 3.875 0.1282 0.6324
2LBL 185 4.277 0.1839 0.6176
2LBL 186 3.458 0.1474 0.6471
2LBL 187 3.956 0.2019 0.6618
2LBL 188 3.793 0.1753 0.6324
2LBL 189 4.136 0.1545 0.6324
2LBL 190 5.488 0.1466 0.5735
2LBL 191 3.452 0.1948 0.6471
2LBL 192 2.551 0.1616 0.6912
2LBL 193 5.746 0.1178 0.5294
2LBL 194 7.178 0.1767 0.5000
2LBL 195 3.117 0.1718 0.6912
2LBL 196 6.215 0.1756 0.5588
2LBL 197 3.810 0.1722 0.6324
2LBL 198 4.096 0.1564 0.6029
2LBL 199 2.521 0.2264 0.6912
2LBL 200 3.016 0.1715 0.6912
2LBL 201 3.407 0.2062 0.6471
2LBL 202 3.782 0.1809 0.6618
2LBL 203 2.906 0.2658 0.7353
2LBL 204 3.434 0.1678 0.6618
2LBL 205 3.363 0.1489 0.6324
2LBL 206 2.830 0.1851 0.7059
2LBL 207 7.789 0.1711 0.4853
2LBL 208 3.168 0.1811 0.7059
2LBL 209 7.349 0.1769 0.4559
2LBL 210 7.910 0.1331 0.5000
2LBL 211 6.455 0.1672 0.5294
2LBL 212 10.847 0.1310 0.4706
2LBL 213 6.405 0.1298 0.5000
2LBL 214 4.762 0.1555 0.6324
2LBL 215 10.386 0.1846 0.5000
2LBL 216 3.042 0.1905 0.7206
2LBL 217 3.152 0.1273 0.6618
2LBL 218 2.648 0.1948 0.7206
2LBL 219 6.190 0.1610 0.5882
2LBL 220 5.077 0.1457 0.5588
2LBL 221 4.470 0.1853 0.6176
2LBL 222 4.186 0.1604 0.5882
2LBL 223 2.329 0.1752 0.7353
2LBL 224 2.666 0.1849 0.7353
2LBL 225 4.734 0.1805 0.6029
2LBL 226 5.693 0.1839 0.5735
2LBL 227 3.625 0.1688 0.6912
2LBL 228 3.768 0.1548 0.6618
2LBL 229 2.523 0.1768 0.6912
2LBL 230 2.861 0.1769 0.6912
2LBL 231 4.820 0.1759 0.5588
2LBL 232 6.113 0.1441 0.5441
2LBL 233 4.386 0.1622 0.5882
2LBL 234 3.017 0.1902 0.6912
2LBL 235 2.905 0.1634 0.7206
2LBL 236 4.349 0.1520 0.6176
2LBL 237 3.857 0.1534 0.6471
2LBL 238 2.325 0.2348 0.7353
2LBL 239 3.193 0.2052 0.6912
2LBL 240 3.690 0.1813 0.6324
2LBL 241 3.637 0.1832 0.6471
2LBL 242 3.739 0.2067 0.6324
2LBL 243 2.873 0.1997 0.7059
2LBL 244 4.042 0.1678 0.6176
2LBL 245 3.280 0.2083 0.6618
2LBL 246 3.790 0.2029 0.6324
2LBL 247 4.824 0.1715 0.6324
2LBL 248 2.941 0.1818 0.6618
2LBL 249 8.398 0.1013 0.4853
2LBL 250 9.437 0.1334 0.4412
2LBL 251 9.010 0.1419 0.5000
2LBL 252 9.333 0.1284 0.3971
2LBL 253 9.394 0.1332 0.4265
2LBL 254 3.291 0.1893 0.6765
2LBL 255 5.933 0.1382 0.5294
2LBL 256 9.220 0.0781 0.3676
2LBL 257 2.856 0.2006 0.6912
2LBL 258 3.246 0.1676 0.6765
2LBL 259 2.622 0.2165 0.7500
2LBL 260 3.596 0.1855 0.6471
2LBL 261 4.066 0.1454 0.6029
2LBL 262 3.525 0.1613 0.6176
2LBL 263 3.490 0.1352 0.6324
2LBL 264 5.340 0.1339 0.5735
2LBL 265 4.643 0.1359 0.6029
2LBL 266 5.336 0.1649 0.5588
2LBL 267 5.256 0.2175 0.5588
2LBL 268 4.540 0.1454 0.6029
2LBL 269 3.893 0.2017 0.6324
2LBL 270 3.561 0.1523 0.6176
2LBL 271 3.880 0.1527 0.6471
2LBL 272 3.754 0.2031 0.6618
2LBL 273 3.136 0.1825 0.6765
2LBL 274 2.611 0.1493 0.7059
2LBL 275 2.866 0.1899 0.7206
2LBL 276 2.961 0.1475 0.6471
2LBL 277 3.897 0.1637 0.6471
2LBL 278 4.398 0.1778 0.6176
2LBL 279 3.815 0.1362 0.6029
2LBL 280 2.671 0.1756 0.6912
2LBL 281 2.796 0.1698 0.7206
2LBL 282 3.297 0.1877 0.6618
2LBL 283 4.275 0.1220 0.6029
2LBL 284 3.892 0.1271 0.6029
2LBL 285 3.526 0.1532 0.6471
2LBL 286 3.494 0.1659 0.6471
2LBL 287 3.546 0.2128 0.6618
2LBL 288 2.583 0.1742 0.7353
2LBL 289 8.280 0.1015 0.4118
2LBL 290 6.045 0.1035 0.5441
2LBL 291 9.436 0.1278 0.4412
2LBL 292 8.711 0.2074 0.5147
2LBL 293 4.180 0.2162 0.6471
2LBL 294 5.006 0.2094 0.6029
2LBL 295 5.318 0.0958 0.5294
2LBL 296 7.435 0.1417 0.4412
2LBL 297 5.539 0.1809 0.6029
2LBL 298 2.991 0.1861 0.7059
2LBL 299 5.075 0.1496 0.5882
2LBL 300 3.697 0.1183 0.6324
2LBL 301 3.595 0.1847 0.6765
2LBL 302 5.332 0.2150 0.6029
2LBL 303 3.377 0.1901 0.6618
2LBL 304 4.140 0.1970 0.6765
2LBL 305 7.818 0.1373 0.4412
2LBL 306 2.636 0.1435 0.6765
2LBL 307 5.823 0.1820 0.5588
2LBL 308 2.958 0.1500 0.7206
2LBL 309 3.978 0.1632 0.6618
2LBL 310 3.798 0.1745 0.6618
2LBL 311 3.168 0.1914 0.7206
2LBL 312 2.844 0.2053 0.7206
2LBL 313 2.602 0.1979 0.6618
2LBL 314 4.225 0.1464 0.5735
2LBL 315 3.733 0.1752 0.6176
2LBL 316 4.040 0.1517 0.5882
2LBL 317 3.468 0.1766 0.6765
2LBL 318 3.600 0.2076 0.7206
2LBL 319 4.977 0.1746 0.6029
2LBL 320 3.627 0.2040 0.7059
2LBL 321 2.121 0.1651 0.7647
2LBL 322 4.371 0.1159 0.5882
2LBL 323 2.548 0.1616 0.6765
2LBL 324 5.169 0.1347 0.5735
2LBL 325 2.460 0.1705 0.7206
2LBL 326 4.070 0.1768 0.6618
2LBL 327 3.908 0.1380 0.6912
2LBL 328 2.761 0.1840 0.7059
2LBL 329 5.648 0.1421 0.5147
2LBL 330 9.342 0.0782 0.3676
2LBL 331 9.747 0.1326 0.4118
2LBL 332 9.660 0.1249 0.4706
2LBL 333 4.980 0.0790 0.5441
2LBL 334 8.648 0.1658 0.4559
2LBL 335 4.174 0.1803 0.6176
2LBL 336 4.317 0.1075 0.5588
2LBL 337 3.845 0.2102 0.6618
2LBL 338 6.208 0.1367 0.5147
2LBL 339 3.270 0.1637 0.6176
2LBL 340 6.298 0.1555 0.5441
2LBL 341 5.030 0.1299 0.5735
2LBL 342 3.872 0.1681 0.6471
2LBL 343 6.179 0.1497 0.5735
2LBL 344 5.478 0.1611 0.6176
2LBL 345 3.592 0.1235 0.6618
2LBL 346 4.107 0.1448 0.6029
2LBL 347 3.023 0.1669 0.7059
2LBL 348 3.038 0.2211 0.7353
2LBL 349 3.286 0.1462 0.6324
2LBL 350 3.268 0.1698 0.6618
2LBL 351 6.080 0.1183 0.5588
2LBL 352 3.082 0.1665 0.6765
2LBL 353 3.510 0.2178 0.6912
2LBL 354 2.601 0.1884 0.6912
2LBL 355 3.962 0.1401 0.6618
2LBL 356 3.931 0.1923 0.6618
2LBL 357 2.278 0.2109 0.7500
2LBL 358 2.697 0.1747 0.6912
2LBL 359 2.264 0.2082 0.7206
2LBL 360 2.407 0.2636 0.7206
2LBL 361 3.499 0.1930 0.6471
2LBL 362 2.340 0.2222 0.7353
2LBL 363 2.176 0.2330 0.7941
2LBL 364 2.325 0.2504 0.7500
2LBL 365 3.968 0.1274 0.6029
2LBL 366 3.051 0.2141 0.6912
2LBL 367 4.012 0.1735 0.6324
2LBL 368 4.190 0.2063 0.6618
2LBL 369 9.548 0.1554 0.4412
2LBL 370 6.443 0.1071 0.5000
2LBL 371 4.710 0.1139 0.5588
2LBL 372 6.516 0.0672 0.4412
2LBL 373 5.942 0.1623 0.5147
2LBL 374 8.024 0.1383 0.5294
2LBL 375 7.620 0.0958 0.4412
2LBL 376 3.151 0.1672 0.6765
2LBL 377 4.455 0.2024 0.6324
2LBL 378 8.792 0.1497 0.4559
2LBL 379 9.255 0.1007 0.4853
2LBL 380 7.779 0.1513 0.5294
2LBL 381 8.529 0.1572 0.4706
2LBL 382 5.367 0.1499 0.5735
2LBL 383 8.144 0.1214 0.4853
2LBL 384 6.888 0.2151 0.5588
2LBL 385 3.318 0.1573 0.6618
2LBL 386 3.325 0.2182 0.6471
2LBL 387 2.784 0.2186 0.6912
2LBL 388 4.553 0.1249 0.5588
2LBL 389 6.727 0.1468 0.5735
2LBL 390 7.958 0.1812 0.6029
2LBL 391 11.441 0.1742 0.4706
2LBL 392 4.206 0.1799 0.5882
2LBL 393 8.349 0.1406 0.4706
2LBL 394 4.239 0.1772 0.6176
2LBL 395 3.960 0.1241 0.6324
2LBL 396 3.914 0.1679 0.6029
2LBL 397 5.205 0.1486 0.5735
2LBL 398 4.039 0.2260 0.6176
2LBL 399 3.173 0.1389 0.6765
2LBL 400 11.174 0.1614 0.4706
2LBL 401 2.004 0.2508 0.7500
2LBL 402 8.497 0.1745 0.4853
2LBL 403 3.294 0.2193 0.6618
2LBL 404 3.155 0.2432 0.6618
2LBL 405 6.560 0.1066 0.5000
2LBL 406 3.000 0.2363 0.6765
2LBL 407 4.013 0.1649 0.5882
2LBL 408 3.334 0.2242 0.6471
2LBL 409 1.775 0.2078 0.7941
2LBL 410 1.774 0.2339 0.8382
2LBL 411 1.710 0.2539 0.8382
2LBL 412 1.699 0.2379 0.8382
2LBL 413 1.756 0.2438 0.8382
2LBL 414 1.741 0.2446 0.8382
2LBL 415 1.721 0.2477 0.8382
2LBL 416 1.704 0.2566 0.8382
2LBL 417 1.689 0.2543 0.8382
2LBL 418 1.697 0.2457 0.8382
2LBL 419 1.685 0.2454 0.8382
2LBL 420 1.682 0.2453 0.8382
2LBL 421 1.696 0.2476 0.8382
2LBL 422 1.699 0.2423 0.8382
2LBL 423 1.695 0.2480 0.8382
2LBL 424 1.674 0.2472 0.8382
2LBL 425 1.674 0.2516 0.8382
2LBL 426 1.694 0.2477 0.8382
2LBL 427 1.680 0.2453 0.8382
2LBL 428 1.688 0.2413 0.8382
2LBL 429 1.697 0.2386 0.8382
2LBL 430 1.695 0.2433 0.8382
2LBL 431 1.709 0.2403 0.8382
2LBL 432 1.717 0.2454 0.8382
2LBL 433 1.685 0.2461 0.8382
2LBL 434 1.684 0.2416 0.8382
2LBL 435 1.658 0.2434 0.8382
2LBL 436 1.680 0.2477 0.8382
2LBL 437 1.686 0.2507 0.8382
2LBL 438 1.679 0.2534 0.8382
2LBL 439 1.694 0.2467 0.8382
2LBL 440 1.701 0.2437 0.8382
2LBL 441 1.701 0.2444 0.8382
2LBL 442 1.708 0.2554 0.8382
2LBL 443 1.686 0.2515 0.8382
2LBL 444 1.666 0.2465 0.8382
2LBL 445 1.702 0.2472 0.8382
2LBL 446 1.692 0.2502 0.8382
2LBL 447 1.698 0.2514 0.8382
2LBL 448 1.713 0.2461 0.8382
2LBL 449 1.713 0.2427 0.8382
2LBL 450 1.684 0.2441 0.8382
2LBL 451 1.675 0.2363 0.8382
2LBL 452 1.692 0.2563 0.8382
2LBL 453 1.674 0.2410 0.8382
2LBL 454 1.711 0.2504 0.8382
2LBL 455 1.688 0.2499 0.8382
2LBL 456 1.685 0.2533 0.8382
2LBL 457 1.676 0.2444 0.8382
2LBL 458 1.696 0.2554 0.8382
2LBL 459 1.695 0.2412 0.8382
2LBL 460 1.706 0.2581 0.8382
2LBL 461 1.702 0.2550 0.8382
2LBL 462 1.686 0.2537 0.8382
2LBL 463 1.663 0.2528 0.8382
2LBL 464 1.705 0.2487 0.8382
2LBL 465 1.686 0.2571 0.8382
2LBL 466 1.693 0.2503 0.8382
2LBL 467 1.704 0.2584 0.8382
2LBL 468 1.707 0.2500 0.8382
2LBL 469 1.719 0.2602 0.8382
2LBL 470 1.711 0.2463 0.8382
2LBL 471 1.736 0.2496 0.8382
2LBL 472 1.691 0.2673 0.8382
2LBL 473 1.738 0.2590 0.8382
2LBL 474 1.682 0.2550 0.8382
2LBL 475 1.719 0.2450 0.8382
2LBL 476 1.702 0.2455 0.8382
2LBL 477 1.674 0.2544 0.8382
2LBL 478 1.664 0.2473 0.8382
2LBL 479 1.684 0.2547 0.8382
2LBL 480 1.683 0.2461 0.8382
2LBL 481 1.679 0.2427 0.8382
2LBL 482 1.676 0.2574 0.8382
2LBL 483 1.661 0.2517 0.8382
2LBL 484 1.679 0.2534 0.8382
2LBL 485 1.664 0.2681 0.8382
2LBL 486 1.715 0.2487 0.8382
2LBL 487 1.692 0.2616 0.8382
2LBL 488 1.699 0.2328 0.8382
2LBL 489 1.684 0.2583 0.8382
2LBL 490 1.683 0.2494 0.8382
2LBL 491 1.683 0.2456 0.8382
2LBL 492 1.639 0.2660 0.8382
2LBL 493 1.612 0.2578 0.8382
2LBL 494 1.654 0.2593 0.8382
2LBL 495 1.654 0.2688 0.8529
2LBL 496 1.622 0.2649 0.8382
2LBL 497 1.614 0.2568 0.8382
2LBL 498 1.622 0.2703 0.8382
2LBL 499 1.660 0.2635 0.8382
2LBL 500 1.633 0.2653 0.8382
2LBL 501 1.629 0.2633 0.8529
2LBL 502 1.714 0.2696 0.8382
2LBL 503 1.612 0.2811 0.8529
2LBL 504 1.629 0.2629 0.8382
2LBL 505 1.679 0.2647 0.8529
2LBL 506 1.659 0.2508 0.8382
2LBL 507 1.701 0.2688 0.8382
2LBL 508 1.647 0.2778 0.8382
2LBL 509 1.648 0.2642 0.8382
2LBL 510 1.609 0.2693 0.8382
2LBL 511 1.674 0.2512 0.8382
2LBL 512 1.689 0.2491 0.8382
2LBL 513 1.698 0.2585 0.8382
2LBL 514 1.644 0.2633 0.8382
2LBL 515 1.601 0.2646 0.8382
2LBL 516 1.598 0.2623 0.8382
2LBL 517 1.668 0.2785 0.8529
2LBL 518 1.610 0.2683 0.8529
2LBL 519 1.663 0.2595 0.8382
2LBL 520 1.659 0.2706 0.8382
2LBL 521 1.729 0.2636 0.8382
2LBL 522 1.720 0.2646 0.8382
2LBL 523 1.652 0.2493 0.8382
2LBL 524 1.724 0.2712 0.8382
2LBL 525 1.675 0.2817 0.8382
2LBL 526 1.606 0.2757 0.8529
2LBL 527 1.609 0.2633 0.8382
2LBL 528 1.694 0.2745 0.8382
2LBL 529 1.562 0.2863 0.8382
2LBL 530 1.614 0.2564 0.8382
2LBL 531 1.652 0.2667 0.8382
2LBL 532 1.640 0.2683 0.8382
2LBL 533 1.593 0.2751 0.8529
2LBL 534 1.674 0.2626 0.8382
2LBL 535 1.721 0.2637 0.8382
2LBL 536 1.641 0.2839 0.8529
2LBL 537 1.667 0.3078 0.8382
2LBL 538 1.660 0.2777 0.8382
2LBL 539 1.682 0.2625 0.8382
2LBL 540 1.576 0.2738 0.8529
2LBL 541 1.682 0.2510 0.8382
2LBL 542 1.724 0.2541 0.8382
2LBL 543 1.682 0.2581 0.8529
2LBL 544 1.654 0.2557 0.8382
2LBL 545 1.755 0.2656 0.8382
2LBL 546 1.742 0.2549 0.8382
2LBL 547 1.756 0.2695 0.8382
2LBL 548 1.695 0.2857 0.8382
2LBL 549 1.738 0.3000 0.8382
2LBL 550 1.708 0.3141 0.8382
2LBL 551 1.675 0.2841 0.8382
2LBL 552 1.712 0.2901 0.8382
2LBL 553 1.689 0.2853 0.8382
2LBL 554 1.628 0.3246 0.8382
2LBL 555 1.686 0.3109 0.8382
2LBL 556 1.742 0.2759 0.8382
2LBL 557 1.638 0.3182 0.8529
2LBL 558 1.544 0.3021 0.8529
2LBL 559 1.486 0.3043 0.8676
2LBL 560 1.430 0.3124 0.8382
2LBL 561 1.452 0.2704 0.8529
2LBL 562 1.518 0.2792 0.8676
2LBL 563 1.536 0.3094 0.8382
2LBL 564 1.582 0.2897 0.8382
2LBL 565 1.509 0.2810 0.8235
2LBL 566 1.522 0.2795 0.8382
2LBL 567 1.549 0.2804 0.8235
2LBL 568 1.511 0.2682 0.8382
2LBL 569 1.517 0.3001 0.8382
2LBL 570 1.574 0.3051 0.8382
2LBL 571 1.529 0.3051 0.8382
2LBL 572 1.453 0.2932 0.8529
2LBL 573 1.494 0.2699 0.8382
2LBL 574 1.520 0.2677 0.8382
2LBL 575 1.561 0.2945 0.8382
2LBL 576 1.593 0.2864 0.8382
2LBL 577 1.512 0.3123 0.8382
2LBL 578 1.486 0.2875 0.8382
2LBL 579 1.475 0.2677 0.8382
2LBL 580 1.514 0.2928 0.8382
2LBL 581 1.509 0.2732 0.8382
2LBL 582 1.479 0.2715 0.8382
2LBL 583 1.505 0.2940 0.8382
2LBL 584 1.552 0.2684 0.8088
2LBL 585 1.547 0.2787 0.8382
2LBL 586 1.482 0.2841 0.8235
2LBL 587 1.508 0.2854 0.8382
2LBL 588 1.555 0.2469 0.8382
2LBL 589 1.507 0.2952 0.8382
2LBL 590 1.467 0.2854 0.8382
2LBL 591 1.538 0.2945 0.8382
2LBL 592 1.552 0.2623 0.8235
2LBL 593 1.565 0.2425 0.8088
2LBL 594 1.561 0.2602 0.8235
2LBL 595 1.473 0.3108 0.8382
2LBL 596 1.489 0.2677 0.8382
2LBL 597 1.461 0.2888 0.8382
2LBL 598 1.509 0.2695 0.8382
2LBL 599 1.558 0.2571 0.8235
2LBL 600 1.570 0.2877 0.8235
2LBL 601 1.632 0.2780 0.8235
2LBL 602 1.629 0.3187 0.8382
2LBL 603 1.660 0.3231 0.8382
2LBL 604 1.664 0.3352 0.8088
2LBL 605 1.565 0.3046 0.8235
2LBL 606 1.623 0.2910 0.8235
2LBL 607 1.651 0.2774 0.7941
2LBL 608 1.635 0.2823 0.7941
2LBL 609 1.649 0.3133 0.8088
2LBL 610 1.690 0.2656 0.7941
2LBL 611 1.649 0.3292 0.8088
2LBL 612 1.678 0.2749 0.8088
2LBL 613 1.714 0.2714 0.8088
2LBL 614 1.729 0.2737 0.8088
2LBL 615 1.761 0.2724 0.8088
2LBL 616 1.756 0.2721 0.8088
2LBL 617 1.787 0.2665 0.8088
2LBL 618 1.781 0.2732 0.8088
2LBL 619 1.776 0.2722 0.8088
2LBL 620 1.766 0.2728 0.7941
2LBL 621 1.766 0.2893 0.8088
2LBL 622 1.770 0.2688 0.8088
2LBL 623 1.831 0.2790 0.8088
2LBL 624 1.670 0.2772 0.8088
2LBL 625 1.635 0.2728 0.8088
2LBL 626 1.688 0.2913 0.8088
2LBL 627 1.703 0.2570 0.8088
2LBL 628 1.687 0.2787 0.8088
2LBL 629 1.737 0.2730 0.8088
2LBL 630 1.669 0.2773 0.8088
2LBL 631 1.676 0.2806 0.8088
2LBL 632 1.753 0.2844 0.8088
2LBL 633 1.718 0.2739 0.8088
2LBL 634 1.778 0.2647 0.7941
2LBL 635 1.766 0.2756 0.8088
2LBL 636 1.779 0.2594 0.7941
2LBL 637 1.828 0.2578 0.7941
2LBL 638 1.759 0.2406 0.8088
2LBL 639 1.784 0.2684 0.8088
2LBL 640 1.788 0.2734 0.8088
2LBL 641 1.727 0.2644 0.7941
2LBL 642 1.778 0.2858 0.8088
2LBL 643 1.808 0.2668 0.8088
2LBL 644 1.798 0.2672 0.7794
2LBL 645 1.701 0.2751 0.8088
2LBL 646 1.745 0.2701 0.8088
2LBL 647 1.733 0.2840 0.8088
2LBL 648 1.791 0.2682 0.8088
2LBL 649 1.760 0.2642 0.7794
2LBL 650 1.749 0.2999 0.8088
2LBL 651 1.664 0.3297 0.8088
2LBL 652 1.721 0.3051 0.8088
2LBL 653 1.726 0.3225 0.8088
2LBL 654 1.718 0.2952 0.7941
2LBL 655 1.618 0.3207 0.8088
2LBL 656 1.624 0.2640 0.8235
2LBL 657 1.658 0.2658 0.8088
2LBL 658 1.724 0.2878 0.8088
2LBL 659 1.758 0.2504 0.7941
2LBL 660 1.756 0.2700 0.8088
2LBL 661 1.893 0.2525 0.7647
2LBL 662 1.923 0.2437 0.7647
2LBL 663 1.799 0.2311 0.7647
2LBL 664 1.875 0.2304 0.7647
2LBL 665 1.873 0.2281 0.7500
2LBL 666 1.923 0.1964 0.7500
2LBL 667 1.910 0.1673 0.7647
2LBL 668 1.854 0.1844 0.7794
2LBL 669 1.999 0.1719 0.7500
2LBL 670 1.801 0.1923 0.7794
2LBL 671 1.842 0.1519 0.7794
2LBL 672 1.784 0.1781 0.7647
2LBL 673 1.913 0.1751 0.7500
2LBL 674 1.994 0.1793 0.7647
2LBL 675 1.923 0.1569 0.7647
2LBL 676 1.882 0.1710 0.7647
2LBL 677 1.846 0.1881 0.7647
2LBL 678 1.884 0.2059 0.7500
2LBL 679 1.812 0.1786 0.7647
2LBL 680 1.836 0.1862 0.7647
2LBL 681 1.989 0.1921 0.7500
2LBL 682 1.925 0.2043 0.7647
2LBL 683 1.995 0.2011 0.7794
2LBL 684 1.831 0.1812 0.7500
2LBL 685 2.069 0.1783 0.7206
2LBL 686 2.100 0.1902 0.7206
2LBL 687 1.928 0.1804 0.7500
2LBL 688 2.117 0.1808 0.7647
2LBL 689 1.770 0.1860 0.7941
2LBL 690 1.997 0.1582 0.7647
2LBL 691 1.927 0.1806 0.7647
2LBL 692 1.913 0.2156 0.7500
2LBL 693 2.031 0.1811 0.7353
2LBL 694 1.802 0.1948 0.7794
2LBL 695 1.970 0.1761 0.7647
2LBL 696 2.016 0.1904 0.7647
2LBL 697 2.027 0.1723 0.7647
2LBL 698 2.172 0.2034 0.7353
2LBL 699 2.074 0.1971 0.7500
2LBL 700 2.345 0.1888 0.7353
2LBL 701 2.268 0.1799 0.7353
2LBL 702 2.069 0.1978 0.7500
2LBL 703 2.026 0.1759 0.7647
2LBL 704 2.055 0.1827 0.7647
2LBL 705 2.201 0.1941 0.7500
2LBL 706 2.106 0.1763 0.7353
2LBL 707 2.005 0.1850 0.7500
2LBL 708 2.023 0.1814 0.7500
2LBL 709 2.134 0.1985 0.7353
2LBL 710 2.113 0.1767 0.7647
2LBL 711 1.953 0.1935 0.7794
2LBL 712 2.089 0.2010 0.7500
2LBL 713 2.056 0.1903 0.7353
2LBL 714 2.073 0.1842 0.7500
2LBL 715 2.040 0.1754 0.7647
2LBL 716 1.965 0.1846 0.7500
2LBL 717 1.944 0.2238 0.7794
2LBL 718 2.035 0.1901 0.7353
2LBL 719 1.926 0.1798 0.7500
2LBL 720 2.102 0.1722 0.7353
2LBL 721 2.108 0.1772 0.7353
2LBL 722 2.089 0.1989 0.7500
2LBL 723 1.867 0.2011 0.7794
2LBL 724 2.033 0.1836 0.7500
2LBL 725 1.978 0.2343 0.7647
2LBL 726 2.015 0.2248 0.7647
2LBL 727 2.059 0.1975 0.7647
2LBL 728 2.028 0.1851 0.7353
2LBL 729 2.055 0.1973 0.7500
2LBL 730 2.053 0.1703 0.7353
2LBL 731 1.947 0.2141 0.7941
2LBL 732 2.019 0.1867 0.7500
2LBL 733 1.999 0.1900 0.7500
2LBL 734 2.011 0.1892 0.7647
2LBL 735 2.238 0.1754 0.7353
2LBL 736 2.098 0.1749 0.7647
2LBL 737 2.063 0.1756 0.7647
2LBL 738 1.954 0.1990 0.7647
2LBL 739 1.985 0.1853 0.7500
2LBL 740 2.189 0.1955 0.7353
2LBL 741 2.218 0.1737 0.7353
2LBL 742 2.418 0.1626 0.7206
2LBL 743 2.371 0.1794 0.7206
2LBL 744 2.755 0.1968 0.7059
2LBL 745 2.397 0.1700 0.7353
2LBL 746 2.537 0.1727 0.7206
2LBL 747 2.664 0.1653 0.7059
2LBL 748 2.585 0.1910 0.7059
2LBL 749 2.525 0.1678 0.7059
2LBL 750 2.629 0.1609 0.7059
2LBL 751 2.649 0.1642 0.7059
2LBL 752 2.637 0.1700 0.7206
2LBL 753 2.561 0.1680 0.7059
2LBL 754 2.490 0.1782 0.7059
2LBL 755 2.666 0.1688 0.7059
2LBL 756 2.679 0.1941 0.7059
2LBL 757 2.441 0.1710 0.7206
2LBL 758 2.548 0.1550 0.7206
2LBL 759 2.367 0.2163 0.7206
2LBL 760 2.481 0.1691 0.7206
2LBL 761 2.629 0.1582 0.7059
2LBL 762 2.725 0.1710 0.7059
2LBL 763 2.730 0.1950 0.7059
2LBL 764 2.628 0.1813 0.7059
2LBL 765 2.605 0.1795 0.7206
2LBL 766 2.672 0.2054 0.7059
2LBL 767 2.620 0.1880 0.7059
2LBL 768 2.595 0.1825 0.7059
2LBL 769 2.560 0.1955 0.7353
2LBL 770 2.594 0.1800 0.7059
2LBL 771 2.444 0.1807 0.7206
2LBL 772 2.459 0.1838 0.7353
2LBL 773 2.602 0.1789 0.6912
2LBL 774 2.754 0.1831 0.7059
2LBL 775 2.664 0.1660 0.7059
2LBL 776 2.490 0.1883 0.7206
2LBL 777 2.642 0.1789 0.7059
2LBL 778 2.628 0.2140 0.7059
2LBL 779 2.627 0.1556 0.7059
2LBL 780 2.615 0.1788 0.7059
2LBL 781 2.606 0.1747 0.7059
2LBL 782 2.535 0.1665 0.7206
2LBL 783 2.534 0.1729 0.7206
2LBL 784 2.480 0.1815 0.7206
2LBL 785 2.671 0.1757 0.6912
2LBL 786 2.603 0.1719 0.7206
2LBL 787 2.595 0.1671 0.7059
2LBL 788 2.715 0.1885 0.7059
2LBL 789 2.488 0.1697 0.7059
2LBL 790 2.417 0.2104 0.7500
2LBL 791 2.701 0.1589 0.7059
2LBL 792 2.698 0.1724 0.7059
2LBL 793 2.573 0.1864 0.7059
2LBL 794 2.557 0.1746 0.7059
2LBL 795 2.683 0.2001 0.7059
2LBL 796 2.672 0.1810 0.7059
2LBL 797 2.567 0.1939 0.7206
2LBL 798 2.356 0.1749 0.7353
2LBL 799 2.699 0.1576 0.7059
2LBL 800 2.674 0.1710 0.7059
2LBL 801 2.567 0.1841 0.7059
2LBL 802 2.484 0.1603 0.7059
2LBL 803 2.445 0.1702 0.7353
2LBL 804 2.611 0.1738 0.7059
2LBL 805 2.500 0.1792 0.7059
2LBL 806 2.480 0.1826 0.7206
2LBL 807 2.581 0.1843 0.7059
2LBL 808 2.753 0.1872 0.7059
2LBL 809 2.738 0.1730 0.7059
2LBL 810 2.487 0.1910 0.7206
2LBL 811 2.710 0.1618 0.7059
2LBL 812 2.651 0.1939 0.7059
2LBL 813 2.651 0.1890 0.6912
2LBL 814 2.695 0.1656 0.6912
2LBL 815 2.703 0.1665 0.7059
2LBL 816 2.661 0.1770 0.7206
2LBL 817 2.403 0.1810 0.7206
2LBL 818 2.512 0.1681 0.7206
2LBL 819 2.696 0.1737 0.7353
2LBL 820 2.651 0.1796 0.7059
2LBL 821 2.656 0.1962 0.6912
2LBL 822 2.841 0.1735 0.7059
2LBL 823 2.588 0.1663 0.6912
2LBL 824 2.636 0.1855 0.7059
2LBL 825 2.579 0.1875 0.7059
2LBL 826 2.543 0.1778 0.7059
2LBL 827 2.668 0.2004 0.7059
2LBL 828 2.455 0.1762 0.7353
2LBL 829 2.645 0.1809 0.7059
2LBL 830 2.625 0.1857 0.7206
2LBL 831 2.645 0.1728 0.7059
2LBL 832 2.739 0.1814 0.7059
2LBL 833 2.441 0.1770 0.7353
2LBL 834 2.691 0.1722 0.6912
2LBL 835 2.672 0.1861 0.7206
2LBL 836 2.605 0.1833 0.7059
2LBL 837 2.713 0.1649 0.6912
2LBL 838 2.672 0.1658 0.7059
2LBL 839 2.739 0.1810 0.6912
2LBL 840 2.545 0.1709 0.7059
2LBL 841 2.596 0.1796 0.7206
2LBL 842 2.613 0.1707 0.7206
2LBL 843 2.681 0.1720 0.7059
2LBL 844 2.400 0.1888 0.7206
2LBL 845 2.532 0.1599 0.7206
2LBL 846 2.559 0.1793 0.7206
2LBL 847 2.802 0.1627 0.6912
2LBL 848 2.567 0.2140 0.7206
2LBL 849 2.633 0.2035 0.7059
2LBL 850 2.751 0.1907 0.7059
2LBL 851 2.666 0.1915 0.7059
2LBL 852 2.567 0.1775 0.7206
2LBL 853 2.496 0.2014 0.7059
2LBL 854 2.559 0.2018 0.7500
2LBL 855 2.649 0.1915 0.7059
2LBL 856 2.628 0.1826 0.7059
2LBL 857 2.551 0.1990 0.7059
2LBL 858 2.682 0.2046 0.6912
2LBL 859 2.531 0.1841 0.7059
2LBL 860 2.338 0.1782 0.7500
2LBL 861 2.537 0.2016 0.7206
2LBL 862 2.522 0.1728 0.7059
2LBL 863 2.609 0.1728 0.7206
2LBL 864 2.321 0.2132 0.7353
2LBL 865 2.077 0.2086 0.7647
2LBL 866 2.254 0.1884 0.7500
2LBL 867 2.418 0.1717 0.7500
2LBL 868 2.617 0.2073 0.7206
2LBL 869 2.740 0.1876 0.7059
2LBL 870 2.423 0.2217 0.7500
2LBL 871 2.704 0.1868 0.7353
2LBL 872 2.534 0.2022 0.7206
2LBL 873 2.492 0.2051 0.7500
2LBL 874 2.582 0.1995 0.7059
2LBL 875 2.476 0.1767 0.7500
2LBL 876 2.409 0.1886 0.7353
2LBL 877 2.528 0.1818 0.7206
2LBL 878 2.161 0.1822 0.7353
2LBL 879 2.390 0.2039 0.7206
2LBL 880 2.556 0.2007 0.6912
2LBL 881 2.327 0.1982 0.7353
2LBL 882 2.343 0.2237 0.7353
2LBL 883 2.214 0.1799 0.7353
2LBL 884 2.444 0.1990 0.7206
2LBL 885 2.443 0.2304 0.7206
2LBL 886 2.467 0.1830 0.7206
2LBL 887 2.431 0.2037 0.7353
2LBL 888 2.433 0.1905 0.7500
2LBL 889 2.641 0.1735 0.7059
2LBL 890 2.700 0.1954 0.7206
2LBL 891 2.699 0.1975 0.7059
2LBL 892 2.368 0.1892 0.7353
2LBL 893 2.634 0.1898 0.6912
2LBL 894 2.476 0.2113 0.7206
2LBL 895 2.551 0.1742 0.7206
2LBL 896 2.751 0.2156 0.7059
2LBL 897 2.349 0.1801 0.7500
2LBL 898 2.457 0.1590 0.7500
2LBL 899 2.696 0.1843 0.6912
2LBL 900 2.532 0.1915 0.6912
2LBL 901 2.515 0.1998 0.7353
2LBL 902 2.483 0.1789 0.7353
2LBL 903 2.278 0.1791 0.7353
2LBL 904 2.477 0.2163 0.7647
2LBL 905 2.543 0.1890 0.7059
2LBL 906 2.427 0.2068 0.7059
2LBL 907 2.498 0.1871 0.7500
2LBL 908 2.164 0.2061 0.7647
2LBL 909 2.290 0.1873 0.7353
2LBL 910 2.349 0.1920 0.7353
2LBL 911 2.379 0.2021 0.7206
2LBL 912 2.280 0.2155 0.7500
2LBL 913 2.589 0.2101 0.7206
2LBL 914 2.532 0.1925 0.7500
2LBL 915 2.608 0.2004 0.7059
2LBL 916 2.584 0.1927 0.7206
2LBL 917 2.531 0.1879 0.7206
2LBL 918 2.492 0.2205 0.7206
2LBL 919 2.533 0.1771 0.7206
2LBL 920 2.702 0.2031 0.7059
2LBL 921 2.445 0.1868 0.7353
2LBL 922 2.294 0.2058 0.7500
2LBL 923 2.268 0.1764 0.7353
2LBL 924 2.336 0.1877 0.7353
2LBL 925 2.604 0.2259 0.7059
2LBL 926 2.814 0.1948 0.7059
2LBL 927 2.514 0.2017 0.6912
2LBL 928 2.457 0.2169 0.7059
2LBL 929 2.428 0.2184 0.7353
2LBL 930 2.468 0.2061 0.7353
2LBL 931 2.103 0.2350 0.7647
2LBL 932 2.250 0.1867 0.7353
2LBL 933 2.301 0.2119 0.7353
2LBL 934 2.514 0.1975 0.7059
2LBL 935 2.365 0.1912 0.7353
2LBL 936 2.213 0.2342 0.7941
2LBL 937 2.504 0.2312 0.7206
2LBL 938 2.416 0.2183 0.7353
2LBL 939 2.476 0.2454 0.7206
2LBL 940 2.304 0.1929 0.7500
2LBL 941 2.282 0.2017 0.7647
2LBL 942 2.319 0.2090 0.7353
2LBL 943 2.468 0.2081 0.7353
2LBL 944 2.359 0.1790 0.7206
2LBL 945 2.404 0.2433 0.7500
2LBL 946 2.350 0.2215 0.7353
2LBL 947 2.584 0.2126 0.7353
2LBL 948 2.582 0.2064 0.7353
2LBL 949 2.622 0.2224 0.7353
2LBL 950 2.570 0.2079 0.7500
2LBL 951 2.725 0.2283 0.7059
2LBL 952 2.231 0.2226 0.7647
2LBL 953 2.227 0.1884 0.7500
2LBL 954 2.620 0.1984 0.7059
2LBL 955 2.266 0.2302 0.7500
2LBL 956 2.527 0.1814 0.7353
2LBL 957 2.758 0.2279 0.7059
2LBL 958 2.584 0.1840 0.7353
2LBL 959 2.578 0.2324 0.7353
2LBL 960 2.262 0.1952 0.7647
2LBL 961 2.274 0.2111 0.7353
2LBL 962 2.292 0.2071 0.7353
2LBL 963 2.494 0.2442 0.7353
2LBL 964 2.196 0.1938 0.7647
2LBL 965 2.523 0.1824 0.7059
2LBL 966 2.568 0.1947 0.7206
2LBL 967 2.324 0.2036 0.7500
2LBL 968 2.340 0.2114 0.7353
2LBL 969 2.455 0.2008 0.7353
2LBL 970 2.343 0.1935 0.7500
2LBL 971 2.162 0.2253 0.7794
2LBL 972 2.404 0.2194 0.7794
2LBL 973 2.563 0.1953 0.7206
2LBL 974 2.582 0.2153 0.7353
2LBL 975 2.175 0.2364 0.7647
2LBL 976 2.178 0.1921 0.7647
2LBL 977 2.669 0.2122 0.7059
2LBL 978 2.588 0.2401 0.7206
2LBL 979 2.447 0.1963 0.7500
2LBL 980 2.107 0.2092 0.7647
2LBL 981 2.214 0.1931 0.7500
2LBL 982 2.430 0.1928 0.7206
2LBL 983 2.497 0.2199 0.7206
2LBL 984 2.545 0.2320 0.7206
2LBL 985 2.293 0.2151 0.7500
2LBL 986 2.215 0.2223 0.7647
2LBL 987 2.472 0.2361 0.7353
2LBL 988 2.677 0.2337 0.7353
2LBL 989 2.359 0.2191 0.7500
2LBL 990 2.551 0.2209 0.7353
2LBL 991 2.433 0.2088 0.7500
2LBL 992 2.405 0.2122 0.7500
2LBL 993 2.287 0.2881 0.7353
2LBL 994 2.709 0.2010 0.7353
2LBL 995 2.582 0.2214 0.7353
2LBL 996 2.488 0.2258 0.7647
2LBL 997 2.540 0.2031 0.7206
2LBL 998 2.567 0.2434 0.7353
2LBL 999 2.466 0.2475 0.7500
2LBL 1000 2.458 0.1788 0.7500
2LBL 1001 2.435 0.2500 0.7500
2LBL 1002 2.212 0.2234 0.7647
2LBL 1003 2.541 0.2255 0.7353
2LBL 1004 2.582 0.2237 0.7353
2LBL 1005 2.792 0.2134 0.7059
2LBL 1006 2.651 0.1759 0.7059
2LBL 1007 2.421 0.2063 0.7353
2LBL 1008 2.596 0.2229 0.7206
2LBL 1009 2.469 0.2268 0.7353
2LBL 1010 2.674 0.2167 0.7353
2LBL 1011 2.397 0.1875 0.7647
2LBL 1012 2.363 0.2201 0.7206
2LBL 1013 2.802 0.2082 0.7206
2LBL 1014 2.483 0.2382 0.7647
2LBL 1015 2.652 0.2118 0.7206
2LBL 1016 2.320 0.2209 0.7353
2LBL 1017 2.260 0.1986 0.7647
2LBL 1018 2.380 0.2145 0.7500
2LBL 1019 2.203 0.2038 0.7647
2LBL 1020 2.695 0.2449 0.7206
2LBL 1021 2.897 0.2240 0.7059
2LBL 1022 2.650 0.2399 0.7059
2LBL 1023 2.622 0.1776 0.7500
2LBL 1024 2.491 0.1815 0.7353
2LBL 1025 2.241 0.2371 0.7500
2LBL 1026 2.483 0.1882 0.7353
2LBL 1027 2.593 0.1829 0.7206
2LBL 1028 2.687 0.2180 0.7794
2LBL 1029 2.380 0.1925 0.7500
2LBL 1030 2.321 0.2421 0.7500
2LBL 1031 2.554 0.2207 0.7059
2LBL 1032 2.361 0.2442 0.7647
2LBL 1033 2.191 0.2180 0.7647
2LBL 1034 2.557 0.2140 0.7206
2LBL 1035 2.200 0.1957 0.7647
2LBL 1036 2.310 0.2179 0.7647
2LBL 1037 2.545 0.2175 0.7353
2LBL 1038 2.179 0.1975 0.7647
2LBL 1039 2.278 0.2332 0.7647
2LBL 1040 2.544 0.1785 0.7206
2LBL 1041 2.408 0.2126 0.7353
2LBL 1042 2.529 0.1839 0.7206
2LBL 1043 2.429 0.2240 0.7647
2LBL 1044 2.356 0.1878 0.7500
2LBL 1045 2.750 0.2020 0.7206
2LBL 1046 2.546 0.2239 0.7059
2LBL 1047 2.159 0.2158 0.7647
2LBL 1048 2.197 0.2157 0.7500
2LBL 1049 2.266 0.2215 0.7500
2LBL 1050 2.271 0.1972 0.7647
2LBL 1051 2.437 0.2006 0.7500
2LBL 1052 2.521 0.1947 0.7647
2LBL 1053 2.129 0.2005 0.7647
2LBL 1054 1.791 0.1910 0.7647
2LBL 1055 2.497 0.2276 0.7353
2LBL 1056 2.440 0.2152 0.7647
2LBL 1057 2.268 0.2509 0.7794
2LBL 1058 2.773 0.2194 0.7353
2LBL 1059 2.582 0.2043 0.7206
2LBL 1060 2.474 0.1855 0.7500
2LBL 1061 2.461 0.2009 0.7353
2LBL 1062 2.390 0.1843 0.7353
2LBL 1063 2.496 0.2197 0.7647
2LBL 1064 2.326 0.2206 0.7647
2LBL 1065 2.231 0.2202 0.7647
2LBL 1066 2.187 0.2026 0.7500
2LBL 1067 2.166 0.2308 0.7647
2LBL 1068 2.200 0.2157 0.7647
2LBL 1069 2.156 0.1807 0.7794
2LBL 1070 2.505 0.2243 0.7353
2LBL 1071 2.585 0.2425 0.7500
2LBL 1072 2.488 0.2360 0.7500
2LBL 1073 2.611 0.1880 0.7353
2LBL 1074 2.143 0.2061 0.7794
2LBL 1075 2.551 0.1987 0.7500
2LBL 1076 2.528 0.2150 0.7206
2LBL 1077 2.314 0.1979 0.7794
2LBL 1078 2.521 0.1920 0.7206
2LBL 1079 2.319 0.2073 0.7647
2LBL 1080 2.189 0.2167 0.7794
2LBL 1081 2.188 0.2536 0.7500
2LBL 1082 2.231 0.1915 0.7500
2LBL 1083 2.197 0.2198 0.7647
2LBL 1084 2.568 0.2097 0.7206
2LBL 1085 2.316 0.2133 0.7500
2LBL 1086 2.178 0.2214 0.7500
2LBL 1087 2.394 0.2019 0.7206
2LBL 1088 2.534 0.2251 0.7353
2LBL 1089 2.482 0.1990 0.7500
2LBL 1090 2.428 0.2021 0.7206
2LBL 1091 2.610 0.1864 0.7206
2LBL 1092 2.293 0.1903 0.7500
2LBL 1093 2.360 0.1818 0.7353
2LBL 1094 2.410 0.1936 0.7647
2LBL 1095 2.426 0.1914 0.7206
2LBL 1096 2.638 0.1927 0.7353
2LBL 1097 2.516 0.1829 0.7353
2LBL 1098 2.567 0.1742 0.7206
2LBL 1099 2.438 0.1559 0.6912
2LBL 1100 2.525 0.1710 0.7059
2LBL 1101 2.423 0.1877 0.7206
2LBL 1102 2.431 0.1857 0.7353
2LBL 1103 2.380 0.2030 0.7353
2LBL 1104 2.324 0.1922 0.7353
2LBL 1105 2.384 0.2187 0.7353
2LBL 1106 2.420 0.1979 0.7353
2LBL 1107 2.364 0.1981 0.7353
2LBL 1108 2.285 0.1887 0.7500
2LBL 1109 2.428 0.2056 0.7353
2LBL 1110 2.523 0.1960 0.7353
2LBL 1111 2.507 0.2171 0.7059
2LBL 1112 2.610 0.1650 0.7206
2LBL 1113 2.061 0.1882 0.7353
2LBL 1114 2.485 0.1847 0.7353
2LBL 1115 2.572 0.1684 0.7206
2LBL 1116 2.125 0.1677 0.7794
2LBL 1117 2.403 0.1746 0.7353
2LBL 1118 2.403 0.2026 0.7353
2LBL 1119 2.679 0.1956 0.7353
2LBL 1120 2.369 0.2048 0.7500
2LBL 1121 2.370 0.1955 0.7500
2LBL 1122 2.168 0.1747 0.7647
2LBL 1123 2.505 0.1924 0.7206
2LBL 1124 2.433 0.2000 0.7353
2LBL 1125 2.276 0.1896 0.7500
2LBL 1126 2.430 0.2003 0.7500
2LBL 1127 2.399 0.1698 0.7353
2LBL 1128 2.131 0.1731 0.7353
2LBL 1129 2.038 0.1913 0.7647
2LBL 1130 2.318 0.1676 0.7500
2LBL 1131 2.167 0.1736 0.7353
2LBL 1132 2.335 0.1793 0.7647
2LBL 1133 2.355 0.1939 0.7206
2LBL 1134 2.314 0.1867 0.7353
2LBL 1135 2.641 0.1975 0.7059
2LBL 1136 2.841 0.1796 0.7059
2LBL 1137 2.100 0.1857 0.7353
2LBL 1138 2.540 0.1710 0.7353
2LBL 1139 2.146 0.2255 0.7500
2LBL 1140 2.532 0.1790 0.7206
2LBL 1141 2.388 0.1995 0.7500
2LBL 1142 2.407 0.1719 0.7353
2LBL 1143 2.573 0.1854 0.7206
2LBL 1144 2.341 0.1752 0.7353
2LBL 1145 2.455 0.1891 0.7353
2LBL 1146 2.198 0.2024 0.7647
2LBL 1147 2.427 0.1681 0.7206
2LBL 1148 2.653 0.1836 0.7353
2LBL 1149 2.498 0.1869 0.7500
2LBL 1150 2.436 0.1978 0.7206
2LBL 1151 2.371 0.1493 0.7500
2LBL 1152 2.339 0.1718 0.7353
2LBL 1153 1.789 0.2335 0.7647
2LBL 1154 2.169 0.2050 0.7500
2LBL 1155 2.810 0.1901 0.7059
2LBL 1156 2.522 0.1900 0.7500
2LBL 1157 2.144 0.1796 0.7647
2LBL 1158 2.357 0.1987 0.7353
2LBL 1159 2.403 0.2363 0.7500
2LBL 1160 2.608 0.2244 0.7059
2LBL 1161 2.462 0.2051 0.7206
2LBL 1162 2.614 0.1834 0.7059
2LBL 1163 2.396 0.2100 0.7353
2LBL 1164 2.671 0.2099 0.6912
2LBL 1165 2.475 0.2007 0.7353
2LBL 1166 2.453 0.2124 0.7353
2LBL 1167 2.287 0.2186 0.7500
2LBL 1168 2.348 0.1838 0.7353
2LBL 1169 2.469 0.1859 0.7206
2LBL 1170 2.349 0.2028 0.7500
2LBL 1171 2.345 0.2250 0.7353
2LBL 1172 2.283 0.1626 0.7500
2LBL 1173 2.388 0.2081 0.7206
2LBL 1174 2.161 0.1833 0.7500
2LBL 1175 2.653 0.2026 0.7059
2LBL 1176 2.374 0.1845 0.7353
2LBL 1177 2.168 0.2110 0.7647
2LBL 1178 2.524 0.1700 0.7353
2LBL 1179 2.108 0.1736 0.7647
2LBL 1180 2.437 0.2002 0.7353
2LBL 1181 2.234 0.1887 0.7647
2LBL 1182 2.133 0.1608 0.7647
2LBL 1183 2.668 0.1903 0.7059
2LBL 1184 2.162 0.1973 0.7500
2LBL 1185 2.201 0.2100 0.7647
2LBL 1186 2.306 0.1744 0.7500
2LBL 1187 2.602 0.2082 0.7059
2LBL 1188 2.515 0.1811 0.7059
2LBL 1189 2.472 0.1449 0.7059
2LBL 1190 2.307 0.1915 0.7500
2LBL 1191 2.337 0.1759 0.7206
2LBL 1192 2.472 0.2111 0.7500
2LBL 1193 2.556 0.2037 0.7206
2LBL 1194 2.475 0.1934 0.7059
2LBL 1195 2.403 0.1962 0.7353
2LBL 1196 2.127 0.2093 0.7941
2LBL 1197 2.329 0.2011 0.7500
2LBL 1198 2.684 0.1726 0.7353
2LBL 1199 2.350 0.2053 0.7647
2LBL 1200 2.416 0.1924 0.7206
2LBL 1201 2.174 0.2187 0.7647
2LBL 1202 2.378 0.1927 0.7206
2LBL 1203 2.241 0.1650 0.7500
2LBL 1204 2.307 0.1986 0.7353
2LBL 1205 2.035 0.1593 0.7794
2LBL 1206 2.240 0.1729 0.7500
2LBL 1207 2.673 0.2000 0.7206
2LBL 1208 2.014 0.2004 0.7941
2LBL 1209 2.383 0.1950 0.7500
2LBL 1210 2.398 0.2078 0.7500
2LBL 1211 2.223 0.2405 0.7794
2LBL 1212 2.434 0.1856 0.7353
2LBL 1213 2.314 0.2087 0.7353
2LBL 1214 2.330 0.1869 0.7647
2LBL 1215 2.441 0.1768 0.7059
2LBL 1216 2.586 0.2112 0.6912
2LBL 1217 2.443 0.2120 0.7059
2LBL 1218 2.561 0.1699 0.7353
2LBL 1219 2.431 0.1847 0.7353
2LBL 1220 2.122 0.1926 0.7647
2LBL 1221 2.432 0.1779 0.7500
2LBL 1222 2.559 0.1661 0.7059
2LBL 1223 2.083 0.1744 0.7647
2LBL 1224 2.345 0.1986 0.7353
2LBL 1225 2.242 0.1958 0.7353
2LBL 1226 2.223 0.1984 0.7353
2LBL 1227 2.361 0.2024 0.7353
2LBL 1228 2.405 0.1842 0.7206
2LBL 1229 2.086 0.1995 0.7500
2LBL 1230 2.328 0.1674 0.7500
2LBL 1231 2.349 0.1837 0.7500
2LBL 1232 2.298 0.2245 0.7353
2LBL 1233 2.603 0.1941 0.7206
2LBL 1234 2.313 0.2151 0.7500
2LBL 1235 2.396 0.1830 0.7500
2LBL 1236 2.103 0.1905 0.7500
2LBL 1237 1.971 0.2389 0.7500
2LBL 1238 2.333 0.1838 0.7500
2LBL 1239 2.298 0.1728 0.7206
2LBL 1240 2.358 0.1950 0.7500
2LBL 1241 2.110 0.1654 0.7647
2LBL 1242 2.407 0.1852 0.7206
2LBL 1243 2.369 0.1652 0.7206
2LBL 1244 2.116 0.1827 0.7794
2LBL 1245 2.357 0.2229 0.7647
2LBL 1246 2.505 0.2042 0.7353
2LBL 1247 2.303 0.1907 0.7500
2LBL 1248 2.116 0.2009 0.7647
2LBL 1249 2.249 0.2073 0.7647
2LBL 1250 2.321 0.1857 0.7941
2LBL 1251 2.306 0.1983 0.7647
2LBL 1252 2.123 0.1877 0.7794
2LBL 1253 2.137 0.2038 0.7500
2LBL 1254 2.227 0.1992 0.7941
2LBL 1255 2.657 0.1648 0.7206
2LBL 1256 2.239 0.2067 0.7647
2LBL 1257 2.145 0.1711 0.7794
2LBL 1258 2.337 0.1836 0.7647
2LBL 1259 2.322 0.2041 0.7647
2LBL 1260 2.548 0.2246 0.7500
2LBL 1261 2.439 0.1883 0.7353
2LBL 1262 2.435 0.1644 0.7500
2LBL 1263 2.219 0.1864 0.7647
2LBL 1264 2.360 0.1960 0.7353
2LBL 1265 2.604 0.1857 0.7059
2LBL 1266 2.374 0.2163 0.7353
2LBL 1267 2.185 0.2053 0.7647
2LBL 1268 2.560 0.2187 0.7353
2LBL 1269 2.190 0.2335 0.7647
2LBL 1270 2.442 0.2006 0.7500
2LBL 1271 2.332 0.2283 0.7647
2LBL 1272 2.114 0.2596 0.7500
2LBL 1273 2.380 0.1913 0.7500
2LBL 1274 2.404 0.1938 0.7353
2LBL 1275 2.313 0.1938 0.7500
2LBL 1276 2.317 0.2044 0.7794
2LBL 1277 2.176 0.2304 0.7647
2LBL 1278 2.369 0.2167 0.7500
2LBL 1279 2.306 0.1927 0.7794
2LBL 1280 2.376 0.1845 0.7500
2LBL 1281 2.205 0.1790 0.7647
2LBL 1282 2.510 0.1909 0.7206
2LBL 1283 2.169 0.2118 0.7647
2LBL 1284 2.367 0.2501 0.7794
2LBL 1285 2.069 0.2086 0.7647
2LBL 1286 2.316 0.2101 0.7794
2LBL 1287 2.506 0.2093 0.7647
2LBL 1288 2.138 0.2156 0.7647
2LBL 1289 2.629 0.1909 0.7206
2LBL 1290 2.496 0.2171 0.7647
2LBL 1291 2.459 0.1938 0.7794
2LBL 1292 2.216 0.2339 0.7647
2LBL 1293 2.461 0.1957 0.7500
2LBL 1294 2.227 0.1792 0.7353
2LBL 1295 2.271 0.2091 0.7647
2LBL 1296 2.546 0.2126 0.7647
2LBL 1297 2.603 0.2087 0.7794
2LBL 1298 2.468 0.2236 0.7794
2LBL 1299 2.365 0.2164 0.7794
2LBL 1300 2.570 0.2012 0.7059
2LBL 1301 2.525 0.2043 0.7206
2LBL 1302 2.657 0.2120 0.7500
2LBL 1303 2.447 0.1744 0.7059
2LBL 1304 2.607 0.1983 0.7353
2LBL 1305 2.215 0.2249 0.7794
2LBL 1306 2.237 0.2026 0.7647
2LBL 1307 2.286 0.2501 0.7794
2LBL 1308 2.305 0.2263 0.7353
2LBL 1309 2.541 0.2460 0.7794
2LBL 1310 2.457 0.2058 0.7353
2LBL 1311 2.670 0.2277 0.7059
2LBL 1312 2.207 0.1868 0.7941
2LBL 1313 2.416 0.2037 0.7500
2LBL 1314 2.297 0.1802 0.7500
2LBL 1315 2.473 0.2251 0.7794
2LBL 1316 2.299 0.2004 0.7794
2LBL 1317 2.214 0.1920 0.7794
2LBL 1318 2.484 0.1846 0.7500
2LBL 1319 2.441 0.2407 0.7647
2LBL 1320 2.145 0.2408 0.8235
2LBL 1321 2.487 0.2587 0.7794
2LBL 1322 2.200 0.2077 0.7941
2LBL 1323 2.463 0.1815 0.7500
2LBL 1324 2.176 0.1808 0.7500
2LBL 1325 2.072 0.1974 0.7941
2LBL 1326 2.388 0.1751 0.7059
2LBL 1327 2.095 0.2117 0.8235
2LBL 1328 2.194 0.2303 0.7647
2LBL 1329 2.482 0.1710 0.7353
2LBL 1330 2.207 0.2070 0.7794
2LBL 1331 2.252 0.1785 0.7647
2LBL 1332 2.507 0.1709 0.7206
2LBL 1333 2.272 0.1774 0.7647
2LBL 1334 2.549 0.1769 0.7353
2LBL 1335 2.081 0.1687 0.7941
2LBL 1336 2.319 0.1929 0.7647
2LBL 1337 2.828 0.1595 0.7059
2LBL 1338 2.389 0.1470 0.7353
2LBL 1339 2.632 0.1701 0.7500
2LBL 1340 2.605 0.2156 0.7206
2LBL 1341 2.286 0.1952 0.7059
2LBL 1342 2.393 0.1587 0.6765
2LBL 1343 2.146 0.2539 0.7500
2LBL 1344 2.555 0.1559 0.6765
2LBL 1345 2.354 0.1385 0.7500
2LBL 1346 2.216 0.1802 0.7206
2LBL 1347 2.089 0.1816 0.7794
2LBL 1348 2.154 0.1884 0.7206
2LBL 1349 2.064 0.1823 0.7647
2LBL 1350 1.776 0.1679 0.7647
2LBL 1351 1.681 0.1731 0.7941
2LBL 1352 2.020 0.1698 0.7353
2LBL 1353 2.067 0.2257 0.7941
2LBL 1354 1.924 0.1483 0.7206
2LBL 1355 1.838 0.2049 0.7647
2LBL 1356 2.070 0.1641 0.7353
2LBL 1357 1.723 0.1929 0.7794
2LBL 1358 1.941 0.1960 0.7647
2LBL 1359 1.971 0.1676 0.7353
2LBL 1360 2.022 0.1922 0.7353
2LBL 1361 2.293 0.1236 0.7059
2LBL 1362 2.147 0.1507 0.7647
2LBL 1363 2.097 0.1625 0.7500
2LBL 1364 1.965 0.1848 0.7794
2LBL 1365 1.980 0.1835 0.7647
2LBL 1366 2.075 0.1393 0.7353
2LBL 1367 1.960 0.1727 0.7500
2LBL 1368 1.926 0.1562 0.7647
2LBL 1369 2.287 0.1437 0.7500
2LBL 1370 2.414 0.1591 0.7500
2LBL 1371 2.653 0.1446 0.7206
2LBL 1372 2.077 0.1978 0.7206
2LBL 1373 1.790 0.1579 0.7794
2LBL 1374 2.247 0.1183 0.7059
2LBL 1375 2.277 0.1421 0.7353
2LBL 1376 1.934 0.1638 0.7647
2LBL 1377 1.963 0.2310 0.7647
2LBL 1378 1.971 0.1895 0.7500
2LBL 1379 2.040 0.1449 0.7206
2LBL 1380 1.912 0.1468 0.7353
2LBL 1381 1.583 0.2224 0.8088
2LBL 1382 2.063 0.1945 0.7500
2LBL 1383 1.894 0.1798 0.7500
2LBL 1384 2.179 0.1675 0.7500
2LBL 1385 1.963 0.1382 0.7353
2LBL 1386 1.812 0.1485 0.7500
2LBL 1387 1.836 0.2664 0.7941
2LBL 1388 1.918 0.1439 0.7353
2LBL 1389 1.972 0.1870 0.7941
2LBL 1390 1.775 0.1890 0.7647
2LBL 1391 2.040 0.1403 0.7206
2LBL 1392 2.097 0.1851 0.7647
2LBL 1393 1.571 0.2159 0.7794
2LBL 1394 2.369 0.1792 0.7500
2LBL 1395 2.271 0.1866 0.7353
2LBL 1396 2.177 0.1576 0.7353
2LBL 1397 2.229 0.1518 0.7500
2LBL 1398 2.295 0.1547 0.7206
2LBL 1399 2.311 0.1650 0.7206
2LBL 1400 2.210 0.1579 0.7206
2LBL 1401 2.189 0.2038 0.7353
2LBL 1402 2.133 0.1699 0.7500
2LBL 1403 2.209 0.1979 0.7647
2LBL 1404 2.045 0.2017 0.7647
2LBL 1405 2.092 0.1467 0.7353
2LBL 1406 1.904 0.2122 0.7647
2LBL 1407 2.198 0.1444 0.7059
2LBL 1408 2.340 0.1813 0.7500
2LBL 1409 2.461 0.1735 0.7206
2LBL 1410 2.614 0.1588 0.7059
2LBL 1411 2.340 0.2195 0.7353
2LBL 1412 2.301 0.2111 0.7353
2LBL 1413 1.953 0.2008 0.7941
2LBL 1414 2.502 0.1610 0.7206
2LBL 1415 2.354 0.1639 0.7206
2LBL 1416 2.280 0.1889 0.7353
2LBL 1417 2.614 0.2003 0.7059
2LBL 1418 2.355 0.1822 0.7500
2LBL 1419 2.285 0.1499 0.7059
2LBL 1420 2.333 0.2060 0.7353
2LBL 1421 2.275 0.1480 0.7353
2LBL 1422 2.127 0.1701 0.7353
2LBL 1423 2.056 0.1912 0.7500
2LBL 1424 1.910 0.1942 0.7647
2LBL 1425 2.175 0.1470 0.7353
2LBL 1426 1.981 0.2159 0.7500
2LBL 1427 1.917 0.1945 0.7794
2LBL 1428 2.213 0.1486 0.7353
2LBL 1429 2.404 0.1857 0.7059
2LBL 1430 1.652 0.1799 0.8235
2LBL 1431 1.866 0.1656 0.7647
2LBL 1432 2.188 0.2507 0.7647
2LBL 1433 1.733 0.1824 0.7647
2LBL 1434 1.754 0.2309 0.7941
2LBL 1435 1.885 0.1917 0.7794
2LBL 1436 2.278 0.1701 0.7059
2LBL 1437 2.029 0.2214 0.7500
2LBL 1438 1.940 0.2085 0.7794
2LBL 1439 1.944 0.1887 0.7647
2LBL 1440 1.863 0.1657 0.7647
2LBL 1441 1.621 0.2032 0.7941
2LBL 1442 1.839 0.1910 0.7500
2LBL 1443 2.026 0.1878 0.7647
2LBL 1444 2.030 0.1889 0.7647
2LBL 1445 1.989 0.2514 0.7647
2LBL 1446 1.963 0.1906 0.7794
2LBL 1447 2.103 0.1934 0.7794
2LBL 1448 1.958 0.2091 0.7794
2LBL 1449 1.696 0.2043 0.8088
2LBL 1450 2.052 0.1697 0.7500
2LBL 1451 2.074 0.1872 0.7647
2LBL 1452 1.927 0.2143 0.7794
2LBL 1453 1.911 0.2611 0.8235
2LBL 1454 2.141 0.2081 0.7941
2LBL 1455 2.304 0.2509 0.7647
2LBL 1456 2.150 0.1762 0.7794
2LBL 1457 2.301 0.1913 0.7941
2LBL 1458 2.298 0.2059 0.7500
2LBL 1459 2.822 0.2046 0.7059
2LBL 1460 2.387 0.2310 0.7647
2LBL 1461 2.616 0.2233 0.7794
2LBL 1462 2.717 0.2362 0.7206
2LBL 1463 2.708 0.2231 0.7353
2LBL 1464 2.800 0.2116 0.7353
2LBL 1465 1.990 0.2186 0.7941
2LBL 1466 2.081 0.2228 0.7647
2LBL 1467 2.349 0.1690 0.7206
2LBL 1468 2.208 0.1660 0.7500
2LBL 1469 2.942 0.1603 0.7059
2LBL 1470 2.646 0.1867 0.7059
2LBL 1471 2.461 0.2001 0.7353
2LBL 1472 2.789 0.1565 0.7059
2LBL 1473 2.784 0.1729 0.7059
2LBL 1474 2.734 0.1758 0.7059
2LBL 1475 2.504 0.2051 0.7353
2LBL 1476 2.622 0.1912 0.7206
2LBL 1477 2.823 0.2142 0.7206
2LBL 1478 2.923 0.1881 0.7206
2LBL 1479 3.321 0.1702 0.6765
2LBL 1480 3.211 0.2017 0.7353
2LBL 1481 3.102 0.1859 0.6765
2LBL 1482 3.343 0.1823 0.7059
2LBL 1483 3.105 0.1523 0.6912
2LBL 1484 3.330 0.1925 0.6912
2LBL 1485 2.843 0.1919 0.7206
2LBL 1486 2.511 0.2101 0.7206
2LBL 1487 2.566 0.2199 0.7206
2LBL 1488 1.988 0.1749 0.7500
2LBL 1489 2.098 0.1895 0.7500
2LBL 1490 2.147 0.1742 0.7353
2LBL 1491 2.377 0.2064 0.7500
2LBL 1492 2.077 0.2287 0.7500
2LBL 1493 1.957 0.2598 0.8088
2LBL 1494 1.966 0.1570 0.7353
2LBL 1495 2.124 0.1611 0.7353
2LBL 1496 2.008 0.1921 0.7794
2LBL 1497 1.895 0.2449 0.7794
2LBL 1498 2.375 0.2184 0.7353
2LBL 1499 2.224 0.1880 0.7794
2LBL 1500 2.207 0.2367 0.8088
2LBL 1501 2.332 0.2230 0.7794
2LBL 1502 2.054 0.2245 0.7794
2LBL 1503 1.533 0.2639 0.8529
2LBL 1504 2.044 0.1624 0.7647
2LBL 1505 1.824 0.2192 0.7794
2LBL 1506 2.070 0.1753 0.7647
2LBL 1507 2.747 0.2183 0.7206
2LBL 1508 2.177 0.2093 0.7794
2LBL 1509 2.317 0.2959 0.7941
2LBL 1510 1.976 0.2437 0.7941
2LBL 1511 1.891 0.2033 0.7941
2LBL 1512 1.642 0.2094 0.7941
2LBL 1513 2.082 0.1560 0.7647
2LBL 1514 1.650 0.2403 0.8088
2LBL 1515 1.691 0.2499 0.8235
2LBL 1516 1.922 0.2359 0.7794
2LBL 1517 2.152 0.1863 0.7500
2LBL 1518 1.970 0.1960 0.7500
2LBL 1519 1.415 0.2996 0.8824
2LBL 1520 1.761 0.1924 0.8235
2LBL 1521 1.530 0.2543 0.8382
2LBL 1522 2.101 0.2326 0.8088
2LBL 1523 2.024 0.1880 0.7647
2LBL 1524 1.508 0.2295 0.8382
2LBL 1525 1.875 0.2046 0.8235
2LBL 1526 2.283 0.1961 0.7647
2LBL 1527 2.164 0.2342 0.8088
2LBL 1528 2.929 0.1553 0.7059
2LBL 1529 2.260 0.2331 0.8235
2LBL 1530 2.578 0.1949 0.7500
2LBL 1531 3.001 0.1605 0.7059
2LBL 1532 2.260 0.1690 0.7794
2LBL 1533 2.341 0.2428 0.7647
2LBL 1534 2.272 0.2347 0.7500
2LBL 1535 2.268 0.2427 0.7941
2LBL 1536 2.367 0.2021 0.7500
2LBL 1537 2.346 0.2048 0.7500
2LBL 1538 2.481 0.2147 0.7353
2LBL 1539 2.219 0.2911 0.7941
2LBL 1540 2.428 0.1895 0.7500
2LBL 1541 2.543 0.2022 0.7353
2LBL 1542 2.487 0.2267 0.7353
2LBL 1543 2.823 0.1900 0.7206
2LBL 1544 2.175 0.2128 0.7647
2LBL 1545 2.511 0.2505 0.7206
2LBL 1546 2.532 0.2112 0.7794
2LBL 1547 2.510 0.1781 0.7647
2LBL 1548 2.445 0.2003 0.7353
2LBL 1549 2.655 0.1996 0.7500
2LBL 1550 3.088 0.1941 0.7206
2LBL 1551 2.784 0.1979 0.7353
2LBL 1552 2.456 0.2252 0.7500
2LBL 1553 2.726 0.1630 0.7353
2LBL 1554 2.767 0.1893 0.7059
2LBL 1555 2.707 0.1613 0.6765
2LBL 1556 2.577 0.1669 0.7353
2LBL 1557 2.601 0.1877 0.7500
2LBL 1558 2.902 0.1957 0.7206
2LBL 1559 2.148 0.1724 0.7206
2LBL 1560 2.504 0.1810 0.7206
2LBL 1561 2.647 0.1684 0.7059
2LBL 1562 2.492 0.2054 0.7794
2LBL 1563 2.284 0.2170 0.7794
2LBL 1564 2.660 0.1973 0.7059
2LBL 1565 2.584 0.1725 0.7500
2LBL 1566 2.285 0.1845 0.7647
2LBL 1567 2.167 0.1830 0.7794
2LBL 1568 2.194 0.1819 0.7500
2LBL 1569 2.852 0.1839 0.7206
2LBL 1570 2.477 0.1746 0.7059
2LBL 1571 2.353 0.1275 0.7059
2LBL 1572 2.330 0.1541 0.7353
2LBL 1573 2.214 0.2363 0.7500
2LBL 1574 2.480 0.2023 0.7647
2LBL 1575 2.372 0.1610 0.7500
2LBL 1576 1.999 0.1657 0.7794
2LBL 1577 2.284 0.1407 0.7500
2LBL 1578 2.178 0.1989 0.7500
2LBL 1579 2.325 0.2424 0.7353
2LBL 1580 1.923 0.2248 0.7647
2LBL 1581 1.935 0.1515 0.7353
2LBL 1582 1.979 0.1886 0.7794
2LBL 1583 2.222 0.1609 0.7500
2LBL 1584 1.465 0.2137 0.8088
2LBL 1585 2.143 0.1423 0.7353
2LBL 1586 2.222 0.1593 0.7353
2LBL 1587 1.933 0.2098 0.7941
2LBL 1588 2.473 0.1853 0.7500
2LBL 1589 2.627 0.2099 0.7206
2LBL 1590 2.039 0.1994 0.7647
2LBL 1591 2.266 0.1803 0.7353
2LBL 1592 2.600 0.1873 0.7500
2LBL 1593 2.325 0.1384 0.7059
2LBL 1594 2.060 0.1822 0.7794
2LBL 1595 1.648 0.1962 0.7941
2LBL 1596 1.632 0.1916 0.8088
2LBL 1597 1.936 0.1574 0.7206
2LBL 1598 2.392 0.1657 0.7206
2LBL 1599 1.913 0.2031 0.7794
2LBL 1600 2.149 0.1929 0.7500
2LBL 1601 2.073 0.1787 0.7500
2LBL 1602 1.772 0.1825 0.7941
2LBL 1603 2.247 0.1976 0.7647
2LBL 1604 2.353 0.2023 0.7500
2LBL 1605 2.178 0.1937 0.7353
2LBL 1606 2.525 0.2049 0.7059
2LBL 1607 2.459 0.2177 0.7059
2LBL 1608 2.483 0.2041 0.7206
2LBL 1609 2.477 0.2217 0.7353
2LBL 1610 2.101 0.2160 0.7647
2LBL 1611 2.043 0.2085 0.8088
2LBL 1612 2.520 0.2430 0.7941
2LBL 1613 1.928 0.2323 0.8088
2LBL 1614 2.190 0.1847 0.7794
2LBL 1615 2.536 0.2005 0.7794
2LBL 1616 2.448 0.1428 0.7059
2LBL 1617 2.454 0.1832 0.7353
2LBL 1618 2.501 0.1938 0.7059
2LBL 1619 2.466 0.1724 0.7353
2LBL 1620 2.605 0.2207 0.7794
2LBL 1621 2.518 0.1796 0.7206
2LBL 1622 2.654 0.1430 0.7353
2LBL 1623 2.861 0.2136 0.7059
2LBL 1624 3.103 0.1591 0.6471
2LBL 1625 2.746 0.1657 0.6618
2LBL 1626 2.463 0.2852 0.7647
2LBL 1627 2.931 0.2487 0.6618
2LBL 1628 2.785 0.1823 0.6912
2LBL 1629 2.409 0.1749 0.7647
2LBL 1630 2.163 0.2178 0.7353
2LBL 1631 2.509 0.2085 0.7500
2LBL 1632 2.358 0.2112 0.7500
2LBL 1633 2.083 0.2061 0.7500
2LBL 1634 2.427 0.1719 0.7353
2LBL 1635 2.141 0.2084 0.7941
2LBL 1636 2.590 0.2140 0.7647
2LBL 1637 2.470 0.1921 0.7353
2LBL 1638 2.569 0.1986 0.7353
2LBL 1639 2.385 0.2081 0.7206
2LBL 1640 2.514 0.2093 0.7206
2LBL 1641 2.340 0.1869 0.7206
2LBL 1642 2.141 0.2122 0.7500
2LBL 1643 2.149 0.1781 0.7500
2LBL 1644 1.920 0.1857 0.7794
2LBL 1645 2.466 0.1630 0.7794
2LBL 1646 2.072 0.2257 0.7941
2LBL 1647 2.319 0.1730 0.7500
2LBL 1648 2.410 0.2090 0.7794
2LBL 1649 2.481 0.2368 0.7059
2LBL 1650 2.365 0.1982 0.7059
2LBL 1651 2.285 0.2384 0.7500
2LBL 1652 2.768 0.1797 0.6912
2LBL 1653 2.464 0.1769 0.7353
2LBL 1654 2.757 0.1878 0.6912
2LBL 1655 2.409 0.2308 0.7353
2LBL 1656 2.586 0.2647 0.7353
2LBL 1657 2.948 0.1617 0.7353
2LBL 1658 2.257 0.2045 0.7353
2LBL 1659 3.092 0.2209 0.6765
2LBL 1660 2.326 0.2565 0.7500
2LBL 1661 2.561 0.2077 0.7353
2LBL 1662 2.351 0.1838 0.7206
2LBL 1663 2.562 0.1978 0.6912
2LBL 1664 2.692 0.2578 0.7206
2LBL 1665 2.826 0.2105 0.7059
2LBL 1666 2.623 0.2360 0.7206
2LBL 1667 2.821 0.1944 0.6912
2LBL 1668 2.499 0.1963 0.7353
2LBL 1669 2.986 0.1251 0.6765
2LBL 1670 2.570 0.1505 0.7059
2LBL 1671 2.807 0.1917 0.7059
2LBL 1672 2.548 0.1826 0.6912
2LBL 1673 2.745 0.1372 0.6765
2LBL 1674 2.705 0.1832 0.6912
2LBL 1675 2.538 0.2106 0.7353
2LBL 1676 2.658 0.1828 0.7206
2LBL 1677 2.614 0.1818 0.6912
2LBL 1678 2.876 0.2129 0.7059
2LBL 1679 2.442 0.2129 0.7500
2LBL 1680 2.761 0.1754 0.7206
2LBL 1681 2.542 0.1741 0.7206
2LBL 1682 2.767 0.2112 0.7059
2LBL 1683 2.587 0.2586 0.7059
2LBL 1684 1.967 0.1950 0.7941
2LBL 1685 2.197 0.2177 0.7794
2LBL 1686 2.478 0.1805 0.7059
2LBL 1687 2.420 0.2102 0.7206
2LBL 1688 2.436 0.1768 0.6912
2LBL 1689 2.207 0.1947 0.7353
2LBL 1690 2.111 0.2132 0.7500
2LBL 1691 2.050 0.2187 0.8235
2LBL 1692 2.236 0.1781 0.7353
2LBL 1693 2.203 0.1740 0.7500
2LBL 1694 2.287 0.2344 0.7647
2LBL 1695 2.341 0.1541 0.7353
2LBL 1696 2.115 0.2108 0.7647
2LBL 1697 2.164 0.1948 0.7500
2LBL 1698 2.349 0.1448 0.7500
2LBL 1699 2.044 0.2065 0.7794
2LBL 1700 2.096 0.2123 0.7794
2LBL 1701 2.485 0.1565 0.7206
2LBL 1702 1.984 0.1917 0.7941
2LBL 1703 2.329 0.2246 0.7941
2LBL 1704 2.448 0.1823 0.7647
2LBL 1705 1.869 0.1948 0.8088
2LBL 1706 2.296 0.2078 0.7206
2LBL 1707 2.069 0.2406 0.8088
2LBL 1708 2.432 0.2010 0.7353
2LBL 1709 2.061 0.1744 0.7353
2LBL 1710 1.948 0.1592 0.7794
2LBL 1711 2.170 0.1692 0.7647
2LBL 1712 2.115 0.2249 0.7647
2LBL 1713 2.538 0.1502 0.7500
2LBL 1714 2.113 0.2401 0.7794
2LBL 1715 1.993 0.1624 0.7647
2LBL 1716 2.304 0.1903 0.7500
2LBL 1717 2.232 0.2000 0.7500
2LBL 1718 2.415 0.1867 0.7500
2LBL 1719 2.577 0.1776 0.7059
2LBL 1720 2.503 0.1671 0.7206
2LBL 1721 2.228 0.1664 0.7353
2LBL 1722 1.728 0.2660 0.8382
2LBL 1723 2.250 0.1432 0.7059
2LBL 1724 2.197 0.1657 0.7353
2LBL 1725 2.190 0.2218 0.7500
2LBL 1726 2.507 0.2134 0.7059
2LBL 1727 2.322 0.1811 0.7206
2LBL 1728 2.269 0.1725 0.7353
2LBL 1729 2.685 0.1450 0.6912
2LBL 1730 2.226 0.1507 0.7206
2LBL 1731 2.446 0.1809 0.7206
2LBL 1732 2.203 0.1907 0.7353
2LBL 1733 2.309 0.1223 0.7500
2LBL 1734 2.361 0.1614 0.7353
2LBL 1735 2.385 0.1786 0.7206
2LBL 1736 2.767 0.1619 0.7059
2LBL 1737 2.797 0.2126 0.7059
2LBL 1738 2.580 0.1873 0.6912
2LBL 1739 2.510 0.1791 0.7059
2LBL 1740 2.731 0.1837 0.6912
2LBL 1741 2.812 0.2014 0.6912
2LBL 1742 2.067 0.2203 0.7647
2LBL 1743 2.361 0.1555 0.7059
2LBL 1744 2.248 0.1938 0.7647
2LBL 1745 2.161 0.2064 0.7206
2LBL 1746 2.408 0.1741 0.7059
2LBL 1747 2.407 0.1987 0.7500
2LBL 1748 2.858 0.1651 0.7059
2LBL 1749 2.306 0.1920 0.7353
2LBL 1750 2.561 0.2123 0.7353
2LBL 1751 2.684 0.2270 0.7353
2LBL 1752 2.191 0.2028 0.7500
2LBL 1753 2.204 0.1825 0.7353
2LBL 1754 2.107 0.1873 0.7500
2LBL 1755 2.661 0.1561 0.7059
2LBL 1756 2.674 0.1534 0.7059
2LBL 1757 2.225 0.1878 0.7647
2LBL 1758 2.395 0.1638 0.7206
2LBL 1759 2.602 0.1743 0.7206
2LBL 1760 2.132 0.2534 0.7794
2LBL 1761 2.252 0.1854 0.7794
2LBL 1762 2.376 0.1754 0.7059
2LBL 1763 2.663 0.1847 0.7206
2LBL 1764 2.201 0.2518 0.7647
2LBL 1765 2.432 0.1481 0.7206
2LBL 1766 2.894 0.1952 0.6912
2LBL 1767 2.412 0.1551 0.7206
2LBL 1768 2.151 0.1679 0.7647
2LBL 1769 2.388 0.1424 0.7353
2LBL 1770 2.937 0.1399 0.7206
2LBL 1771 2.817 0.1456 0.6912
2LBL 1772 2.279 0.2407 0.7353
2LBL 1773 1.975 0.1759 0.7794
2LBL 1774 2.136 0.1570 0.7647
2LBL 1775 2.634 0.1471 0.6912
2LBL 1776 2.465 0.1327 0.7059
2LBL 1777 2.102 0.1645 0.7500
2LBL 1778 2.228 0.1934 0.7353
2LBL 1779 2.500 0.1796 0.7206
2LBL 1780 2.700 0.2179 0.7059
2LBL 1781 2.266 0.2093 0.7206
2LBL 1782 2.462 0.1882 0.7206
2LBL 1783 2.250 0.1600 0.7206
2LBL 1784 1.954 0.1521 0.7500
2LBL 1785 2.049 0.1579 0.7647
2LBL 1786 2.259 0.1392 0.7059
2LBL 1787 2.195 0.1259 0.7206
2LBL 1788 2.003 0.1501 0.7500
2LBL 1789 2.350 0.1750 0.7206
2LBL 1790 2.212 0.1660 0.7794
2LBL 1791 2.039 0.1686 0.7647
2LBL 1792 1.872 0.2260 0.7941
2LBL 1793 2.057 0.1754 0.7353
2LBL 1794 1.978 0.1602 0.7353
2LBL 1795 1.947 0.1958 0.7941
2LBL 1796 2.129 0.2156 0.7500
2LBL 1797 2.272 0.1823 0.7206
2LBL 1798 1.921 0.1526 0.7794
2LBL 1799 1.978 0.1732 0.7500
2LBL 1800 2.130 0.1303 0.7059
2LBL 1801 2.319 0.1702 0.7206
2LBL 1802 2.181 0.1554 0.7500
2LBL 1803 2.087 0.1729 0.7500
2LBL 1804 2.216 0.1758 0.7647
2LBL 1805 2.428 0.1681 0.7353
2LBL 1806 2.337 0.1975 0.7500
2LBL 1807 2.055 0.1371 0.7206
2LBL 1808 2.315 0.1487 0.7206
2LBL 1809 2.341 0.1725 0.7059
2LBL 1810 2.690 0.1364 0.6765
2LBL 1811 2.595 0.1515 0.6912
2LBL 1812 2.430 0.1094 0.6912
2LBL 1813 2.414 0.1371 0.7206
2LBL 1814 2.642 0.1609 0.7059
2LBL 1815 2.690 0.1728 0.7059
2LBL 1816 2.318 0.1384 0.7206
2LBL 1817 2.630 0.1800 0.6912
2LBL 1818 2.303 0.1752 0.7353
2LBL 1819 2.361 0.1674 0.7206
2LBL 1820 2.374 0.1324 0.7059
2LBL 1821 2.657 0.1589 0.6765
2LBL 1822 2.329 0.2656 0.7206
2LBL 1823 2.275 0.1497 0.7500
2LBL 1824 2.331 0.1402 0.7206
2LBL 1825 2.609 0.1705 0.7059
2LBL 1826 2.833 0.1686 0.6912
2LBL 1827 2.854 0.1591 0.6912
2LBL 1828 3.370 0.1734 0.7206
2LBL 1829 3.121 0.1993 0.7353
2LBL 1830 3.727 0.1685 0.7059
2LBL 1831 3.427 0.2016 0.7059
2LBL 1832 3.182 0.1904 0.7500
2LBL 1833 3.304 0.1734 0.7059
2LBL 1834 3.477 0.2457 0.7353
2LBL 1835 3.431 0.1982 0.7206
2LBL 1836 2.954 0.1850 0.7353
2LBL 1837 2.786 0.1768 0.7353
2LBL 1838 2.393 0.2021 0.7353
2LBL 1839 2.911 0.2156 0.7206
2LBL 1840 2.520 0.1914 0.7206
2LBL 1841 2.538 0.1255 0.6765
2LBL 1842 2.790 0.1812 0.7059
2LBL 1843 2.398 0.2017 0.7647
2LBL 1844 2.343 0.2110 0.7206
2LBL 1845 2.687 0.1525 0.6765
2LBL 1846 2.648 0.1504 0.6765
2LBL 1847 2.720 0.2202 0.7059
2LBL 1848 2.394 0.2181 0.7647
2LBL 1849 2.540 0.2176 0.7794
2LBL 1850 2.390 0.1989 0.7647
2LBL 1851 2.379 0.1933 0.7500
2LBL 1852 2.439 0.1949 0.7059
2LBL 1853 2.386 0.2111 0.7500
2LBL 1854 2.442 0.1873 0.7500
2LBL 1855 2.161 0.1708 0.7500
2LBL 1856 2.009 0.1761 0.7941
2LBL 1857 2.651 0.1772 0.7206
2LBL 1858 2.165 0.1902 0.7647
2LBL 1859 2.355 0.1650 0.6912
2LBL 1860 2.742 0.1512 0.6765
2LBL 1861 2.418 0.1553 0.7059
2LBL 1862 2.594 0.1626 0.7059
2LBL 1863 2.596 0.2165 0.7059
2LBL 1864 2.548 0.2074 0.7059
2LBL 1865 2.512 0.1788 0.7206
2LBL 1866 2.338 0.1564 0.7500
2LBL 1867 2.722 0.1431 0.7059
2LBL 1868 2.647 0.1761 0.7059
2LBL 1869 2.562 0.1490 0.7206
2LBL 1870 2.860 0.1484 0.6912
2LBL 1871 2.515 0.2034 0.7353
2LBL 1872 2.576 0.1439 0.6765
2LBL 1873 2.621 0.2120 0.7794
2LBL 1874 3.277 0.1594 0.6912
2LBL 1875 2.789 0.1535 0.6618
2LBL 1876 2.288 0.2223 0.7647
2LBL 1877 2.643 0.1252 0.7059
2LBL 1878 2.012 0.1841 0.7794
2LBL 1879 2.293 0.1550 0.7500
2LBL 1880 2.626 0.1718 0.6912
2LBL 1881 2.391 0.1296 0.7059
2LBL 1882 2.406 0.1836 0.7353
2LBL 1883 1.960 0.1762 0.8088
2LBL 1884 2.469 0.2133 0.7206
2LBL 1885 2.535 0.1925 0.7206
2LBL 1886 2.082 0.1571 0.7647
2LBL 1887 2.695 0.1411 0.7059
2LBL 1888 2.560 0.1806 0.6912
2LBL 1889 2.179 0.1745 0.7794
2LBL 1890 2.206 0.1613 0.7500
2LBL 1891 2.588 0.1542 0.7206
2LBL 1892 2.225 0.1636 0.7353
2LBL 1893 2.373 0.1531 0.7059
2LBL 1894 2.591 0.1649 0.7500
2LBL 1895 2.800 0.2035 0.6765
2LBL 1896 2.829 0.1624 0.6618
2LBL 1897 2.775 0.1610 0.6765
2LBL 1898 2.831 0.1845 0.7206
2LBL 1899 2.794 0.1817 0.6618
2LBL 1900 2.562 0.1393 0.7059
2LBL 1901 2.637 0.1882 0.7353
2LBL 1902 2.664 0.2212 0.7206
2LBL 1903 2.580 0.1543 0.7353
2LBL 1904 2.723 0.1471 0.6618
2LBL 1905 2.734 0.1724 0.6912
2LBL 1906 2.706 0.1682 0.7059
2LBL 1907 2.574 0.1845 0.7794
2LBL 1908 2.420 0.1757 0.7500
2LBL 1909 2.532 0.2140 0.7353
2LBL 1910 2.754 0.2333 0.7353
2LBL 1911 2.791 0.1892 0.7500
2LBL 1912 2.515 0.2038 0.7647
2LBL 1913 2.454 0.1540 0.7206
2LBL 1914 2.648 0.1748 0.7059
2LBL 1915 2.579 0.1913 0.7500
2LBL 1916 2.340 0.1738 0.7500
2LBL 1917 2.500 0.1853 0.7500
2LBL 1918 2.664 0.1805 0.7059
2LBL 1919 2.666 0.1291 0.6912
2LBL 1920 2.716 0.1569 0.7500
2LBL 1921 2.565 0.1867 0.7647
2LBL 1922 2.575 0.1517 0.6912
2LBL 1923 2.502 0.1664 0.7353
2LBL 1924 2.796 0.1634 0.7206
2LBL 1925 2.914 0.2095 0.7500
2LBL 1926 2.869 0.1899 0.7059
2LBL 1927 2.567 0.1754 0.7500
2LBL 1928 2.921 0.1595 0.6912
2LBL 1929 2.552 0.1722 0.7206
2LBL 1930 2.600 0.1435 0.7059
2LBL 1931 2.093 0.2264 0.7500
2LBL 1932 2.182 0.1701 0.7500
2LBL 1933 2.296 0.1893 0.7500
2LBL 1934 2.082 0.2016 0.7941
2LBL 1935 2.335 0.1983 0.7647
2LBL 1936 2.336 0.2080 0.7206
2LBL 1937 1.962 0.1685 0.7941
2LBL 1938 2.038 0.2199 0.8088
2LBL 1939 2.059 0.1765 0.8088
2LBL 1940 2.147 0.2000 0.7500
2LBL 1941 1.992 0.1982 0.7794
2LBL 1942 2.051 0.1818 0.7353
2LBL 1943 2.452 0.1491 0.6912
2LBL 1944 2.217 0.1620 0.7206
2LBL 1945 2.345 0.2191 0.7500
2LBL 1946 2.287 0.2014 0.7500
2LBL 1947 2.561 0.1810 0.6912
2LBL 1948 2.053 0.1507 0.7647
2LBL 1949 2.251 0.1875 0.7353
2LBL 1950 2.260 0.1560 0.7500
2LBL 1951 2.348 0.1716 0.7500
2LBL 1952 2.371 0.1762 0.7206
2LBL 1953 2.352 0.1706 0.7500
2LBL 1954 2.475 0.2131 0.7206
2LBL 1955 2.294 0.2481 0.7647
2LBL 1956 2.432 0.2275 0.7500
2LBL 1957 2.228 0.2060 0.7353
2LBL 1958 2.149 0.2029 0.7500
2LBL 1959 2.495 0.1487 0.6912
2LBL 1960 2.206 0.1856 0.7500
2LBL 1961 2.489 0.2607 0.7794
2LBL 1962 2.346 0.2178 0.7794
2LBL 1963 2.473 0.1973 0.7353
2LBL 1964 2.397 0.1471 0.7206
2LBL 1965 2.251 0.1710 0.7206
2LBL 1966 2.383 0.1588 0.7206
2LBL 1967 2.280 0.1705 0.7206
2LBL 1968 2.019 0.1845 0.7941
2LBL 1969 2.375 0.2085 0.7500
2LBL 1970 2.396 0.1442 0.7059
2LBL 1971 2.006 0.1717 0.7647
2LBL 1972 2.223 0.1510 0.7206
2LBL 1973 2.286 0.2142 0.7500
2LBL 1974 2.309 0.1490 0.7353
2LBL 1975 2.327 0.1484 0.7206
2LBL 1976 2.236 0.1762 0.7353
2LBL 1977 2.165 0.1525 0.7206
2LBL 1978 2.450 0.1445 0.7059
2LBL 1979 2.192 0.1123 0.7059
2LBL 1980 2.392 0.1570 0.6912
2LBL 1981 2.356 0.0946 0.6912
2LBL 1982 1.907 0.1521 0.7500
2LBL 1983 2.612 0.1781 0.7059
2LBL 1984 2.671 0.1478 0.6765
2LBL 1985 2.541 0.2039 0.7059
2LBL 1986 2.014 0.1586 0.7059
2LBL 1987 2.372 0.1999 0.7059
2LBL 1988 2.213 0.1973 0.7500
2LBL 1989 2.599 0.2059 0.7059
2LBL 1990 2.056 0.1815 0.7794
2LBL 1991 2.265 0.1489 0.7206
2LBL 1992 2.024 0.1902 0.7059
2LBL 1993 2.163 0.1792 0.7647
2LBL 1994 1.941 0.1659 0.7500
2LBL 1995 2.017 0.1503 0.7500
2LBL 1996 2.092 0.1700 0.7500
2LBL 1997 2.907 0.1602 0.6618
2LBL 1998 2.188 0.1316 0.7206
2LBL 1999 2.309 0.1366 0.7059
2LBL 2000 2.648 0.1233 0.6765
2LBL 2001 2.608 0.1854 0.6912
2LBL 2002 2.156 0.1325 0.7059
2LBL 2003 2.572 0.1792 0.6765
2LBL 2004 2.317 0.1694 0.7206
2LBL 2005 2.611 0.2014 0.6912
2LBL 2006 1.745 0.1626 0.7794
2LBL 2007 2.536 0.1448 0.6765
2LBL 2008 2.264 0.1488 0.7206
2LBL 2009 2.356 0.1731 0.7206
2LBL 2010 2.359 0.1446 0.6912
2LBL 2011 2.333 0.1790 0.7059
2LBL 2012 1.984 0.1500 0.7353
2LBL 2013 2.253 0.1427 0.7059
2LBL 2014 2.184 0.1399 0.7059
2LBL 2015 2.380 0.1760 0.7206
2LBL 2016 2.124 0.1667 0.7500
2LBL 2017 2.498 0.1699 0.6912
2LBL 2018 2.139 0.1542 0.7059
2LBL 2019 2.337 0.1551 0.7206
2LBL 2020 2.523 0.1312 0.7059
2LBL 2021 2.384 0.2380 0.7500
2LBL 2022 2.044 0.1839 0.7647
2LBL 2023 2.260 0.1642 0.7206
2LBL 2024 2.204 0.1105 0.7059
2LBL 2025 1.803 0.1681 0.7647
2LBL 2026 1.892 0.2148 0.7941
2LBL 2027 2.052 0.1722 0.7206
2LBL 2028 2.031 0.2245 0.7794
2LBL 2029 1.873 0.1817 0.7647
2LBL 2030 2.056 0.1636 0.7206
2LBL 2031 2.109 0.1559 0.7206
2LBL 2032 1.950 0.1677 0.7500
2LBL 2033 2.053 0.1663 0.7353
2LBL 2034 2.284 0.2018 0.7206
2LBL 2035 2.096 0.1735 0.7794
2LBL 2036 2.152 0.2034 0.7500
2LBL 2037 2.161 0.1798 0.7206
2LBL 2038 2.104 0.1888 0.7647
2LBL 2039 2.342 0.1899 0.7353
2LBL 2040 1.731 0.1700 0.7500
2LBL 2041 1.879 0.1983 0.7647
2LBL 2042 2.146 0.1436 0.7059
2LBL 2043 2.164 0.1901 0.7206
2LBL 2044 2.172 0.1566 0.7059
2LBL 2045 2.362 0.1598 0.7206
2LBL 2046 1.984 0.1885 0.7647
2LBL 2047 2.032 0.1374 0.7206
2LBL 2048 2.180 0.1399 0.7353
2LBL 2049 2.449 0.1352 0.7059
2LBL 2050 2.378 0.1720 0.6765
2LBL 2051 2.360 0.1181 0.6765
2LBL 2052 2.594 0.1251 0.6618
2LBL 2053 2.180 0.1520 0.7206
2LBL 2054 2.374 0.1609 0.7206
2LBL 2055 2.313 0.1632 0.7353
2LBL 2056 2.209 0.1302 0.7059
2LBL 2057 2.735 0.1594 0.6618
2LBL 2058 2.333 0.1867 0.7206
2LBL 2059 2.080 0.2003 0.7941
2LBL 2060 2.149 0.1550 0.7353
2LBL 2061 1.977 0.1558 0.7500
2LBL 2062 2.311 0.1474 0.7353
2LBL 2063 2.095 0.2239 0.7941
2LBL 2064 1.914 0.1992 0.7794
2LBL 2065 2.466 0.1908 0.7206
2LBL 2066 2.475 0.1860 0.7206
2LBL 2067 2.507 0.1657 0.7206
2LBL 2068 2.431 0.1954 0.6912
2LBL 2069 2.786 0.1677 0.6912
2LBL 2070 2.335 0.1855 0.7206
2LBL 2071 2.315 0.1773 0.7500
2LBL 2072 2.441 0.2044 0.7206
2LBL 2073 2.226 0.2173 0.7500
2LBL 2074 2.179 0.1830 0.7500
2LBL 2075 2.445 0.1483 0.7206
2LBL 2076 2.157 0.2149 0.7647
2LBL 2077 2.380 0.1382 0.6765
2LBL 2078 2.304 0.1639 0.7059
2LBL 2079 2.297 0.1510 0.7206
2LBL 2080 2.088 0.1776 0.8088
2LBL 2081 2.419 0.1850 0.6912
2LBL 2082 2.523 0.1144 0.6765
2LBL 2083 2.392 0.1697 0.6765
2LBL 2084 2.488 0.1640 0.7353
2LBL 2085 2.476 0.1448 0.7206
2LBL 2086 2.357 0.1972 0.7647
2LBL 2087 2.536 0.1574 0.6912
2LBL 2088 2.463 0.1658 0.7059
2LBL 2089 2.459 0.1643 0.7059
2LBL 2090 2.250 0.1910 0.7353
2LBL 2091 2.091 0.1752 0.7500
2LBL 2092 2.077 0.1958 0.7500
2LBL 2093 2.127 0.1423 0.7353
2LBL 2094 2.032 0.1586 0.7353
2LBL 2095 2.087 0.2003 0.7500
2LBL 2096 2.243 0.2087 0.7353
2LBL 2097 1.857 0.2197 0.7500
2LBL 2098 1.872 0.1785 0.7353
2LBL 2099 1.987 0.2239 0.7941
2LBL 2100 2.014 0.1892 0.7794
2LBL 2101 1.990 0.1670 0.7647
2LBL 2102 2.356 0.1609 0.7059
2LBL 2103 2.627 0.1968 0.6765
2LBL 2104 2.145 0.1080 0.6912
2LBL 2105 2.555 0.1698 0.7206
2LBL 2106 2.390 0.1809 0.7353
2LBL 2107 2.312 0.1501 0.6912
2LBL 2108 2.009 0.1557 0.7500
2LBL 2109 2.474 0.1412 0.7059
2LBL 2110 2.756 0.1385 0.6765
2LBL 2111 2.094 0.1839 0.7647
2LBL 2112 3.056 0.1437 0.6471
2LBL 2113 2.770 0.1857 0.7500
2LBL 2114 2.639 0.1626 0.7059
2LBL 2115 2.417 0.1792 0.7500
2LBL 2116 2.259 0.1975 0.7353
2LBL 2117 3.010 0.1854 0.6765
2LBL 2118 2.263 0.1342 0.7353
2LBL 2119 2.265 0.1838 0.7206
2LBL 2120 2.216 0.1608 0.7059
2LBL 2121 2.609 0.1597 0.6765
2LBL 2122 2.423 0.2108 0.7206
2LBL 2123 2.401 0.1724 0.7206
2LBL 2124 2.443 0.1630 0.7500
2LBL 2125 2.328 0.1735 0.7353
2LBL 2126 2.220 0.1746 0.7059
2LBL 2127 2.280 0.1332 0.7059
2LBL 2128 2.145 0.1459 0.7353
2LBL 2129 2.182 0.1476 0.7206
2LBL 2130 2.239 0.1456 0.7206
2LBL 2131 2.804 0.1521 0.6618
2LBL 2132 2.484 0.1638 0.6912
2LBL 2133 2.414 0.1050 0.6765
2LBL 2134 2.198 0.1043 0.6912
2LBL 2135 2.713 0.1550 0.6618
2LBL 2136 2.711 0.1127 0.6618
2LBL 2137 2.463 0.1242 0.6912
2LBL 2138 2.483 0.1170 0.6618
2LBL 2139 2.449 0.1285 0.6765
2LBL 2140 2.548 0.1218 0.6618
2LBL 2141 2.356 0.1328 0.6912
2LBL 2142 2.326 0.1745 0.7353
2LBL 2143 2.188 0.1900 0.7500
2LBL 2144 2.206 0.1428 0.7206
2LBL 2145 2.210 0.1703 0.7500
2LBL 2146 2.021 0.1779 0.7353
2LBL 2147 1.882 0.1850 0.7647
2LBL 2148 1.759 0.1812 0.7941
2LBL 2149 2.514 0.1605 0.7059
2LBL 2150 2.299 0.1838 0.7500
2LBL 2151 2.668 0.1619 0.6618
2LBL 2152 2.079 0.1335 0.7353
2LBL 2153 2.402 0.2074 0.7353
2LBL 2154 2.380 0.1695 0.7059
2LBL 2155 2.423 0.1758 0.7353
2LBL 2156 2.250 0.2086 0.7500
2LBL 2157 2.174 0.2023 0.7647
2LBL 2158 1.824 0.2022 0.7941
2LBL 2159 2.405 0.1766 0.7206
2LBL 2160 2.204 0.2279 0.7794
2LBL 2161 2.239 0.1947 0.7500
2LBL 2162 2.189 0.1693 0.7500
2LBL 2163 1.937 0.1566 0.7794
2LBL 2164 2.066 0.2344 0.7500
2LBL 2165 1.972 0.1772 0.7647
2LBL 2166 1.994 0.1775 0.7500
2LBL 2167 2.077 0.1755 0.7794
2LBL 2168 2.215 0.1812 0.7500
2LBL 2169 2.225 0.2113 0.7500
2LBL 2170 2.065 0.1487 0.7647
2LBL 2171 2.253 0.1965 0.7500
2LBL 2172 2.548 0.1707 0.7059
2LBL 2173 2.310 0.2138 0.7353
2LBL 2174 2.503 0.1676 0.7059
2LBL 2175 2.253 0.1787 0.7647
2LBL 2176 2.160 0.2502 0.7500
2LBL 2177 2.503 0.2443 0.7059
2LBL 2178 2.525 0.2186 0.6912
2LBL 2179 2.304 0.2249 0.7353
2LBL 2180 2.390 0.1543 0.7059
2LBL 2181 2.300 0.2389 0.7647
2LBL 2182 2.803 0.2062 0.7059
2LBL 2183 2.567 0.1443 0.6765
2LBL 2184 2.452 0.1756 0.7353
2LBL 2185 2.084 0.1772 0.7500
2LBL 2186 2.414 0.1581 0.7206
2LBL 2187 2.152 0.1215 0.7500
2LBL 2188 2.167 0.1358 0.7353
2LBL 2189 2.148 0.1790 0.7353
2LBL 2190 2.416 0.1455 0.7059
2LBL 2191 2.741 0.1407 0.6765
2LBL 2192 2.414 0.1542 0.7206
2LBL 2193 2.420 0.1216 0.6765
2LBL 2194 2.614 0.1356 0.6765
2LBL 2195 1.609 0.1791 0.8382
2LBL 2196 1.698 0.2109 0.7794
2LBL 2197 2.580 0.2062 0.6765
2LBL 2198 2.426 0.2153 0.7353
2LBL 2199 2.508 0.1686 0.6912
2LBL 2200 2.965 0.1202 0.6471
2LBL 2201 2.925 0.1379 0.6765
2LBL 2202 2.412 0.2113 0.7206
2LBL 2203 2.220 0.2058 0.7647
2LBL 2204 2.297 0.2249 0.7353
2LBL 2205 2.071 0.1867 0.7353
2LBL 2206 1.985 0.1935 0.7941
2LBL 2207 2.359 0.2022 0.7353
2LBL 2208 2.152 0.1789 0.7500
2LBL 2209 2.013 0.2013 0.7500
2LBL 2210 2.117 0.2025 0.7353
2LBL 2211 2.119 0.2278 0.7353
2LBL 2212 2.360 0.1774 0.7353
2LBL 2213 2.061 0.1896 0.7647
2LBL 2214 2.249 0.1763 0.7353
2LBL 2215 2.049 0.1868 0.7500
2LBL 2216 2.116 0.1810 0.7500
2LBL 2217 2.184 0.2033 0.7500
2LBL 2218 2.088 0.2358 0.7500
2LBL 2219 2.204 0.1938 0.7647
2LBL 2220 1.934 0.1915 0.7794
2LBL 2221 2.015 0.1804 0.7647
2LBL 2222 2.418 0.1803 0.7206
2LBL 2223 2.294 0.1584 0.7353
