2LUN 1 0.000 1.0000 1.0000
2LUN 2 6.114 0.2939 0.5804
2LUN 3 3.177 0.4585 0.7946
2LUN 4 3.549 0.3928 0.6607
2LUN 5 2.977 0.3996 0.7054
2LUN 6 2.531 0.4522 0.7679
2LUN 7 2.859 0.3667 0.7321
2LUN 8 2.771 0.4247 0.7589
2LUN 9 12.597 0.0968 0.2411
2LUN 10 13.318 0.2154 0.3393
2LUN 11 11.086 0.1165 0.2946
2LUN 12 10.699 0.1729 0.3571
2LUN 13 8.332 0.1750 0.4286
2LUN 14 14.376 0.1222 0.2500
2LUN 15 15.416 0.1302 0.3214
2LUN 16 11.311 0.1332 0.2857
2LUN 17 7.453 0.1779 0.3929
2LUN 18 11.731 0.1684 0.3304
2LUN 19 10.597 0.1802 0.3393
2LUN 20 14.145 0.1577 0.3036
2LUN 21 12.373 0.1465 0.3036
2LUN 22 10.114 0.1758 0.3750
2LUN 23 14.809 0.1793 0.3661
2LUN 24 14.975 0.1699 0.3304
2LUN 25 10.162 0.1780 0.3839
2LUN 26 9.598 0.1918 0.3571
2LUN 27 6.153 0.2109 0.4821
2LUN 28 7.442 0.2014 0.4464
2LUN 29 11.868 0.1629 0.3839
2LUN 30 12.860 0.2184 0.4464
2LUN 31 13.169 0.1758 0.3661
2LUN 32 7.557 0.1573 0.4554
2LUN 33 14.430 0.1587 0.3571
2LUN 34 10.529 0.1562 0.3839
2LUN 35 9.682 0.1695 0.4196
2LUN 36 11.733 0.1802 0.4107
2LUN 37 12.571 0.1729 0.3571
2LUN 38 13.400 0.1761 0.3661
2LUN 39 11.123 0.1884 0.4286
2LUN 40 11.134 0.2242 0.4286
2LUN 41 11.584 0.2199 0.4464
2LUN 42 13.972 0.1595 0.3571
2LUN 43 13.616 0.1770 0.3036
2LUN 44 12.429 0.1630 0.3571
2LUN 45 10.256 0.1521 0.3304
2LUN 46 16.903 0.1745 0.3482
2LUN 47 5.989 0.2144 0.5000
2LUN 48 5.054 0.1931 0.5357
2LUN 49 14.499 0.0971 0.2054
2LUN 50 13.072 0.1243 0.2589
2LUN 51 5.117 0.1989 0.5357
2LUN 52 10.721 0.1381 0.3304
2LUN 53 8.620 0.1504 0.3571
2LUN 54 13.328 0.1747 0.3661
2LUN 55 6.731 0.1589 0.4286
2LUN 56 13.170 0.1722 0.3750
2LUN 57 11.299 0.1611 0.3750
2LUN 58 10.485 0.1155 0.2768
2LUN 59 9.481 0.1501 0.4018
2LUN 60 9.741 0.1842 0.3750
2LUN 61 6.396 0.1598 0.4107
2LUN 62 9.556 0.1856 0.3929
2LUN 63 9.726 0.1895 0.3750
2LUN 64 10.096 0.1775 0.3571
2LUN 65 10.948 0.1610 0.3661
2LUN 66 8.109 0.1395 0.3929
2LUN 67 11.796 0.1577 0.2946
2LUN 68 10.446 0.1506 0.3482
2LUN 69 16.027 0.1403 0.3036
2LUN 70 12.182 0.2438 0.4464
2LUN 71 10.885 0.2560 0.4732
2LUN 72 12.597 0.1821 0.3750
2LUN 73 4.584 0.2323 0.5714
2LUN 74 13.078 0.1882 0.4018
2LUN 75 11.858 0.2039 0.4196
2LUN 76 9.030 0.2470 0.4732
2LUN 77 8.158 0.1718 0.4464
2LUN 78 8.514 0.1778 0.4643
2LUN 79 7.977 0.2461 0.4554
2LUN 80 13.122 0.2179 0.4018
2LUN 81 9.646 0.1888 0.4018
2LUN 82 5.686 0.2019 0.4911
2LUN 83 8.776 0.2007 0.3482
2LUN 84 6.429 0.2354 0.4821
2LUN 85 4.343 0.2348 0.5893
2LUN 86 11.408 0.2274 0.4464
2LUN 87 5.987 0.2079 0.5089
2LUN 88 7.083 0.1837 0.4821
2LUN 89 6.828 0.2069 0.4554
2LUN 90 10.743 0.2328 0.4107
2LUN 91 5.919 0.1897 0.5268
2LUN 92 5.854 0.2295 0.5089
2LUN 93 9.277 0.1614 0.3304
2LUN 94 6.526 0.1858 0.4643
2LUN 95 11.242 0.1346 0.3661
2LUN 96 11.572 0.1133 0.2411
2LUN 97 12.116 0.1770 0.3839
2LUN 98 14.857 0.1585 0.3750
2LUN 99 10.279 0.1749 0.3482
2LUN 100 10.223 0.1828 0.4107
2LUN 101 11.618 0.1705 0.4107
2LUN 102 8.761 0.1498 0.4196
2LUN 103 10.935 0.1346 0.3393
2LUN 104 7.236 0.1484 0.3929
2LUN 105 10.838 0.1587 0.3839
2LUN 106 4.910 0.2692 0.5804
2LUN 107 6.503 0.2034 0.4554
2LUN 108 9.644 0.1743 0.3750
2LUN 109 11.517 0.1689 0.3750
2LUN 110 12.126 0.2266 0.4286
2LUN 111 12.169 0.2059 0.3839
2LUN 112 9.570 0.2302 0.4464
2LUN 113 3.145 0.2769 0.6429
2LUN 114 11.332 0.1318 0.3125
2LUN 115 9.213 0.2224 0.4375
2LUN 116 8.084 0.2530 0.4732
2LUN 117 12.542 0.1880 0.3929
2LUN 118 11.224 0.1624 0.3750
2LUN 119 10.768 0.2196 0.4286
2LUN 120 9.229 0.1595 0.3750
2LUN 121 8.436 0.2217 0.4643
2LUN 122 4.939 0.2684 0.5893
2LUN 123 12.319 0.2216 0.4286
2LUN 124 3.914 0.2503 0.5893
2LUN 125 14.977 0.1772 0.3929
2LUN 126 7.207 0.2189 0.4732
2LUN 127 12.118 0.1739 0.3839
2LUN 128 5.966 0.2334 0.5000
2LUN 129 11.360 0.1650 0.3393
2LUN 130 11.003 0.1125 0.2500
2LUN 131 10.692 0.1736 0.3482
2LUN 132 13.279 0.1451 0.3571
2LUN 133 7.616 0.1906 0.3929
2LUN 134 9.221 0.1413 0.3571
2LUN 135 11.492 0.1698 0.3750
2LUN 136 9.944 0.1891 0.4018
2LUN 137 6.334 0.2011 0.5179
2LUN 138 12.938 0.1845 0.3750
2LUN 139 14.269 0.1344 0.2768
2LUN 140 10.662 0.1875 0.4018
2LUN 141 7.435 0.1826 0.4107
2LUN 142 12.256 0.1810 0.3929
2LUN 143 10.005 0.1978 0.3929
2LUN 144 7.099 0.2177 0.4464
2LUN 145 14.359 0.1524 0.3214
2LUN 146 4.142 0.2346 0.5982
2LUN 147 12.587 0.1305 0.2679
2LUN 148 6.803 0.2684 0.5089
2LUN 149 10.266 0.2127 0.4196
2LUN 150 5.482 0.1971 0.5179
2LUN 151 5.945 0.2046 0.4821
2LUN 152 9.704 0.1774 0.3839
2LUN 153 13.110 0.1948 0.4196
2LUN 154 10.918 0.1906 0.3929
2LUN 155 4.783 0.1877 0.5179
2LUN 156 7.650 0.1835 0.4375
2LUN 157 8.911 0.1665 0.3571
2LUN 158 10.555 0.2164 0.4018
2LUN 159 12.603 0.1749 0.3214
2LUN 160 15.069 0.1541 0.3661
2LUN 161 7.136 0.2234 0.4821
2LUN 162 8.903 0.1970 0.3661
2LUN 163 5.674 0.2684 0.5536
2LUN 164 7.841 0.2151 0.4643
2LUN 165 13.169 0.2286 0.4018
2LUN 166 7.009 0.1702 0.4286
2LUN 167 2.755 0.3383 0.6875
2LUN 168 5.606 0.2133 0.5357
2LUN 169 13.133 0.1790 0.3839
2LUN 170 9.654 0.1636 0.3393
2LUN 171 14.695 0.1340 0.2232
2LUN 172 9.311 0.1651 0.3214
2LUN 173 5.998 0.1244 0.4107
2LUN 174 11.827 0.1737 0.3661
2LUN 175 13.323 0.1447 0.3661
2LUN 176 8.274 0.1864 0.4375
2LUN 177 9.392 0.1677 0.3750
2LUN 178 5.177 0.2440 0.5625
2LUN 179 8.451 0.2035 0.4554
2LUN 180 8.049 0.2196 0.4554
2LUN 181 10.554 0.2240 0.4286
2LUN 182 13.507 0.1705 0.3393
2LUN 183 8.862 0.1896 0.4286
2LUN 184 10.009 0.2157 0.4464
2LUN 185 15.145 0.1532 0.2946
2LUN 186 15.567 0.1922 0.3839
2LUN 187 9.733 0.1758 0.3661
2LUN 188 14.427 0.2167 0.4375
2LUN 189 8.786 0.2235 0.4375
2LUN 190 9.110 0.2158 0.4375
2LUN 191 7.355 0.2220 0.4821
2LUN 192 8.003 0.1982 0.4375
2LUN 193 12.212 0.1482 0.3036
2LUN 194 8.547 0.1955 0.4375
2LUN 195 17.258 0.1978 0.3661
2LUN 196 11.048 0.1496 0.4107
2LUN 197 5.262 0.2199 0.5268
2LUN 198 6.296 0.2064 0.4732
2LUN 199 10.952 0.1329 0.3482
2LUN 200 8.677 0.2553 0.4643
2LUN 201 9.630 0.1686 0.3839
2LUN 202 7.094 0.2090 0.4732
2LUN 203 7.511 0.1815 0.4464
2LUN 204 7.225 0.1956 0.4286
2LUN 205 6.594 0.2213 0.4732
2LUN 206 5.134 0.2057 0.5268
2LUN 207 6.370 0.1917 0.4911
2LUN 208 5.389 0.2187 0.5268
2LUN 209 14.303 0.1603 0.3304
2LUN 210 4.249 0.2262 0.5714
2LUN 211 11.825 0.1435 0.4018
2LUN 212 8.891 0.2300 0.4018
2LUN 213 9.663 0.1275 0.3482
2LUN 214 12.170 0.1633 0.4286
2LUN 215 8.524 0.1726 0.3839
2LUN 216 13.642 0.1278 0.2946
2LUN 217 8.598 0.1599 0.3750
2LUN 218 11.400 0.1096 0.2857
2LUN 219 11.263 0.1927 0.3571
2LUN 220 14.578 0.1565 0.3482
2LUN 221 8.806 0.1806 0.4107
2LUN 222 7.471 0.1826 0.4464
2LUN 223 14.085 0.1792 0.3571
2LUN 224 13.634 0.1696 0.3036
2LUN 225 7.707 0.1288 0.3304
2LUN 226 12.129 0.1897 0.4018
2LUN 227 10.835 0.2107 0.4196
2LUN 228 11.951 0.1916 0.4107
2LUN 229 14.411 0.1546 0.3304
2LUN 230 14.083 0.1947 0.3750
2LUN 231 13.052 0.1396 0.3125
2LUN 232 9.333 0.1602 0.3839
2LUN 233 12.549 0.1643 0.3214
2LUN 234 6.099 0.1977 0.4732
2LUN 235 10.464 0.1702 0.4018
2LUN 236 10.425 0.1790 0.4018
2LUN 237 10.432 0.1934 0.3750
2LUN 238 12.870 0.1959 0.4107
2LUN 239 7.711 0.1519 0.4018
2LUN 240 7.238 0.2068 0.4464
2LUN 241 8.972 0.1660 0.3929
2LUN 242 5.642 0.2120 0.5179
2LUN 243 6.201 0.2064 0.5179
2LUN 244 6.656 0.2019 0.4821
2LUN 245 5.908 0.1993 0.5000
2LUN 246 5.954 0.2445 0.5179
2LUN 247 3.515 0.2522 0.6339
2LUN 248 5.378 0.2290 0.5179
2LUN 249 14.244 0.0985 0.2054
2LUN 250 10.911 0.1311 0.2589
2LUN 251 10.622 0.1493 0.3750
2LUN 252 9.900 0.1967 0.4107
2LUN 253 10.142 0.2451 0.4554
2LUN 254 8.125 0.1928 0.4107
2LUN 255 12.415 0.1418 0.3304
2LUN 256 11.363 0.1895 0.3839
2LUN 257 13.155 0.1521 0.3571
2LUN 258 12.648 0.2092 0.4286
2LUN 259 12.619 0.1451 0.3125
2LUN 260 12.481 0.1766 0.3839
2LUN 261 10.395 0.2021 0.4643
2LUN 262 12.399 0.1483 0.3571
2LUN 263 12.326 0.1637 0.3036
2LUN 264 10.796 0.2435 0.4554
2LUN 265 9.950 0.1533 0.3929
2LUN 266 10.027 0.2042 0.4196
2LUN 267 5.591 0.2051 0.5446
2LUN 268 13.212 0.1373 0.2857
2LUN 269 7.697 0.1721 0.4375
2LUN 270 15.189 0.1887 0.4107
2LUN 271 6.468 0.2412 0.5268
2LUN 272 10.025 0.1815 0.3839
2LUN 273 10.885 0.2164 0.4375
2LUN 274 9.151 0.1350 0.3304
2LUN 275 6.295 0.2238 0.5179
2LUN 276 12.023 0.2168 0.4286
2LUN 277 12.537 0.1976 0.4375
2LUN 278 5.312 0.2247 0.5446
2LUN 279 13.316 0.1649 0.3929
2LUN 280 10.396 0.1801 0.4018
2LUN 281 5.661 0.2235 0.5268
2LUN 282 14.633 0.1747 0.4286
2LUN 283 6.667 0.1948 0.4732
2LUN 284 4.333 0.2225 0.5893
2LUN 285 7.240 0.2077 0.4643
2LUN 286 8.350 0.1979 0.4286
2LUN 287 11.391 0.1795 0.4375
2LUN 288 14.237 0.1741 0.3929
2LUN 289 10.455 0.1987 0.3482
2LUN 290 9.966 0.1915 0.3839
2LUN 291 9.895 0.2405 0.4554
2LUN 292 11.545 0.1356 0.3929
2LUN 293 12.115 0.1626 0.3214
2LUN 294 10.429 0.1348 0.3036
2LUN 295 10.804 0.1842 0.3661
2LUN 296 14.482 0.1253 0.2679
2LUN 297 8.365 0.1815 0.4018
2LUN 298 6.743 0.1701 0.4286
2LUN 299 5.422 0.2808 0.6250
2LUN 300 9.029 0.1923 0.3750
2LUN 301 10.352 0.1379 0.3839
2LUN 302 9.388 0.2481 0.4375
2LUN 303 11.471 0.1829 0.3750
2LUN 304 9.549 0.1626 0.3214
2LUN 305 6.844 0.1809 0.4375
2LUN 306 7.035 0.1667 0.4286
2LUN 307 9.891 0.1870 0.3929
2LUN 308 12.219 0.1775 0.4107
2LUN 309 3.287 0.2614 0.6250
2LUN 310 13.365 0.1731 0.3393
2LUN 311 10.342 0.1688 0.3482
2LUN 312 6.355 0.1811 0.4375
2LUN 313 10.171 0.1778 0.3661
2LUN 314 6.733 0.1760 0.4821
2LUN 315 9.828 0.1774 0.3393
2LUN 316 10.966 0.2302 0.4464
2LUN 317 6.459 0.1992 0.4821
2LUN 318 4.815 0.2749 0.5893
2LUN 319 11.296 0.2303 0.4107
2LUN 320 8.905 0.2165 0.4554
2LUN 321 11.199 0.1719 0.3661
2LUN 322 5.397 0.1815 0.5089
2LUN 323 5.476 0.2171 0.5357
2LUN 324 4.866 0.2375 0.5625
2LUN 325 4.474 0.2977 0.6339
2LUN 326 11.258 0.2163 0.4554
2LUN 327 3.858 0.2197 0.5982
2LUN 328 9.177 0.1895 0.4554
2LUN 329 6.495 0.1588 0.4196
2LUN 330 12.291 0.2626 0.4464
2LUN 331 9.172 0.1767 0.4286
2LUN 332 9.383 0.1340 0.3304
2LUN 333 7.091 0.1768 0.4196
2LUN 334 12.093 0.1043 0.2679
2LUN 335 9.449 0.1420 0.3214
2LUN 336 13.364 0.1497 0.3571
2LUN 337 13.041 0.2051 0.4018
2LUN 338 14.151 0.1384 0.3036
2LUN 339 8.724 0.1362 0.3750
2LUN 340 7.431 0.2098 0.4732
2LUN 341 13.982 0.1237 0.3036
2LUN 342 12.983 0.1366 0.3036
2LUN 343 8.903 0.1876 0.3750
2LUN 344 11.598 0.1797 0.4018
2LUN 345 10.970 0.1524 0.3482
2LUN 346 7.872 0.1873 0.4196
2LUN 347 11.373 0.1649 0.3661
2LUN 348 11.505 0.2239 0.4286
2LUN 349 10.619 0.1771 0.3929
2LUN 350 12.058 0.1655 0.3839
2LUN 351 8.729 0.1659 0.3661
2LUN 352 6.172 0.1641 0.4821
2LUN 353 7.345 0.2125 0.4911
2LUN 354 8.504 0.2166 0.4464
2LUN 355 8.297 0.1813 0.4107
2LUN 356 6.622 0.2210 0.4911
2LUN 357 4.463 0.2832 0.5982
2LUN 358 8.583 0.2105 0.4018
2LUN 359 9.058 0.1832 0.3661
2LUN 360 10.661 0.1716 0.3661
2LUN 361 9.662 0.1683 0.3839
2LUN 362 5.513 0.2530 0.5268
2LUN 363 9.523 0.2244 0.4196
2LUN 364 4.933 0.2911 0.6071
2LUN 365 9.757 0.1717 0.3929
2LUN 366 9.866 0.1894 0.3929
2LUN 367 14.521 0.1710 0.3750
2LUN 368 14.780 0.1591 0.3929
2LUN 369 10.907 0.1936 0.3393
2LUN 370 7.627 0.1386 0.3393
2LUN 371 12.523 0.1952 0.3393
2LUN 372 9.234 0.1298 0.3036
2LUN 373 12.396 0.1551 0.3125
2LUN 374 10.922 0.1430 0.3214
2LUN 375 13.124 0.1628 0.3661
2LUN 376 7.692 0.1730 0.4107
2LUN 377 11.694 0.1593 0.3661
2LUN 378 12.200 0.1578 0.3036
2LUN 379 16.130 0.1589 0.3661
2LUN 380 10.487 0.1332 0.3214
2LUN 381 12.519 0.1323 0.3125
2LUN 382 11.625 0.1984 0.4375
2LUN 383 10.268 0.1749 0.3571
2LUN 384 11.190 0.2832 0.4643
2LUN 385 15.383 0.1734 0.3661
2LUN 386 8.288 0.1515 0.4107
2LUN 387 15.075 0.1687 0.3393
2LUN 388 9.417 0.1612 0.3661
2LUN 389 4.819 0.2250 0.5536
2LUN 390 7.479 0.1645 0.4286
2LUN 391 10.880 0.2405 0.4821
2LUN 392 7.272 0.1699 0.4107
2LUN 393 5.859 0.1601 0.4821
2LUN 394 8.911 0.1910 0.4643
2LUN 395 3.091 0.3052 0.6607
2LUN 396 9.899 0.1851 0.4196
2LUN 397 10.565 0.1980 0.4464
2LUN 398 6.474 0.2411 0.5089
2LUN 399 4.366 0.2265 0.5714
2LUN 400 8.155 0.1936 0.4286
2LUN 401 6.599 0.2263 0.5000
2LUN 402 16.740 0.1960 0.3839
2LUN 403 7.633 0.2161 0.5179
2LUN 404 7.130 0.1915 0.4196
2LUN 405 4.927 0.2390 0.5357
2LUN 406 11.603 0.2124 0.4107
2LUN 407 5.579 0.2626 0.5536
2LUN 408 7.416 0.1939 0.4286
2LUN 409 1.780 0.4094 0.7679
2LUN 410 2.519 0.3662 0.7411
2LUN 411 2.420 0.3759 0.7411
2LUN 412 2.356 0.3921 0.7411
2LUN 413 2.427 0.3852 0.7321
2LUN 414 2.449 0.3749 0.7321
2LUN 415 2.413 0.3776 0.7321
2LUN 416 2.473 0.3761 0.7232
2LUN 417 2.422 0.3759 0.7321
2LUN 418 2.496 0.3703 0.7143
2LUN 419 2.489 0.3746 0.7232
2LUN 420 2.488 0.3776 0.7232
2LUN 421 2.499 0.3749 0.7232
2LUN 422 2.473 0.3764 0.7321
2LUN 423 2.475 0.3765 0.7232
2LUN 424 2.505 0.3727 0.7232
2LUN 425 2.477 0.3771 0.7321
2LUN 426 2.489 0.3756 0.7232
2LUN 427 2.488 0.3723 0.7232
2LUN 428 2.479 0.3740 0.7143
2LUN 429 2.477 0.3747 0.7232
2LUN 430 2.481 0.3735 0.7232
2LUN 431 2.477 0.3738 0.7232
2LUN 432 2.504 0.3727 0.7232
2LUN 433 2.484 0.3718 0.7321
2LUN 434 2.476 0.3739 0.7143
2LUN 435 2.486 0.3749 0.7143
2LUN 436 2.492 0.3750 0.7143
2LUN 437 2.475 0.3767 0.7232
2LUN 438 2.511 0.3689 0.7232
2LUN 439 2.468 0.3761 0.7321
2LUN 440 2.485 0.3750 0.7232
2LUN 441 2.465 0.3795 0.7321
2LUN 442 2.482 0.3726 0.7232
2LUN 443 2.470 0.3766 0.7321
2LUN 444 2.505 0.3698 0.7232
2LUN 445 2.469 0.3764 0.7321
2LUN 446 2.482 0.3708 0.7143
2LUN 447 2.455 0.3751 0.7232
2LUN 448 2.478 0.3703 0.7232
2LUN 449 2.426 0.3800 0.7321
2LUN 450 2.487 0.3743 0.7232
2LUN 451 2.495 0.3736 0.7232
2LUN 452 2.456 0.3723 0.7232
2LUN 453 2.515 0.3709 0.7143
2LUN 454 2.442 0.3835 0.7321
2LUN 455 2.523 0.3700 0.7232
2LUN 456 2.461 0.3776 0.7321
2LUN 457 2.429 0.3779 0.7232
2LUN 458 2.511 0.3728 0.7232
2LUN 459 2.491 0.3719 0.7321
2LUN 460 2.457 0.3767 0.7321
2LUN 461 2.488 0.3753 0.7232
2LUN 462 2.456 0.3751 0.7232
2LUN 463 2.496 0.3741 0.7321
2LUN 464 2.446 0.3766 0.7232
2LUN 465 2.446 0.3749 0.7232
2LUN 466 2.471 0.3756 0.7232
2LUN 467 2.386 0.3902 0.7411
2LUN 468 2.505 0.3665 0.7143
2LUN 469 2.421 0.3783 0.7321
2LUN 470 2.462 0.3777 0.7321
2LUN 471 2.425 0.3834 0.7411
2LUN 472 2.496 0.3717 0.7232
2LUN 473 2.413 0.3740 0.7321
2LUN 474 2.431 0.3774 0.7321
2LUN 475 2.473 0.3715 0.7232
2LUN 476 2.454 0.3796 0.7321
2LUN 477 2.427 0.3768 0.7321
2LUN 478 2.493 0.3693 0.7232
2LUN 479 2.425 0.3752 0.7321
2LUN 480 2.449 0.3814 0.7232
2LUN 481 2.489 0.3788 0.7321
2LUN 482 2.470 0.3798 0.7232
2LUN 483 2.430 0.3753 0.7321
2LUN 484 2.482 0.3708 0.7232
2LUN 485 2.454 0.3778 0.7232
2LUN 486 2.479 0.3712 0.7232
2LUN 487 2.417 0.3770 0.7321
2LUN 488 2.476 0.3795 0.7321
2LUN 489 2.441 0.3818 0.7321
2LUN 490 2.477 0.3713 0.7321
2LUN 491 2.475 0.3723 0.7232
2LUN 492 2.481 0.3726 0.7232
2LUN 493 2.427 0.3773 0.7321
2LUN 494 2.418 0.3785 0.7321
2LUN 495 2.444 0.3827 0.7321
2LUN 496 2.503 0.3715 0.7232
2LUN 497 2.364 0.3806 0.7321
2LUN 498 2.531 0.3715 0.7232
2LUN 499 2.402 0.3802 0.7321
2LUN 500 2.501 0.3726 0.7232
2LUN 501 2.483 0.3845 0.7411
2LUN 502 2.440 0.3779 0.7232
2LUN 503 2.433 0.3776 0.7411
2LUN 504 2.393 0.3854 0.7411
2LUN 505 2.367 0.3876 0.7411
2LUN 506 2.443 0.3677 0.7232
2LUN 507 2.415 0.3815 0.7321
2LUN 508 2.400 0.3791 0.7321
2LUN 509 2.368 0.3796 0.7411
2LUN 510 2.416 0.3715 0.7232
2LUN 511 2.462 0.3704 0.7232
2LUN 512 2.499 0.3680 0.7232
2LUN 513 2.464 0.3671 0.7232
2LUN 514 2.545 0.3672 0.7232
2LUN 515 2.454 0.3860 0.7411
2LUN 516 2.447 0.3846 0.7500
2LUN 517 2.425 0.3848 0.7589
2LUN 518 2.549 0.3810 0.7321
2LUN 519 2.503 0.3797 0.7411
2LUN 520 2.544 0.3711 0.7232
2LUN 521 2.528 0.3732 0.7232
2LUN 522 2.545 0.3718 0.7321
2LUN 523 2.530 0.3745 0.7321
2LUN 524 2.518 0.3699 0.7232
2LUN 525 2.439 0.3864 0.7411
2LUN 526 2.498 0.3731 0.7232
2LUN 527 2.491 0.3676 0.7232
2LUN 528 2.506 0.3753 0.7321
2LUN 529 2.432 0.3778 0.7321
2LUN 530 2.473 0.3746 0.7143
2LUN 531 2.436 0.3731 0.7321
2LUN 532 2.419 0.3869 0.7321
2LUN 533 2.409 0.3860 0.7232
2LUN 534 2.332 0.3908 0.7411
2LUN 535 2.331 0.3939 0.7500
2LUN 536 2.435 0.3838 0.7232
2LUN 537 2.311 0.4084 0.7589
2LUN 538 2.390 0.3853 0.7321
2LUN 539 2.363 0.3911 0.7500
2LUN 540 2.362 0.3859 0.7411
2LUN 541 2.373 0.3831 0.7500
2LUN 542 2.352 0.3933 0.7500
2LUN 543 2.365 0.3779 0.7411
2LUN 544 2.335 0.3918 0.7411
2LUN 545 2.303 0.4003 0.7411
2LUN 546 2.427 0.3847 0.7321
2LUN 547 2.340 0.4001 0.7500
2LUN 548 2.332 0.3900 0.7411
2LUN 549 2.452 0.3791 0.7321
2LUN 550 2.297 0.3950 0.7500
2LUN 551 2.358 0.3855 0.7411
2LUN 552 2.336 0.3970 0.7500
2LUN 553 2.398 0.3896 0.7500
2LUN 554 2.378 0.3965 0.7321
2LUN 555 2.455 0.3561 0.7232
2LUN 556 2.459 0.3817 0.7321
2LUN 557 2.391 0.3861 0.7500
2LUN 558 2.274 0.3987 0.7679
2LUN 559 2.412 0.3806 0.7411
2LUN 560 2.379 0.3891 0.7500
2LUN 561 2.423 0.3847 0.7411
2LUN 562 2.343 0.3853 0.7321
2LUN 563 2.391 0.3758 0.7411
2LUN 564 2.343 0.3930 0.7411
2LUN 565 2.481 0.3680 0.7232
2LUN 566 2.358 0.3811 0.7411
2LUN 567 2.346 0.3995 0.7589
2LUN 568 2.432 0.3881 0.7411
2LUN 569 2.340 0.3888 0.7500
2LUN 570 2.456 0.3902 0.7411
2LUN 571 2.428 0.3781 0.7411
2LUN 572 2.355 0.3955 0.7500
2LUN 573 2.299 0.3922 0.7500
2LUN 574 2.399 0.3790 0.7321
2LUN 575 2.407 0.3896 0.7321
2LUN 576 2.361 0.4044 0.7500
2LUN 577 2.354 0.3874 0.7411
2LUN 578 2.288 0.4002 0.7679
2LUN 579 2.302 0.4059 0.7500
2LUN 580 2.355 0.3851 0.7321
2LUN 581 2.377 0.3855 0.7321
2LUN 582 2.327 0.3742 0.7321
2LUN 583 2.264 0.3850 0.7411
2LUN 584 2.340 0.3803 0.7232
2LUN 585 2.245 0.4009 0.7500
2LUN 586 2.299 0.3990 0.7500
2LUN 587 2.267 0.4037 0.7589
2LUN 588 2.395 0.3876 0.7411
2LUN 589 2.289 0.4129 0.7679
2LUN 590 2.194 0.4087 0.7679
2LUN 591 2.261 0.3921 0.7500
2LUN 592 2.326 0.3974 0.7500
2LUN 593 2.148 0.4300 0.7589
2LUN 594 2.166 0.4229 0.7768
2LUN 595 2.283 0.4122 0.7589
2LUN 596 2.205 0.4246 0.7679
2LUN 597 2.282 0.4004 0.7589
2LUN 598 2.287 0.3961 0.7589
2LUN 599 2.262 0.4134 0.7589
2LUN 600 2.269 0.4008 0.7589
2LUN 601 2.260 0.4126 0.7679
2LUN 602 2.175 0.4073 0.7500
2LUN 603 2.296 0.4023 0.7500
2LUN 604 2.140 0.4463 0.7857
2LUN 605 2.317 0.3860 0.7411
2LUN 606 2.357 0.3883 0.7411
2LUN 607 2.305 0.3875 0.7321
2LUN 608 2.248 0.4041 0.7500
2LUN 609 2.401 0.3658 0.7232
2LUN 610 2.490 0.3630 0.7054
2LUN 611 2.239 0.3975 0.7411
2LUN 612 2.425 0.3857 0.7321
2LUN 613 2.268 0.3747 0.7321
2LUN 614 2.244 0.4056 0.7500
2LUN 615 2.314 0.3858 0.7321
2LUN 616 2.344 0.3704 0.7321
2LUN 617 2.211 0.4120 0.7589
2LUN 618 2.255 0.3987 0.7321
2LUN 619 2.249 0.4000 0.7321
2LUN 620 2.376 0.3885 0.7321
2LUN 621 2.349 0.3956 0.7321
2LUN 622 2.195 0.4230 0.7589
2LUN 623 2.303 0.4053 0.7321
2LUN 624 2.345 0.3978 0.7500
2LUN 625 2.251 0.3971 0.7411
2LUN 626 2.248 0.3936 0.7500
2LUN 627 2.200 0.4190 0.7589
2LUN 628 2.336 0.3919 0.7411
2LUN 629 2.360 0.3980 0.7411
2LUN 630 2.333 0.4026 0.7411
2LUN 631 2.267 0.4153 0.7589
2LUN 632 2.316 0.3999 0.7500
2LUN 633 2.258 0.4218 0.7679
2LUN 634 2.142 0.4276 0.7768
2LUN 635 2.259 0.4076 0.7411
2LUN 636 2.319 0.4137 0.7500
2LUN 637 2.188 0.4324 0.7589
2LUN 638 2.132 0.4473 0.7857
2LUN 639 2.178 0.4478 0.7768
2LUN 640 2.128 0.4353 0.7768
2LUN 641 2.194 0.4239 0.7679
2LUN 642 2.296 0.4111 0.7411
2LUN 643 2.180 0.4238 0.7589
2LUN 644 2.328 0.4014 0.7500
2LUN 645 2.206 0.4174 0.7589
2LUN 646 2.200 0.4137 0.7411
2LUN 647 2.306 0.4014 0.7411
2LUN 648 2.209 0.4019 0.7589
2LUN 649 2.314 0.3659 0.7321
2LUN 650 2.299 0.3873 0.7500
2LUN 651 2.287 0.3895 0.7500
2LUN 652 2.387 0.3732 0.7232
2LUN 653 2.241 0.4006 0.7589
2LUN 654 2.343 0.3784 0.7411
2LUN 655 2.293 0.3768 0.7232
2LUN 656 2.316 0.3764 0.7321
2LUN 657 2.338 0.3736 0.7321
2LUN 658 2.281 0.3979 0.7589
2LUN 659 2.308 0.3892 0.7589
2LUN 660 2.284 0.4083 0.7589
2LUN 661 2.237 0.4152 0.7679
2LUN 662 2.374 0.3780 0.7411
2LUN 663 2.333 0.3973 0.7411
2LUN 664 2.402 0.4022 0.7411
2LUN 665 2.143 0.4104 0.7768
2LUN 666 2.256 0.3879 0.7500
2LUN 667 2.419 0.3748 0.7321
2LUN 668 2.252 0.4067 0.7589
2LUN 669 2.379 0.4025 0.7321
2LUN 670 2.225 0.4062 0.7679
2LUN 671 2.295 0.3947 0.7411
2LUN 672 2.358 0.3909 0.7411
2LUN 673 2.291 0.3880 0.7321
2LUN 674 2.206 0.3934 0.7589
2LUN 675 2.387 0.3840 0.7321
2LUN 676 2.301 0.4029 0.7411
2LUN 677 2.338 0.4059 0.7500
2LUN 678 2.294 0.3888 0.7411
2LUN 679 2.306 0.3957 0.7500
2LUN 680 2.268 0.3951 0.7411
2LUN 681 2.356 0.3881 0.7500
2LUN 682 2.144 0.4426 0.7857
2LUN 683 2.127 0.4341 0.7768
2LUN 684 2.143 0.4367 0.7946
2LUN 685 2.133 0.4144 0.7768
2LUN 686 2.133 0.4330 0.7679
2LUN 687 2.123 0.4183 0.7679
2LUN 688 2.299 0.4117 0.7679
2LUN 689 2.223 0.4206 0.7589
2LUN 690 2.246 0.3852 0.7411
2LUN 691 2.229 0.4046 0.7589
2LUN 692 2.240 0.4120 0.7589
2LUN 693 2.216 0.4051 0.7768
2LUN 694 2.134 0.4197 0.7768
2LUN 695 2.349 0.3886 0.7411
2LUN 696 2.244 0.3966 0.7589
2LUN 697 2.278 0.3971 0.7500
2LUN 698 2.378 0.3902 0.7411
2LUN 699 2.301 0.3868 0.7500
2LUN 700 2.336 0.3792 0.7321
2LUN 701 2.234 0.4079 0.7589
2LUN 702 2.200 0.4249 0.7946
2LUN 703 2.470 0.3638 0.7321
2LUN 704 2.213 0.4156 0.7500
2LUN 705 2.170 0.4075 0.7946
2LUN 706 2.364 0.3738 0.7411
2LUN 707 2.250 0.3991 0.7679
2LUN 708 2.230 0.3900 0.7679
2LUN 709 2.229 0.4063 0.7768
2LUN 710 2.215 0.3973 0.7500
2LUN 711 2.254 0.4014 0.7411
2LUN 712 2.087 0.4093 0.7679
2LUN 713 2.289 0.3866 0.7500
2LUN 714 2.155 0.4235 0.7589
2LUN 715 2.197 0.4104 0.7768
2LUN 716 2.223 0.3798 0.7768
2LUN 717 2.045 0.4446 0.7946
2LUN 718 2.263 0.3763 0.7589
2LUN 719 2.077 0.4484 0.8036
2LUN 720 2.150 0.4364 0.8214
2LUN 721 2.109 0.4241 0.7857
2LUN 722 2.308 0.3823 0.7500
2LUN 723 2.162 0.3965 0.7500
2LUN 724 2.301 0.3931 0.7589
2LUN 725 2.197 0.4043 0.7857
2LUN 726 2.194 0.4204 0.7679
2LUN 727 2.177 0.4052 0.7500
2LUN 728 2.128 0.4140 0.7857
2LUN 729 2.413 0.3591 0.7143
2LUN 730 2.131 0.4093 0.7768
2LUN 731 2.216 0.4117 0.7857
2LUN 732 2.286 0.3820 0.7500
2LUN 733 2.168 0.3976 0.7500
2LUN 734 2.279 0.3704 0.7232
2LUN 735 2.204 0.3763 0.7500
2LUN 736 2.107 0.4367 0.7768
2LUN 737 2.130 0.4176 0.7857
2LUN 738 2.239 0.4074 0.7589
2LUN 739 2.157 0.3990 0.7589
2LUN 740 2.060 0.4665 0.7946
2LUN 741 2.125 0.4536 0.7857
2LUN 742 2.123 0.4203 0.7679
2LUN 743 2.132 0.3854 0.7411
2LUN 744 2.156 0.4144 0.7768
2LUN 745 2.222 0.4006 0.7589
2LUN 746 2.147 0.4005 0.7857
2LUN 747 2.086 0.4639 0.7946
2LUN 748 2.194 0.3898 0.7321
2LUN 749 2.250 0.4165 0.8125
2LUN 750 2.232 0.4012 0.7768
2LUN 751 2.400 0.3737 0.7500
2LUN 752 2.211 0.4130 0.7679
2LUN 753 2.101 0.4020 0.7768
2LUN 754 2.297 0.3810 0.7411
2LUN 755 2.278 0.3803 0.7411
2LUN 756 2.149 0.3936 0.7679
2LUN 757 2.313 0.4203 0.7500
2LUN 758 2.133 0.4097 0.7857
2LUN 759 2.296 0.3871 0.7679
2LUN 760 2.238 0.3649 0.7321
2LUN 761 2.172 0.4068 0.7589
2LUN 762 2.268 0.3933 0.7679
2LUN 763 2.231 0.3919 0.7500
2LUN 764 2.414 0.3516 0.7321
2LUN 765 2.120 0.4230 0.7857
2LUN 766 2.181 0.4260 0.7768
2LUN 767 2.184 0.3864 0.7500
2LUN 768 2.225 0.3997 0.7946
2LUN 769 2.258 0.3891 0.7589
2LUN 770 2.293 0.3599 0.7321
2LUN 771 2.523 0.3714 0.7232
2LUN 772 2.240 0.3975 0.7768
2LUN 773 2.183 0.3930 0.7411
2LUN 774 2.323 0.3626 0.7232
2LUN 775 2.135 0.4328 0.7946
2LUN 776 2.115 0.4218 0.7946
2LUN 777 2.313 0.3637 0.7589
2LUN 778 2.233 0.3950 0.7679
2LUN 779 2.311 0.3345 0.7321
2LUN 780 2.414 0.3647 0.7321
2LUN 781 2.276 0.3793 0.7500
2LUN 782 2.229 0.3764 0.7500
2LUN 783 2.137 0.4079 0.7679
2LUN 784 2.222 0.3961 0.7589
2LUN 785 2.208 0.3823 0.7500
2LUN 786 2.133 0.3946 0.7500
2LUN 787 2.266 0.3874 0.7500
2LUN 788 2.254 0.3944 0.7768
2LUN 789 2.184 0.4055 0.7500
2LUN 790 2.278 0.3701 0.7589
2LUN 791 1.959 0.4368 0.7946
2LUN 792 2.277 0.3863 0.7500
2LUN 793 2.329 0.3759 0.7500
2LUN 794 2.184 0.3588 0.7411
2LUN 795 2.105 0.4554 0.8036
2LUN 796 2.084 0.4174 0.7857
2LUN 797 2.194 0.3900 0.7589
2LUN 798 2.344 0.4154 0.7500
2LUN 799 2.059 0.4057 0.7768
2LUN 800 2.196 0.3817 0.7500
2LUN 801 2.246 0.3694 0.7500
2LUN 802 2.279 0.3529 0.7411
2LUN 803 2.100 0.4126 0.7679
2LUN 804 2.245 0.3666 0.7321
2LUN 805 2.210 0.3761 0.7500
2LUN 806 2.352 0.3661 0.7500
2LUN 807 2.171 0.3764 0.7679
2LUN 808 2.238 0.4257 0.7679
2LUN 809 2.150 0.3881 0.7679
2LUN 810 2.312 0.3965 0.7411
2LUN 811 2.268 0.4114 0.7589
2LUN 812 2.112 0.4062 0.7679
2LUN 813 2.185 0.3936 0.7589
2LUN 814 2.247 0.3538 0.7321
2LUN 815 2.248 0.4073 0.7768
2LUN 816 2.292 0.3734 0.7411
2LUN 817 2.359 0.3675 0.7411
2LUN 818 2.413 0.3847 0.7411
2LUN 819 2.172 0.3805 0.7589
2LUN 820 2.326 0.3417 0.7143
2LUN 821 2.223 0.3635 0.7232
2LUN 822 2.181 0.3999 0.7589
2LUN 823 2.410 0.3556 0.7232
2LUN 824 2.349 0.3645 0.7232
2LUN 825 2.181 0.3785 0.7500
2LUN 826 2.136 0.3791 0.7500
2LUN 827 2.468 0.3243 0.6964
2LUN 828 2.427 0.3433 0.7232
2LUN 829 2.303 0.3467 0.7411
2LUN 830 2.468 0.3379 0.7321
2LUN 831 2.503 0.3318 0.7143
2LUN 832 2.368 0.3456 0.7232
2LUN 833 2.396 0.3561 0.7232
2LUN 834 2.414 0.3458 0.7232
2LUN 835 2.270 0.3538 0.7411
2LUN 836 2.325 0.3752 0.7411
2LUN 837 2.245 0.3759 0.7589
2LUN 838 2.281 0.3636 0.7500
2LUN 839 2.456 0.3425 0.7321
2LUN 840 2.359 0.3455 0.7321
2LUN 841 2.402 0.3449 0.7321
2LUN 842 2.363 0.3479 0.7321
2LUN 843 2.316 0.3639 0.7411
2LUN 844 2.290 0.3614 0.7411
2LUN 845 2.312 0.3437 0.7768
2LUN 846 2.457 0.3382 0.7500
2LUN 847 2.383 0.3338 0.7321
2LUN 848 2.451 0.3466 0.7321
2LUN 849 2.240 0.3584 0.7500
2LUN 850 2.287 0.3690 0.7500
2LUN 851 2.311 0.3857 0.7589
2LUN 852 2.299 0.3666 0.7500
2LUN 853 2.120 0.4361 0.7946
2LUN 854 2.076 0.4427 0.7857
2LUN 855 2.136 0.3929 0.7857
2LUN 856 2.030 0.4205 0.7857
2LUN 857 2.043 0.4479 0.8036
2LUN 858 2.188 0.4227 0.7946
2LUN 859 2.200 0.4350 0.8036
2LUN 860 2.126 0.4068 0.7857
2LUN 861 1.953 0.4585 0.8214
2LUN 862 2.049 0.4268 0.8125
2LUN 863 2.140 0.4088 0.7857
2LUN 864 2.074 0.4325 0.7946
2LUN 865 2.185 0.4256 0.7857
2LUN 866 2.103 0.4303 0.7946
2LUN 867 2.005 0.4557 0.8214
2LUN 868 2.318 0.4344 0.7768
2LUN 869 2.335 0.3791 0.7679
2LUN 870 2.099 0.4155 0.7857
2LUN 871 2.183 0.3940 0.7768
2LUN 872 2.208 0.3944 0.7679
2LUN 873 1.922 0.4798 0.8125
2LUN 874 2.143 0.4287 0.7768
2LUN 875 2.186 0.4066 0.7768
2LUN 876 2.131 0.3973 0.7679
2LUN 877 2.085 0.4103 0.7679
2LUN 878 2.041 0.4536 0.7946
2LUN 879 2.170 0.4369 0.7768
2LUN 880 2.325 0.3764 0.7589
2LUN 881 2.270 0.3732 0.7768
2LUN 882 2.311 0.3628 0.7589
2LUN 883 2.151 0.4141 0.7946
2LUN 884 2.161 0.4204 0.7679
2LUN 885 2.187 0.4319 0.8036
2LUN 886 2.239 0.3813 0.7589
2LUN 887 2.135 0.3948 0.7679
2LUN 888 2.178 0.3946 0.7589
2LUN 889 2.227 0.4084 0.7946
2LUN 890 2.336 0.3958 0.7768
2LUN 891 2.094 0.4187 0.8036
2LUN 892 2.153 0.3848 0.7857
2LUN 893 2.064 0.4245 0.7857
2LUN 894 2.233 0.3799 0.7679
2LUN 895 2.244 0.3621 0.7589
2LUN 896 2.224 0.3783 0.7589
2LUN 897 2.380 0.3637 0.7411
2LUN 898 2.209 0.4135 0.7679
2LUN 899 2.348 0.3896 0.7589
2LUN 900 2.421 0.3693 0.7679
2LUN 901 2.264 0.4033 0.7589
2LUN 902 2.292 0.4004 0.7589
2LUN 903 2.351 0.3585 0.7679
2LUN 904 2.240 0.4486 0.7679
2LUN 905 2.510 0.4350 0.7768
2LUN 906 2.398 0.4124 0.7589
2LUN 907 2.238 0.4577 0.7679
2LUN 908 2.173 0.4257 0.7857
2LUN 909 2.387 0.4094 0.7589
2LUN 910 2.309 0.3947 0.7679
2LUN 911 2.335 0.4057 0.7679
2LUN 912 2.425 0.4044 0.7589
2LUN 913 2.601 0.3439 0.7411
2LUN 914 2.536 0.3925 0.7589
2LUN 915 2.448 0.3400 0.7500
2LUN 916 2.592 0.3401 0.7321
2LUN 917 2.487 0.3749 0.7500
2LUN 918 2.399 0.3695 0.7500
2LUN 919 2.609 0.3692 0.7500
2LUN 920 2.533 0.3861 0.7679
2LUN 921 2.412 0.3698 0.7589
2LUN 922 2.444 0.3646 0.7411
2LUN 923 2.472 0.3568 0.7500
2LUN 924 2.663 0.3760 0.7411
2LUN 925 2.587 0.3531 0.7321
2LUN 926 2.355 0.3833 0.7589
2LUN 927 2.306 0.4211 0.7768
2LUN 928 2.490 0.3728 0.7500
2LUN 929 2.627 0.3553 0.7411
2LUN 930 2.409 0.3696 0.7589
2LUN 931 2.355 0.3904 0.7589
2LUN 932 2.621 0.4237 0.7679
2LUN 933 2.534 0.4156 0.7589
2LUN 934 2.462 0.4154 0.7589
2LUN 935 2.458 0.4249 0.7679
2LUN 936 2.770 0.3546 0.7321
2LUN 937 2.732 0.4212 0.7500
2LUN 938 2.463 0.4347 0.7679
2LUN 939 2.761 0.3775 0.7232
2LUN 940 2.553 0.3953 0.7589
2LUN 941 2.448 0.3567 0.7411
2LUN 942 2.449 0.3887 0.7411
2LUN 943 2.649 0.4002 0.7411
2LUN 944 2.712 0.3808 0.7321
2LUN 945 2.417 0.3678 0.7500
2LUN 946 2.579 0.3424 0.7232
2LUN 947 2.517 0.3679 0.7411
2LUN 948 2.541 0.3475 0.7321
2LUN 949 2.538 0.3266 0.7321
2LUN 950 2.505 0.3625 0.7232
2LUN 951 2.482 0.4111 0.7589
2LUN 952 2.431 0.4351 0.7679
2LUN 953 2.531 0.4149 0.7768
2LUN 954 2.371 0.3889 0.7589
2LUN 955 2.736 0.3525 0.7232
2LUN 956 2.522 0.3744 0.7500
2LUN 957 2.412 0.3583 0.7411
2LUN 958 2.749 0.3421 0.7232
2LUN 959 2.722 0.3881 0.7589
2LUN 960 2.645 0.3449 0.7232
2LUN 961 2.619 0.3817 0.7411
2LUN 962 2.798 0.3637 0.7232
2LUN 963 2.988 0.3380 0.7054
2LUN 964 2.970 0.3513 0.7232
2LUN 965 2.678 0.3742 0.7321
2LUN 966 2.712 0.3482 0.7321
2LUN 967 2.838 0.3637 0.7232
2LUN 968 3.156 0.3484 0.7143
2LUN 969 3.047 0.4138 0.7411
2LUN 970 2.638 0.3872 0.7411
2LUN 971 2.517 0.3824 0.7589
2LUN 972 2.725 0.3578 0.7411
2LUN 973 2.678 0.3278 0.7054
2LUN 974 2.467 0.3850 0.7411
2LUN 975 2.653 0.3683 0.7321
2LUN 976 2.676 0.3207 0.7054
2LUN 977 2.672 0.3389 0.6964
2LUN 978 3.159 0.2936 0.6696
2LUN 979 2.777 0.3542 0.7321
2LUN 980 2.498 0.3690 0.7411
2LUN 981 2.654 0.3592 0.7232
2LUN 982 2.785 0.3599 0.7143
2LUN 983 2.744 0.3888 0.7589
2LUN 984 2.603 0.3656 0.7321
2LUN 985 2.689 0.3619 0.7411
2LUN 986 2.654 0.3441 0.7143
2LUN 987 2.660 0.3358 0.7143
2LUN 988 2.901 0.3325 0.7232
2LUN 989 2.590 0.3603 0.7321
2LUN 990 2.644 0.3220 0.7232
2LUN 991 2.755 0.3154 0.6964
2LUN 992 2.742 0.3645 0.7143
2LUN 993 2.716 0.3694 0.7321
2LUN 994 2.659 0.3678 0.7321
2LUN 995 2.487 0.3871 0.7500
2LUN 996 2.590 0.3605 0.7232
2LUN 997 2.726 0.3352 0.7143
2LUN 998 2.849 0.3567 0.7143
2LUN 999 2.386 0.3955 0.7500
2LUN 1000 2.588 0.3905 0.7589
2LUN 1001 2.604 0.3929 0.7321
2LUN 1002 2.631 0.3367 0.7143
2LUN 1003 2.765 0.3466 0.7321
2LUN 1004 2.754 0.3393 0.7321
2LUN 1005 2.587 0.3629 0.7500
2LUN 1006 2.553 0.3336 0.7143
2LUN 1007 2.550 0.3796 0.7411
2LUN 1008 2.717 0.3259 0.7232
2LUN 1009 2.815 0.3092 0.6964
2LUN 1010 2.667 0.4091 0.7589
2LUN 1011 2.386 0.3845 0.7500
2LUN 1012 2.458 0.4085 0.7500
2LUN 1013 2.550 0.3940 0.7500
2LUN 1014 2.359 0.3870 0.7500
2LUN 1015 2.615 0.3828 0.7500
2LUN 1016 2.878 0.3464 0.7232
2LUN 1017 2.703 0.3535 0.7321
2LUN 1018 2.657 0.3791 0.7232
2LUN 1019 2.838 0.3457 0.7143
2LUN 1020 2.702 0.3759 0.7321
2LUN 1021 2.908 0.3510 0.7143
2LUN 1022 2.791 0.3415 0.7143
2LUN 1023 2.793 0.3629 0.7321
2LUN 1024 2.726 0.3401 0.7143
2LUN 1025 2.870 0.3264 0.6875
2LUN 1026 2.693 0.3508 0.7411
2LUN 1027 2.625 0.3576 0.7143
2LUN 1028 2.608 0.3552 0.7054
2LUN 1029 2.805 0.3591 0.7232
2LUN 1030 2.844 0.3469 0.7143
2LUN 1031 2.875 0.3342 0.7232
2LUN 1032 3.170 0.3256 0.7054
2LUN 1033 2.854 0.3268 0.7143
2LUN 1034 3.045 0.3362 0.7054
2LUN 1035 2.790 0.3548 0.7054
2LUN 1036 2.795 0.3179 0.7054
2LUN 1037 3.186 0.3471 0.7143
2LUN 1038 3.054 0.3330 0.7143
2LUN 1039 2.807 0.3432 0.7232
2LUN 1040 2.974 0.3488 0.7232
2LUN 1041 2.984 0.3239 0.7143
2LUN 1042 2.925 0.3428 0.7143
2LUN 1043 2.868 0.3783 0.7411
2LUN 1044 2.768 0.3460 0.7054
2LUN 1045 2.816 0.3361 0.7054
2LUN 1046 2.929 0.3321 0.7232
2LUN 1047 2.996 0.3576 0.7054
2LUN 1048 2.873 0.3079 0.6875
2LUN 1049 3.297 0.3602 0.6964
2LUN 1050 2.848 0.3114 0.7054
2LUN 1051 2.735 0.3605 0.7232
2LUN 1052 3.141 0.3498 0.7143
2LUN 1053 2.913 0.3255 0.7232
2LUN 1054 3.115 0.3263 0.7143
2LUN 1055 3.108 0.3490 0.7143
2LUN 1056 2.870 0.3388 0.7143
2LUN 1057 3.103 0.3190 0.7143
2LUN 1058 2.797 0.3706 0.7232
2LUN 1059 2.602 0.3760 0.7411
2LUN 1060 2.920 0.3533 0.7143
2LUN 1061 2.843 0.3388 0.7054
2LUN 1062 2.934 0.3526 0.7232
2LUN 1063 2.834 0.3701 0.7321
2LUN 1064 2.774 0.3252 0.7054
2LUN 1065 2.929 0.3647 0.7143
2LUN 1066 2.908 0.3458 0.7143
2LUN 1067 3.053 0.3398 0.7321
2LUN 1068 2.738 0.3564 0.7232
2LUN 1069 2.860 0.3860 0.7321
2LUN 1070 3.003 0.3451 0.7143
2LUN 1071 3.070 0.3301 0.7143
2LUN 1072 2.862 0.3587 0.7321
2LUN 1073 2.773 0.3826 0.7411
2LUN 1074 2.805 0.3526 0.7143
2LUN 1075 2.934 0.4060 0.7589
2LUN 1076 2.771 0.3921 0.7321
2LUN 1077 2.832 0.3891 0.7411
2LUN 1078 3.128 0.3283 0.7143
2LUN 1079 2.888 0.3481 0.7143
2LUN 1080 2.887 0.3679 0.7232
2LUN 1081 2.687 0.3419 0.7232
2LUN 1082 2.990 0.3588 0.7232
2LUN 1083 2.939 0.3650 0.7411
2LUN 1084 2.792 0.3592 0.7321
2LUN 1085 2.548 0.3560 0.7321
2LUN 1086 2.471 0.4136 0.7500
2LUN 1087 2.958 0.3849 0.7411
2LUN 1088 3.215 0.3264 0.6964
2LUN 1089 2.804 0.3730 0.7232
2LUN 1090 2.485 0.3788 0.7500
2LUN 1091 2.632 0.3857 0.7679
2LUN 1092 2.807 0.3255 0.7143
2LUN 1093 3.019 0.3386 0.7143
2LUN 1094 2.617 0.3937 0.7500
2LUN 1095 3.041 0.3496 0.7054
2LUN 1096 3.153 0.3639 0.7143
2LUN 1097 2.754 0.3958 0.7500
2LUN 1098 2.880 0.3779 0.7232
2LUN 1099 3.254 0.3476 0.7054
2LUN 1100 3.171 0.3511 0.7232
2LUN 1101 2.872 0.3668 0.7321
2LUN 1102 2.989 0.3885 0.7411
2LUN 1103 2.984 0.3563 0.7143
2LUN 1104 3.030 0.3722 0.7232
2LUN 1105 2.591 0.4021 0.7500
2LUN 1106 2.823 0.3686 0.7321
2LUN 1107 3.056 0.3495 0.7232
2LUN 1108 2.957 0.3327 0.7143
2LUN 1109 3.057 0.3739 0.7321
2LUN 1110 2.976 0.3276 0.6875
2LUN 1111 2.915 0.3776 0.7232
2LUN 1112 2.790 0.3755 0.7411
2LUN 1113 2.965 0.3651 0.7232
2LUN 1114 2.918 0.3617 0.7232
2LUN 1115 3.088 0.3651 0.6964
2LUN 1116 2.885 0.3738 0.7143
2LUN 1117 2.854 0.3888 0.7411
2LUN 1118 2.713 0.3471 0.7054
2LUN 1119 2.697 0.3760 0.7321
2LUN 1120 2.505 0.3886 0.7679
2LUN 1121 2.828 0.3476 0.7411
2LUN 1122 2.715 0.3742 0.7411
2LUN 1123 3.194 0.3127 0.7054
2LUN 1124 2.843 0.3723 0.7232
2LUN 1125 2.658 0.3596 0.7500
2LUN 1126 2.707 0.3420 0.7232
2LUN 1127 2.598 0.3379 0.7232
2LUN 1128 2.647 0.3440 0.7232
2LUN 1129 2.662 0.3718 0.7321
2LUN 1130 2.503 0.3926 0.7589
2LUN 1131 2.406 0.3639 0.7589
2LUN 1132 2.526 0.3508 0.7411
2LUN 1133 2.386 0.3606 0.7321
2LUN 1134 2.619 0.3934 0.7500
2LUN 1135 2.356 0.3991 0.7679
2LUN 1136 2.631 0.3357 0.7232
2LUN 1137 2.527 0.3586 0.7321
2LUN 1138 2.437 0.3692 0.7411
2LUN 1139 2.675 0.3479 0.7232
2LUN 1140 2.740 0.3606 0.7411
2LUN 1141 2.588 0.3555 0.7321
2LUN 1142 2.368 0.3234 0.7232
2LUN 1143 2.520 0.3395 0.7143
2LUN 1144 2.872 0.3459 0.7143
2LUN 1145 2.754 0.3390 0.7143
2LUN 1146 2.786 0.3744 0.7232
2LUN 1147 2.693 0.3191 0.7143
2LUN 1148 2.666 0.3606 0.7321
2LUN 1149 2.594 0.2898 0.7054
2LUN 1150 2.600 0.3468 0.7232
2LUN 1151 2.400 0.3718 0.7500
2LUN 1152 2.767 0.3516 0.7321
2LUN 1153 3.064 0.3324 0.6964
2LUN 1154 2.984 0.3242 0.7232
2LUN 1155 2.468 0.3832 0.7411
2LUN 1156 2.656 0.3097 0.7054
2LUN 1157 2.721 0.3828 0.7321
2LUN 1158 2.589 0.3630 0.7411
2LUN 1159 2.672 0.3481 0.7143
2LUN 1160 2.793 0.3338 0.7143
2LUN 1161 2.885 0.3082 0.6964
2LUN 1162 2.993 0.3276 0.6964
2LUN 1163 3.127 0.3439 0.7054
2LUN 1164 2.662 0.3809 0.7411
2LUN 1165 2.927 0.3530 0.7054
2LUN 1166 3.194 0.3178 0.6786
2LUN 1167 2.911 0.3587 0.7411
2LUN 1168 2.944 0.3469 0.6875
2LUN 1169 2.894 0.3488 0.7143
2LUN 1170 2.974 0.3669 0.7232
2LUN 1171 3.126 0.3619 0.7054
2LUN 1172 2.905 0.3257 0.6875
2LUN 1173 2.811 0.3485 0.7054
2LUN 1174 2.854 0.3702 0.7232
2LUN 1175 3.153 0.3510 0.7054
2LUN 1176 3.078 0.3732 0.6964
2LUN 1177 2.795 0.3359 0.7143
2LUN 1178 2.776 0.3284 0.6875
2LUN 1179 2.955 0.3347 0.7054
2LUN 1180 3.296 0.3163 0.6607
2LUN 1181 2.897 0.3559 0.7054
2LUN 1182 2.959 0.3517 0.6964
2LUN 1183 2.731 0.3500 0.7232
2LUN 1184 2.746 0.3545 0.7143
2LUN 1185 2.882 0.3466 0.6964
2LUN 1186 2.792 0.3685 0.7321
2LUN 1187 2.490 0.3757 0.7321
2LUN 1188 2.963 0.3448 0.7054
2LUN 1189 2.664 0.3312 0.7054
2LUN 1190 2.994 0.3613 0.7143
2LUN 1191 3.268 0.3308 0.6875
2LUN 1192 2.534 0.3662 0.7589
2LUN 1193 2.498 0.3758 0.7321
2LUN 1194 2.591 0.3657 0.7500
2LUN 1195 2.707 0.3492 0.7143
2LUN 1196 2.818 0.3334 0.7232
2LUN 1197 2.630 0.3630 0.7321
2LUN 1198 2.823 0.3558 0.7143
2LUN 1199 2.668 0.3514 0.7321
2LUN 1200 2.834 0.3818 0.7321
2LUN 1201 2.826 0.3921 0.7232
2LUN 1202 2.972 0.3346 0.6875
2LUN 1203 2.739 0.3343 0.6964
2LUN 1204 3.163 0.3100 0.6786
2LUN 1205 2.824 0.3166 0.6964
2LUN 1206 2.868 0.3298 0.6964
2LUN 1207 3.091 0.3631 0.6964
2LUN 1208 3.069 0.3468 0.7143
2LUN 1209 2.974 0.3421 0.7054
2LUN 1210 2.764 0.3933 0.7411
2LUN 1211 2.754 0.4011 0.7411
2LUN 1212 2.917 0.3751 0.7232
2LUN 1213 2.936 0.3284 0.6964
2LUN 1214 2.818 0.3810 0.7143
2LUN 1215 2.835 0.3642 0.7232
2LUN 1216 2.659 0.4050 0.7411
2LUN 1217 2.599 0.3943 0.7500
2LUN 1218 2.760 0.4029 0.7589
2LUN 1219 2.767 0.3521 0.7143
2LUN 1220 2.796 0.4048 0.7411
2LUN 1221 2.946 0.3524 0.7143
2LUN 1222 2.910 0.3860 0.7321
2LUN 1223 2.525 0.4190 0.7679
2LUN 1224 2.834 0.4194 0.7411
2LUN 1225 2.970 0.3671 0.7054
2LUN 1226 2.923 0.3376 0.7054
2LUN 1227 3.126 0.3749 0.7143
2LUN 1228 3.073 0.3494 0.7054
2LUN 1229 3.109 0.3464 0.7054
2LUN 1230 2.988 0.3330 0.6875
2LUN 1231 2.757 0.3948 0.7411
2LUN 1232 2.496 0.3541 0.7232
2LUN 1233 2.585 0.3631 0.7500
2LUN 1234 2.566 0.3488 0.7143
2LUN 1235 2.743 0.3750 0.7321
2LUN 1236 2.915 0.3634 0.7232
2LUN 1237 2.807 0.3005 0.6875
2LUN 1238 2.648 0.3794 0.7321
2LUN 1239 3.153 0.3498 0.6964
2LUN 1240 2.801 0.3287 0.6875
2LUN 1241 2.536 0.4179 0.7589
2LUN 1242 2.868 0.3232 0.7054
2LUN 1243 2.985 0.3543 0.7143
2LUN 1244 2.894 0.3783 0.7143
2LUN 1245 2.639 0.3974 0.7321
2LUN 1246 2.523 0.3651 0.7143
2LUN 1247 2.796 0.3489 0.7054
2LUN 1248 2.655 0.3825 0.7143
2LUN 1249 2.637 0.3202 0.6964
2LUN 1250 3.040 0.3284 0.6964
2LUN 1251 2.965 0.3063 0.6786
2LUN 1252 2.681 0.3597 0.7232
2LUN 1253 2.953 0.3314 0.7054
2LUN 1254 2.684 0.3514 0.7143
2LUN 1255 2.707 0.3841 0.7232
2LUN 1256 2.596 0.3701 0.7143
2LUN 1257 2.581 0.3604 0.7411
2LUN 1258 2.476 0.3266 0.7054
2LUN 1259 2.834 0.3957 0.7232
2LUN 1260 3.126 0.3167 0.6964
2LUN 1261 2.774 0.3069 0.6786
2LUN 1262 2.677 0.3239 0.7143
2LUN 1263 2.575 0.3883 0.7679
2LUN 1264 2.713 0.3283 0.7054
2LUN 1265 2.863 0.3326 0.7143
2LUN 1266 2.823 0.3410 0.7143
2LUN 1267 2.665 0.3546 0.7143
2LUN 1268 2.462 0.3627 0.7411
2LUN 1269 3.099 0.3533 0.7054
2LUN 1270 2.969 0.3684 0.7143
2LUN 1271 2.806 0.3838 0.7232
2LUN 1272 3.364 0.3129 0.6696
2LUN 1273 2.755 0.3899 0.7321
2LUN 1274 3.001 0.3959 0.7232
2LUN 1275 2.884 0.3700 0.7143
2LUN 1276 2.669 0.3791 0.7321
2LUN 1277 3.020 0.3706 0.7143
2LUN 1278 3.323 0.3456 0.7054
2LUN 1279 3.508 0.3112 0.6518
2LUN 1280 2.836 0.3741 0.7232
2LUN 1281 2.894 0.3552 0.7054
2LUN 1282 3.108 0.3606 0.6875
2LUN 1283 3.211 0.3361 0.6696
2LUN 1284 3.151 0.3666 0.7054
2LUN 1285 2.970 0.3536 0.7232
2LUN 1286 3.324 0.3260 0.6786
2LUN 1287 3.080 0.3519 0.6875
2LUN 1288 3.080 0.3380 0.6875
2LUN 1289 3.293 0.3077 0.6607
2LUN 1290 3.004 0.3813 0.7321
2LUN 1291 2.840 0.3854 0.7411
2LUN 1292 3.098 0.3681 0.7143
2LUN 1293 2.737 0.3458 0.7054
2LUN 1294 2.846 0.3455 0.7054
2LUN 1295 3.019 0.3295 0.7054
2LUN 1296 3.067 0.3497 0.7143
2LUN 1297 2.722 0.4017 0.7500
2LUN 1298 2.684 0.3766 0.7143
2LUN 1299 2.795 0.3989 0.7411
2LUN 1300 2.880 0.3423 0.7054
2LUN 1301 3.091 0.3291 0.6964
2LUN 1302 2.892 0.3813 0.7232
2LUN 1303 3.012 0.3912 0.7143
2LUN 1304 2.787 0.3851 0.7232
2LUN 1305 2.744 0.3573 0.7143
2LUN 1306 2.791 0.3924 0.7143
2LUN 1307 2.583 0.3854 0.7321
2LUN 1308 2.485 0.3321 0.6964
2LUN 1309 2.483 0.3940 0.7321
2LUN 1310 3.078 0.3535 0.6964
2LUN 1311 2.739 0.3643 0.7321
2LUN 1312 2.204 0.3596 0.7411
2LUN 1313 2.443 0.3651 0.7321
2LUN 1314 2.443 0.3940 0.7500
2LUN 1315 2.457 0.4162 0.7411
2LUN 1316 2.418 0.4180 0.7589
2LUN 1317 2.441 0.4168 0.7589
2LUN 1318 2.178 0.3914 0.7500
2LUN 1319 2.240 0.4280 0.7768
2LUN 1320 2.370 0.3591 0.7411
2LUN 1321 2.390 0.3309 0.7143
2LUN 1322 2.403 0.3439 0.7143
2LUN 1323 2.569 0.3819 0.7232
2LUN 1324 2.740 0.3414 0.7054
2LUN 1325 2.455 0.4168 0.7589
2LUN 1326 2.123 0.4016 0.7768
2LUN 1327 2.480 0.3675 0.7143
2LUN 1328 2.810 0.3310 0.6875
2LUN 1329 2.523 0.3352 0.7054
2LUN 1330 2.621 0.3786 0.7143
2LUN 1331 2.665 0.4008 0.7321
2LUN 1332 2.472 0.3744 0.7411
2LUN 1333 2.680 0.3168 0.6875
2LUN 1334 2.315 0.3969 0.7768
2LUN 1335 2.623 0.3769 0.7232
2LUN 1336 2.733 0.3659 0.7143
2LUN 1337 2.364 0.4059 0.7589
2LUN 1338 2.550 0.4146 0.7500
2LUN 1339 2.422 0.3530 0.7232
2LUN 1340 2.637 0.3425 0.7054
2LUN 1341 2.885 0.3408 0.6964
2LUN 1342 2.807 0.3928 0.7232
2LUN 1343 2.581 0.3798 0.7500
2LUN 1344 2.519 0.3456 0.7143
2LUN 1345 2.708 0.3619 0.7232
2LUN 1346 2.695 0.3626 0.7232
2LUN 1347 2.379 0.3441 0.7054
2LUN 1348 2.588 0.3495 0.7054
2LUN 1349 2.485 0.4034 0.7321
2LUN 1350 2.610 0.3648 0.7143
2LUN 1351 2.603 0.3309 0.7054
2LUN 1352 2.402 0.3822 0.7411
2LUN 1353 2.682 0.3218 0.7054
2LUN 1354 2.541 0.3136 0.7054
2LUN 1355 2.440 0.3782 0.7411
2LUN 1356 2.443 0.3687 0.7321
2LUN 1357 2.649 0.3352 0.7054
2LUN 1358 2.600 0.3902 0.7321
2LUN 1359 2.437 0.4127 0.7411
2LUN 1360 2.788 0.3118 0.6875
2LUN 1361 2.556 0.3512 0.7232
2LUN 1362 2.562 0.3890 0.7321
2LUN 1363 2.697 0.3145 0.6875
2LUN 1364 2.291 0.3523 0.7232
2LUN 1365 2.434 0.3986 0.7589
2LUN 1366 2.562 0.3735 0.7321
2LUN 1367 2.503 0.3668 0.7411
2LUN 1368 2.663 0.3390 0.7054
2LUN 1369 2.687 0.3460 0.6964
2LUN 1370 3.051 0.3528 0.7143
2LUN 1371 2.808 0.3881 0.7143
2LUN 1372 2.600 0.3714 0.7321
2LUN 1373 2.715 0.3300 0.6696
2LUN 1374 2.502 0.3443 0.7143
2LUN 1375 2.712 0.3554 0.7054
2LUN 1376 2.349 0.3842 0.7321
2LUN 1377 2.519 0.3862 0.7589
2LUN 1378 2.496 0.3520 0.7232
2LUN 1379 2.693 0.3291 0.7054
2LUN 1380 2.751 0.3422 0.6964
2LUN 1381 2.508 0.3487 0.7143
2LUN 1382 2.898 0.3095 0.6696
2LUN 1383 2.572 0.3375 0.7054
2LUN 1384 2.348 0.4197 0.7500
2LUN 1385 2.486 0.3798 0.7321
2LUN 1386 2.784 0.3540 0.6964
2LUN 1387 2.672 0.3497 0.7321
2LUN 1388 2.486 0.3454 0.6964
2LUN 1389 2.850 0.2976 0.6607
2LUN 1390 2.739 0.3203 0.7054
2LUN 1391 2.459 0.3439 0.7321
2LUN 1392 2.636 0.3762 0.7054
2LUN 1393 2.797 0.3186 0.6964
2LUN 1394 2.692 0.3306 0.7054
2LUN 1395 2.409 0.3996 0.7411
2LUN 1396 2.566 0.3565 0.7232
2LUN 1397 2.493 0.3640 0.7411
2LUN 1398 2.348 0.3778 0.7321
2LUN 1399 2.523 0.3699 0.7321
2LUN 1400 2.630 0.3264 0.6964
2LUN 1401 2.660 0.3094 0.6964
2LUN 1402 2.345 0.3573 0.7232
2LUN 1403 2.438 0.3203 0.7054
2LUN 1404 2.491 0.3812 0.7411
2LUN 1405 2.246 0.3758 0.7500
2LUN 1406 2.193 0.3606 0.7321
2LUN 1407 2.138 0.4155 0.7679
2LUN 1408 2.477 0.3527 0.7232
2LUN 1409 2.132 0.3660 0.7679
2LUN 1410 1.952 0.4385 0.7857
2LUN 1411 2.172 0.3962 0.7679
2LUN 1412 2.587 0.3450 0.7054
2LUN 1413 2.838 0.3587 0.7232
2LUN 1414 2.702 0.3165 0.6696
2LUN 1415 2.756 0.3188 0.7232
2LUN 1416 2.476 0.3321 0.7321
2LUN 1417 2.763 0.3001 0.6696
2LUN 1418 3.283 0.3207 0.6786
2LUN 1419 2.893 0.2673 0.6518
2LUN 1420 2.572 0.3296 0.7321
2LUN 1421 2.513 0.3011 0.7054
2LUN 1422 2.993 0.2737 0.6607
