2M22 1 0.000 1.0000 1.0000
2M22 2 0.486 0.7059 1.0000
2M22 3 0.523 0.7387 0.9891
2M22 4 0.777 0.4909 0.9565
2M22 5 0.696 0.5524 0.9891
2M22 6 1.305 0.3482 0.8587
2M22 7 1.181 0.4141 0.8804
2M22 8 0.982 0.5512 0.9457
2M22 9 0.958 0.4694 0.9348
2M22 10 1.402 0.4375 0.8913
2M22 11 0.915 0.5113 0.9348
2M22 12 1.065 0.5203 0.9239
2M22 13 0.744 0.6087 0.9783
2M22 14 1.826 0.3561 0.8043
2M22 15 0.678 0.5524 0.9891
2M22 16 0.975 0.4510 0.9239
2M22 17 0.607 0.6227 1.0000
2M22 18 0.736 0.5540 0.9674
2M22 19 0.815 0.5636 0.9674
2M22 20 0.786 0.6223 0.9565
2M22 21 9.137 0.1273 0.4130
2M22 22 10.332 0.1004 0.3804
2M22 23 9.011 0.1397 0.3696
2M22 24 10.565 0.1998 0.4891
2M22 25 7.601 0.2036 0.4891
2M22 26 8.854 0.2064 0.5326
2M22 27 8.025 0.1207 0.4348
2M22 28 11.085 0.1626 0.4348
2M22 29 10.811 0.2026 0.4130
2M22 30 8.362 0.2485 0.5761
2M22 31 5.975 0.2170 0.5978
2M22 32 10.768 0.1948 0.4348
2M22 33 6.859 0.1492 0.4565
2M22 34 7.092 0.2255 0.6196
2M22 35 5.373 0.2432 0.5978
2M22 36 9.340 0.1859 0.4457
2M22 37 10.131 0.1708 0.4891
2M22 38 10.192 0.1537 0.3587
2M22 39 5.631 0.3054 0.6957
2M22 40 3.204 0.2480 0.6739
2M22 41 10.231 0.2047 0.4891
2M22 42 8.380 0.1892 0.4891
2M22 43 5.285 0.2833 0.7391
2M22 44 4.295 0.1669 0.5543
2M22 45 2.376 0.3067 0.7500
2M22 46 12.096 0.2276 0.4348
2M22 47 4.354 0.2057 0.6196
2M22 48 9.457 0.2250 0.5543
2M22 49 3.397 0.3040 0.6848
2M22 50 2.644 0.2745 0.7391
2M22 51 6.468 0.2098 0.5652
2M22 52 4.567 0.1700 0.5978
2M22 53 3.950 0.3162 0.7609
2M22 54 3.749 0.2216 0.6848
2M22 55 3.043 0.3207 0.8043
2M22 56 1.971 0.2646 0.7609
2M22 57 2.557 0.2865 0.7283
2M22 58 2.602 0.2525 0.7174
2M22 59 4.053 0.1937 0.6087
2M22 60 2.344 0.2320 0.7391
2M22 61 10.034 0.1925 0.4130
2M22 62 9.591 0.1371 0.3913
2M22 63 8.223 0.1342 0.3696
2M22 64 10.304 0.1486 0.4565
2M22 65 7.045 0.1663 0.5217
2M22 66 7.699 0.1437 0.4674
2M22 67 8.975 0.2414 0.5217
2M22 68 9.888 0.1968 0.4565
2M22 69 4.252 0.2416 0.6196
2M22 70 10.798 0.1639 0.3913
2M22 71 6.829 0.1749 0.5109
2M22 72 8.024 0.1777 0.4674
2M22 73 2.088 0.2819 0.7609
2M22 74 4.594 0.3049 0.6957
2M22 75 7.819 0.2262 0.5326
2M22 76 4.752 0.3009 0.6522
2M22 77 4.378 0.2796 0.6739
2M22 78 5.927 0.2105 0.5761
2M22 79 6.026 0.1878 0.5652
2M22 80 5.546 0.1935 0.5652
2M22 81 9.806 0.1800 0.4457
2M22 82 5.307 0.2203 0.5543
2M22 83 6.416 0.2819 0.5978
2M22 84 2.399 0.2676 0.7283
2M22 85 5.693 0.2528 0.6304
2M22 86 8.274 0.2135 0.5435
2M22 87 2.903 0.3110 0.7065
2M22 88 2.383 0.2240 0.7391
2M22 89 4.600 0.1609 0.5870
2M22 90 3.096 0.2932 0.7065
2M22 91 3.143 0.2235 0.6957
2M22 92 2.362 0.3354 0.7717
2M22 93 1.835 0.3030 0.7826
2M22 94 3.149 0.1882 0.6739
2M22 95 1.751 0.2819 0.8261
2M22 96 2.849 0.3300 0.7826
2M22 97 2.144 0.2285 0.7174
2M22 98 1.896 0.2829 0.7935
2M22 99 2.281 0.2439 0.7826
2M22 100 1.767 0.3315 0.8370
2M22 101 7.213 0.1859 0.4783
2M22 102 10.658 0.1296 0.4022
2M22 103 8.605 0.0955 0.4130
2M22 104 6.682 0.1747 0.5000
2M22 105 7.979 0.2173 0.5326
2M22 106 7.855 0.1672 0.4239
2M22 107 6.420 0.1117 0.4348
2M22 108 10.805 0.1350 0.4022
2M22 109 4.743 0.1612 0.5217
2M22 110 10.154 0.1844 0.4348
2M22 111 9.938 0.2476 0.4565
2M22 112 9.830 0.2415 0.4457
2M22 113 8.738 0.1398 0.3913
2M22 114 9.777 0.1673 0.4457
2M22 115 6.212 0.2270 0.5978
2M22 116 10.882 0.1077 0.3478
2M22 117 1.923 0.2922 0.8043
2M22 118 4.708 0.2681 0.6957
2M22 119 5.733 0.1812 0.5652
2M22 120 4.607 0.2414 0.6848
2M22 121 4.692 0.2930 0.6957
2M22 122 5.096 0.2117 0.5326
2M22 123 2.676 0.2733 0.7283
2M22 124 4.697 0.2615 0.6739
2M22 125 2.883 0.2184 0.6957
2M22 126 3.519 0.2703 0.6957
2M22 127 4.731 0.2666 0.6957
2M22 128 2.917 0.2927 0.7391
2M22 129 5.519 0.2423 0.5652
2M22 130 4.070 0.1784 0.5978
2M22 131 3.046 0.2558 0.7391
2M22 132 2.742 0.2229 0.6739
2M22 133 2.140 0.2473 0.7391
2M22 134 2.420 0.3042 0.7609
2M22 135 3.256 0.3012 0.7065
2M22 136 4.155 0.2366 0.6413
2M22 137 2.975 0.2427 0.6848
2M22 138 1.900 0.3144 0.8043
2M22 139 6.343 0.2855 0.6087
2M22 140 2.449 0.2238 0.6957
2M22 141 8.723 0.0814 0.3913
2M22 142 7.967 0.1285 0.3696
2M22 143 8.241 0.1120 0.3478
2M22 144 10.746 0.1039 0.3696
2M22 145 10.071 0.1400 0.3587
2M22 146 7.818 0.1752 0.5000
2M22 147 10.211 0.1102 0.4022
2M22 148 3.544 0.1959 0.6087
2M22 149 4.308 0.2094 0.5978
2M22 150 6.501 0.1995 0.5761
2M22 151 6.987 0.2084 0.5652
2M22 152 8.229 0.2268 0.5217
2M22 153 6.541 0.2836 0.6196
2M22 154 2.984 0.3406 0.7935
2M22 155 6.307 0.2269 0.5326
2M22 156 7.847 0.2157 0.5326
2M22 157 9.833 0.2164 0.4457
2M22 158 10.134 0.2577 0.5000
2M22 159 4.347 0.2457 0.6848
2M22 160 6.554 0.3731 0.7065
2M22 161 9.100 0.1705 0.4457
2M22 162 9.974 0.1299 0.3913
2M22 163 9.221 0.1533 0.3913
2M22 164 2.975 0.2662 0.7174
2M22 165 8.223 0.2041 0.4674
2M22 166 9.264 0.1802 0.3913
2M22 167 7.938 0.2445 0.5217
2M22 168 2.594 0.2621 0.7391
2M22 169 6.349 0.2092 0.4891
2M22 170 3.487 0.3483 0.7717
2M22 171 3.136 0.2204 0.6739
2M22 172 4.822 0.2936 0.7283
2M22 173 1.464 0.4170 0.8804
2M22 174 2.515 0.2503 0.7500
2M22 175 3.004 0.3733 0.7826
2M22 176 6.204 0.2962 0.6196
2M22 177 2.074 0.3228 0.8152
2M22 178 3.410 0.2308 0.6739
2M22 179 1.321 0.3462 0.8587
2M22 180 2.484 0.2778 0.7391
2M22 181 10.789 0.1223 0.2609
2M22 182 8.696 0.2321 0.5109
2M22 183 6.526 0.1309 0.4565
2M22 184 10.590 0.1854 0.4457
2M22 185 7.019 0.1787 0.4891
2M22 186 8.167 0.1620 0.5109
2M22 187 12.259 0.1687 0.3804
2M22 188 10.602 0.1467 0.4239
2M22 189 9.000 0.1802 0.3804
2M22 190 4.655 0.1631 0.5326
2M22 191 4.588 0.2093 0.6630
2M22 192 9.380 0.1550 0.4239
2M22 193 4.744 0.3194 0.7283
2M22 194 7.938 0.1245 0.4022
2M22 195 5.679 0.1213 0.5217
2M22 196 11.251 0.1264 0.3913
2M22 197 4.159 0.2250 0.6413
2M22 198 10.640 0.1238 0.3261
2M22 199 8.459 0.2398 0.5326
2M22 200 6.939 0.2000 0.5761
2M22 201 6.508 0.2640 0.5326
2M22 202 2.004 0.2515 0.7609
2M22 203 2.876 0.3107 0.7283
2M22 204 5.521 0.1629 0.5326
2M22 205 10.060 0.2194 0.5109
2M22 206 8.340 0.2509 0.4674
2M22 207 9.930 0.1907 0.4457
2M22 208 3.840 0.2944 0.7174
2M22 209 2.535 0.2355 0.7174
2M22 210 5.773 0.2694 0.6413
2M22 211 2.438 0.2817 0.7391
2M22 212 3.861 0.2523 0.6196
2M22 213 5.682 0.1592 0.5217
2M22 214 9.898 0.2178 0.5326
2M22 215 7.347 0.2467 0.5543
2M22 216 6.732 0.2238 0.5217
2M22 217 2.485 0.2579 0.7609
2M22 218 3.573 0.2652 0.6522
2M22 219 4.309 0.2224 0.7065
2M22 220 3.123 0.2080 0.6522
2M22 221 10.731 0.1765 0.4130
2M22 222 5.843 0.1864 0.5217
2M22 223 9.610 0.1755 0.4565
2M22 224 8.380 0.1188 0.4239
2M22 225 8.605 0.1523 0.4457
2M22 226 7.957 0.1595 0.4891
2M22 227 6.263 0.1770 0.5000
2M22 228 8.245 0.1946 0.5000
2M22 229 6.812 0.1497 0.4457
2M22 230 5.456 0.1461 0.5217
2M22 231 5.635 0.1278 0.5000
2M22 232 5.446 0.1339 0.5870
2M22 233 10.615 0.2073 0.4674
2M22 234 2.706 0.2746 0.7174
2M22 235 3.309 0.2257 0.6522
2M22 236 6.541 0.2006 0.5109
2M22 237 4.526 0.2712 0.6522
2M22 238 4.408 0.1896 0.5870
2M22 239 11.202 0.2087 0.4348
2M22 240 7.212 0.1606 0.4457
2M22 241 4.852 0.2002 0.6087
2M22 242 3.396 0.1976 0.6522
2M22 243 7.040 0.1974 0.4891
2M22 244 4.317 0.2194 0.6304
2M22 245 5.791 0.2158 0.5870
2M22 246 2.043 0.2513 0.8043
2M22 247 3.213 0.2084 0.6522
2M22 248 2.171 0.2609 0.7500
2M22 249 2.621 0.3202 0.7609
2M22 250 3.349 0.1909 0.6630
2M22 251 2.403 0.3020 0.7717
2M22 252 2.784 0.2948 0.7065
2M22 253 4.519 0.2767 0.6304
2M22 254 6.370 0.2171 0.5652
2M22 255 1.941 0.2678 0.7717
2M22 256 2.331 0.2611 0.7283
2M22 257 2.239 0.2774 0.7609
2M22 258 2.001 0.2398 0.7935
2M22 259 2.071 0.2826 0.7935
2M22 260 1.804 0.2927 0.8043
2M22 261 8.576 0.1809 0.5326
2M22 262 10.432 0.0978 0.3370
2M22 263 12.131 0.0928 0.2500
2M22 264 10.975 0.1191 0.3152
2M22 265 11.778 0.1331 0.3370
2M22 266 11.829 0.2248 0.5109
2M22 267 9.980 0.1167 0.3804
2M22 268 8.837 0.1393 0.4565
2M22 269 9.635 0.1438 0.4457
2M22 270 10.576 0.1481 0.3913
2M22 271 10.633 0.1903 0.4130
2M22 272 10.738 0.1593 0.3913
2M22 273 8.480 0.2072 0.4565
2M22 274 6.391 0.1942 0.5217
2M22 275 4.024 0.3054 0.7609
2M22 276 9.696 0.2032 0.4022
2M22 277 3.628 0.2698 0.7391
2M22 278 10.236 0.2034 0.4565
2M22 279 4.822 0.3051 0.6413
2M22 280 5.645 0.1801 0.5435
2M22 281 6.408 0.2152 0.5326
2M22 282 2.257 0.2758 0.7717
2M22 283 1.988 0.2941 0.7826
2M22 284 4.635 0.1783 0.5761
2M22 285 3.653 0.3308 0.7391
2M22 286 2.362 0.2722 0.7500
2M22 287 2.363 0.2757 0.7717
2M22 288 3.081 0.2859 0.7174
2M22 289 3.272 0.3267 0.7283
2M22 290 3.302 0.2177 0.6413
2M22 291 2.281 0.3016 0.7717
2M22 292 4.244 0.2541 0.6848
2M22 293 2.664 0.3412 0.7935
2M22 294 3.261 0.2551 0.6957
2M22 295 2.695 0.3009 0.7391
2M22 296 5.770 0.2910 0.6087
2M22 297 2.292 0.2994 0.7500
2M22 298 3.649 0.3151 0.7174
2M22 299 3.796 0.1950 0.6739
2M22 300 5.284 0.1882 0.5761
2M22 301 6.437 0.2675 0.5652
2M22 302 6.135 0.1653 0.5109
2M22 303 7.775 0.2098 0.5435
2M22 304 8.352 0.1922 0.4239
2M22 305 13.650 0.1180 0.3804
2M22 306 13.778 0.2056 0.4674
2M22 307 10.437 0.1257 0.3370
2M22 308 6.870 0.1764 0.5326
2M22 309 6.888 0.1974 0.4891
2M22 310 10.835 0.2193 0.4565
2M22 311 10.541 0.1386 0.3913
2M22 312 8.048 0.1614 0.4674
2M22 313 7.787 0.1525 0.5000
2M22 314 9.033 0.1282 0.3804
2M22 315 6.874 0.2296 0.6196
2M22 316 2.697 0.2987 0.7826
2M22 317 11.077 0.1006 0.3152
2M22 318 5.205 0.2173 0.6413
2M22 319 3.509 0.2956 0.6957
2M22 320 2.532 0.2389 0.7391
2M22 321 2.216 0.2516 0.7717
2M22 322 9.422 0.2011 0.5000
2M22 323 3.252 0.1870 0.6304
2M22 324 5.274 0.1694 0.5870
2M22 325 7.833 0.2627 0.4783
2M22 326 9.212 0.1911 0.4348
2M22 327 8.055 0.2231 0.4565
2M22 328 5.121 0.2378 0.6304
2M22 329 3.602 0.2532 0.6848
2M22 330 9.395 0.2154 0.4457
2M22 331 3.799 0.2053 0.6304
2M22 332 4.485 0.2060 0.6522
2M22 333 7.799 0.1509 0.4348
2M22 334 2.873 0.2204 0.6848
2M22 335 6.349 0.3179 0.6739
2M22 336 2.944 0.2532 0.6957
2M22 337 5.437 0.1519 0.5543
2M22 338 4.434 0.2345 0.6413
2M22 339 2.337 0.2738 0.7391
2M22 340 3.682 0.2218 0.7065
2M22 341 10.098 0.1598 0.3804
2M22 342 8.875 0.1383 0.3696
2M22 343 3.618 0.2094 0.6304
2M22 344 5.565 0.1745 0.5652
2M22 345 8.392 0.1354 0.4565
2M22 346 8.403 0.1542 0.4565
2M22 347 7.250 0.2128 0.5761
2M22 348 7.638 0.2093 0.5217
2M22 349 3.819 0.2109 0.5978
2M22 350 9.811 0.1437 0.4239
2M22 351 9.147 0.1816 0.5543
2M22 352 9.120 0.1657 0.4565
2M22 353 14.269 0.1201 0.3370
2M22 354 9.506 0.1697 0.3804
2M22 355 8.388 0.1665 0.4783
2M22 356 7.119 0.1556 0.5000
2M22 357 10.176 0.1181 0.4130
2M22 358 7.265 0.1411 0.4783
2M22 359 2.786 0.2504 0.7174
2M22 360 9.179 0.1795 0.4891
2M22 361 5.867 0.1429 0.5326
2M22 362 5.818 0.1981 0.5543
2M22 363 10.161 0.2389 0.4783
2M22 364 11.288 0.1943 0.4348
2M22 365 7.961 0.2237 0.5435
2M22 366 5.903 0.2072 0.6413
2M22 367 3.553 0.2021 0.6196
2M22 368 2.029 0.2917 0.7717
2M22 369 9.490 0.1989 0.5000
2M22 370 5.639 0.1727 0.5435
2M22 371 2.538 0.2820 0.7717
2M22 372 3.184 0.2101 0.6304
2M22 373 2.325 0.2369 0.7283
2M22 374 2.393 0.2997 0.7717
2M22 375 4.898 0.1789 0.5435
2M22 376 2.505 0.2431 0.7065
2M22 377 3.072 0.2260 0.7065
2M22 378 2.229 0.3094 0.7717
2M22 379 2.315 0.2518 0.7391
2M22 380 1.799 0.2978 0.7935
2M22 381 7.566 0.2053 0.5978
2M22 382 4.262 0.3518 0.7500
2M22 383 8.156 0.1274 0.3804
2M22 384 9.720 0.1632 0.3913
2M22 385 12.038 0.1818 0.3804
2M22 386 10.399 0.1676 0.3696
2M22 387 12.370 0.1422 0.4348
2M22 388 10.186 0.0814 0.3370
2M22 389 8.732 0.0914 0.3587
2M22 390 3.403 0.2415 0.6848
2M22 391 7.577 0.1527 0.3913
2M22 392 10.609 0.1722 0.4348
2M22 393 5.287 0.1960 0.5217
2M22 394 8.052 0.1551 0.4674
2M22 395 10.265 0.1610 0.3696
2M22 396 10.621 0.1919 0.4457
2M22 397 7.554 0.2020 0.4783
2M22 398 5.276 0.1940 0.5435
2M22 399 5.679 0.1669 0.5326
2M22 400 6.925 0.1930 0.5109
2M22 401 2.743 0.2941 0.7609
2M22 402 8.777 0.1443 0.4457
2M22 403 3.081 0.1996 0.6522
2M22 404 2.916 0.3286 0.7500
2M22 405 4.039 0.2090 0.6196
2M22 406 9.826 0.1597 0.4348
2M22 407 3.393 0.2241 0.6739
2M22 408 3.987 0.2080 0.6196
2M22 409 3.629 0.2030 0.6304
2M22 410 3.475 0.1822 0.6196
2M22 411 3.838 0.2230 0.6304
2M22 412 3.611 0.2179 0.6848
2M22 413 3.008 0.1984 0.6522
2M22 414 6.640 0.2015 0.5870
2M22 415 6.547 0.1889 0.5217
2M22 416 4.204 0.2289 0.6413
2M22 417 2.345 0.2686 0.7283
2M22 418 2.476 0.2400 0.7174
2M22 419 3.146 0.2015 0.6848
2M22 420 2.029 0.2221 0.7500
2M22 421 1.308 0.3486 0.8804
2M22 422 1.888 0.3427 0.8261
2M22 423 1.694 0.3854 0.8478
2M22 424 1.507 0.3633 0.8696
2M22 425 1.546 0.3488 0.8587
2M22 426 1.483 0.3620 0.8696
2M22 427 1.527 0.3562 0.8587
2M22 428 1.518 0.3502 0.8587
2M22 429 1.496 0.3582 0.8696
2M22 430 1.550 0.3480 0.8587
2M22 431 1.548 0.3458 0.8587
2M22 432 1.522 0.3567 0.8587
2M22 433 1.525 0.3577 0.8587
2M22 434 1.527 0.3582 0.8587
2M22 435 1.523 0.3552 0.8587
2M22 436 1.517 0.3580 0.8587
2M22 437 1.509 0.3556 0.8587
2M22 438 1.521 0.3528 0.8587
2M22 439 1.511 0.3590 0.8587
2M22 440 1.519 0.3509 0.8587
2M22 441 1.509 0.3547 0.8587
2M22 442 1.515 0.3516 0.8587
2M22 443 1.525 0.3515 0.8587
2M22 444 1.516 0.3543 0.8587
2M22 445 1.506 0.3516 0.8587
2M22 446 1.538 0.3556 0.8587
2M22 447 1.481 0.3527 0.8696
2M22 448 1.491 0.3529 0.8587
2M22 449 1.540 0.3558 0.8587
2M22 450 1.500 0.3565 0.8587
2M22 451 1.505 0.3599 0.8587
2M22 452 1.512 0.3526 0.8587
2M22 453 1.516 0.3500 0.8587
2M22 454 1.504 0.3580 0.8587
2M22 455 1.519 0.3511 0.8587
2M22 456 1.526 0.3548 0.8587
2M22 457 1.490 0.3562 0.8696
2M22 458 1.515 0.3547 0.8587
2M22 459 1.530 0.3544 0.8587
2M22 460 1.494 0.3560 0.8587
2M22 461 1.509 0.3600 0.8587
2M22 462 1.502 0.3542 0.8587
2M22 463 1.479 0.3595 0.8587
2M22 464 1.511 0.3553 0.8587
2M22 465 1.521 0.3512 0.8587
2M22 466 1.524 0.3492 0.8587
2M22 467 1.480 0.3513 0.8587
2M22 468 1.511 0.3538 0.8587
2M22 469 1.491 0.3563 0.8587
2M22 470 1.449 0.3613 0.8696
2M22 471 1.532 0.3519 0.8587
2M22 472 1.459 0.3564 0.8804
2M22 473 1.483 0.3488 0.8696
2M22 474 1.514 0.3459 0.8587
2M22 475 1.465 0.3463 0.8804
2M22 476 1.537 0.3494 0.8587
2M22 477 1.468 0.3568 0.8696
2M22 478 1.503 0.3487 0.8587
2M22 479 1.507 0.3565 0.8587
2M22 480 1.519 0.3416 0.8587
2M22 481 1.475 0.3339 0.8804
2M22 482 1.500 0.3420 0.8696
2M22 483 1.437 0.3517 0.8696
2M22 484 1.410 0.3608 0.8804
2M22 485 1.423 0.3672 0.8804
2M22 486 1.413 0.3637 0.8804
2M22 487 1.431 0.3553 0.8804
2M22 488 1.437 0.3534 0.8804
2M22 489 1.439 0.3610 0.8696
2M22 490 1.405 0.3632 0.8804
2M22 491 1.422 0.3679 0.8804
2M22 492 1.377 0.3702 0.8913
2M22 493 1.404 0.3685 0.8804
2M22 494 1.417 0.3606 0.8804
2M22 495 1.347 0.3741 0.8913
2M22 496 1.450 0.3713 0.8804
2M22 497 1.328 0.3916 0.8804
2M22 498 1.410 0.3678 0.8696
2M22 499 1.416 0.3669 0.8696
2M22 500 1.395 0.3659 0.8804
2M22 501 1.418 0.3737 0.8804
2M22 502 1.438 0.3725 0.8913
2M22 503 1.398 0.3690 0.8804
2M22 504 1.415 0.3606 0.8696
2M22 505 1.404 0.3530 0.8696
2M22 506 1.421 0.3602 0.8696
2M22 507 1.451 0.3492 0.8696
2M22 508 1.406 0.3679 0.8804
2M22 509 1.441 0.3377 0.8696
2M22 510 1.413 0.3709 0.8696
2M22 511 1.374 0.3613 0.8804
2M22 512 1.454 0.3694 0.8804
2M22 513 1.433 0.3640 0.8804
2M22 514 1.373 0.3574 0.8696
2M22 515 1.433 0.3481 0.8696
2M22 516 1.403 0.3501 0.8696
2M22 517 1.404 0.3739 0.8804
2M22 518 1.444 0.3667 0.8804
2M22 519 1.404 0.3555 0.8804
2M22 520 1.439 0.3491 0.8696
2M22 521 1.442 0.3383 0.8696
2M22 522 1.447 0.3357 0.8804
2M22 523 1.375 0.3747 0.8804
2M22 524 1.428 0.3553 0.8696
2M22 525 1.382 0.3761 0.8913
2M22 526 1.405 0.3495 0.8804
2M22 527 1.449 0.3449 0.8696
2M22 528 1.421 0.3593 0.8804
2M22 529 1.429 0.3877 0.8804
2M22 530 1.425 0.3647 0.8804
2M22 531 1.430 0.3703 0.8804
2M22 532 1.399 0.3555 0.8804
2M22 533 1.432 0.3569 0.8696
2M22 534 1.441 0.3512 0.8696
2M22 535 1.501 0.3222 0.8696
2M22 536 1.443 0.3328 0.8696
2M22 537 1.527 0.3416 0.8587
2M22 538 1.518 0.3258 0.8587
2M22 539 1.409 0.3483 0.8696
2M22 540 1.458 0.3332 0.8587
2M22 541 1.414 0.3630 0.8696
2M22 542 1.444 0.3413 0.8696
2M22 543 1.424 0.3329 0.8696
2M22 544 1.502 0.3431 0.8696
2M22 545 1.409 0.3430 0.8804
2M22 546 1.448 0.3595 0.8696
2M22 547 1.482 0.3295 0.8478
2M22 548 1.482 0.3388 0.8696
2M22 549 1.482 0.3514 0.8696
2M22 550 1.422 0.3414 0.8804
2M22 551 1.455 0.3562 0.8913
2M22 552 1.494 0.3259 0.8696
2M22 553 1.499 0.3677 0.8913
2M22 554 1.425 0.3476 0.8913
2M22 555 1.451 0.3582 0.8913
2M22 556 1.440 0.3762 0.9022
2M22 557 1.469 0.3403 0.8804
2M22 558 1.455 0.3338 0.8696
2M22 559 1.483 0.3452 0.9022
2M22 560 1.442 0.3328 0.8804
2M22 561 1.478 0.3255 0.8913
2M22 562 1.377 0.3556 0.9022
2M22 563 1.346 0.3562 0.9022
2M22 564 1.423 0.3420 0.8804
2M22 565 1.281 0.3777 0.9022
2M22 566 1.323 0.3748 0.8913
2M22 567 1.328 0.3699 0.9022
2M22 568 1.273 0.3637 0.8913
2M22 569 1.236 0.3769 0.8913
2M22 570 1.295 0.3692 0.8913
2M22 571 1.266 0.3880 0.8913
2M22 572 1.298 0.3534 0.9022
2M22 573 1.293 0.3592 0.8913
2M22 574 1.320 0.3735 0.8913
2M22 575 1.298 0.3493 0.8913
2M22 576 1.340 0.3501 0.8804
2M22 577 1.302 0.3444 0.8804
2M22 578 1.286 0.3581 0.8804
2M22 579 1.313 0.3592 0.8804
2M22 580 1.267 0.3571 0.8804
2M22 581 1.263 0.3703 0.8804
2M22 582 1.354 0.3552 0.9022
2M22 583 1.296 0.3493 0.9022
2M22 584 1.260 0.3547 0.8913
2M22 585 1.348 0.3594 0.9022
2M22 586 1.316 0.3673 0.8913
2M22 587 1.262 0.3652 0.8913
2M22 588 1.276 0.3561 0.8913
2M22 589 1.280 0.3716 0.8913
2M22 590 1.342 0.3794 0.8804
2M22 591 1.336 0.3346 0.8804
2M22 592 1.257 0.3685 0.8913
2M22 593 1.249 0.3745 0.8913
2M22 594 1.278 0.3645 0.9022
2M22 595 1.280 0.3565 0.8696
2M22 596 1.335 0.3660 0.8804
2M22 597 1.350 0.3312 0.8696
2M22 598 1.312 0.3435 0.8913
2M22 599 1.422 0.3401 0.8696
2M22 600 1.265 0.3721 0.9022
2M22 601 1.320 0.3647 0.8804
2M22 602 1.320 0.3386 0.8587
2M22 603 1.337 0.3512 0.8913
2M22 604 1.220 0.3856 0.8804
2M22 605 1.342 0.3474 0.8804
2M22 606 1.347 0.3678 0.8913
2M22 607 1.278 0.3535 0.8804
2M22 608 1.260 0.3422 0.8696
2M22 609 1.293 0.3498 0.8804
2M22 610 1.355 0.3763 0.8913
2M22 611 1.364 0.3413 0.8696
2M22 612 1.382 0.3416 0.8804
2M22 613 1.385 0.3449 0.8587
2M22 614 1.256 0.3761 0.8804
2M22 615 1.384 0.3873 0.8804
2M22 616 1.370 0.3687 0.8913
2M22 617 1.344 0.3697 0.8913
2M22 618 1.367 0.3502 0.8913
2M22 619 1.326 0.3513 0.8696
2M22 620 1.383 0.3530 0.8804
2M22 621 1.341 0.3460 0.8913
2M22 622 1.420 0.3476 0.8913
2M22 623 1.328 0.3704 0.8804
2M22 624 1.307 0.3512 0.8804
2M22 625 1.318 0.3537 0.8804
2M22 626 1.315 0.3623 0.8804
2M22 627 1.367 0.3445 0.8804
2M22 628 1.277 0.3543 0.8913
2M22 629 1.278 0.3530 0.8913
2M22 630 1.286 0.3635 0.8804
2M22 631 1.328 0.3564 0.8696
2M22 632 1.336 0.3318 0.8696
2M22 633 1.253 0.3693 0.9022
2M22 634 1.304 0.3656 0.8804
2M22 635 1.350 0.3360 0.8913
2M22 636 1.285 0.3473 0.8804
2M22 637 1.357 0.3473 0.8804
2M22 638 1.291 0.3598 0.9022
2M22 639 1.269 0.3540 0.8913
2M22 640 1.404 0.3650 0.8913
2M22 641 1.328 0.3476 0.8804
2M22 642 1.345 0.3527 0.8913
2M22 643 1.414 0.3469 0.8804
2M22 644 1.230 0.3683 0.8804
2M22 645 1.268 0.3659 0.8804
2M22 646 1.269 0.3763 0.9022
2M22 647 1.223 0.3526 0.8804
2M22 648 1.243 0.3668 0.8913
2M22 649 1.304 0.3691 0.9022
2M22 650 1.384 0.3301 0.8804
2M22 651 1.372 0.3542 0.9022
2M22 652 1.347 0.3619 0.9130
2M22 653 1.254 0.3874 0.9130
2M22 654 1.334 0.3497 0.9022
2M22 655 1.232 0.3832 0.8913
2M22 656 1.369 0.3633 0.8913
2M22 657 1.359 0.3644 0.8913
2M22 658 1.372 0.3809 0.9022
2M22 659 1.419 0.3421 0.8804
2M22 660 1.346 0.3333 0.8804
2M22 661 1.401 0.3482 0.9022
2M22 662 1.359 0.3478 0.8804
2M22 663 1.400 0.3494 0.9130
2M22 664 1.415 0.3460 0.8913
2M22 665 1.334 0.3837 0.8913
2M22 666 1.415 0.3491 0.8696
2M22 667 1.316 0.3540 0.8913
2M22 668 1.328 0.3573 0.8696
2M22 669 1.387 0.3480 0.8804
2M22 670 1.385 0.3568 0.8913
2M22 671 1.241 0.3551 0.8804
2M22 672 1.327 0.3448 0.8913
2M22 673 1.307 0.3789 0.8913
2M22 674 1.362 0.3488 0.9022
2M22 675 1.594 0.3829 0.8696
2M22 676 1.463 0.3591 0.8913
2M22 677 1.618 0.3263 0.8478
2M22 678 1.714 0.3080 0.8478
2M22 679 1.461 0.3029 0.8587
2M22 680 1.541 0.2990 0.8478
2M22 681 1.568 0.2843 0.8261
2M22 682 1.593 0.3063 0.8587
2M22 683 1.549 0.2931 0.8370
2M22 684 1.577 0.2898 0.8261
2M22 685 1.906 0.2832 0.8043
2M22 686 1.894 0.2521 0.7826
2M22 687 1.891 0.2693 0.8043
2M22 688 1.924 0.2572 0.8043
2M22 689 1.896 0.2672 0.7935
2M22 690 1.851 0.2584 0.7826
2M22 691 1.867 0.2719 0.7826
2M22 692 1.987 0.2505 0.7609
2M22 693 1.865 0.2720 0.7717
2M22 694 1.959 0.2415 0.7609
2M22 695 2.136 0.2336 0.7609
2M22 696 1.845 0.2629 0.7935
2M22 697 1.881 0.2802 0.7935
2M22 698 2.016 0.2727 0.7826
2M22 699 2.188 0.2564 0.7717
2M22 700 2.320 0.2942 0.7717
2M22 701 2.078 0.2666 0.7609
2M22 702 2.274 0.2810 0.7935
2M22 703 2.244 0.2888 0.7717
2M22 704 1.974 0.2697 0.7826
2M22 705 2.018 0.2621 0.7717
2M22 706 1.821 0.2714 0.8152
2M22 707 2.004 0.2675 0.7935
2M22 708 2.010 0.2575 0.7826
2M22 709 1.918 0.2851 0.7935
2M22 710 2.158 0.2560 0.7609
2M22 711 2.065 0.3141 0.7935
2M22 712 1.885 0.2537 0.7826
2M22 713 1.895 0.2765 0.7826
2M22 714 1.936 0.2745 0.7935
2M22 715 1.864 0.3125 0.8152
2M22 716 1.995 0.2809 0.7717
2M22 717 2.085 0.3015 0.8043
2M22 718 1.813 0.2778 0.8043
2M22 719 1.832 0.2742 0.7826
2M22 720 1.975 0.2987 0.7935
2M22 721 1.791 0.3341 0.8152
2M22 722 1.667 0.3351 0.8370
2M22 723 1.903 0.2924 0.8043
2M22 724 1.910 0.2986 0.7826
2M22 725 1.715 0.3093 0.8043
2M22 726 2.022 0.3036 0.8043
2M22 727 2.088 0.3122 0.7935
2M22 728 1.978 0.2788 0.7826
2M22 729 2.024 0.3229 0.8043
2M22 730 1.943 0.3167 0.8043
2M22 731 1.901 0.3147 0.8043
2M22 732 1.982 0.3035 0.8043
2M22 733 1.974 0.2816 0.8043
2M22 734 1.883 0.3009 0.8043
2M22 735 1.759 0.3053 0.8043
2M22 736 1.823 0.3092 0.8043
2M22 737 1.873 0.2777 0.7935
2M22 738 1.792 0.3044 0.8370
2M22 739 1.707 0.3275 0.8370
2M22 740 1.659 0.2841 0.8043
2M22 741 1.715 0.3051 0.8043
2M22 742 2.066 0.2804 0.7935
2M22 743 1.899 0.3066 0.7935
2M22 744 1.866 0.2631 0.7935
2M22 745 1.789 0.3338 0.8152
2M22 746 1.920 0.3017 0.8043
2M22 747 1.798 0.2895 0.8043
2M22 748 1.804 0.2825 0.8152
2M22 749 1.616 0.3334 0.8370
2M22 750 1.932 0.2737 0.7935
2M22 751 1.925 0.3175 0.7935
2M22 752 1.916 0.2618 0.7826
2M22 753 1.747 0.3235 0.8152
2M22 754 1.777 0.2721 0.8152
2M22 755 1.846 0.3013 0.8043
2M22 756 1.907 0.2476 0.7717
2M22 757 1.995 0.2986 0.8152
2M22 758 1.978 0.2982 0.8043
2M22 759 1.962 0.3169 0.8043
2M22 760 1.960 0.2897 0.7826
2M22 761 1.805 0.3151 0.8261
2M22 762 1.754 0.2980 0.8152
2M22 763 1.844 0.3133 0.8152
2M22 764 1.640 0.3071 0.8261
2M22 765 1.724 0.2993 0.8261
2M22 766 1.971 0.3024 0.7935
2M22 767 1.971 0.3012 0.8043
2M22 768 1.954 0.2834 0.7826
2M22 769 2.033 0.3115 0.8043
2M22 770 1.831 0.3007 0.8152
2M22 771 1.985 0.3045 0.8152
2M22 772 1.831 0.3216 0.8370
2M22 773 1.771 0.2823 0.8152
2M22 774 1.775 0.3081 0.8152
2M22 775 2.092 0.2916 0.8043
2M22 776 1.862 0.2952 0.7826
2M22 777 1.959 0.2928 0.7935
2M22 778 1.990 0.2995 0.7826
2M22 779 2.121 0.2823 0.7826
2M22 780 2.162 0.2577 0.7717
2M22 781 1.945 0.3057 0.8043
2M22 782 1.536 0.3524 0.8478
2M22 783 1.722 0.2892 0.7935
2M22 784 1.962 0.2821 0.7609
2M22 785 1.615 0.3305 0.8152
2M22 786 1.823 0.2767 0.7935
2M22 787 1.940 0.2504 0.7717
2M22 788 1.946 0.2738 0.7717
2M22 789 1.813 0.3330 0.8043
2M22 790 1.950 0.2698 0.7826
2M22 791 1.883 0.3044 0.8043
2M22 792 2.061 0.2990 0.7935
2M22 793 2.043 0.2731 0.7935
2M22 794 1.967 0.2771 0.7826
2M22 795 1.734 0.3401 0.8152
2M22 796 1.732 0.3205 0.8043
2M22 797 2.113 0.2855 0.7717
2M22 798 2.107 0.2522 0.7609
2M22 799 1.864 0.3446 0.8043
2M22 800 1.707 0.3212 0.8043
2M22 801 1.664 0.3005 0.8152
2M22 802 1.853 0.3036 0.8152
2M22 803 1.721 0.2958 0.8043
2M22 804 1.878 0.3015 0.7935
2M22 805 2.067 0.2452 0.7609
2M22 806 1.728 0.3414 0.8152
2M22 807 2.091 0.3082 0.7935
2M22 808 2.325 0.3112 0.7826
2M22 809 2.011 0.3178 0.8043
2M22 810 1.816 0.3065 0.8043
2M22 811 1.930 0.3064 0.7826
2M22 812 1.956 0.3761 0.8261
2M22 813 1.916 0.3171 0.8043
2M22 814 1.758 0.3315 0.8370
2M22 815 2.215 0.3038 0.7935
2M22 816 2.074 0.2712 0.8043
2M22 817 2.155 0.2940 0.7826
2M22 818 2.036 0.2950 0.7826
2M22 819 2.011 0.2813 0.8043
2M22 820 2.189 0.3181 0.8043
2M22 821 2.189 0.2062 0.7609
2M22 822 2.453 0.1973 0.7065
2M22 823 2.264 0.2099 0.7283
2M22 824 2.296 0.2092 0.7174
2M22 825 2.131 0.2248 0.7391
2M22 826 2.217 0.2261 0.7609
2M22 827 2.307 0.2083 0.7283
2M22 828 2.276 0.2141 0.7391
2M22 829 2.294 0.2121 0.7174
2M22 830 2.302 0.2023 0.7174
2M22 831 2.149 0.2166 0.7391
2M22 832 2.155 0.2167 0.7609
2M22 833 2.208 0.2178 0.7609
2M22 834 2.292 0.2128 0.7500
2M22 835 2.265 0.2342 0.7500
2M22 836 2.089 0.2334 0.7391
2M22 837 2.251 0.2179 0.7283
2M22 838 2.175 0.2131 0.7391
2M22 839 2.062 0.2546 0.7609
2M22 840 2.104 0.2260 0.7717
2M22 841 2.325 0.2409 0.7500
2M22 842 2.118 0.2020 0.7500
2M22 843 2.274 0.1926 0.7500
2M22 844 2.282 0.2102 0.7283
2M22 845 2.218 0.2228 0.7500
2M22 846 2.186 0.2030 0.7391
2M22 847 2.201 0.2273 0.7609
2M22 848 2.239 0.2154 0.7609
2M22 849 2.172 0.2095 0.7500
2M22 850 2.108 0.2162 0.7717
2M22 851 2.198 0.2251 0.7500
2M22 852 2.163 0.2201 0.7717
2M22 853 2.381 0.2108 0.7283
2M22 854 2.219 0.1971 0.7283
2M22 855 2.110 0.2231 0.7609
2M22 856 2.265 0.2096 0.7391
2M22 857 2.241 0.2456 0.7717
2M22 858 2.473 0.2782 0.7500
2M22 859 2.637 0.3162 0.7500
2M22 860 2.463 0.3066 0.7500
2M22 861 2.670 0.3028 0.7174
2M22 862 2.428 0.3176 0.7717
2M22 863 2.386 0.2802 0.7391
2M22 864 2.668 0.3043 0.7500
2M22 865 2.475 0.2813 0.7283
2M22 866 2.576 0.2800 0.7174
2M22 867 2.410 0.2960 0.7500
2M22 868 2.604 0.2604 0.7283
2M22 869 2.478 0.2580 0.7391
2M22 870 2.496 0.2967 0.7391
2M22 871 2.490 0.2618 0.7174
2M22 872 2.544 0.2703 0.7500
2M22 873 2.507 0.3150 0.7174
2M22 874 2.581 0.2750 0.7500
2M22 875 2.447 0.2793 0.7609
2M22 876 2.520 0.2929 0.7283
2M22 877 2.508 0.2731 0.7391
2M22 878 2.667 0.3027 0.7391
2M22 879 2.407 0.2943 0.7717
2M22 880 2.628 0.2822 0.7283
2M22 881 2.556 0.3072 0.7500
2M22 882 2.610 0.2660 0.7391
2M22 883 2.518 0.3204 0.7391
2M22 884 2.500 0.2836 0.7500
2M22 885 2.487 0.3108 0.7717
2M22 886 2.503 0.3127 0.7500
2M22 887 2.476 0.2568 0.7500
2M22 888 2.438 0.2788 0.7500
2M22 889 2.683 0.2838 0.7500
2M22 890 2.375 0.2773 0.7609
2M22 891 2.543 0.2920 0.7391
2M22 892 2.400 0.2691 0.7391
2M22 893 2.499 0.2888 0.7391
2M22 894 2.468 0.2463 0.7500
2M22 895 2.583 0.2952 0.7283
2M22 896 2.466 0.3205 0.7609
2M22 897 2.601 0.2565 0.7500
2M22 898 2.551 0.2771 0.7391
2M22 899 2.650 0.3121 0.7500
2M22 900 2.625 0.3102 0.7500
2M22 901 2.587 0.3073 0.7283
2M22 902 2.287 0.2782 0.7500
2M22 903 2.384 0.3294 0.7717
2M22 904 2.357 0.2881 0.7500
2M22 905 2.289 0.3090 0.7609
2M22 906 2.226 0.2652 0.7500
2M22 907 2.476 0.3020 0.7391
2M22 908 2.282 0.2912 0.7500
2M22 909 2.386 0.2621 0.7500
2M22 910 2.527 0.2904 0.7500
2M22 911 2.810 0.3077 0.7391
2M22 912 2.610 0.2588 0.7391
2M22 913 2.584 0.2993 0.7500
2M22 914 2.578 0.2689 0.7283
2M22 915 2.457 0.2707 0.7500
2M22 916 2.478 0.2669 0.7609
2M22 917 2.420 0.2689 0.7391
2M22 918 2.566 0.2561 0.7391
2M22 919 2.550 0.2713 0.7717
2M22 920 2.201 0.2908 0.7717
2M22 921 2.255 0.2781 0.7609
2M22 922 2.519 0.2813 0.7391
2M22 923 2.560 0.2677 0.7391
2M22 924 2.342 0.2929 0.7609
2M22 925 2.403 0.2853 0.7500
2M22 926 2.523 0.2710 0.7391
2M22 927 2.540 0.3061 0.7391
2M22 928 2.398 0.3419 0.7826
2M22 929 2.618 0.2950 0.7391
2M22 930 2.378 0.2940 0.7609
2M22 931 2.499 0.2521 0.7065
2M22 932 2.538 0.3128 0.7500
2M22 933 2.582 0.2804 0.7283
2M22 934 2.419 0.2967 0.7500
2M22 935 2.413 0.2944 0.7500
2M22 936 2.364 0.2962 0.7391
2M22 937 2.456 0.2832 0.7609
2M22 938 2.608 0.2282 0.7283
2M22 939 2.458 0.2902 0.7500
2M22 940 2.600 0.3267 0.7391
2M22 941 2.429 0.2728 0.7391
2M22 942 2.584 0.2588 0.7391
2M22 943 2.383 0.2683 0.7609
2M22 944 2.524 0.2941 0.7283
2M22 945 2.516 0.2858 0.7391
2M22 946 2.510 0.2397 0.7283
2M22 947 2.470 0.3109 0.7500
2M22 948 2.576 0.3367 0.7391
2M22 949 2.401 0.2988 0.7500
2M22 950 2.578 0.2997 0.7609
2M22 951 2.545 0.2922 0.7283
2M22 952 2.569 0.2885 0.7391
2M22 953 2.606 0.2446 0.7174
2M22 954 2.414 0.2976 0.7609
2M22 955 2.483 0.2945 0.7609
2M22 956 2.234 0.2560 0.7500
2M22 957 2.346 0.2601 0.7500
2M22 958 2.531 0.2712 0.7283
2M22 959 2.349 0.2776 0.7391
2M22 960 2.496 0.2892 0.7609
2M22 961 2.537 0.2737 0.7500
2M22 962 2.653 0.2884 0.7391
2M22 963 2.526 0.2947 0.7500
2M22 964 2.383 0.2118 0.7065
2M22 965 2.506 0.2698 0.7500
2M22 966 2.723 0.2420 0.7283
2M22 967 2.722 0.2841 0.7391
2M22 968 2.637 0.2920 0.7500
2M22 969 2.549 0.2511 0.7500
2M22 970 2.472 0.2904 0.7391
2M22 971 2.523 0.2944 0.7391
2M22 972 2.292 0.3013 0.7717
2M22 973 2.296 0.2739 0.7500
2M22 974 2.527 0.2793 0.7283
2M22 975 2.473 0.2884 0.7500
2M22 976 2.526 0.2564 0.7391
2M22 977 2.621 0.2870 0.7500
2M22 978 2.549 0.2887 0.7609
2M22 979 2.459 0.2996 0.7609
2M22 980 2.492 0.2670 0.7283
2M22 981 2.693 0.2932 0.7500
2M22 982 2.315 0.3084 0.7935
2M22 983 2.479 0.2894 0.7500
2M22 984 2.612 0.3031 0.7500
2M22 985 2.218 0.3011 0.7826
2M22 986 2.614 0.3134 0.7391
2M22 987 2.400 0.2719 0.7717
2M22 988 2.670 0.2859 0.7717
2M22 989 2.680 0.2886 0.7826
2M22 990 2.329 0.3058 0.7935
2M22 991 2.519 0.2796 0.7500
2M22 992 2.545 0.2719 0.7826
2M22 993 2.709 0.2649 0.7391
2M22 994 2.281 0.3042 0.7935
2M22 995 2.190 0.2820 0.7717
2M22 996 2.197 0.2871 0.7609
2M22 997 2.365 0.3262 0.7500
2M22 998 2.444 0.2804 0.7500
2M22 999 2.109 0.3200 0.7935
2M22 1000 2.265 0.2470 0.7717
2M22 1001 2.400 0.2588 0.7391
2M22 1002 2.276 0.2666 0.7826
2M22 1003 2.202 0.2563 0.7826
2M22 1004 2.423 0.3173 0.7283
2M22 1005 2.148 0.3267 0.7826
2M22 1006 2.213 0.2993 0.7717
2M22 1007 2.254 0.2492 0.7717
2M22 1008 2.137 0.3324 0.7826
2M22 1009 2.361 0.3089 0.7500
2M22 1010 2.372 0.3299 0.7609
2M22 1011 2.581 0.3020 0.7391
2M22 1012 2.136 0.2729 0.7717
2M22 1013 2.001 0.2841 0.7826
2M22 1014 2.427 0.3600 0.7717
2M22 1015 2.419 0.3135 0.7391
2M22 1016 2.386 0.3530 0.7717
2M22 1017 2.297 0.2760 0.7609
2M22 1018 2.222 0.3326 0.7717
2M22 1019 2.431 0.2830 0.7500
2M22 1020 2.248 0.2771 0.7826
2M22 1021 2.452 0.3162 0.7500
2M22 1022 2.302 0.2456 0.7500
2M22 1023 2.303 0.2835 0.7500
2M22 1024 2.518 0.3487 0.7391
2M22 1025 2.234 0.2833 0.7826
2M22 1026 2.217 0.3346 0.7609
2M22 1027 2.366 0.3131 0.7500
2M22 1028 2.250 0.3236 0.7609
2M22 1029 2.401 0.3213 0.7500
2M22 1030 2.332 0.3116 0.7717
2M22 1031 2.270 0.3160 0.7826
2M22 1032 2.583 0.3348 0.7500
2M22 1033 2.390 0.3035 0.7391
2M22 1034 1.936 0.3379 0.8152
2M22 1035 2.319 0.3209 0.7717
2M22 1036 2.125 0.3522 0.7826
2M22 1037 2.265 0.2629 0.7717
2M22 1038 2.298 0.2671 0.7500
2M22 1039 2.064 0.3125 0.7935
2M22 1040 2.216 0.3267 0.7826
2M22 1041 2.206 0.2601 0.7500
2M22 1042 1.975 0.2948 0.8261
2M22 1043 2.158 0.2608 0.7826
2M22 1044 2.118 0.3320 0.7935
2M22 1045 1.948 0.3419 0.8152
2M22 1046 2.132 0.3339 0.7935
2M22 1047 2.268 0.2761 0.7500
2M22 1048 2.058 0.3173 0.8043
2M22 1049 2.367 0.2750 0.7500
2M22 1050 2.172 0.3132 0.7717
2M22 1051 2.081 0.2736 0.7826
2M22 1052 2.154 0.3030 0.7826
2M22 1053 2.258 0.2989 0.7717
2M22 1054 2.002 0.2443 0.7717
2M22 1055 2.041 0.3020 0.7826
2M22 1056 2.171 0.3195 0.7826
2M22 1057 2.422 0.2929 0.7391
2M22 1058 2.131 0.2758 0.7717
2M22 1059 2.165 0.3153 0.7717
2M22 1060 1.967 0.2796 0.7717
2M22 1061 2.164 0.3299 0.7826
2M22 1062 2.300 0.3391 0.7717
2M22 1063 2.301 0.3141 0.7826
2M22 1064 2.267 0.2635 0.7500
2M22 1065 2.048 0.2870 0.7500
2M22 1066 2.204 0.2556 0.7609
2M22 1067 2.264 0.2588 0.7500
2M22 1068 2.032 0.2980 0.8043
2M22 1069 2.296 0.2788 0.7609
2M22 1070 2.189 0.3475 0.7826
2M22 1071 2.189 0.2759 0.7609
2M22 1072 2.196 0.2880 0.7500
2M22 1073 2.140 0.3157 0.7826
2M22 1074 2.243 0.3174 0.7717
2M22 1075 2.443 0.2665 0.7283
2M22 1076 2.143 0.3051 0.8043
2M22 1077 2.201 0.2569 0.7500
2M22 1078 1.930 0.2921 0.8261
2M22 1079 2.384 0.3179 0.7717
2M22 1080 2.068 0.3054 0.7826
2M22 1081 2.219 0.2816 0.7609
2M22 1082 2.257 0.2966 0.7826
2M22 1083 2.164 0.3145 0.7935
2M22 1084 2.193 0.2364 0.7500
2M22 1085 2.069 0.3488 0.8043
2M22 1086 2.460 0.2590 0.7283
2M22 1087 2.342 0.3349 0.7826
2M22 1088 2.325 0.3148 0.7609
2M22 1089 2.468 0.2904 0.7391
2M22 1090 2.082 0.2740 0.7826
2M22 1091 2.130 0.2820 0.7935
2M22 1092 2.242 0.3065 0.7717
2M22 1093 2.337 0.3271 0.7717
2M22 1094 1.866 0.3215 0.8152
2M22 1095 2.043 0.2908 0.7609
2M22 1096 2.155 0.2425 0.7717
2M22 1097 2.427 0.2693 0.7826
2M22 1098 2.447 0.2823 0.7283
2M22 1099 2.200 0.2781 0.7717
2M22 1100 2.465 0.2693 0.7500
2M22 1101 2.101 0.3102 0.8043
2M22 1102 2.469 0.3048 0.7826
2M22 1103 2.399 0.3311 0.7826
2M22 1104 2.376 0.3133 0.7609
2M22 1105 2.272 0.3188 0.7717
2M22 1106 2.487 0.2647 0.7391
2M22 1107 2.378 0.3173 0.7935
2M22 1108 2.186 0.3398 0.7717
2M22 1109 2.531 0.3157 0.7500
2M22 1110 2.550 0.2638 0.7500
2M22 1111 2.156 0.2356 0.7717
2M22 1112 2.248 0.2865 0.8043
2M22 1113 2.248 0.2849 0.7935
2M22 1114 2.116 0.2631 0.7717
2M22 1115 2.563 0.2763 0.7717
2M22 1116 2.597 0.2850 0.7826
2M22 1117 2.275 0.3181 0.8043
2M22 1118 2.365 0.2720 0.7717
2M22 1119 2.502 0.2797 0.7826
2M22 1120 2.320 0.2894 0.7935
2M22 1121 2.543 0.2703 0.7717
2M22 1122 2.276 0.3053 0.7826
2M22 1123 2.104 0.3037 0.8043
2M22 1124 2.069 0.2671 0.7826
2M22 1125 2.262 0.2296 0.7391
2M22 1126 2.168 0.2626 0.7717
2M22 1127 2.320 0.3154 0.7935
2M22 1128 2.485 0.2763 0.7717
2M22 1129 2.190 0.3130 0.7826
2M22 1130 2.476 0.3011 0.8043
2M22 1131 2.294 0.2624 0.7609
2M22 1132 2.401 0.2766 0.7717
2M22 1133 2.121 0.3215 0.8152
2M22 1134 2.329 0.3370 0.8152
2M22 1135 2.429 0.2250 0.7826
2M22 1136 2.169 0.3023 0.8152
2M22 1137 2.249 0.2602 0.7500
2M22 1138 2.089 0.2683 0.7717
2M22 1139 2.347 0.2626 0.7500
2M22 1140 1.946 0.3094 0.8261
2M22 1141 2.170 0.2894 0.7609
2M22 1142 2.505 0.2591 0.7609
2M22 1143 2.529 0.2586 0.7500
2M22 1144 2.273 0.2986 0.7826
2M22 1145 2.524 0.2457 0.7391
2M22 1146 2.328 0.3116 0.7609
2M22 1147 2.338 0.3008 0.8043
2M22 1148 2.337 0.3009 0.8043
2M22 1149 2.442 0.2862 0.7826
2M22 1150 2.665 0.2818 0.7500
2M22 1151 2.607 0.3381 0.7826
2M22 1152 2.720 0.2933 0.7500
2M22 1153 2.768 0.2681 0.7283
2M22 1154 2.508 0.3210 0.7609
2M22 1155 2.113 0.2838 0.7717
2M22 1156 2.065 0.3145 0.8152
2M22 1157 2.600 0.3170 0.7826
2M22 1158 2.235 0.3118 0.7935
2M22 1159 2.195 0.2916 0.7935
2M22 1160 2.511 0.2898 0.7500
2M22 1161 2.309 0.2412 0.7609
2M22 1162 2.230 0.3551 0.8261
2M22 1163 2.610 0.2637 0.7500
2M22 1164 2.309 0.3116 0.8152
2M22 1165 2.286 0.3285 0.8043
2M22 1166 2.034 0.2966 0.8043
2M22 1167 2.745 0.3016 0.7609
2M22 1168 2.735 0.2773 0.7717
2M22 1169 2.450 0.2999 0.7500
2M22 1170 2.768 0.2973 0.7391
2M22 1171 2.505 0.2966 0.7283
2M22 1172 2.612 0.2961 0.7717
2M22 1173 2.467 0.2511 0.7500
2M22 1174 2.277 0.2836 0.7717
2M22 1175 2.382 0.2496 0.7717
2M22 1176 2.439 0.2818 0.7717
2M22 1177 2.592 0.2602 0.7283
2M22 1178 2.459 0.2941 0.7935
2M22 1179 2.380 0.2903 0.7826
2M22 1180 2.366 0.2600 0.7609
2M22 1181 1.890 0.2641 0.8152
2M22 1182 1.894 0.2747 0.8152
2M22 1183 2.126 0.2321 0.7609
2M22 1184 2.333 0.2831 0.7826
2M22 1185 2.342 0.3265 0.7935
2M22 1186 2.263 0.3034 0.8043
2M22 1187 2.168 0.2758 0.7935
2M22 1188 1.981 0.3031 0.8043
2M22 1189 2.231 0.2834 0.7500
2M22 1190 2.363 0.2444 0.7391
2M22 1191 2.215 0.3191 0.8043
2M22 1192 2.429 0.2993 0.7500
2M22 1193 2.009 0.3407 0.8043
2M22 1194 2.400 0.2169 0.7391
2M22 1195 2.390 0.3002 0.7935
2M22 1196 2.225 0.2490 0.7717
2M22 1197 2.520 0.2791 0.7717
2M22 1198 2.667 0.2764 0.7283
2M22 1199 2.531 0.3024 0.7609
2M22 1200 2.437 0.2746 0.7717
2M22 1201 2.320 0.2726 0.7935
2M22 1202 2.691 0.3518 0.7826
2M22 1203 2.653 0.3013 0.7391
2M22 1204 2.324 0.2807 0.7500
2M22 1205 2.114 0.3270 0.8043
2M22 1206 2.549 0.3117 0.7500
2M22 1207 2.406 0.2853 0.7500
2M22 1208 2.283 0.3730 0.7935
2M22 1209 2.697 0.2593 0.7391
2M22 1210 2.068 0.3136 0.8043
2M22 1211 2.493 0.2644 0.7609
2M22 1212 2.191 0.3294 0.8152
2M22 1213 2.153 0.2722 0.7826
2M22 1214 2.208 0.2370 0.7717
2M22 1215 1.988 0.3217 0.8261
2M22 1216 2.135 0.2711 0.7717
2M22 1217 2.026 0.2962 0.8043
2M22 1218 2.061 0.3267 0.8370
2M22 1219 2.491 0.2481 0.7500
2M22 1220 1.960 0.4077 0.8696
2M22 1221 2.326 0.2417 0.7717
2M22 1222 2.146 0.2591 0.7826
2M22 1223 2.185 0.2949 0.7717
2M22 1224 2.302 0.3765 0.7826
2M22 1225 2.164 0.2627 0.7717
2M22 1226 2.217 0.3279 0.8152
2M22 1227 2.394 0.2813 0.7717
2M22 1228 2.236 0.2799 0.7935
2M22 1229 2.045 0.2725 0.8043
2M22 1230 2.247 0.3079 0.8043
2M22 1231 2.280 0.3704 0.8152
2M22 1232 2.210 0.3180 0.8043
2M22 1233 2.022 0.3423 0.8152
2M22 1234 2.053 0.3470 0.8152
2M22 1235 2.557 0.3094 0.7609
2M22 1236 2.113 0.2908 0.8043
2M22 1237 2.104 0.3173 0.8152
2M22 1238 2.381 0.3138 0.7935
2M22 1239 2.090 0.3281 0.8043
2M22 1240 2.113 0.2740 0.8043
2M22 1241 1.979 0.3256 0.8261
2M22 1242 2.315 0.2493 0.7609
2M22 1243 2.264 0.3012 0.7717
2M22 1244 2.206 0.2420 0.7500
2M22 1245 2.339 0.3762 0.8478
2M22 1246 2.612 0.2995 0.8043
2M22 1247 2.259 0.2626 0.7717
2M22 1248 2.230 0.2884 0.7717
2M22 1249 2.320 0.3044 0.8043
2M22 1250 2.172 0.2748 0.7717
2M22 1251 2.215 0.2759 0.7826
2M22 1252 2.012 0.3504 0.8478
2M22 1253 1.866 0.2956 0.8261
2M22 1254 2.103 0.3154 0.8043
2M22 1255 2.168 0.3119 0.8043
2M22 1256 2.384 0.2324 0.7609
2M22 1257 1.994 0.3210 0.8043
2M22 1258 2.136 0.2607 0.7935
2M22 1259 2.550 0.2958 0.7717
2M22 1260 2.291 0.2498 0.7717
2M22 1261 2.394 0.3223 0.8043
2M22 1262 2.855 0.2499 0.7283
2M22 1263 2.489 0.2976 0.7717
2M22 1264 2.190 0.2674 0.7717
2M22 1265 2.504 0.2714 0.7717
2M22 1266 2.222 0.2553 0.7826
2M22 1267 2.311 0.2921 0.7717
2M22 1268 2.257 0.3136 0.7935
2M22 1269 2.271 0.2980 0.7935
2M22 1270 2.414 0.2968 0.7717
2M22 1271 2.135 0.2645 0.7935
2M22 1272 2.615 0.2922 0.7609
2M22 1273 2.741 0.2869 0.7717
2M22 1274 2.128 0.2968 0.7826
2M22 1275 2.281 0.2478 0.7609
2M22 1276 2.203 0.2384 0.7283
2M22 1277 2.032 0.2728 0.7826
2M22 1278 2.104 0.3329 0.7935
2M22 1279 2.418 0.2752 0.7609
2M22 1280 2.127 0.3149 0.7935
2M22 1281 2.073 0.3032 0.7826
2M22 1282 2.504 0.2572 0.7717
2M22 1283 2.439 0.2619 0.7609
2M22 1284 1.804 0.3057 0.8152
2M22 1285 2.506 0.3557 0.7826
2M22 1286 2.599 0.2886 0.7826
2M22 1287 2.523 0.2793 0.7609
2M22 1288 2.365 0.2877 0.7717
2M22 1289 2.727 0.3118 0.7500
2M22 1290 2.800 0.2661 0.7174
2M22 1291 2.950 0.2760 0.7391
2M22 1292 2.415 0.3147 0.7826
2M22 1293 2.712 0.2953 0.7826
2M22 1294 2.534 0.3313 0.7935
2M22 1295 2.724 0.2708 0.7500
2M22 1296 2.410 0.3494 0.7826
2M22 1297 2.294 0.2933 0.8043
2M22 1298 2.304 0.2492 0.7500
2M22 1299 2.468 0.2958 0.7717
2M22 1300 2.342 0.3019 0.8043
2M22 1301 2.610 0.2800 0.7500
2M22 1302 2.523 0.2542 0.7283
2M22 1303 2.425 0.2892 0.7609
2M22 1304 2.480 0.3057 0.7609
2M22 1305 2.688 0.2600 0.7500
2M22 1306 2.741 0.3083 0.7391
2M22 1307 2.563 0.2823 0.7717
2M22 1308 2.274 0.3530 0.8043
2M22 1309 2.693 0.2680 0.7609
2M22 1310 2.397 0.2985 0.7717
2M22 1311 2.236 0.3158 0.7717
2M22 1312 2.286 0.3271 0.7826
2M22 1313 1.967 0.4104 0.8696
2M22 1314 2.183 0.2690 0.7717
2M22 1315 2.681 0.2363 0.6957
2M22 1316 2.222 0.3625 0.8043
2M22 1317 2.726 0.2794 0.7609
2M22 1318 2.711 0.2750 0.7717
2M22 1319 2.588 0.3102 0.7609
2M22 1320 2.268 0.2828 0.7609
2M22 1321 2.429 0.2843 0.7717
2M22 1322 2.151 0.2623 0.7717
2M22 1323 2.130 0.2776 0.7826
2M22 1324 3.118 0.2947 0.7283
2M22 1325 3.101 0.2385 0.6957
2M22 1326 2.828 0.3080 0.7717
2M22 1327 2.470 0.2889 0.7609
2M22 1328 2.739 0.3210 0.7609
2M22 1329 2.410 0.2614 0.7717
2M22 1330 2.435 0.2910 0.7826
2M22 1331 2.141 0.3174 0.8261
2M22 1332 2.406 0.2591 0.7717
2M22 1333 2.232 0.3121 0.7826
2M22 1334 2.007 0.3101 0.8043
2M22 1335 2.617 0.2686 0.7283
2M22 1336 2.468 0.3205 0.7717
2M22 1337 2.175 0.3360 0.8043
2M22 1338 2.388 0.2923 0.7826
2M22 1339 2.504 0.2453 0.7609
2M22 1340 2.413 0.3027 0.7609
2M22 1341 2.580 0.2496 0.7717
2M22 1342 2.686 0.3184 0.7717
2M22 1343 2.754 0.2696 0.7283
2M22 1344 2.544 0.2625 0.7609
2M22 1345 2.066 0.2844 0.8043
2M22 1346 2.011 0.3016 0.8043
2M22 1347 2.803 0.2683 0.7174
2M22 1348 2.522 0.3567 0.7826
2M22 1349 2.330 0.2777 0.7609
2M22 1350 2.481 0.3463 0.7826
2M22 1351 1.979 0.3033 0.7935
2M22 1352 2.397 0.2790 0.7935
2M22 1353 2.600 0.2487 0.7609
2M22 1354 2.215 0.3084 0.8261
2M22 1355 2.215 0.2697 0.7717
2M22 1356 2.634 0.2767 0.7500
2M22 1357 2.621 0.2427 0.7174
2M22 1358 2.598 0.2373 0.7174
2M22 1359 2.881 0.3166 0.7609
2M22 1360 2.314 0.2860 0.7826
2M22 1361 2.660 0.2692 0.7391
2M22 1362 2.638 0.2741 0.7174
2M22 1363 2.444 0.2727 0.7609
2M22 1364 2.595 0.2550 0.7283
2M22 1365 2.978 0.2929 0.7391
2M22 1366 2.501 0.2063 0.6848
2M22 1367 1.972 0.2945 0.7826
2M22 1368 2.290 0.2586 0.7609
2M22 1369 2.506 0.2614 0.7283
2M22 1370 2.387 0.2696 0.7500
2M22 1371 2.406 0.2523 0.7609
2M22 1372 2.596 0.2228 0.7065
2M22 1373 2.549 0.2464 0.7391
2M22 1374 2.425 0.2525 0.7391
2M22 1375 2.456 0.2360 0.7283
2M22 1376 2.802 0.2336 0.6957
2M22 1377 2.389 0.2605 0.7283
2M22 1378 2.338 0.2756 0.7717
2M22 1379 2.633 0.2013 0.7065
2M22 1380 2.032 0.3748 0.8261
2M22 1381 2.487 0.2804 0.7609
2M22 1382 2.255 0.2924 0.7609
2M22 1383 2.384 0.2899 0.7500
2M22 1384 2.255 0.2633 0.7609
2M22 1385 2.265 0.2728 0.7500
2M22 1386 2.479 0.2946 0.7609
2M22 1387 2.471 0.3104 0.7500
2M22 1388 2.236 0.2993 0.7609
2M22 1389 2.466 0.2756 0.7283
2M22 1390 1.988 0.3302 0.8152
2M22 1391 2.287 0.2715 0.7609
2M22 1392 2.361 0.2636 0.7717
2M22 1393 2.430 0.2956 0.7826
2M22 1394 2.008 0.2894 0.8043
2M22 1395 1.968 0.3235 0.8043
2M22 1396 2.046 0.2978 0.7717
2M22 1397 2.419 0.3094 0.7717
2M22 1398 2.492 0.3166 0.7609
2M22 1399 1.977 0.2918 0.7935
2M22 1400 1.590 0.3410 0.8370
2M22 1401 1.953 0.3543 0.7935
2M22 1402 2.364 0.3225 0.7717
2M22 1403 2.422 0.2641 0.7391
2M22 1404 2.320 0.3287 0.7717
2M22 1405 2.578 0.3122 0.7500
2M22 1406 2.367 0.2400 0.7609
2M22 1407 2.399 0.4091 0.8370
2M22 1408 2.147 0.3066 0.7935
2M22 1409 1.983 0.2936 0.8043
2M22 1410 2.344 0.2637 0.7609
2M22 1411 2.083 0.3575 0.8152
2M22 1412 1.930 0.3189 0.8152
2M22 1413 2.606 0.2607 0.7283
2M22 1414 2.154 0.3206 0.7935
2M22 1415 2.180 0.3003 0.7826
2M22 1416 2.603 0.2631 0.7283
2M22 1417 2.448 0.3183 0.7609
2M22 1418 2.445 0.2860 0.7717
2M22 1419 1.899 0.2987 0.8152
2M22 1420 1.945 0.2786 0.7826
2M22 1421 1.945 0.3275 0.8043
2M22 1422 2.300 0.3120 0.7500
2M22 1423 2.220 0.3201 0.7717
2M22 1424 1.837 0.3280 0.8370
2M22 1425 2.319 0.2949 0.7609
2M22 1426 1.587 0.3414 0.8261
2M22 1427 2.008 0.2972 0.8043
2M22 1428 2.484 0.2482 0.7283
2M22 1429 1.920 0.3067 0.7935
2M22 1430 2.152 0.2808 0.7826
2M22 1431 1.978 0.3050 0.8478
2M22 1432 1.875 0.3219 0.8261
2M22 1433 1.952 0.3010 0.8152
2M22 1434 1.827 0.3372 0.8261
2M22 1435 1.961 0.3486 0.8043
2M22 1436 2.150 0.2180 0.7500
2M22 1437 1.931 0.3363 0.8043
2M22 1438 2.020 0.2846 0.7935
2M22 1439 1.792 0.3166 0.8152
2M22 1440 1.730 0.2686 0.7826
2M22 1441 2.181 0.3127 0.7717
2M22 1442 2.137 0.2617 0.7500
2M22 1443 1.663 0.3111 0.8261
2M22 1444 2.001 0.3238 0.7935
2M22 1445 2.142 0.2828 0.7826
2M22 1446 1.837 0.3395 0.7826
2M22 1447 1.600 0.3511 0.8478
2M22 1448 1.555 0.2858 0.8152
2M22 1449 1.679 0.3025 0.8043
2M22 1450 2.279 0.2453 0.7500
2M22 1451 2.349 0.3199 0.7826
2M22 1452 2.125 0.2666 0.7609
2M22 1453 1.929 0.3062 0.7935
2M22 1454 2.532 0.2606 0.7283
2M22 1455 1.851 0.3443 0.8261
2M22 1456 2.317 0.3284 0.7826
2M22 1457 2.317 0.2424 0.7391
2M22 1458 2.113 0.2906 0.7717
2M22 1459 1.942 0.3157 0.7826
2M22 1460 2.072 0.2243 0.7391
2M22 1461 1.829 0.3017 0.8152
2M22 1462 2.046 0.3002 0.7717
2M22 1463 1.875 0.3358 0.8261
2M22 1464 2.034 0.2712 0.7826
2M22 1465 1.907 0.2418 0.7500
2M22 1466 1.901 0.3698 0.8370
2M22 1467 1.826 0.3068 0.7826
2M22 1468 2.089 0.2689 0.7609
2M22 1469 1.708 0.2843 0.8370
2M22 1470 1.986 0.2441 0.7826
2M22 1471 2.402 0.2443 0.7717
2M22 1472 1.892 0.2773 0.7935
2M22 1473 1.917 0.3168 0.8043
2M22 1474 2.204 0.2526 0.7717
2M22 1475 2.226 0.3188 0.7717
2M22 1476 2.459 0.2247 0.7283
2M22 1477 1.803 0.2974 0.8152
2M22 1478 1.974 0.3036 0.7935
2M22 1479 2.661 0.2526 0.7283
2M22 1480 2.072 0.3365 0.7826
2M22 1481 1.851 0.3445 0.8152
2M22 1482 1.925 0.3031 0.7935
2M22 1483 2.280 0.2727 0.7609
2M22 1484 1.977 0.2599 0.7826
2M22 1485 1.705 0.3274 0.8261
2M22 1486 2.025 0.2975 0.8043
2M22 1487 2.285 0.2504 0.7500
2M22 1488 1.932 0.2943 0.7826
2M22 1489 1.811 0.3050 0.8152
2M22 1490 1.820 0.3394 0.8152
2M22 1491 1.821 0.3062 0.8152
2M22 1492 2.323 0.2789 0.7609
2M22 1493 2.532 0.2379 0.7500
2M22 1494 2.046 0.3160 0.7935
2M22 1495 1.648 0.3706 0.8587
2M22 1496 2.296 0.2501 0.7391
2M22 1497 2.167 0.2828 0.7826
2M22 1498 2.418 0.2685 0.7500
2M22 1499 2.323 0.2885 0.7826
2M22 1500 2.190 0.3282 0.7935
2M22 1501 2.444 0.3170 0.8043
2M22 1502 2.549 0.2986 0.7717
2M22 1503 2.550 0.3076 0.7717
2M22 1504 2.277 0.2833 0.7500
2M22 1505 2.094 0.2847 0.8043
2M22 1506 2.614 0.1878 0.6739
2M22 1507 2.438 0.3149 0.7717
2M22 1508 2.448 0.2759 0.7826
2M22 1509 2.200 0.2850 0.7935
2M22 1510 2.153 0.2827 0.7935
2M22 1511 1.956 0.2952 0.7935
2M22 1512 1.930 0.3501 0.8152
2M22 1513 1.696 0.3376 0.8370
2M22 1514 2.066 0.2838 0.7826
2M22 1515 2.408 0.2876 0.7717
2M22 1516 2.510 0.2984 0.7500
2M22 1517 2.359 0.2659 0.7500
2M22 1518 2.067 0.3201 0.8043
2M22 1519 2.197 0.2789 0.7826
2M22 1520 2.592 0.2561 0.7500
2M22 1521 2.408 0.2897 0.7391
2M22 1522 2.325 0.3004 0.7609
2M22 1523 2.559 0.2792 0.7609
2M22 1524 2.234 0.3035 0.8152
2M22 1525 1.814 0.3951 0.8587
2M22 1526 2.025 0.3007 0.8043
2M22 1527 2.453 0.3353 0.8043
2M22 1528 2.229 0.2743 0.7717
2M22 1529 2.395 0.2673 0.7609
2M22 1530 2.120 0.2950 0.7935
2M22 1531 1.942 0.3001 0.7935
2M22 1532 2.252 0.2554 0.7609
2M22 1533 2.152 0.2584 0.7935
2M22 1534 2.182 0.2612 0.7717
2M22 1535 3.024 0.2551 0.7065
2M22 1536 2.255 0.2545 0.7609
2M22 1537 2.471 0.2297 0.7174
2M22 1538 2.325 0.2352 0.7283
2M22 1539 1.806 0.3726 0.8261
2M22 1540 2.378 0.2272 0.7500
2M22 1541 2.443 0.2776 0.7935
2M22 1542 2.058 0.2639 0.7826
2M22 1543 1.640 0.3491 0.8696
2M22 1544 2.197 0.2591 0.7826
2M22 1545 2.123 0.3188 0.8043
2M22 1546 2.469 0.2681 0.7391
2M22 1547 2.411 0.2484 0.7500
2M22 1548 2.631 0.3046 0.7391
2M22 1549 2.569 0.2682 0.7717
2M22 1550 2.360 0.2299 0.7283
2M22 1551 2.579 0.2633 0.7717
2M22 1552 2.763 0.2592 0.7391
2M22 1553 2.807 0.2134 0.6957
2M22 1554 2.682 0.2179 0.7283
2M22 1555 2.332 0.2810 0.7717
2M22 1556 2.799 0.2560 0.7174
2M22 1557 2.993 0.2414 0.7174
2M22 1558 2.806 0.2515 0.7391
2M22 1559 2.261 0.2760 0.7500
2M22 1560 2.393 0.2975 0.7717
2M22 1561 2.184 0.2462 0.7500
2M22 1562 2.032 0.3588 0.8370
2M22 1563 2.325 0.3049 0.8152
2M22 1564 2.511 0.2607 0.7609
2M22 1565 2.814 0.3010 0.7609
2M22 1566 2.351 0.2467 0.7391
2M22 1567 2.653 0.2432 0.7283
2M22 1568 2.651 0.2414 0.7391
2M22 1569 2.369 0.2754 0.7826
2M22 1570 2.479 0.2651 0.7500
2M22 1571 2.709 0.3043 0.7391
2M22 1572 2.324 0.3348 0.8261
2M22 1573 2.612 0.2372 0.7500
2M22 1574 2.470 0.2703 0.7717
2M22 1575 1.979 0.3022 0.8043
2M22 1576 2.105 0.2922 0.7935
2M22 1577 2.278 0.2467 0.7717
2M22 1578 2.344 0.2174 0.7283
2M22 1579 2.303 0.3231 0.7826
2M22 1580 2.107 0.2723 0.7717
2M22 1581 2.241 0.2944 0.7717
2M22 1582 2.504 0.2911 0.7717
2M22 1583 2.548 0.2617 0.7609
2M22 1584 2.331 0.2339 0.7609
2M22 1585 2.484 0.2920 0.7391
2M22 1586 2.572 0.2601 0.7283
2M22 1587 2.208 0.2908 0.7826
2M22 1588 2.068 0.3678 0.8152
2M22 1589 2.794 0.2365 0.7065
2M22 1590 2.229 0.3167 0.7609
2M22 1591 2.575 0.3090 0.7500
2M22 1592 2.020 0.3065 0.7935
2M22 1593 2.212 0.3276 0.7935
2M22 1594 2.401 0.2877 0.7500
2M22 1595 2.002 0.3278 0.8043
2M22 1596 2.191 0.3333 0.7826
2M22 1597 2.365 0.3178 0.7500
2M22 1598 2.227 0.2984 0.7717
2M22 1599 2.374 0.3457 0.8043
2M22 1600 2.261 0.2319 0.7391
2M22 1601 2.484 0.2979 0.7609
2M22 1602 2.388 0.2666 0.7283
2M22 1603 2.383 0.3108 0.7500
2M22 1604 2.572 0.2607 0.7500
2M22 1605 2.238 0.2705 0.7826
2M22 1606 2.064 0.3364 0.7935
2M22 1607 2.452 0.2348 0.7283
2M22 1608 2.533 0.2481 0.7174
2M22 1609 2.189 0.2647 0.7717
2M22 1610 2.163 0.2748 0.7717
2M22 1611 2.291 0.2440 0.7609
2M22 1612 2.662 0.2149 0.7065
2M22 1613 2.517 0.2282 0.7391
2M22 1614 2.013 0.2653 0.7826
2M22 1615 2.305 0.2347 0.7283
2M22 1616 2.351 0.2483 0.7609
2M22 1617 2.356 0.2276 0.7500
2M22 1618 2.598 0.2282 0.7065
2M22 1619 2.521 0.2190 0.7283
2M22 1620 2.060 0.2796 0.8043
2M22 1621 2.995 0.2313 0.7065
2M22 1622 2.234 0.3120 0.8043
2M22 1623 2.114 0.2698 0.7717
2M22 1624 2.275 0.3400 0.8043
2M22 1625 2.635 0.2212 0.7391
2M22 1626 2.198 0.2388 0.7609
2M22 1627 2.415 0.2317 0.7391
2M22 1628 2.385 0.2334 0.7500
2M22 1629 2.325 0.2649 0.7500
2M22 1630 2.358 0.2773 0.7826
2M22 1631 2.076 0.2562 0.7717
2M22 1632 2.147 0.3766 0.8152
2M22 1633 2.067 0.3371 0.7935
2M22 1634 1.825 0.3253 0.8043
2M22 1635 2.243 0.2697 0.7609
2M22 1636 2.166 0.3611 0.7826
2M22 1637 2.083 0.2723 0.7500
2M22 1638 1.996 0.2863 0.7609
2M22 1639 2.151 0.3215 0.8152
2M22 1640 2.597 0.2323 0.7174
2M22 1641 2.053 0.3473 0.7935
2M22 1642 2.208 0.2502 0.7391
2M22 1643 2.313 0.2609 0.7500
2M22 1644 1.830 0.3021 0.8370
2M22 1645 2.371 0.2443 0.7174
2M22 1646 2.472 0.2406 0.7174
2M22 1647 2.364 0.2751 0.7609
2M22 1648 2.268 0.3233 0.7826
2M22 1649 2.460 0.3187 0.7391
2M22 1650 2.536 0.2960 0.7391
2M22 1651 2.573 0.2876 0.7283
2M22 1652 2.524 0.2628 0.7283
2M22 1653 2.320 0.2965 0.7717
2M22 1654 2.416 0.3478 0.7500
2M22 1655 2.392 0.2126 0.7174
2M22 1656 2.672 0.2285 0.7174
2M22 1657 2.240 0.2620 0.7717
2M22 1658 2.486 0.2359 0.6957
2M22 1659 2.602 0.2064 0.7065
2M22 1660 2.082 0.2583 0.7391
2M22 1661 2.457 0.2547 0.7174
2M22 1662 2.390 0.2403 0.7283
2M22 1663 2.384 0.2592 0.7283
2M22 1664 2.140 0.2583 0.7391
2M22 1665 2.269 0.3037 0.7717
2M22 1666 2.188 0.2695 0.7609
2M22 1667 2.079 0.2676 0.7826
2M22 1668 2.157 0.2345 0.7500
2M22 1669 2.300 0.2299 0.7391
2M22 1670 2.173 0.2664 0.7500
2M22 1671 2.200 0.2504 0.7500
2M22 1672 2.713 0.2506 0.7283
2M22 1673 2.366 0.2414 0.7391
2M22 1674 2.210 0.2727 0.7826
2M22 1675 2.290 0.2231 0.7174
2M22 1676 2.058 0.2807 0.8043
2M22 1677 1.964 0.3124 0.8152
