1R7W 1 0.000 1.0000 1.0000
1R7W 2 4.810 0.3453 0.6250
1R7W 3 4.544 0.3670 0.6176
1R7W 4 4.533 0.4616 0.6985
1R7W 5 3.296 0.5044 0.7500
1R7W 6 2.090 0.6371 0.8382
1R7W 7 3.222 0.5091 0.7500
1R7W 8 2.333 0.4521 0.7500
1R7W 9 3.697 0.4826 0.7206
1R7W 10 2.982 0.5819 0.8088
1R7W 11 3.717 0.4442 0.7059
1R7W 12 7.179 0.3333 0.4853
1R7W 13 2.990 0.3881 0.7132
1R7W 14 5.738 0.3505 0.5441
1R7W 15 3.931 0.4138 0.6691
1R7W 16 1.463 0.6962 0.8971
1R7W 17 3.061 0.4250 0.6912
1R7W 18 3.797 0.4829 0.6985
1R7W 19 2.396 0.5706 0.8088
1R7W 20 3.974 0.4680 0.6765
1R7W 21 10.520 0.1426 0.2574
1R7W 22 11.380 0.1788 0.3382
1R7W 23 10.830 0.2177 0.4191
1R7W 24 12.157 0.1742 0.2794
1R7W 25 11.287 0.1376 0.2941
1R7W 26 13.799 0.2042 0.3456
1R7W 27 13.845 0.1620 0.2868
1R7W 28 13.424 0.2055 0.3309
1R7W 29 11.910 0.2468 0.3676
1R7W 30 8.809 0.2420 0.4044
1R7W 31 10.023 0.2374 0.3971
1R7W 32 10.467 0.2258 0.4044
1R7W 33 13.844 0.1626 0.2794
1R7W 34 9.032 0.2232 0.3676
1R7W 35 11.744 0.2422 0.4044
1R7W 36 10.335 0.2609 0.4191
1R7W 37 6.488 0.2840 0.5147
1R7W 38 12.280 0.2457 0.3824
1R7W 39 12.118 0.1923 0.3235
1R7W 40 13.715 0.1502 0.2500
1R7W 41 12.178 0.1403 0.3015
1R7W 42 9.209 0.3176 0.4485
1R7W 43 13.499 0.2518 0.3750
1R7W 44 11.971 0.2782 0.4191
1R7W 45 16.094 0.1721 0.2868
1R7W 46 11.280 0.2622 0.3750
1R7W 47 10.908 0.2087 0.3015
1R7W 48 15.459 0.2739 0.3824
1R7W 49 14.490 0.2910 0.4044
1R7W 50 12.959 0.2557 0.4044
1R7W 51 12.122 0.2465 0.4044
1R7W 52 12.002 0.2330 0.3897
1R7W 53 9.963 0.2677 0.4265
1R7W 54 15.545 0.2646 0.3971
1R7W 55 10.965 0.2615 0.4118
1R7W 56 9.086 0.2756 0.4044
1R7W 57 13.270 0.2550 0.4044
1R7W 58 11.125 0.2838 0.4118
1R7W 59 12.067 0.2616 0.4118
1R7W 60 14.344 0.2306 0.3309
1R7W 61 14.405 0.1607 0.3015
1R7W 62 13.062 0.1157 0.2279
1R7W 63 11.015 0.1356 0.2426
1R7W 64 12.851 0.1104 0.2206
1R7W 65 12.618 0.2408 0.3824
1R7W 66 8.799 0.2734 0.4338
1R7W 67 10.665 0.1783 0.3382
1R7W 68 8.434 0.2196 0.3456
1R7W 69 12.325 0.2514 0.3897
1R7W 70 14.597 0.2801 0.4191
1R7W 71 12.947 0.2013 0.2868
1R7W 72 13.373 0.2026 0.3235
1R7W 73 16.783 0.2044 0.3015
1R7W 74 11.902 0.1936 0.3750
1R7W 75 12.551 0.2318 0.3529
1R7W 76 13.107 0.2625 0.3676
1R7W 77 15.366 0.2456 0.3824
1R7W 78 15.025 0.2343 0.3456
1R7W 79 16.666 0.2453 0.3676
1R7W 80 10.896 0.2662 0.4044
1R7W 81 16.305 0.2474 0.3824
1R7W 82 10.588 0.2444 0.3529
1R7W 83 10.677 0.2642 0.3824
1R7W 84 12.468 0.2666 0.3971
1R7W 85 14.921 0.2582 0.3971
1R7W 86 12.845 0.2581 0.4118
1R7W 87 12.552 0.2739 0.4265
1R7W 88 13.277 0.2788 0.3971
1R7W 89 9.842 0.2318 0.3750
1R7W 90 10.830 0.2883 0.4191
1R7W 91 13.325 0.2711 0.3750
1R7W 92 15.820 0.2871 0.3897
1R7W 93 9.502 0.2421 0.3971
1R7W 94 13.094 0.2713 0.3971
1R7W 95 10.769 0.2397 0.4118
1R7W 96 15.519 0.2858 0.4338
1R7W 97 12.238 0.2795 0.4044
1R7W 98 12.985 0.2526 0.3971
1R7W 99 12.099 0.2764 0.4118
1R7W 100 13.904 0.2795 0.4118
1R7W 101 13.478 0.1095 0.2059
1R7W 102 10.687 0.1483 0.2647
1R7W 103 13.788 0.1852 0.3382
1R7W 104 11.916 0.1443 0.2721
1R7W 105 9.623 0.2122 0.3824
1R7W 106 13.492 0.1110 0.2279
1R7W 107 8.807 0.2568 0.4044
1R7W 108 10.208 0.1856 0.3309
1R7W 109 14.577 0.1157 0.2426
1R7W 110 13.388 0.1735 0.2721
1R7W 111 14.705 0.1288 0.2500
1R7W 112 13.634 0.1671 0.3015
1R7W 113 11.109 0.2022 0.3971
1R7W 114 14.123 0.2653 0.3897
1R7W 115 14.887 0.2620 0.4191
1R7W 116 14.521 0.1356 0.2574
1R7W 117 14.666 0.1571 0.2279
1R7W 118 13.301 0.1750 0.2941
1R7W 119 11.037 0.1842 0.3603
1R7W 120 12.405 0.2175 0.3456
1R7W 121 12.630 0.2878 0.4338
1R7W 122 12.692 0.2815 0.4338
1R7W 123 11.285 0.2463 0.3750
1R7W 124 10.822 0.2323 0.3676
1R7W 125 14.895 0.2922 0.4118
1R7W 126 13.350 0.2798 0.4118
1R7W 127 14.978 0.2742 0.4044
1R7W 128 11.620 0.2480 0.3750
1R7W 129 11.036 0.2774 0.4265
1R7W 130 10.821 0.2549 0.3897
1R7W 131 13.664 0.2975 0.3971
1R7W 132 12.597 0.2737 0.4118
1R7W 133 13.346 0.2585 0.4118
1R7W 134 14.269 0.2798 0.4118
1R7W 135 14.903 0.2571 0.4044
1R7W 136 11.433 0.2753 0.4118
1R7W 137 14.214 0.2562 0.4044
1R7W 138 11.632 0.2546 0.3971
1R7W 139 13.963 0.3143 0.4412
1R7W 140 13.276 0.2511 0.3824
1R7W 141 15.486 0.1041 0.1985
1R7W 142 14.202 0.2076 0.3309
1R7W 143 10.490 0.1647 0.3015
1R7W 144 10.446 0.1531 0.3162
1R7W 145 10.733 0.2360 0.3676
1R7W 146 13.407 0.2178 0.3382
1R7W 147 15.333 0.1408 0.2426
1R7W 148 11.480 0.1691 0.3088
1R7W 149 16.738 0.1721 0.3382
1R7W 150 14.291 0.2380 0.3897
1R7W 151 13.782 0.1997 0.3088
1R7W 152 15.208 0.2122 0.3235
1R7W 153 11.915 0.2591 0.4044
1R7W 154 13.931 0.1940 0.2574
1R7W 155 12.964 0.2724 0.4044
1R7W 156 14.202 0.1362 0.2353
1R7W 157 13.634 0.1954 0.3382
1R7W 158 15.488 0.2542 0.3824
1R7W 159 15.347 0.2776 0.4265
1R7W 160 15.640 0.1975 0.3382
1R7W 161 13.912 0.1799 0.2794
1R7W 162 13.387 0.2339 0.3603
1R7W 163 11.916 0.2667 0.3897
1R7W 164 13.036 0.2937 0.3897
1R7W 165 12.590 0.2393 0.4044
1R7W 166 12.549 0.2510 0.3971
1R7W 167 14.099 0.2163 0.3603
1R7W 168 13.453 0.2738 0.4338
1R7W 169 14.762 0.2716 0.3897
1R7W 170 13.752 0.2751 0.4118
1R7W 171 16.372 0.2391 0.3971
1R7W 172 13.610 0.2655 0.3897
1R7W 173 10.052 0.2680 0.3971
1R7W 174 13.143 0.2425 0.3750
1R7W 175 14.961 0.2447 0.3971
1R7W 176 10.604 0.2847 0.3897
1R7W 177 12.475 0.2599 0.3971
1R7W 178 11.430 0.2774 0.4118
1R7W 179 10.826 0.2756 0.4044
1R7W 180 14.894 0.2508 0.3971
1R7W 181 15.005 0.1481 0.2426
1R7W 182 14.321 0.1562 0.2868
1R7W 183 10.153 0.1932 0.3676
1R7W 184 8.179 0.1318 0.3088
1R7W 185 9.136 0.1907 0.4044
1R7W 186 13.664 0.2006 0.3235
1R7W 187 10.918 0.2502 0.4338
1R7W 188 15.321 0.2740 0.4044
1R7W 189 15.234 0.1341 0.2279
1R7W 190 15.278 0.1324 0.2279
1R7W 191 13.518 0.1333 0.2500
1R7W 192 14.967 0.1588 0.2426
1R7W 193 13.130 0.2344 0.3529
1R7W 194 14.717 0.2195 0.3676
1R7W 195 15.776 0.2132 0.3088
1R7W 196 14.197 0.1417 0.2353
1R7W 197 13.483 0.2573 0.3897
1R7W 198 12.939 0.2240 0.3676
1R7W 199 12.950 0.2551 0.3750
1R7W 200 14.850 0.2534 0.3824
1R7W 201 17.139 0.2503 0.3676
1R7W 202 12.893 0.2142 0.3529
1R7W 203 13.955 0.2600 0.3897
1R7W 204 12.295 0.2725 0.3897
1R7W 205 15.189 0.2847 0.4265
1R7W 206 13.416 0.2784 0.3897
1R7W 207 13.557 0.2413 0.3015
1R7W 208 16.887 0.2731 0.3676
1R7W 209 15.144 0.2130 0.3015
1R7W 210 14.138 0.2529 0.3897
1R7W 211 11.702 0.2528 0.3529
1R7W 212 12.194 0.2579 0.3897
1R7W 213 16.351 0.2788 0.4265
1R7W 214 10.797 0.2371 0.4191
1R7W 215 14.647 0.2505 0.4044
1R7W 216 15.397 0.3434 0.4338
1R7W 217 13.280 0.2806 0.4044
1R7W 218 14.056 0.2316 0.3971
1R7W 219 13.646 0.2836 0.4265
1R7W 220 16.789 0.3185 0.4485
1R7W 221 14.958 0.0900 0.1985
1R7W 222 12.397 0.2539 0.4191
1R7W 223 15.899 0.2077 0.3676
1R7W 224 14.246 0.1076 0.2206
1R7W 225 11.708 0.2556 0.3824
1R7W 226 13.297 0.1779 0.2941
1R7W 227 15.837 0.2209 0.3309
1R7W 228 13.525 0.1354 0.2574
1R7W 229 11.754 0.1927 0.3529
1R7W 230 15.129 0.2198 0.3676
1R7W 231 15.111 0.2826 0.3897
1R7W 232 13.714 0.1809 0.2868
1R7W 233 16.465 0.2109 0.3382
1R7W 234 13.911 0.1581 0.2647
1R7W 235 16.421 0.1430 0.2868
1R7W 236 13.314 0.2675 0.4044
1R7W 237 12.846 0.2657 0.3824
1R7W 238 16.557 0.1466 0.2500
1R7W 239 14.207 0.2899 0.3971
1R7W 240 10.461 0.2169 0.3456
1R7W 241 14.658 0.2814 0.4265
1R7W 242 15.310 0.2449 0.3824
1R7W 243 16.548 0.2145 0.3235
1R7W 244 15.099 0.2793 0.3897
1R7W 245 15.471 0.2728 0.3897
1R7W 246 13.066 0.2845 0.4265
1R7W 247 16.865 0.2374 0.3529
1R7W 248 11.534 0.2440 0.3603
1R7W 249 11.536 0.2361 0.4044
1R7W 250 10.978 0.2469 0.3824
1R7W 251 15.263 0.1444 0.2500
1R7W 252 9.809 0.2384 0.3676
1R7W 253 16.847 0.2568 0.3824
1R7W 254 14.364 0.2487 0.3971
1R7W 255 12.851 0.2386 0.3603
1R7W 256 14.632 0.2297 0.3603
1R7W 257 8.827 0.2712 0.4118
1R7W 258 11.473 0.2985 0.4485
1R7W 259 13.703 0.2475 0.3824
1R7W 260 9.791 0.2204 0.3971
1R7W 261 14.958 0.0969 0.1691
1R7W 262 11.687 0.2420 0.3676
1R7W 263 14.257 0.1481 0.2426
1R7W 264 12.836 0.1517 0.2574
1R7W 265 11.006 0.1201 0.2574
1R7W 266 16.607 0.2138 0.3382
1R7W 267 15.030 0.2714 0.4118
1R7W 268 13.498 0.1491 0.2574
1R7W 269 13.812 0.1808 0.2647
1R7W 270 11.102 0.2112 0.3382
1R7W 271 17.092 0.1355 0.2500
1R7W 272 13.361 0.1407 0.2279
1R7W 273 16.102 0.1520 0.2574
1R7W 274 16.437 0.1857 0.2941
1R7W 275 11.588 0.2242 0.3750
1R7W 276 10.463 0.1264 0.2353
1R7W 277 11.467 0.2421 0.3971
1R7W 278 13.158 0.1646 0.2941
1R7W 279 11.991 0.2649 0.4191
1R7W 280 11.932 0.2030 0.3382
1R7W 281 14.719 0.2071 0.3676
1R7W 282 12.873 0.1838 0.3456
1R7W 283 13.313 0.1665 0.2721
1R7W 284 14.977 0.1463 0.2426
1R7W 285 14.583 0.2393 0.3603
1R7W 286 16.074 0.2622 0.3971
1R7W 287 13.745 0.2423 0.3750
1R7W 288 14.545 0.2687 0.4118
1R7W 289 14.144 0.1139 0.2279
1R7W 290 13.835 0.2762 0.4191
1R7W 291 15.857 0.2052 0.3088
1R7W 292 11.935 0.2432 0.3897
1R7W 293 14.340 0.2581 0.3897
1R7W 294 11.629 0.1648 0.2721
1R7W 295 15.904 0.2571 0.3971
1R7W 296 14.454 0.2442 0.3750
1R7W 297 18.440 0.1265 0.2353
1R7W 298 14.448 0.1975 0.3235
1R7W 299 12.528 0.2513 0.3750
1R7W 300 12.265 0.2421 0.3971
1R7W 301 12.922 0.1231 0.1985
1R7W 302 13.578 0.1945 0.3456
1R7W 303 12.457 0.1917 0.3088
1R7W 304 13.255 0.2669 0.4191
1R7W 305 12.691 0.1215 0.2059
1R7W 306 13.788 0.2319 0.3456
1R7W 307 11.526 0.2227 0.3456
1R7W 308 13.977 0.2569 0.3676
1R7W 309 10.841 0.2446 0.4338
1R7W 310 12.895 0.1256 0.2794
1R7W 311 14.210 0.2294 0.3382
1R7W 312 16.090 0.1956 0.3015
1R7W 313 14.709 0.2751 0.4044
1R7W 314 16.947 0.2171 0.3162
1R7W 315 7.541 0.2732 0.4265
1R7W 316 15.429 0.2101 0.3309
1R7W 317 11.537 0.2652 0.3897
1R7W 318 12.983 0.2875 0.4265
1R7W 319 13.893 0.2518 0.3456
1R7W 320 15.255 0.2307 0.3676
1R7W 321 15.244 0.2655 0.3824
1R7W 322 13.046 0.2772 0.4044
1R7W 323 12.624 0.2426 0.4118
1R7W 324 15.451 0.2403 0.3676
1R7W 325 17.617 0.1262 0.2426
1R7W 326 11.100 0.2702 0.3971
1R7W 327 11.325 0.2391 0.3676
1R7W 328 12.156 0.2675 0.3971
1R7W 329 16.850 0.2747 0.3897
1R7W 330 14.748 0.2984 0.4191
1R7W 331 15.361 0.2594 0.3824
1R7W 332 13.144 0.2746 0.4265
1R7W 333 11.315 0.2063 0.3603
1R7W 334 14.838 0.2416 0.3676
1R7W 335 12.102 0.3022 0.4044
1R7W 336 14.085 0.2605 0.3971
1R7W 337 12.700 0.3039 0.4191
1R7W 338 12.905 0.2819 0.4191
1R7W 339 13.914 0.2587 0.3971
1R7W 340 13.536 0.2846 0.4191
1R7W 341 11.054 0.1223 0.2279
1R7W 342 9.076 0.1864 0.3162
1R7W 343 10.445 0.2184 0.3603
1R7W 344 13.740 0.1682 0.2941
1R7W 345 11.349 0.2329 0.4044
1R7W 346 12.988 0.2618 0.3897
1R7W 347 12.092 0.2349 0.3382
1R7W 348 13.863 0.1267 0.2206
1R7W 349 15.123 0.2792 0.4044
1R7W 350 11.509 0.2498 0.3971
1R7W 351 11.209 0.2748 0.4485
1R7W 352 12.682 0.2188 0.3529
1R7W 353 12.390 0.2891 0.4265
1R7W 354 12.839 0.2447 0.3529
1R7W 355 14.433 0.2543 0.3971
1R7W 356 12.284 0.1521 0.2574
1R7W 357 13.682 0.1362 0.2500
1R7W 358 11.926 0.2745 0.3824
1R7W 359 13.462 0.2373 0.3824
1R7W 360 15.079 0.2976 0.4118
1R7W 361 14.072 0.2536 0.3824
1R7W 362 13.569 0.2382 0.4118
1R7W 363 12.330 0.2172 0.3235
1R7W 364 12.820 0.2658 0.3824
1R7W 365 10.942 0.2761 0.4118
1R7W 366 13.443 0.2446 0.3824
1R7W 367 13.262 0.2352 0.3676
1R7W 368 15.390 0.2442 0.3676
1R7W 369 16.948 0.2209 0.3382
1R7W 370 9.929 0.3044 0.4118
1R7W 371 15.188 0.2854 0.3971
1R7W 372 18.223 0.1270 0.2132
1R7W 373 13.976 0.1995 0.3309
1R7W 374 10.490 0.2552 0.3824
1R7W 375 18.654 0.2454 0.3824
1R7W 376 14.621 0.2706 0.3897
1R7W 377 13.806 0.2644 0.3971
1R7W 378 13.562 0.2647 0.3971
1R7W 379 13.008 0.2757 0.4485
1R7W 380 14.301 0.2723 0.4191
1R7W 381 13.542 0.1067 0.2206
1R7W 382 11.525 0.1180 0.1985
1R7W 383 11.077 0.1114 0.2500
1R7W 384 13.860 0.2161 0.3382
1R7W 385 13.268 0.2394 0.3750
1R7W 386 11.619 0.2368 0.3824
1R7W 387 11.701 0.2263 0.3750
1R7W 388 16.627 0.1191 0.1912
1R7W 389 9.063 0.2341 0.3897
1R7W 390 10.801 0.2324 0.3750
1R7W 391 13.804 0.2344 0.3382
1R7W 392 14.337 0.1360 0.2132
1R7W 393 12.177 0.2652 0.4118
1R7W 394 16.041 0.2310 0.3382
1R7W 395 11.716 0.2735 0.3971
1R7W 396 13.120 0.2524 0.3750
1R7W 397 10.044 0.2377 0.3971
1R7W 398 14.980 0.2582 0.4044
1R7W 399 12.235 0.2696 0.3824
1R7W 400 16.344 0.2532 0.3603
1R7W 401 14.493 0.2810 0.4118
1R7W 402 13.602 0.2678 0.4118
1R7W 403 14.714 0.2831 0.4191
1R7W 404 14.850 0.2740 0.3897
1R7W 405 14.098 0.2856 0.4191
1R7W 406 13.994 0.2675 0.4118
1R7W 407 14.580 0.2155 0.3309
1R7W 408 10.658 0.2760 0.4118
1R7W 409 11.347 0.2642 0.4044
1R7W 410 12.664 0.2665 0.4118
1R7W 411 12.569 0.2763 0.4632
1R7W 412 12.182 0.2954 0.4118
1R7W 413 13.682 0.2655 0.3971
1R7W 414 12.913 0.2676 0.4191
1R7W 415 14.566 0.2685 0.3971
1R7W 416 13.783 0.2612 0.3897
1R7W 417 13.110 0.3053 0.4265
1R7W 418 14.685 0.2250 0.3750
1R7W 419 14.816 0.2570 0.3824
1R7W 420 12.820 0.2479 0.3824
1R7W 421 1.039 0.7476 0.9265
1R7W 422 1.574 0.6002 0.8382
1R7W 423 1.710 0.5740 0.8162
1R7W 424 1.625 0.5822 0.8235
1R7W 425 1.651 0.5718 0.8309
1R7W 426 1.644 0.5760 0.8235
1R7W 427 1.692 0.5667 0.8162
1R7W 428 1.691 0.5658 0.8088
1R7W 429 1.666 0.5722 0.8162
1R7W 430 1.707 0.5620 0.8088
1R7W 431 1.691 0.5666 0.8088
1R7W 432 1.699 0.5681 0.8088
1R7W 433 1.697 0.5678 0.8088
1R7W 434 1.708 0.5631 0.8088
1R7W 435 1.688 0.5680 0.8088
1R7W 436 1.707 0.5635 0.8088
1R7W 437 1.679 0.5670 0.8088
1R7W 438 1.672 0.5678 0.8088
1R7W 439 1.700 0.5652 0.8088
1R7W 440 1.681 0.5683 0.8088
1R7W 441 1.716 0.5588 0.8088
1R7W 442 1.689 0.5666 0.8088
1R7W 443 1.699 0.5679 0.8088
1R7W 444 1.687 0.5676 0.8088
1R7W 445 1.690 0.5656 0.8162
1R7W 446 1.694 0.5642 0.8162
1R7W 447 1.685 0.5662 0.8088
1R7W 448 1.678 0.5702 0.8088
1R7W 449 1.691 0.5682 0.8088
1R7W 450 1.687 0.5673 0.8162
1R7W 451 1.675 0.5699 0.8088
1R7W 452 1.659 0.5736 0.8162
1R7W 453 1.665 0.5768 0.8235
1R7W 454 1.662 0.5744 0.8235
1R7W 455 1.663 0.5758 0.8235
1R7W 456 1.674 0.5760 0.8088
1R7W 457 1.655 0.5774 0.8235
1R7W 458 1.650 0.5775 0.8235
1R7W 459 1.657 0.5745 0.8162
1R7W 460 1.670 0.5742 0.8162
1R7W 461 1.645 0.5801 0.8309
1R7W 462 1.692 0.5708 0.8235
1R7W 463 1.684 0.5710 0.8162
1R7W 464 1.656 0.5762 0.8309
1R7W 465 1.668 0.5764 0.8235
1R7W 466 1.671 0.5756 0.8235
1R7W 467 1.666 0.5730 0.8235
1R7W 468 1.665 0.5770 0.8309
1R7W 469 1.672 0.5700 0.8162
1R7W 470 1.672 0.5729 0.8162
1R7W 471 1.685 0.5676 0.8162
1R7W 472 1.671 0.5758 0.8162
1R7W 473 1.673 0.5692 0.8162
1R7W 474 1.670 0.5728 0.8235
1R7W 475 1.667 0.5730 0.8162
1R7W 476 1.693 0.5723 0.8088
1R7W 477 1.650 0.5798 0.8235
1R7W 478 1.686 0.5749 0.8235
1R7W 479 1.682 0.5747 0.8162
1R7W 480 1.692 0.5745 0.8235
1R7W 481 1.677 0.5791 0.8235
1R7W 482 1.733 0.5634 0.8162
1R7W 483 1.690 0.5703 0.8309
1R7W 484 1.707 0.5652 0.8015
1R7W 485 1.712 0.5668 0.8235
1R7W 486 1.687 0.5681 0.8235
1R7W 487 1.666 0.5683 0.8162
1R7W 488 1.669 0.5766 0.8309
1R7W 489 1.684 0.5720 0.8162
1R7W 490 1.663 0.5713 0.8235
1R7W 491 1.696 0.5663 0.8309
1R7W 492 1.679 0.5743 0.8309
1R7W 493 1.642 0.5807 0.8309
1R7W 494 1.616 0.5830 0.8309
1R7W 495 1.631 0.5855 0.8235
1R7W 496 1.615 0.5824 0.8309
1R7W 497 1.637 0.5802 0.8382
1R7W 498 1.653 0.5713 0.8309
1R7W 499 1.727 0.5619 0.8015
1R7W 500 1.633 0.5730 0.8309
1R7W 501 1.684 0.5769 0.8309
1R7W 502 1.670 0.5752 0.8235
1R7W 503 1.664 0.5776 0.8235
1R7W 504 1.657 0.5765 0.8235
1R7W 505 1.661 0.5775 0.8309
1R7W 506 1.646 0.5775 0.8235
1R7W 507 1.648 0.5801 0.8162
1R7W 508 1.630 0.5810 0.8162
1R7W 509 1.632 0.5836 0.8382
1R7W 510 1.691 0.5705 0.8162
1R7W 511 1.651 0.5836 0.8309
1R7W 512 1.669 0.5732 0.8235
1R7W 513 1.614 0.5785 0.8309
1R7W 514 1.637 0.5808 0.8382
1R7W 515 1.708 0.5715 0.8162
1R7W 516 1.639 0.5872 0.8235
1R7W 517 1.622 0.5842 0.8235
1R7W 518 1.670 0.5727 0.8235
1R7W 519 1.682 0.5681 0.8088
1R7W 520 1.654 0.5802 0.8235
1R7W 521 1.748 0.5674 0.8088
1R7W 522 1.678 0.5690 0.8235
1R7W 523 1.689 0.5735 0.8235
1R7W 524 1.692 0.5701 0.8235
1R7W 525 1.681 0.5732 0.8162
1R7W 526 1.690 0.5713 0.8162
1R7W 527 1.664 0.5762 0.8162
1R7W 528 1.689 0.5682 0.8162
1R7W 529 1.670 0.5776 0.8235
1R7W 530 1.657 0.5708 0.8382
1R7W 531 1.647 0.5833 0.8235
1R7W 532 1.659 0.5731 0.8235
1R7W 533 1.647 0.5724 0.8235
1R7W 534 1.710 0.5658 0.8088
1R7W 535 1.714 0.5595 0.8162
1R7W 536 1.683 0.5665 0.8235
1R7W 537 1.759 0.5546 0.8088
1R7W 538 1.738 0.5602 0.8162
1R7W 539 1.668 0.5688 0.8162
1R7W 540 1.748 0.5541 0.8015
1R7W 541 1.647 0.5789 0.8309
1R7W 542 1.741 0.5564 0.8088
1R7W 543 1.778 0.5513 0.8015
1R7W 544 1.701 0.5622 0.8162
1R7W 545 1.732 0.5617 0.8162
1R7W 546 1.630 0.5879 0.8382
1R7W 547 1.713 0.5675 0.8162
1R7W 548 1.737 0.5566 0.8015
1R7W 549 1.631 0.5766 0.8162
1R7W 550 1.748 0.5531 0.8015
1R7W 551 1.704 0.5609 0.8162
1R7W 552 1.780 0.5499 0.7868
1R7W 553 1.756 0.5549 0.8015
1R7W 554 1.681 0.5650 0.8088
1R7W 555 1.696 0.5683 0.8162
1R7W 556 1.675 0.5677 0.8309
1R7W 557 1.786 0.5422 0.7941
1R7W 558 1.707 0.5626 0.8162
1R7W 559 1.804 0.5370 0.7868
1R7W 560 1.833 0.5265 0.7794
1R7W 561 1.737 0.5453 0.7941
1R7W 562 1.802 0.5235 0.7794
1R7W 563 1.803 0.5164 0.7868
1R7W 564 1.779 0.5172 0.7868
1R7W 565 1.703 0.5406 0.7941
1R7W 566 1.823 0.5056 0.7794
1R7W 567 1.722 0.5381 0.7941
1R7W 568 1.771 0.5316 0.7868
1R7W 569 1.794 0.5150 0.7794
1R7W 570 1.711 0.5466 0.8015
1R7W 571 1.786 0.5173 0.7868
1R7W 572 1.784 0.5248 0.7941
1R7W 573 1.729 0.5353 0.7941
1R7W 574 1.788 0.5205 0.7941
1R7W 575 1.771 0.5271 0.7941
1R7W 576 1.796 0.5277 0.7868
1R7W 577 1.781 0.5338 0.7868
1R7W 578 1.803 0.5257 0.7868
1R7W 579 1.799 0.5427 0.7941
1R7W 580 1.768 0.5455 0.8088
1R7W 581 1.775 0.5351 0.7941
1R7W 582 1.772 0.5211 0.7941
1R7W 583 1.807 0.5166 0.7794
1R7W 584 1.819 0.5110 0.7721
1R7W 585 1.872 0.5054 0.7721
1R7W 586 1.834 0.5082 0.7721
1R7W 587 1.753 0.5216 0.7868
1R7W 588 1.821 0.5163 0.7721
1R7W 589 1.733 0.5245 0.7941
1R7W 590 1.790 0.5225 0.7794
1R7W 591 1.775 0.5148 0.7794
1R7W 592 1.775 0.5128 0.7794
1R7W 593 1.856 0.5035 0.7721
1R7W 594 1.858 0.5075 0.7647
1R7W 595 1.854 0.4991 0.7647
1R7W 596 1.846 0.5031 0.7721
1R7W 597 1.993 0.4710 0.7500
1R7W 598 1.823 0.5137 0.7794
1R7W 599 1.909 0.4797 0.7574
1R7W 600 1.764 0.5150 0.7794
1R7W 601 1.793 0.5111 0.7721
1R7W 602 1.909 0.4957 0.7647
1R7W 603 1.783 0.5139 0.7868
1R7W 604 1.852 0.5014 0.7794
1R7W 605 1.798 0.5207 0.7868
1R7W 606 1.898 0.4881 0.7647
1R7W 607 1.819 0.5138 0.7647
1R7W 608 1.881 0.5059 0.7647
1R7W 609 2.001 0.5137 0.7647
1R7W 610 1.933 0.5033 0.7721
1R7W 611 2.015 0.4756 0.7574
1R7W 612 1.856 0.5063 0.7574
1R7W 613 2.004 0.4688 0.7574
1R7W 614 1.936 0.4781 0.7574
1R7W 615 1.990 0.4817 0.7647
1R7W 616 1.934 0.4833 0.7574
1R7W 617 1.984 0.4774 0.7574
1R7W 618 1.970 0.4779 0.7574
1R7W 619 1.974 0.4665 0.7353
1R7W 620 2.008 0.4634 0.7500
1R7W 621 2.056 0.4668 0.7500
1R7W 622 1.976 0.4694 0.7353
1R7W 623 1.924 0.5102 0.7647
1R7W 624 2.059 0.4822 0.7426
1R7W 625 1.937 0.4935 0.7647
1R7W 626 2.073 0.4909 0.7426
1R7W 627 1.889 0.5040 0.7794
1R7W 628 1.910 0.5133 0.7794
1R7W 629 2.014 0.5051 0.7647
1R7W 630 1.890 0.5000 0.7721
1R7W 631 2.085 0.4811 0.7574
1R7W 632 1.940 0.4918 0.7574
1R7W 633 2.065 0.4824 0.7500
1R7W 634 1.974 0.4897 0.7500
1R7W 635 1.912 0.4954 0.7574
1R7W 636 2.031 0.4787 0.7574
1R7W 637 1.872 0.5098 0.7794
1R7W 638 1.960 0.4886 0.7500
1R7W 639 2.086 0.4626 0.7426
1R7W 640 2.040 0.4968 0.7500
1R7W 641 2.046 0.4743 0.7500
1R7W 642 1.975 0.5137 0.7721
1R7W 643 2.009 0.4876 0.7574
1R7W 644 2.028 0.4745 0.7574
1R7W 645 2.080 0.4704 0.7500
1R7W 646 2.207 0.4311 0.7279
1R7W 647 2.334 0.4342 0.7206
1R7W 648 2.352 0.4340 0.7206
1R7W 649 2.280 0.4187 0.7279
1R7W 650 2.235 0.4453 0.7353
1R7W 651 2.162 0.4733 0.7426
1R7W 652 2.337 0.4391 0.7353
1R7W 653 2.441 0.4331 0.7132
1R7W 654 2.287 0.4425 0.7206
1R7W 655 2.481 0.3988 0.6912
1R7W 656 2.179 0.4589 0.7647
1R7W 657 2.245 0.4318 0.7353
1R7W 658 2.275 0.4225 0.7353
1R7W 659 2.356 0.4101 0.7279
1R7W 660 2.234 0.4387 0.7426
1R7W 661 2.438 0.3925 0.7132
1R7W 662 2.355 0.4304 0.7132
1R7W 663 2.358 0.4393 0.7279
1R7W 664 2.339 0.4246 0.7206
1R7W 665 2.280 0.4419 0.7279
1R7W 666 2.281 0.4482 0.7426
1R7W 667 2.390 0.4273 0.7279
1R7W 668 2.140 0.4611 0.7500
1R7W 669 2.302 0.4239 0.7206
1R7W 670 2.327 0.4352 0.7206
1R7W 671 2.248 0.4504 0.7426
1R7W 672 2.234 0.4814 0.7574
1R7W 673 2.244 0.4519 0.7426
1R7W 674 2.199 0.4440 0.7353
1R7W 675 2.246 0.4415 0.7353
1R7W 676 2.253 0.4489 0.7426
1R7W 677 2.249 0.4671 0.7426
1R7W 678 2.283 0.4429 0.7353
1R7W 679 2.206 0.4524 0.7426
1R7W 680 2.070 0.4653 0.7426
1R7W 681 2.161 0.4676 0.7426
1R7W 682 2.219 0.4431 0.7353
1R7W 683 2.085 0.4571 0.7426
1R7W 684 2.178 0.4405 0.7206
1R7W 685 2.160 0.4416 0.7206
1R7W 686 2.197 0.4462 0.7353
1R7W 687 2.298 0.4427 0.7426
1R7W 688 2.188 0.4597 0.7574
1R7W 689 2.118 0.4582 0.7426
1R7W 690 2.116 0.4567 0.7279
1R7W 691 2.206 0.4494 0.7353
1R7W 692 2.306 0.4327 0.7059
1R7W 693 2.211 0.4246 0.7279
1R7W 694 2.009 0.4687 0.7426
1R7W 695 2.169 0.4544 0.7279
1R7W 696 2.065 0.4579 0.7426
1R7W 697 2.094 0.4728 0.7279
1R7W 698 2.111 0.4577 0.7206
1R7W 699 1.972 0.4704 0.7426
1R7W 700 2.067 0.4616 0.7279
1R7W 701 2.106 0.4619 0.7426
1R7W 702 2.025 0.4674 0.7426
1R7W 703 2.038 0.4433 0.7279
1R7W 704 1.981 0.4701 0.7353
1R7W 705 2.164 0.4464 0.7279
1R7W 706 2.133 0.4536 0.7353
1R7W 707 2.155 0.4522 0.7353
1R7W 708 2.181 0.4626 0.7279
1R7W 709 2.329 0.4355 0.7132
1R7W 710 2.019 0.4627 0.7353
1R7W 711 2.254 0.4424 0.7353
1R7W 712 2.224 0.4618 0.7353
1R7W 713 2.228 0.4587 0.7426
1R7W 714 2.267 0.4536 0.7353
1R7W 715 2.123 0.4592 0.7353
1R7W 716 2.201 0.4379 0.7206
1R7W 717 2.125 0.4756 0.7426
1R7W 718 2.218 0.4739 0.7353
1R7W 719 2.049 0.4696 0.7353
1R7W 720 2.179 0.4469 0.7353
1R7W 721 1.992 0.4700 0.7500
1R7W 722 2.182 0.4535 0.7353
1R7W 723 2.104 0.4670 0.7574
1R7W 724 2.188 0.4467 0.7500
1R7W 725 2.182 0.4486 0.7500
1R7W 726 2.089 0.4659 0.7353
1R7W 727 2.215 0.4565 0.7353
1R7W 728 2.127 0.4466 0.7353
1R7W 729 2.072 0.4630 0.7574
1R7W 730 2.195 0.4424 0.7426
1R7W 731 2.177 0.4363 0.7279
1R7W 732 2.088 0.4475 0.7426
1R7W 733 2.145 0.4434 0.7279
1R7W 734 2.210 0.4530 0.7353
1R7W 735 2.202 0.4507 0.7279
1R7W 736 2.149 0.4387 0.7279
1R7W 737 2.138 0.4319 0.7206
1R7W 738 2.103 0.4310 0.7279
1R7W 739 2.097 0.4401 0.7426
1R7W 740 2.286 0.4396 0.7059
1R7W 741 2.191 0.4173 0.7132
1R7W 742 2.220 0.4366 0.7353
1R7W 743 2.223 0.4428 0.7206
1R7W 744 2.217 0.4358 0.7353
1R7W 745 2.182 0.4320 0.7353
1R7W 746 2.180 0.4425 0.7353
1R7W 747 2.266 0.4595 0.7279
1R7W 748 2.215 0.4680 0.7353
1R7W 749 2.156 0.4648 0.7353
1R7W 750 2.302 0.4158 0.7132
1R7W 751 2.175 0.4642 0.7353
1R7W 752 2.301 0.4142 0.7132
1R7W 753 2.299 0.4246 0.7206
1R7W 754 2.206 0.4188 0.7132
1R7W 755 2.083 0.4501 0.7353
1R7W 756 2.258 0.4248 0.7206
1R7W 757 2.196 0.4220 0.7206
1R7W 758 2.163 0.4368 0.7206
1R7W 759 2.199 0.4457 0.7353
1R7W 760 2.309 0.4608 0.7426
1R7W 761 2.402 0.4763 0.7426
1R7W 762 2.233 0.4655 0.7426
1R7W 763 2.109 0.4939 0.7500
1R7W 764 2.375 0.4885 0.7500
1R7W 765 2.501 0.4516 0.7206
1R7W 766 2.345 0.4729 0.7353
1R7W 767 2.316 0.4664 0.7426
1R7W 768 2.332 0.4584 0.7426
1R7W 769 2.182 0.5044 0.7647
1R7W 770 2.446 0.4496 0.7426
1R7W 771 2.229 0.4815 0.7500
1R7W 772 2.426 0.4096 0.7059
1R7W 773 2.466 0.4048 0.7426
1R7W 774 2.642 0.3952 0.6838
1R7W 775 2.559 0.4106 0.6985
1R7W 776 2.517 0.4153 0.7059
1R7W 777 2.551 0.4120 0.6985
1R7W 778 2.362 0.4238 0.7206
1R7W 779 2.580 0.4042 0.6985
1R7W 780 2.392 0.4061 0.7132
1R7W 781 2.428 0.3988 0.7206
1R7W 782 2.410 0.4144 0.7132
1R7W 783 2.505 0.4064 0.7206
1R7W 784 2.517 0.3799 0.7059
1R7W 785 2.459 0.3826 0.6985
1R7W 786 2.499 0.3981 0.7206
1R7W 787 2.552 0.3929 0.7132
1R7W 788 2.550 0.3926 0.7059
1R7W 789 2.473 0.3782 0.6985
1R7W 790 2.444 0.3904 0.7132
1R7W 791 2.450 0.3785 0.6985
1R7W 792 2.783 0.3682 0.6765
1R7W 793 2.606 0.3818 0.6985
1R7W 794 2.481 0.3956 0.7132
1R7W 795 2.644 0.3838 0.6985
1R7W 796 2.570 0.4016 0.7059
1R7W 797 2.612 0.3947 0.7132
1R7W 798 2.645 0.3885 0.6985
1R7W 799 2.438 0.3973 0.7206
1R7W 800 2.623 0.3902 0.7206
1R7W 801 2.579 0.3914 0.7059
1R7W 802 2.593 0.3973 0.6912
1R7W 803 2.703 0.3718 0.6912
1R7W 804 2.489 0.4087 0.6985
1R7W 805 2.659 0.3710 0.6912
1R7W 806 2.627 0.3850 0.7059
1R7W 807 2.667 0.3739 0.6838
1R7W 808 2.570 0.3790 0.6985
1R7W 809 2.481 0.3893 0.7206
1R7W 810 2.649 0.3774 0.6912
1R7W 811 2.518 0.3951 0.7206
1R7W 812 2.752 0.3578 0.6765
1R7W 813 2.606 0.3617 0.6765
1R7W 814 2.722 0.3572 0.6838
1R7W 815 2.583 0.3516 0.6985
1R7W 816 2.643 0.3795 0.6765
1R7W 817 2.665 0.3722 0.6838
1R7W 818 2.479 0.4020 0.7206
1R7W 819 2.551 0.3945 0.7206
1R7W 820 2.754 0.3654 0.6838
1R7W 821 2.519 0.4029 0.7426
1R7W 822 2.561 0.4028 0.7059
1R7W 823 2.511 0.4071 0.7206
1R7W 824 2.553 0.3855 0.7132
1R7W 825 2.535 0.3711 0.6985
1R7W 826 2.606 0.3703 0.6985
1R7W 827 2.786 0.3641 0.6985
1R7W 828 2.624 0.3760 0.6912
1R7W 829 2.768 0.3755 0.6838
1R7W 830 2.607 0.3949 0.6985
1R7W 831 2.575 0.3871 0.6985
1R7W 832 2.554 0.3906 0.7132
1R7W 833 2.594 0.3684 0.7059
1R7W 834 2.502 0.3912 0.6985
1R7W 835 2.586 0.3970 0.7059
1R7W 836 2.644 0.3840 0.6912
1R7W 837 2.624 0.3771 0.6838
1R7W 838 2.508 0.4000 0.7059
1R7W 839 2.727 0.3629 0.6912
1R7W 840 2.705 0.3756 0.6765
1R7W 841 2.541 0.3854 0.6985
1R7W 842 2.657 0.3623 0.6912
1R7W 843 2.563 0.3820 0.7059
1R7W 844 2.795 0.3728 0.6838
1R7W 845 2.867 0.3673 0.6618
1R7W 846 2.579 0.3866 0.6838
1R7W 847 2.767 0.3558 0.6765
1R7W 848 2.676 0.3840 0.6838
1R7W 849 2.536 0.3855 0.6912
1R7W 850 2.663 0.3510 0.6912
1R7W 851 2.616 0.3665 0.6765
1R7W 852 2.655 0.3790 0.6691
1R7W 853 2.542 0.3977 0.6985
1R7W 854 2.698 0.3677 0.6765
1R7W 855 2.537 0.3870 0.6838
1R7W 856 2.755 0.3530 0.6765
1R7W 857 2.539 0.3959 0.7059
1R7W 858 2.745 0.3638 0.6765
1R7W 859 2.762 0.3867 0.6765
1R7W 860 2.573 0.4037 0.6985
1R7W 861 2.778 0.3637 0.6691
1R7W 862 2.574 0.3942 0.6985
1R7W 863 2.539 0.3918 0.7132
1R7W 864 2.657 0.3827 0.6838
1R7W 865 2.497 0.3752 0.7059
1R7W 866 2.582 0.3902 0.7206
1R7W 867 2.514 0.3749 0.7132
1R7W 868 2.560 0.3770 0.6912
1R7W 869 2.402 0.4037 0.6912
1R7W 870 2.622 0.3819 0.6691
1R7W 871 2.553 0.3831 0.6912
1R7W 872 2.744 0.3591 0.6691
1R7W 873 2.640 0.3656 0.6838
1R7W 874 2.404 0.4134 0.7206
1R7W 875 2.577 0.3774 0.6985
1R7W 876 2.555 0.3966 0.6912
1R7W 877 2.796 0.3659 0.6765
1R7W 878 2.714 0.3629 0.6838
1R7W 879 2.782 0.3793 0.6838
1R7W 880 2.555 0.3957 0.6765
1R7W 881 2.541 0.3901 0.7059
1R7W 882 2.570 0.3840 0.6985
1R7W 883 2.786 0.3609 0.6765
1R7W 884 2.680 0.3762 0.6838
1R7W 885 2.432 0.3985 0.7059
1R7W 886 2.741 0.3799 0.6765
1R7W 887 2.563 0.3680 0.6838
1R7W 888 2.483 0.3715 0.6985
1R7W 889 2.601 0.4063 0.7279
1R7W 890 2.634 0.3899 0.6985
1R7W 891 2.859 0.3793 0.6691
1R7W 892 2.415 0.3975 0.7353
1R7W 893 2.397 0.4135 0.7206
1R7W 894 2.692 0.3696 0.6838
1R7W 895 2.713 0.3750 0.6838
1R7W 896 2.536 0.4092 0.6985
1R7W 897 2.669 0.3679 0.6765
1R7W 898 2.674 0.3583 0.6838
1R7W 899 2.655 0.4020 0.7132
1R7W 900 2.559 0.3883 0.6838
1R7W 901 2.545 0.4117 0.6985
1R7W 902 2.721 0.3779 0.6765
1R7W 903 2.681 0.3888 0.6838
1R7W 904 2.649 0.3686 0.6765
1R7W 905 2.569 0.3788 0.6912
1R7W 906 2.618 0.3716 0.6691
1R7W 907 2.531 0.3885 0.6985
1R7W 908 2.547 0.3792 0.6912
1R7W 909 2.408 0.4167 0.7132
1R7W 910 2.731 0.3901 0.6912
1R7W 911 2.437 0.4059 0.7059
1R7W 912 2.573 0.3872 0.7132
1R7W 913 2.502 0.3968 0.7279
1R7W 914 2.638 0.3722 0.6838
1R7W 915 2.658 0.3883 0.6912
1R7W 916 2.676 0.3856 0.6985
1R7W 917 2.673 0.3738 0.7132
1R7W 918 2.518 0.3738 0.6985
1R7W 919 2.651 0.3886 0.7059
1R7W 920 2.518 0.3931 0.6912
1R7W 921 2.653 0.4001 0.6838
1R7W 922 2.533 0.3814 0.7059
1R7W 923 2.581 0.3953 0.6912
1R7W 924 2.638 0.3784 0.6912
1R7W 925 2.548 0.4123 0.7206
1R7W 926 2.527 0.4072 0.6912
1R7W 927 2.616 0.3861 0.6985
1R7W 928 2.644 0.4019 0.6985
1R7W 929 2.448 0.3752 0.7059
1R7W 930 2.622 0.3688 0.6838
1R7W 931 2.470 0.3811 0.6985
1R7W 932 2.751 0.3820 0.7059
1R7W 933 2.805 0.3649 0.6838
1R7W 934 2.600 0.3689 0.6765
1R7W 935 2.664 0.3705 0.6765
1R7W 936 2.462 0.4087 0.7132
1R7W 937 2.550 0.3991 0.6985
1R7W 938 2.742 0.3779 0.6985
1R7W 939 2.611 0.4043 0.6765
1R7W 940 2.388 0.4199 0.6985
1R7W 941 2.559 0.4061 0.7059
1R7W 942 2.659 0.3720 0.6985
1R7W 943 2.701 0.3513 0.6765
1R7W 944 2.589 0.3669 0.6985
1R7W 945 2.586 0.4148 0.7353
1R7W 946 2.357 0.4218 0.7279
1R7W 947 2.752 0.3619 0.6691
1R7W 948 2.536 0.3880 0.7059
1R7W 949 2.114 0.4515 0.7574
1R7W 950 2.458 0.4126 0.6985
1R7W 951 2.171 0.4423 0.7059
1R7W 952 2.459 0.4178 0.6912
1R7W 953 2.373 0.4366 0.7059
1R7W 954 2.240 0.4433 0.7132
1R7W 955 2.736 0.3756 0.6691
1R7W 956 2.534 0.4142 0.6985
1R7W 957 2.376 0.4301 0.6985
1R7W 958 2.444 0.4132 0.7206
1R7W 959 2.620 0.3961 0.7132
1R7W 960 2.420 0.4158 0.7132
1R7W 961 2.335 0.4691 0.7132
1R7W 962 2.511 0.4176 0.7059
1R7W 963 2.606 0.4185 0.7059
1R7W 964 2.252 0.4632 0.7279
1R7W 965 2.238 0.4472 0.7206
1R7W 966 2.627 0.3958 0.6912
1R7W 967 2.492 0.4252 0.7206
1R7W 968 2.525 0.4079 0.6985
1R7W 969 2.676 0.3817 0.6912
1R7W 970 2.637 0.4086 0.6912
1R7W 971 2.600 0.3854 0.6985
1R7W 972 2.559 0.4032 0.6985
1R7W 973 2.525 0.4170 0.7132
1R7W 974 2.673 0.3938 0.6912
1R7W 975 2.701 0.4008 0.7059
1R7W 976 2.689 0.4012 0.6912
1R7W 977 2.468 0.4154 0.7059
1R7W 978 2.575 0.4258 0.7132
1R7W 979 2.737 0.3919 0.6838
1R7W 980 2.732 0.3803 0.6912
1R7W 981 2.647 0.3988 0.6985
1R7W 982 2.504 0.4159 0.7059
1R7W 983 2.414 0.4441 0.7206
1R7W 984 2.959 0.3681 0.6765
1R7W 985 2.578 0.4096 0.6985
1R7W 986 2.807 0.3783 0.6765
1R7W 987 2.645 0.4412 0.7132
1R7W 988 2.517 0.4358 0.7059
1R7W 989 2.533 0.4173 0.6985
1R7W 990 2.358 0.4494 0.7279
1R7W 991 2.642 0.3999 0.6985
1R7W 992 2.661 0.3947 0.6912
1R7W 993 2.659 0.3973 0.6912
1R7W 994 2.570 0.4124 0.6912
1R7W 995 2.383 0.4239 0.7206
1R7W 996 2.627 0.4051 0.6985
1R7W 997 2.599 0.4008 0.7132
1R7W 998 2.756 0.3938 0.7132
1R7W 999 2.635 0.3888 0.7059
1R7W 1000 2.434 0.4159 0.7059
1R7W 1001 2.299 0.4514 0.7206
1R7W 1002 2.474 0.4133 0.7132
1R7W 1003 2.708 0.3862 0.6985
1R7W 1004 2.566 0.3963 0.6985
1R7W 1005 2.594 0.4183 0.7059
1R7W 1006 2.829 0.3747 0.6691
1R7W 1007 2.766 0.4040 0.6912
1R7W 1008 2.911 0.3669 0.6544
1R7W 1009 2.669 0.3941 0.6765
1R7W 1010 2.669 0.3901 0.6912
1R7W 1011 2.821 0.3856 0.6544
1R7W 1012 2.470 0.4081 0.6985
1R7W 1013 2.522 0.4213 0.6985
1R7W 1014 2.646 0.4234 0.6912
1R7W 1015 2.569 0.4045 0.7059
1R7W 1016 2.637 0.3839 0.6838
1R7W 1017 2.855 0.3880 0.6691
1R7W 1018 2.776 0.3955 0.6838
1R7W 1019 2.484 0.4199 0.7132
1R7W 1020 2.516 0.4122 0.7059
1R7W 1021 2.520 0.4169 0.7059
1R7W 1022 2.537 0.4063 0.7059
1R7W 1023 2.333 0.4335 0.7353
1R7W 1024 2.359 0.4184 0.7059
1R7W 1025 2.130 0.4630 0.7353
1R7W 1026 2.279 0.4423 0.7353
1R7W 1027 2.514 0.4334 0.7206
1R7W 1028 2.326 0.4436 0.7279
1R7W 1029 2.114 0.4577 0.7426
1R7W 1030 2.326 0.4693 0.7279
1R7W 1031 2.389 0.4386 0.7132
1R7W 1032 2.152 0.4680 0.7500
1R7W 1033 2.260 0.4555 0.7279
1R7W 1034 2.519 0.4252 0.6985
1R7W 1035 2.127 0.4717 0.7426
1R7W 1036 2.237 0.4552 0.7353
1R7W 1037 2.276 0.4373 0.7353
1R7W 1038 2.157 0.4457 0.7426
1R7W 1039 2.222 0.4629 0.7426
1R7W 1040 2.077 0.4616 0.7353
1R7W 1041 2.151 0.4912 0.7500
1R7W 1042 2.148 0.4499 0.7574
1R7W 1043 2.458 0.4523 0.7426
1R7W 1044 2.127 0.5168 0.7794
1R7W 1045 1.837 0.5123 0.7941
1R7W 1046 2.348 0.4717 0.7574
1R7W 1047 1.913 0.5179 0.7868
1R7W 1048 1.922 0.5153 0.7794
1R7W 1049 2.130 0.4826 0.7500
1R7W 1050 1.939 0.4951 0.7647
1R7W 1051 2.142 0.4475 0.7574
1R7W 1052 2.211 0.4392 0.7353
1R7W 1053 2.190 0.4400 0.7426
1R7W 1054 2.087 0.4743 0.7721
1R7W 1055 1.943 0.4858 0.7647
1R7W 1056 2.041 0.4497 0.7500
1R7W 1057 2.088 0.5315 0.7868
1R7W 1058 2.309 0.4884 0.7500
1R7W 1059 2.221 0.4799 0.7647
1R7W 1060 2.183 0.4734 0.7426
1R7W 1061 1.970 0.5264 0.7868
1R7W 1062 2.308 0.4738 0.7500
1R7W 1063 1.989 0.5228 0.7721
1R7W 1064 1.989 0.5070 0.7647
1R7W 1065 2.335 0.5044 0.7647
1R7W 1066 2.336 0.4970 0.7500
1R7W 1067 2.049 0.5322 0.7868
1R7W 1068 1.931 0.4920 0.7500
1R7W 1069 2.048 0.4977 0.7647
1R7W 1070 2.164 0.4715 0.7500
1R7W 1071 1.765 0.5138 0.7868
1R7W 1072 2.201 0.4269 0.7059
1R7W 1073 2.006 0.4481 0.7353
1R7W 1074 1.796 0.5251 0.7941
1R7W 1075 2.103 0.4719 0.7426
1R7W 1076 2.079 0.4616 0.7426
1R7W 1077 2.318 0.4399 0.7279
1R7W 1078 2.241 0.4376 0.7279
1R7W 1079 2.329 0.4442 0.7279
1R7W 1080 1.964 0.4675 0.7574
1R7W 1081 2.094 0.4477 0.7426
1R7W 1082 2.160 0.4224 0.7132
1R7W 1083 2.275 0.4375 0.7279
1R7W 1084 2.353 0.4341 0.7279
1R7W 1085 2.210 0.4332 0.7426
1R7W 1086 2.292 0.4306 0.7353
1R7W 1087 2.431 0.4090 0.7279
1R7W 1088 2.531 0.4366 0.7206
1R7W 1089 2.225 0.4579 0.7279
1R7W 1090 2.594 0.3846 0.6985
1R7W 1091 2.366 0.4476 0.7353
1R7W 1092 2.302 0.4072 0.7059
1R7W 1093 2.281 0.4071 0.7132
1R7W 1094 2.427 0.4221 0.7279
1R7W 1095 2.653 0.3832 0.7059
1R7W 1096 2.289 0.4218 0.7132
1R7W 1097 2.197 0.4165 0.7574
1R7W 1098 2.553 0.3961 0.7132
1R7W 1099 2.819 0.3697 0.6691
1R7W 1100 2.521 0.4020 0.7132
1R7W 1101 2.916 0.3963 0.6838
1R7W 1102 2.468 0.3902 0.7206
1R7W 1103 2.288 0.4150 0.7426
1R7W 1104 2.716 0.3968 0.6912
1R7W 1105 2.708 0.3769 0.6985
1R7W 1106 2.406 0.3937 0.6985
1R7W 1107 2.268 0.3881 0.6985
1R7W 1108 2.125 0.4021 0.7206
1R7W 1109 2.237 0.4071 0.7132
1R7W 1110 2.355 0.4171 0.7059
1R7W 1111 2.277 0.3882 0.7206
1R7W 1112 2.197 0.4132 0.7279
1R7W 1113 2.151 0.4281 0.7500
1R7W 1114 2.076 0.4649 0.7500
1R7W 1115 2.071 0.4111 0.7206
1R7W 1116 2.203 0.3970 0.7132
1R7W 1117 2.097 0.4263 0.7574
1R7W 1118 2.331 0.3984 0.7059
1R7W 1119 2.481 0.3899 0.6912
1R7W 1120 2.162 0.4708 0.7426
1R7W 1121 2.598 0.3853 0.6912
1R7W 1122 2.357 0.3895 0.7132
1R7W 1123 2.398 0.4023 0.7206
1R7W 1124 2.838 0.3538 0.6691
1R7W 1125 2.328 0.4026 0.7206
1R7W 1126 2.482 0.3968 0.6912
1R7W 1127 2.338 0.4007 0.7059
1R7W 1128 2.301 0.4133 0.7206
1R7W 1129 2.354 0.3972 0.7206
1R7W 1130 2.133 0.4240 0.7206
1R7W 1131 2.312 0.3872 0.7206
1R7W 1132 2.392 0.4013 0.7132
1R7W 1133 2.295 0.4051 0.7059
1R7W 1134 2.206 0.4186 0.7206
1R7W 1135 2.316 0.4125 0.7353
1R7W 1136 2.052 0.4345 0.7279
1R7W 1137 2.018 0.4161 0.7279
1R7W 1138 1.945 0.4598 0.7868
1R7W 1139 1.840 0.4665 0.7574
1R7W 1140 2.200 0.4206 0.7059
1R7W 1141 2.370 0.4234 0.7279
1R7W 1142 2.428 0.4166 0.7353
1R7W 1143 2.402 0.4133 0.7353
1R7W 1144 2.531 0.3855 0.7059
1R7W 1145 2.260 0.4024 0.7132
1R7W 1146 2.311 0.3971 0.7132
1R7W 1147 2.423 0.3952 0.7132
1R7W 1148 2.284 0.3895 0.7279
1R7W 1149 2.099 0.4317 0.7353
1R7W 1150 2.573 0.3941 0.6985
1R7W 1151 2.185 0.4140 0.7132
1R7W 1152 2.157 0.4050 0.7206
1R7W 1153 2.130 0.4075 0.7206
1R7W 1154 2.164 0.4277 0.7206
1R7W 1155 2.311 0.3835 0.6985
1R7W 1156 2.205 0.4430 0.7279
1R7W 1157 2.383 0.3887 0.7132
1R7W 1158 2.367 0.3824 0.7132
1R7W 1159 2.108 0.4605 0.7206
1R7W 1160 2.449 0.3789 0.7059
1R7W 1161 2.142 0.4346 0.7132
1R7W 1162 2.466 0.3693 0.6985
1R7W 1163 2.328 0.3876 0.7206
1R7W 1164 1.954 0.4750 0.7500
1R7W 1165 2.375 0.4188 0.6985
1R7W 1166 2.354 0.4088 0.7279
1R7W 1167 2.582 0.3866 0.7059
1R7W 1168 2.703 0.3831 0.6838
1R7W 1169 2.206 0.4276 0.7574
1R7W 1170 2.454 0.3698 0.7206
1R7W 1171 2.036 0.4407 0.7426
1R7W 1172 2.444 0.3835 0.6985
1R7W 1173 2.549 0.3848 0.6985
1R7W 1174 2.172 0.4195 0.7206
1R7W 1175 2.490 0.3830 0.7132
1R7W 1176 2.421 0.3868 0.7059
1R7W 1177 2.377 0.4181 0.7426
1R7W 1178 2.534 0.3735 0.6838
1R7W 1179 2.455 0.3887 0.7059
1R7W 1180 2.538 0.4151 0.6912
1R7W 1181 2.229 0.4155 0.7279
1R7W 1182 2.113 0.4613 0.7353
1R7W 1183 1.912 0.4972 0.7574
1R7W 1184 1.907 0.4612 0.7647
1R7W 1185 2.338 0.3976 0.7206
1R7W 1186 2.230 0.4239 0.7426
1R7W 1187 2.259 0.4129 0.7132
1R7W 1188 2.326 0.4377 0.7206
1R7W 1189 2.356 0.4774 0.7353
1R7W 1190 2.676 0.4161 0.6985
1R7W 1191 2.669 0.4056 0.7059
1R7W 1192 2.228 0.4454 0.7500
1R7W 1193 2.247 0.4290 0.7353
1R7W 1194 2.415 0.4340 0.7279
1R7W 1195 2.371 0.4178 0.7206
1R7W 1196 2.004 0.5031 0.7721
1R7W 1197 2.533 0.4498 0.7132
1R7W 1198 2.656 0.3837 0.6765
1R7W 1199 2.351 0.4646 0.7206
1R7W 1200 2.568 0.4210 0.6912
1R7W 1201 2.439 0.3992 0.7059
1R7W 1202 2.266 0.4556 0.7426
1R7W 1203 2.150 0.5364 0.7721
1R7W 1204 2.211 0.4894 0.7500
1R7W 1205 2.374 0.4911 0.7500
1R7W 1206 2.250 0.5238 0.7647
1R7W 1207 2.249 0.5110 0.7721
1R7W 1208 2.421 0.4810 0.7132
1R7W 1209 2.394 0.4869 0.7279
1R7W 1210 2.306 0.5195 0.7721
1R7W 1211 2.302 0.4901 0.7721
1R7W 1212 2.607 0.4908 0.7279
1R7W 1213 2.516 0.4462 0.7353
1R7W 1214 2.300 0.4877 0.7500
1R7W 1215 2.544 0.4787 0.7206
1R7W 1216 2.289 0.5275 0.7647
1R7W 1217 2.473 0.4632 0.7132
1R7W 1218 2.443 0.4777 0.7206
1R7W 1219 2.560 0.4222 0.6912
1R7W 1220 2.572 0.4949 0.7426
1R7W 1221 2.451 0.4892 0.7426
1R7W 1222 2.730 0.4122 0.6985
1R7W 1223 2.509 0.4568 0.7279
1R7W 1224 2.352 0.4046 0.7206
1R7W 1225 2.368 0.4159 0.7132
1R7W 1226 2.256 0.4536 0.7279
1R7W 1227 2.587 0.4204 0.6912
1R7W 1228 2.709 0.4302 0.7059
1R7W 1229 2.975 0.3977 0.6912
1R7W 1230 2.530 0.4434 0.7353
1R7W 1231 2.756 0.4407 0.7206
1R7W 1232 2.619 0.4558 0.7279
1R7W 1233 2.576 0.4332 0.7132
1R7W 1234 2.347 0.4773 0.7353
1R7W 1235 2.756 0.3765 0.6618
1R7W 1236 2.774 0.4074 0.6985
1R7W 1237 2.576 0.4840 0.7279
1R7W 1238 2.538 0.4009 0.6838
1R7W 1239 2.899 0.3792 0.6691
1R7W 1240 2.812 0.4091 0.6985
1R7W 1241 2.628 0.4390 0.7132
1R7W 1242 2.360 0.4836 0.7353
1R7W 1243 2.649 0.4458 0.7059
1R7W 1244 2.610 0.4306 0.6985
1R7W 1245 2.800 0.4096 0.6912
1R7W 1246 2.245 0.4974 0.7353
1R7W 1247 2.329 0.4455 0.7426
1R7W 1248 2.298 0.4770 0.7426
1R7W 1249 2.536 0.4365 0.6985
1R7W 1250 2.459 0.4402 0.7206
1R7W 1251 2.601 0.4334 0.7206
1R7W 1252 2.370 0.4434 0.7132
1R7W 1253 2.595 0.4267 0.7132
1R7W 1254 2.677 0.4346 0.7059
1R7W 1255 2.330 0.5038 0.7647
1R7W 1256 2.404 0.4194 0.7206
1R7W 1257 2.588 0.3889 0.6985
1R7W 1258 2.556 0.4129 0.7279
1R7W 1259 2.180 0.4504 0.7279
1R7W 1260 2.081 0.4863 0.7426
