2N7X 1 0.000 1.0000 1.0000
2N7X 2 1.152 0.4763 0.9239
2N7X 3 0.860 0.5235 0.9565
2N7X 4 0.781 0.5459 0.9674
2N7X 5 0.961 0.5365 0.9348
2N7X 6 1.093 0.5221 0.9239
2N7X 7 1.325 0.5083 0.9130
2N7X 8 1.522 0.4661 0.8696
2N7X 9 1.252 0.5798 0.9130
2N7X 10 1.318 0.4392 0.9130
2N7X 11 1.387 0.5349 0.9022
2N7X 12 0.974 0.4970 0.9239
2N7X 13 1.372 0.4631 0.8696
2N7X 14 2.552 0.3773 0.7500
2N7X 15 3.130 0.4222 0.7391
2N7X 16 0.956 0.5775 0.9457
2N7X 17 0.576 0.6974 0.9783
2N7X 18 2.294 0.3297 0.7826
2N7X 19 1.688 0.4760 0.8587
2N7X 20 1.025 0.5364 0.9348
2N7X 21 14.452 0.1565 0.3696
2N7X 22 8.868 0.1345 0.4022
2N7X 23 8.228 0.1705 0.4783
2N7X 24 7.464 0.1878 0.5109
2N7X 25 9.922 0.1708 0.4783
2N7X 26 9.295 0.1959 0.4348
2N7X 27 4.259 0.1982 0.6196
2N7X 28 5.435 0.1949 0.5543
2N7X 29 8.069 0.2168 0.5109
2N7X 30 8.979 0.2569 0.5761
2N7X 31 9.336 0.2287 0.5000
2N7X 32 10.600 0.1767 0.4348
2N7X 33 7.603 0.1323 0.3913
2N7X 34 8.117 0.2371 0.5217
2N7X 35 3.084 0.1918 0.6522
2N7X 36 5.275 0.2177 0.5652
2N7X 37 5.610 0.2592 0.6196
2N7X 38 5.471 0.1977 0.5761
2N7X 39 10.849 0.1925 0.4239
2N7X 40 8.613 0.1218 0.3696
2N7X 41 9.367 0.2092 0.4457
2N7X 42 3.916 0.2234 0.6522
2N7X 43 12.108 0.1558 0.4022
2N7X 44 5.957 0.2026 0.5761
2N7X 45 4.262 0.1911 0.5870
2N7X 46 5.058 0.2168 0.6413
2N7X 47 6.514 0.1855 0.5109
2N7X 48 3.591 0.1978 0.6087
2N7X 49 3.777 0.1884 0.6522
2N7X 50 3.467 0.1961 0.6087
2N7X 51 7.196 0.1953 0.5326
2N7X 52 5.796 0.1551 0.5435
2N7X 53 5.000 0.1887 0.5761
2N7X 54 2.763 0.2551 0.7391
2N7X 55 3.579 0.2971 0.6739
2N7X 56 9.992 0.1831 0.5000
2N7X 57 4.321 0.2103 0.5978
2N7X 58 2.917 0.2526 0.7065
2N7X 59 3.880 0.2583 0.6522
2N7X 60 4.362 0.2574 0.6304
2N7X 61 10.160 0.1320 0.3804
2N7X 62 9.732 0.1682 0.3913
2N7X 63 9.958 0.1517 0.4239
2N7X 64 11.933 0.1170 0.2935
2N7X 65 4.188 0.1253 0.5326
2N7X 66 9.178 0.1715 0.4783
2N7X 67 12.898 0.1682 0.4130
2N7X 68 4.789 0.2694 0.6630
2N7X 69 9.563 0.1140 0.4022
2N7X 70 9.269 0.1214 0.3478
2N7X 71 9.058 0.1510 0.4674
2N7X 72 11.042 0.1415 0.3696
2N7X 73 8.705 0.1856 0.4565
2N7X 74 5.784 0.2471 0.5543
2N7X 75 5.963 0.1907 0.5543
2N7X 76 10.578 0.2024 0.4783
2N7X 77 10.338 0.2247 0.4457
2N7X 78 11.815 0.2311 0.4348
2N7X 79 3.593 0.2520 0.6848
2N7X 80 4.160 0.2591 0.6739
2N7X 81 11.121 0.1378 0.3804
2N7X 82 6.298 0.1781 0.5326
2N7X 83 5.898 0.1673 0.5543
2N7X 84 5.801 0.2260 0.5435
2N7X 85 6.769 0.2238 0.5326
2N7X 86 8.365 0.1930 0.4565
2N7X 87 5.755 0.1940 0.5543
2N7X 88 4.145 0.1877 0.5870
2N7X 89 5.142 0.1852 0.5435
2N7X 90 5.943 0.1601 0.5109
2N7X 91 4.425 0.2053 0.6087
2N7X 92 5.727 0.1743 0.5435
2N7X 93 6.968 0.2268 0.5217
2N7X 94 5.634 0.1897 0.5652
2N7X 95 4.680 0.1915 0.6087
2N7X 96 3.871 0.2301 0.6957
2N7X 97 3.814 0.2052 0.5978
2N7X 98 5.204 0.1986 0.5870
2N7X 99 2.944 0.2030 0.6630
2N7X 100 3.276 0.2020 0.6413
2N7X 101 7.265 0.1964 0.5109
2N7X 102 4.357 0.1763 0.5870
2N7X 103 9.415 0.1461 0.3804
2N7X 104 11.412 0.1181 0.3261
2N7X 105 11.793 0.1519 0.3478
2N7X 106 12.183 0.1304 0.3370
2N7X 107 10.253 0.1371 0.3587
2N7X 108 8.012 0.1732 0.4891
2N7X 109 7.018 0.2067 0.5326
2N7X 110 9.109 0.2686 0.4891
2N7X 111 5.606 0.2149 0.5543
2N7X 112 11.090 0.1064 0.3370
2N7X 113 10.909 0.1820 0.3696
2N7X 114 9.555 0.1896 0.4674
2N7X 115 8.177 0.1452 0.4674
2N7X 116 8.933 0.1782 0.4348
2N7X 117 8.084 0.1625 0.4674
2N7X 118 8.321 0.2293 0.5543
2N7X 119 6.222 0.1545 0.5000
2N7X 120 4.531 0.2068 0.6087
2N7X 121 8.065 0.2426 0.5109
2N7X 122 6.179 0.1532 0.4783
2N7X 123 8.940 0.2140 0.5543
2N7X 124 6.385 0.1948 0.5217
2N7X 125 4.299 0.1735 0.5870
2N7X 126 5.573 0.2138 0.5652
2N7X 127 7.845 0.1663 0.4565
2N7X 128 10.399 0.1366 0.4130
2N7X 129 4.053 0.2088 0.6304
2N7X 130 5.479 0.1757 0.5217
2N7X 131 6.024 0.2152 0.5543
2N7X 132 3.945 0.2260 0.6196
2N7X 133 3.805 0.2349 0.6413
2N7X 134 4.510 0.2185 0.6087
2N7X 135 8.133 0.2780 0.5652
2N7X 136 3.294 0.2506 0.6848
2N7X 137 2.376 0.2007 0.7065
2N7X 138 2.711 0.2463 0.7174
2N7X 139 4.157 0.2074 0.6087
2N7X 140 3.738 0.1884 0.5978
2N7X 141 11.637 0.1248 0.3261
2N7X 142 8.456 0.1323 0.3913
2N7X 143 7.754 0.1552 0.4457
2N7X 144 7.949 0.1385 0.4022
2N7X 145 11.676 0.1162 0.3696
2N7X 146 10.873 0.1102 0.3370
2N7X 147 6.243 0.1756 0.4783
2N7X 148 9.052 0.1236 0.4348
2N7X 149 9.662 0.2601 0.5326
2N7X 150 11.031 0.1682 0.4565
2N7X 151 6.770 0.1962 0.5435
2N7X 152 11.994 0.1371 0.4130
2N7X 153 6.183 0.1909 0.5326
2N7X 154 7.032 0.1724 0.4891
2N7X 155 8.443 0.2516 0.5109
2N7X 156 10.415 0.1465 0.4022
2N7X 157 9.135 0.1630 0.4348
2N7X 158 10.508 0.1024 0.4239
2N7X 159 6.358 0.1736 0.5761
2N7X 160 6.368 0.2367 0.6196
2N7X 161 5.366 0.1584 0.5978
2N7X 162 8.959 0.2672 0.4783
2N7X 163 3.016 0.1889 0.6522
2N7X 164 8.764 0.2016 0.4783
2N7X 165 8.923 0.2049 0.5326
2N7X 166 4.617 0.1896 0.5652
2N7X 167 5.810 0.1533 0.5326
2N7X 168 9.614 0.1857 0.5435
2N7X 169 7.733 0.1708 0.5109
2N7X 170 3.719 0.1925 0.6304
2N7X 171 7.486 0.1579 0.4783
2N7X 172 8.075 0.1400 0.4565
2N7X 173 5.760 0.2079 0.5326
2N7X 174 5.178 0.2186 0.6522
2N7X 175 5.805 0.2039 0.5978
2N7X 176 9.990 0.1765 0.4565
2N7X 177 9.554 0.1792 0.4783
2N7X 178 4.845 0.1908 0.6087
2N7X 179 5.551 0.2154 0.5870
2N7X 180 9.387 0.1655 0.4891
2N7X 181 8.623 0.0912 0.3261
2N7X 182 6.040 0.2375 0.5761
2N7X 183 11.537 0.2343 0.4457
2N7X 184 8.814 0.0896 0.3696
2N7X 185 13.770 0.1315 0.4022
2N7X 186 10.290 0.1908 0.4891
2N7X 187 7.282 0.1224 0.4457
2N7X 188 10.989 0.2081 0.4022
2N7X 189 9.987 0.1489 0.4674
2N7X 190 13.436 0.1560 0.4022
2N7X 191 5.692 0.2842 0.6413
2N7X 192 7.520 0.1773 0.5217
2N7X 193 4.638 0.1899 0.6304
2N7X 194 8.953 0.2272 0.5326
2N7X 195 8.415 0.1243 0.4457
2N7X 196 7.560 0.2591 0.5652
2N7X 197 9.487 0.1188 0.4022
2N7X 198 4.156 0.2014 0.6196
2N7X 199 6.042 0.2663 0.6196
2N7X 200 9.172 0.1301 0.4022
2N7X 201 2.811 0.2358 0.7283
2N7X 202 7.910 0.1636 0.5109
2N7X 203 12.055 0.1753 0.4022
2N7X 204 2.982 0.2325 0.6848
2N7X 205 8.037 0.1268 0.4130
2N7X 206 9.972 0.2248 0.5217
2N7X 207 9.186 0.1269 0.3587
2N7X 208 4.730 0.1896 0.6087
2N7X 209 5.350 0.2026 0.5652
2N7X 210 4.570 0.2141 0.6304
2N7X 211 9.317 0.2748 0.5435
2N7X 212 8.626 0.1690 0.4565
2N7X 213 5.623 0.2331 0.5870
2N7X 214 6.835 0.1987 0.5652
2N7X 215 4.586 0.1895 0.5978
2N7X 216 3.547 0.2145 0.6413
2N7X 217 9.594 0.2227 0.5000
2N7X 218 7.540 0.1765 0.5000
2N7X 219 2.923 0.2077 0.6957
2N7X 220 5.625 0.1763 0.5870
2N7X 221 4.841 0.2194 0.5543
2N7X 222 6.843 0.1385 0.4891
2N7X 223 9.091 0.1628 0.4674
2N7X 224 12.923 0.0928 0.3370
2N7X 225 9.415 0.1518 0.4130
2N7X 226 12.043 0.2144 0.4130
2N7X 227 9.701 0.1500 0.3804
2N7X 228 5.188 0.2276 0.6087
2N7X 229 6.741 0.2394 0.5326
2N7X 230 11.039 0.1189 0.3804
2N7X 231 10.503 0.1508 0.4457
2N7X 232 10.284 0.1651 0.3913
2N7X 233 9.010 0.1559 0.4457
2N7X 234 10.419 0.2116 0.4565
2N7X 235 5.478 0.1853 0.5435
2N7X 236 6.770 0.1984 0.5109
2N7X 237 6.730 0.1724 0.5217
2N7X 238 10.580 0.1081 0.3696
2N7X 239 6.342 0.1851 0.5435
2N7X 240 8.252 0.1852 0.5000
2N7X 241 5.411 0.1704 0.5326
2N7X 242 5.007 0.2274 0.6087
2N7X 243 10.399 0.1255 0.3696
2N7X 244 8.904 0.1195 0.4239
2N7X 245 4.854 0.1857 0.5652
2N7X 246 5.727 0.2405 0.5978
2N7X 247 4.552 0.1970 0.5761
2N7X 248 7.354 0.2074 0.5543
2N7X 249 4.724 0.1834 0.5543
2N7X 250 7.316 0.1684 0.5109
2N7X 251 6.960 0.1756 0.5326
2N7X 252 6.408 0.1841 0.5435
2N7X 253 11.185 0.1360 0.4239
2N7X 254 4.745 0.2611 0.6087
2N7X 255 5.594 0.1761 0.5761
2N7X 256 4.951 0.3098 0.6304
2N7X 257 3.513 0.2072 0.6304
2N7X 258 5.005 0.1752 0.5543
2N7X 259 6.398 0.1856 0.5326
2N7X 260 4.679 0.2017 0.5978
2N7X 261 11.202 0.1837 0.4239
2N7X 262 13.363 0.1148 0.2935
2N7X 263 7.418 0.2311 0.4565
2N7X 264 12.171 0.1467 0.3478
2N7X 265 9.874 0.1487 0.3478
2N7X 266 6.717 0.2881 0.5652
2N7X 267 9.658 0.2459 0.4891
2N7X 268 9.243 0.1436 0.3696
2N7X 269 11.036 0.1953 0.4130
2N7X 270 6.802 0.1844 0.5326
2N7X 271 9.046 0.1447 0.4457
2N7X 272 10.553 0.1429 0.4239
2N7X 273 5.903 0.1512 0.4783
2N7X 274 8.096 0.1560 0.3696
2N7X 275 5.327 0.2192 0.6087
2N7X 276 8.660 0.2191 0.4783
2N7X 277 10.540 0.1407 0.3804
2N7X 278 6.256 0.1511 0.5109
2N7X 279 4.198 0.1532 0.5652
2N7X 280 7.898 0.1933 0.5109
2N7X 281 4.144 0.2108 0.5978
2N7X 282 9.211 0.2056 0.5000
2N7X 283 9.892 0.1766 0.4783
2N7X 284 5.835 0.1955 0.5543
2N7X 285 4.952 0.2591 0.5870
2N7X 286 4.226 0.1928 0.5978
2N7X 287 4.719 0.2352 0.5978
2N7X 288 8.139 0.1927 0.5000
2N7X 289 8.675 0.1456 0.4891
2N7X 290 11.548 0.2235 0.5217
2N7X 291 6.864 0.1788 0.5109
2N7X 292 7.175 0.1952 0.5326
2N7X 293 4.639 0.2303 0.6413
2N7X 294 3.359 0.2222 0.6848
2N7X 295 5.467 0.1913 0.5652
2N7X 296 4.857 0.1887 0.5652
2N7X 297 5.408 0.1903 0.6087
2N7X 298 4.946 0.2051 0.6087
2N7X 299 3.866 0.1914 0.6087
2N7X 300 3.778 0.2046 0.6413
2N7X 301 10.449 0.1741 0.4565
2N7X 302 10.392 0.0866 0.2826
2N7X 303 12.259 0.1390 0.3696
2N7X 304 8.282 0.1639 0.5326
2N7X 305 8.491 0.1361 0.4348
2N7X 306 9.955 0.1338 0.3261
2N7X 307 9.409 0.1635 0.4130
2N7X 308 9.632 0.1298 0.4022
2N7X 309 9.291 0.2560 0.5435
2N7X 310 4.362 0.2307 0.6413
2N7X 311 5.591 0.1487 0.5109
2N7X 312 9.260 0.1646 0.4239
2N7X 313 10.082 0.1619 0.3587
2N7X 314 7.974 0.2254 0.5109
2N7X 315 10.565 0.1399 0.4565
2N7X 316 7.550 0.1928 0.5217
2N7X 317 8.557 0.2087 0.5435
2N7X 318 6.720 0.1806 0.5761
2N7X 319 5.939 0.1557 0.5109
2N7X 320 8.173 0.1759 0.5000
2N7X 321 8.319 0.2280 0.5217
2N7X 322 7.733 0.2309 0.4783
2N7X 323 6.627 0.2376 0.4891
2N7X 324 3.868 0.2270 0.6196
2N7X 325 5.711 0.1862 0.5652
2N7X 326 5.425 0.2059 0.5435
2N7X 327 3.983 0.1909 0.6087
2N7X 328 7.861 0.2146 0.4674
2N7X 329 7.334 0.1630 0.4674
2N7X 330 9.610 0.1641 0.4674
2N7X 331 7.079 0.1693 0.4783
2N7X 332 7.748 0.1785 0.4783
2N7X 333 6.586 0.1593 0.5217
2N7X 334 7.045 0.1776 0.5217
2N7X 335 5.952 0.2567 0.6304
2N7X 336 10.286 0.1896 0.4891
2N7X 337 8.942 0.2081 0.5109
2N7X 338 4.188 0.1857 0.5652
2N7X 339 7.857 0.1884 0.5000
2N7X 340 7.252 0.1900 0.5109
2N7X 341 13.491 0.1349 0.3478
2N7X 342 9.963 0.2182 0.5326
2N7X 343 10.440 0.1286 0.3478
2N7X 344 8.660 0.1766 0.4891
2N7X 345 9.261 0.1606 0.3804
2N7X 346 8.470 0.1983 0.5000
2N7X 347 8.384 0.1358 0.4239
2N7X 348 7.115 0.2218 0.5761
2N7X 349 5.716 0.2388 0.5109
2N7X 350 7.911 0.2261 0.5109
2N7X 351 9.681 0.1658 0.4348
2N7X 352 9.162 0.1395 0.4130
2N7X 353 9.995 0.1193 0.3913
2N7X 354 11.248 0.1690 0.4457
2N7X 355 5.112 0.1911 0.5870
2N7X 356 8.422 0.1554 0.4783
2N7X 357 8.595 0.2146 0.4783
2N7X 358 9.416 0.1072 0.3913
2N7X 359 1.642 0.2956 0.8261
2N7X 360 4.563 0.2630 0.6848
2N7X 361 5.986 0.1963 0.5543
2N7X 362 5.029 0.1818 0.5326
2N7X 363 9.531 0.1482 0.4022
2N7X 364 3.567 0.2217 0.6630
2N7X 365 8.634 0.1997 0.5217
2N7X 366 4.943 0.2151 0.6087
2N7X 367 9.252 0.1846 0.4239
2N7X 368 4.666 0.2064 0.5870
2N7X 369 4.896 0.2017 0.5870
2N7X 370 10.636 0.1416 0.4783
2N7X 371 3.456 0.2534 0.6413
2N7X 372 2.528 0.1995 0.7174
2N7X 373 3.424 0.2513 0.6957
2N7X 374 5.795 0.1839 0.5652
2N7X 375 4.027 0.2080 0.6196
2N7X 376 4.677 0.2555 0.6522
2N7X 377 3.620 0.2201 0.6413
2N7X 378 3.584 0.1927 0.6304
2N7X 379 3.511 0.1994 0.6087
2N7X 380 3.845 0.1970 0.6196
2N7X 381 1.184 0.3605 0.8913
2N7X 382 1.328 0.3698 0.8696
2N7X 383 1.443 0.3470 0.8696
2N7X 384 1.460 0.3486 0.8587
2N7X 385 1.331 0.3595 0.8696
2N7X 386 1.325 0.3760 0.8804
2N7X 387 1.305 0.3570 0.8696
2N7X 388 1.300 0.3674 0.8696
2N7X 389 1.319 0.3628 0.8696
2N7X 390 1.298 0.3588 0.8696
2N7X 391 1.315 0.3579 0.8696
2N7X 392 1.299 0.3598 0.8696
2N7X 393 1.303 0.3627 0.8696
2N7X 394 1.314 0.3533 0.8696
2N7X 395 1.299 0.3660 0.8696
2N7X 396 1.310 0.3592 0.8696
2N7X 397 1.309 0.3544 0.8696
2N7X 398 1.311 0.3566 0.8696
2N7X 399 1.311 0.3575 0.8696
2N7X 400 1.310 0.3606 0.8696
2N7X 401 1.309 0.3666 0.8696
2N7X 402 1.302 0.3598 0.8696
2N7X 403 1.301 0.3575 0.8696
2N7X 404 1.306 0.3667 0.8696
2N7X 405 1.309 0.3627 0.8696
2N7X 406 1.303 0.3724 0.8696
2N7X 407 1.310 0.3743 0.8804
2N7X 408 1.296 0.3613 0.8696
2N7X 409 1.316 0.3630 0.8696
2N7X 410 1.307 0.3612 0.8696
2N7X 411 1.314 0.3624 0.8804
2N7X 412 1.314 0.3604 0.8696
2N7X 413 1.300 0.3710 0.8696
2N7X 414 1.311 0.3675 0.8696
2N7X 415 1.304 0.3597 0.8696
2N7X 416 1.295 0.3640 0.8696
2N7X 417 1.305 0.3712 0.8696
2N7X 418 1.298 0.3694 0.8696
2N7X 419 1.312 0.3609 0.8696
2N7X 420 1.312 0.3644 0.8696
2N7X 421 1.321 0.3650 0.8804
2N7X 422 1.308 0.3709 0.8804
2N7X 423 1.276 0.3689 0.8804
2N7X 424 1.315 0.3718 0.8804
2N7X 425 1.270 0.3846 0.8804
2N7X 426 1.300 0.3720 0.8913
2N7X 427 1.282 0.3795 0.8913
2N7X 428 1.292 0.3879 0.8804
2N7X 429 1.303 0.3889 0.8913
2N7X 430 1.314 0.3964 0.8804
2N7X 431 1.336 0.4017 0.8804
2N7X 432 1.346 0.3832 0.8804
2N7X 433 1.370 0.3775 0.8804
2N7X 434 1.335 0.3989 0.8696
2N7X 435 1.375 0.3809 0.8913
2N7X 436 1.340 0.3821 0.8696
2N7X 437 1.365 0.3712 0.8804
2N7X 438 1.332 0.3939 0.8804
2N7X 439 1.358 0.3906 0.8804
2N7X 440 1.373 0.3908 0.8913
2N7X 441 1.373 0.3786 0.8804
2N7X 442 1.371 0.3751 0.8804
2N7X 443 1.405 0.3775 0.8804
2N7X 444 1.441 0.3602 0.8587
2N7X 445 1.388 0.3897 0.8804
2N7X 446 1.441 0.3595 0.8696
2N7X 447 1.472 0.3589 0.8696
2N7X 448 1.424 0.3534 0.8804
2N7X 449 1.494 0.3462 0.8478
2N7X 450 1.428 0.3545 0.8696
2N7X 451 1.436 0.3840 0.8804
2N7X 452 1.386 0.3871 0.8913
2N7X 453 1.447 0.3573 0.8587
2N7X 454 1.461 0.3679 0.8478
2N7X 455 1.465 0.3592 0.8587
2N7X 456 1.429 0.3576 0.8804
2N7X 457 1.455 0.3667 0.8804
2N7X 458 1.417 0.3603 0.8804
2N7X 459 1.435 0.3559 0.8696
2N7X 460 1.548 0.3558 0.8587
2N7X 461 1.489 0.3593 0.8587
2N7X 462 1.518 0.3527 0.8478
2N7X 463 1.502 0.3522 0.8478
2N7X 464 1.443 0.3564 0.8804
2N7X 465 1.474 0.3599 0.8478
2N7X 466 1.492 0.3566 0.8587
2N7X 467 1.510 0.3537 0.8478
2N7X 468 1.559 0.3450 0.8370
2N7X 469 1.594 0.3399 0.8370
2N7X 470 1.715 0.3056 0.8043
2N7X 471 1.673 0.3081 0.8261
2N7X 472 1.791 0.2889 0.8043
2N7X 473 1.853 0.2711 0.7935
2N7X 474 1.837 0.2609 0.7717
2N7X 475 1.853 0.2580 0.7826
2N7X 476 1.792 0.2736 0.7826
2N7X 477 1.772 0.2824 0.7935
2N7X 478 1.823 0.2656 0.7826
2N7X 479 1.841 0.2727 0.7935
2N7X 480 1.851 0.2751 0.8043
2N7X 481 1.842 0.2848 0.7935
2N7X 482 1.854 0.2766 0.7935
2N7X 483 1.860 0.2653 0.7935
2N7X 484 1.835 0.2885 0.8152
2N7X 485 1.820 0.2708 0.7717
2N7X 486 1.807 0.2828 0.7935
2N7X 487 1.747 0.3172 0.8152
2N7X 488 1.744 0.3245 0.8261
2N7X 489 1.750 0.3224 0.8043
2N7X 490 1.767 0.3295 0.8152
2N7X 491 1.918 0.3066 0.7826
2N7X 492 1.897 0.3175 0.7826
2N7X 493 1.858 0.3140 0.8043
2N7X 494 1.903 0.3151 0.7935
2N7X 495 1.954 0.3104 0.7826
2N7X 496 1.907 0.2710 0.7935
2N7X 497 1.911 0.2849 0.7826
2N7X 498 2.003 0.2847 0.7826
2N7X 499 2.034 0.2810 0.7717
2N7X 500 2.030 0.2693 0.7826
2N7X 501 2.074 0.2802 0.7717
2N7X 502 2.060 0.2629 0.7717
2N7X 503 2.097 0.2447 0.7500
2N7X 504 2.058 0.2366 0.7500
2N7X 505 1.965 0.2345 0.7500
2N7X 506 1.931 0.2373 0.7609
2N7X 507 2.058 0.2146 0.7391
2N7X 508 2.102 0.2180 0.7283
2N7X 509 1.897 0.2491 0.7826
2N7X 510 2.018 0.2399 0.7391
2N7X 511 1.985 0.2389 0.7500
2N7X 512 2.009 0.2236 0.7391
2N7X 513 2.020 0.2402 0.7391
2N7X 514 2.018 0.2348 0.7391
2N7X 515 1.953 0.2343 0.7391
2N7X 516 2.033 0.2312 0.7500
2N7X 517 1.980 0.2325 0.7500
2N7X 518 2.001 0.2328 0.7609
2N7X 519 1.980 0.2291 0.7500
2N7X 520 2.118 0.2117 0.7283
2N7X 521 2.053 0.2274 0.7500
2N7X 522 1.983 0.2210 0.7391
2N7X 523 2.037 0.2223 0.7500
2N7X 524 1.982 0.2438 0.7500
2N7X 525 2.028 0.2158 0.7609
2N7X 526 2.095 0.2240 0.7391
2N7X 527 2.136 0.2156 0.7500
2N7X 528 2.047 0.2317 0.7500
2N7X 529 1.991 0.2253 0.7609
2N7X 530 2.050 0.2276 0.7391
2N7X 531 2.002 0.2134 0.7391
2N7X 532 2.052 0.2214 0.7391
2N7X 533 2.063 0.2087 0.7391
2N7X 534 2.039 0.2297 0.7500
2N7X 535 2.089 0.2269 0.7283
2N7X 536 2.036 0.2254 0.7391
2N7X 537 2.011 0.2317 0.7391
2N7X 538 2.065 0.2295 0.7391
2N7X 539 2.025 0.2218 0.7283
2N7X 540 1.998 0.2254 0.7391
2N7X 541 2.090 0.2203 0.7391
2N7X 542 2.130 0.2174 0.7391
2N7X 543 2.184 0.2107 0.7283
2N7X 544 2.122 0.2410 0.7500
2N7X 545 2.271 0.2309 0.7391
2N7X 546 2.201 0.2469 0.7391
2N7X 547 2.094 0.2175 0.7391
2N7X 548 2.161 0.2439 0.7391
2N7X 549 2.235 0.2158 0.7391
2N7X 550 2.148 0.2132 0.7283
2N7X 551 2.200 0.2143 0.7283
2N7X 552 2.203 0.2107 0.7391
2N7X 553 2.154 0.2127 0.7500
2N7X 554 2.166 0.2010 0.7283
2N7X 555 2.145 0.2077 0.7391
2N7X 556 2.117 0.1966 0.7283
2N7X 557 2.070 0.2053 0.7391
2N7X 558 2.076 0.2183 0.7391
2N7X 559 2.061 0.2306 0.7500
2N7X 560 2.091 0.2015 0.7283
2N7X 561 1.993 0.2214 0.7500
2N7X 562 2.158 0.2012 0.7283
2N7X 563 2.206 0.2188 0.7283
2N7X 564 2.022 0.2023 0.7391
2N7X 565 2.018 0.2182 0.7391
2N7X 566 2.178 0.2375 0.7500
2N7X 567 2.063 0.2018 0.7283
2N7X 568 2.159 0.2024 0.7174
2N7X 569 2.087 0.2128 0.7391
2N7X 570 2.102 0.2077 0.7174
2N7X 571 1.873 0.2431 0.7391
2N7X 572 2.024 0.2154 0.7283
2N7X 573 1.986 0.2531 0.7609
2N7X 574 1.994 0.2549 0.7717
2N7X 575 2.125 0.2297 0.7391
2N7X 576 2.001 0.2405 0.7609
2N7X 577 2.107 0.2282 0.7174
2N7X 578 2.053 0.2229 0.7391
2N7X 579 1.998 0.2360 0.7609
2N7X 580 2.103 0.2209 0.7500
2N7X 581 2.062 0.2338 0.7500
2N7X 582 2.100 0.2464 0.7500
2N7X 583 2.209 0.2266 0.7174
2N7X 584 2.153 0.2298 0.7500
2N7X 585 2.032 0.2341 0.7609
2N7X 586 2.040 0.2271 0.7500
2N7X 587 1.985 0.2418 0.7609
2N7X 588 1.970 0.2503 0.7717
2N7X 589 2.011 0.2584 0.7609
2N7X 590 1.883 0.2521 0.7717
2N7X 591 1.972 0.2348 0.7500
2N7X 592 1.882 0.2663 0.7717
2N7X 593 1.872 0.2615 0.7717
2N7X 594 1.831 0.2663 0.7935
2N7X 595 1.832 0.2663 0.7717
2N7X 596 1.827 0.2683 0.7935
2N7X 597 1.906 0.2459 0.7717
2N7X 598 1.932 0.2571 0.7935
2N7X 599 1.911 0.2513 0.7826
2N7X 600 1.864 0.2398 0.7717
2N7X 601 1.868 0.2374 0.7826
2N7X 602 1.871 0.2623 0.7935
2N7X 603 1.908 0.2712 0.7826
2N7X 604 1.913 0.2489 0.7717
2N7X 605 1.847 0.2441 0.7826
2N7X 606 1.782 0.2711 0.7826
2N7X 607 2.008 0.2383 0.7717
2N7X 608 1.899 0.2553 0.7826
2N7X 609 1.935 0.2231 0.7500
2N7X 610 2.269 0.2188 0.7174
2N7X 611 2.265 0.2082 0.7283
2N7X 612 2.080 0.2369 0.7391
2N7X 613 2.015 0.2394 0.7500
2N7X 614 2.049 0.2855 0.7609
2N7X 615 2.221 0.2347 0.7391
2N7X 616 1.986 0.2756 0.7717
2N7X 617 1.999 0.2578 0.7609
2N7X 618 2.035 0.2703 0.7609
2N7X 619 1.975 0.2643 0.7717
2N7X 620 2.011 0.2503 0.7500
2N7X 621 2.227 0.2233 0.7174
2N7X 622 2.063 0.2322 0.7609
2N7X 623 2.004 0.2536 0.7609
2N7X 624 2.243 0.2190 0.7283
2N7X 625 2.181 0.2290 0.7283
2N7X 626 2.200 0.2270 0.7391
2N7X 627 2.183 0.2260 0.7283
2N7X 628 2.267 0.2227 0.7174
2N7X 629 2.267 0.2208 0.7283
2N7X 630 2.225 0.2317 0.7391
2N7X 631 2.207 0.2279 0.7174
2N7X 632 2.287 0.2266 0.7174
2N7X 633 2.240 0.2265 0.7174
2N7X 634 2.309 0.2256 0.7174
2N7X 635 2.341 0.2046 0.7065
2N7X 636 2.216 0.2154 0.7174
2N7X 637 2.227 0.2188 0.7283
2N7X 638 2.281 0.2085 0.7283
2N7X 639 2.349 0.2064 0.7174
2N7X 640 2.316 0.2131 0.7283
2N7X 641 2.308 0.2170 0.7065
2N7X 642 2.370 0.2378 0.7174
2N7X 643 2.330 0.2412 0.7174
2N7X 644 2.406 0.2008 0.7065
2N7X 645 2.331 0.2232 0.7065
2N7X 646 2.395 0.2150 0.6957
2N7X 647 2.468 0.2028 0.6957
2N7X 648 2.360 0.2143 0.7065
2N7X 649 2.237 0.2320 0.7283
2N7X 650 2.541 0.2141 0.7174
2N7X 651 2.253 0.2348 0.7283
2N7X 652 2.351 0.2171 0.7283
2N7X 653 2.436 0.2339 0.7174
2N7X 654 2.231 0.2367 0.7391
2N7X 655 2.343 0.2286 0.7283
2N7X 656 2.374 0.2328 0.7283
2N7X 657 2.315 0.2318 0.7174
2N7X 658 2.499 0.2260 0.7174
2N7X 659 2.427 0.2237 0.7174
2N7X 660 2.266 0.2443 0.7283
2N7X 661 2.304 0.2606 0.7500
2N7X 662 2.267 0.2622 0.7391
2N7X 663 2.386 0.2492 0.7065
2N7X 664 2.270 0.2484 0.7391
2N7X 665 2.175 0.2594 0.7609
2N7X 666 2.143 0.2520 0.7500
2N7X 667 2.434 0.2440 0.7065
2N7X 668 2.605 0.2275 0.7065
2N7X 669 2.245 0.2271 0.7283
2N7X 670 2.167 0.2535 0.7391
2N7X 671 2.325 0.2369 0.7283
2N7X 672 2.355 0.2259 0.7174
2N7X 673 2.341 0.2456 0.7391
2N7X 674 2.482 0.2393 0.7065
2N7X 675 2.541 0.2288 0.7065
2N7X 676 2.516 0.2388 0.7283
2N7X 677 2.303 0.2561 0.7391
2N7X 678 2.229 0.2369 0.7283
2N7X 679 2.397 0.2315 0.7065
2N7X 680 2.293 0.2343 0.7391
2N7X 681 2.146 0.2521 0.7391
2N7X 682 2.281 0.2369 0.7283
2N7X 683 2.217 0.2209 0.7283
2N7X 684 2.249 0.2424 0.7283
2N7X 685 2.456 0.2089 0.7174
2N7X 686 2.627 0.2249 0.6848
2N7X 687 2.379 0.2071 0.7065
2N7X 688 2.204 0.2367 0.7391
2N7X 689 2.339 0.2328 0.7283
2N7X 690 2.153 0.2401 0.7500
2N7X 691 2.225 0.2134 0.7283
2N7X 692 2.181 0.2320 0.7174
2N7X 693 2.008 0.2780 0.7826
2N7X 694 2.202 0.2357 0.7391
2N7X 695 2.398 0.1997 0.6957
2N7X 696 2.218 0.2171 0.7174
2N7X 697 2.325 0.2081 0.7174
2N7X 698 2.368 0.2138 0.7283
2N7X 699 2.421 0.1993 0.7065
2N7X 700 2.396 0.2292 0.7174
2N7X 701 2.333 0.2191 0.7283
2N7X 702 2.471 0.1885 0.6957
2N7X 703 2.424 0.2342 0.7065
2N7X 704 2.283 0.2153 0.7283
2N7X 705 2.419 0.1897 0.7065
2N7X 706 2.340 0.2338 0.7174
2N7X 707 2.347 0.2090 0.7174
2N7X 708 2.397 0.2086 0.7065
2N7X 709 2.467 0.1990 0.6957
2N7X 710 2.167 0.2377 0.7283
2N7X 711 2.245 0.2291 0.7391
2N7X 712 2.389 0.2165 0.7065
2N7X 713 2.367 0.2152 0.7065
2N7X 714 2.294 0.1912 0.7283
2N7X 715 2.464 0.1974 0.7065
2N7X 716 2.484 0.2177 0.6957
2N7X 717 2.467 0.2001 0.6957
2N7X 718 2.511 0.2126 0.6848
2N7X 719 2.351 0.2076 0.7065
2N7X 720 2.431 0.1961 0.7065
2N7X 721 2.120 0.2157 0.7283
2N7X 722 2.091 0.2208 0.7391
2N7X 723 2.074 0.2329 0.7391
2N7X 724 2.109 0.2226 0.7283
2N7X 725 2.458 0.2181 0.7174
2N7X 726 2.113 0.2414 0.7391
2N7X 727 2.153 0.2201 0.7391
2N7X 728 2.081 0.2450 0.7500
2N7X 729 2.249 0.2152 0.7500
2N7X 730 2.136 0.2199 0.7283
2N7X 731 2.323 0.2045 0.7283
2N7X 732 2.180 0.2038 0.7283
2N7X 733 2.333 0.2031 0.7065
2N7X 734 2.443 0.2220 0.7065
2N7X 735 2.419 0.2099 0.7065
2N7X 736 2.172 0.2102 0.7391
2N7X 737 2.269 0.2095 0.7065
2N7X 738 2.172 0.2054 0.7174
2N7X 739 2.113 0.2022 0.7500
2N7X 740 2.345 0.1978 0.7065
2N7X 741 2.164 0.2517 0.7500
2N7X 742 2.076 0.2619 0.7717
2N7X 743 2.071 0.2805 0.7826
2N7X 744 2.252 0.2340 0.7391
2N7X 745 2.440 0.2012 0.6957
2N7X 746 2.307 0.2259 0.7174
2N7X 747 2.155 0.2237 0.7283
2N7X 748 2.263 0.2080 0.7174
2N7X 749 2.326 0.2186 0.7283
2N7X 750 2.246 0.2264 0.7283
2N7X 751 2.212 0.2257 0.7065
2N7X 752 2.372 0.1987 0.7174
2N7X 753 2.206 0.2413 0.7174
2N7X 754 2.005 0.2227 0.7609
2N7X 755 2.315 0.2248 0.7500
2N7X 756 2.361 0.1996 0.7174
2N7X 757 2.477 0.2189 0.7065
2N7X 758 2.441 0.2069 0.6957
2N7X 759 2.304 0.2128 0.6957
2N7X 760 2.263 0.2358 0.7283
2N7X 761 2.326 0.1944 0.7065
2N7X 762 2.293 0.2411 0.7391
2N7X 763 2.292 0.2541 0.7391
2N7X 764 2.283 0.2406 0.7283
2N7X 765 2.203 0.2493 0.7500
2N7X 766 2.257 0.2266 0.7500
2N7X 767 2.255 0.2160 0.7065
2N7X 768 2.193 0.2167 0.7500
2N7X 769 2.375 0.2245 0.7065
2N7X 770 2.275 0.2085 0.7283
2N7X 771 2.258 0.2200 0.7174
2N7X 772 2.387 0.2468 0.7174
2N7X 773 2.393 0.2388 0.7065
2N7X 774 2.132 0.2408 0.7391
2N7X 775 2.392 0.2112 0.6957
2N7X 776 2.324 0.2308 0.7174
2N7X 777 2.202 0.2297 0.7283
2N7X 778 2.421 0.2147 0.7065
2N7X 779 2.296 0.2107 0.7065
2N7X 780 2.103 0.2404 0.7500
2N7X 781 2.260 0.2149 0.6848
2N7X 782 2.470 0.1965 0.6848
2N7X 783 2.275 0.2368 0.7283
2N7X 784 2.105 0.2407 0.7826
2N7X 785 2.359 0.2010 0.7174
2N7X 786 2.279 0.2160 0.7391
2N7X 787 2.325 0.2071 0.7283
2N7X 788 2.354 0.2261 0.7065
2N7X 789 2.242 0.2187 0.7065
2N7X 790 2.359 0.2202 0.7174
2N7X 791 2.298 0.2092 0.7391
2N7X 792 2.169 0.2118 0.7283
2N7X 793 2.262 0.2176 0.7174
2N7X 794 2.510 0.1832 0.6957
2N7X 795 2.320 0.2233 0.7174
2N7X 796 2.320 0.2079 0.7065
2N7X 797 2.400 0.1999 0.7174
2N7X 798 2.496 0.1898 0.6848
2N7X 799 2.320 0.2072 0.7065
2N7X 800 2.063 0.2163 0.7391
2N7X 801 2.113 0.1972 0.7174
2N7X 802 2.390 0.1961 0.7065
2N7X 803 2.388 0.2096 0.7391
2N7X 804 2.339 0.2119 0.7065
2N7X 805 2.140 0.2323 0.7500
2N7X 806 2.185 0.2345 0.7391
2N7X 807 2.448 0.2192 0.7174
2N7X 808 2.323 0.2111 0.7065
2N7X 809 2.294 0.2086 0.7065
2N7X 810 2.279 0.2285 0.7283
2N7X 811 2.260 0.2251 0.7500
2N7X 812 2.443 0.2093 0.7065
2N7X 813 2.409 0.1927 0.7065
2N7X 814 2.307 0.2132 0.7283
2N7X 815 2.404 0.2193 0.7391
2N7X 816 2.227 0.2060 0.7283
2N7X 817 2.213 0.2111 0.7283
2N7X 818 2.008 0.2419 0.7826
2N7X 819 2.164 0.2305 0.7500
2N7X 820 2.172 0.2270 0.7500
2N7X 821 2.180 0.2238 0.7609
2N7X 822 2.177 0.2380 0.7391
2N7X 823 2.177 0.2057 0.7283
2N7X 824 2.272 0.2229 0.7283
2N7X 825 2.416 0.1946 0.7065
2N7X 826 2.323 0.2186 0.7391
2N7X 827 2.249 0.2233 0.7391
2N7X 828 2.262 0.1994 0.7283
2N7X 829 2.488 0.1913 0.6957
2N7X 830 2.357 0.2141 0.7065
2N7X 831 2.141 0.2486 0.7609
2N7X 832 1.927 0.2473 0.7717
2N7X 833 2.025 0.2434 0.7609
2N7X 834 2.140 0.2466 0.7500
2N7X 835 2.474 0.2260 0.6848
2N7X 836 2.257 0.2603 0.7283
2N7X 837 2.125 0.2323 0.7609
2N7X 838 2.113 0.2658 0.7609
2N7X 839 2.218 0.2363 0.7391
2N7X 840 2.248 0.2067 0.7283
2N7X 841 2.457 0.1972 0.6957
2N7X 842 2.322 0.2033 0.7065
2N7X 843 2.211 0.2245 0.7283
2N7X 844 2.182 0.2145 0.7174
2N7X 845 2.330 0.2154 0.7283
2N7X 846 2.271 0.2146 0.7065
2N7X 847 2.373 0.2294 0.7174
2N7X 848 2.557 0.1908 0.6848
2N7X 849 2.578 0.1910 0.6739
2N7X 850 2.266 0.2502 0.7500
2N7X 851 2.355 0.2286 0.7065
2N7X 852 2.702 0.1938 0.6739
2N7X 853 2.474 0.1870 0.7065
2N7X 854 2.471 0.2282 0.7174
2N7X 855 2.311 0.2182 0.7391
2N7X 856 2.245 0.2095 0.7283
2N7X 857 2.328 0.2020 0.7065
2N7X 858 2.486 0.1841 0.6739
2N7X 859 2.303 0.2106 0.7283
2N7X 860 2.262 0.2309 0.7500
2N7X 861 2.244 0.2341 0.7391
2N7X 862 2.095 0.2400 0.7935
2N7X 863 2.065 0.2619 0.7717
2N7X 864 2.084 0.2278 0.7717
2N7X 865 2.198 0.2428 0.7391
2N7X 866 1.982 0.2399 0.7717
2N7X 867 2.342 0.2142 0.7065
2N7X 868 2.173 0.2254 0.7391
2N7X 869 2.034 0.2106 0.7609
2N7X 870 2.296 0.2095 0.6957
2N7X 871 2.046 0.2465 0.7717
2N7X 872 2.220 0.2247 0.7283
2N7X 873 2.323 0.2159 0.7065
2N7X 874 2.442 0.2069 0.7065
2N7X 875 2.243 0.2084 0.7391
2N7X 876 2.221 0.2186 0.7500
2N7X 877 2.347 0.2134 0.7065
2N7X 878 2.376 0.1988 0.6957
2N7X 879 2.225 0.2159 0.7500
2N7X 880 2.093 0.2553 0.7609
2N7X 881 2.256 0.2139 0.7283
2N7X 882 2.535 0.1902 0.6957
2N7X 883 2.575 0.1991 0.6848
2N7X 884 2.259 0.2118 0.7283
2N7X 885 2.153 0.2387 0.7717
2N7X 886 2.235 0.2114 0.7283
2N7X 887 2.260 0.2119 0.7391
2N7X 888 2.216 0.2231 0.7283
2N7X 889 2.135 0.2370 0.7609
2N7X 890 2.312 0.1873 0.7174
2N7X 891 2.128 0.2103 0.7500
2N7X 892 2.360 0.2525 0.7283
2N7X 893 2.364 0.2085 0.6957
2N7X 894 2.265 0.2133 0.7391
2N7X 895 2.253 0.2443 0.7717
2N7X 896 2.564 0.1955 0.7283
2N7X 897 2.385 0.1984 0.6848
2N7X 898 2.300 0.2183 0.7391
2N7X 899 2.479 0.2151 0.7391
2N7X 900 2.452 0.2081 0.6848
2N7X 901 2.489 0.2210 0.7065
2N7X 902 2.437 0.2045 0.7174
2N7X 903 2.271 0.2168 0.7283
2N7X 904 2.482 0.2003 0.6957
2N7X 905 2.431 0.2167 0.7065
2N7X 906 2.487 0.2204 0.6957
2N7X 907 2.487 0.2075 0.6957
2N7X 908 2.362 0.2160 0.7065
2N7X 909 2.336 0.2160 0.7174
2N7X 910 2.453 0.2054 0.7174
2N7X 911 2.318 0.2159 0.7283
2N7X 912 2.794 0.2146 0.6739
2N7X 913 2.664 0.1845 0.6739
2N7X 914 2.237 0.2379 0.7500
2N7X 915 2.370 0.2092 0.7174
2N7X 916 2.683 0.1757 0.6739
2N7X 917 2.411 0.1996 0.7174
2N7X 918 2.576 0.1883 0.6630
2N7X 919 2.864 0.1989 0.6739
2N7X 920 2.317 0.2421 0.7391
2N7X 921 2.535 0.2045 0.7065
2N7X 922 2.408 0.2542 0.7174
2N7X 923 2.459 0.2085 0.7174
2N7X 924 2.311 0.1976 0.7174
2N7X 925 2.350 0.1885 0.6848
2N7X 926 2.426 0.2154 0.6957
2N7X 927 2.443 0.2170 0.6957
2N7X 928 2.137 0.2488 0.7500
2N7X 929 2.214 0.2224 0.7391
2N7X 930 2.408 0.2170 0.7174
2N7X 931 2.507 0.2025 0.6848
2N7X 932 2.406 0.2098 0.6957
2N7X 933 2.324 0.2161 0.6848
2N7X 934 2.430 0.1946 0.7065
2N7X 935 2.193 0.2193 0.7391
2N7X 936 2.379 0.2064 0.6957
2N7X 937 2.390 0.2111 0.7065
2N7X 938 2.369 0.2293 0.7283
2N7X 939 2.760 0.1925 0.6739
2N7X 940 2.531 0.1946 0.6957
2N7X 941 2.552 0.1845 0.6739
2N7X 942 2.251 0.2147 0.7283
2N7X 943 2.253 0.2004 0.7174
2N7X 944 2.570 0.2065 0.6957
2N7X 945 2.506 0.2021 0.6848
2N7X 946 2.574 0.1887 0.6739
2N7X 947 2.407 0.2091 0.7065
2N7X 948 2.333 0.2207 0.7065
2N7X 949 2.381 0.1996 0.6957
2N7X 950 2.399 0.1993 0.6957
2N7X 951 2.086 0.2294 0.7717
2N7X 952 2.112 0.2175 0.7609
2N7X 953 2.046 0.2313 0.7935
2N7X 954 2.193 0.2162 0.7609
2N7X 955 2.511 0.2112 0.7065
2N7X 956 2.391 0.1973 0.6957
2N7X 957 2.350 0.2108 0.7065
2N7X 958 2.396 0.2262 0.7174
2N7X 959 2.393 0.2267 0.7174
2N7X 960 2.503 0.2381 0.6957
2N7X 961 2.326 0.2104 0.7065
2N7X 962 2.444 0.1927 0.6957
2N7X 963 2.315 0.2107 0.7174
2N7X 964 2.327 0.2176 0.7391
2N7X 965 2.446 0.2448 0.7391
2N7X 966 2.386 0.2225 0.7065
2N7X 967 2.264 0.2342 0.7391
2N7X 968 2.245 0.2374 0.7283
2N7X 969 2.423 0.2181 0.7065
2N7X 970 2.233 0.2326 0.7717
2N7X 971 2.103 0.2577 0.7717
2N7X 972 1.992 0.2908 0.7717
2N7X 973 2.336 0.2153 0.6957
2N7X 974 2.172 0.2481 0.7391
2N7X 975 2.376 0.2395 0.7174
2N7X 976 2.353 0.2215 0.7174
2N7X 977 2.323 0.2144 0.6957
2N7X 978 2.352 0.2073 0.7174
2N7X 979 2.397 0.2044 0.6957
2N7X 980 2.666 0.2169 0.6848
2N7X 981 2.396 0.2240 0.6957
2N7X 982 2.445 0.2081 0.6848
2N7X 983 2.208 0.2151 0.7283
2N7X 984 2.355 0.2285 0.7283
2N7X 985 2.525 0.2506 0.7283
2N7X 986 2.695 0.2049 0.6848
2N7X 987 2.600 0.2045 0.7065
2N7X 988 2.517 0.2224 0.7065
2N7X 989 2.519 0.2011 0.6957
2N7X 990 2.558 0.2155 0.6957
2N7X 991 2.763 0.1970 0.6630
2N7X 992 2.710 0.1649 0.6739
2N7X 993 2.361 0.2429 0.7283
2N7X 994 2.575 0.1982 0.6957
2N7X 995 2.542 0.2002 0.6848
2N7X 996 2.311 0.2300 0.7283
2N7X 997 2.355 0.2139 0.7065
2N7X 998 2.207 0.2057 0.7500
2N7X 999 2.247 0.2174 0.7391
2N7X 1000 2.688 0.2346 0.6848
2N7X 1001 2.567 0.2175 0.6848
2N7X 1002 2.415 0.2198 0.7500
2N7X 1003 2.676 0.2277 0.6848
2N7X 1004 2.568 0.2585 0.6957
2N7X 1005 2.460 0.2201 0.7391
2N7X 1006 2.417 0.2233 0.7174
2N7X 1007 2.549 0.2088 0.6739
2N7X 1008 2.446 0.2041 0.7174
2N7X 1009 2.176 0.2220 0.7283
2N7X 1010 2.477 0.2296 0.7174
2N7X 1011 2.201 0.2221 0.7391
2N7X 1012 2.316 0.2328 0.7065
2N7X 1013 2.383 0.2435 0.7065
2N7X 1014 2.135 0.2117 0.7391
2N7X 1015 2.356 0.2227 0.7174
2N7X 1016 2.121 0.2079 0.7609
2N7X 1017 2.015 0.2420 0.7609
2N7X 1018 2.033 0.2353 0.7500
2N7X 1019 2.384 0.2148 0.6957
2N7X 1020 2.397 0.2020 0.7065
2N7X 1021 2.551 0.2195 0.7174
2N7X 1022 2.302 0.2503 0.7500
2N7X 1023 2.167 0.2042 0.7283
2N7X 1024 2.339 0.2128 0.7174
2N7X 1025 2.511 0.2117 0.7065
2N7X 1026 2.341 0.2176 0.7065
2N7X 1027 2.432 0.2252 0.7065
2N7X 1028 2.505 0.2296 0.7065
2N7X 1029 2.614 0.1930 0.6739
2N7X 1030 2.302 0.2021 0.7174
2N7X 1031 2.222 0.2371 0.7283
2N7X 1032 2.485 0.1934 0.7065
2N7X 1033 2.577 0.2016 0.6957
2N7X 1034 2.362 0.2397 0.7283
2N7X 1035 2.286 0.2302 0.7174
2N7X 1036 2.218 0.2302 0.7065
2N7X 1037 2.196 0.2269 0.7500
2N7X 1038 2.393 0.1988 0.7065
2N7X 1039 2.450 0.1939 0.6739
2N7X 1040 2.475 0.1779 0.6848
2N7X 1041 2.408 0.2003 0.6957
2N7X 1042 2.251 0.1843 0.7065
2N7X 1043 2.200 0.1989 0.7174
2N7X 1044 2.411 0.2209 0.7065
2N7X 1045 2.192 0.2062 0.7065
2N7X 1046 2.592 0.2028 0.6848
2N7X 1047 2.340 0.2046 0.7174
2N7X 1048 2.238 0.2222 0.7283
2N7X 1049 2.483 0.1758 0.6957
2N7X 1050 2.475 0.2193 0.7065
2N7X 1051 2.236 0.1861 0.6957
2N7X 1052 2.255 0.2472 0.7065
2N7X 1053 2.288 0.2123 0.7065
2N7X 1054 2.362 0.1768 0.6957
2N7X 1055 2.363 0.1981 0.6957
2N7X 1056 2.354 0.1865 0.7174
2N7X 1057 2.430 0.2355 0.7283
2N7X 1058 2.201 0.2363 0.7391
2N7X 1059 2.262 0.2164 0.7283
2N7X 1060 2.370 0.1992 0.7065
2N7X 1061 2.218 0.2218 0.7174
2N7X 1062 2.396 0.1858 0.7065
2N7X 1063 2.289 0.2041 0.7065
2N7X 1064 2.295 0.1927 0.7174
2N7X 1065 2.134 0.1856 0.7174
2N7X 1066 2.210 0.2026 0.6957
2N7X 1067 2.383 0.2074 0.7065
2N7X 1068 2.560 0.2364 0.7065
2N7X 1069 2.371 0.2118 0.7283
2N7X 1070 2.472 0.1723 0.6957
2N7X 1071 2.703 0.1933 0.6957
2N7X 1072 2.757 0.1890 0.6957
2N7X 1073 2.941 0.1758 0.6739
2N7X 1074 2.951 0.1582 0.6630
2N7X 1075 2.736 0.1995 0.6957
2N7X 1076 2.863 0.2081 0.6848
2N7X 1077 2.891 0.2101 0.6957
2N7X 1078 2.568 0.2325 0.7174
2N7X 1079 2.634 0.2533 0.7283
2N7X 1080 2.946 0.2199 0.6848
2N7X 1081 2.640 0.2247 0.7283
2N7X 1082 2.586 0.2083 0.7174
2N7X 1083 2.700 0.2077 0.6957
2N7X 1084 2.716 0.1961 0.6848
2N7X 1085 2.822 0.2237 0.6848
2N7X 1086 2.731 0.2398 0.7065
2N7X 1087 2.706 0.2108 0.6957
2N7X 1088 2.610 0.2156 0.7283
2N7X 1089 2.870 0.2443 0.6848
2N7X 1090 2.621 0.2540 0.7391
2N7X 1091 2.889 0.2052 0.6739
2N7X 1092 2.869 0.1914 0.6739
2N7X 1093 2.740 0.2048 0.6630
2N7X 1094 2.818 0.1970 0.6848
2N7X 1095 2.712 0.1899 0.6739
2N7X 1096 2.688 0.2119 0.6957
2N7X 1097 2.880 0.2053 0.6739
2N7X 1098 2.721 0.2156 0.6848
2N7X 1099 2.716 0.1805 0.6957
2N7X 1100 2.693 0.1645 0.6739
2N7X 1101 2.771 0.2013 0.7065
2N7X 1102 2.977 0.1946 0.6522
2N7X 1103 2.916 0.1664 0.6413
2N7X 1104 2.745 0.1714 0.6630
2N7X 1105 2.692 0.1682 0.6848
2N7X 1106 2.747 0.2243 0.7065
2N7X 1107 2.757 0.1824 0.6848
2N7X 1108 2.797 0.1991 0.6957
2N7X 1109 2.923 0.1778 0.6522
2N7X 1110 2.662 0.2055 0.6957
2N7X 1111 2.626 0.1917 0.6957
2N7X 1112 2.886 0.1798 0.6522
2N7X 1113 2.905 0.2104 0.6848
2N7X 1114 2.841 0.1853 0.6739
2N7X 1115 2.769 0.1921 0.6739
2N7X 1116 2.677 0.2063 0.6957
2N7X 1117 2.885 0.1985 0.6957
2N7X 1118 2.857 0.2173 0.6957
2N7X 1119 2.719 0.1995 0.6848
2N7X 1120 2.808 0.2121 0.6848
2N7X 1121 2.778 0.1934 0.6848
2N7X 1122 2.876 0.2097 0.7065
2N7X 1123 2.704 0.2360 0.7174
2N7X 1124 2.763 0.2060 0.6957
2N7X 1125 2.958 0.2095 0.6630
2N7X 1126 2.673 0.2368 0.7065
2N7X 1127 2.620 0.2011 0.7065
2N7X 1128 2.488 0.2538 0.7391
2N7X 1129 2.767 0.1935 0.6957
2N7X 1130 2.925 0.1465 0.6630
2N7X 1131 2.689 0.1988 0.7065
2N7X 1132 2.817 0.2288 0.7174
2N7X 1133 3.062 0.2012 0.6413
2N7X 1134 2.912 0.1979 0.6848
2N7X 1135 2.707 0.1768 0.6739
2N7X 1136 2.995 0.2250 0.6630
2N7X 1137 3.043 0.2045 0.6739
2N7X 1138 3.011 0.2030 0.6522
2N7X 1139 2.979 0.1930 0.6739
2N7X 1140 2.843 0.1675 0.6957
2N7X 1141 2.973 0.2187 0.6848
2N7X 1142 2.870 0.1761 0.6739
2N7X 1143 2.776 0.1930 0.6848
2N7X 1144 3.158 0.1705 0.6304
2N7X 1145 3.006 0.2188 0.7065
2N7X 1146 2.934 0.2060 0.6848
2N7X 1147 2.842 0.2203 0.7174
2N7X 1148 2.878 0.1746 0.6630
2N7X 1149 2.638 0.2181 0.7065
2N7X 1150 3.063 0.2028 0.6848
2N7X 1151 2.744 0.1900 0.6848
2N7X 1152 2.888 0.1962 0.6848
2N7X 1153 3.072 0.1895 0.6739
2N7X 1154 2.959 0.1744 0.6630
2N7X 1155 2.877 0.1754 0.6739
2N7X 1156 2.808 0.1769 0.6957
2N7X 1157 2.835 0.1813 0.6739
2N7X 1158 2.923 0.1980 0.6957
2N7X 1159 3.034 0.1720 0.6522
2N7X 1160 2.720 0.2135 0.7174
2N7X 1161 2.842 0.2207 0.6848
2N7X 1162 2.927 0.2363 0.6957
2N7X 1163 2.889 0.2038 0.6957
2N7X 1164 2.863 0.1755 0.6630
2N7X 1165 2.932 0.2156 0.6848
2N7X 1166 2.764 0.2222 0.6739
2N7X 1167 2.872 0.1822 0.6848
2N7X 1168 2.941 0.1737 0.6630
2N7X 1169 2.765 0.1712 0.6957
2N7X 1170 3.016 0.1801 0.6630
2N7X 1171 2.888 0.1920 0.6957
2N7X 1172 2.724 0.2204 0.7283
2N7X 1173 2.683 0.2035 0.6848
2N7X 1174 2.856 0.1821 0.6522
2N7X 1175 2.855 0.2393 0.6957
2N7X 1176 2.757 0.1975 0.7065
2N7X 1177 2.810 0.2351 0.7283
2N7X 1178 2.808 0.2160 0.7065
2N7X 1179 2.925 0.1946 0.6739
2N7X 1180 2.779 0.2005 0.6848
2N7X 1181 2.995 0.1758 0.6739
2N7X 1182 3.061 0.1926 0.6848
2N7X 1183 2.999 0.2081 0.6848
2N7X 1184 2.602 0.2127 0.7065
2N7X 1185 2.814 0.1973 0.6848
2N7X 1186 2.705 0.1972 0.6848
2N7X 1187 3.154 0.1782 0.6522
2N7X 1188 3.087 0.1819 0.6739
2N7X 1189 2.979 0.1775 0.6522
2N7X 1190 2.596 0.2184 0.7065
2N7X 1191 3.247 0.1991 0.6630
2N7X 1192 3.145 0.2269 0.6630
2N7X 1193 3.088 0.2132 0.6739
2N7X 1194 3.142 0.1560 0.6522
2N7X 1195 2.980 0.1711 0.6522
2N7X 1196 2.938 0.2005 0.6739
2N7X 1197 3.319 0.2178 0.6522
2N7X 1198 2.955 0.2041 0.6957
2N7X 1199 2.980 0.2015 0.6522
2N7X 1200 2.995 0.2184 0.7065
2N7X 1201 3.015 0.1902 0.6630
2N7X 1202 3.017 0.1923 0.6739
2N7X 1203 3.045 0.2379 0.7065
2N7X 1204 3.030 0.2175 0.6848
2N7X 1205 2.907 0.1984 0.6739
2N7X 1206 3.203 0.2225 0.6630
2N7X 1207 3.030 0.2046 0.6630
2N7X 1208 2.862 0.2265 0.6848
2N7X 1209 3.191 0.2202 0.6522
2N7X 1210 2.958 0.1828 0.6630
2N7X 1211 3.029 0.1672 0.6522
2N7X 1212 2.909 0.2129 0.6848
2N7X 1213 3.024 0.2237 0.6739
2N7X 1214 3.025 0.2215 0.6957
2N7X 1215 2.869 0.2053 0.6630
2N7X 1216 3.264 0.2280 0.6957
2N7X 1217 3.006 0.2053 0.6630
2N7X 1218 2.815 0.2137 0.6848
2N7X 1219 2.895 0.1762 0.6630
2N7X 1220 2.886 0.2198 0.6957
2N7X 1221 3.037 0.2181 0.7065
2N7X 1222 2.796 0.2162 0.6957
2N7X 1223 3.113 0.2315 0.6630
2N7X 1224 3.165 0.1967 0.6848
2N7X 1225 3.203 0.2078 0.6522
2N7X 1226 3.022 0.2214 0.6848
2N7X 1227 3.146 0.2462 0.6848
2N7X 1228 3.045 0.2533 0.6848
2N7X 1229 3.217 0.2361 0.6957
2N7X 1230 3.254 0.2657 0.7283
2N7X 1231 3.063 0.2703 0.7391
2N7X 1232 3.044 0.2767 0.7174
2N7X 1233 3.036 0.2472 0.7391
2N7X 1234 3.135 0.3113 0.7283
2N7X 1235 3.170 0.2389 0.6957
2N7X 1236 3.032 0.2550 0.6848
2N7X 1237 2.957 0.2790 0.7391
2N7X 1238 3.029 0.2548 0.7283
2N7X 1239 3.035 0.1930 0.6739
2N7X 1240 3.159 0.3026 0.7065
2N7X 1241 2.896 0.2682 0.7065
2N7X 1242 2.938 0.2410 0.7283
2N7X 1243 3.064 0.2665 0.7065
2N7X 1244 3.004 0.2402 0.6957
2N7X 1245 3.083 0.2392 0.7065
2N7X 1246 3.081 0.2312 0.6630
2N7X 1247 3.056 0.2424 0.6848
2N7X 1248 2.908 0.2367 0.6957
2N7X 1249 2.886 0.2957 0.7174
2N7X 1250 3.138 0.2267 0.6848
2N7X 1251 2.966 0.1870 0.6630
2N7X 1252 3.304 0.3067 0.7065
2N7X 1253 3.093 0.2715 0.6957
2N7X 1254 3.019 0.2434 0.6957
2N7X 1255 3.209 0.2552 0.6957
2N7X 1256 3.182 0.2081 0.6630
2N7X 1257 3.100 0.2551 0.7065
2N7X 1258 3.250 0.3192 0.6957
2N7X 1259 3.048 0.2203 0.6848
2N7X 1260 3.367 0.2732 0.6630
2N7X 1261 3.158 0.2244 0.6739
2N7X 1262 3.048 0.2281 0.7065
2N7X 1263 2.877 0.2766 0.7174
2N7X 1264 2.986 0.2160 0.7065
2N7X 1265 3.104 0.2364 0.7065
2N7X 1266 3.303 0.2163 0.6630
2N7X 1267 3.219 0.2601 0.6957
2N7X 1268 3.123 0.2247 0.6848
2N7X 1269 3.256 0.1860 0.6304
2N7X 1270 3.142 0.2562 0.6739
2N7X 1271 3.153 0.2075 0.6848
2N7X 1272 3.114 0.2160 0.6848
2N7X 1273 3.332 0.2149 0.7065
2N7X 1274 3.190 0.2131 0.6848
2N7X 1275 3.198 0.2187 0.6739
2N7X 1276 3.276 0.3072 0.7065
2N7X 1277 3.313 0.2595 0.6739
2N7X 1278 3.362 0.2368 0.6848
2N7X 1279 3.252 0.2062 0.6630
2N7X 1280 3.071 0.2361 0.6957
2N7X 1281 3.242 0.2342 0.6739
2N7X 1282 3.362 0.2230 0.6522
2N7X 1283 3.367 0.2484 0.6522
2N7X 1284 3.109 0.2416 0.7065
2N7X 1285 3.440 0.2002 0.6522
2N7X 1286 3.182 0.2718 0.7065
2N7X 1287 3.303 0.2688 0.6848
2N7X 1288 3.197 0.2915 0.7065
2N7X 1289 3.284 0.2029 0.6413
2N7X 1290 3.378 0.2266 0.6413
2N7X 1291 3.078 0.2510 0.6957
2N7X 1292 3.244 0.2008 0.6522
2N7X 1293 3.115 0.2680 0.6957
2N7X 1294 3.348 0.1710 0.6304
2N7X 1295 3.331 0.2540 0.6848
2N7X 1296 3.283 0.2039 0.6522
2N7X 1297 3.137 0.2161 0.6522
2N7X 1298 3.381 0.2513 0.6848
2N7X 1299 3.391 0.2128 0.6630
2N7X 1300 3.094 0.2004 0.6739
2N7X 1301 3.199 0.2342 0.6630
2N7X 1302 3.205 0.2275 0.6630
2N7X 1303 3.059 0.2450 0.7065
2N7X 1304 3.247 0.2469 0.6630
2N7X 1305 3.191 0.2083 0.6522
2N7X 1306 3.202 0.1951 0.6739
2N7X 1307 3.125 0.2448 0.6739
2N7X 1308 3.323 0.2182 0.6413
2N7X 1309 2.998 0.2778 0.6848
2N7X 1310 3.113 0.2311 0.6739
2N7X 1311 3.271 0.2088 0.6630
2N7X 1312 2.973 0.2181 0.7065
2N7X 1313 3.137 0.1859 0.6522
2N7X 1314 3.055 0.2484 0.6739
2N7X 1315 3.057 0.2261 0.6630
2N7X 1316 3.108 0.2356 0.6739
2N7X 1317 3.158 0.1947 0.6522
2N7X 1318 3.008 0.2767 0.6848
2N7X 1319 3.006 0.2135 0.7065
2N7X 1320 3.122 0.2591 0.6848
2N7X 1321 3.035 0.2341 0.6848
2N7X 1322 3.156 0.2021 0.6739
2N7X 1323 3.247 0.2089 0.6413
2N7X 1324 3.032 0.2172 0.6957
2N7X 1325 3.311 0.2597 0.6957
2N7X 1326 3.085 0.2095 0.6739
2N7X 1327 3.274 0.2409 0.6739
2N7X 1328 3.256 0.2749 0.7065
2N7X 1329 3.230 0.2026 0.6630
2N7X 1330 3.235 0.2400 0.6957
2N7X 1331 3.285 0.2390 0.6630
2N7X 1332 3.324 0.2006 0.6522
2N7X 1333 3.226 0.2403 0.6739
2N7X 1334 3.181 0.2054 0.6739
2N7X 1335 3.311 0.2167 0.6630
2N7X 1336 3.276 0.2713 0.6848
2N7X 1337 3.208 0.2227 0.6739
2N7X 1338 3.257 0.1988 0.6739
2N7X 1339 3.179 0.1872 0.6630
2N7X 1340 3.294 0.2299 0.6630
2N7X 1341 3.198 0.2295 0.6848
2N7X 1342 3.486 0.1725 0.5978
2N7X 1343 3.412 0.1764 0.6413
2N7X 1344 3.169 0.2341 0.6739
2N7X 1345 3.248 0.2043 0.6413
2N7X 1346 3.162 0.2262 0.6739
2N7X 1347 3.388 0.1996 0.6522
2N7X 1348 3.333 0.1978 0.6630
2N7X 1349 3.312 0.2392 0.6848
2N7X 1350 3.101 0.2393 0.7065
2N7X 1351 3.284 0.2538 0.6957
2N7X 1352 3.367 0.2564 0.6848
2N7X 1353 3.157 0.2486 0.6739
2N7X 1354 3.398 0.2591 0.6848
2N7X 1355 3.292 0.2445 0.6630
2N7X 1356 3.301 0.1978 0.6413
2N7X 1357 3.346 0.2026 0.6630
2N7X 1358 3.275 0.2397 0.6848
2N7X 1359 3.489 0.2119 0.6522
2N7X 1360 3.329 0.2131 0.6630
2N7X 1361 3.399 0.2137 0.6522
2N7X 1362 2.998 0.2269 0.6739
2N7X 1363 3.216 0.2440 0.6848
2N7X 1364 3.011 0.2299 0.6739
2N7X 1365 3.297 0.2320 0.6848
2N7X 1366 3.218 0.2199 0.6739
2N7X 1367 3.350 0.2222 0.6630
2N7X 1368 3.438 0.1953 0.6522
2N7X 1369 3.525 0.1887 0.6196
2N7X 1370 3.073 0.2349 0.6630
2N7X 1371 3.280 0.1773 0.6196
2N7X 1372 3.315 0.2320 0.6630
2N7X 1373 3.059 0.2471 0.6848
2N7X 1374 3.420 0.2403 0.6304
2N7X 1375 3.301 0.1573 0.6196
2N7X 1376 3.447 0.2199 0.6522
2N7X 1377 3.451 0.1774 0.6196
2N7X 1378 3.494 0.1700 0.6304
2N7X 1379 3.309 0.1927 0.6196
2N7X 1380 3.256 0.2439 0.6848
2N7X 1381 3.335 0.2832 0.6957
2N7X 1382 3.576 0.2123 0.6413
2N7X 1383 3.328 0.2387 0.6522
2N7X 1384 3.459 0.2418 0.6739
2N7X 1385 3.323 0.1961 0.6413
2N7X 1386 3.368 0.2104 0.6522
2N7X 1387 3.370 0.1982 0.6304
2N7X 1388 3.346 0.1650 0.6196
2N7X 1389 3.518 0.2318 0.6304
2N7X 1390 3.347 0.2218 0.6739
2N7X 1391 3.458 0.2270 0.6413
2N7X 1392 3.343 0.2667 0.6630
2N7X 1393 3.369 0.1852 0.6413
2N7X 1394 3.526 0.2466 0.6630
2N7X 1395 3.297 0.2538 0.6848
2N7X 1396 3.428 0.3234 0.7065
2N7X 1397 3.460 0.2032 0.6413
2N7X 1398 3.254 0.2153 0.6630
2N7X 1399 3.433 0.2252 0.6848
2N7X 1400 3.507 0.2783 0.6739
2N7X 1401 3.278 0.2398 0.6739
2N7X 1402 3.488 0.2093 0.6304
2N7X 1403 3.304 0.2299 0.6739
2N7X 1404 3.475 0.3017 0.6848
2N7X 1405 3.397 0.2488 0.6630
2N7X 1406 3.428 0.1782 0.6522
2N7X 1407 3.373 0.2935 0.6957
2N7X 1408 3.369 0.2019 0.6522
2N7X 1409 3.271 0.1910 0.6413
2N7X 1410 3.275 0.1676 0.6413
2N7X 1411 3.332 0.2386 0.6630
2N7X 1412 3.307 0.2405 0.6739
2N7X 1413 3.457 0.2175 0.6413
2N7X 1414 3.308 0.2290 0.6413
2N7X 1415 3.274 0.2100 0.6413
2N7X 1416 3.066 0.2526 0.7065
2N7X 1417 3.428 0.2664 0.6630
2N7X 1418 3.409 0.2556 0.6522
2N7X 1419 3.288 0.3057 0.6957
2N7X 1420 3.395 0.2184 0.6522
2N7X 1421 3.450 0.2386 0.6522
2N7X 1422 3.478 0.2732 0.6739
2N7X 1423 3.417 0.3232 0.6848
2N7X 1424 3.401 0.2089 0.6522
2N7X 1425 3.313 0.2522 0.6848
2N7X 1426 3.378 0.2272 0.6630
2N7X 1427 3.391 0.2165 0.6848
2N7X 1428 3.342 0.3025 0.6957
2N7X 1429 3.393 0.2246 0.6413
2N7X 1430 3.344 0.2101 0.6630
2N7X 1431 3.330 0.2517 0.6630
2N7X 1432 3.446 0.2683 0.6848
2N7X 1433 3.442 0.2456 0.6739
2N7X 1434 3.384 0.2098 0.6196
2N7X 1435 3.331 0.2526 0.6522
2N7X 1436 3.449 0.2737 0.6413
2N7X 1437 3.326 0.2275 0.6413
2N7X 1438 3.390 0.2370 0.6739
2N7X 1439 3.419 0.2140 0.6304
2N7X 1440 3.394 0.2544 0.6848
2N7X 1441 3.377 0.1763 0.6304
2N7X 1442 3.437 0.1869 0.6087
2N7X 1443 3.437 0.3024 0.6739
2N7X 1444 3.480 0.1994 0.5978
2N7X 1445 3.211 0.2480 0.6739
2N7X 1446 3.326 0.1966 0.6304
2N7X 1447 3.553 0.2290 0.6413
2N7X 1448 3.445 0.2492 0.6848
2N7X 1449 3.580 0.2002 0.6413
2N7X 1450 3.469 0.1778 0.6087
2N7X 1451 3.347 0.1871 0.6087
2N7X 1452 3.630 0.2640 0.6630
2N7X 1453 3.459 0.2316 0.6522
2N7X 1454 3.536 0.2196 0.6304
2N7X 1455 3.176 0.1728 0.6196
2N7X 1456 3.428 0.2319 0.6522
2N7X 1457 3.354 0.2303 0.6630
2N7X 1458 3.226 0.1956 0.6304
2N7X 1459 3.438 0.2493 0.6522
2N7X 1460 3.311 0.2158 0.6413
2N7X 1461 3.383 0.2084 0.6304
2N7X 1462 3.456 0.1961 0.6196
2N7X 1463 3.349 0.2359 0.6413
2N7X 1464 3.508 0.2119 0.6304
2N7X 1465 3.357 0.2016 0.6304
2N7X 1466 3.397 0.2742 0.6848
2N7X 1467 3.334 0.2064 0.6522
2N7X 1468 3.314 0.2641 0.6739
2N7X 1469 3.378 0.2067 0.6522
2N7X 1470 3.260 0.2747 0.6848
2N7X 1471 3.327 0.2118 0.6413
2N7X 1472 3.360 0.1842 0.6304
2N7X 1473 3.392 0.1872 0.6304
2N7X 1474 3.262 0.2322 0.6739
2N7X 1475 3.494 0.1714 0.6196
2N7X 1476 3.545 0.1735 0.5870
2N7X 1477 3.484 0.2023 0.6304
2N7X 1478 3.552 0.1870 0.6087
2N7X 1479 3.623 0.2231 0.6522
2N7X 1480 3.381 0.2149 0.6413
2N7X 1481 3.579 0.2050 0.6196
2N7X 1482 3.431 0.2133 0.6522
2N7X 1483 3.305 0.2216 0.6739
2N7X 1484 3.424 0.2017 0.6522
2N7X 1485 3.489 0.1849 0.6522
2N7X 1486 3.750 0.1954 0.5978
2N7X 1487 3.721 0.1977 0.6087
2N7X 1488 3.532 0.1820 0.6196
2N7X 1489 3.421 0.1616 0.6413
2N7X 1490 3.569 0.1822 0.6196
2N7X 1491 3.486 0.1578 0.6087
2N7X 1492 3.542 0.1906 0.5978
2N7X 1493 3.511 0.1588 0.6087
2N7X 1494 3.322 0.1876 0.6413
2N7X 1495 3.392 0.1699 0.6304
2N7X 1496 3.586 0.2189 0.6087
2N7X 1497 3.251 0.2030 0.6196
2N7X 1498 3.059 0.2250 0.6739
2N7X 1499 3.310 0.2546 0.6739
2N7X 1500 3.345 0.2459 0.6739
2N7X 1501 3.478 0.2070 0.6522
2N7X 1502 3.460 0.1783 0.6304
2N7X 1503 3.451 0.1956 0.6087
2N7X 1504 3.389 0.2382 0.6848
2N7X 1505 3.357 0.2377 0.6739
2N7X 1506 3.491 0.2662 0.6739
2N7X 1507 3.244 0.2539 0.6630
2N7X 1508 3.263 0.2546 0.6630
2N7X 1509 3.468 0.2042 0.6413
2N7X 1510 3.382 0.2888 0.6957
2N7X 1511 3.608 0.1823 0.5978
2N7X 1512 3.202 0.2289 0.7174
2N7X 1513 3.327 0.1967 0.6522
2N7X 1514 3.454 0.1910 0.6304
2N7X 1515 3.338 0.1635 0.6196
2N7X 1516 3.383 0.1410 0.6087
2N7X 1517 3.243 0.1177 0.6087
2N7X 1518 3.411 0.1240 0.5761
2N7X 1519 3.394 0.1332 0.6304
2N7X 1520 3.563 0.1353 0.5652
2N7X 1521 3.380 0.1278 0.5870
2N7X 1522 3.403 0.1642 0.6196
2N7X 1523 3.438 0.1656 0.6304
2N7X 1524 3.705 0.1594 0.6196
2N7X 1525 3.666 0.1512 0.6087
2N7X 1526 3.721 0.1547 0.5870
2N7X 1527 3.576 0.1850 0.6304
2N7X 1528 3.633 0.2276 0.6413
2N7X 1529 3.193 0.2511 0.6522
2N7X 1530 3.262 0.2131 0.6630
2N7X 1531 3.432 0.2465 0.6522
2N7X 1532 3.356 0.1959 0.6630
2N7X 1533 3.346 0.2350 0.6739
2N7X 1534 3.420 0.2086 0.6413
2N7X 1535 3.389 0.2512 0.6630
2N7X 1536 3.418 0.2588 0.6739
2N7X 1537 3.377 0.2386 0.6630
2N7X 1538 3.399 0.2130 0.6196
2N7X 1539 3.477 0.2434 0.6739
2N7X 1540 3.523 0.1840 0.6196
2N7X 1541 3.502 0.2749 0.6630
2N7X 1542 3.519 0.2361 0.6739
2N7X 1543 3.450 0.1681 0.6304
2N7X 1544 3.501 0.2440 0.6630
2N7X 1545 3.369 0.2236 0.6522
2N7X 1546 3.713 0.1908 0.6522
2N7X 1547 3.328 0.2154 0.6522
2N7X 1548 3.311 0.2582 0.6848
2N7X 1549 3.561 0.2296 0.6848
2N7X 1550 3.853 0.2350 0.6304
2N7X 1551 3.962 0.3024 0.6630
2N7X 1552 3.480 0.2464 0.6522
2N7X 1553 3.515 0.2287 0.6739
2N7X 1554 3.450 0.2106 0.6304
2N7X 1555 3.550 0.1923 0.6413
2N7X 1556 3.432 0.2050 0.6413
2N7X 1557 3.425 0.1805 0.6196
2N7X 1558 3.595 0.1846 0.6196
2N7X 1559 3.689 0.1743 0.6304
2N7X 1560 3.822 0.1769 0.6304
2N7X 1561 3.695 0.1987 0.6413
2N7X 1562 3.696 0.1389 0.5761
2N7X 1563 3.682 0.1572 0.5978
2N7X 1564 3.755 0.1443 0.6196
2N7X 1565 3.801 0.1814 0.6413
2N7X 1566 3.747 0.1741 0.6196
2N7X 1567 3.532 0.1715 0.6304
2N7X 1568 3.619 0.1804 0.6304
2N7X 1569 3.786 0.2164 0.6522
2N7X 1570 3.533 0.1735 0.6413
2N7X 1571 3.454 0.2038 0.6522
2N7X 1572 3.694 0.1703 0.6087
2N7X 1573 3.396 0.1493 0.6087
2N7X 1574 3.457 0.2524 0.6848
2N7X 1575 3.550 0.1807 0.6413
2N7X 1576 3.290 0.2069 0.6739
2N7X 1577 3.166 0.1759 0.6630
2N7X 1578 3.176 0.1907 0.6739
2N7X 1579 3.309 0.1953 0.6957
2N7X 1580 3.424 0.1456 0.6413
2N7X 1581 3.200 0.1907 0.6413
2N7X 1582 3.501 0.2177 0.6739
2N7X 1583 3.599 0.2130 0.6630
2N7X 1584 3.532 0.1837 0.6196
2N7X 1585 3.404 0.1997 0.6848
2N7X 1586 3.579 0.1850 0.6413
2N7X 1587 3.391 0.2159 0.6522
2N7X 1588 3.291 0.2444 0.7174
2N7X 1589 3.431 0.2039 0.6522
2N7X 1590 3.258 0.1853 0.6413
2N7X 1591 3.391 0.1873 0.6413
2N7X 1592 3.333 0.2020 0.6630
2N7X 1593 3.243 0.2093 0.6848
2N7X 1594 3.231 0.1737 0.6739
2N7X 1595 3.198 0.1672 0.6522
2N7X 1596 3.308 0.1964 0.6957
2N7X 1597 3.230 0.1923 0.6848
2N7X 1598 3.273 0.2583 0.7065
2N7X 1599 3.476 0.2129 0.6739
2N7X 1600 3.292 0.1823 0.6848
2N7X 1601 3.268 0.1799 0.6630
2N7X 1602 3.268 0.1674 0.6522
2N7X 1603 3.282 0.2089 0.6630
2N7X 1604 3.419 0.1912 0.6630
2N7X 1605 3.304 0.2536 0.6957
2N7X 1606 3.545 0.2291 0.6739
2N7X 1607 3.385 0.1781 0.6630
2N7X 1608 3.338 0.2129 0.6848
2N7X 1609 3.462 0.2234 0.6522
2N7X 1610 3.544 0.1936 0.6196
2N7X 1611 3.512 0.1900 0.6413
2N7X 1612 3.483 0.2120 0.6630
2N7X 1613 3.410 0.2271 0.6630
2N7X 1614 3.731 0.1844 0.6196
2N7X 1615 3.614 0.2021 0.6304
2N7X 1616 3.768 0.2009 0.6413
2N7X 1617 3.790 0.1973 0.6196
2N7X 1618 3.710 0.1827 0.6196
2N7X 1619 3.482 0.1967 0.6522
2N7X 1620 3.659 0.1839 0.6304
2N7X 1621 3.661 0.1576 0.6087
2N7X 1622 3.605 0.1708 0.6196
2N7X 1623 3.683 0.1371 0.5978
2N7X 1624 3.711 0.1769 0.6087
2N7X 1625 3.766 0.1576 0.5761
2N7X 1626 3.697 0.1827 0.6304
2N7X 1627 3.817 0.1612 0.6196
2N7X 1628 3.740 0.1971 0.6522
2N7X 1629 3.547 0.2482 0.6957
2N7X 1630 3.475 0.2004 0.6848
2N7X 1631 3.613 0.2485 0.6957
2N7X 1632 3.631 0.2152 0.6522
2N7X 1633 3.611 0.2097 0.6630
2N7X 1634 3.713 0.1541 0.5761
2N7X 1635 3.604 0.1624 0.6522
2N7X 1636 3.860 0.1729 0.6087
2N7X 1637 3.670 0.2148 0.6413
2N7X 1638 3.458 0.2007 0.6304
2N7X 1639 3.623 0.1818 0.6087
2N7X 1640 3.616 0.2491 0.6630
2N7X 1641 3.503 0.1909 0.6304
2N7X 1642 3.722 0.1704 0.6196
2N7X 1643 3.575 0.1758 0.6196
2N7X 1644 3.423 0.1854 0.6304
2N7X 1645 3.638 0.1430 0.6413
2N7X 1646 3.378 0.2107 0.6630
