2LQZ 1 0.000 1.0000 1.0000
2LQZ 2 0.989 0.7249 0.9444
2LQZ 3 0.783 0.6999 0.9630
2LQZ 4 1.138 0.5544 0.8889
2LQZ 5 0.775 0.7175 0.9722
2LQZ 6 1.261 0.5726 0.8981
2LQZ 7 1.156 0.5301 0.8889
2LQZ 8 1.523 0.5909 0.8981
2LQZ 9 1.611 0.5466 0.8796
2LQZ 10 15.977 0.1239 0.3241
2LQZ 11 7.001 0.1357 0.4167
2LQZ 12 9.823 0.1842 0.3981
2LQZ 13 8.718 0.1261 0.3333
2LQZ 14 9.671 0.2080 0.4815
2LQZ 15 7.826 0.1635 0.3796
2LQZ 16 8.670 0.1868 0.3889
2LQZ 17 9.383 0.1843 0.3704
2LQZ 18 7.571 0.1820 0.3889
2LQZ 19 12.182 0.1479 0.3148
2LQZ 20 6.002 0.1765 0.4722
2LQZ 21 12.953 0.1409 0.2870
2LQZ 22 13.906 0.1362 0.3148
2LQZ 23 10.474 0.1624 0.3889
2LQZ 24 6.749 0.1913 0.5093
2LQZ 25 8.132 0.2070 0.4722
2LQZ 26 9.525 0.2082 0.3981
2LQZ 27 8.353 0.2013 0.4167
2LQZ 28 7.540 0.2454 0.4630
2LQZ 29 10.577 0.1267 0.3426
2LQZ 30 13.614 0.1261 0.2778
2LQZ 31 9.850 0.1601 0.3611
2LQZ 32 12.275 0.1913 0.3519
2LQZ 33 11.116 0.1739 0.3796
2LQZ 34 11.691 0.1729 0.3426
2LQZ 35 14.784 0.1841 0.3796
2LQZ 36 5.771 0.1903 0.4907
2LQZ 37 12.666 0.1831 0.3611
2LQZ 38 7.849 0.1921 0.3981
2LQZ 39 6.791 0.2242 0.4907
2LQZ 40 6.900 0.1697 0.4630
2LQZ 41 10.036 0.2136 0.3981
2LQZ 42 10.876 0.2289 0.4352
2LQZ 43 8.274 0.1901 0.4167
2LQZ 44 10.395 0.2131 0.4259
2LQZ 45 7.121 0.2393 0.4722
2LQZ 46 7.832 0.1731 0.3981
2LQZ 47 11.374 0.1780 0.3611
2LQZ 48 9.781 0.1743 0.3889
2LQZ 49 6.746 0.2224 0.5000
2LQZ 50 11.654 0.1101 0.2500
2LQZ 51 9.645 0.2470 0.4537
2LQZ 52 10.272 0.2388 0.4074
2LQZ 53 11.723 0.1166 0.2593
2LQZ 54 8.418 0.1264 0.3148
2LQZ 55 6.122 0.1403 0.4444
2LQZ 56 11.056 0.1338 0.2963
2LQZ 57 13.440 0.1307 0.2778
2LQZ 58 11.260 0.1203 0.2778
2LQZ 59 10.418 0.1801 0.3704
2LQZ 60 9.149 0.1619 0.3611
2LQZ 61 11.854 0.1605 0.3426
2LQZ 62 11.380 0.1583 0.3333
2LQZ 63 13.772 0.2011 0.3519
2LQZ 64 10.781 0.1660 0.3704
2LQZ 65 11.195 0.2103 0.4074
2LQZ 66 8.163 0.2100 0.3796
2LQZ 67 10.331 0.2143 0.3889
2LQZ 68 12.333 0.1666 0.3889
2LQZ 69 13.630 0.1728 0.3519
2LQZ 70 9.821 0.1417 0.3333
2LQZ 71 10.914 0.2160 0.4537
2LQZ 72 8.608 0.1856 0.4259
2LQZ 73 9.615 0.1955 0.3796
2LQZ 74 6.468 0.1889 0.4722
2LQZ 75 11.896 0.1384 0.3241
2LQZ 76 8.893 0.1960 0.3889
2LQZ 77 9.539 0.1798 0.3889
2LQZ 78 6.430 0.1709 0.4352
2LQZ 79 10.521 0.1840 0.3611
2LQZ 80 9.195 0.1656 0.3889
2LQZ 81 9.362 0.2028 0.3796
2LQZ 82 8.133 0.2280 0.4259
2LQZ 83 8.425 0.1694 0.3704
2LQZ 84 9.793 0.1909 0.3704
2LQZ 85 9.871 0.1892 0.3704
2LQZ 86 10.021 0.2148 0.4074
2LQZ 87 7.881 0.1926 0.3889
2LQZ 88 5.412 0.1750 0.5000
2LQZ 89 6.243 0.1767 0.4722
2LQZ 90 6.970 0.2430 0.4722
2LQZ 91 13.478 0.1340 0.2500
2LQZ 92 9.642 0.1364 0.3519
2LQZ 93 12.242 0.1479 0.3426
2LQZ 94 9.799 0.2024 0.4352
2LQZ 95 8.961 0.2003 0.4444
2LQZ 96 10.227 0.1959 0.3981
2LQZ 97 9.803 0.1246 0.3241
2LQZ 98 10.835 0.1431 0.3333
2LQZ 99 8.865 0.1933 0.3889
2LQZ 100 8.304 0.2010 0.3889
2LQZ 101 9.764 0.1909 0.3796
2LQZ 102 10.511 0.2239 0.4537
2LQZ 103 12.775 0.2196 0.3796
2LQZ 104 9.190 0.1719 0.3519
2LQZ 105 10.196 0.1795 0.3981
2LQZ 106 10.841 0.1413 0.3519
2LQZ 107 9.342 0.2030 0.3796
2LQZ 108 10.850 0.1937 0.4167
2LQZ 109 9.631 0.1937 0.4444
2LQZ 110 9.934 0.2091 0.3889
2LQZ 111 8.915 0.1839 0.3704
2LQZ 112 7.050 0.2010 0.4352
2LQZ 113 12.793 0.1788 0.3704
2LQZ 114 12.429 0.1762 0.3333
2LQZ 115 9.654 0.2069 0.4259
2LQZ 116 12.343 0.1792 0.3704
2LQZ 117 9.446 0.1619 0.3889
2LQZ 118 7.976 0.1947 0.4537
2LQZ 119 6.062 0.2326 0.4815
2LQZ 120 10.673 0.2151 0.3796
2LQZ 121 11.771 0.2151 0.3981
2LQZ 122 9.089 0.1915 0.4167
2LQZ 123 9.579 0.1786 0.4074
2LQZ 124 10.407 0.1783 0.3889
2LQZ 125 6.178 0.1954 0.5000
2LQZ 126 8.315 0.1874 0.4537
2LQZ 127 7.205 0.1921 0.4815
2LQZ 128 6.986 0.2083 0.4815
2LQZ 129 4.893 0.1707 0.5093
2LQZ 130 11.113 0.1855 0.3796
2LQZ 131 9.957 0.1080 0.3241
2LQZ 132 11.347 0.2042 0.3611
2LQZ 133 12.173 0.1678 0.3241
2LQZ 134 10.346 0.1993 0.3611
2LQZ 135 9.295 0.1561 0.3981
2LQZ 136 11.767 0.2089 0.4074
2LQZ 137 9.328 0.2235 0.4074
2LQZ 138 7.674 0.2157 0.4352
2LQZ 139 10.501 0.1733 0.3704
2LQZ 140 10.495 0.2126 0.4537
2LQZ 141 12.542 0.1546 0.3704
2LQZ 142 7.785 0.1952 0.4167
2LQZ 143 10.581 0.2328 0.4444
2LQZ 144 8.559 0.2124 0.4259
2LQZ 145 8.930 0.1935 0.4259
2LQZ 146 11.454 0.2387 0.3889
2LQZ 147 9.245 0.1595 0.4167
2LQZ 148 9.787 0.2182 0.4074
2LQZ 149 11.625 0.1832 0.3426
2LQZ 150 10.089 0.1975 0.4074
2LQZ 151 8.032 0.1965 0.3889
2LQZ 152 6.044 0.1984 0.5093
2LQZ 153 5.007 0.2155 0.5370
2LQZ 154 10.507 0.1799 0.3889
2LQZ 155 6.821 0.1892 0.4722
2LQZ 156 5.742 0.1917 0.5093
2LQZ 157 6.295 0.2057 0.4630
2LQZ 158 11.167 0.2532 0.4352
2LQZ 159 6.739 0.1934 0.4722
2LQZ 160 7.731 0.1887 0.4444
2LQZ 161 7.545 0.1982 0.4444
2LQZ 162 7.465 0.1796 0.4352
2LQZ 163 8.956 0.1962 0.4259
2LQZ 164 8.761 0.1993 0.4352
2LQZ 165 5.995 0.2169 0.5000
2LQZ 166 7.362 0.2324 0.4907
2LQZ 167 10.094 0.1856 0.4167
2LQZ 168 7.791 0.1710 0.4352
2LQZ 169 12.410 0.2014 0.3981
2LQZ 170 9.125 0.1025 0.2778
2LQZ 171 9.658 0.1713 0.3796
2LQZ 172 9.851 0.1794 0.4167
2LQZ 173 11.881 0.1496 0.3611
2LQZ 174 10.887 0.1613 0.3704
2LQZ 175 11.464 0.1232 0.3148
2LQZ 176 9.749 0.1917 0.4074
2LQZ 177 5.821 0.2019 0.5000
2LQZ 178 11.573 0.2009 0.3889
2LQZ 179 10.102 0.1855 0.4167
2LQZ 180 9.465 0.1067 0.3333
2LQZ 181 12.281 0.1855 0.3611
2LQZ 182 8.254 0.1793 0.3889
2LQZ 183 8.426 0.1812 0.3981
2LQZ 184 5.094 0.2105 0.5278
2LQZ 185 10.555 0.1647 0.3704
2LQZ 186 11.703 0.1917 0.4167
2LQZ 187 10.062 0.1823 0.3796
2LQZ 188 11.525 0.2363 0.3981
2LQZ 189 12.737 0.2415 0.3981
2LQZ 190 9.866 0.1803 0.3611
2LQZ 191 12.052 0.2192 0.3889
2LQZ 192 10.771 0.2076 0.4167
2LQZ 193 4.844 0.2453 0.5278
2LQZ 194 11.108 0.1980 0.4259
2LQZ 195 7.094 0.2067 0.4537
2LQZ 196 5.292 0.1824 0.4907
2LQZ 197 5.452 0.2024 0.5000
2LQZ 198 9.297 0.1913 0.4352
2LQZ 199 10.020 0.2059 0.4630
2LQZ 200 4.710 0.2217 0.5741
2LQZ 201 8.171 0.1821 0.4444
2LQZ 202 7.465 0.2158 0.4722
2LQZ 203 10.754 0.1779 0.4074
2LQZ 204 4.701 0.2195 0.5556
2LQZ 205 5.635 0.2226 0.5185
2LQZ 206 7.557 0.2113 0.4444
2LQZ 207 11.957 0.1883 0.4074
2LQZ 208 13.687 0.1762 0.3611
2LQZ 209 5.810 0.1984 0.5000
2LQZ 210 11.141 0.1976 0.3981
2LQZ 211 11.194 0.2855 0.4907
2LQZ 212 10.657 0.2092 0.3981
2LQZ 213 10.603 0.1862 0.3333
2LQZ 214 11.174 0.1900 0.3796
2LQZ 215 13.382 0.1709 0.3981
2LQZ 216 10.258 0.2213 0.4074
2LQZ 217 8.312 0.2222 0.4352
2LQZ 218 8.722 0.1736 0.3981
2LQZ 219 6.230 0.2098 0.5093
2LQZ 220 10.775 0.1841 0.3241
2LQZ 221 8.667 0.1567 0.3611
2LQZ 222 11.900 0.1901 0.3704
2LQZ 223 4.869 0.2201 0.5370
2LQZ 224 8.629 0.1802 0.4074
2LQZ 225 7.110 0.1986 0.4722
2LQZ 226 11.667 0.1753 0.3704
2LQZ 227 9.973 0.1899 0.3981
2LQZ 228 11.743 0.2501 0.4259
2LQZ 229 12.087 0.2058 0.4444
2LQZ 230 10.205 0.1776 0.3704
2LQZ 231 9.589 0.1859 0.3796
2LQZ 232 12.373 0.1951 0.4167
2LQZ 233 11.086 0.1957 0.3796
2LQZ 234 10.104 0.1883 0.3981
2LQZ 235 9.420 0.1767 0.3796
2LQZ 236 10.801 0.1631 0.3796
2LQZ 237 8.100 0.2310 0.4630
2LQZ 238 9.814 0.2010 0.4074
2LQZ 239 7.732 0.2102 0.3981
2LQZ 240 10.980 0.2104 0.3981
2LQZ 241 11.265 0.2001 0.3796
2LQZ 242 12.476 0.1577 0.3426
2LQZ 243 6.599 0.1968 0.4722
2LQZ 244 11.398 0.1821 0.4352
2LQZ 245 7.427 0.2585 0.5000
2LQZ 246 8.902 0.2267 0.4167
2LQZ 247 7.949 0.2095 0.4444
2LQZ 248 12.003 0.1731 0.3796
2LQZ 249 8.449 0.1874 0.4259
2LQZ 250 11.067 0.1886 0.4074
2LQZ 251 10.181 0.1210 0.3148
2LQZ 252 9.541 0.2138 0.3889
2LQZ 253 8.468 0.1649 0.3704
2LQZ 254 9.198 0.1729 0.3611
2LQZ 255 12.066 0.1135 0.2870
2LQZ 256 8.628 0.1911 0.4167
2LQZ 257 8.987 0.1701 0.4259
2LQZ 258 12.338 0.1714 0.3148
2LQZ 259 7.846 0.1987 0.4630
2LQZ 260 12.162 0.1678 0.3148
2LQZ 261 10.097 0.1809 0.3611
2LQZ 262 7.462 0.2049 0.4537
2LQZ 263 8.279 0.2148 0.4167
2LQZ 264 9.114 0.1840 0.3426
2LQZ 265 8.964 0.1835 0.4815
2LQZ 266 7.109 0.2704 0.5185
2LQZ 267 7.808 0.1830 0.4722
2LQZ 268 11.945 0.1731 0.3981
2LQZ 269 11.296 0.1803 0.3981
2LQZ 270 11.000 0.1875 0.3889
2LQZ 271 6.755 0.2091 0.5000
2LQZ 272 4.745 0.1839 0.5370
2LQZ 273 4.864 0.2244 0.5648
2LQZ 274 6.440 0.1687 0.4352
2LQZ 275 7.758 0.2218 0.4537
2LQZ 276 7.233 0.1987 0.4630
2LQZ 277 5.643 0.1884 0.5185
2LQZ 278 9.181 0.2186 0.4444
2LQZ 279 8.307 0.2042 0.4074
2LQZ 280 4.341 0.2189 0.5370
2LQZ 281 6.119 0.2174 0.5000
2LQZ 282 4.777 0.2186 0.5741
2LQZ 283 11.691 0.1805 0.3704
2LQZ 284 7.121 0.1896 0.4537
2LQZ 285 10.264 0.2016 0.4259
2LQZ 286 7.002 0.1916 0.4815
2LQZ 287 9.044 0.2095 0.4537
2LQZ 288 4.507 0.2020 0.5278
2LQZ 289 8.685 0.1955 0.4352
2LQZ 290 10.886 0.1292 0.2685
2LQZ 291 9.023 0.1640 0.3796
2LQZ 292 10.153 0.1447 0.3611
2LQZ 293 8.865 0.1439 0.3704
2LQZ 294 14.228 0.1346 0.3056
2LQZ 295 9.504 0.1950 0.3704
2LQZ 296 10.251 0.2166 0.4074
2LQZ 297 12.416 0.1929 0.3704
2LQZ 298 10.192 0.2288 0.4907
2LQZ 299 12.531 0.1404 0.3611
2LQZ 300 10.364 0.1927 0.4259
2LQZ 301 12.705 0.1601 0.3056
2LQZ 302 8.383 0.1835 0.4444
2LQZ 303 10.494 0.1494 0.3426
2LQZ 304 12.989 0.1911 0.3796
2LQZ 305 6.193 0.2075 0.4815
2LQZ 306 11.024 0.2114 0.4352
2LQZ 307 10.684 0.1540 0.3611
2LQZ 308 10.330 0.1611 0.3611
2LQZ 309 8.534 0.2014 0.4167
2LQZ 310 10.901 0.1717 0.3889
2LQZ 311 5.995 0.1792 0.4722
2LQZ 312 7.685 0.1690 0.4074
2LQZ 313 10.232 0.2093 0.4074
2LQZ 314 6.285 0.2024 0.4537
2LQZ 315 10.560 0.2540 0.4537
2LQZ 316 11.472 0.2252 0.3611
2LQZ 317 7.565 0.1945 0.4352
2LQZ 318 11.320 0.2082 0.3981
2LQZ 319 10.600 0.1911 0.4167
2LQZ 320 6.181 0.2335 0.5000
2LQZ 321 9.904 0.1969 0.3981
2LQZ 322 7.452 0.1814 0.4537
2LQZ 323 11.144 0.2182 0.3889
2LQZ 324 7.693 0.1941 0.4352
2LQZ 325 8.610 0.1859 0.4259
2LQZ 326 9.511 0.2255 0.4537
2LQZ 327 6.562 0.1742 0.4907
2LQZ 328 12.768 0.1807 0.3704
2LQZ 329 8.592 0.1873 0.4444
2LQZ 330 8.330 0.1594 0.4537
2LQZ 331 8.023 0.2043 0.4259
2LQZ 332 11.078 0.1099 0.2870
2LQZ 333 9.953 0.1108 0.2778
2LQZ 334 10.840 0.2147 0.3889
2LQZ 335 12.289 0.1355 0.3056
2LQZ 336 7.033 0.1889 0.4074
2LQZ 337 6.022 0.1944 0.5000
2LQZ 338 9.458 0.1545 0.3889
2LQZ 339 11.267 0.1836 0.4352
2LQZ 340 8.552 0.1556 0.3796
2LQZ 341 10.267 0.2140 0.3704
2LQZ 342 9.583 0.2041 0.4074
2LQZ 343 11.528 0.2068 0.4074
2LQZ 344 10.435 0.1363 0.3519
2LQZ 345 10.079 0.2125 0.3889
2LQZ 346 12.804 0.1399 0.3519
2LQZ 347 9.691 0.1975 0.4167
2LQZ 348 8.906 0.2074 0.3981
2LQZ 349 8.799 0.1872 0.4167
2LQZ 350 11.777 0.2158 0.4167
2LQZ 351 7.213 0.2164 0.4537
2LQZ 352 7.677 0.2048 0.3981
2LQZ 353 9.734 0.1995 0.3889
2LQZ 354 8.680 0.1579 0.4167
2LQZ 355 13.488 0.1817 0.3889
2LQZ 356 13.656 0.2307 0.3889
2LQZ 357 10.159 0.2033 0.4167
2LQZ 358 11.126 0.1664 0.3704
2LQZ 359 10.758 0.1987 0.4167
2LQZ 360 13.943 0.1949 0.3981
2LQZ 361 8.424 0.1989 0.4074
2LQZ 362 9.405 0.1813 0.3981
2LQZ 363 8.040 0.1901 0.4722
2LQZ 364 10.657 0.2246 0.3981
2LQZ 365 8.713 0.1908 0.4259
2LQZ 366 10.467 0.1975 0.4074
2LQZ 367 7.818 0.1846 0.4167
2LQZ 368 11.360 0.1807 0.3426
2LQZ 369 7.183 0.2049 0.4630
2LQZ 370 13.417 0.2015 0.3889
2LQZ 371 13.759 0.1406 0.3333
2LQZ 372 9.863 0.1542 0.3796
2LQZ 373 11.249 0.1238 0.3333
2LQZ 374 11.977 0.2017 0.3981
2LQZ 375 10.019 0.1855 0.3796
2LQZ 376 10.423 0.1231 0.3704
2LQZ 377 11.473 0.1756 0.3426
2LQZ 378 5.604 0.1653 0.4630
2LQZ 379 12.037 0.1415 0.3519
2LQZ 380 10.558 0.1874 0.3704
2LQZ 381 10.237 0.1928 0.3796
2LQZ 382 10.999 0.1684 0.3889
2LQZ 383 12.260 0.1754 0.3611
2LQZ 384 10.711 0.2021 0.3704
2LQZ 385 4.519 0.2414 0.5556
2LQZ 386 13.430 0.1553 0.3333
2LQZ 387 9.596 0.1876 0.4167
2LQZ 388 8.470 0.1627 0.3611
2LQZ 389 6.483 0.1938 0.4630
2LQZ 390 9.165 0.1551 0.3519
2LQZ 391 11.914 0.2254 0.4537
2LQZ 392 7.216 0.1858 0.4444
2LQZ 393 12.405 0.1950 0.3889
2LQZ 394 11.348 0.1687 0.3241
2LQZ 395 12.751 0.1404 0.3333
2LQZ 396 9.528 0.2221 0.4167
2LQZ 397 9.894 0.2098 0.4167
2LQZ 398 9.698 0.2410 0.4537
2LQZ 399 5.887 0.2054 0.4907
2LQZ 400 12.344 0.1864 0.3519
2LQZ 401 10.264 0.1854 0.3889
2LQZ 402 9.000 0.1751 0.4074
2LQZ 403 12.249 0.2079 0.4074
2LQZ 404 9.394 0.1990 0.4259
2LQZ 405 8.800 0.2126 0.4352
2LQZ 406 12.836 0.1897 0.3796
2LQZ 407 10.736 0.1870 0.3611
2LQZ 408 8.452 0.1870 0.4352
2LQZ 409 7.688 0.1888 0.4537
2LQZ 410 1.385 0.4420 0.8333
2LQZ 411 1.538 0.4725 0.8426
2LQZ 412 1.539 0.4629 0.8426
2LQZ 413 1.470 0.4859 0.8611
2LQZ 414 1.531 0.4840 0.8426
2LQZ 415 1.529 0.4809 0.8519
2LQZ 416 1.558 0.4761 0.8519
2LQZ 417 1.560 0.4756 0.8519
2LQZ 418 1.527 0.4800 0.8519
2LQZ 419 1.565 0.4750 0.8519
2LQZ 420 1.543 0.4800 0.8519
2LQZ 421 1.536 0.4815 0.8519
2LQZ 422 1.528 0.4812 0.8519
2LQZ 423 1.531 0.4839 0.8519
2LQZ 424 1.542 0.4828 0.8519
2LQZ 425 1.534 0.4821 0.8519
2LQZ 426 1.538 0.4802 0.8519
2LQZ 427 1.552 0.4814 0.8519
2LQZ 428 1.538 0.4823 0.8519
2LQZ 429 1.549 0.4790 0.8519
2LQZ 430 1.534 0.4843 0.8519
2LQZ 431 1.536 0.4818 0.8519
2LQZ 432 1.536 0.4829 0.8519
2LQZ 433 1.546 0.4811 0.8519
2LQZ 434 1.538 0.4811 0.8519
2LQZ 435 1.542 0.4800 0.8519
2LQZ 436 1.547 0.4808 0.8519
2LQZ 437 1.545 0.4818 0.8519
2LQZ 438 1.527 0.4814 0.8519
2LQZ 439 1.550 0.4775 0.8519
2LQZ 440 1.536 0.4800 0.8519
2LQZ 441 1.558 0.4770 0.8519
2LQZ 442 1.554 0.4774 0.8519
2LQZ 443 1.530 0.4792 0.8611
2LQZ 444 1.531 0.4800 0.8519
2LQZ 445 1.515 0.4866 0.8519
2LQZ 446 1.526 0.4837 0.8519
2LQZ 447 1.534 0.4812 0.8519
2LQZ 448 1.529 0.4804 0.8519
2LQZ 449 1.524 0.4833 0.8611
2LQZ 450 1.560 0.4736 0.8519
2LQZ 451 1.545 0.4787 0.8519
2LQZ 452 1.521 0.4840 0.8519
2LQZ 453 1.520 0.4821 0.8519
2LQZ 454 1.546 0.4780 0.8519
2LQZ 455 1.549 0.4798 0.8519
2LQZ 456 1.518 0.4836 0.8611
2LQZ 457 1.538 0.4801 0.8426
2LQZ 458 1.537 0.4819 0.8519
2LQZ 459 1.564 0.4736 0.8519
2LQZ 460 1.544 0.4774 0.8519
2LQZ 461 1.548 0.4782 0.8519
2LQZ 462 1.555 0.4826 0.8519
2LQZ 463 1.551 0.4756 0.8519
2LQZ 464 1.549 0.4779 0.8519
2LQZ 465 1.534 0.4835 0.8611
2LQZ 466 1.553 0.4750 0.8519
2LQZ 467 1.497 0.4911 0.8704
2LQZ 468 1.567 0.4771 0.8519
2LQZ 469 1.537 0.4753 0.8519
2LQZ 470 1.583 0.4667 0.8426
2LQZ 471 1.564 0.4718 0.8426
2LQZ 472 1.549 0.4742 0.8519
2LQZ 473 1.538 0.4820 0.8519
2LQZ 474 1.569 0.4663 0.8519
2LQZ 475 1.549 0.4812 0.8519
2LQZ 476 1.577 0.4800 0.8426
2LQZ 477 1.539 0.4852 0.8519
2LQZ 478 1.506 0.4988 0.8519
2LQZ 479 1.503 0.4934 0.8519
2LQZ 480 1.511 0.4939 0.8611
2LQZ 481 1.500 0.4903 0.8611
2LQZ 482 1.507 0.4899 0.8611
2LQZ 483 1.495 0.4940 0.8611
2LQZ 484 1.501 0.4868 0.8611
2LQZ 485 1.500 0.4900 0.8519
2LQZ 486 1.507 0.4917 0.8611
2LQZ 487 1.490 0.4931 0.8611
2LQZ 488 1.535 0.4823 0.8426
2LQZ 489 1.478 0.4981 0.8519
2LQZ 490 1.521 0.4814 0.8519
2LQZ 491 1.485 0.4918 0.8519
2LQZ 492 1.546 0.4811 0.8519
2LQZ 493 1.519 0.4815 0.8611
2LQZ 494 1.529 0.4811 0.8519
2LQZ 495 1.499 0.4922 0.8611
2LQZ 496 1.511 0.4865 0.8519
2LQZ 497 1.541 0.4801 0.8519
2LQZ 498 1.466 0.5014 0.8519
2LQZ 499 1.510 0.4932 0.8704
2LQZ 500 1.486 0.4882 0.8519
2LQZ 501 1.439 0.5031 0.8611
2LQZ 502 1.498 0.4899 0.8519
2LQZ 503 1.525 0.4924 0.8611
2LQZ 504 1.476 0.4897 0.8519
2LQZ 505 1.536 0.4798 0.8519
2LQZ 506 1.482 0.4911 0.8519
2LQZ 507 1.462 0.4966 0.8611
2LQZ 508 1.505 0.4921 0.8611
2LQZ 509 1.506 0.4945 0.8611
2LQZ 510 1.565 0.4742 0.8519
2LQZ 511 1.496 0.4957 0.8611
2LQZ 512 1.536 0.4774 0.8519
2LQZ 513 1.487 0.4923 0.8611
2LQZ 514 1.492 0.4979 0.8611
2LQZ 515 1.485 0.4844 0.8519
2LQZ 516 1.476 0.5007 0.8611
2LQZ 517 1.502 0.4819 0.8519
2LQZ 518 1.448 0.5007 0.8611
2LQZ 519 1.485 0.4922 0.8519
2LQZ 520 1.486 0.5018 0.8704
2LQZ 521 1.516 0.4864 0.8519
2LQZ 522 1.435 0.5052 0.8704
2LQZ 523 1.468 0.5006 0.8611
2LQZ 524 1.404 0.5148 0.8611
2LQZ 525 1.378 0.5154 0.8611
2LQZ 526 1.343 0.5302 0.8704
2LQZ 527 1.381 0.5160 0.8704
2LQZ 528 1.368 0.5156 0.8611
2LQZ 529 1.338 0.5188 0.8796
2LQZ 530 1.419 0.4976 0.8519
2LQZ 531 1.343 0.5217 0.8704
2LQZ 532 1.360 0.5178 0.8611
2LQZ 533 1.374 0.5134 0.8611
2LQZ 534 1.302 0.5265 0.8704
2LQZ 535 1.381 0.5062 0.8704
2LQZ 536 1.402 0.5037 0.8611
2LQZ 537 1.293 0.5306 0.8796
2LQZ 538 1.320 0.5120 0.8704
2LQZ 539 1.252 0.5512 0.8796
2LQZ 540 1.371 0.5172 0.8611
2LQZ 541 1.299 0.5355 0.8611
2LQZ 542 1.258 0.5595 0.8796
2LQZ 543 1.305 0.5496 0.8796
2LQZ 544 1.181 0.5779 0.8796
2LQZ 545 1.234 0.5657 0.8796
2LQZ 546 1.250 0.5642 0.8889
2LQZ 547 1.235 0.5667 0.8889
2LQZ 548 1.208 0.5815 0.9074
2LQZ 549 1.238 0.5579 0.8796
2LQZ 550 1.233 0.5767 0.8889
2LQZ 551 1.208 0.5708 0.8981
2LQZ 552 1.196 0.5657 0.8889
2LQZ 553 1.207 0.5851 0.8981
2LQZ 554 1.228 0.5694 0.8796
2LQZ 555 1.269 0.5592 0.8889
2LQZ 556 1.202 0.5728 0.8981
2LQZ 557 1.163 0.5896 0.8889
2LQZ 558 1.293 0.5382 0.8796
2LQZ 559 1.202 0.5638 0.8981
2LQZ 560 1.311 0.5395 0.8611
2LQZ 561 1.245 0.5589 0.8796
2LQZ 562 1.210 0.5742 0.8889
2LQZ 563 1.221 0.5582 0.8796
2LQZ 564 1.275 0.5436 0.8704
2LQZ 565 1.216 0.5676 0.8796
2LQZ 566 1.259 0.5491 0.8796
2LQZ 567 1.253 0.5632 0.8796
2LQZ 568 1.234 0.5621 0.8796
2LQZ 569 1.242 0.5472 0.8704
2LQZ 570 1.248 0.5559 0.8889
2LQZ 571 1.180 0.5838 0.8981
2LQZ 572 1.214 0.5627 0.8889
2LQZ 573 1.252 0.5445 0.8796
2LQZ 574 1.251 0.5566 0.8796
2LQZ 575 1.198 0.5700 0.8889
2LQZ 576 1.229 0.5736 0.8981
2LQZ 577 1.272 0.5579 0.8704
2LQZ 578 1.274 0.5419 0.8981
2LQZ 579 1.260 0.5408 0.8796
2LQZ 580 1.237 0.5675 0.8981
2LQZ 581 1.275 0.5313 0.8704
2LQZ 582 1.278 0.5309 0.8704
2LQZ 583 1.265 0.5564 0.8981
2LQZ 584 1.344 0.5152 0.8611
2LQZ 585 1.327 0.5308 0.8796
2LQZ 586 1.255 0.5420 0.8796
2LQZ 587 1.252 0.5548 0.8889
2LQZ 588 1.327 0.5468 0.8796
2LQZ 589 1.268 0.5409 0.8704
2LQZ 590 1.317 0.5534 0.8889
2LQZ 591 1.228 0.5561 0.8796
2LQZ 592 1.206 0.5807 0.8889
2LQZ 593 1.282 0.5480 0.8889
2LQZ 594 1.236 0.5708 0.8981
2LQZ 595 1.289 0.5638 0.8981
2LQZ 596 1.196 0.5840 0.9074
2LQZ 597 1.231 0.5740 0.8981
2LQZ 598 1.211 0.5876 0.8981
2LQZ 599 1.259 0.5504 0.8889
2LQZ 600 1.272 0.5699 0.8981
2LQZ 601 1.260 0.5813 0.8981
2LQZ 602 1.246 0.5670 0.8889
2LQZ 603 1.316 0.5482 0.8889
2LQZ 604 1.260 0.5616 0.8889
2LQZ 605 1.252 0.5661 0.8981
2LQZ 606 1.279 0.5682 0.8889
2LQZ 607 1.237 0.5670 0.8889
2LQZ 608 1.252 0.5592 0.8889
2LQZ 609 1.316 0.5638 0.8981
2LQZ 610 1.288 0.5548 0.8704
2LQZ 611 1.288 0.5455 0.8796
2LQZ 612 1.275 0.5543 0.8889
2LQZ 613 1.369 0.5241 0.8704
2LQZ 614 1.334 0.5178 0.8611
2LQZ 615 1.375 0.5164 0.8611
2LQZ 616 1.306 0.5390 0.8796
2LQZ 617 1.378 0.5126 0.8611
2LQZ 618 1.338 0.5227 0.8704
2LQZ 619 1.395 0.5125 0.8611
2LQZ 620 1.278 0.5435 0.8704
2LQZ 621 1.288 0.5445 0.8889
2LQZ 622 1.259 0.5655 0.8889
2LQZ 623 1.360 0.5347 0.8704
2LQZ 624 1.366 0.5273 0.8889
2LQZ 625 1.367 0.5471 0.8889
2LQZ 626 1.373 0.5468 0.8981
2LQZ 627 1.393 0.5403 0.8889
2LQZ 628 1.374 0.5299 0.8796
2LQZ 629 1.292 0.5549 0.8981
2LQZ 630 1.328 0.5495 0.8981
2LQZ 631 1.309 0.5619 0.8889
2LQZ 632 1.330 0.5419 0.8704
2LQZ 633 1.367 0.5208 0.8796
2LQZ 634 1.367 0.5396 0.8796
2LQZ 635 1.457 0.5115 0.8704
2LQZ 636 1.536 0.4956 0.8611
2LQZ 637 1.553 0.5052 0.8611
2LQZ 638 1.569 0.4818 0.8333
2LQZ 639 1.619 0.4550 0.8333
2LQZ 640 1.750 0.4423 0.8241
2LQZ 641 1.820 0.4509 0.8148
2LQZ 642 1.760 0.4621 0.8241
2LQZ 643 1.737 0.4560 0.8241
2LQZ 644 1.963 0.3792 0.7963
2LQZ 645 1.855 0.4198 0.8148
2LQZ 646 1.792 0.4608 0.8333
2LQZ 647 1.865 0.4581 0.8241
2LQZ 648 1.818 0.4338 0.8241
2LQZ 649 1.778 0.4648 0.8333
2LQZ 650 1.853 0.4650 0.8333
2LQZ 651 1.892 0.4284 0.8241
2LQZ 652 1.873 0.4035 0.8148
2LQZ 653 1.880 0.4392 0.8241
2LQZ 654 1.781 0.4368 0.8333
2LQZ 655 1.917 0.4249 0.8148
2LQZ 656 1.892 0.4437 0.8056
2LQZ 657 1.817 0.4310 0.8241
2LQZ 658 1.940 0.4028 0.8056
2LQZ 659 1.744 0.4686 0.8519
2LQZ 660 1.867 0.4314 0.8148
2LQZ 661 1.832 0.4233 0.8241
2LQZ 662 1.925 0.4126 0.8148
2LQZ 663 1.870 0.4097 0.7870
2LQZ 664 1.995 0.4338 0.7870
2LQZ 665 1.971 0.4221 0.8056
2LQZ 666 1.887 0.4361 0.8148
2LQZ 667 1.868 0.4146 0.8056
2LQZ 668 2.076 0.3526 0.7593
2LQZ 669 1.932 0.3870 0.7685
2LQZ 670 2.042 0.4075 0.7870
2LQZ 671 1.908 0.4042 0.7963
2LQZ 672 2.037 0.3893 0.7963
2LQZ 673 2.012 0.4011 0.7870
2LQZ 674 1.964 0.3973 0.7963
2LQZ 675 2.146 0.3965 0.7870
2LQZ 676 2.115 0.3855 0.7870
2LQZ 677 1.945 0.3983 0.7870
2LQZ 678 1.985 0.4132 0.8056
2LQZ 679 1.937 0.4021 0.8056
2LQZ 680 1.954 0.4280 0.8148
2LQZ 681 2.025 0.4027 0.8056
2LQZ 682 2.067 0.4271 0.8148
2LQZ 683 1.916 0.4163 0.8056
2LQZ 684 1.938 0.4188 0.8056
2LQZ 685 2.031 0.4024 0.8148
2LQZ 686 2.020 0.4000 0.7870
2LQZ 687 2.032 0.3781 0.7778
2LQZ 688 2.178 0.3605 0.7593
2LQZ 689 1.998 0.4259 0.8148
2LQZ 690 2.129 0.3608 0.7685
2LQZ 691 1.908 0.4018 0.7870
2LQZ 692 1.940 0.3807 0.7685
2LQZ 693 2.054 0.3761 0.7870
2LQZ 694 1.984 0.3934 0.7870
2LQZ 695 1.930 0.4022 0.8056
2LQZ 696 2.024 0.3946 0.7778
2LQZ 697 2.046 0.3982 0.7963
2LQZ 698 1.983 0.4137 0.7963
2LQZ 699 2.116 0.3826 0.7778
2LQZ 700 1.888 0.4047 0.8056
2LQZ 701 1.936 0.3807 0.7963
2LQZ 702 2.071 0.3939 0.7963
2LQZ 703 2.026 0.3629 0.7778
2LQZ 704 2.131 0.3648 0.7593
2LQZ 705 1.766 0.4134 0.8148
2LQZ 706 2.012 0.4070 0.8056
2LQZ 707 1.990 0.3685 0.7685
2LQZ 708 1.887 0.4003 0.7870
2LQZ 709 2.148 0.3894 0.7870
2LQZ 710 1.961 0.3846 0.7870
2LQZ 711 2.129 0.3657 0.7593
2LQZ 712 2.105 0.3656 0.7685
2LQZ 713 1.954 0.3799 0.7685
2LQZ 714 2.057 0.4098 0.8148
2LQZ 715 2.075 0.3895 0.7870
2LQZ 716 2.047 0.3816 0.7778
2LQZ 717 2.123 0.3676 0.7685
2LQZ 718 2.238 0.3564 0.7685
2LQZ 719 2.070 0.3711 0.7685
2LQZ 720 2.135 0.3805 0.7778
2LQZ 721 2.086 0.3769 0.7685
2LQZ 722 2.179 0.3625 0.7778
2LQZ 723 2.116 0.3477 0.7500
2LQZ 724 2.086 0.3472 0.7407
2LQZ 725 2.189 0.3219 0.7315
2LQZ 726 2.147 0.3601 0.7778
2LQZ 727 2.124 0.3434 0.7500
2LQZ 728 2.039 0.3612 0.7593
2LQZ 729 2.100 0.3586 0.7778
2LQZ 730 2.049 0.3557 0.7593
2LQZ 731 2.020 0.3649 0.7778
2LQZ 732 2.030 0.3643 0.7870
2LQZ 733 1.943 0.3667 0.7870
2LQZ 734 1.903 0.3720 0.7778
2LQZ 735 1.962 0.3996 0.8056
2LQZ 736 2.033 0.3505 0.7685
2LQZ 737 2.160 0.3715 0.7593
2LQZ 738 2.277 0.3525 0.7315
2LQZ 739 2.405 0.3396 0.7222
2LQZ 740 2.075 0.3580 0.7778
2LQZ 741 2.226 0.3429 0.7500
2LQZ 742 2.186 0.3751 0.7685
2LQZ 743 2.243 0.3574 0.7500
2LQZ 744 2.312 0.3537 0.7315
2LQZ 745 2.322 0.3413 0.7222
2LQZ 746 2.162 0.3592 0.7500
2LQZ 747 2.087 0.3623 0.7500
2LQZ 748 2.143 0.3785 0.7500
2LQZ 749 2.231 0.3703 0.7407
2LQZ 750 2.105 0.3800 0.7593
2LQZ 751 2.172 0.3699 0.7407
2LQZ 752 2.048 0.3532 0.7593
2LQZ 753 1.911 0.3822 0.7870
2LQZ 754 1.997 0.3540 0.7778
2LQZ 755 2.142 0.3592 0.7593
2LQZ 756 1.938 0.3684 0.7685
2LQZ 757 2.037 0.3396 0.7593
2LQZ 758 2.072 0.3414 0.7500
2LQZ 759 2.055 0.3400 0.7315
2LQZ 760 2.032 0.3473 0.7407
2LQZ 761 2.067 0.3488 0.7593
2LQZ 762 2.204 0.3360 0.7315
2LQZ 763 1.903 0.3662 0.7500
2LQZ 764 1.866 0.3693 0.7778
2LQZ 765 1.986 0.3624 0.7685
2LQZ 766 2.011 0.3644 0.7593
2LQZ 767 1.865 0.3828 0.7778
2LQZ 768 1.937 0.3590 0.7593
2LQZ 769 1.999 0.3375 0.7315
2LQZ 770 1.983 0.3528 0.7315
2LQZ 771 1.842 0.3709 0.7685
2LQZ 772 1.905 0.3632 0.7593
2LQZ 773 1.998 0.3497 0.7593
2LQZ 774 1.830 0.3742 0.7685
2LQZ 775 2.029 0.3384 0.7315
2LQZ 776 1.986 0.3598 0.7407
2LQZ 777 1.994 0.3748 0.7593
2LQZ 778 1.938 0.3748 0.7407
2LQZ 779 1.886 0.3476 0.7407
2LQZ 780 1.981 0.3597 0.7593
2LQZ 781 1.949 0.3682 0.7593
2LQZ 782 1.934 0.3761 0.7500
2LQZ 783 1.919 0.3643 0.7593
2LQZ 784 1.999 0.3685 0.7593
2LQZ 785 1.861 0.3709 0.7500
2LQZ 786 1.861 0.3700 0.7778
2LQZ 787 1.908 0.3754 0.7500
2LQZ 788 1.834 0.3843 0.7593
2LQZ 789 1.792 0.4054 0.7870
2LQZ 790 1.896 0.3893 0.7593
2LQZ 791 1.959 0.3619 0.7500
2LQZ 792 2.008 0.3688 0.7593
2LQZ 793 1.835 0.3742 0.7778
2LQZ 794 2.006 0.3870 0.7593
2LQZ 795 2.020 0.3631 0.7500
2LQZ 796 1.887 0.3540 0.7500
2LQZ 797 1.852 0.3857 0.7685
2LQZ 798 1.794 0.3889 0.7778
2LQZ 799 1.891 0.3722 0.7500
2LQZ 800 1.971 0.3702 0.7593
2LQZ 801 1.919 0.3891 0.7500
2LQZ 802 1.985 0.3619 0.7407
2LQZ 803 1.865 0.3741 0.7593
2LQZ 804 1.798 0.3969 0.7963
2LQZ 805 1.814 0.3729 0.7685
2LQZ 806 1.965 0.3900 0.7500
2LQZ 807 1.815 0.3824 0.7685
2LQZ 808 1.957 0.3734 0.7593
2LQZ 809 1.927 0.3770 0.7500
2LQZ 810 1.956 0.3905 0.7685
2LQZ 811 1.900 0.3869 0.7593
2LQZ 812 1.896 0.3548 0.7407
2LQZ 813 1.796 0.3678 0.7778
2LQZ 814 1.787 0.3717 0.7593
2LQZ 815 1.826 0.3959 0.7870
2LQZ 816 2.031 0.3449 0.7407
2LQZ 817 1.986 0.3707 0.7407
2LQZ 818 1.892 0.3931 0.7778
2LQZ 819 1.920 0.3693 0.7500
2LQZ 820 1.919 0.3860 0.7685
2LQZ 821 1.928 0.3730 0.7500
2LQZ 822 1.950 0.3773 0.7315
2LQZ 823 1.835 0.3926 0.7593
2LQZ 824 1.881 0.3785 0.7500
2LQZ 825 1.840 0.3777 0.7685
2LQZ 826 1.920 0.3909 0.8056
2LQZ 827 1.906 0.3984 0.7870
2LQZ 828 1.831 0.3814 0.7870
2LQZ 829 1.953 0.3834 0.7685
2LQZ 830 1.868 0.3933 0.7778
2LQZ 831 1.856 0.3756 0.7685
2LQZ 832 1.778 0.3919 0.7685
2LQZ 833 1.941 0.3758 0.7593
2LQZ 834 2.070 0.3289 0.7315
2LQZ 835 1.988 0.3417 0.7593
2LQZ 836 1.910 0.3608 0.7500
2LQZ 837 1.980 0.3598 0.7593
2LQZ 838 2.071 0.3441 0.7500
2LQZ 839 2.112 0.3348 0.7407
2LQZ 840 2.075 0.3258 0.7222
2LQZ 841 2.022 0.3570 0.7685
2LQZ 842 1.964 0.3636 0.7593
2LQZ 843 2.043 0.3215 0.7407
2LQZ 844 1.898 0.3757 0.7593
2LQZ 845 1.918 0.3621 0.7500
2LQZ 846 1.917 0.3700 0.7500
2LQZ 847 1.947 0.3622 0.7500
2LQZ 848 2.068 0.3285 0.7407
2LQZ 849 2.015 0.3488 0.7593
2LQZ 850 1.754 0.3807 0.7593
2LQZ 851 1.856 0.3723 0.7593
2LQZ 852 1.874 0.3552 0.7593
2LQZ 853 1.861 0.3718 0.7685
2LQZ 854 1.865 0.3532 0.7407
2LQZ 855 1.797 0.3811 0.7593
2LQZ 856 1.794 0.3857 0.7685
2LQZ 857 2.006 0.3549 0.7407
2LQZ 858 1.895 0.3413 0.7500
2LQZ 859 2.008 0.3297 0.7407
2LQZ 860 1.879 0.3706 0.7685
2LQZ 861 1.943 0.3984 0.7778
2LQZ 862 2.029 0.3654 0.7593
2LQZ 863 1.828 0.3642 0.7685
2LQZ 864 1.827 0.3665 0.7593
2LQZ 865 1.846 0.3830 0.7778
2LQZ 866 1.902 0.3545 0.7500
2LQZ 867 1.869 0.3586 0.7500
2LQZ 868 1.835 0.3728 0.7685
2LQZ 869 1.889 0.3701 0.7685
2LQZ 870 1.797 0.3761 0.7778
2LQZ 871 1.885 0.3619 0.7500
2LQZ 872 1.790 0.3825 0.7778
2LQZ 873 1.799 0.3637 0.7685
2LQZ 874 1.874 0.3598 0.7593
2LQZ 875 2.010 0.3363 0.7407
2LQZ 876 2.020 0.3572 0.7315
2LQZ 877 1.864 0.3684 0.7593
2LQZ 878 1.782 0.3755 0.7778
2LQZ 879 1.845 0.3813 0.7778
2LQZ 880 1.780 0.3837 0.7593
2LQZ 881 1.809 0.3990 0.7778
2LQZ 882 1.789 0.3864 0.7685
2LQZ 883 1.941 0.3657 0.7593
2LQZ 884 1.863 0.3949 0.7963
2LQZ 885 1.799 0.3860 0.7778
2LQZ 886 1.750 0.3770 0.7500
2LQZ 887 1.830 0.3765 0.7685
2LQZ 888 1.862 0.3691 0.7685
2LQZ 889 1.923 0.3334 0.7407
2LQZ 890 1.758 0.3927 0.7778
2LQZ 891 1.760 0.3596 0.7593
2LQZ 892 1.893 0.3577 0.7500
2LQZ 893 1.841 0.3989 0.7685
2LQZ 894 1.792 0.3914 0.7685
2LQZ 895 1.792 0.3735 0.7500
2LQZ 896 1.827 0.3686 0.7593
2LQZ 897 1.813 0.3774 0.7593
2LQZ 898 1.823 0.3813 0.7778
2LQZ 899 2.003 0.3324 0.7593
2LQZ 900 1.757 0.4053 0.8148
2LQZ 901 1.787 0.3627 0.7593
2LQZ 902 1.665 0.4249 0.7963
2LQZ 903 1.814 0.3706 0.7778
2LQZ 904 1.959 0.3539 0.7407
2LQZ 905 1.837 0.3771 0.7593
2LQZ 906 2.109 0.3455 0.7407
2LQZ 907 2.096 0.3641 0.7315
2LQZ 908 2.090 0.3517 0.7407
2LQZ 909 2.043 0.3371 0.7222
2LQZ 910 1.978 0.3414 0.7315
2LQZ 911 1.867 0.3652 0.7685
2LQZ 912 1.899 0.3273 0.7593
2LQZ 913 1.959 0.3346 0.7500
2LQZ 914 1.905 0.3577 0.7500
2LQZ 915 2.023 0.3187 0.7500
2LQZ 916 2.084 0.3182 0.7407
2LQZ 917 1.989 0.3294 0.7222
2LQZ 918 2.026 0.3231 0.7315
2LQZ 919 2.155 0.2965 0.7037
2LQZ 920 2.120 0.3233 0.7407
2LQZ 921 2.064 0.3317 0.7222
2LQZ 922 2.096 0.3094 0.7130
2LQZ 923 2.222 0.2732 0.6944
2LQZ 924 2.147 0.3058 0.7222
2LQZ 925 2.194 0.2829 0.7222
2LQZ 926 2.168 0.3054 0.7500
2LQZ 927 2.115 0.2913 0.7315
2LQZ 928 2.097 0.2833 0.7315
2LQZ 929 2.180 0.2717 0.7037
2LQZ 930 2.081 0.3174 0.7037
2LQZ 931 2.025 0.3053 0.7222
2LQZ 932 2.051 0.3095 0.7037
2LQZ 933 2.054 0.3141 0.7222
2LQZ 934 2.039 0.3061 0.7315
2LQZ 935 2.021 0.3157 0.7130
2LQZ 936 2.057 0.2851 0.7315
2LQZ 937 2.101 0.3043 0.7222
2LQZ 938 2.138 0.2981 0.7037
2LQZ 939 1.947 0.3380 0.7222
2LQZ 940 2.233 0.2792 0.6852
2LQZ 941 1.940 0.3135 0.7407
2LQZ 942 2.023 0.3032 0.7222
2LQZ 943 2.120 0.2843 0.7037
2LQZ 944 2.073 0.3070 0.7315
2LQZ 945 2.118 0.2905 0.7037
2LQZ 946 2.049 0.3259 0.7222
2LQZ 947 2.004 0.3102 0.7407
2LQZ 948 2.094 0.2825 0.7222
2LQZ 949 2.174 0.2815 0.7222
2LQZ 950 2.064 0.2998 0.7407
2LQZ 951 2.123 0.2718 0.7037
2LQZ 952 2.007 0.2888 0.7222
2LQZ 953 2.174 0.2695 0.7130
2LQZ 954 2.047 0.3414 0.7407
2LQZ 955 2.114 0.2729 0.7037
2LQZ 956 2.048 0.3105 0.7130
2LQZ 957 1.921 0.3220 0.7407
2LQZ 958 2.219 0.2659 0.7037
2LQZ 959 2.049 0.2973 0.7222
2LQZ 960 2.150 0.2876 0.7130
2LQZ 961 2.124 0.2853 0.6852
2LQZ 962 1.993 0.3110 0.7037
2LQZ 963 2.074 0.2888 0.7315
2LQZ 964 2.145 0.2995 0.7315
2LQZ 965 2.179 0.2674 0.7037
2LQZ 966 2.014 0.2959 0.7222
2LQZ 967 2.018 0.3006 0.7500
2LQZ 968 2.025 0.3190 0.7037
2LQZ 969 2.076 0.2981 0.7130
2LQZ 970 2.016 0.3012 0.7130
2LQZ 971 2.311 0.3032 0.7130
2LQZ 972 2.179 0.3226 0.7407
2LQZ 973 2.186 0.2861 0.7130
2LQZ 974 2.237 0.2663 0.6852
2LQZ 975 2.156 0.3241 0.7315
2LQZ 976 2.497 0.2707 0.6852
2LQZ 977 2.157 0.3138 0.7222
2LQZ 978 2.204 0.2732 0.7222
2LQZ 979 2.343 0.2656 0.6944
2LQZ 980 2.113 0.2792 0.6944
2LQZ 981 2.403 0.2387 0.6852
2LQZ 982 2.200 0.2761 0.7130
2LQZ 983 2.333 0.3256 0.7222
2LQZ 984 2.580 0.3037 0.6944
2LQZ 985 2.702 0.3299 0.7037
2LQZ 986 2.611 0.3137 0.7037
2LQZ 987 2.606 0.3346 0.6944
2LQZ 988 2.813 0.2768 0.6759
2LQZ 989 2.720 0.3099 0.6852
2LQZ 990 2.702 0.2964 0.6852
2LQZ 991 2.623 0.2918 0.6944
2LQZ 992 2.859 0.2965 0.6852
2LQZ 993 2.403 0.3309 0.7130
2LQZ 994 2.595 0.3254 0.7130
2LQZ 995 2.548 0.2690 0.6667
2LQZ 996 2.697 0.2853 0.6852
2LQZ 997 2.511 0.2997 0.7130
2LQZ 998 2.621 0.3049 0.6852
2LQZ 999 2.500 0.3192 0.6944
2LQZ 1000 2.549 0.2953 0.6944
2LQZ 1001 2.423 0.3093 0.7037
2LQZ 1002 2.494 0.2439 0.6667
2LQZ 1003 2.395 0.3085 0.6944
2LQZ 1004 2.735 0.2988 0.6759
2LQZ 1005 2.475 0.3289 0.7130
2LQZ 1006 2.569 0.3228 0.6944
2LQZ 1007 2.570 0.3254 0.7037
2LQZ 1008 2.555 0.3259 0.7037
2LQZ 1009 2.233 0.3174 0.7130
2LQZ 1010 2.566 0.3048 0.7222
2LQZ 1011 2.410 0.2877 0.7037
2LQZ 1012 2.502 0.3065 0.6852
2LQZ 1013 2.460 0.3026 0.7037
2LQZ 1014 2.270 0.2958 0.7130
2LQZ 1015 2.418 0.3062 0.7037
2LQZ 1016 2.477 0.3023 0.7037
2LQZ 1017 2.420 0.2910 0.7037
2LQZ 1018 2.461 0.2884 0.7037
2LQZ 1019 2.332 0.3131 0.7222
2LQZ 1020 2.458 0.2921 0.6944
2LQZ 1021 2.408 0.3063 0.7130
2LQZ 1022 2.413 0.2984 0.7222
2LQZ 1023 2.383 0.3136 0.7130
2LQZ 1024 2.470 0.2873 0.6944
2LQZ 1025 2.558 0.2719 0.6759
2LQZ 1026 2.377 0.2858 0.6852
2LQZ 1027 2.425 0.3023 0.7037
2LQZ 1028 2.367 0.3079 0.7037
2LQZ 1029 2.451 0.2862 0.6944
2LQZ 1030 2.326 0.2866 0.6944
2LQZ 1031 2.382 0.2758 0.6944
2LQZ 1032 2.293 0.2768 0.7037
2LQZ 1033 2.353 0.3024 0.7222
2LQZ 1034 2.538 0.3201 0.7037
2LQZ 1035 2.411 0.2587 0.7037
2LQZ 1036 2.322 0.2813 0.6944
2LQZ 1037 2.485 0.2683 0.6944
2LQZ 1038 2.423 0.2943 0.7222
2LQZ 1039 2.521 0.3001 0.6944
2LQZ 1040 2.306 0.2994 0.7130
2LQZ 1041 2.379 0.2804 0.6944
2LQZ 1042 2.265 0.2805 0.6944
2LQZ 1043 2.217 0.3045 0.7222
2LQZ 1044 2.663 0.2776 0.6574
2LQZ 1045 2.352 0.3000 0.7130
2LQZ 1046 2.271 0.2757 0.6852
2LQZ 1047 2.318 0.2601 0.6759
2LQZ 1048 2.591 0.2693 0.6759
2LQZ 1049 2.431 0.2577 0.6944
2LQZ 1050 2.502 0.2806 0.6852
2LQZ 1051 2.481 0.3220 0.7037
2LQZ 1052 2.468 0.2874 0.6852
2LQZ 1053 2.429 0.2599 0.6944
2LQZ 1054 2.358 0.2996 0.7222
2LQZ 1055 2.448 0.2683 0.6759
2LQZ 1056 2.451 0.2647 0.6759
2LQZ 1057 2.624 0.2364 0.6667
2LQZ 1058 2.466 0.2834 0.6852
2LQZ 1059 2.573 0.2514 0.6667
2LQZ 1060 2.586 0.2757 0.6852
2LQZ 1061 2.320 0.2898 0.6852
2LQZ 1062 2.442 0.2677 0.6852
2LQZ 1063 2.424 0.2752 0.6852
2LQZ 1064 2.402 0.2873 0.6944
2LQZ 1065 2.433 0.2319 0.6667
2LQZ 1066 2.556 0.2558 0.6667
2LQZ 1067 2.457 0.2571 0.6759
2LQZ 1068 2.506 0.2533 0.6667
2LQZ 1069 2.489 0.2524 0.6574
2LQZ 1070 2.580 0.2377 0.6574
2LQZ 1071 2.547 0.2729 0.6944
2LQZ 1072 2.578 0.2357 0.6574
2LQZ 1073 2.830 0.1998 0.6389
2LQZ 1074 2.487 0.2440 0.6574
2LQZ 1075 2.466 0.2283 0.6574
2LQZ 1076 2.479 0.2939 0.6759
2LQZ 1077 2.534 0.2325 0.6667
2LQZ 1078 2.533 0.2340 0.6667
2LQZ 1079 2.517 0.2429 0.6759
2LQZ 1080 2.380 0.2740 0.6759
2LQZ 1081 2.503 0.2798 0.6667
2LQZ 1082 2.664 0.3190 0.6759
2LQZ 1083 2.433 0.3389 0.7222
2LQZ 1084 2.382 0.2711 0.6759
2LQZ 1085 2.148 0.3107 0.7315
2LQZ 1086 2.321 0.2403 0.6667
2LQZ 1087 2.435 0.2703 0.6944
2LQZ 1088 2.653 0.2418 0.6389
2LQZ 1089 2.263 0.2834 0.7130
2LQZ 1090 2.432 0.2737 0.6852
2LQZ 1091 2.280 0.2719 0.7130
2LQZ 1092 2.241 0.2871 0.7037
2LQZ 1093 2.272 0.2849 0.7222
2LQZ 1094 2.143 0.2901 0.7222
2LQZ 1095 2.197 0.3065 0.7407
2LQZ 1096 2.231 0.3168 0.7407
2LQZ 1097 2.224 0.2955 0.7130
2LQZ 1098 2.246 0.2985 0.7315
2LQZ 1099 2.397 0.2777 0.6944
2LQZ 1100 2.319 0.2958 0.6852
2LQZ 1101 2.401 0.3118 0.7037
2LQZ 1102 2.572 0.2995 0.6759
2LQZ 1103 2.346 0.2925 0.6852
2LQZ 1104 2.192 0.3076 0.7037
2LQZ 1105 2.167 0.2911 0.7130
2LQZ 1106 2.220 0.3148 0.7037
2LQZ 1107 2.200 0.3025 0.7037
2LQZ 1108 2.262 0.2913 0.7315
2LQZ 1109 2.263 0.2899 0.7130
2LQZ 1110 2.271 0.2804 0.6944
2LQZ 1111 2.126 0.3260 0.7222
2LQZ 1112 2.221 0.3274 0.7222
2LQZ 1113 2.297 0.3111 0.7130
2LQZ 1114 2.253 0.3056 0.7222
2LQZ 1115 2.248 0.3115 0.7315
2LQZ 1116 2.189 0.3114 0.7037
2LQZ 1117 2.033 0.3572 0.7685
2LQZ 1118 2.360 0.2856 0.6944
2LQZ 1119 2.529 0.2693 0.6852
2LQZ 1120 2.603 0.3086 0.6852
2LQZ 1121 2.454 0.2663 0.6759
2LQZ 1122 2.657 0.2742 0.6667
2LQZ 1123 2.515 0.2721 0.6944
2LQZ 1124 2.476 0.2639 0.6667
2LQZ 1125 2.527 0.2814 0.7037
2LQZ 1126 2.606 0.2627 0.6667
2LQZ 1127 2.578 0.2751 0.6852
2LQZ 1128 2.308 0.2845 0.7222
2LQZ 1129 2.435 0.2614 0.6759
2LQZ 1130 2.285 0.2848 0.7037
2LQZ 1131 2.680 0.2802 0.6759
2LQZ 1132 2.708 0.2927 0.6944
2LQZ 1133 2.258 0.3083 0.7222
2LQZ 1134 2.714 0.2534 0.6574
2LQZ 1135 2.281 0.2946 0.7130
2LQZ 1136 2.382 0.2977 0.6944
2LQZ 1137 2.252 0.3068 0.7130
2LQZ 1138 2.450 0.2768 0.6852
2LQZ 1139 2.312 0.2920 0.7130
2LQZ 1140 2.367 0.2899 0.7222
2LQZ 1141 2.233 0.3017 0.7222
2LQZ 1142 2.512 0.2973 0.6944
2LQZ 1143 2.179 0.3468 0.7130
2LQZ 1144 2.372 0.3105 0.7222
2LQZ 1145 2.359 0.2877 0.6944
2LQZ 1146 2.266 0.2966 0.7222
2LQZ 1147 2.524 0.2965 0.6944
2LQZ 1148 2.623 0.2710 0.6852
2LQZ 1149 2.624 0.2705 0.7130
2LQZ 1150 2.682 0.2752 0.6852
2LQZ 1151 2.330 0.2628 0.7037
2LQZ 1152 2.385 0.2656 0.6852
2LQZ 1153 2.543 0.2601 0.6759
2LQZ 1154 2.519 0.2676 0.6852
2LQZ 1155 2.476 0.2478 0.6481
2LQZ 1156 2.421 0.2633 0.6944
2LQZ 1157 2.451 0.2728 0.6944
2LQZ 1158 2.380 0.2619 0.6944
2LQZ 1159 2.349 0.2671 0.6852
2LQZ 1160 2.502 0.2715 0.6944
2LQZ 1161 2.397 0.2541 0.6574
2LQZ 1162 2.430 0.2695 0.6852
2LQZ 1163 2.516 0.2489 0.6759
2LQZ 1164 2.349 0.2708 0.6852
2LQZ 1165 2.303 0.2739 0.7037
2LQZ 1166 2.292 0.2756 0.6944
2LQZ 1167 2.406 0.2660 0.6944
2LQZ 1168 2.436 0.2672 0.6759
2LQZ 1169 2.384 0.2557 0.6944
2LQZ 1170 2.458 0.2440 0.6574
2LQZ 1171 2.446 0.2496 0.6667
2LQZ 1172 2.285 0.2897 0.7037
2LQZ 1173 2.648 0.2359 0.6574
2LQZ 1174 2.202 0.2734 0.6944
2LQZ 1175 2.506 0.2648 0.6759
2LQZ 1176 2.473 0.2614 0.6667
2LQZ 1177 2.349 0.2767 0.7037
2LQZ 1178 2.434 0.2616 0.6944
2LQZ 1179 2.267 0.2962 0.7222
2LQZ 1180 2.420 0.2623 0.6759
2LQZ 1181 2.217 0.2777 0.7130
2LQZ 1182 2.088 0.3207 0.7407
2LQZ 1183 2.315 0.2795 0.6944
2LQZ 1184 2.241 0.2714 0.6944
2LQZ 1185 2.346 0.2736 0.7037
2LQZ 1186 2.713 0.2888 0.6667
2LQZ 1187 2.683 0.2710 0.6852
2LQZ 1188 2.596 0.2862 0.6852
2LQZ 1189 2.333 0.3067 0.7037
2LQZ 1190 2.592 0.2760 0.6667
2LQZ 1191 2.446 0.2375 0.6852
2LQZ 1192 2.299 0.2625 0.6944
2LQZ 1193 2.207 0.3072 0.7315
2LQZ 1194 2.291 0.2901 0.7130
2LQZ 1195 2.220 0.2954 0.7130
2LQZ 1196 2.318 0.2625 0.7130
2LQZ 1197 2.230 0.2876 0.7222
2LQZ 1198 2.422 0.2491 0.6852
2LQZ 1199 2.170 0.2861 0.7222
2LQZ 1200 2.137 0.2897 0.7222
2LQZ 1201 2.429 0.2603 0.6944
2LQZ 1202 2.447 0.2857 0.6944
2LQZ 1203 2.439 0.2643 0.6944
2LQZ 1204 2.138 0.2630 0.7222
2LQZ 1205 2.395 0.2643 0.6852
2LQZ 1206 2.191 0.3066 0.7037
2LQZ 1207 2.386 0.2901 0.7037
2LQZ 1208 2.381 0.2660 0.6944
2LQZ 1209 2.176 0.2916 0.6944
2LQZ 1210 2.351 0.2728 0.7037
2LQZ 1211 2.550 0.2848 0.6944
2LQZ 1212 2.615 0.2487 0.6759
2LQZ 1213 2.438 0.2633 0.7037
2LQZ 1214 2.339 0.2678 0.6944
2LQZ 1215 2.327 0.2682 0.7037
2LQZ 1216 2.394 0.2736 0.7037
2LQZ 1217 2.229 0.2623 0.7130
2LQZ 1218 2.298 0.2800 0.7037
2LQZ 1219 2.425 0.2590 0.7130
2LQZ 1220 2.275 0.2541 0.6852
2LQZ 1221 2.453 0.2655 0.7037
2LQZ 1222 2.252 0.2766 0.7407
2LQZ 1223 2.484 0.2632 0.7037
2LQZ 1224 2.429 0.2478 0.6944
2LQZ 1225 2.437 0.2822 0.7222
2LQZ 1226 2.253 0.2660 0.6852
2LQZ 1227 2.090 0.2812 0.7130
2LQZ 1228 2.245 0.2686 0.7037
2LQZ 1229 2.378 0.2745 0.6944
2LQZ 1230 2.242 0.2620 0.6852
2LQZ 1231 2.370 0.2526 0.6667
2LQZ 1232 2.348 0.2603 0.6944
2LQZ 1233 2.403 0.2738 0.6759
2LQZ 1234 2.635 0.3149 0.7037
2LQZ 1235 2.627 0.2687 0.6852
2LQZ 1236 2.376 0.2901 0.6944
2LQZ 1237 2.338 0.3120 0.7037
2LQZ 1238 2.490 0.2814 0.7222
2LQZ 1239 2.418 0.2735 0.7037
2LQZ 1240 2.320 0.2597 0.6944
2LQZ 1241 2.194 0.2833 0.7222
2LQZ 1242 2.320 0.2657 0.7037
2LQZ 1243 2.437 0.2533 0.7037
2LQZ 1244 2.345 0.2836 0.7130
2LQZ 1245 2.406 0.2628 0.6944
2LQZ 1246 2.215 0.2785 0.6944
2LQZ 1247 2.476 0.2743 0.6944
2LQZ 1248 2.522 0.2460 0.6759
2LQZ 1249 2.225 0.3014 0.7130
2LQZ 1250 2.381 0.2641 0.6944
2LQZ 1251 2.291 0.2600 0.6944
2LQZ 1252 2.159 0.2961 0.7407
2LQZ 1253 2.278 0.2789 0.6852
2LQZ 1254 2.186 0.2833 0.7222
2LQZ 1255 2.496 0.2768 0.7037
2LQZ 1256 2.179 0.2681 0.7130
2LQZ 1257 2.184 0.2796 0.7130
2LQZ 1258 2.102 0.3013 0.7407
2LQZ 1259 2.345 0.2724 0.7130
2LQZ 1260 2.226 0.2756 0.6944
2LQZ 1261 2.285 0.2910 0.7222
2LQZ 1262 2.329 0.2933 0.7222
2LQZ 1263 2.094 0.2845 0.7037
2LQZ 1264 2.268 0.2929 0.7037
2LQZ 1265 2.142 0.2709 0.7130
2LQZ 1266 2.294 0.2725 0.7130
2LQZ 1267 2.435 0.2711 0.6944
2LQZ 1268 2.032 0.2905 0.7222
2LQZ 1269 2.160 0.2963 0.7037
2LQZ 1270 2.152 0.2891 0.7130
2LQZ 1271 2.541 0.2504 0.6944
2LQZ 1272 2.305 0.2609 0.6944
2LQZ 1273 2.218 0.2811 0.7037
2LQZ 1274 2.222 0.2890 0.7037
2LQZ 1275 2.177 0.2833 0.7222
2LQZ 1276 2.371 0.2822 0.6944
2LQZ 1277 2.418 0.2659 0.6852
2LQZ 1278 2.292 0.2553 0.6852
2LQZ 1279 2.142 0.2980 0.7130
2LQZ 1280 2.281 0.2856 0.7130
2LQZ 1281 2.462 0.2692 0.7130
2LQZ 1282 2.422 0.2836 0.7037
2LQZ 1283 2.340 0.2669 0.6944
2LQZ 1284 2.286 0.2878 0.7130
2LQZ 1285 2.260 0.2523 0.6852
2LQZ 1286 2.348 0.2729 0.6944
2LQZ 1287 2.548 0.2490 0.6759
2LQZ 1288 2.462 0.2594 0.6944
2LQZ 1289 2.251 0.2882 0.7222
2LQZ 1290 2.539 0.2498 0.6944
2LQZ 1291 2.716 0.2601 0.6852
2LQZ 1292 2.946 0.2687 0.6667
2LQZ 1293 2.510 0.2918 0.7222
2LQZ 1294 2.457 0.2516 0.6759
2LQZ 1295 2.407 0.2812 0.7222
2LQZ 1296 2.518 0.2942 0.7222
2LQZ 1297 2.626 0.2751 0.6759
2LQZ 1298 2.494 0.3134 0.7315
2LQZ 1299 2.879 0.2728 0.6852
2LQZ 1300 2.748 0.2740 0.6852
2LQZ 1301 2.797 0.2295 0.6481
2LQZ 1302 2.416 0.2651 0.6759
2LQZ 1303 2.743 0.2451 0.6574
2LQZ 1304 2.476 0.2949 0.7222
2LQZ 1305 2.512 0.2904 0.7037
2LQZ 1306 2.537 0.2944 0.6667
2LQZ 1307 2.580 0.3158 0.7130
2LQZ 1308 2.472 0.2839 0.6852
2LQZ 1309 2.798 0.2518 0.6574
2LQZ 1310 2.391 0.2704 0.6944
2LQZ 1311 2.613 0.2498 0.6667
2LQZ 1312 2.500 0.2798 0.6852
2LQZ 1313 2.430 0.2822 0.6944
2LQZ 1314 2.167 0.3090 0.7315
2LQZ 1315 2.446 0.2827 0.7037
2LQZ 1316 2.309 0.2871 0.6944
2LQZ 1317 2.165 0.3072 0.7130
2LQZ 1318 2.472 0.2871 0.6944
2LQZ 1319 2.528 0.3020 0.7037
2LQZ 1320 2.221 0.2994 0.7037
2LQZ 1321 2.107 0.2976 0.7407
2LQZ 1322 2.643 0.2571 0.6667
2LQZ 1323 2.725 0.2470 0.6759
2LQZ 1324 2.555 0.2559 0.6759
2LQZ 1325 2.497 0.2634 0.7130
2LQZ 1326 2.865 0.2453 0.6759
2LQZ 1327 2.542 0.2992 0.7037
2LQZ 1328 2.686 0.2558 0.6574
2LQZ 1329 2.333 0.2894 0.7037
2LQZ 1330 2.508 0.2333 0.6667
2LQZ 1331 2.371 0.2651 0.7222
2LQZ 1332 2.507 0.2651 0.6852
2LQZ 1333 2.412 0.2762 0.7037
2LQZ 1334 2.429 0.2975 0.6944
2LQZ 1335 2.413 0.2713 0.6667
2LQZ 1336 2.401 0.3008 0.7037
2LQZ 1337 2.451 0.2961 0.6944
2LQZ 1338 2.548 0.2404 0.6667
2LQZ 1339 2.565 0.2645 0.6944
2LQZ 1340 2.750 0.2825 0.6852
2LQZ 1341 2.236 0.2694 0.6944
2LQZ 1342 2.160 0.2646 0.7037
2LQZ 1343 2.385 0.2778 0.6944
2LQZ 1344 2.402 0.2797 0.6944
2LQZ 1345 2.416 0.2935 0.7315
2LQZ 1346 2.267 0.2815 0.7037
2LQZ 1347 2.232 0.2770 0.7037
2LQZ 1348 2.385 0.2489 0.6852
2LQZ 1349 2.459 0.2526 0.6852
2LQZ 1350 2.386 0.2702 0.7130
2LQZ 1351 2.221 0.2773 0.7037
2LQZ 1352 2.398 0.2894 0.7037
2LQZ 1353 2.497 0.2680 0.6944
2LQZ 1354 2.433 0.2637 0.6852
2LQZ 1355 2.420 0.2782 0.6944
2LQZ 1356 2.492 0.2627 0.6667
2LQZ 1357 2.568 0.2577 0.6759
2LQZ 1358 2.676 0.3046 0.6852
2LQZ 1359 2.401 0.2620 0.6944
2LQZ 1360 2.402 0.2687 0.6852
2LQZ 1361 2.719 0.2794 0.6852
2LQZ 1362 2.495 0.3232 0.7222
2LQZ 1363 2.204 0.3043 0.7315
2LQZ 1364 2.126 0.2996 0.7222
2LQZ 1365 2.206 0.2851 0.7222
2LQZ 1366 2.251 0.3330 0.7500
2LQZ 1367 2.514 0.2605 0.6852
2LQZ 1368 2.334 0.3104 0.7315
2LQZ 1369 2.643 0.2465 0.6574
2LQZ 1370 2.293 0.2959 0.7037
2LQZ 1371 2.331 0.2878 0.7130
2LQZ 1372 2.389 0.2847 0.7222
2LQZ 1373 2.100 0.3026 0.7222
2LQZ 1374 2.571 0.2647 0.6852
2LQZ 1375 2.624 0.2323 0.6667
2LQZ 1376 2.380 0.2534 0.6759
2LQZ 1377 2.570 0.3031 0.6944
2LQZ 1378 2.382 0.2893 0.7130
2LQZ 1379 2.195 0.2945 0.7222
2LQZ 1380 2.018 0.3208 0.7407
2LQZ 1381 2.223 0.2688 0.6944
2LQZ 1382 2.028 0.2999 0.7222
2LQZ 1383 2.317 0.2800 0.7037
2LQZ 1384 2.402 0.2847 0.7130
2LQZ 1385 2.408 0.2630 0.7037
2LQZ 1386 2.303 0.2877 0.7407
2LQZ 1387 2.228 0.2786 0.7222
2LQZ 1388 2.072 0.3195 0.7500
2LQZ 1389 2.322 0.3098 0.7222
2LQZ 1390 2.181 0.2502 0.6759
2LQZ 1391 2.076 0.2972 0.7222
2LQZ 1392 2.426 0.2372 0.6759
2LQZ 1393 2.406 0.2825 0.6852
2LQZ 1394 2.378 0.2533 0.6944
2LQZ 1395 2.435 0.2648 0.6852
2LQZ 1396 2.438 0.2754 0.7130
2LQZ 1397 2.412 0.2625 0.7130
2LQZ 1398 2.438 0.2895 0.7037
2LQZ 1399 2.570 0.2575 0.6759
2LQZ 1400 2.499 0.2785 0.6759
2LQZ 1401 2.486 0.2688 0.7037
2LQZ 1402 2.576 0.2687 0.6852
2LQZ 1403 2.604 0.2921 0.6944
2LQZ 1404 2.752 0.2578 0.6574
2LQZ 1405 2.508 0.2992 0.6944
2LQZ 1406 2.770 0.2547 0.6667
2LQZ 1407 2.832 0.2471 0.6574
2LQZ 1408 2.722 0.2514 0.6574
2LQZ 1409 2.736 0.2576 0.6852
2LQZ 1410 3.024 0.2226 0.6204
2LQZ 1411 2.759 0.2284 0.6759
2LQZ 1412 2.453 0.2736 0.6852
2LQZ 1413 2.500 0.2743 0.6852
2LQZ 1414 2.442 0.2760 0.6944
2LQZ 1415 2.806 0.2821 0.6759
2LQZ 1416 2.535 0.2670 0.6944
2LQZ 1417 2.286 0.2738 0.6944
2LQZ 1418 2.405 0.2934 0.7222
2LQZ 1419 2.203 0.2794 0.7037
2LQZ 1420 2.501 0.2883 0.7037
2LQZ 1421 2.419 0.2644 0.6944
2LQZ 1422 2.499 0.3028 0.7037
2LQZ 1423 2.710 0.2477 0.6574
2LQZ 1424 2.712 0.2803 0.6852
2LQZ 1425 2.920 0.2627 0.6389
2LQZ 1426 2.549 0.2759 0.6944
2LQZ 1427 2.568 0.2599 0.6852
2LQZ 1428 2.369 0.2602 0.7037
2LQZ 1429 2.721 0.2408 0.6574
2LQZ 1430 2.630 0.2491 0.6759
2LQZ 1431 2.660 0.2619 0.6944
2LQZ 1432 2.683 0.2693 0.6852
2LQZ 1433 2.898 0.2243 0.6574
2LQZ 1434 2.639 0.2246 0.6667
2LQZ 1435 2.733 0.2159 0.6667
2LQZ 1436 2.849 0.2762 0.6667
2LQZ 1437 2.867 0.2544 0.6574
2LQZ 1438 2.634 0.2822 0.6944
2LQZ 1439 2.473 0.3173 0.7037
2LQZ 1440 2.709 0.2394 0.6481
2LQZ 1441 3.006 0.2333 0.6296
2LQZ 1442 3.004 0.2251 0.6389
2LQZ 1443 2.469 0.2555 0.6852
2LQZ 1444 2.719 0.2254 0.6667
2LQZ 1445 2.434 0.2520 0.6759
2LQZ 1446 2.729 0.2713 0.6574
2LQZ 1447 2.713 0.2507 0.6759
2LQZ 1448 2.524 0.2670 0.6852
2LQZ 1449 2.434 0.2535 0.6852
2LQZ 1450 2.454 0.2711 0.6944
2LQZ 1451 2.463 0.2592 0.6759
2LQZ 1452 2.657 0.2630 0.6852
2LQZ 1453 2.599 0.2883 0.7130
2LQZ 1454 2.574 0.2689 0.6944
2LQZ 1455 2.788 0.2470 0.6481
2LQZ 1456 2.845 0.2931 0.6944
2LQZ 1457 2.674 0.2762 0.6852
2LQZ 1458 2.806 0.2960 0.6852
2LQZ 1459 2.592 0.2629 0.6852
