1YSV 1 0.000 1.0000 1.0000
1YSV 2 0.557 0.8620 0.9907
1YSV 3 0.752 0.8333 0.9722
1YSV 4 0.267 0.9403 1.0000
1YSV 5 0.205 0.9676 1.0000
1YSV 6 0.861 0.8036 0.9537
1YSV 7 0.945 0.8177 0.9537
1YSV 8 0.509 0.9103 0.9907
1YSV 9 0.313 0.9337 1.0000
1YSV 10 0.258 0.9467 1.0000
1YSV 11 0.646 0.7972 0.9722
1YSV 12 0.771 0.8312 0.9722
1YSV 13 0.153 0.9797 1.0000
1YSV 14 8.591 0.2243 0.4630
1YSV 15 10.871 0.1482 0.2963
1YSV 16 9.171 0.2884 0.5370
1YSV 17 9.257 0.2202 0.3426
1YSV 18 11.210 0.1458 0.3148
1YSV 19 8.400 0.1495 0.3704
1YSV 20 9.474 0.2231 0.4815
1YSV 21 8.309 0.3151 0.5000
1YSV 22 10.717 0.2544 0.4167
1YSV 23 10.065 0.2251 0.4630
1YSV 24 4.064 0.3294 0.6759
1YSV 25 14.510 0.2778 0.3981
1YSV 26 3.772 0.2509 0.6204
1YSV 27 10.621 0.2126 0.3981
1YSV 28 5.391 0.3082 0.5556
1YSV 29 12.714 0.3067 0.4444
1YSV 30 7.950 0.3747 0.6296
1YSV 31 15.063 0.2274 0.4259
1YSV 32 7.768 0.3502 0.6019
1YSV 33 4.386 0.3474 0.6667
1YSV 34 2.198 0.4168 0.7593
1YSV 35 11.814 0.1443 0.3519
1YSV 36 8.110 0.3292 0.6296
1YSV 37 4.710 0.3520 0.6667
1YSV 38 5.161 0.2261 0.5741
1YSV 39 2.772 0.3379 0.7315
1YSV 40 2.688 0.3527 0.7685
1YSV 41 3.130 0.3110 0.7130
1YSV 42 2.168 0.4416 0.7963
1YSV 43 2.733 0.3397 0.7130
1YSV 44 3.656 0.3433 0.7037
1YSV 45 2.815 0.3838 0.7870
1YSV 46 2.668 0.4295 0.8056
1YSV 47 2.812 0.4994 0.7870
1YSV 48 2.989 0.3388 0.6852
1YSV 49 2.034 0.4171 0.7870
1YSV 50 2.716 0.4007 0.8148
1YSV 51 2.216 0.4470 0.8148
1YSV 52 3.234 0.2894 0.6574
1YSV 53 1.588 0.4336 0.8241
1YSV 54 11.061 0.1360 0.2315
1YSV 55 12.038 0.1221 0.2778
1YSV 56 9.456 0.1850 0.3611
1YSV 57 10.817 0.1391 0.3426
1YSV 58 12.642 0.2571 0.4259
1YSV 59 10.833 0.1560 0.3148
1YSV 60 11.297 0.1909 0.3981
1YSV 61 9.176 0.3478 0.5648
1YSV 62 11.481 0.2006 0.3889
1YSV 63 7.513 0.2549 0.5000
1YSV 64 9.242 0.1867 0.4352
1YSV 65 8.296 0.3165 0.5000
1YSV 66 10.442 0.2364 0.5000
1YSV 67 10.386 0.1436 0.3611
1YSV 68 7.134 0.2074 0.4722
1YSV 69 7.907 0.2723 0.4537
1YSV 70 6.439 0.2761 0.6019
1YSV 71 4.285 0.3392 0.7037
1YSV 72 8.627 0.2250 0.4630
1YSV 73 6.956 0.2109 0.4167
1YSV 74 10.582 0.3027 0.4537
1YSV 75 10.663 0.1739 0.3796
1YSV 76 2.433 0.4530 0.8056
1YSV 77 7.676 0.2497 0.4352
1YSV 78 14.049 0.1485 0.3241
1YSV 79 3.891 0.2987 0.6389
1YSV 80 2.512 0.3927 0.7593
1YSV 81 5.263 0.3617 0.6481
1YSV 82 1.939 0.4156 0.8148
1YSV 83 1.615 0.4446 0.8519
1YSV 84 1.792 0.5361 0.8889
1YSV 85 2.591 0.3681 0.7593
1YSV 86 2.875 0.4619 0.8333
1YSV 87 1.979 0.3467 0.7685
1YSV 88 3.744 0.3596 0.7407
1YSV 89 1.820 0.4170 0.7778
1YSV 90 2.750 0.4109 0.7870
1YSV 91 1.879 0.4169 0.8241
1YSV 92 1.842 0.3834 0.7870
1YSV 93 4.220 0.2745 0.6204
1YSV 94 10.130 0.2189 0.3611
1YSV 95 6.760 0.2608 0.4537
1YSV 96 8.330 0.3143 0.5278
1YSV 97 10.542 0.1358 0.3241
1YSV 98 8.379 0.1698 0.3981
1YSV 99 11.851 0.1477 0.3056
1YSV 100 9.066 0.1405 0.3796
1YSV 101 10.595 0.2629 0.4537
1YSV 102 10.549 0.3464 0.5185
1YSV 103 6.218 0.2696 0.5556
1YSV 104 9.778 0.3301 0.5370
1YSV 105 7.104 0.2475 0.4537
1YSV 106 4.525 0.3390 0.6574
1YSV 107 4.737 0.3138 0.6019
1YSV 108 3.429 0.4545 0.7593
1YSV 109 9.103 0.1813 0.4167
1YSV 110 4.615 0.2299 0.5370
1YSV 111 2.648 0.3079 0.7037
1YSV 112 9.217 0.3735 0.5926
1YSV 113 5.275 0.2495 0.5370
1YSV 114 2.105 0.4143 0.7963
1YSV 115 2.889 0.4032 0.7593
1YSV 116 5.364 0.3536 0.6481
1YSV 117 1.612 0.5305 0.8889
1YSV 118 3.022 0.3756 0.7500
1YSV 119 5.819 0.3258 0.6204
1YSV 120 2.995 0.3557 0.7130
1YSV 121 5.623 0.3694 0.6296
1YSV 122 1.669 0.5260 0.8519
1YSV 123 2.548 0.5576 0.8796
1YSV 124 1.924 0.3825 0.7963
1YSV 125 2.831 0.4357 0.7870
1YSV 126 2.809 0.3849 0.7593
1YSV 127 1.941 0.4735 0.8426
1YSV 128 1.850 0.4416 0.8148
1YSV 129 2.824 0.3773 0.7593
1YSV 130 2.977 0.4567 0.7963
1YSV 131 2.825 0.3839 0.7778
1YSV 132 2.759 0.3401 0.7037
1YSV 133 2.031 0.4015 0.7963
1YSV 134 8.644 0.2348 0.4722
1YSV 135 11.185 0.1384 0.3056
1YSV 136 10.651 0.2280 0.3889
1YSV 137 11.347 0.2536 0.4074
1YSV 138 11.955 0.1762 0.3241
1YSV 139 10.887 0.2287 0.4815
1YSV 140 10.516 0.1321 0.2870
1YSV 141 12.364 0.1528 0.3333
1YSV 142 10.450 0.2316 0.4444
1YSV 143 11.488 0.2496 0.4352
1YSV 144 5.352 0.3388 0.6019
1YSV 145 11.980 0.2365 0.4630
1YSV 146 8.099 0.1941 0.4537
1YSV 147 6.997 0.2555 0.5648
1YSV 148 5.856 0.3620 0.6296
1YSV 149 11.195 0.1886 0.3611
1YSV 150 5.065 0.3171 0.5833
1YSV 151 9.841 0.3253 0.5278
1YSV 152 4.967 0.3126 0.6759
1YSV 153 7.524 0.3307 0.5370
1YSV 154 5.583 0.3024 0.5741
1YSV 155 2.887 0.3550 0.7593
1YSV 156 3.536 0.3646 0.7037
1YSV 157 5.269 0.4186 0.7037
1YSV 158 13.060 0.1600 0.3519
1YSV 159 2.811 0.3970 0.7593
1YSV 160 3.179 0.3065 0.7037
1YSV 161 5.015 0.3844 0.6852
1YSV 162 3.094 0.3332 0.7222
1YSV 163 2.477 0.3160 0.7222
1YSV 164 2.006 0.4298 0.7963
1YSV 165 5.239 0.3575 0.7037
1YSV 166 6.235 0.2715 0.5648
1YSV 167 2.219 0.3660 0.7778
1YSV 168 2.931 0.3691 0.7407
1YSV 169 3.113 0.3525 0.7593
1YSV 170 4.824 0.3328 0.7037
1YSV 171 1.613 0.4593 0.8333
1YSV 172 8.527 0.3100 0.5278
1YSV 173 2.022 0.4239 0.8148
1YSV 174 10.358 0.1093 0.2778
1YSV 175 13.128 0.1107 0.2500
1YSV 176 12.661 0.1349 0.2870
1YSV 177 11.441 0.1828 0.3796
1YSV 178 8.268 0.1577 0.4259
1YSV 179 14.325 0.1603 0.2870
1YSV 180 9.232 0.2634 0.4722
1YSV 181 7.691 0.2794 0.5278
1YSV 182 8.890 0.2459 0.4630
1YSV 183 6.571 0.2412 0.5185
1YSV 184 6.951 0.3407 0.6204
1YSV 185 9.878 0.2766 0.5000
1YSV 186 11.346 0.1871 0.3611
1YSV 187 4.434 0.3424 0.6389
1YSV 188 10.917 0.1831 0.4444
1YSV 189 8.891 0.3078 0.5093
1YSV 190 8.835 0.2939 0.4722
1YSV 191 7.033 0.1863 0.4815
1YSV 192 9.948 0.3607 0.6111
1YSV 193 5.098 0.2561 0.5741
1YSV 194 7.813 0.4069 0.6481
1YSV 195 10.514 0.2446 0.4352
1YSV 196 6.993 0.2187 0.4259
1YSV 197 13.652 0.1492 0.3148
1YSV 198 10.312 0.2966 0.5370
1YSV 199 6.624 0.3249 0.6296
1YSV 200 3.273 0.3593 0.7315
1YSV 201 5.461 0.3387 0.6759
1YSV 202 3.985 0.3544 0.6759
1YSV 203 10.306 0.2953 0.4537
1YSV 204 3.501 0.3215 0.6852
1YSV 205 3.965 0.3354 0.6852
1YSV 206 3.390 0.4522 0.7870
1YSV 207 3.721 0.3543 0.6852
1YSV 208 3.813 0.3355 0.6944
1YSV 209 7.067 0.3861 0.6759
1YSV 210 6.225 0.3924 0.6852
1YSV 211 2.749 0.3782 0.7963
1YSV 212 3.643 0.3998 0.7315
1YSV 213 4.958 0.3838 0.7130
1YSV 214 10.478 0.1409 0.2685
1YSV 215 5.551 0.2659 0.5463
1YSV 216 9.951 0.1193 0.3056
1YSV 217 10.651 0.1650 0.3611
1YSV 218 10.448 0.2888 0.5185
1YSV 219 8.590 0.1817 0.4352
1YSV 220 7.760 0.2730 0.5000
1YSV 221 7.968 0.3041 0.5741
1YSV 222 7.258 0.1312 0.3796
1YSV 223 4.756 0.1984 0.5463
1YSV 224 8.993 0.3221 0.5556
1YSV 225 4.445 0.3071 0.6296
1YSV 226 10.528 0.1693 0.3796
1YSV 227 5.019 0.2473 0.6111
1YSV 228 7.169 0.3212 0.5926
1YSV 229 7.024 0.2881 0.4815
1YSV 230 8.719 0.3214 0.5556
1YSV 231 3.397 0.1891 0.5833
1YSV 232 7.256 0.2428 0.5278
1YSV 233 3.339 0.3486 0.7037
1YSV 234 8.213 0.3841 0.6296
1YSV 235 3.823 0.3685 0.7315
1YSV 236 4.540 0.3127 0.6111
1YSV 237 1.734 0.5490 0.8796
1YSV 238 2.877 0.3548 0.7222
1YSV 239 2.587 0.4419 0.7963
1YSV 240 1.836 0.4812 0.8333
1YSV 241 2.990 0.3430 0.7222
1YSV 242 2.293 0.4161 0.8056
1YSV 243 1.520 0.4878 0.8611
1YSV 244 1.171 0.5652 0.9074
1YSV 245 2.755 0.3803 0.7315
1YSV 246 3.392 0.3390 0.7222
1YSV 247 3.234 0.4290 0.7685
1YSV 248 3.657 0.3275 0.7037
1YSV 249 2.980 0.4700 0.8148
1YSV 250 1.811 0.4114 0.8056
1YSV 251 1.941 0.4835 0.8426
1YSV 252 2.462 0.4432 0.7963
1YSV 253 1.407 0.5122 0.8796
1YSV 254 8.166 0.1827 0.3796
1YSV 255 10.699 0.1821 0.3611
1YSV 256 10.097 0.1132 0.3056
1YSV 257 8.940 0.1167 0.2963
1YSV 258 11.859 0.1345 0.3333
1YSV 259 11.095 0.1361 0.3148
1YSV 260 9.488 0.2800 0.4537
1YSV 261 8.482 0.1419 0.3333
1YSV 262 7.321 0.3026 0.5463
1YSV 263 15.345 0.1668 0.3056
1YSV 264 6.344 0.2593 0.5185
1YSV 265 7.428 0.2637 0.5278
1YSV 266 5.273 0.1984 0.5278
1YSV 267 9.766 0.2515 0.4722
1YSV 268 13.026 0.1403 0.3056
1YSV 269 6.602 0.3121 0.5833
1YSV 270 8.824 0.2740 0.4722
1YSV 271 6.963 0.2960 0.5093
1YSV 272 12.782 0.1824 0.3611
1YSV 273 10.136 0.2015 0.4167
1YSV 274 10.639 0.2190 0.4259
1YSV 275 9.717 0.1933 0.4259
1YSV 276 4.452 0.3410 0.6481
1YSV 277 12.899 0.1624 0.3611
1YSV 278 7.314 0.2730 0.5093
1YSV 279 8.370 0.3021 0.5093
1YSV 280 4.897 0.3309 0.6389
1YSV 281 6.484 0.2067 0.4352
1YSV 282 5.037 0.2587 0.6019
1YSV 283 3.893 0.3538 0.6759
1YSV 284 4.462 0.4202 0.7222
1YSV 285 7.908 0.2651 0.5833
1YSV 286 2.140 0.4197 0.7778
1YSV 287 2.364 0.3377 0.7407
1YSV 288 4.655 0.3867 0.6852
1YSV 289 3.492 0.3564 0.6759
1YSV 290 3.546 0.4279 0.7593
1YSV 291 2.553 0.3323 0.7407
1YSV 292 3.208 0.3350 0.7315
1YSV 293 2.703 0.3655 0.7593
1YSV 294 10.787 0.1625 0.3056
1YSV 295 9.641 0.1856 0.3426
1YSV 296 12.228 0.1560 0.3241
1YSV 297 12.543 0.1391 0.2870
1YSV 298 7.569 0.2312 0.4259
1YSV 299 3.439 0.4716 0.7870
1YSV 300 5.374 0.2937 0.5926
1YSV 301 4.467 0.3156 0.6759
1YSV 302 5.581 0.3286 0.6204
1YSV 303 3.086 0.4286 0.7778
1YSV 304 5.793 0.2178 0.5370
1YSV 305 7.981 0.3276 0.5463
1YSV 306 2.465 0.4391 0.7778
1YSV 307 9.980 0.2215 0.3981
1YSV 308 8.307 0.3048 0.4815
1YSV 309 3.856 0.3508 0.6944
1YSV 310 4.358 0.3465 0.6852
1YSV 311 11.213 0.1857 0.3333
1YSV 312 6.503 0.3036 0.5741
1YSV 313 7.597 0.3880 0.5833
1YSV 314 3.627 0.4356 0.7500
1YSV 315 5.312 0.2768 0.6296
1YSV 316 3.435 0.3845 0.7130
1YSV 317 4.892 0.4262 0.7500
1YSV 318 4.244 0.3261 0.6481
1YSV 319 7.710 0.2807 0.5278
1YSV 320 4.466 0.3421 0.6759
1YSV 321 5.181 0.3330 0.6481
1YSV 322 2.392 0.4073 0.7593
1YSV 323 4.754 0.3040 0.5926
1YSV 324 2.241 0.3365 0.7407
1YSV 325 1.990 0.4560 0.8333
1YSV 326 1.969 0.4134 0.8056
1YSV 327 3.568 0.3473 0.6852
1YSV 328 4.009 0.3542 0.7222
1YSV 329 5.967 0.3612 0.6574
1YSV 330 1.507 0.4326 0.8426
1YSV 331 3.212 0.3681 0.7407
1YSV 332 1.603 0.4202 0.8056
1YSV 333 2.947 0.5123 0.8056
1YSV 334 10.369 0.1036 0.2685
1YSV 335 10.325 0.1279 0.2685
1YSV 336 11.482 0.1651 0.3519
1YSV 337 10.736 0.1263 0.2870
1YSV 338 8.939 0.2066 0.4444
1YSV 339 5.523 0.2208 0.5278
1YSV 340 8.618 0.1602 0.3519
1YSV 341 9.670 0.2503 0.4722
1YSV 342 9.991 0.2023 0.4444
1YSV 343 6.974 0.1873 0.4352
1YSV 344 5.166 0.2500 0.6204
1YSV 345 5.111 0.2479 0.5833
1YSV 346 11.371 0.2271 0.4352
1YSV 347 2.699 0.4159 0.7778
1YSV 348 4.238 0.2719 0.6111
1YSV 349 3.380 0.4024 0.7593
1YSV 350 11.179 0.2281 0.4630
1YSV 351 4.236 0.2573 0.6111
1YSV 352 9.531 0.2697 0.5093
1YSV 353 4.459 0.3917 0.6759
1YSV 354 2.897 0.2800 0.6574
1YSV 355 4.544 0.2744 0.6019
1YSV 356 4.325 0.3108 0.6759
1YSV 357 5.916 0.2509 0.5278
1YSV 358 2.863 0.3906 0.7593
1YSV 359 4.573 0.3231 0.6296
1YSV 360 2.356 0.3830 0.7593
1YSV 361 2.329 0.3713 0.7685
1YSV 362 2.121 0.4388 0.8056
1YSV 363 1.723 0.4993 0.8426
1YSV 364 2.977 0.3192 0.6852
1YSV 365 2.333 0.3310 0.7315
1YSV 366 2.191 0.3257 0.7222
1YSV 367 2.553 0.3032 0.7037
1YSV 368 2.674 0.4067 0.7870
1YSV 369 2.288 0.3536 0.7407
1YSV 370 1.972 0.4318 0.7963
1YSV 371 1.883 0.4039 0.8056
1YSV 372 2.891 0.2856 0.6759
1YSV 373 2.281 0.3399 0.7407
1YSV 374 9.478 0.1329 0.3333
1YSV 375 10.264 0.2686 0.4815
1YSV 376 12.792 0.1731 0.3796
1YSV 377 9.772 0.2458 0.3981
1YSV 378 6.487 0.3236 0.5741
1YSV 379 7.963 0.2170 0.4630
1YSV 380 11.095 0.3285 0.5185
1YSV 381 7.654 0.1461 0.4352
1YSV 382 10.936 0.1766 0.3704
1YSV 383 6.559 0.3266 0.6204
1YSV 384 5.428 0.1736 0.4722
1YSV 385 5.809 0.2111 0.5000
1YSV 386 8.505 0.2792 0.4815
1YSV 387 9.447 0.1573 0.3981
1YSV 388 3.203 0.4264 0.7500
1YSV 389 2.449 0.3278 0.7130
1YSV 390 3.285 0.4375 0.7593
1YSV 391 6.022 0.3602 0.6667
1YSV 392 5.192 0.4385 0.7222
1YSV 393 7.762 0.2787 0.5185
1YSV 394 4.320 0.3216 0.6296
1YSV 395 2.824 0.3575 0.7315
1YSV 396 2.716 0.3821 0.7593
1YSV 397 4.576 0.3873 0.7407
1YSV 398 5.398 0.3426 0.6204
1YSV 399 3.013 0.4176 0.7685
1YSV 400 3.507 0.3800 0.7593
1YSV 401 1.877 0.5126 0.8519
1YSV 402 4.185 0.4463 0.7407
1YSV 403 3.979 0.3477 0.6944
1YSV 404 4.419 0.3227 0.6574
1YSV 405 2.359 0.4833 0.8056
1YSV 406 2.038 0.4554 0.8426
1YSV 407 3.208 0.5088 0.8333
1YSV 408 2.295 0.4547 0.8148
1YSV 409 2.260 0.4533 0.7870
1YSV 410 3.231 0.4256 0.7685
1YSV 411 4.401 0.3587 0.7222
1YSV 412 2.937 0.4221 0.7778
1YSV 413 1.572 0.4211 0.8333
1YSV 414 1.467 0.4515 0.8148
1YSV 415 1.113 0.5694 0.9074
1YSV 416 1.089 0.5874 0.8889
1YSV 417 1.135 0.5626 0.8704
1YSV 418 1.125 0.5863 0.8889
1YSV 419 1.132 0.5748 0.8796
1YSV 420 1.170 0.5572 0.8796
1YSV 421 1.125 0.5789 0.8981
1YSV 422 1.113 0.5834 0.8889
1YSV 423 1.119 0.5825 0.8889
1YSV 424 1.121 0.5814 0.8981
1YSV 425 1.117 0.5821 0.8981
1YSV 426 1.117 0.5817 0.8981
1YSV 427 1.122 0.5815 0.8981
1YSV 428 1.138 0.5724 0.8796
1YSV 429 1.123 0.5794 0.8889
1YSV 430 1.123 0.5785 0.8889
1YSV 431 1.118 0.5827 0.8981
1YSV 432 1.129 0.5770 0.8796
1YSV 433 1.119 0.5835 0.8981
1YSV 434 1.126 0.5802 0.8981
1YSV 435 1.121 0.5810 0.8889
1YSV 436 1.129 0.5757 0.8889
1YSV 437 1.116 0.5820 0.8981
1YSV 438 1.124 0.5794 0.8981
1YSV 439 1.111 0.5848 0.8981
1YSV 440 1.121 0.5789 0.8981
1YSV 441 1.130 0.5749 0.8796
1YSV 442 1.123 0.5797 0.8889
1YSV 443 1.115 0.5808 0.8981
1YSV 444 1.112 0.5841 0.8981
1YSV 445 1.126 0.5794 0.8981
1YSV 446 1.126 0.5773 0.8889
1YSV 447 1.128 0.5806 0.8889
1YSV 448 1.145 0.5710 0.8796
1YSV 449 1.115 0.5834 0.8889
1YSV 450 1.113 0.5872 0.9074
1YSV 451 1.127 0.5723 0.8889
1YSV 452 1.109 0.5855 0.9074
1YSV 453 1.116 0.5809 0.8981
1YSV 454 1.137 0.5719 0.8889
1YSV 455 1.133 0.5746 0.8889
1YSV 456 1.138 0.5734 0.8889
1YSV 457 1.103 0.5858 0.8981
1YSV 458 1.099 0.5885 0.9074
1YSV 459 1.102 0.5885 0.8981
1YSV 460 1.104 0.5911 0.8981
1YSV 461 1.086 0.5951 0.8981
1YSV 462 1.105 0.5861 0.8889
1YSV 463 1.112 0.5866 0.8981
1YSV 464 1.088 0.5976 0.8981
1YSV 465 1.081 0.6004 0.9074
1YSV 466 1.085 0.5974 0.8981
1YSV 467 1.112 0.5879 0.8981
1YSV 468 1.137 0.5725 0.8889
1YSV 469 1.102 0.5810 0.8889
1YSV 470 1.118 0.5766 0.8889
1YSV 471 1.127 0.5725 0.8889
1YSV 472 1.117 0.5824 0.8981
1YSV 473 1.111 0.5885 0.8889
1YSV 474 1.086 0.5965 0.9074
1YSV 475 1.095 0.5978 0.8981
1YSV 476 1.093 0.6024 0.9074
1YSV 477 1.088 0.5941 0.9074
1YSV 478 1.093 0.5920 0.9074
1YSV 479 1.073 0.6037 0.9074
1YSV 480 1.080 0.6028 0.9074
1YSV 481 1.109 0.5916 0.8981
1YSV 482 1.122 0.5759 0.9074
1YSV 483 1.100 0.5920 0.8981
1YSV 484 1.127 0.5655 0.9074
1YSV 485 1.078 0.5983 0.9074
1YSV 486 1.069 0.6082 0.9167
1YSV 487 1.106 0.5920 0.9074
1YSV 488 1.081 0.5971 0.9074
1YSV 489 1.127 0.5806 0.9074
1YSV 490 1.130 0.5713 0.8981
1YSV 491 1.145 0.5712 0.8981
1YSV 492 1.109 0.5783 0.8981
1YSV 493 1.189 0.5510 0.8796
1YSV 494 1.213 0.5483 0.8981
1YSV 495 1.170 0.5481 0.8889
1YSV 496 1.148 0.5588 0.9167
1YSV 497 1.190 0.5439 0.8981
1YSV 498 1.162 0.5534 0.8981
1YSV 499 1.133 0.5693 0.8981
1YSV 500 1.183 0.5419 0.8889
1YSV 501 1.167 0.5549 0.8889
1YSV 502 1.130 0.5746 0.8981
1YSV 503 1.131 0.5654 0.8981
1YSV 504 1.152 0.5529 0.8889
1YSV 505 1.198 0.5331 0.8981
1YSV 506 1.234 0.5347 0.8796
1YSV 507 1.248 0.5368 0.8981
1YSV 508 1.287 0.5263 0.8889
1YSV 509 1.307 0.5075 0.8796
1YSV 510 1.265 0.5233 0.8796
1YSV 511 1.369 0.4820 0.8611
1YSV 512 1.415 0.4792 0.8611
1YSV 513 1.355 0.4999 0.8704
1YSV 514 1.398 0.4828 0.8519
1YSV 515 1.356 0.4979 0.8704
1YSV 516 1.401 0.4853 0.8519
1YSV 517 1.376 0.4966 0.8519
1YSV 518 1.420 0.4750 0.8519
1YSV 519 1.411 0.4814 0.8611
1YSV 520 1.413 0.4750 0.8519
1YSV 521 1.476 0.4613 0.8426
1YSV 522 1.457 0.4653 0.8519
1YSV 523 1.369 0.4968 0.8611
1YSV 524 1.416 0.4821 0.8519
1YSV 525 1.451 0.4701 0.8519
1YSV 526 1.477 0.4614 0.8426
1YSV 527 1.459 0.4678 0.8426
1YSV 528 1.369 0.4912 0.8611
1YSV 529 1.450 0.4735 0.8519
1YSV 530 1.466 0.4652 0.8426
1YSV 531 1.446 0.4726 0.8426
1YSV 532 1.489 0.4574 0.8426
1YSV 533 1.382 0.4856 0.8519
1YSV 534 1.461 0.4713 0.8519
1YSV 535 1.389 0.4983 0.8704
1YSV 536 1.464 0.4754 0.8426
1YSV 537 1.399 0.4874 0.8519
1YSV 538 1.467 0.4681 0.8519
1YSV 539 1.360 0.5038 0.8889
1YSV 540 1.507 0.4556 0.8426
1YSV 541 1.473 0.4625 0.8611
1YSV 542 1.482 0.4555 0.8333
1YSV 543 1.385 0.4863 0.8704
1YSV 544 1.492 0.4664 0.8519
1YSV 545 1.483 0.4724 0.8611
1YSV 546 1.429 0.4807 0.8519
1YSV 547 1.538 0.4441 0.8426
1YSV 548 1.407 0.4774 0.8519
1YSV 549 1.476 0.4660 0.8426
1YSV 550 1.498 0.4699 0.8519
1YSV 551 1.458 0.4702 0.8426
1YSV 552 1.507 0.4551 0.8426
1YSV 553 1.593 0.4471 0.8426
1YSV 554 1.616 0.4547 0.8611
1YSV 555 1.470 0.4611 0.8426
1YSV 556 1.485 0.4580 0.8519
1YSV 557 1.622 0.4410 0.8333
1YSV 558 1.607 0.4510 0.8333
1YSV 559 1.532 0.4475 0.8426
1YSV 560 1.524 0.4419 0.8333
1YSV 561 1.441 0.4794 0.8611
1YSV 562 1.501 0.4500 0.8426
1YSV 563 1.527 0.4536 0.8426
1YSV 564 1.464 0.4703 0.8611
1YSV 565 1.481 0.4540 0.8519
1YSV 566 1.561 0.4428 0.8426
1YSV 567 1.499 0.4585 0.8333
1YSV 568 1.529 0.4550 0.8611
1YSV 569 1.536 0.4505 0.8333
1YSV 570 1.584 0.4366 0.8426
1YSV 571 1.536 0.4564 0.8426
1YSV 572 1.572 0.4528 0.8426
1YSV 573 1.433 0.4851 0.8519
1YSV 574 1.537 0.4619 0.8519
1YSV 575 1.590 0.4396 0.8241
1YSV 576 1.507 0.4523 0.8333
1YSV 577 1.494 0.4641 0.8426
1YSV 578 1.334 0.5190 0.8889
1YSV 579 1.538 0.4685 0.8426
1YSV 580 1.695 0.4330 0.8333
1YSV 581 1.594 0.4609 0.8611
1YSV 582 1.524 0.4698 0.8426
1YSV 583 1.578 0.4557 0.8426
1YSV 584 1.623 0.4484 0.8426
1YSV 585 1.610 0.4630 0.8426
1YSV 586 1.483 0.5105 0.8704
1YSV 587 1.575 0.4763 0.8426
1YSV 588 1.773 0.4399 0.8148
1YSV 589 1.680 0.4484 0.8333
1YSV 590 1.794 0.4299 0.8333
1YSV 591 1.756 0.4277 0.8148
1YSV 592 1.717 0.4519 0.8333
1YSV 593 1.647 0.4503 0.8241
1YSV 594 1.687 0.4372 0.8148
1YSV 595 1.680 0.4466 0.8333
1YSV 596 1.644 0.4412 0.8333
1YSV 597 1.618 0.4587 0.8333
1YSV 598 1.770 0.4172 0.8333
1YSV 599 1.586 0.5004 0.8611
1YSV 600 1.732 0.4267 0.8148
1YSV 601 1.867 0.4373 0.8241
1YSV 602 1.782 0.4419 0.8241
1YSV 603 1.886 0.4162 0.8056
1YSV 604 1.872 0.4197 0.8056
1YSV 605 1.856 0.3960 0.8056
1YSV 606 1.795 0.4175 0.8056
1YSV 607 1.876 0.3962 0.8056
1YSV 608 1.857 0.4040 0.8056
1YSV 609 1.995 0.3769 0.7963
1YSV 610 1.857 0.4114 0.8056
1YSV 611 1.923 0.3872 0.8056
1YSV 612 1.927 0.3951 0.7870
1YSV 613 1.819 0.4081 0.7963
1YSV 614 1.926 0.3945 0.8056
1YSV 615 1.888 0.4155 0.7963
1YSV 616 1.870 0.4172 0.8056
1YSV 617 1.980 0.3894 0.7963
1YSV 618 1.949 0.3806 0.7778
1YSV 619 1.868 0.4054 0.7963
1YSV 620 1.824 0.4062 0.8056
1YSV 621 1.890 0.4288 0.8056
1YSV 622 1.867 0.4276 0.7963
1YSV 623 1.808 0.4165 0.8241
1YSV 624 1.897 0.4105 0.7963
1YSV 625 1.981 0.3797 0.7685
1YSV 626 1.955 0.3848 0.7778
1YSV 627 1.934 0.3773 0.7778
1YSV 628 1.765 0.4181 0.8056
1YSV 629 1.985 0.3971 0.7963
1YSV 630 1.985 0.3791 0.7778
1YSV 631 1.989 0.4047 0.7778
1YSV 632 2.044 0.4091 0.7685
1YSV 633 1.943 0.3953 0.7963
1YSV 634 1.906 0.4028 0.7963
1YSV 635 2.006 0.4407 0.7963
1YSV 636 2.019 0.3932 0.7870
1YSV 637 1.989 0.3984 0.7870
1YSV 638 1.970 0.4023 0.7963
1YSV 639 2.029 0.3838 0.7778
1YSV 640 1.984 0.3881 0.7778
1YSV 641 2.041 0.3875 0.7870
1YSV 642 1.956 0.3915 0.7870
1YSV 643 1.904 0.4018 0.7963
1YSV 644 1.975 0.3931 0.7963
1YSV 645 2.017 0.4104 0.8056
1YSV 646 1.926 0.3983 0.7870
1YSV 647 1.913 0.4069 0.7963
1YSV 648 1.960 0.3891 0.7870
1YSV 649 1.905 0.3966 0.7963
1YSV 650 1.992 0.3761 0.7778
1YSV 651 1.891 0.3905 0.7870
1YSV 652 1.801 0.4130 0.8056
1YSV 653 1.880 0.3981 0.7778
1YSV 654 1.887 0.3862 0.8056
1YSV 655 1.983 0.3941 0.7870
1YSV 656 1.921 0.4083 0.8056
1YSV 657 2.073 0.3966 0.7870
1YSV 658 1.934 0.4059 0.7778
1YSV 659 2.008 0.3991 0.7870
1YSV 660 2.080 0.4135 0.7963
1YSV 661 2.080 0.3819 0.7593
1YSV 662 1.935 0.4147 0.7870
1YSV 663 1.983 0.3884 0.7963
1YSV 664 1.950 0.4066 0.7963
1YSV 665 2.092 0.4024 0.7870
1YSV 666 1.964 0.3934 0.7870
1YSV 667 1.932 0.4193 0.7963
1YSV 668 2.017 0.3932 0.7778
1YSV 669 1.976 0.3966 0.7778
1YSV 670 1.944 0.4233 0.7870
1YSV 671 2.017 0.3918 0.7778
1YSV 672 1.919 0.3963 0.7870
1YSV 673 1.946 0.4026 0.7870
1YSV 674 2.142 0.3854 0.7778
1YSV 675 1.948 0.4098 0.7870
1YSV 676 1.910 0.4038 0.7963
1YSV 677 1.956 0.4030 0.7963
1YSV 678 1.946 0.4006 0.7685
1YSV 679 2.003 0.3973 0.7963
1YSV 680 1.997 0.3861 0.7778
1YSV 681 2.072 0.3845 0.7685
1YSV 682 2.029 0.3810 0.7870
1YSV 683 1.872 0.4066 0.8056
1YSV 684 2.048 0.3717 0.7593
1YSV 685 1.978 0.4018 0.7870
1YSV 686 1.897 0.3884 0.7778
1YSV 687 1.814 0.4107 0.7963
1YSV 688 1.948 0.3919 0.7778
1YSV 689 1.833 0.4114 0.7870
1YSV 690 1.908 0.4041 0.7870
1YSV 691 1.997 0.3806 0.7778
1YSV 692 1.697 0.4463 0.8241
1YSV 693 1.732 0.4395 0.8148
1YSV 694 1.615 0.4644 0.8333
1YSV 695 1.493 0.4934 0.8426
1YSV 696 1.732 0.4276 0.8241
1YSV 697 1.685 0.4393 0.8426
1YSV 698 1.819 0.4321 0.8148
1YSV 699 1.810 0.4223 0.7870
1YSV 700 1.846 0.4172 0.7870
1YSV 701 1.747 0.4603 0.8241
1YSV 702 1.761 0.4313 0.8241
1YSV 703 2.064 0.3800 0.7685
1YSV 704 1.753 0.4389 0.8241
1YSV 705 1.684 0.4875 0.8426
1YSV 706 1.666 0.4621 0.8241
1YSV 707 1.797 0.4359 0.8333
1YSV 708 1.737 0.4284 0.8056
1YSV 709 1.511 0.5073 0.8519
1YSV 710 1.530 0.5187 0.8611
1YSV 711 1.546 0.4994 0.8519
1YSV 712 1.641 0.4569 0.8333
1YSV 713 1.672 0.4656 0.8426
1YSV 714 1.547 0.4966 0.8611
1YSV 715 1.561 0.4759 0.8611
1YSV 716 1.709 0.4533 0.8241
1YSV 717 1.609 0.4959 0.8333
1YSV 718 1.665 0.4510 0.8241
1YSV 719 1.573 0.4940 0.8519
1YSV 720 1.556 0.4953 0.8426
1YSV 721 1.563 0.4791 0.8426
1YSV 722 1.502 0.4930 0.8611
1YSV 723 1.412 0.5016 0.8704
1YSV 724 1.496 0.4916 0.8426
1YSV 725 1.448 0.4829 0.8611
1YSV 726 1.413 0.4821 0.8519
1YSV 727 1.556 0.4539 0.8426
1YSV 728 1.408 0.4956 0.8519
1YSV 729 1.501 0.4903 0.8704
1YSV 730 1.527 0.4558 0.8241
1YSV 731 1.571 0.4452 0.8426
1YSV 732 1.506 0.4544 0.8519
1YSV 733 1.552 0.4542 0.8426
1YSV 734 1.474 0.4814 0.8519
1YSV 735 1.561 0.4756 0.8611
1YSV 736 1.696 0.4438 0.8333
1YSV 737 1.605 0.4215 0.8241
1YSV 738 1.632 0.4478 0.8426
1YSV 739 1.616 0.4592 0.8519
1YSV 740 1.680 0.4399 0.8241
1YSV 741 1.666 0.4472 0.8056
1YSV 742 1.583 0.4413 0.8426
1YSV 743 1.647 0.4386 0.8333
1YSV 744 1.515 0.5040 0.8704
1YSV 745 1.556 0.4716 0.8426
1YSV 746 1.686 0.4419 0.8241
1YSV 747 1.801 0.4030 0.8056
1YSV 748 1.762 0.4352 0.8241
1YSV 749 1.769 0.4241 0.8056
1YSV 750 1.490 0.5254 0.8704
1YSV 751 1.463 0.4985 0.8426
1YSV 752 1.791 0.4156 0.8056
1YSV 753 1.713 0.4445 0.8333
1YSV 754 1.507 0.4999 0.8611
1YSV 755 1.408 0.5082 0.8611
1YSV 756 1.531 0.4776 0.8611
1YSV 757 1.453 0.5159 0.8704
1YSV 758 1.806 0.4352 0.8241
1YSV 759 1.591 0.4519 0.8333
1YSV 760 1.415 0.5191 0.8704
1YSV 761 1.423 0.5190 0.8796
1YSV 762 1.457 0.5056 0.8611
1YSV 763 1.435 0.4841 0.8519
1YSV 764 1.515 0.4721 0.8519
1YSV 765 1.351 0.5139 0.8611
1YSV 766 1.454 0.4753 0.8426
1YSV 767 1.667 0.4524 0.8426
1YSV 768 1.361 0.5039 0.8704
1YSV 769 1.653 0.4190 0.8148
1YSV 770 1.582 0.4491 0.8426
1YSV 771 1.443 0.4922 0.8611
1YSV 772 1.578 0.4662 0.8426
1YSV 773 1.508 0.4541 0.8519
1YSV 774 1.772 0.3953 0.8148
1YSV 775 1.586 0.4596 0.8333
1YSV 776 1.686 0.4390 0.8241
1YSV 777 1.736 0.4183 0.8056
1YSV 778 1.674 0.4334 0.8148
1YSV 779 1.717 0.4307 0.8056
1YSV 780 1.840 0.4243 0.7963
1YSV 781 1.953 0.3845 0.7870
1YSV 782 1.790 0.4373 0.8148
1YSV 783 1.856 0.3999 0.7870
1YSV 784 1.968 0.4174 0.7870
1YSV 785 1.965 0.4144 0.8056
1YSV 786 1.839 0.4289 0.8148
1YSV 787 1.862 0.4046 0.8148
1YSV 788 2.019 0.4063 0.7963
1YSV 789 1.979 0.4199 0.7963
1YSV 790 1.860 0.3967 0.7963
1YSV 791 1.793 0.4181 0.8056
1YSV 792 1.794 0.4119 0.8148
1YSV 793 1.964 0.3877 0.8056
1YSV 794 1.816 0.4169 0.8056
1YSV 795 1.794 0.4187 0.7963
1YSV 796 1.869 0.4022 0.7963
1YSV 797 1.588 0.4530 0.8241
1YSV 798 1.745 0.4092 0.8056
1YSV 799 1.694 0.4290 0.8056
1YSV 800 1.573 0.4503 0.8426
1YSV 801 1.648 0.4168 0.8148
1YSV 802 1.696 0.4066 0.8241
1YSV 803 1.656 0.4394 0.8241
1YSV 804 1.646 0.4564 0.8333
1YSV 805 1.683 0.4255 0.8241
1YSV 806 1.699 0.4164 0.8333
1YSV 807 1.645 0.3837 0.7963
1YSV 808 1.859 0.3594 0.7593
1YSV 809 1.876 0.3984 0.7963
1YSV 810 2.088 0.3892 0.7685
1YSV 811 2.029 0.3838 0.7593
1YSV 812 2.162 0.3609 0.7315
1YSV 813 2.229 0.3495 0.7500
1YSV 814 2.196 0.3534 0.7500
1YSV 815 2.209 0.3464 0.7407
1YSV 816 2.066 0.3857 0.7593
1YSV 817 2.083 0.3530 0.7407
1YSV 818 2.118 0.3457 0.7407
1YSV 819 2.173 0.3752 0.7500
1YSV 820 2.121 0.3860 0.7593
1YSV 821 2.110 0.3773 0.7593
1YSV 822 2.283 0.3630 0.7315
1YSV 823 2.268 0.3921 0.7593
1YSV 824 2.483 0.3590 0.7315
1YSV 825 2.167 0.3247 0.7315
1YSV 826 1.971 0.3566 0.7500
1YSV 827 2.246 0.3869 0.7500
1YSV 828 2.128 0.3904 0.7685
1YSV 829 1.977 0.3866 0.7593
1YSV 830 2.206 0.3851 0.7593
1YSV 831 2.003 0.3858 0.7685
1YSV 832 2.087 0.4053 0.7685
1YSV 833 2.192 0.4054 0.7685
1YSV 834 2.039 0.3806 0.7500
1YSV 835 1.930 0.4177 0.7870
1YSV 836 1.744 0.4052 0.8056
1YSV 837 1.896 0.4160 0.7685
1YSV 838 2.104 0.3795 0.7593
1YSV 839 2.025 0.3873 0.7593
1YSV 840 2.067 0.4068 0.7685
1YSV 841 2.240 0.3942 0.7593
1YSV 842 2.081 0.4034 0.7685
1YSV 843 2.063 0.3592 0.7407
1YSV 844 2.020 0.4073 0.7593
1YSV 845 2.121 0.4278 0.7778
1YSV 846 2.027 0.4381 0.7870
1YSV 847 2.037 0.4178 0.7778
1YSV 848 2.293 0.3859 0.7778
1YSV 849 2.215 0.3733 0.7500
1YSV 850 2.028 0.4122 0.7870
1YSV 851 2.178 0.3946 0.7778
1YSV 852 2.008 0.4081 0.7593
1YSV 853 2.181 0.3991 0.7685
1YSV 854 1.900 0.4511 0.7963
1YSV 855 1.994 0.4052 0.7778
1YSV 856 2.140 0.3973 0.7685
1YSV 857 2.192 0.4123 0.7778
1YSV 858 2.140 0.4162 0.7778
1YSV 859 2.011 0.4299 0.7778
1YSV 860 1.962 0.3686 0.7500
1YSV 861 2.090 0.3952 0.7593
1YSV 862 2.123 0.3698 0.7685
1YSV 863 2.016 0.3904 0.7685
1YSV 864 1.881 0.4143 0.8148
1YSV 865 1.950 0.3980 0.7778
1YSV 866 2.067 0.3859 0.7685
1YSV 867 1.994 0.3940 0.7685
1YSV 868 2.056 0.4013 0.7963
1YSV 869 2.091 0.3962 0.7778
1YSV 870 1.906 0.4113 0.7870
1YSV 871 2.009 0.3893 0.7778
1YSV 872 1.951 0.3899 0.7963
1YSV 873 2.115 0.4090 0.7870
1YSV 874 2.082 0.3808 0.7685
1YSV 875 1.965 0.3848 0.7870
1YSV 876 1.977 0.4030 0.7685
1YSV 877 1.892 0.4117 0.7963
1YSV 878 1.989 0.4201 0.7963
1YSV 879 2.230 0.3851 0.7685
1YSV 880 2.048 0.3916 0.7870
1YSV 881 2.060 0.3733 0.7593
1YSV 882 2.070 0.3898 0.7685
1YSV 883 2.202 0.3871 0.7685
1YSV 884 2.066 0.3680 0.7593
1YSV 885 1.953 0.4118 0.7870
1YSV 886 2.045 0.3604 0.7593
1YSV 887 1.993 0.3941 0.7870
1YSV 888 1.945 0.3865 0.7685
1YSV 889 1.812 0.3674 0.7778
1YSV 890 1.778 0.4135 0.7963
1YSV 891 1.749 0.4222 0.8056
1YSV 892 1.866 0.4060 0.8056
1YSV 893 1.717 0.4264 0.7963
1YSV 894 1.626 0.4803 0.8241
1YSV 895 1.872 0.3662 0.7778
1YSV 896 1.730 0.4041 0.7870
1YSV 897 1.659 0.4430 0.8333
1YSV 898 1.602 0.4362 0.8056
1YSV 899 1.704 0.4210 0.7963
1YSV 900 1.734 0.4321 0.8148
1YSV 901 1.781 0.3958 0.7778
1YSV 902 1.832 0.4057 0.7963
1YSV 903 1.661 0.4497 0.8148
1YSV 904 1.706 0.4100 0.8056
1YSV 905 1.936 0.3883 0.7778
1YSV 906 1.850 0.3739 0.7778
1YSV 907 1.756 0.3999 0.8056
1YSV 908 1.905 0.4060 0.7870
1YSV 909 1.544 0.4539 0.8241
1YSV 910 1.670 0.4076 0.8056
1YSV 911 1.773 0.3837 0.7870
1YSV 912 1.658 0.4655 0.8241
1YSV 913 1.657 0.4117 0.8148
1YSV 914 1.746 0.4016 0.7870
1YSV 915 1.845 0.4120 0.7870
1YSV 916 1.717 0.4331 0.8148
1YSV 917 1.518 0.4758 0.8519
1YSV 918 1.793 0.4179 0.8056
1YSV 919 1.788 0.4109 0.7963
1YSV 920 1.863 0.4228 0.7963
1YSV 921 1.863 0.4432 0.8333
1YSV 922 1.662 0.4396 0.8241
1YSV 923 1.688 0.4499 0.8056
1YSV 924 1.701 0.4171 0.7870
1YSV 925 1.938 0.3925 0.7870
1YSV 926 1.816 0.4318 0.8056
1YSV 927 1.684 0.4597 0.8148
1YSV 928 1.730 0.4245 0.8056
1YSV 929 1.636 0.4121 0.8241
1YSV 930 1.630 0.4176 0.7963
1YSV 931 1.630 0.4552 0.8241
1YSV 932 1.915 0.3808 0.7870
1YSV 933 1.722 0.4012 0.8056
1YSV 934 1.784 0.4157 0.8056
1YSV 935 1.564 0.4567 0.8241
1YSV 936 1.575 0.4649 0.8148
1YSV 937 1.605 0.4687 0.8426
1YSV 938 1.866 0.4290 0.8056
1YSV 939 1.837 0.4108 0.7963
1YSV 940 1.781 0.3998 0.7870
1YSV 941 1.851 0.3735 0.7778
1YSV 942 1.886 0.3795 0.7778
1YSV 943 1.936 0.3580 0.7778
1YSV 944 1.774 0.4352 0.8056
1YSV 945 1.791 0.4204 0.7963
1YSV 946 1.814 0.4309 0.7963
1YSV 947 1.805 0.4209 0.7870
1YSV 948 1.634 0.4584 0.8333
1YSV 949 1.683 0.4392 0.7963
1YSV 950 1.891 0.4000 0.7963
1YSV 951 1.941 0.4113 0.7870
1YSV 952 1.976 0.4061 0.7963
1YSV 953 1.833 0.3852 0.8056
1YSV 954 2.049 0.3522 0.7593
1YSV 955 1.712 0.4659 0.8519
1YSV 956 1.856 0.4567 0.8241
1YSV 957 1.851 0.3974 0.7963
1YSV 958 1.789 0.4312 0.7963
1YSV 959 1.702 0.4045 0.8056
1YSV 960 1.823 0.4108 0.8056
1YSV 961 1.944 0.4103 0.8056
1YSV 962 1.622 0.4535 0.8148
1YSV 963 1.686 0.4194 0.7963
1YSV 964 1.533 0.4662 0.8241
1YSV 965 1.600 0.4540 0.8148
1YSV 966 1.625 0.4224 0.8056
1YSV 967 1.525 0.4852 0.8426
1YSV 968 1.871 0.4113 0.7963
1YSV 969 1.963 0.4074 0.7870
1YSV 970 1.999 0.3822 0.7778
1YSV 971 1.818 0.4113 0.8148
1YSV 972 2.053 0.3839 0.7685
1YSV 973 1.822 0.3963 0.7963
1YSV 974 1.840 0.4063 0.7870
1YSV 975 1.779 0.4109 0.8056
1YSV 976 1.786 0.3962 0.7778
1YSV 977 1.885 0.3696 0.7778
1YSV 978 2.025 0.3780 0.7778
1YSV 979 1.844 0.3799 0.7593
1YSV 980 2.073 0.3603 0.7500
1YSV 981 1.966 0.3755 0.7778
1YSV 982 1.796 0.4027 0.7963
1YSV 983 1.953 0.3705 0.7685
1YSV 984 1.857 0.3772 0.7870
1YSV 985 1.619 0.4368 0.7870
1YSV 986 1.777 0.4375 0.8148
1YSV 987 2.127 0.3927 0.7685
1YSV 988 2.033 0.3631 0.7685
1YSV 989 2.054 0.3670 0.7778
1YSV 990 1.648 0.4482 0.8241
1YSV 991 1.693 0.4478 0.8148
1YSV 992 2.204 0.3630 0.7500
1YSV 993 1.991 0.3786 0.7870
1YSV 994 2.032 0.3650 0.7778
1YSV 995 1.722 0.4293 0.7963
1YSV 996 1.780 0.3970 0.7870
1YSV 997 1.857 0.4314 0.8056
1YSV 998 1.990 0.3472 0.7685
1YSV 999 2.018 0.3601 0.7685
1YSV 1000 1.753 0.4331 0.8056
1YSV 1001 1.686 0.4609 0.8148
1YSV 1002 1.760 0.3989 0.7870
1YSV 1003 1.915 0.3912 0.7870
1YSV 1004 1.513 0.4216 0.8148
1YSV 1005 1.923 0.3651 0.7685
1YSV 1006 2.043 0.3358 0.7500
1YSV 1007 2.231 0.3867 0.7500
1YSV 1008 1.882 0.3623 0.7593
1YSV 1009 1.810 0.3992 0.7778
1YSV 1010 1.837 0.3835 0.7778
1YSV 1011 1.734 0.3946 0.7963
1YSV 1012 1.811 0.4042 0.7778
1YSV 1013 2.247 0.3878 0.7593
1YSV 1014 1.937 0.3557 0.7500
1YSV 1015 2.144 0.3762 0.7593
1YSV 1016 2.054 0.3743 0.7685
1YSV 1017 1.980 0.3684 0.7593
1YSV 1018 1.991 0.3704 0.7778
1YSV 1019 2.258 0.3985 0.7593
1YSV 1020 2.081 0.3887 0.7593
1YSV 1021 1.956 0.4202 0.7963
1YSV 1022 2.099 0.3648 0.7685
1YSV 1023 2.011 0.3804 0.7778
1YSV 1024 2.371 0.3974 0.7685
1YSV 1025 2.138 0.4468 0.7870
1YSV 1026 1.970 0.4468 0.7870
1YSV 1027 2.213 0.4074 0.7778
1YSV 1028 2.152 0.4161 0.7778
1YSV 1029 1.851 0.3801 0.7963
1YSV 1030 2.245 0.4132 0.7778
1YSV 1031 2.190 0.3913 0.7593
1YSV 1032 1.952 0.3757 0.7685
1YSV 1033 2.031 0.3674 0.7593
1YSV 1034 2.180 0.3865 0.7685
1YSV 1035 2.125 0.3786 0.7685
1YSV 1036 1.973 0.3790 0.7593
1YSV 1037 1.738 0.4290 0.8056
1YSV 1038 1.629 0.4323 0.8148
1YSV 1039 1.903 0.4338 0.8056
1YSV 1040 2.173 0.4035 0.7778
1YSV 1041 2.096 0.3764 0.7593
1YSV 1042 1.869 0.4097 0.7870
1YSV 1043 2.169 0.4145 0.7870
1YSV 1044 2.105 0.3737 0.7685
1YSV 1045 1.697 0.3903 0.8056
1YSV 1046 2.023 0.3427 0.7500
1YSV 1047 2.186 0.3655 0.7593
1YSV 1048 2.061 0.3933 0.7778
1YSV 1049 2.011 0.4035 0.7778
1YSV 1050 1.903 0.3960 0.7778
1YSV 1051 1.806 0.3962 0.7963
1YSV 1052 1.932 0.3708 0.7778
1YSV 1053 2.059 0.3473 0.7593
1YSV 1054 1.951 0.3565 0.7778
1YSV 1055 1.689 0.4249 0.7963
1YSV 1056 1.532 0.4561 0.8148
1YSV 1057 1.560 0.4294 0.8148
1YSV 1058 1.786 0.4262 0.8056
1YSV 1059 1.803 0.4329 0.8056
1YSV 1060 1.772 0.3664 0.7778
1YSV 1061 1.772 0.4461 0.8056
1YSV 1062 1.961 0.3952 0.7870
1YSV 1063 1.739 0.4023 0.7870
1YSV 1064 2.061 0.3712 0.7593
1YSV 1065 1.900 0.4011 0.7870
1YSV 1066 1.773 0.3720 0.7870
1YSV 1067 2.136 0.3393 0.7500
1YSV 1068 1.709 0.4354 0.8056
1YSV 1069 1.889 0.4096 0.7778
1YSV 1070 1.841 0.4040 0.7870
1YSV 1071 1.907 0.3729 0.7685
1YSV 1072 2.024 0.3737 0.7778
1YSV 1073 2.108 0.3758 0.7685
1YSV 1074 1.962 0.3805 0.7778
1YSV 1075 2.047 0.3221 0.7407
1YSV 1076 1.895 0.3352 0.7593
1YSV 1077 1.588 0.4118 0.8241
1YSV 1078 2.091 0.3507 0.7500
1YSV 1079 1.992 0.3628 0.7593
1YSV 1080 1.716 0.3596 0.8056
1YSV 1081 1.821 0.4063 0.8056
1YSV 1082 1.981 0.3333 0.7593
1YSV 1083 2.227 0.3043 0.7315
1YSV 1084 2.061 0.3788 0.7685
1YSV 1085 1.683 0.3997 0.7963
1YSV 1086 1.677 0.3802 0.7963
1YSV 1087 1.614 0.4376 0.8241
1YSV 1088 1.842 0.4316 0.8056
1YSV 1089 2.029 0.3835 0.7778
1YSV 1090 1.697 0.4122 0.7963
1YSV 1091 1.836 0.4008 0.7778
1YSV 1092 1.871 0.3797 0.7963
1YSV 1093 1.918 0.4166 0.8241
1YSV 1094 1.933 0.4333 0.7870
1YSV 1095 1.750 0.4467 0.8148
1YSV 1096 1.577 0.4437 0.8148
1YSV 1097 1.710 0.3694 0.7870
1YSV 1098 1.950 0.3552 0.7685
1YSV 1099 1.956 0.3747 0.7870
1YSV 1100 2.024 0.4052 0.7870
1YSV 1101 1.927 0.3635 0.7778
1YSV 1102 1.879 0.4247 0.8056
1YSV 1103 1.968 0.3844 0.7778
1YSV 1104 1.944 0.4028 0.8148
1YSV 1105 2.037 0.3574 0.7685
1YSV 1106 2.134 0.3586 0.7593
1YSV 1107 2.500 0.4035 0.7685
1YSV 1108 2.356 0.3892 0.7778
1YSV 1109 2.288 0.3761 0.7685
1YSV 1110 2.061 0.3690 0.7685
1YSV 1111 1.886 0.4204 0.8056
1YSV 1112 1.992 0.4080 0.7870
1YSV 1113 2.326 0.3595 0.7500
1YSV 1114 2.360 0.4040 0.7778
1YSV 1115 2.319 0.3271 0.7315
1YSV 1116 2.228 0.3344 0.7500
1YSV 1117 2.290 0.3230 0.7685
1YSV 1118 2.066 0.3932 0.7963
1YSV 1119 2.213 0.3864 0.7593
1YSV 1120 1.866 0.4349 0.7963
1YSV 1121 1.929 0.3894 0.7685
1YSV 1122 2.178 0.3970 0.7593
1YSV 1123 2.142 0.3928 0.7685
1YSV 1124 1.836 0.4146 0.8056
1YSV 1125 2.352 0.3598 0.7222
1YSV 1126 2.306 0.3247 0.7222
1YSV 1127 1.945 0.3715 0.7870
1YSV 1128 2.214 0.3488 0.7407
1YSV 1129 1.935 0.3953 0.7870
1YSV 1130 1.740 0.3996 0.8056
1YSV 1131 1.686 0.4236 0.8056
1YSV 1132 1.870 0.3748 0.7593
1YSV 1133 2.065 0.3727 0.7593
1YSV 1134 1.876 0.3816 0.7685
1YSV 1135 1.972 0.3804 0.7870
1YSV 1136 2.162 0.3480 0.7500
1YSV 1137 2.041 0.4009 0.7685
1YSV 1138 2.226 0.3399 0.7407
1YSV 1139 1.671 0.4428 0.8056
1YSV 1140 1.847 0.4004 0.7778
1YSV 1141 1.771 0.4063 0.8056
1YSV 1142 1.970 0.3668 0.7593
1YSV 1143 2.152 0.3830 0.7593
1YSV 1144 2.056 0.3585 0.7500
1YSV 1145 1.832 0.3923 0.7870
1YSV 1146 1.819 0.4020 0.7778
1YSV 1147 1.924 0.3819 0.7870
1YSV 1148 2.114 0.3617 0.7593
1YSV 1149 2.137 0.3695 0.7685
1YSV 1150 2.134 0.3540 0.7315
1YSV 1151 2.053 0.3740 0.7407
1YSV 1152 2.183 0.3517 0.7407
1YSV 1153 2.264 0.3249 0.7222
1YSV 1154 2.148 0.3762 0.7500
1YSV 1155 1.769 0.3996 0.7685
1YSV 1156 1.778 0.3866 0.7778
1YSV 1157 1.790 0.3901 0.7963
1YSV 1158 2.502 0.3318 0.7130
1YSV 1159 2.160 0.3715 0.7315
1YSV 1160 2.265 0.3708 0.7407
1YSV 1161 2.501 0.3294 0.7222
1YSV 1162 2.415 0.3576 0.7500
1YSV 1163 1.890 0.3647 0.7685
1YSV 1164 1.864 0.3953 0.7685
1YSV 1165 1.700 0.4132 0.7870
1YSV 1166 1.721 0.4261 0.7963
1YSV 1167 1.783 0.3824 0.7685
1YSV 1168 1.928 0.3783 0.7778
1YSV 1169 2.128 0.3629 0.7593
1YSV 1170 2.293 0.3407 0.7222
1YSV 1171 2.392 0.3453 0.7222
1YSV 1172 2.378 0.3457 0.7222
1YSV 1173 2.261 0.3944 0.7500
1YSV 1174 2.397 0.3710 0.7315
1YSV 1175 2.264 0.3579 0.7500
1YSV 1176 2.190 0.3400 0.7500
1YSV 1177 2.064 0.3776 0.7685
1YSV 1178 2.033 0.3853 0.7593
1YSV 1179 2.097 0.4111 0.7685
1YSV 1180 2.587 0.3168 0.7037
1YSV 1181 2.330 0.3472 0.7315
1YSV 1182 2.176 0.3651 0.7593
1YSV 1183 2.216 0.3799 0.7500
1YSV 1184 2.042 0.3798 0.7593
1YSV 1185 2.095 0.3840 0.7593
1YSV 1186 1.976 0.3766 0.7963
1YSV 1187 1.864 0.3522 0.7593
1YSV 1188 2.325 0.3234 0.7222
1YSV 1189 2.093 0.3361 0.7222
1YSV 1190 1.897 0.3842 0.7870
1YSV 1191 2.077 0.4393 0.7870
1YSV 1192 2.223 0.3200 0.7222
1YSV 1193 2.019 0.3857 0.7685
1YSV 1194 2.187 0.3450 0.7500
1YSV 1195 1.913 0.4000 0.7870
1YSV 1196 1.879 0.4410 0.8056
1YSV 1197 2.116 0.3575 0.7593
1YSV 1198 2.237 0.3376 0.7222
1YSV 1199 2.141 0.3644 0.7593
1YSV 1200 2.063 0.3359 0.7500
1YSV 1201 1.923 0.3730 0.7593
1YSV 1202 2.177 0.3383 0.7315
1YSV 1203 2.552 0.3311 0.7037
1YSV 1204 1.807 0.3769 0.7870
1YSV 1205 2.016 0.3519 0.7407
1YSV 1206 1.984 0.3617 0.7500
1YSV 1207 1.979 0.3544 0.7315
1YSV 1208 2.247 0.3545 0.7500
1YSV 1209 1.884 0.3837 0.7963
1YSV 1210 2.317 0.3474 0.7500
1YSV 1211 2.138 0.3543 0.7407
1YSV 1212 1.939 0.3994 0.7778
1YSV 1213 2.436 0.3729 0.7222
1YSV 1214 2.234 0.3471 0.7222
1YSV 1215 2.281 0.3213 0.7222
1YSV 1216 2.145 0.3567 0.7500
1YSV 1217 1.912 0.4010 0.7870
1YSV 1218 2.184 0.3234 0.7315
1YSV 1219 2.007 0.3551 0.7685
1YSV 1220 1.970 0.4077 0.7778
1YSV 1221 2.036 0.3763 0.7593
1YSV 1222 1.960 0.3495 0.7685
1YSV 1223 2.227 0.3551 0.7593
1YSV 1224 1.731 0.4032 0.7963
1YSV 1225 1.843 0.3684 0.7870
1YSV 1226 2.017 0.3556 0.7778
1YSV 1227 1.739 0.4173 0.7963
1YSV 1228 2.046 0.3474 0.7500
1YSV 1229 2.153 0.3798 0.7593
1YSV 1230 2.303 0.3565 0.7222
1YSV 1231 2.094 0.3690 0.7593
1YSV 1232 2.016 0.3571 0.7593
1YSV 1233 1.954 0.3407 0.7500
1YSV 1234 2.042 0.4011 0.7593
1YSV 1235 2.022 0.3742 0.7500
1YSV 1236 2.122 0.3809 0.7593
1YSV 1237 1.821 0.4251 0.7963
1YSV 1238 2.119 0.3483 0.7500
1YSV 1239 2.004 0.4026 0.7685
1YSV 1240 2.287 0.3343 0.7222
1YSV 1241 2.175 0.3383 0.7222
1YSV 1242 2.251 0.3667 0.7315
1YSV 1243 2.132 0.3685 0.7407
1YSV 1244 2.045 0.3400 0.7315
1YSV 1245 2.041 0.3500 0.7500
1YSV 1246 2.174 0.3302 0.7407
1YSV 1247 2.210 0.3560 0.7222
1YSV 1248 2.131 0.3406 0.7315
1YSV 1249 2.050 0.3594 0.7500
1YSV 1250 2.031 0.3439 0.7593
1YSV 1251 1.847 0.3574 0.7778
1YSV 1252 2.160 0.3386 0.7222
1YSV 1253 1.935 0.3866 0.7685
1YSV 1254 2.166 0.3677 0.7315
1YSV 1255 2.010 0.3812 0.7593
1YSV 1256 2.062 0.3771 0.7500
1YSV 1257 1.984 0.3544 0.7500
1YSV 1258 2.219 0.3547 0.7500
1YSV 1259 2.423 0.3557 0.7407
1YSV 1260 2.149 0.3249 0.7500
1YSV 1261 1.982 0.3365 0.7500
1YSV 1262 1.947 0.3788 0.7685
1YSV 1263 2.284 0.3425 0.7222
1YSV 1264 1.961 0.3563 0.7685
1YSV 1265 2.180 0.3214 0.7315
1YSV 1266 2.039 0.3457 0.7407
1YSV 1267 2.369 0.3264 0.7315
1YSV 1268 2.486 0.3570 0.7407
1YSV 1269 2.500 0.3437 0.7315
1YSV 1270 2.083 0.3570 0.7685
1YSV 1271 2.101 0.3889 0.7685
1YSV 1272 2.009 0.3583 0.7407
1YSV 1273 1.931 0.3612 0.7500
1YSV 1274 2.394 0.3277 0.7130
1YSV 1275 2.295 0.3492 0.7407
1YSV 1276 2.071 0.3597 0.7593
1YSV 1277 2.038 0.3731 0.7685
1YSV 1278 1.996 0.3812 0.7500
1YSV 1279 2.224 0.3394 0.7315
1YSV 1280 2.087 0.3786 0.7593
1YSV 1281 2.235 0.3394 0.7407
1YSV 1282 1.881 0.3681 0.7593
1YSV 1283 1.729 0.3738 0.7963
1YSV 1284 1.762 0.3830 0.7778
1YSV 1285 1.849 0.4010 0.7778
1YSV 1286 1.969 0.3591 0.7593
1YSV 1287 1.850 0.4175 0.8056
1YSV 1288 2.085 0.3302 0.7315
1YSV 1289 1.962 0.4020 0.7870
1YSV 1290 2.024 0.3540 0.7315
1YSV 1291 1.823 0.3625 0.7685
1YSV 1292 1.872 0.4238 0.8056
1YSV 1293 2.238 0.3191 0.7407
1YSV 1294 1.908 0.4077 0.7685
1YSV 1295 1.837 0.3914 0.7685
1YSV 1296 1.882 0.3938 0.7778
1YSV 1297 1.996 0.3653 0.7500
1YSV 1298 1.966 0.3842 0.7500
1YSV 1299 1.755 0.3765 0.7778
1YSV 1300 1.989 0.3309 0.7407
1YSV 1301 2.048 0.3412 0.7500
1YSV 1302 1.756 0.4731 0.8056
1YSV 1303 1.662 0.4000 0.8056
1YSV 1304 1.973 0.4017 0.7870
1YSV 1305 2.313 0.3025 0.7037
1YSV 1306 2.078 0.3491 0.7500
1YSV 1307 1.672 0.4679 0.8426
1YSV 1308 1.717 0.4056 0.8056
1YSV 1309 1.881 0.3678 0.7685
1YSV 1310 2.193 0.3403 0.7315
1YSV 1311 2.098 0.3686 0.7500
1YSV 1312 1.864 0.3932 0.7685
1YSV 1313 1.734 0.3827 0.7870
1YSV 1314 1.648 0.4238 0.8148
1YSV 1315 1.617 0.4545 0.8333
1YSV 1316 1.709 0.4109 0.8148
1YSV 1317 1.586 0.4255 0.8426
1YSV 1318 1.828 0.3831 0.7963
1YSV 1319 1.778 0.3976 0.7870
1YSV 1320 2.091 0.3823 0.7685
1YSV 1321 2.214 0.3358 0.7407
1YSV 1322 2.141 0.3242 0.7315
1YSV 1323 2.068 0.3506 0.7500
1YSV 1324 2.055 0.3545 0.7778
1YSV 1325 2.218 0.3683 0.7593
1YSV 1326 2.083 0.3827 0.7685
1YSV 1327 2.212 0.3418 0.7222
1YSV 1328 2.040 0.3294 0.7315
1YSV 1329 1.857 0.3789 0.7778
1YSV 1330 2.183 0.3124 0.7222
1YSV 1331 2.204 0.3011 0.7593
1YSV 1332 2.393 0.3364 0.7222
1YSV 1333 2.142 0.3190 0.7315
1YSV 1334 2.367 0.3519 0.7500
1YSV 1335 2.374 0.3132 0.7500
1YSV 1336 2.070 0.3411 0.7500
1YSV 1337 2.286 0.3211 0.7315
1YSV 1338 2.436 0.3183 0.7315
1YSV 1339 2.471 0.3269 0.7222
1YSV 1340 1.720 0.3724 0.7778
1YSV 1341 1.840 0.3904 0.7870
1YSV 1342 2.018 0.3941 0.7593
1YSV 1343 2.308 0.3018 0.7315
1YSV 1344 2.336 0.3233 0.7315
1YSV 1345 2.058 0.3350 0.7778
1YSV 1346 2.022 0.3428 0.7500
1YSV 1347 2.171 0.3117 0.7222
1YSV 1348 2.520 0.2987 0.7222
1YSV 1349 1.969 0.3750 0.7685
1YSV 1350 1.901 0.3408 0.7778
1YSV 1351 1.952 0.3297 0.7593
1YSV 1352 1.715 0.4261 0.8148
1YSV 1353 2.397 0.2925 0.7130
1YSV 1354 1.851 0.4136 0.7685
1YSV 1355 1.693 0.4381 0.7870
1YSV 1356 1.790 0.3941 0.7778
1YSV 1357 2.157 0.3748 0.7407
1YSV 1358 2.326 0.3473 0.7407
1YSV 1359 2.378 0.3237 0.7407
1YSV 1360 2.259 0.3731 0.7407
1YSV 1361 2.580 0.4001 0.7407
1YSV 1362 2.342 0.3247 0.7130
1YSV 1363 2.499 0.3351 0.7407
1YSV 1364 2.407 0.3535 0.7407
1YSV 1365 2.259 0.3707 0.7315
1YSV 1366 2.376 0.3624 0.7222
1YSV 1367 2.255 0.3510 0.7315
1YSV 1368 1.896 0.3601 0.7500
1YSV 1369 2.071 0.3722 0.7500
1YSV 1370 2.359 0.3288 0.7130
1YSV 1371 2.190 0.3940 0.7778
1YSV 1372 2.087 0.3595 0.7593
1YSV 1373 2.427 0.4016 0.7593
1YSV 1374 2.278 0.3948 0.7593
1YSV 1375 2.236 0.3567 0.7685
1YSV 1376 2.086 0.3792 0.7685
1YSV 1377 2.151 0.3778 0.7593
1YSV 1378 2.232 0.3318 0.7315
1YSV 1379 1.875 0.3771 0.7685
1YSV 1380 2.349 0.4046 0.7500
1YSV 1381 2.223 0.4308 0.7963
1YSV 1382 1.997 0.3713 0.7685
1YSV 1383 2.468 0.3510 0.7222
1YSV 1384 2.078 0.3553 0.7778
1YSV 1385 2.034 0.4092 0.7778
1YSV 1386 2.126 0.3752 0.7870
1YSV 1387 2.301 0.3162 0.7222
1YSV 1388 2.397 0.3618 0.7407
1YSV 1389 2.248 0.3565 0.7407
1YSV 1390 2.415 0.3310 0.7222
1YSV 1391 1.991 0.3633 0.7778
1YSV 1392 2.184 0.3537 0.7500
1YSV 1393 2.272 0.3732 0.7500
1YSV 1394 2.205 0.3611 0.7593
1YSV 1395 2.159 0.3693 0.7593
1YSV 1396 2.044 0.3694 0.7500
1YSV 1397 2.134 0.3704 0.7500
1YSV 1398 2.229 0.3701 0.7500
1YSV 1399 2.061 0.3947 0.7685
1YSV 1400 2.293 0.3569 0.7407
1YSV 1401 2.243 0.3556 0.7407
1YSV 1402 2.173 0.4018 0.7870
1YSV 1403 2.223 0.3413 0.7500
1YSV 1404 2.056 0.4151 0.7963
1YSV 1405 2.228 0.4342 0.8056
1YSV 1406 2.370 0.4003 0.7593
1YSV 1407 2.216 0.3799 0.7500
1YSV 1408 2.183 0.3871 0.7593
1YSV 1409 2.248 0.3506 0.7407
1YSV 1410 2.139 0.3657 0.7593
1YSV 1411 2.275 0.3685 0.7500
1YSV 1412 2.219 0.3896 0.7407
1YSV 1413 1.991 0.3745 0.7593
1YSV 1414 2.377 0.3408 0.7407
1YSV 1415 2.247 0.3469 0.7500
1YSV 1416 1.993 0.3786 0.7593
1YSV 1417 2.166 0.3638 0.7500
1YSV 1418 2.390 0.3053 0.7315
1YSV 1419 1.973 0.3651 0.7593
1YSV 1420 2.094 0.3696 0.7685
1YSV 1421 1.950 0.3709 0.7685
1YSV 1422 2.186 0.3861 0.7870
1YSV 1423 2.133 0.3818 0.7685
1YSV 1424 2.393 0.3262 0.7222
1YSV 1425 2.049 0.3437 0.7407
1YSV 1426 2.060 0.3118 0.7407
1YSV 1427 2.131 0.3355 0.7500
1YSV 1428 2.129 0.3669 0.7593
1YSV 1429 2.129 0.3554 0.7407
1YSV 1430 2.357 0.3139 0.7222
1YSV 1431 2.114 0.3683 0.7500
1YSV 1432 1.988 0.3682 0.7778
1YSV 1433 2.385 0.3556 0.7407
1YSV 1434 1.939 0.4185 0.7963
1YSV 1435 2.132 0.3840 0.7593
1YSV 1436 2.361 0.4067 0.7500
1YSV 1437 2.116 0.3458 0.7407
1YSV 1438 2.054 0.4032 0.7685
1YSV 1439 2.370 0.3564 0.7500
1YSV 1440 2.116 0.3723 0.7500
1YSV 1441 2.015 0.3677 0.7870
1YSV 1442 2.256 0.4005 0.7685
1YSV 1443 2.068 0.3984 0.7778
1YSV 1444 2.148 0.3627 0.7593
1YSV 1445 2.084 0.3809 0.7593
1YSV 1446 2.250 0.3598 0.7222
1YSV 1447 2.172 0.3528 0.7593
1YSV 1448 2.166 0.3344 0.7407
1YSV 1449 2.003 0.3792 0.7778
1YSV 1450 2.087 0.4051 0.7870
1YSV 1451 1.996 0.4251 0.7778
1YSV 1452 2.157 0.3685 0.7685
1YSV 1453 2.204 0.3435 0.7407
1YSV 1454 2.207 0.3942 0.7500
1YSV 1455 2.396 0.3570 0.7500
1YSV 1456 2.066 0.3622 0.7685
1YSV 1457 2.220 0.4058 0.7685
1YSV 1458 2.271 0.4399 0.7963
1YSV 1459 2.602 0.3969 0.7593
1YSV 1460 2.093 0.3940 0.7778
1YSV 1461 1.999 0.3988 0.7778
1YSV 1462 2.475 0.3993 0.7407
1YSV 1463 2.061 0.3912 0.7500
1YSV 1464 2.253 0.3853 0.7593
1YSV 1465 2.072 0.4806 0.8148
1YSV 1466 2.273 0.3947 0.7593
1YSV 1467 2.073 0.3721 0.7593
1YSV 1468 2.093 0.3666 0.7778
1YSV 1469 2.187 0.3307 0.7407
1YSV 1470 2.310 0.3227 0.7315
1YSV 1471 2.469 0.3085 0.7315
1YSV 1472 2.130 0.4075 0.7870
1YSV 1473 1.980 0.3857 0.7593
1YSV 1474 2.311 0.3632 0.7500
1YSV 1475 2.221 0.3544 0.7593
1YSV 1476 2.140 0.3671 0.7407
1YSV 1477 2.252 0.3520 0.7407
1YSV 1478 2.156 0.3551 0.7500
1YSV 1479 2.303 0.3109 0.7407
1YSV 1480 2.272 0.3704 0.7500
1YSV 1481 2.513 0.3285 0.7407
1YSV 1482 2.320 0.2890 0.7037
1YSV 1483 2.398 0.3088 0.7315
1YSV 1484 2.207 0.2914 0.7222
1YSV 1485 2.219 0.3524 0.7407
1YSV 1486 2.497 0.2988 0.6944
1YSV 1487 2.229 0.3093 0.7315
1YSV 1488 2.029 0.3565 0.7407
1YSV 1489 1.820 0.3862 0.7963
1YSV 1490 2.048 0.4060 0.7778
1YSV 1491 2.096 0.4083 0.7685
