4A4T 1 0.000 1.0000 1.0000
4A4T 2 1.831 0.2450 0.7500
4A4T 3 2.591 0.3315 0.8068
4A4T 4 1.913 0.2596 0.7727
4A4T 5 2.580 0.2353 0.7614
4A4T 6 9.663 0.0742 0.2841
4A4T 7 4.068 0.2047 0.6705
4A4T 8 7.075 0.1540 0.4886
4A4T 9 8.336 0.1642 0.5114
4A4T 10 7.495 0.1350 0.4886
4A4T 11 3.824 0.1880 0.6477
4A4T 12 7.067 0.1439 0.5114
4A4T 13 8.280 0.1285 0.4773
4A4T 14 4.969 0.2069 0.6023
4A4T 15 4.750 0.1529 0.5341
4A4T 16 6.825 0.1606 0.5227
4A4T 17 3.766 0.1947 0.7045
4A4T 18 4.959 0.1976 0.6023
4A4T 19 4.279 0.1807 0.6477
4A4T 20 3.199 0.1885 0.6932
4A4T 21 5.174 0.1875 0.6250
4A4T 22 4.174 0.1601 0.6364
4A4T 23 4.561 0.1752 0.5795
4A4T 24 3.915 0.1985 0.6705
4A4T 25 3.300 0.2223 0.6932
4A4T 26 2.446 0.2022 0.7045
4A4T 27 2.142 0.2325 0.7955
4A4T 28 2.858 0.1896 0.6818
4A4T 29 3.776 0.1782 0.6705
4A4T 30 3.257 0.1888 0.6932
4A4T 31 3.526 0.2197 0.6705
4A4T 32 9.162 0.1661 0.4659
4A4T 33 2.426 0.2393 0.7614
4A4T 34 3.903 0.1828 0.6364
4A4T 35 3.309 0.2359 0.6818
4A4T 36 3.680 0.1968 0.6591
4A4T 37 3.809 0.1924 0.6591
4A4T 38 3.216 0.1858 0.7045
4A4T 39 2.666 0.2385 0.7386
4A4T 40 3.229 0.1946 0.6932
4A4T 41 2.899 0.1737 0.6818
4A4T 42 2.948 0.2056 0.6932
4A4T 43 3.489 0.2356 0.7045
4A4T 44 2.783 0.2252 0.7273
4A4T 45 3.561 0.1778 0.6477
4A4T 46 7.844 0.1256 0.4318
4A4T 47 9.277 0.1336 0.4318
4A4T 48 9.291 0.1350 0.3409
4A4T 49 7.120 0.1625 0.4659
4A4T 50 9.223 0.1720 0.4545
4A4T 51 6.488 0.1464 0.5000
4A4T 52 4.821 0.1730 0.5909
4A4T 53 6.365 0.1802 0.5000
4A4T 54 10.870 0.1271 0.3977
4A4T 55 5.724 0.1610 0.5114
4A4T 56 3.343 0.1913 0.7045
4A4T 57 3.709 0.1451 0.6250
4A4T 58 3.508 0.1740 0.6591
4A4T 59 3.919 0.2033 0.5909
4A4T 60 6.962 0.1385 0.4545
4A4T 61 5.676 0.1765 0.5795
4A4T 62 4.532 0.1865 0.5909
4A4T 63 3.207 0.1684 0.6591
4A4T 64 3.855 0.2046 0.6477
4A4T 65 3.062 0.2144 0.6932
4A4T 66 3.821 0.2141 0.6705
4A4T 67 3.468 0.2143 0.6477
4A4T 68 3.099 0.2447 0.6932
4A4T 69 4.846 0.1714 0.6136
4A4T 70 3.434 0.1770 0.6818
4A4T 71 2.981 0.1843 0.6477
4A4T 72 3.819 0.2153 0.6932
4A4T 73 4.071 0.2252 0.6477
4A4T 74 4.288 0.1806 0.6250
4A4T 75 4.038 0.1640 0.5682
4A4T 76 2.638 0.2110 0.7386
4A4T 77 3.253 0.1930 0.6818
4A4T 78 2.729 0.1801 0.6818
4A4T 79 3.111 0.2067 0.6818
4A4T 80 3.115 0.2572 0.7045
4A4T 81 3.545 0.1712 0.6364
4A4T 82 3.095 0.2453 0.7273
4A4T 83 2.938 0.2474 0.6932
4A4T 84 2.929 0.1932 0.7045
4A4T 85 3.289 0.1895 0.6477
4A4T 86 10.245 0.1338 0.3636
4A4T 87 12.715 0.1131 0.4205
4A4T 88 11.197 0.1308 0.3750
4A4T 89 8.554 0.1238 0.4318
4A4T 90 10.395 0.1120 0.4432
4A4T 91 6.685 0.1503 0.5682
4A4T 92 3.628 0.1949 0.7045
4A4T 93 9.858 0.1464 0.3864
4A4T 94 9.086 0.1292 0.4091
4A4T 95 9.607 0.1410 0.4432
4A4T 96 4.224 0.1740 0.5795
4A4T 97 6.728 0.1693 0.5455
4A4T 98 8.125 0.1364 0.4205
4A4T 99 3.957 0.1608 0.6364
4A4T 100 5.999 0.1517 0.5682
4A4T 101 7.334 0.2007 0.5000
4A4T 102 5.013 0.2431 0.6705
4A4T 103 6.287 0.1413 0.4545
4A4T 104 7.913 0.1554 0.4773
4A4T 105 5.493 0.1750 0.5909
4A4T 106 5.577 0.2318 0.6705
4A4T 107 4.079 0.1429 0.5795
4A4T 108 3.683 0.2332 0.6818
4A4T 109 5.023 0.1804 0.6136
4A4T 110 9.109 0.1906 0.5795
4A4T 111 5.754 0.1893 0.5682
4A4T 112 4.869 0.2108 0.5795
4A4T 113 8.155 0.1852 0.5000
4A4T 114 3.852 0.2263 0.6591
4A4T 115 2.705 0.1812 0.7045
4A4T 116 4.192 0.1774 0.6250
4A4T 117 7.406 0.1618 0.5000
4A4T 118 3.636 0.1761 0.6477
4A4T 119 3.079 0.2039 0.6932
4A4T 120 6.041 0.1738 0.5341
4A4T 121 4.164 0.2345 0.6705
4A4T 122 2.417 0.2372 0.7273
4A4T 123 3.570 0.1776 0.6477
4A4T 124 3.588 0.1837 0.6705
4A4T 125 2.905 0.1773 0.6591
4A4T 126 8.066 0.1394 0.4886
4A4T 127 8.210 0.1633 0.5000
4A4T 128 5.650 0.1731 0.5341
4A4T 129 10.086 0.1304 0.3409
4A4T 130 7.306 0.1517 0.5227
4A4T 131 10.447 0.1300 0.3636
4A4T 132 6.947 0.1526 0.5000
4A4T 133 7.965 0.1757 0.5114
4A4T 134 4.347 0.1724 0.5568
4A4T 135 6.739 0.1713 0.5341
4A4T 136 2.821 0.1998 0.6591
4A4T 137 5.926 0.1743 0.6364
4A4T 138 6.155 0.1808 0.6136
4A4T 139 3.367 0.2036 0.6705
4A4T 140 3.322 0.1600 0.6591
4A4T 141 3.264 0.1786 0.6818
4A4T 142 2.378 0.2122 0.7273
4A4T 143 5.075 0.1985 0.6250
4A4T 144 5.258 0.1617 0.5795
4A4T 145 3.835 0.1788 0.6364
4A4T 146 3.697 0.1855 0.6591
4A4T 147 3.368 0.1787 0.6591
4A4T 148 3.124 0.2343 0.6932
4A4T 149 1.889 0.2273 0.7614
4A4T 150 3.636 0.1973 0.6818
4A4T 151 4.120 0.2468 0.6705
4A4T 152 3.409 0.2481 0.7159
4A4T 153 2.533 0.2147 0.7045
4A4T 154 3.667 0.2096 0.6591
4A4T 155 4.924 0.1865 0.5682
4A4T 156 4.519 0.1760 0.5568
4A4T 157 2.701 0.2825 0.7386
4A4T 158 2.787 0.1742 0.7159
4A4T 159 2.846 0.1797 0.7045
4A4T 160 3.902 0.2069 0.6477
4A4T 161 3.022 0.2546 0.6932
4A4T 162 2.788 0.2386 0.7045
4A4T 163 3.225 0.2549 0.7159
4A4T 164 2.863 0.2215 0.6932
4A4T 165 3.315 0.2880 0.7386
4A4T 166 10.782 0.1487 0.4318
4A4T 167 11.210 0.1068 0.3182
4A4T 168 10.150 0.1115 0.3977
4A4T 169 6.011 0.1849 0.6136
4A4T 170 7.941 0.1737 0.4318
4A4T 171 7.458 0.1574 0.4545
4A4T 172 10.837 0.1158 0.3977
4A4T 173 11.549 0.1381 0.4432
4A4T 174 7.235 0.1442 0.5114
4A4T 175 4.732 0.1614 0.5795
4A4T 176 7.127 0.1858 0.5568
4A4T 177 7.368 0.1287 0.4318
4A4T 178 3.970 0.2259 0.6250
4A4T 179 3.940 0.1979 0.5909
4A4T 180 3.728 0.1722 0.6136
4A4T 181 3.077 0.2430 0.7500
4A4T 182 3.123 0.1876 0.6591
4A4T 183 4.489 0.2529 0.6591
4A4T 184 4.204 0.1801 0.6136
4A4T 185 2.714 0.1688 0.7159
4A4T 186 4.159 0.1796 0.6250
4A4T 187 4.007 0.1832 0.6705
4A4T 188 2.377 0.2405 0.7500
4A4T 189 3.301 0.1927 0.6705
4A4T 190 3.658 0.1655 0.6477
4A4T 191 3.082 0.1852 0.6932
4A4T 192 3.062 0.2718 0.7273
4A4T 193 3.998 0.1778 0.6591
4A4T 194 3.732 0.1956 0.6591
4A4T 195 3.987 0.1961 0.6136
4A4T 196 1.941 0.2072 0.7727
4A4T 197 3.586 0.2037 0.6818
4A4T 198 2.842 0.2290 0.7273
4A4T 199 2.314 0.2543 0.7614
4A4T 200 3.863 0.2075 0.6705
4A4T 201 2.564 0.1981 0.7159
4A4T 202 4.452 0.1895 0.6250
4A4T 203 3.670 0.1832 0.6591
4A4T 204 2.500 0.2196 0.7273
4A4T 205 2.589 0.2578 0.7841
4A4T 206 8.507 0.1332 0.3750
4A4T 207 4.736 0.2012 0.6364
4A4T 208 7.217 0.1497 0.5000
4A4T 209 11.596 0.1353 0.3636
4A4T 210 11.692 0.0924 0.3409
4A4T 211 6.772 0.1510 0.4545
4A4T 212 7.542 0.1615 0.5227
4A4T 213 3.829 0.1911 0.6477
4A4T 214 10.984 0.1508 0.3750
4A4T 215 8.774 0.1370 0.4432
4A4T 216 5.558 0.2050 0.6136
4A4T 217 9.914 0.1405 0.3636
4A4T 218 2.649 0.2060 0.7273
4A4T 219 5.677 0.1895 0.6136
4A4T 220 2.628 0.2213 0.7159
4A4T 221 6.733 0.1847 0.5568
4A4T 222 10.464 0.1187 0.4318
4A4T 223 4.626 0.1849 0.5455
4A4T 224 5.262 0.1682 0.5795
4A4T 225 4.170 0.1872 0.6250
4A4T 226 3.482 0.1766 0.6364
4A4T 227 3.503 0.1999 0.6705
4A4T 228 4.476 0.1835 0.5909
4A4T 229 5.021 0.1779 0.6023
4A4T 230 2.963 0.2004 0.6591
4A4T 231 2.877 0.1992 0.6932
4A4T 232 3.537 0.1651 0.6023
4A4T 233 2.193 0.1974 0.7500
4A4T 234 3.874 0.2494 0.6591
4A4T 235 2.244 0.1678 0.7045
4A4T 236 4.032 0.1855 0.6250
4A4T 237 3.806 0.1827 0.6591
4A4T 238 2.766 0.2225 0.6932
4A4T 239 2.902 0.2634 0.7386
4A4T 240 3.756 0.1900 0.6364
4A4T 241 3.414 0.1976 0.6818
4A4T 242 2.943 0.2236 0.7159
4A4T 243 3.065 0.2026 0.7045
4A4T 244 3.389 0.1849 0.6705
4A4T 245 2.721 0.2061 0.6932
4A4T 246 6.060 0.1788 0.5909
4A4T 247 11.146 0.1267 0.3977
4A4T 248 13.707 0.1516 0.3977
4A4T 249 9.992 0.1176 0.3864
4A4T 250 8.205 0.1288 0.4545
4A4T 251 9.298 0.1069 0.4205
4A4T 252 11.029 0.1506 0.3636
4A4T 253 5.205 0.1679 0.5227
4A4T 254 4.958 0.1635 0.5682
4A4T 255 3.046 0.2115 0.6932
4A4T 256 6.033 0.1897 0.5568
4A4T 257 9.150 0.1223 0.3977
4A4T 258 5.515 0.1824 0.6250
4A4T 259 5.311 0.1160 0.5341
4A4T 260 2.991 0.1756 0.6705
4A4T 261 3.117 0.2084 0.7045
4A4T 262 3.190 0.2504 0.7159
4A4T 263 3.456 0.1831 0.6591
4A4T 264 5.180 0.1702 0.6477
4A4T 265 2.818 0.1517 0.6932
4A4T 266 4.302 0.3089 0.7045
4A4T 267 3.262 0.2157 0.7045
4A4T 268 3.391 0.2964 0.7273
4A4T 269 3.541 0.1998 0.6591
4A4T 270 2.184 0.2639 0.7841
4A4T 271 3.089 0.2380 0.7386
4A4T 272 3.682 0.1394 0.6364
4A4T 273 3.028 0.1687 0.6932
4A4T 274 2.621 0.2337 0.7159
4A4T 275 2.634 0.2471 0.7159
4A4T 276 3.473 0.2262 0.6932
4A4T 277 3.377 0.1951 0.6705
4A4T 278 4.423 0.2433 0.6932
4A4T 279 3.542 0.2279 0.6932
4A4T 280 2.750 0.2658 0.7386
4A4T 281 3.962 0.1784 0.6477
4A4T 282 2.850 0.2145 0.7045
4A4T 283 2.660 0.2277 0.7386
4A4T 284 3.393 0.1956 0.6705
4A4T 285 3.174 0.2491 0.7159
4A4T 286 8.720 0.1490 0.4091
4A4T 287 5.958 0.1516 0.5227
4A4T 288 7.551 0.1612 0.4773
4A4T 289 12.452 0.1529 0.4205
4A4T 290 7.383 0.0733 0.4545
4A4T 291 7.614 0.1597 0.5341
4A4T 292 4.754 0.1470 0.5341
4A4T 293 6.280 0.1726 0.5227
4A4T 294 8.102 0.1586 0.5341
4A4T 295 3.038 0.2078 0.6932
4A4T 296 3.703 0.2479 0.7045
4A4T 297 2.650 0.2017 0.6932
4A4T 298 3.581 0.1789 0.6818
4A4T 299 5.533 0.1473 0.5227
4A4T 300 5.255 0.1401 0.5455
4A4T 301 3.047 0.2258 0.7045
4A4T 302 5.624 0.1709 0.5909
4A4T 303 2.537 0.2123 0.7045
4A4T 304 2.755 0.1842 0.7045
4A4T 305 3.543 0.2201 0.6705
4A4T 306 4.021 0.1885 0.6818
4A4T 307 4.239 0.1692 0.6477
4A4T 308 3.331 0.2975 0.7273
4A4T 309 3.260 0.1744 0.6932
4A4T 310 4.753 0.1621 0.5682
4A4T 311 3.351 0.1637 0.6136
4A4T 312 2.321 0.2080 0.7614
4A4T 313 3.664 0.1675 0.6364
4A4T 314 3.271 0.2227 0.6818
4A4T 315 3.406 0.2149 0.6932
4A4T 316 3.101 0.2009 0.6932
4A4T 317 3.394 0.1961 0.6477
4A4T 318 2.542 0.2863 0.7955
4A4T 319 3.413 0.1998 0.6818
4A4T 320 3.000 0.2033 0.6932
4A4T 321 3.131 0.1970 0.6818
4A4T 322 2.104 0.2432 0.7727
4A4T 323 2.732 0.1620 0.6818
4A4T 324 2.791 0.2424 0.7045
4A4T 325 2.892 0.2146 0.7159
4A4T 326 9.370 0.0724 0.3409
4A4T 327 6.607 0.1213 0.5000
4A4T 328 9.368 0.1407 0.4659
4A4T 329 10.817 0.0988 0.3750
4A4T 330 4.372 0.1512 0.6477
4A4T 331 9.672 0.1294 0.3864
4A4T 332 9.599 0.1853 0.5455
4A4T 333 7.630 0.1478 0.5114
4A4T 334 4.614 0.1690 0.6250
4A4T 335 5.159 0.1228 0.5455
4A4T 336 5.595 0.1753 0.5909
4A4T 337 4.230 0.1744 0.6023
4A4T 338 9.289 0.1621 0.5000
4A4T 339 6.772 0.1785 0.5682
4A4T 340 3.170 0.2334 0.7273
4A4T 341 4.587 0.2399 0.6705
4A4T 342 5.442 0.1444 0.5909
4A4T 343 6.729 0.1346 0.5455
4A4T 344 2.567 0.2099 0.7500
4A4T 345 2.365 0.2195 0.7727
4A4T 346 3.573 0.1652 0.6250
4A4T 347 3.523 0.2308 0.7045
4A4T 348 9.814 0.1317 0.4545
4A4T 349 3.173 0.2022 0.6932
4A4T 350 3.021 0.1975 0.7045
4A4T 351 4.327 0.1720 0.6250
4A4T 352 3.056 0.2230 0.7159
4A4T 353 3.483 0.1859 0.6591
4A4T 354 4.015 0.2510 0.6932
4A4T 355 3.910 0.2503 0.7045
4A4T 356 3.152 0.1863 0.7045
4A4T 357 2.834 0.2187 0.7386
4A4T 358 3.393 0.2337 0.7159
4A4T 359 3.058 0.2064 0.7273
4A4T 360 3.469 0.1624 0.6591
4A4T 361 4.776 0.1547 0.6250
4A4T 362 2.953 0.2054 0.6932
4A4T 363 3.174 0.1936 0.6818
4A4T 364 3.208 0.2398 0.7159
4A4T 365 8.325 0.1567 0.4432
4A4T 366 8.959 0.1617 0.5000
4A4T 367 9.216 0.1490 0.3523
4A4T 368 8.502 0.1356 0.4545
4A4T 369 4.522 0.1757 0.6136
4A4T 370 7.268 0.1736 0.5341
4A4T 371 10.356 0.1649 0.4659
4A4T 372 6.441 0.1467 0.4886
4A4T 373 9.062 0.1594 0.5114
4A4T 374 9.081 0.1770 0.5568
4A4T 375 10.069 0.1390 0.3636
4A4T 376 8.459 0.1589 0.5341
4A4T 377 8.325 0.1350 0.4659
4A4T 378 7.742 0.1435 0.4318
4A4T 379 9.298 0.1489 0.4432
4A4T 380 6.167 0.1676 0.5568
4A4T 381 7.738 0.2114 0.5795
4A4T 382 8.004 0.1699 0.5227
4A4T 383 2.252 0.1942 0.7159
4A4T 384 4.022 0.1652 0.6591
4A4T 385 3.941 0.1567 0.6364
4A4T 386 2.975 0.1814 0.7045
4A4T 387 3.696 0.1882 0.6364
4A4T 388 5.702 0.1621 0.5227
4A4T 389 4.944 0.1877 0.6364
4A4T 390 7.921 0.1581 0.4886
4A4T 391 1.756 0.2570 0.7841
4A4T 392 3.170 0.1886 0.6477
4A4T 393 4.690 0.2043 0.6591
4A4T 394 3.598 0.2070 0.6818
4A4T 395 6.870 0.1815 0.5227
4A4T 396 2.678 0.2125 0.7159
4A4T 397 2.471 0.1682 0.7273
4A4T 398 3.928 0.1975 0.6477
4A4T 399 2.931 0.1686 0.6591
4A4T 400 3.345 0.1765 0.6477
4A4T 401 3.909 0.1866 0.6250
4A4T 402 3.636 0.1842 0.6364
4A4T 403 3.601 0.1924 0.6591
4A4T 404 2.395 0.1956 0.7273
4A4T 405 3.151 0.1746 0.6705
4A4T 406 1.952 0.2356 0.7727
4A4T 407 2.532 0.2195 0.7386
4A4T 408 2.282 0.2200 0.7614
4A4T 409 2.258 0.2234 0.7727
4A4T 410 2.158 0.2352 0.7841
4A4T 411 2.272 0.2296 0.7614
4A4T 412 2.267 0.2181 0.7841
4A4T 413 2.265 0.2242 0.7727
4A4T 414 2.209 0.2299 0.7841
4A4T 415 2.267 0.2277 0.7500
4A4T 416 2.257 0.2192 0.7614
4A4T 417 2.241 0.2219 0.7614
4A4T 418 2.250 0.2269 0.7614
4A4T 419 2.243 0.2246 0.7500
4A4T 420 2.265 0.2224 0.7614
4A4T 421 2.242 0.2262 0.7727
4A4T 422 2.257 0.2230 0.7500
4A4T 423 2.255 0.2272 0.7614
4A4T 424 2.255 0.2208 0.7614
4A4T 425 2.264 0.2223 0.7500
4A4T 426 2.241 0.2219 0.7727
4A4T 427 2.252 0.2250 0.7614
4A4T 428 2.262 0.2237 0.7614
4A4T 429 2.244 0.2263 0.7500
4A4T 430 2.251 0.2223 0.7614
4A4T 431 2.239 0.2209 0.7727
4A4T 432 2.264 0.2236 0.7500
4A4T 433 2.252 0.2241 0.7727
4A4T 434 2.259 0.2254 0.7500
4A4T 435 2.262 0.2337 0.7500
4A4T 436 2.251 0.2211 0.7386
4A4T 437 2.251 0.2212 0.7614
4A4T 438 2.251 0.2237 0.7727
4A4T 439 2.238 0.2227 0.7500
4A4T 440 2.220 0.2292 0.7727
4A4T 441 2.236 0.2318 0.7727
4A4T 442 2.241 0.2283 0.7727
4A4T 443 2.251 0.2299 0.7614
4A4T 444 2.241 0.2298 0.7955
4A4T 445 2.254 0.2213 0.7614
4A4T 446 2.257 0.2292 0.7614
4A4T 447 2.254 0.2299 0.7841
4A4T 448 2.259 0.2276 0.7614
4A4T 449 2.254 0.2235 0.7955
4A4T 450 2.247 0.2295 0.7500
4A4T 451 2.240 0.2292 0.7727
4A4T 452 2.253 0.2205 0.7614
4A4T 453 2.232 0.2330 0.7727
4A4T 454 2.259 0.2271 0.7500
4A4T 455 2.254 0.2284 0.7727
4A4T 456 2.219 0.2358 0.7727
4A4T 457 2.260 0.2296 0.7500
4A4T 458 2.254 0.2394 0.7500
4A4T 459 2.219 0.2303 0.7727
4A4T 460 2.304 0.2268 0.7614
4A4T 461 2.219 0.2351 0.7727
4A4T 462 2.253 0.2300 0.7614
4A4T 463 2.247 0.2334 0.7614
4A4T 464 2.223 0.2353 0.7841
4A4T 465 2.175 0.2324 0.7614
4A4T 466 2.126 0.2340 0.7841
4A4T 467 2.086 0.2253 0.7727
4A4T 468 2.128 0.2324 0.7614
4A4T 469 2.125 0.2302 0.7614
4A4T 470 2.082 0.2302 0.7841
4A4T 471 2.085 0.2356 0.7841
4A4T 472 2.083 0.2522 0.7727
4A4T 473 2.082 0.2369 0.7727
4A4T 474 2.126 0.2352 0.7841
4A4T 475 2.100 0.2397 0.7614
4A4T 476 2.129 0.2317 0.7500
4A4T 477 2.112 0.2366 0.7841
4A4T 478 2.154 0.2310 0.7841
4A4T 479 2.068 0.2302 0.7955
4A4T 480 2.039 0.2528 0.7727
4A4T 481 2.036 0.2301 0.7955
4A4T 482 2.105 0.2345 0.7727
4A4T 483 2.040 0.2361 0.7841
4A4T 484 2.098 0.2296 0.7614
4A4T 485 2.082 0.2580 0.7727
4A4T 486 2.146 0.2327 0.7727
4A4T 487 2.128 0.2594 0.7727
4A4T 488 2.103 0.2336 0.7841
4A4T 489 2.137 0.2393 0.7727
4A4T 490 2.107 0.2568 0.7727
4A4T 491 2.061 0.2380 0.7727
4A4T 492 2.043 0.2568 0.7955
4A4T 493 2.110 0.2372 0.7841
4A4T 494 2.071 0.2389 0.7614
4A4T 495 2.073 0.2489 0.7841
4A4T 496 2.161 0.2538 0.7614
4A4T 497 2.117 0.2355 0.7727
4A4T 498 2.050 0.2395 0.7614
4A4T 499 2.109 0.2486 0.7614
4A4T 500 2.128 0.2293 0.7614
4A4T 501 2.078 0.2314 0.7841
4A4T 502 2.139 0.2333 0.7614
4A4T 503 2.088 0.2400 0.7727
4A4T 504 2.093 0.2567 0.7727
4A4T 505 2.139 0.2264 0.7614
4A4T 506 2.112 0.2414 0.7614
4A4T 507 2.085 0.2382 0.7727
4A4T 508 2.062 0.2370 0.7841
4A4T 509 2.074 0.2268 0.7841
4A4T 510 2.116 0.2260 0.7727
4A4T 511 2.105 0.2383 0.7727
4A4T 512 2.112 0.2283 0.7727
4A4T 513 2.033 0.2390 0.7727
4A4T 514 2.030 0.2228 0.7614
4A4T 515 2.052 0.2269 0.7727
4A4T 516 2.039 0.2520 0.7727
4A4T 517 2.141 0.2261 0.7614
4A4T 518 2.168 0.2287 0.7500
4A4T 519 2.108 0.2461 0.7955
4A4T 520 1.925 0.2442 0.7841
4A4T 521 2.027 0.2397 0.7727
4A4T 522 2.018 0.2576 0.7614
4A4T 523 2.027 0.2429 0.7614
4A4T 524 2.045 0.2426 0.7500
4A4T 525 2.026 0.2206 0.7500
4A4T 526 2.075 0.2223 0.7386
4A4T 527 2.023 0.2434 0.7386
4A4T 528 2.106 0.2275 0.7386
4A4T 529 2.119 0.2118 0.7159
4A4T 530 2.115 0.2185 0.7273
4A4T 531 2.101 0.2303 0.7386
4A4T 532 2.055 0.2397 0.7386
4A4T 533 2.152 0.2145 0.7500
4A4T 534 2.110 0.2296 0.7273
4A4T 535 2.085 0.2236 0.7386
4A4T 536 2.107 0.2307 0.7500
4A4T 537 2.085 0.2253 0.7386
4A4T 538 2.083 0.2364 0.7500
4A4T 539 2.114 0.2191 0.7386
4A4T 540 2.152 0.2268 0.7386
4A4T 541 2.128 0.2263 0.7386
4A4T 542 2.102 0.2148 0.7386
4A4T 543 2.139 0.2295 0.7386
4A4T 544 2.070 0.2183 0.7386
4A4T 545 2.122 0.2279 0.7273
4A4T 546 2.159 0.2241 0.7273
4A4T 547 2.075 0.2358 0.7386
4A4T 548 2.168 0.2333 0.7386
4A4T 549 2.096 0.2144 0.7273
4A4T 550 2.089 0.2264 0.7273
4A4T 551 2.124 0.2191 0.7386
4A4T 552 2.141 0.2121 0.7386
4A4T 553 2.099 0.2456 0.7614
4A4T 554 2.055 0.2239 0.7386
4A4T 555 2.157 0.2115 0.7386
4A4T 556 2.168 0.2343 0.7273
4A4T 557 2.085 0.2278 0.7500
4A4T 558 2.078 0.2176 0.7614
4A4T 559 2.037 0.2221 0.7500
4A4T 560 2.053 0.1943 0.7386
4A4T 561 2.081 0.1932 0.7386
4A4T 562 2.099 0.2048 0.7386
4A4T 563 2.097 0.2019 0.7386
4A4T 564 2.082 0.1989 0.7386
4A4T 565 2.119 0.1985 0.7500
4A4T 566 2.032 0.1902 0.7273
4A4T 567 2.078 0.2057 0.7273
4A4T 568 2.088 0.2073 0.7386
4A4T 569 2.071 0.2118 0.7386
4A4T 570 2.123 0.1890 0.7273
4A4T 571 2.049 0.2116 0.7500
4A4T 572 2.015 0.2159 0.7500
4A4T 573 2.072 0.2054 0.7386
4A4T 574 2.105 0.2104 0.7500
4A4T 575 2.068 0.2129 0.7386
4A4T 576 2.077 0.2152 0.7500
4A4T 577 2.059 0.1933 0.7273
4A4T 578 2.064 0.2093 0.7386
4A4T 579 2.073 0.1853 0.7386
4A4T 580 2.184 0.2007 0.7273
4A4T 581 2.056 0.1958 0.7500
4A4T 582 2.168 0.2134 0.7386
4A4T 583 2.209 0.1975 0.7273
4A4T 584 2.184 0.1953 0.7273
4A4T 585 2.299 0.2085 0.7273
4A4T 586 2.198 0.1908 0.7500
4A4T 587 2.251 0.1971 0.7159
4A4T 588 2.204 0.2067 0.7159
4A4T 589 2.166 0.2027 0.7386
4A4T 590 2.190 0.1923 0.7159
4A4T 591 2.298 0.2044 0.7273
4A4T 592 2.245 0.1885 0.7159
4A4T 593 2.158 0.2007 0.7500
4A4T 594 2.227 0.1947 0.7273
4A4T 595 2.257 0.1954 0.7386
4A4T 596 2.274 0.1994 0.7273
4A4T 597 2.215 0.1984 0.7273
4A4T 598 2.204 0.1900 0.7386
4A4T 599 2.237 0.1734 0.7045
4A4T 600 2.143 0.1864 0.7386
4A4T 601 2.108 0.1925 0.7386
4A4T 602 2.208 0.1795 0.7386
4A4T 603 2.241 0.2073 0.7386
4A4T 604 2.241 0.1899 0.7159
4A4T 605 2.279 0.1854 0.7273
4A4T 606 2.256 0.1985 0.7273
4A4T 607 2.234 0.1893 0.7159
4A4T 608 2.177 0.1942 0.7386
4A4T 609 2.264 0.1805 0.7159
4A4T 610 2.102 0.1899 0.7273
4A4T 611 2.195 0.1935 0.7273
4A4T 612 2.119 0.1952 0.7273
4A4T 613 2.136 0.1905 0.7273
4A4T 614 2.078 0.2263 0.7614
4A4T 615 2.129 0.1754 0.7273
4A4T 616 2.145 0.1719 0.7159
4A4T 617 2.061 0.1734 0.7386
4A4T 618 2.121 0.1907 0.7386
4A4T 619 2.018 0.2096 0.7273
4A4T 620 2.249 0.2098 0.7386
4A4T 621 2.201 0.1819 0.7386
4A4T 622 2.178 0.2198 0.7614
4A4T 623 2.193 0.2018 0.7386
4A4T 624 2.288 0.1998 0.7386
4A4T 625 2.242 0.2078 0.7273
4A4T 626 2.203 0.2185 0.7500
4A4T 627 2.275 0.2038 0.7386
4A4T 628 2.201 0.1829 0.7045
4A4T 629 2.205 0.2004 0.7273
4A4T 630 2.250 0.1903 0.7273
4A4T 631 2.306 0.1940 0.7159
4A4T 632 2.177 0.1734 0.7159
4A4T 633 2.174 0.2052 0.7159
4A4T 634 2.310 0.1796 0.7386
4A4T 635 2.247 0.1759 0.7273
4A4T 636 2.264 0.2165 0.7386
4A4T 637 2.258 0.1893 0.7159
4A4T 638 2.349 0.2009 0.7273
4A4T 639 2.194 0.2241 0.7386
4A4T 640 2.184 0.2035 0.7500
4A4T 641 2.184 0.2218 0.7386
4A4T 642 2.283 0.1829 0.7273
4A4T 643 2.357 0.2183 0.7386
4A4T 644 2.369 0.2316 0.7159
4A4T 645 2.448 0.2951 0.7273
4A4T 646 2.435 0.2493 0.7386
4A4T 647 2.501 0.2153 0.7386
4A4T 648 2.479 0.2231 0.7500
4A4T 649 2.430 0.2209 0.7273
4A4T 650 2.406 0.2131 0.7273
4A4T 651 2.452 0.2714 0.7159
4A4T 652 2.425 0.2228 0.7273
4A4T 653 2.380 0.1808 0.7159
4A4T 654 2.467 0.1800 0.7045
4A4T 655 2.359 0.2058 0.7159
4A4T 656 2.443 0.2025 0.7273
4A4T 657 2.382 0.2281 0.7159
4A4T 658 2.457 0.1965 0.7045
4A4T 659 2.472 0.2009 0.7159
4A4T 660 2.507 0.2038 0.7273
4A4T 661 2.596 0.1753 0.6818
4A4T 662 2.422 0.2176 0.7273
4A4T 663 2.445 0.2227 0.7386
4A4T 664 2.515 0.1924 0.7386
4A4T 665 2.352 0.1877 0.7273
4A4T 666 2.434 0.2250 0.7386
4A4T 667 2.359 0.1883 0.7159
4A4T 668 2.511 0.2179 0.7159
4A4T 669 2.359 0.2473 0.7273
4A4T 670 2.349 0.2052 0.7159
4A4T 671 2.386 0.2212 0.7273
4A4T 672 2.389 0.2537 0.7386
4A4T 673 2.352 0.2600 0.7273
4A4T 674 2.195 0.2485 0.7159
4A4T 675 2.340 0.1980 0.7273
4A4T 676 2.409 0.1925 0.7159
4A4T 677 2.327 0.1950 0.7159
4A4T 678 2.433 0.1593 0.6932
4A4T 679 2.468 0.1736 0.7159
4A4T 680 2.500 0.1911 0.7273
4A4T 681 2.398 0.1901 0.7045
4A4T 682 2.445 0.1744 0.7045
4A4T 683 2.431 0.1977 0.7159
4A4T 684 2.327 0.2047 0.7273
4A4T 685 2.398 0.2034 0.7386
4A4T 686 2.454 0.2257 0.7273
4A4T 687 2.483 0.1830 0.7159
4A4T 688 2.491 0.1928 0.7045
4A4T 689 2.302 0.2185 0.7273
4A4T 690 2.541 0.2156 0.7159
4A4T 691 2.203 0.2057 0.7159
4A4T 692 2.440 0.2186 0.7273
4A4T 693 2.392 0.1865 0.7273
4A4T 694 2.431 0.2179 0.7159
4A4T 695 2.595 0.2045 0.7159
4A4T 696 2.481 0.1849 0.7159
4A4T 697 2.368 0.2302 0.7386
4A4T 698 2.370 0.1971 0.7273
4A4T 699 2.473 0.1988 0.7045
4A4T 700 2.442 0.2445 0.7386
4A4T 701 2.446 0.2308 0.7273
4A4T 702 2.430 0.2016 0.7045
4A4T 703 2.378 0.2083 0.7159
4A4T 704 2.401 0.2139 0.7273
4A4T 705 2.390 0.1877 0.7159
4A4T 706 2.445 0.2076 0.7045
4A4T 707 2.387 0.2055 0.7159
4A4T 708 2.450 0.1937 0.7273
4A4T 709 2.385 0.2148 0.7273
4A4T 710 2.280 0.1937 0.7273
4A4T 711 2.370 0.2264 0.7386
4A4T 712 2.460 0.1824 0.7159
4A4T 713 2.447 0.2313 0.7273
4A4T 714 2.409 0.2130 0.7273
4A4T 715 2.345 0.2526 0.7386
4A4T 716 2.548 0.1823 0.7159
4A4T 717 2.528 0.2064 0.7159
4A4T 718 2.410 0.1809 0.7159
4A4T 719 2.430 0.2082 0.7273
4A4T 720 2.485 0.2325 0.7273
4A4T 721 2.589 0.1914 0.7159
4A4T 722 2.420 0.2377 0.7159
4A4T 723 2.355 0.2219 0.7159
4A4T 724 2.361 0.2186 0.7273
4A4T 725 2.311 0.2130 0.7273
4A4T 726 2.343 0.2568 0.7386
4A4T 727 2.358 0.2341 0.7273
4A4T 728 2.420 0.2599 0.7273
4A4T 729 2.350 0.2616 0.7273
4A4T 730 2.538 0.2213 0.7273
4A4T 731 2.353 0.2456 0.7159
4A4T 732 2.412 0.2510 0.7386
4A4T 733 2.317 0.2703 0.7273
4A4T 734 2.296 0.2552 0.7614
4A4T 735 2.412 0.2448 0.7045
4A4T 736 2.416 0.2619 0.7273
4A4T 737 2.328 0.2724 0.7500
4A4T 738 2.294 0.2665 0.7386
4A4T 739 2.420 0.2584 0.7273
4A4T 740 2.348 0.2242 0.7273
4A4T 741 2.395 0.2230 0.7386
4A4T 742 2.262 0.2521 0.7386
4A4T 743 2.255 0.2436 0.7273
4A4T 744 2.318 0.2215 0.7159
4A4T 745 2.389 0.2145 0.7159
4A4T 746 2.279 0.2252 0.7159
4A4T 747 2.246 0.2107 0.7273
4A4T 748 2.229 0.2337 0.7045
4A4T 749 2.342 0.2015 0.7273
4A4T 750 2.216 0.2342 0.7273
4A4T 751 2.191 0.2368 0.7273
4A4T 752 2.256 0.2102 0.7045
4A4T 753 2.252 0.2177 0.7045
4A4T 754 2.234 0.2384 0.7386
4A4T 755 2.218 0.2468 0.7273
4A4T 756 2.193 0.2279 0.7386
4A4T 757 2.358 0.2265 0.7159
4A4T 758 2.443 0.2292 0.7159
4A4T 759 2.277 0.2414 0.7273
4A4T 760 2.253 0.2264 0.7159
4A4T 761 2.274 0.2385 0.7273
4A4T 762 2.388 0.2135 0.7273
4A4T 763 2.429 0.2179 0.7045
4A4T 764 2.331 0.2149 0.7159
4A4T 765 2.201 0.2096 0.7159
4A4T 766 2.330 0.2060 0.7159
4A4T 767 2.274 0.2385 0.7273
4A4T 768 2.326 0.2391 0.7273
4A4T 769 2.272 0.2627 0.7273
4A4T 770 2.292 0.2084 0.7159
4A4T 771 2.201 0.2543 0.7273
4A4T 772 2.364 0.2098 0.7159
4A4T 773 2.358 0.1881 0.7159
4A4T 774 2.371 0.2269 0.7273
4A4T 775 2.181 0.2172 0.7159
4A4T 776 2.224 0.2558 0.7386
4A4T 777 2.225 0.2200 0.7273
4A4T 778 2.279 0.1987 0.7159
4A4T 779 2.298 0.2148 0.7273
4A4T 780 2.233 0.2524 0.7500
4A4T 781 2.327 0.2238 0.7045
4A4T 782 2.209 0.2193 0.7386
4A4T 783 2.199 0.2372 0.7386
4A4T 784 2.255 0.2254 0.7273
4A4T 785 2.346 0.2115 0.7273
4A4T 786 2.208 0.2095 0.7159
4A4T 787 2.420 0.2241 0.7273
4A4T 788 2.303 0.2613 0.7386
4A4T 789 2.315 0.2309 0.7159
4A4T 790 2.388 0.2445 0.7500
4A4T 791 2.243 0.2271 0.7159
4A4T 792 2.280 0.2270 0.7500
4A4T 793 2.218 0.2334 0.7273
4A4T 794 2.313 0.2170 0.7159
4A4T 795 2.162 0.2322 0.7386
4A4T 796 2.200 0.2260 0.7159
4A4T 797 2.200 0.2113 0.7273
4A4T 798 2.130 0.2236 0.7386
4A4T 799 2.168 0.2236 0.7386
4A4T 800 2.354 0.2328 0.7273
4A4T 801 2.341 0.2167 0.7159
4A4T 802 2.282 0.2312 0.7273
4A4T 803 2.315 0.2223 0.7159
4A4T 804 2.345 0.2100 0.7159
4A4T 805 2.267 0.2178 0.7273
4A4T 806 2.279 0.2285 0.7159
4A4T 807 2.290 0.2372 0.7386
4A4T 808 2.278 0.2396 0.7273
4A4T 809 2.297 0.2408 0.7386
4A4T 810 2.355 0.2286 0.7386
4A4T 811 2.289 0.2165 0.7159
4A4T 812 2.179 0.2402 0.7273
4A4T 813 2.186 0.1972 0.7273
4A4T 814 2.196 0.1981 0.7273
4A4T 815 2.280 0.2270 0.7159
4A4T 816 2.269 0.1928 0.7159
4A4T 817 2.136 0.2192 0.7386
4A4T 818 2.249 0.2180 0.7159
4A4T 819 2.324 0.2087 0.7159
4A4T 820 2.301 0.1945 0.7273
4A4T 821 2.303 0.2352 0.7500
4A4T 822 2.197 0.2323 0.7386
4A4T 823 2.231 0.2316 0.7273
4A4T 824 2.209 0.2162 0.7386
4A4T 825 2.268 0.2270 0.7159
4A4T 826 2.255 0.2123 0.7386
4A4T 827 2.248 0.2631 0.7273
4A4T 828 2.309 0.2401 0.7159
4A4T 829 2.124 0.1812 0.7273
4A4T 830 2.268 0.2192 0.7273
4A4T 831 2.250 0.2499 0.7386
4A4T 832 2.281 0.2446 0.7273
4A4T 833 2.314 0.2431 0.7273
4A4T 834 2.402 0.2421 0.7386
4A4T 835 2.194 0.2472 0.7159
4A4T 836 2.404 0.2360 0.7273
4A4T 837 2.212 0.2201 0.7273
4A4T 838 2.464 0.2064 0.7159
4A4T 839 2.316 0.2366 0.7273
4A4T 840 2.304 0.2331 0.7159
4A4T 841 2.343 0.2433 0.7273
4A4T 842 2.379 0.2343 0.7159
4A4T 843 2.324 0.2283 0.7159
4A4T 844 2.185 0.2200 0.7159
4A4T 845 2.226 0.2090 0.7159
4A4T 846 2.226 0.2326 0.7386
4A4T 847 2.294 0.2227 0.7386
4A4T 848 2.266 0.2160 0.7159
4A4T 849 2.254 0.2375 0.7045
4A4T 850 2.281 0.2055 0.7273
4A4T 851 2.372 0.2356 0.7273
4A4T 852 2.259 0.2206 0.7273
4A4T 853 2.207 0.2226 0.7386
4A4T 854 2.172 0.2307 0.7159
4A4T 855 2.148 0.2245 0.7386
4A4T 856 2.231 0.2510 0.7386
4A4T 857 2.159 0.2350 0.7500
4A4T 858 2.190 0.2277 0.7386
4A4T 859 2.298 0.2299 0.7386
4A4T 860 2.193 0.2271 0.7273
4A4T 861 2.274 0.2000 0.7386
4A4T 862 2.231 0.2366 0.7500
4A4T 863 2.262 0.2126 0.7500
4A4T 864 2.216 0.2288 0.7386
4A4T 865 2.238 0.2318 0.7386
4A4T 866 2.291 0.2032 0.7159
4A4T 867 2.382 0.2113 0.7159
4A4T 868 2.297 0.2474 0.7273
4A4T 869 2.259 0.2263 0.7386
4A4T 870 2.247 0.2142 0.7159
4A4T 871 2.242 0.2470 0.7500
4A4T 872 2.303 0.2346 0.7273
4A4T 873 2.233 0.2130 0.7386
4A4T 874 2.287 0.2325 0.7386
4A4T 875 2.269 0.2411 0.7386
4A4T 876 2.273 0.2221 0.7159
4A4T 877 2.318 0.2299 0.7159
4A4T 878 2.273 0.2344 0.7273
4A4T 879 2.372 0.2044 0.7159
4A4T 880 2.278 0.2203 0.7159
4A4T 881 2.358 0.2394 0.7159
4A4T 882 2.232 0.2184 0.7159
4A4T 883 2.292 0.2097 0.7159
4A4T 884 2.246 0.1901 0.7045
4A4T 885 2.199 0.2214 0.7273
4A4T 886 2.355 0.2474 0.7500
4A4T 887 2.177 0.2147 0.7159
4A4T 888 2.107 0.2240 0.7386
4A4T 889 2.248 0.2493 0.7500
4A4T 890 2.205 0.2186 0.7386
4A4T 891 2.243 0.2279 0.7159
4A4T 892 2.202 0.2468 0.7386
4A4T 893 2.143 0.2786 0.7386
4A4T 894 2.209 0.2260 0.7386
4A4T 895 2.228 0.2326 0.7500
4A4T 896 2.428 0.2087 0.7273
4A4T 897 2.215 0.2600 0.7273
4A4T 898 2.154 0.2262 0.7386
4A4T 899 2.257 0.2242 0.7386
4A4T 900 2.278 0.1959 0.7159
4A4T 901 2.253 0.2718 0.7386
4A4T 902 2.174 0.2054 0.7159
4A4T 903 2.278 0.2341 0.7273
4A4T 904 2.301 0.2308 0.7273
4A4T 905 2.402 0.2070 0.7273
4A4T 906 2.298 0.1935 0.7045
4A4T 907 2.197 0.2065 0.7045
4A4T 908 2.326 0.2225 0.7273
4A4T 909 2.078 0.1964 0.7500
4A4T 910 2.386 0.1777 0.7159
4A4T 911 2.152 0.2162 0.7386
4A4T 912 2.319 0.2404 0.7273
4A4T 913 2.273 0.2299 0.7273
4A4T 914 2.201 0.2036 0.7045
4A4T 915 2.234 0.2144 0.7273
4A4T 916 2.329 0.2032 0.7159
4A4T 917 2.319 0.2343 0.7386
4A4T 918 2.115 0.2324 0.7273
4A4T 919 2.453 0.2100 0.7159
4A4T 920 2.487 0.2229 0.7159
4A4T 921 2.332 0.2370 0.7500
4A4T 922 2.312 0.1956 0.7159
4A4T 923 2.209 0.2548 0.7273
4A4T 924 2.496 0.2433 0.7273
4A4T 925 2.239 0.2347 0.7273
4A4T 926 2.317 0.2273 0.7159
4A4T 927 2.068 0.1983 0.7500
4A4T 928 2.077 0.2321 0.7386
4A4T 929 2.358 0.2459 0.7273
4A4T 930 2.256 0.2168 0.7159
4A4T 931 2.364 0.2302 0.7386
4A4T 932 2.315 0.2245 0.7273
4A4T 933 2.311 0.2081 0.7159
4A4T 934 2.138 0.1842 0.7273
4A4T 935 2.334 0.2454 0.7273
4A4T 936 2.065 0.2064 0.7273
4A4T 937 2.251 0.1916 0.7159
4A4T 938 2.140 0.2159 0.7386
4A4T 939 2.254 0.2196 0.7386
4A4T 940 2.126 0.2039 0.7273
4A4T 941 2.190 0.1933 0.7273
4A4T 942 2.164 0.1943 0.7386
4A4T 943 2.314 0.1817 0.7159
4A4T 944 2.077 0.2119 0.7386
4A4T 945 2.287 0.1967 0.7045
4A4T 946 2.234 0.2103 0.7273
4A4T 947 2.157 0.1987 0.7500
4A4T 948 2.153 0.2083 0.7500
4A4T 949 2.367 0.2021 0.7273
4A4T 950 2.229 0.2086 0.7273
4A4T 951 2.304 0.1827 0.7159
4A4T 952 2.282 0.1985 0.7273
4A4T 953 2.425 0.2567 0.7614
4A4T 954 2.245 0.2071 0.7045
4A4T 955 2.335 0.2111 0.7386
4A4T 956 2.475 0.2090 0.7386
4A4T 957 2.350 0.1998 0.7273
4A4T 958 2.326 0.2343 0.7386
4A4T 959 2.196 0.2300 0.7500
4A4T 960 2.244 0.2838 0.7614
4A4T 961 2.040 0.2042 0.7386
4A4T 962 2.305 0.2187 0.7273
4A4T 963 2.390 0.2066 0.7273
4A4T 964 2.320 0.1921 0.7273
4A4T 965 2.119 0.2062 0.7386
4A4T 966 2.361 0.2394 0.7500
4A4T 967 2.078 0.2003 0.7500
4A4T 968 2.083 0.2022 0.7386
4A4T 969 2.326 0.2381 0.7386
4A4T 970 1.999 0.2066 0.7500
4A4T 971 2.378 0.1899 0.6932
4A4T 972 2.253 0.2269 0.7386
4A4T 973 2.216 0.2639 0.7614
4A4T 974 2.204 0.2238 0.7273
4A4T 975 2.274 0.2014 0.7273
4A4T 976 2.357 0.2321 0.7386
4A4T 977 2.318 0.1971 0.7386
4A4T 978 2.225 0.1992 0.7386
4A4T 979 2.287 0.2363 0.7273
4A4T 980 2.356 0.2644 0.7500
4A4T 981 2.263 0.2657 0.7500
4A4T 982 2.162 0.2288 0.7386
4A4T 983 2.403 0.2313 0.7500
4A4T 984 2.292 0.2237 0.7500
4A4T 985 2.271 0.2682 0.7500
4A4T 986 2.358 0.2463 0.7273
4A4T 987 2.293 0.2308 0.7500
4A4T 988 2.304 0.2264 0.7273
4A4T 989 2.328 0.2332 0.7500
4A4T 990 2.271 0.2025 0.7273
4A4T 991 2.236 0.2596 0.7727
4A4T 992 2.416 0.2681 0.7614
4A4T 993 2.453 0.2490 0.7614
4A4T 994 2.183 0.2248 0.7614
4A4T 995 2.381 0.2416 0.7500
4A4T 996 2.191 0.2750 0.7614
4A4T 997 2.146 0.2855 0.7727
4A4T 998 2.245 0.2250 0.7614
4A4T 999 2.360 0.2356 0.7614
4A4T 1000 2.332 0.1892 0.7273
4A4T 1001 2.432 0.2490 0.7273
4A4T 1002 2.455 0.1944 0.6932
4A4T 1003 2.439 0.2216 0.7045
4A4T 1004 2.365 0.2445 0.7500
4A4T 1005 2.415 0.1945 0.7159
4A4T 1006 2.393 0.2547 0.7273
4A4T 1007 2.486 0.2134 0.7386
4A4T 1008 2.365 0.1728 0.6932
4A4T 1009 2.261 0.1969 0.7159
4A4T 1010 2.270 0.1679 0.7386
4A4T 1011 2.444 0.1839 0.6932
4A4T 1012 2.409 0.1724 0.6932
4A4T 1013 2.389 0.1851 0.7045
4A4T 1014 2.518 0.1673 0.7045
4A4T 1015 2.269 0.1864 0.7386
4A4T 1016 2.438 0.2042 0.7386
4A4T 1017 2.186 0.2324 0.7386
4A4T 1018 2.334 0.2318 0.7500
4A4T 1019 2.479 0.2528 0.7386
4A4T 1020 2.264 0.2712 0.7614
4A4T 1021 2.294 0.2465 0.7614
4A4T 1022 2.455 0.2704 0.7500
4A4T 1023 2.632 0.2642 0.7386
4A4T 1024 2.305 0.2263 0.7386
4A4T 1025 2.366 0.2547 0.7500
4A4T 1026 2.296 0.2796 0.7727
4A4T 1027 2.530 0.2386 0.7386
4A4T 1028 2.522 0.2116 0.7273
4A4T 1029 2.564 0.2320 0.7386
4A4T 1030 2.387 0.2601 0.7386
4A4T 1031 2.437 0.2186 0.7386
4A4T 1032 2.481 0.1832 0.6932
4A4T 1033 2.394 0.2077 0.7386
4A4T 1034 2.312 0.1897 0.7273
4A4T 1035 2.434 0.2104 0.7273
4A4T 1036 2.299 0.2224 0.7386
4A4T 1037 2.170 0.2022 0.7273
4A4T 1038 2.296 0.2254 0.7386
4A4T 1039 2.545 0.2283 0.7045
4A4T 1040 2.461 0.2786 0.7727
4A4T 1041 2.246 0.2359 0.7386
4A4T 1042 2.249 0.2109 0.7159
4A4T 1043 2.535 0.1589 0.6932
4A4T 1044 2.396 0.1867 0.7273
4A4T 1045 2.366 0.1638 0.6932
4A4T 1046 2.354 0.1908 0.7273
4A4T 1047 2.250 0.2014 0.7500
4A4T 1048 2.242 0.2130 0.7273
4A4T 1049 2.494 0.2614 0.7386
4A4T 1050 2.246 0.2150 0.7500
4A4T 1051 2.488 0.2191 0.7386
4A4T 1052 2.039 0.2008 0.7500
4A4T 1053 2.125 0.1943 0.7273
4A4T 1054 2.402 0.1788 0.6932
4A4T 1055 2.223 0.2457 0.7273
4A4T 1056 2.340 0.2283 0.7500
4A4T 1057 2.304 0.2093 0.7159
4A4T 1058 2.460 0.2142 0.6932
4A4T 1059 2.278 0.1819 0.7159
4A4T 1060 2.306 0.1866 0.7159
4A4T 1061 2.332 0.2091 0.7159
4A4T 1062 2.185 0.2319 0.7614
4A4T 1063 2.352 0.1774 0.7273
4A4T 1064 2.243 0.2092 0.7386
4A4T 1065 2.112 0.1905 0.7500
4A4T 1066 2.132 0.1733 0.7386
4A4T 1067 2.203 0.1823 0.7386
4A4T 1068 2.087 0.2135 0.7500
4A4T 1069 2.215 0.2068 0.7045
4A4T 1070 2.400 0.2058 0.7159
4A4T 1071 2.154 0.2112 0.7386
4A4T 1072 2.540 0.2206 0.6818
4A4T 1073 2.335 0.2024 0.7159
4A4T 1074 2.077 0.2153 0.7500
4A4T 1075 2.285 0.2286 0.7386
4A4T 1076 2.431 0.1937 0.7045
4A4T 1077 2.201 0.2111 0.7500
4A4T 1078 2.036 0.2295 0.7500
4A4T 1079 2.337 0.2070 0.7386
4A4T 1080 2.270 0.2448 0.7386
4A4T 1081 2.403 0.1815 0.7045
4A4T 1082 2.120 0.2255 0.7614
4A4T 1083 2.031 0.2054 0.7500
4A4T 1084 2.074 0.2150 0.7273
4A4T 1085 2.255 0.2103 0.7159
4A4T 1086 2.023 0.2526 0.7614
4A4T 1087 2.357 0.2074 0.7159
4A4T 1088 2.479 0.2090 0.7045
4A4T 1089 2.209 0.2278 0.7386
4A4T 1090 2.321 0.2102 0.7159
4A4T 1091 2.091 0.2513 0.7386
4A4T 1092 2.652 0.1799 0.6705
4A4T 1093 2.558 0.2114 0.7045
4A4T 1094 2.245 0.2044 0.7273
4A4T 1095 2.045 0.2079 0.7500
4A4T 1096 2.270 0.1841 0.7159
4A4T 1097 2.578 0.1882 0.7159
4A4T 1098 2.454 0.2016 0.7159
4A4T 1099 2.175 0.2171 0.7386
4A4T 1100 2.161 0.2065 0.7500
4A4T 1101 2.139 0.2396 0.7500
4A4T 1102 2.597 0.1850 0.6818
4A4T 1103 2.359 0.2079 0.7273
4A4T 1104 2.304 0.2360 0.7614
4A4T 1105 1.941 0.2478 0.7841
4A4T 1106 2.406 0.2137 0.7273
4A4T 1107 2.476 0.1999 0.7045
4A4T 1108 2.464 0.2425 0.7045
4A4T 1109 2.186 0.1919 0.7159
4A4T 1110 2.239 0.2597 0.7727
4A4T 1111 2.030 0.2030 0.7273
4A4T 1112 2.208 0.2216 0.7386
4A4T 1113 2.223 0.2118 0.7273
4A4T 1114 2.326 0.1879 0.7273
4A4T 1115 2.085 0.2154 0.7386
4A4T 1116 2.286 0.1984 0.7159
4A4T 1117 2.338 0.2168 0.7159
4A4T 1118 2.226 0.1919 0.7159
4A4T 1119 2.370 0.1783 0.6932
4A4T 1120 2.248 0.2017 0.7500
4A4T 1121 2.137 0.2230 0.7386
4A4T 1122 2.216 0.2239 0.7386
4A4T 1123 2.358 0.2239 0.7386
4A4T 1124 2.384 0.2155 0.7045
4A4T 1125 2.060 0.1954 0.7273
4A4T 1126 2.314 0.1905 0.6932
4A4T 1127 2.041 0.2409 0.7614
4A4T 1128 2.267 0.2363 0.7500
4A4T 1129 2.442 0.1965 0.6932
4A4T 1130 2.065 0.1993 0.7500
4A4T 1131 2.516 0.1957 0.7273
4A4T 1132 2.350 0.2030 0.7159
4A4T 1133 2.131 0.1846 0.7273
4A4T 1134 2.419 0.2125 0.6932
4A4T 1135 2.531 0.1913 0.7045
4A4T 1136 2.509 0.1829 0.6818
4A4T 1137 2.178 0.1998 0.7500
4A4T 1138 2.228 0.2010 0.7386
4A4T 1139 2.018 0.2077 0.7500
4A4T 1140 2.162 0.1958 0.7273
4A4T 1141 2.077 0.2182 0.7614
4A4T 1142 2.426 0.1787 0.7045
4A4T 1143 2.281 0.2145 0.7159
4A4T 1144 2.132 0.2177 0.7273
4A4T 1145 2.009 0.2154 0.7500
4A4T 1146 2.171 0.2369 0.7273
4A4T 1147 2.407 0.2190 0.7273
4A4T 1148 2.578 0.1990 0.7045
4A4T 1149 2.193 0.1923 0.7386
4A4T 1150 1.995 0.2053 0.7727
4A4T 1151 2.161 0.2289 0.7386
4A4T 1152 2.329 0.1883 0.7386
4A4T 1153 2.259 0.1875 0.7159
4A4T 1154 2.336 0.2384 0.7614
4A4T 1155 2.100 0.2413 0.7386
4A4T 1156 2.272 0.2160 0.7500
4A4T 1157 2.438 0.2083 0.7273
4A4T 1158 2.245 0.1814 0.7273
4A4T 1159 2.122 0.2034 0.7727
4A4T 1160 2.229 0.2043 0.7500
4A4T 1161 2.369 0.2263 0.7500
4A4T 1162 2.308 0.1902 0.7159
4A4T 1163 2.208 0.2011 0.7273
4A4T 1164 2.175 0.2285 0.7727
4A4T 1165 2.312 0.1772 0.7500
4A4T 1166 2.273 0.2061 0.7273
4A4T 1167 2.031 0.2253 0.7727
4A4T 1168 2.252 0.1963 0.7273
4A4T 1169 2.494 0.2064 0.6932
4A4T 1170 2.465 0.1957 0.7159
4A4T 1171 2.344 0.1930 0.6932
4A4T 1172 2.298 0.1950 0.7273
4A4T 1173 2.396 0.2045 0.7045
4A4T 1174 2.334 0.2023 0.7273
4A4T 1175 2.241 0.2171 0.7500
4A4T 1176 2.288 0.1891 0.7273
4A4T 1177 2.285 0.2088 0.7386
4A4T 1178 2.278 0.2164 0.7386
4A4T 1179 2.298 0.2101 0.7386
4A4T 1180 2.158 0.1936 0.7273
4A4T 1181 2.250 0.1982 0.7273
4A4T 1182 2.065 0.2083 0.7500
4A4T 1183 2.045 0.2284 0.7386
4A4T 1184 2.043 0.2198 0.7500
4A4T 1185 2.412 0.2054 0.7159
4A4T 1186 2.126 0.1987 0.7500
4A4T 1187 2.130 0.1970 0.7273
4A4T 1188 1.979 0.2087 0.7841
4A4T 1189 2.210 0.2359 0.7500
4A4T 1190 2.114 0.2226 0.7386
4A4T 1191 2.320 0.2462 0.7273
4A4T 1192 2.078 0.2159 0.7614
4A4T 1193 2.169 0.2363 0.7614
4A4T 1194 2.647 0.2201 0.7045
4A4T 1195 2.216 0.2004 0.7159
4A4T 1196 2.511 0.2108 0.7045
4A4T 1197 2.205 0.1797 0.7159
4A4T 1198 2.419 0.1621 0.6932
4A4T 1199 2.540 0.1815 0.6705
4A4T 1200 2.448 0.1758 0.7045
4A4T 1201 2.229 0.1842 0.7386
4A4T 1202 2.420 0.2013 0.6932
4A4T 1203 2.204 0.1807 0.7045
4A4T 1204 2.564 0.1815 0.7045
4A4T 1205 2.444 0.1923 0.6705
4A4T 1206 2.457 0.1688 0.7045
4A4T 1207 2.388 0.2041 0.7386
4A4T 1208 2.184 0.1899 0.7386
4A4T 1209 2.461 0.1880 0.7045
4A4T 1210 2.144 0.1944 0.7159
4A4T 1211 2.314 0.1965 0.6932
4A4T 1212 2.016 0.1808 0.7159
4A4T 1213 2.163 0.1792 0.7045
4A4T 1214 1.783 0.2166 0.7841
4A4T 1215 2.373 0.2144 0.6932
4A4T 1216 2.059 0.2190 0.7614
4A4T 1217 2.426 0.2176 0.7159
4A4T 1218 2.143 0.2066 0.7386
4A4T 1219 2.250 0.1948 0.7045
4A4T 1220 2.192 0.2179 0.7500
4A4T 1221 2.165 0.2212 0.7386
4A4T 1222 2.381 0.2329 0.7500
4A4T 1223 2.216 0.2532 0.7500
4A4T 1224 2.211 0.2187 0.7500
4A4T 1225 2.168 0.1958 0.7273
4A4T 1226 2.142 0.2450 0.7386
4A4T 1227 2.315 0.2194 0.7500
4A4T 1228 2.169 0.2902 0.7614
4A4T 1229 2.164 0.1891 0.7159
4A4T 1230 2.220 0.1599 0.7159
4A4T 1231 2.391 0.2202 0.7273
4A4T 1232 2.176 0.2268 0.7614
4A4T 1233 2.339 0.1964 0.7045
4A4T 1234 2.243 0.2278 0.7386
4A4T 1235 2.262 0.2087 0.7159
4A4T 1236 1.966 0.2042 0.7500
4A4T 1237 2.086 0.1938 0.7500
4A4T 1238 2.350 0.1797 0.7045
4A4T 1239 2.246 0.2033 0.7273
4A4T 1240 1.884 0.1993 0.7500
4A4T 1241 2.130 0.2168 0.7386
4A4T 1242 2.371 0.2533 0.7386
4A4T 1243 2.442 0.2844 0.7159
4A4T 1244 2.368 0.2312 0.7386
4A4T 1245 2.205 0.1864 0.7159
4A4T 1246 2.287 0.1630 0.7273
4A4T 1247 2.375 0.1898 0.7273
4A4T 1248 2.162 0.2118 0.7386
4A4T 1249 2.287 0.1770 0.7045
4A4T 1250 2.147 0.1739 0.7273
4A4T 1251 2.416 0.1877 0.6932
4A4T 1252 2.054 0.1795 0.7273
4A4T 1253 2.054 0.1909 0.7273
4A4T 1254 2.370 0.1883 0.7045
4A4T 1255 2.177 0.2095 0.7273
4A4T 1256 2.485 0.2117 0.7045
4A4T 1257 2.379 0.1953 0.7159
4A4T 1258 2.335 0.1919 0.7045
4A4T 1259 2.169 0.2139 0.7386
4A4T 1260 2.700 0.1855 0.7159
4A4T 1261 2.705 0.1924 0.6932
4A4T 1262 2.065 0.1946 0.7500
4A4T 1263 2.112 0.2199 0.7273
4A4T 1264 2.348 0.1990 0.7500
4A4T 1265 2.286 0.1916 0.7386
4A4T 1266 2.347 0.2028 0.7273
4A4T 1267 2.223 0.1975 0.7273
4A4T 1268 2.252 0.1711 0.7273
4A4T 1269 2.442 0.1609 0.7159
4A4T 1270 2.629 0.1896 0.6932
4A4T 1271 2.190 0.1709 0.7273
4A4T 1272 2.176 0.1826 0.7159
4A4T 1273 2.112 0.1522 0.7500
4A4T 1274 2.060 0.1995 0.7614
4A4T 1275 2.328 0.1881 0.7159
4A4T 1276 2.550 0.1955 0.6932
4A4T 1277 2.157 0.1988 0.7500
4A4T 1278 2.595 0.2186 0.7045
4A4T 1279 2.394 0.1785 0.7159
4A4T 1280 2.426 0.2107 0.7045
4A4T 1281 2.239 0.1761 0.7386
4A4T 1282 2.411 0.2055 0.7045
4A4T 1283 2.130 0.1853 0.7159
4A4T 1284 2.012 0.1609 0.7159
4A4T 1285 2.307 0.1751 0.7045
4A4T 1286 2.173 0.1489 0.7045
4A4T 1287 2.189 0.1365 0.6932
4A4T 1288 2.200 0.2160 0.7386
4A4T 1289 2.081 0.2247 0.7386
4A4T 1290 2.466 0.2007 0.7159
4A4T 1291 2.296 0.1909 0.7159
4A4T 1292 2.135 0.2004 0.7614
4A4T 1293 2.240 0.1707 0.7159
4A4T 1294 1.937 0.1824 0.7386
4A4T 1295 2.206 0.2131 0.7386
4A4T 1296 2.092 0.1831 0.7386
4A4T 1297 1.851 0.2225 0.7614
4A4T 1298 1.760 0.2465 0.8068
4A4T 1299 2.412 0.2113 0.7159
4A4T 1300 2.476 0.1931 0.6932
4A4T 1301 2.371 0.2297 0.7159
4A4T 1302 2.025 0.1933 0.7273
4A4T 1303 2.033 0.2142 0.7614
4A4T 1304 2.682 0.2003 0.7159
4A4T 1305 2.330 0.2179 0.7159
4A4T 1306 2.373 0.2312 0.7159
4A4T 1307 2.187 0.2010 0.7386
4A4T 1308 2.167 0.1753 0.7386
4A4T 1309 2.129 0.1918 0.7500
4A4T 1310 2.367 0.2025 0.7500
4A4T 1311 2.419 0.1923 0.7159
4A4T 1312 2.409 0.2405 0.7273
4A4T 1313 2.427 0.2145 0.7273
4A4T 1314 2.246 0.2244 0.7273
4A4T 1315 2.210 0.2073 0.7386
4A4T 1316 2.159 0.1930 0.7386
4A4T 1317 2.009 0.1980 0.7955
4A4T 1318 2.014 0.2166 0.7500
4A4T 1319 2.284 0.1829 0.7386
4A4T 1320 2.482 0.2269 0.7045
4A4T 1321 2.154 0.1932 0.7500
4A4T 1322 2.239 0.1905 0.7045
4A4T 1323 2.261 0.1681 0.7386
4A4T 1324 2.106 0.2187 0.7386
4A4T 1325 2.467 0.2074 0.6932
4A4T 1326 2.277 0.1782 0.7273
4A4T 1327 2.186 0.1859 0.7159
4A4T 1328 2.306 0.2077 0.7273
4A4T 1329 2.354 0.2078 0.7159
4A4T 1330 2.209 0.1919 0.7273
4A4T 1331 2.501 0.2362 0.7159
4A4T 1332 2.451 0.2052 0.6818
4A4T 1333 2.443 0.1649 0.6818
4A4T 1334 2.425 0.1974 0.6932
4A4T 1335 2.438 0.1944 0.7273
4A4T 1336 2.465 0.1947 0.6818
4A4T 1337 2.263 0.1539 0.7273
4A4T 1338 2.299 0.1475 0.6932
4A4T 1339 2.327 0.1692 0.6932
4A4T 1340 2.351 0.1730 0.6932
4A4T 1341 2.373 0.1907 0.7159
4A4T 1342 2.433 0.1930 0.6932
4A4T 1343 2.345 0.2113 0.6818
4A4T 1344 2.336 0.1704 0.7045
4A4T 1345 2.260 0.1996 0.7273
4A4T 1346 2.320 0.2183 0.7159
4A4T 1347 2.134 0.1897 0.7159
4A4T 1348 1.952 0.1923 0.7500
4A4T 1349 2.271 0.1667 0.7045
4A4T 1350 2.623 0.1689 0.6705
4A4T 1351 1.942 0.2177 0.7500
4A4T 1352 2.395 0.2298 0.7159
4A4T 1353 2.324 0.1987 0.7159
4A4T 1354 2.446 0.2079 0.7045
4A4T 1355 2.352 0.2024 0.7045
4A4T 1356 2.449 0.2070 0.7159
4A4T 1357 2.278 0.2402 0.7159
4A4T 1358 2.516 0.1967 0.6932
4A4T 1359 2.464 0.1621 0.6932
4A4T 1360 2.298 0.2042 0.7045
4A4T 1361 2.158 0.2189 0.7273
4A4T 1362 2.427 0.1666 0.7045
4A4T 1363 2.295 0.2011 0.7386
4A4T 1364 2.256 0.1503 0.7045
4A4T 1365 2.390 0.2059 0.7159
4A4T 1366 2.265 0.1802 0.6818
4A4T 1367 2.145 0.1936 0.7159
4A4T 1368 2.022 0.2441 0.7727
4A4T 1369 2.432 0.2087 0.7614
4A4T 1370 2.304 0.1608 0.6932
4A4T 1371 1.967 0.2470 0.7500
4A4T 1372 2.017 0.1902 0.7273
4A4T 1373 1.771 0.2469 0.7955
4A4T 1374 2.248 0.2073 0.7159
4A4T 1375 2.145 0.1949 0.7159
4A4T 1376 2.113 0.1630 0.7159
4A4T 1377 1.865 0.1955 0.7727
4A4T 1378 2.016 0.1865 0.7614
4A4T 1379 1.959 0.2031 0.7500
4A4T 1380 2.345 0.1994 0.7386
4A4T 1381 1.764 0.2137 0.7727
4A4T 1382 2.124 0.1971 0.7273
4A4T 1383 1.920 0.2412 0.7614
4A4T 1384 2.143 0.1893 0.7500
4A4T 1385 2.489 0.1873 0.6705
4A4T 1386 1.936 0.2200 0.7500
4A4T 1387 2.180 0.1754 0.7045
4A4T 1388 2.520 0.2102 0.6818
4A4T 1389 2.199 0.1856 0.7273
4A4T 1390 2.310 0.1715 0.7159
4A4T 1391 2.329 0.1896 0.7045
4A4T 1392 2.290 0.1717 0.6818
4A4T 1393 2.250 0.1807 0.7159
4A4T 1394 2.377 0.1942 0.6932
4A4T 1395 2.256 0.1957 0.7159
4A4T 1396 2.399 0.1702 0.6818
4A4T 1397 2.199 0.1879 0.7273
4A4T 1398 2.116 0.2270 0.7273
4A4T 1399 2.501 0.1862 0.6818
4A4T 1400 2.581 0.1861 0.6932
4A4T 1401 2.110 0.1887 0.7273
4A4T 1402 2.031 0.1834 0.7500
4A4T 1403 2.109 0.2225 0.7614
4A4T 1404 2.119 0.2025 0.7614
4A4T 1405 2.168 0.2020 0.7273
4A4T 1406 1.966 0.1954 0.7614
4A4T 1407 1.952 0.2022 0.7500
4A4T 1408 1.914 0.2000 0.7386
4A4T 1409 1.806 0.2493 0.7955
4A4T 1410 2.217 0.2163 0.7386
4A4T 1411 2.307 0.1980 0.7500
4A4T 1412 2.314 0.1803 0.7045
4A4T 1413 2.210 0.2012 0.7500
4A4T 1414 2.074 0.1996 0.7386
4A4T 1415 1.924 0.1880 0.7386
4A4T 1416 2.192 0.2214 0.7273
4A4T 1417 2.143 0.1694 0.7045
4A4T 1418 2.177 0.1791 0.7045
4A4T 1419 2.148 0.1551 0.7045
4A4T 1420 2.085 0.1458 0.6932
4A4T 1421 2.426 0.1659 0.6932
4A4T 1422 2.232 0.1517 0.6932
4A4T 1423 2.161 0.1702 0.6932
4A4T 1424 2.570 0.1382 0.6932
4A4T 1425 2.416 0.2032 0.7045
4A4T 1426 2.244 0.1512 0.7045
4A4T 1427 2.289 0.1553 0.7159
4A4T 1428 2.161 0.1541 0.7159
4A4T 1429 2.126 0.1352 0.6932
4A4T 1430 2.301 0.2104 0.7045
4A4T 1431 2.157 0.1976 0.7273
4A4T 1432 2.036 0.2053 0.7273
4A4T 1433 2.006 0.1875 0.7500
4A4T 1434 2.308 0.1989 0.7159
4A4T 1435 2.141 0.1779 0.7045
4A4T 1436 2.033 0.1732 0.7273
4A4T 1437 1.912 0.2114 0.7614
4A4T 1438 2.104 0.1741 0.7273
4A4T 1439 1.894 0.2065 0.7500
4A4T 1440 1.983 0.1869 0.7159
4A4T 1441 1.992 0.1760 0.7500
4A4T 1442 2.148 0.1864 0.7386
4A4T 1443 2.173 0.2020 0.7159
4A4T 1444 2.121 0.1760 0.7273
4A4T 1445 2.161 0.2002 0.7386
4A4T 1446 2.448 0.1716 0.6705
4A4T 1447 2.414 0.1773 0.6932
4A4T 1448 2.274 0.1963 0.7045
4A4T 1449 2.081 0.1912 0.7500
4A4T 1450 1.951 0.2394 0.7727
4A4T 1451 2.198 0.2035 0.7386
4A4T 1452 2.251 0.2245 0.7500
4A4T 1453 2.091 0.2267 0.7614
4A4T 1454 2.428 0.1666 0.6932
4A4T 1455 2.261 0.2016 0.7273
4A4T 1456 2.566 0.2108 0.7045
4A4T 1457 2.192 0.1690 0.7386
4A4T 1458 2.177 0.2347 0.7386
4A4T 1459 2.200 0.1969 0.7159
4A4T 1460 2.286 0.1729 0.7045
4A4T 1461 1.915 0.1870 0.7500
4A4T 1462 2.299 0.1617 0.7159
4A4T 1463 2.660 0.2140 0.6818
4A4T 1464 2.528 0.1415 0.6818
4A4T 1465 2.396 0.1551 0.6818
4A4T 1466 2.548 0.1618 0.6818
4A4T 1467 2.647 0.1389 0.6591
4A4T 1468 2.417 0.1547 0.7045
4A4T 1469 2.465 0.1699 0.6932
4A4T 1470 2.156 0.1885 0.7386
4A4T 1471 2.242 0.1556 0.6818
4A4T 1472 2.190 0.1475 0.7045
4A4T 1473 2.401 0.1405 0.6705
4A4T 1474 2.363 0.1501 0.6818
4A4T 1475 2.169 0.1760 0.7500
4A4T 1476 2.189 0.1721 0.7273
4A4T 1477 2.337 0.1689 0.6818
4A4T 1478 2.282 0.1464 0.7273
4A4T 1479 2.233 0.1469 0.7159
4A4T 1480 2.004 0.1554 0.7273
4A4T 1481 2.044 0.1491 0.7045
4A4T 1482 2.412 0.1498 0.6932
4A4T 1483 2.098 0.1512 0.7045
4A4T 1484 2.237 0.1463 0.6818
4A4T 1485 2.459 0.1955 0.7045
4A4T 1486 2.655 0.1368 0.6591
4A4T 1487 2.386 0.1801 0.7159
4A4T 1488 2.259 0.1844 0.7386
4A4T 1489 2.126 0.2178 0.7386
4A4T 1490 2.186 0.1620 0.7159
4A4T 1491 2.143 0.1804 0.7273
4A4T 1492 2.143 0.1478 0.7386
4A4T 1493 2.233 0.1677 0.7386
4A4T 1494 1.982 0.1719 0.7386
4A4T 1495 2.355 0.1711 0.6818
4A4T 1496 2.081 0.1656 0.7159
4A4T 1497 2.154 0.1767 0.7045
4A4T 1498 2.103 0.1723 0.7500
4A4T 1499 2.392 0.1813 0.7045
4A4T 1500 2.675 0.1699 0.7159
4A4T 1501 2.127 0.2113 0.7500
4A4T 1502 2.006 0.2040 0.7273
4A4T 1503 2.292 0.1922 0.6818
4A4T 1504 2.547 0.1640 0.6818
4A4T 1505 2.015 0.1836 0.7500
4A4T 1506 2.347 0.1691 0.7045
4A4T 1507 2.369 0.1948 0.6818
4A4T 1508 2.287 0.2454 0.7386
4A4T 1509 2.350 0.1991 0.7045
4A4T 1510 2.049 0.2167 0.7727
4A4T 1511 2.550 0.1453 0.6818
4A4T 1512 2.528 0.1817 0.7045
4A4T 1513 2.497 0.1618 0.6932
4A4T 1514 2.491 0.1630 0.6818
4A4T 1515 2.822 0.1646 0.7045
4A4T 1516 2.586 0.1749 0.7045
4A4T 1517 2.620 0.1789 0.6818
4A4T 1518 2.715 0.1998 0.7045
4A4T 1519 2.352 0.1914 0.7386
4A4T 1520 2.936 0.1546 0.6705
4A4T 1521 2.480 0.1488 0.6932
4A4T 1522 2.453 0.1562 0.6818
4A4T 1523 2.741 0.1416 0.6477
4A4T 1524 2.640 0.1273 0.6932
4A4T 1525 2.563 0.1603 0.7045
4A4T 1526 2.441 0.1472 0.6932
4A4T 1527 2.476 0.1952 0.7159
4A4T 1528 2.857 0.1800 0.6932
4A4T 1529 2.655 0.1551 0.6818
4A4T 1530 2.381 0.1897 0.7386
4A4T 1531 2.622 0.1484 0.6932
4A4T 1532 2.549 0.1327 0.7045
4A4T 1533 2.588 0.1800 0.7159
4A4T 1534 2.673 0.1518 0.7045
4A4T 1535 2.872 0.1534 0.7159
4A4T 1536 2.430 0.1997 0.7273
4A4T 1537 2.769 0.1701 0.7045
4A4T 1538 2.475 0.1915 0.7045
4A4T 1539 2.728 0.1636 0.6932
4A4T 1540 2.320 0.1880 0.7273
4A4T 1541 2.577 0.1677 0.6932
4A4T 1542 2.142 0.1741 0.7386
4A4T 1543 2.270 0.1927 0.7273
4A4T 1544 2.401 0.1535 0.7045
4A4T 1545 3.120 0.1676 0.6591
4A4T 1546 2.692 0.1455 0.6705
4A4T 1547 2.722 0.1693 0.7273
4A4T 1548 2.440 0.1538 0.6932
4A4T 1549 2.666 0.1575 0.6705
4A4T 1550 2.819 0.1371 0.6818
4A4T 1551 2.537 0.1769 0.7045
4A4T 1552 2.286 0.1836 0.7500
4A4T 1553 2.548 0.1704 0.6818
4A4T 1554 2.042 0.2204 0.7500
4A4T 1555 2.491 0.1676 0.6932
4A4T 1556 2.461 0.1872 0.7273
4A4T 1557 2.231 0.1718 0.7159
4A4T 1558 2.584 0.1690 0.7500
4A4T 1559 2.896 0.1786 0.6705
4A4T 1560 2.420 0.2200 0.7045
4A4T 1561 2.390 0.1932 0.6932
4A4T 1562 2.133 0.2165 0.7500
4A4T 1563 2.559 0.1952 0.7159
4A4T 1564 2.625 0.1712 0.7273
4A4T 1565 1.982 0.2121 0.7500
4A4T 1566 1.884 0.2513 0.7841
4A4T 1567 2.185 0.1667 0.7159
4A4T 1568 2.041 0.1627 0.7386
4A4T 1569 2.088 0.1917 0.7273
4A4T 1570 2.397 0.2038 0.7273
4A4T 1571 2.427 0.1901 0.7159
4A4T 1572 2.688 0.2011 0.7273
4A4T 1573 2.420 0.2338 0.7386
4A4T 1574 2.033 0.1735 0.7500
4A4T 1575 1.816 0.2244 0.7614
4A4T 1576 2.059 0.1788 0.7500
4A4T 1577 1.950 0.2355 0.7841
4A4T 1578 1.880 0.2276 0.7727
4A4T 1579 2.413 0.2193 0.7500
4A4T 1580 2.883 0.2211 0.7273
4A4T 1581 2.539 0.2503 0.7614
4A4T 1582 2.362 0.1615 0.7159
4A4T 1583 2.499 0.2271 0.7045
4A4T 1584 2.438 0.2165 0.7386
4A4T 1585 2.342 0.2455 0.7273
4A4T 1586 2.378 0.1797 0.7159
4A4T 1587 2.531 0.2087 0.7159
4A4T 1588 2.323 0.1792 0.7045
4A4T 1589 2.487 0.1797 0.6932
4A4T 1590 3.130 0.1909 0.6591
4A4T 1591 2.750 0.1828 0.6932
4A4T 1592 2.559 0.2010 0.6932
4A4T 1593 2.656 0.1661 0.6818
4A4T 1594 2.519 0.1584 0.6818
4A4T 1595 2.573 0.1784 0.7045
4A4T 1596 2.722 0.1657 0.6705
4A4T 1597 2.273 0.1769 0.7159
4A4T 1598 2.145 0.1571 0.6932
4A4T 1599 2.547 0.1999 0.7159
4A4T 1600 2.549 0.2082 0.7159
4A4T 1601 2.562 0.1462 0.6705
4A4T 1602 2.704 0.1772 0.6932
4A4T 1603 2.500 0.1495 0.6705
4A4T 1604 2.089 0.1668 0.7386
4A4T 1605 2.703 0.1755 0.7159
4A4T 1606 2.400 0.1495 0.7045
4A4T 1607 2.587 0.1545 0.6818
4A4T 1608 2.715 0.1636 0.6818
4A4T 1609 2.612 0.1991 0.7159
4A4T 1610 2.616 0.1763 0.7273
4A4T 1611 2.394 0.1576 0.6705
4A4T 1612 2.898 0.1569 0.6705
4A4T 1613 2.743 0.1720 0.6591
4A4T 1614 2.419 0.1524 0.6932
4A4T 1615 2.274 0.1703 0.7159
4A4T 1616 2.244 0.1670 0.7159
4A4T 1617 2.056 0.1703 0.7159
4A4T 1618 1.766 0.1780 0.7614
4A4T 1619 2.281 0.1634 0.6932
4A4T 1620 2.456 0.1786 0.6818
4A4T 1621 2.679 0.1379 0.6591
4A4T 1622 2.835 0.1553 0.6477
4A4T 1623 2.815 0.1279 0.6591
4A4T 1624 2.462 0.1498 0.6932
4A4T 1625 2.501 0.1662 0.6705
4A4T 1626 2.442 0.1644 0.6932
4A4T 1627 2.608 0.1768 0.6705
4A4T 1628 2.911 0.1383 0.6364
4A4T 1629 2.790 0.1667 0.6591
4A4T 1630 2.371 0.1611 0.6932
4A4T 1631 2.655 0.1452 0.6477
4A4T 1632 2.440 0.1510 0.7045
4A4T 1633 2.212 0.1560 0.7273
4A4T 1634 2.305 0.1427 0.6818
4A4T 1635 2.321 0.1577 0.7045
4A4T 1636 2.585 0.1218 0.6705
4A4T 1637 2.494 0.1505 0.6705
4A4T 1638 2.428 0.1806 0.6818
4A4T 1639 2.480 0.1239 0.6705
4A4T 1640 2.507 0.1307 0.6591
4A4T 1641 2.522 0.1863 0.6932
4A4T 1642 2.495 0.1596 0.6818
4A4T 1643 2.088 0.1958 0.7386
4A4T 1644 2.475 0.2024 0.7045
4A4T 1645 2.483 0.1721 0.7045
4A4T 1646 2.392 0.1753 0.7159
4A4T 1647 2.193 0.1835 0.7045
4A4T 1648 2.195 0.1874 0.7386
4A4T 1649 2.355 0.1767 0.7045
4A4T 1650 1.850 0.2422 0.7841
4A4T 1651 2.431 0.1580 0.6818
4A4T 1652 2.540 0.1691 0.6705
4A4T 1653 2.951 0.1368 0.6364
4A4T 1654 2.482 0.1676 0.6818
4A4T 1655 2.544 0.1475 0.6705
4A4T 1656 2.742 0.1481 0.6591
4A4T 1657 2.488 0.1656 0.7159
4A4T 1658 2.374 0.1486 0.6705
4A4T 1659 2.494 0.1288 0.6932
4A4T 1660 2.249 0.1633 0.7159
4A4T 1661 2.401 0.1654 0.6818
4A4T 1662 2.643 0.1312 0.6591
4A4T 1663 2.534 0.1531 0.6705
4A4T 1664 2.774 0.1645 0.6477
4A4T 1665 2.370 0.1410 0.7045
4A4T 1666 2.724 0.1776 0.6705
4A4T 1667 2.554 0.1561 0.7159
4A4T 1668 2.618 0.1416 0.6932
4A4T 1669 2.900 0.1235 0.6250
4A4T 1670 2.749 0.1428 0.6477
4A4T 1671 2.180 0.1634 0.7273
4A4T 1672 2.821 0.1165 0.6477
4A4T 1673 2.615 0.1256 0.6477
4A4T 1674 2.698 0.1210 0.6591
4A4T 1675 2.849 0.1594 0.6705
4A4T 1676 2.910 0.1514 0.6364
4A4T 1677 2.546 0.1700 0.6932
4A4T 1678 2.622 0.1358 0.6705
4A4T 1679 2.512 0.1263 0.6705
4A4T 1680 2.473 0.1874 0.7045
4A4T 1681 2.660 0.1628 0.6705
4A4T 1682 2.629 0.1749 0.6818
4A4T 1683 2.631 0.1926 0.6932
4A4T 1684 3.357 0.1549 0.6250
4A4T 1685 2.770 0.1733 0.6818
4A4T 1686 2.755 0.1332 0.6477
4A4T 1687 2.611 0.1503 0.7045
4A4T 1688 2.509 0.1759 0.6932
4A4T 1689 2.876 0.1468 0.6591
4A4T 1690 3.029 0.1849 0.6591
4A4T 1691 2.492 0.1409 0.6705
4A4T 1692 2.965 0.1314 0.6136
4A4T 1693 2.791 0.1302 0.6591
4A4T 1694 2.514 0.1595 0.6932
4A4T 1695 2.518 0.1514 0.6705
4A4T 1696 2.428 0.1504 0.6932
4A4T 1697 2.405 0.1468 0.7159
4A4T 1698 2.729 0.1346 0.6591
4A4T 1699 2.409 0.1453 0.7045
4A4T 1700 2.966 0.1190 0.6364
4A4T 1701 2.606 0.1140 0.6591
4A4T 1702 2.740 0.1336 0.6591
4A4T 1703 2.670 0.1332 0.6250
4A4T 1704 2.676 0.1750 0.6818
4A4T 1705 2.692 0.1416 0.6591
4A4T 1706 2.790 0.1411 0.6591
4A4T 1707 2.538 0.1539 0.6705
4A4T 1708 2.809 0.1315 0.6477
4A4T 1709 2.688 0.1584 0.6705
4A4T 1710 2.894 0.1413 0.6477
4A4T 1711 2.744 0.1678 0.6705
4A4T 1712 2.557 0.1821 0.6818
4A4T 1713 2.787 0.1596 0.6591
4A4T 1714 2.705 0.1290 0.6705
4A4T 1715 2.853 0.1506 0.6591
4A4T 1716 2.951 0.1507 0.6477
4A4T 1717 2.990 0.1383 0.6364
4A4T 1718 2.875 0.1412 0.6477
4A4T 1719 3.238 0.1567 0.6136
4A4T 1720 2.885 0.1656 0.6705
4A4T 1721 2.947 0.1244 0.6364
4A4T 1722 2.985 0.1297 0.6364
4A4T 1723 2.916 0.1465 0.6364
4A4T 1724 2.599 0.1343 0.6705
4A4T 1725 2.736 0.1569 0.6705
4A4T 1726 2.336 0.1639 0.7386
4A4T 1727 2.571 0.1436 0.6932
4A4T 1728 2.387 0.1848 0.7045
4A4T 1729 2.353 0.1666 0.6932
4A4T 1730 2.486 0.1732 0.6932
4A4T 1731 2.653 0.2098 0.7159
4A4T 1732 2.553 0.1455 0.6705
4A4T 1733 2.853 0.1407 0.6477
4A4T 1734 2.469 0.1650 0.7045
4A4T 1735 2.759 0.1627 0.6591
4A4T 1736 2.487 0.1738 0.6818
4A4T 1737 3.006 0.1588 0.6477
4A4T 1738 2.691 0.1481 0.6591
4A4T 1739 2.637 0.1690 0.6818
4A4T 1740 2.807 0.1686 0.6477
4A4T 1741 2.589 0.1581 0.6705
4A4T 1742 2.630 0.1867 0.7045
4A4T 1743 2.520 0.1729 0.6705
4A4T 1744 2.320 0.1822 0.7159
4A4T 1745 2.915 0.1329 0.6477
4A4T 1746 2.740 0.1603 0.6591
4A4T 1747 2.393 0.1645 0.6932
4A4T 1748 2.561 0.1379 0.6705
4A4T 1749 2.789 0.1435 0.6591
4A4T 1750 2.669 0.1379 0.6591
4A4T 1751 2.543 0.1442 0.6818
4A4T 1752 2.543 0.1473 0.6818
4A4T 1753 2.524 0.1858 0.6818
4A4T 1754 2.896 0.1555 0.6591
4A4T 1755 2.806 0.1459 0.6477
4A4T 1756 2.641 0.1438 0.6705
4A4T 1757 2.472 0.1696 0.6932
4A4T 1758 2.746 0.1275 0.6477
4A4T 1759 2.683 0.1549 0.6591
4A4T 1760 2.520 0.1480 0.6591
4A4T 1761 2.517 0.1581 0.6932
4A4T 1762 2.262 0.1845 0.7159
4A4T 1763 2.241 0.1968 0.7159
4A4T 1764 2.308 0.1716 0.7500
4A4T 1765 2.675 0.1685 0.6705
4A4T 1766 2.847 0.1459 0.6477
4A4T 1767 2.820 0.1553 0.6591
4A4T 1768 2.985 0.1578 0.6705
4A4T 1769 2.889 0.1336 0.6705
4A4T 1770 2.883 0.1525 0.6591
4A4T 1771 2.831 0.1664 0.6591
4A4T 1772 3.161 0.1624 0.6477
