2NBZ 1 0.000 1.0000 1.0000
2NBZ 2 0.210 0.9870 1.0000
2NBZ 3 0.476 0.9387 1.0000
2NBZ 4 0.686 0.8811 0.9875
2NBZ 5 1.131 0.7402 0.9063
2NBZ 6 0.737 0.8662 0.9750
2NBZ 7 1.321 0.6912 0.9000
2NBZ 8 0.779 0.8600 0.9688
2NBZ 9 1.174 0.7384 0.9187
2NBZ 10 0.684 0.8853 0.9875
2NBZ 11 14.657 0.1677 0.2125
2NBZ 12 14.116 0.1047 0.1813
2NBZ 13 18.189 0.1815 0.3063
2NBZ 14 13.772 0.2324 0.3500
2NBZ 15 18.119 0.1250 0.2188
2NBZ 16 13.360 0.3509 0.4875
2NBZ 17 12.740 0.2590 0.4063
2NBZ 18 13.290 0.2661 0.4250
2NBZ 19 11.727 0.2392 0.3250
2NBZ 20 10.437 0.3285 0.4250
2NBZ 21 13.729 0.1985 0.2688
2NBZ 22 14.298 0.1677 0.2500
2NBZ 23 12.634 0.2502 0.3375
2NBZ 24 8.968 0.1820 0.3438
2NBZ 25 8.852 0.2292 0.4250
2NBZ 26 9.679 0.3515 0.4625
2NBZ 27 13.926 0.1447 0.2313
2NBZ 28 12.913 0.2485 0.3250
2NBZ 29 10.486 0.3435 0.4688
2NBZ 30 15.780 0.2802 0.3562
2NBZ 31 11.964 0.3742 0.4563
2NBZ 32 11.857 0.4057 0.5188
2NBZ 33 11.212 0.2654 0.3375
2NBZ 34 14.310 0.3726 0.4750
2NBZ 35 9.008 0.4067 0.5437
2NBZ 36 14.940 0.2355 0.3250
2NBZ 37 13.222 0.2946 0.4375
2NBZ 38 13.753 0.2979 0.3812
2NBZ 39 6.816 0.2578 0.4250
2NBZ 40 10.248 0.3877 0.5000
2NBZ 41 6.717 0.3422 0.5063
2NBZ 42 10.209 0.3651 0.4938
2NBZ 43 14.536 0.3275 0.4500
2NBZ 44 13.369 0.3699 0.4688
2NBZ 45 9.427 0.2700 0.3688
2NBZ 46 13.733 0.2994 0.3875
2NBZ 47 16.892 0.2914 0.3688
2NBZ 48 15.944 0.2776 0.3812
2NBZ 49 10.970 0.2372 0.3812
2NBZ 50 10.410 0.3730 0.4875
2NBZ 51 13.760 0.1055 0.1750
2NBZ 52 10.664 0.2522 0.3812
2NBZ 53 16.108 0.2816 0.3750
2NBZ 54 15.488 0.1843 0.3063
2NBZ 55 12.580 0.1236 0.2125
2NBZ 56 12.645 0.1194 0.2188
2NBZ 57 16.242 0.2268 0.3313
2NBZ 58 13.874 0.2866 0.3938
2NBZ 59 9.289 0.2768 0.3938
2NBZ 60 13.902 0.2213 0.3063
2NBZ 61 10.772 0.2847 0.4250
2NBZ 62 10.221 0.2873 0.4313
2NBZ 63 11.189 0.2887 0.4187
2NBZ 64 10.254 0.2378 0.3313
2NBZ 65 12.733 0.2584 0.3750
2NBZ 66 11.106 0.3462 0.4938
2NBZ 67 7.662 0.2157 0.3750
2NBZ 68 9.076 0.2147 0.4125
2NBZ 69 8.486 0.3722 0.5500
2NBZ 70 13.728 0.2368 0.3187
2NBZ 71 8.294 0.3315 0.4688
2NBZ 72 8.797 0.4038 0.5750
2NBZ 73 15.197 0.3302 0.4437
2NBZ 74 8.979 0.2704 0.3875
2NBZ 75 6.820 0.3367 0.5313
2NBZ 76 13.053 0.2354 0.3125
2NBZ 77 13.978 0.1403 0.2500
2NBZ 78 13.294 0.2889 0.3938
2NBZ 79 12.144 0.2769 0.3750
2NBZ 80 14.756 0.3718 0.4812
2NBZ 81 8.529 0.3267 0.4563
2NBZ 82 14.355 0.3227 0.4063
2NBZ 83 6.103 0.3719 0.5437
2NBZ 84 13.617 0.2389 0.3875
2NBZ 85 14.184 0.3499 0.4563
2NBZ 86 13.698 0.2885 0.3812
2NBZ 87 11.611 0.2373 0.2937
2NBZ 88 7.524 0.3470 0.4563
2NBZ 89 8.912 0.3059 0.5000
2NBZ 90 7.352 0.3435 0.5250
2NBZ 91 14.609 0.1400 0.2062
2NBZ 92 13.539 0.1141 0.1813
2NBZ 93 16.830 0.2127 0.3250
2NBZ 94 10.611 0.2195 0.3875
2NBZ 95 14.351 0.2349 0.3750
2NBZ 96 13.560 0.1511 0.2750
2NBZ 97 16.872 0.2067 0.3125
2NBZ 98 12.344 0.1925 0.2937
2NBZ 99 13.698 0.2888 0.4125
2NBZ 100 14.719 0.2655 0.3438
2NBZ 101 14.380 0.2751 0.3500
2NBZ 102 14.926 0.2305 0.3125
2NBZ 103 8.371 0.3802 0.5250
2NBZ 104 10.771 0.3427 0.5250
2NBZ 105 13.685 0.2547 0.3500
2NBZ 106 14.776 0.2032 0.3063
2NBZ 107 14.825 0.1566 0.2313
2NBZ 108 14.137 0.3205 0.4063
2NBZ 109 13.607 0.3620 0.4437
2NBZ 110 14.551 0.2987 0.4063
2NBZ 111 14.770 0.1638 0.2625
2NBZ 112 11.773 0.2924 0.3938
2NBZ 113 10.088 0.3716 0.5063
2NBZ 114 11.139 0.3328 0.4563
2NBZ 115 13.099 0.2666 0.3375
2NBZ 116 14.903 0.2807 0.4063
2NBZ 117 16.173 0.3493 0.4688
2NBZ 118 13.450 0.3483 0.5000
2NBZ 119 10.399 0.3042 0.4563
2NBZ 120 16.233 0.4193 0.5000
2NBZ 121 8.825 0.3562 0.4875
2NBZ 122 11.580 0.2687 0.3812
2NBZ 123 8.317 0.4407 0.5562
2NBZ 124 10.938 0.3773 0.4688
2NBZ 125 6.092 0.3111 0.4688
2NBZ 126 11.066 0.4205 0.5500
2NBZ 127 7.878 0.4004 0.5375
2NBZ 128 9.457 0.3471 0.4500
2NBZ 129 8.814 0.2450 0.4000
2NBZ 130 8.596 0.3554 0.4625
2NBZ 131 10.685 0.2335 0.3938
2NBZ 132 11.353 0.1991 0.3000
2NBZ 133 12.947 0.3075 0.4000
2NBZ 134 5.530 0.3208 0.5250
2NBZ 135 14.239 0.1702 0.2813
2NBZ 136 12.903 0.1482 0.2438
2NBZ 137 8.705 0.2554 0.4063
2NBZ 138 11.753 0.3267 0.4000
2NBZ 139 14.393 0.2583 0.3313
2NBZ 140 12.252 0.1824 0.2813
2NBZ 141 10.468 0.3430 0.4563
2NBZ 142 12.766 0.3384 0.4750
2NBZ 143 11.587 0.1832 0.2875
2NBZ 144 14.228 0.2301 0.3500
2NBZ 145 12.097 0.3015 0.4000
2NBZ 146 6.163 0.2802 0.5063
2NBZ 147 12.482 0.2347 0.3438
2NBZ 148 10.761 0.3519 0.4500
2NBZ 149 15.866 0.2275 0.3063
2NBZ 150 15.985 0.3108 0.3938
2NBZ 151 14.397 0.1757 0.3000
2NBZ 152 14.779 0.3265 0.4250
2NBZ 153 7.509 0.3575 0.4812
2NBZ 154 13.582 0.2164 0.3625
2NBZ 155 9.870 0.3390 0.4187
2NBZ 156 8.125 0.2879 0.4187
2NBZ 157 12.809 0.1897 0.3375
2NBZ 158 11.851 0.2507 0.3688
2NBZ 159 7.130 0.2960 0.4375
2NBZ 160 16.293 0.1745 0.2813
2NBZ 161 13.408 0.2045 0.3562
2NBZ 162 7.566 0.2912 0.5000
2NBZ 163 8.003 0.3374 0.4750
2NBZ 164 4.826 0.3987 0.6313
2NBZ 165 6.620 0.2987 0.4625
2NBZ 166 4.940 0.4147 0.6000
2NBZ 167 6.981 0.3950 0.5437
2NBZ 168 9.480 0.3622 0.5063
2NBZ 169 6.395 0.3505 0.5250
2NBZ 170 11.488 0.2413 0.3625
2NBZ 171 12.699 0.1292 0.1813
2NBZ 172 14.139 0.2414 0.3438
2NBZ 173 14.722 0.1800 0.3125
2NBZ 174 12.943 0.1594 0.2500
2NBZ 175 7.531 0.3146 0.4625
2NBZ 176 12.999 0.1452 0.2750
2NBZ 177 11.342 0.1919 0.3438
2NBZ 178 13.204 0.1577 0.2562
2NBZ 179 12.987 0.2605 0.3187
2NBZ 180 14.148 0.3457 0.4375
2NBZ 181 11.196 0.1605 0.3125
2NBZ 182 14.794 0.2345 0.3125
2NBZ 183 9.083 0.2794 0.4250
2NBZ 184 17.860 0.2572 0.3750
2NBZ 185 14.332 0.2433 0.4063
2NBZ 186 15.502 0.1982 0.3125
2NBZ 187 11.692 0.2862 0.3812
2NBZ 188 7.071 0.2094 0.3812
2NBZ 189 15.136 0.3579 0.4625
2NBZ 190 12.086 0.3641 0.4938
2NBZ 191 7.884 0.3753 0.4938
2NBZ 192 11.242 0.3090 0.4250
2NBZ 193 14.835 0.1925 0.2500
2NBZ 194 12.545 0.3373 0.4250
2NBZ 195 14.602 0.3610 0.4500
2NBZ 196 13.597 0.3074 0.4000
2NBZ 197 13.517 0.2318 0.3125
2NBZ 198 7.175 0.3048 0.4437
2NBZ 199 12.437 0.3781 0.4625
2NBZ 200 13.903 0.3537 0.4437
2NBZ 201 8.804 0.4114 0.5562
2NBZ 202 5.513 0.3871 0.5938
2NBZ 203 10.722 0.2258 0.3812
2NBZ 204 8.657 0.3795 0.5188
2NBZ 205 8.785 0.3604 0.4688
2NBZ 206 8.257 0.3185 0.4375
2NBZ 207 3.994 0.4233 0.6250
2NBZ 208 7.838 0.3542 0.5000
2NBZ 209 5.108 0.3536 0.5562
2NBZ 210 5.292 0.4230 0.6000
2NBZ 211 10.105 0.2025 0.3125
2NBZ 212 10.659 0.1313 0.2313
2NBZ 213 11.143 0.2192 0.2813
2NBZ 214 11.764 0.1522 0.2937
2NBZ 215 11.483 0.1717 0.3000
2NBZ 216 11.641 0.1642 0.2875
2NBZ 217 12.967 0.2743 0.4187
2NBZ 218 16.085 0.3779 0.4313
2NBZ 219 10.041 0.2662 0.3625
2NBZ 220 11.834 0.1594 0.2625
2NBZ 221 13.379 0.2222 0.2813
2NBZ 222 9.597 0.2528 0.3500
2NBZ 223 13.619 0.3026 0.3688
2NBZ 224 7.755 0.1836 0.3187
2NBZ 225 5.457 0.4472 0.6125
2NBZ 226 14.597 0.2083 0.2813
2NBZ 227 9.656 0.4034 0.4938
2NBZ 228 11.706 0.3082 0.4563
2NBZ 229 9.020 0.4164 0.5625
2NBZ 230 11.365 0.2727 0.3750
2NBZ 231 11.684 0.1632 0.3125
2NBZ 232 9.286 0.4301 0.5375
2NBZ 233 14.436 0.1767 0.2562
2NBZ 234 9.113 0.2392 0.3812
2NBZ 235 13.382 0.2506 0.3250
2NBZ 236 8.707 0.3320 0.4625
2NBZ 237 11.093 0.3413 0.4500
2NBZ 238 13.313 0.3467 0.4500
2NBZ 239 9.518 0.2681 0.3750
2NBZ 240 8.138 0.3866 0.5500
2NBZ 241 16.570 0.3147 0.4125
2NBZ 242 5.132 0.3665 0.5562
2NBZ 243 6.937 0.3002 0.4688
2NBZ 244 6.605 0.4492 0.6000
2NBZ 245 12.113 0.3268 0.4125
2NBZ 246 7.264 0.4107 0.5625
2NBZ 247 8.030 0.3507 0.5063
2NBZ 248 5.742 0.3936 0.5562
2NBZ 249 7.693 0.3799 0.5500
2NBZ 250 7.164 0.3903 0.5375
2NBZ 251 13.910 0.0975 0.1750
2NBZ 252 11.794 0.1345 0.2250
2NBZ 253 12.344 0.1603 0.2250
2NBZ 254 13.202 0.3842 0.5188
2NBZ 255 9.256 0.3640 0.5000
2NBZ 256 13.464 0.3557 0.4437
2NBZ 257 12.284 0.1485 0.2313
2NBZ 258 9.950 0.2286 0.3438
2NBZ 259 15.594 0.2124 0.3063
2NBZ 260 10.696 0.3003 0.4625
2NBZ 261 12.123 0.1861 0.2750
2NBZ 262 12.607 0.2104 0.3500
2NBZ 263 14.653 0.2572 0.3438
2NBZ 264 12.862 0.3843 0.5000
2NBZ 265 13.080 0.1959 0.2438
2NBZ 266 10.358 0.3909 0.4875
2NBZ 267 7.213 0.3348 0.4875
2NBZ 268 14.179 0.2986 0.3500
2NBZ 269 14.692 0.2206 0.3000
2NBZ 270 10.685 0.4248 0.5500
2NBZ 271 11.198 0.2032 0.3250
2NBZ 272 15.002 0.2633 0.3500
2NBZ 273 16.223 0.1898 0.2562
2NBZ 274 11.136 0.2762 0.3625
2NBZ 275 13.322 0.3207 0.3938
2NBZ 276 11.066 0.2785 0.3750
2NBZ 277 16.566 0.1572 0.2500
2NBZ 278 15.891 0.3602 0.4313
2NBZ 279 12.599 0.2374 0.3313
2NBZ 280 6.091 0.3599 0.5437
2NBZ 281 17.151 0.3188 0.4563
2NBZ 282 8.733 0.4032 0.5375
2NBZ 283 16.371 0.2155 0.3000
2NBZ 284 11.576 0.2178 0.3313
2NBZ 285 12.453 0.3898 0.5313
2NBZ 286 13.969 0.3577 0.4750
2NBZ 287 8.068 0.3412 0.5250
2NBZ 288 10.965 0.3089 0.3938
2NBZ 289 9.411 0.3559 0.5000
2NBZ 290 9.356 0.3515 0.4875
2NBZ 291 12.418 0.1536 0.2438
2NBZ 292 14.460 0.2477 0.3688
2NBZ 293 11.172 0.1719 0.2875
2NBZ 294 9.365 0.2114 0.3000
2NBZ 295 13.628 0.2781 0.3875
2NBZ 296 13.767 0.1318 0.2562
2NBZ 297 10.231 0.1987 0.3562
2NBZ 298 11.371 0.2884 0.3938
2NBZ 299 13.627 0.2829 0.4375
2NBZ 300 11.515 0.2077 0.3187
2NBZ 301 15.100 0.2716 0.3313
2NBZ 302 13.678 0.2280 0.3187
2NBZ 303 12.844 0.2448 0.3313
2NBZ 304 9.578 0.3057 0.4625
2NBZ 305 16.376 0.2155 0.2813
2NBZ 306 12.053 0.4040 0.5313
2NBZ 307 13.410 0.2879 0.3500
2NBZ 308 7.528 0.2356 0.4000
2NBZ 309 12.096 0.2142 0.3438
2NBZ 310 7.948 0.4255 0.5750
2NBZ 311 8.483 0.2700 0.4187
2NBZ 312 7.966 0.3389 0.4313
2NBZ 313 15.380 0.2115 0.2625
2NBZ 314 13.950 0.2713 0.3875
2NBZ 315 9.064 0.3049 0.4500
2NBZ 316 12.615 0.3063 0.4000
2NBZ 317 13.991 0.2642 0.3375
2NBZ 318 15.257 0.3829 0.5063
2NBZ 319 12.952 0.3270 0.4187
2NBZ 320 11.506 0.3506 0.4313
2NBZ 321 10.935 0.3378 0.4688
2NBZ 322 6.246 0.3329 0.5188
2NBZ 323 6.417 0.3450 0.5562
2NBZ 324 6.728 0.4411 0.5875
2NBZ 325 8.375 0.3438 0.4875
2NBZ 326 5.801 0.3532 0.5625
2NBZ 327 5.317 0.3685 0.5750
2NBZ 328 7.414 0.4001 0.5562
2NBZ 329 7.349 0.3849 0.5750
2NBZ 330 5.381 0.4216 0.6000
2NBZ 331 12.283 0.1544 0.2625
2NBZ 332 9.550 0.2971 0.4313
2NBZ 333 10.776 0.1399 0.2000
2NBZ 334 12.680 0.2291 0.3500
2NBZ 335 10.012 0.2003 0.3000
2NBZ 336 14.334 0.2556 0.3187
2NBZ 337 10.415 0.3540 0.4563
2NBZ 338 10.454 0.3156 0.4187
2NBZ 339 10.547 0.2891 0.4125
2NBZ 340 12.497 0.2547 0.3812
2NBZ 341 14.632 0.1399 0.2125
2NBZ 342 16.525 0.2874 0.3875
2NBZ 343 17.111 0.2709 0.3250
2NBZ 344 13.604 0.2629 0.3313
2NBZ 345 7.979 0.3440 0.4625
2NBZ 346 11.733 0.3679 0.4625
2NBZ 347 13.483 0.3173 0.3938
2NBZ 348 10.615 0.2182 0.3250
2NBZ 349 11.193 0.2979 0.3938
2NBZ 350 14.228 0.4032 0.5125
2NBZ 351 9.609 0.3903 0.5375
2NBZ 352 13.942 0.3867 0.5125
2NBZ 353 8.841 0.3215 0.4375
2NBZ 354 12.906 0.4014 0.5063
2NBZ 355 11.193 0.3730 0.5188
2NBZ 356 10.143 0.3985 0.5250
2NBZ 357 10.118 0.3862 0.4750
2NBZ 358 7.933 0.4310 0.5562
2NBZ 359 11.812 0.3919 0.4875
2NBZ 360 13.321 0.3001 0.3812
2NBZ 361 9.341 0.3177 0.4000
2NBZ 362 7.042 0.3678 0.4875
2NBZ 363 12.685 0.3892 0.4875
2NBZ 364 10.405 0.3028 0.4812
2NBZ 365 10.772 0.3625 0.4938
2NBZ 366 9.403 0.3038 0.4500
2NBZ 367 8.733 0.3948 0.5125
2NBZ 368 12.052 0.3686 0.4437
2NBZ 369 15.873 0.2324 0.2937
2NBZ 370 9.502 0.4008 0.5250
2NBZ 371 0.950 0.8152 0.9250
2NBZ 372 1.637 0.6421 0.8125
2NBZ 373 1.687 0.6333 0.8062
2NBZ 374 1.489 0.6774 0.8250
2NBZ 375 1.541 0.6646 0.8062
2NBZ 376 1.553 0.6627 0.8125
2NBZ 377 1.596 0.6512 0.8000
2NBZ 378 1.581 0.6545 0.8062
2NBZ 379 1.555 0.6580 0.8125
2NBZ 380 1.573 0.6546 0.8000
2NBZ 381 1.573 0.6550 0.8125
2NBZ 382 1.567 0.6579 0.8062
2NBZ 383 1.556 0.6595 0.8062
2NBZ 384 1.581 0.6536 0.8000
2NBZ 385 1.576 0.6530 0.8000
2NBZ 386 1.570 0.6564 0.8125
2NBZ 387 1.564 0.6570 0.8062
2NBZ 388 1.560 0.6590 0.8062
2NBZ 389 1.576 0.6549 0.8000
2NBZ 390 1.582 0.6532 0.8062
2NBZ 391 1.575 0.6552 0.8000
2NBZ 392 1.571 0.6558 0.8062
2NBZ 393 1.591 0.6520 0.8000
2NBZ 394 1.577 0.6548 0.8125
2NBZ 395 1.576 0.6566 0.8062
2NBZ 396 1.574 0.6552 0.8062
2NBZ 397 1.564 0.6595 0.8062
2NBZ 398 1.566 0.6583 0.8062
2NBZ 399 1.582 0.6536 0.8000
2NBZ 400 1.575 0.6561 0.8062
2NBZ 401 1.563 0.6592 0.8125
2NBZ 402 1.577 0.6552 0.8062
2NBZ 403 1.540 0.6640 0.8125
2NBZ 404 1.571 0.6564 0.8062
2NBZ 405 1.571 0.6544 0.8062
2NBZ 406 1.589 0.6521 0.8062
2NBZ 407 1.564 0.6593 0.8000
2NBZ 408 1.592 0.6527 0.8062
2NBZ 409 1.587 0.6534 0.8000
2NBZ 410 1.565 0.6606 0.8000
2NBZ 411 1.610 0.6489 0.8000
2NBZ 412 1.612 0.6505 0.8000
2NBZ 413 1.588 0.6548 0.8125
2NBZ 414 1.620 0.6491 0.8000
2NBZ 415 1.606 0.6501 0.8062
2NBZ 416 1.641 0.6443 0.8000
2NBZ 417 1.608 0.6522 0.8000
2NBZ 418 1.596 0.6534 0.8000
2NBZ 419 1.650 0.6375 0.8000
2NBZ 420 1.628 0.6427 0.7937
2NBZ 421 1.613 0.6490 0.8000
2NBZ 422 1.619 0.6499 0.8000
2NBZ 423 1.672 0.6390 0.7937
2NBZ 424 1.616 0.6519 0.8000
2NBZ 425 1.618 0.6457 0.8000
2NBZ 426 1.643 0.6449 0.8000
2NBZ 427 1.646 0.6434 0.8000
2NBZ 428 1.649 0.6436 0.7937
2NBZ 429 1.639 0.6459 0.8000
2NBZ 430 1.618 0.6485 0.8000
2NBZ 431 1.652 0.6453 0.8062
2NBZ 432 1.635 0.6517 0.8188
2NBZ 433 1.623 0.6532 0.8125
2NBZ 434 1.609 0.6538 0.8062
2NBZ 435 1.673 0.6386 0.8062
2NBZ 436 1.620 0.6449 0.8125
2NBZ 437 1.642 0.6437 0.8062
2NBZ 438 1.630 0.6473 0.8062
2NBZ 439 1.591 0.6569 0.8062
2NBZ 440 1.701 0.6338 0.7937
2NBZ 441 1.630 0.6499 0.8125
2NBZ 442 1.654 0.6498 0.8062
2NBZ 443 1.666 0.6391 0.8000
2NBZ 444 1.640 0.6487 0.8062
2NBZ 445 1.699 0.6343 0.8000
2NBZ 446 1.686 0.6294 0.8000
2NBZ 447 1.657 0.6306 0.8000
2NBZ 448 1.660 0.6305 0.7937
2NBZ 449 1.649 0.6411 0.8062
2NBZ 450 1.671 0.6290 0.8062
2NBZ 451 1.642 0.6399 0.8062
2NBZ 452 1.632 0.6435 0.8062
2NBZ 453 1.626 0.6412 0.8062
2NBZ 454 1.676 0.6317 0.8000
2NBZ 455 1.653 0.6320 0.8000
2NBZ 456 1.651 0.6354 0.8000
2NBZ 457 1.673 0.6382 0.8125
2NBZ 458 1.641 0.6428 0.8000
2NBZ 459 1.698 0.6298 0.7937
2NBZ 460 1.687 0.6380 0.7937
2NBZ 461 1.683 0.6278 0.7937
2NBZ 462 1.706 0.6257 0.8000
2NBZ 463 1.654 0.6454 0.8125
2NBZ 464 1.651 0.6448 0.8062
2NBZ 465 1.731 0.6226 0.8062
2NBZ 466 1.709 0.6367 0.8000
2NBZ 467 1.806 0.6057 0.7813
2NBZ 468 1.822 0.6072 0.7813
2NBZ 469 1.701 0.6410 0.8000
2NBZ 470 1.708 0.6437 0.8062
2NBZ 471 1.743 0.6347 0.8062
2NBZ 472 1.749 0.6212 0.8000
2NBZ 473 1.806 0.6112 0.7813
2NBZ 474 1.826 0.6030 0.7750
2NBZ 475 1.856 0.5969 0.7688
2NBZ 476 1.777 0.6065 0.7813
2NBZ 477 1.858 0.5862 0.7625
2NBZ 478 1.948 0.5631 0.7563
2NBZ 479 1.875 0.5818 0.7625
2NBZ 480 1.870 0.5784 0.7625
2NBZ 481 1.800 0.6151 0.7813
2NBZ 482 1.746 0.6218 0.7937
2NBZ 483 1.726 0.6313 0.7937
2NBZ 484 1.875 0.5922 0.7625
2NBZ 485 1.905 0.5679 0.7500
2NBZ 486 1.925 0.5700 0.7563
2NBZ 487 1.936 0.5701 0.7563
2NBZ 488 1.923 0.5830 0.7625
2NBZ 489 1.879 0.5932 0.7625
2NBZ 490 1.837 0.5934 0.7688
2NBZ 491 1.907 0.5749 0.7563
2NBZ 492 1.961 0.5649 0.7500
2NBZ 493 1.935 0.5737 0.7563
2NBZ 494 1.919 0.5803 0.7625
2NBZ 495 1.914 0.5790 0.7625
2NBZ 496 1.963 0.5645 0.7563
2NBZ 497 1.822 0.5951 0.7625
2NBZ 498 1.852 0.5993 0.7813
2NBZ 499 1.859 0.5829 0.7563
2NBZ 500 1.999 0.5482 0.7500
2NBZ 501 1.944 0.5619 0.7625
2NBZ 502 1.921 0.5635 0.7688
2NBZ 503 1.865 0.5771 0.7750
2NBZ 504 1.862 0.5749 0.7750
2NBZ 505 1.900 0.5619 0.7625
2NBZ 506 1.878 0.5689 0.7625
2NBZ 507 1.823 0.5724 0.7875
2NBZ 508 1.875 0.5654 0.7688
2NBZ 509 1.858 0.5753 0.7750
2NBZ 510 1.919 0.5579 0.7625
2NBZ 511 2.012 0.5490 0.7563
2NBZ 512 2.163 0.5199 0.7312
2NBZ 513 2.070 0.5409 0.7437
2NBZ 514 1.975 0.5561 0.7625
2NBZ 515 2.157 0.5289 0.7437
2NBZ 516 2.042 0.5452 0.7563
2NBZ 517 2.068 0.5581 0.7563
2NBZ 518 2.137 0.5386 0.7437
2NBZ 519 2.168 0.5228 0.7312
2NBZ 520 2.148 0.5357 0.7437
2NBZ 521 2.132 0.5314 0.7500
2NBZ 522 2.206 0.5217 0.7375
2NBZ 523 2.183 0.5297 0.7437
2NBZ 524 2.090 0.5438 0.7437
2NBZ 525 2.028 0.5567 0.7563
2NBZ 526 2.182 0.5221 0.7500
2NBZ 527 2.188 0.5234 0.7437
2NBZ 528 2.133 0.5298 0.7563
2NBZ 529 2.116 0.5236 0.7437
2NBZ 530 2.087 0.5247 0.7563
2NBZ 531 2.093 0.5237 0.7437
2NBZ 532 1.969 0.5493 0.7625
2NBZ 533 2.070 0.5411 0.7563
2NBZ 534 2.085 0.5260 0.7437
2NBZ 535 2.117 0.5324 0.7375
2NBZ 536 2.134 0.5352 0.7500
2NBZ 537 2.134 0.5383 0.7625
2NBZ 538 2.095 0.5496 0.7688
2NBZ 539 2.142 0.5465 0.7375
2NBZ 540 2.097 0.5458 0.7437
2NBZ 541 2.132 0.5478 0.7437
2NBZ 542 2.137 0.5387 0.7563
2NBZ 543 2.141 0.5276 0.7500
2NBZ 544 2.062 0.5529 0.7625
2NBZ 545 2.022 0.5598 0.7563
2NBZ 546 2.073 0.5426 0.7688
2NBZ 547 2.084 0.5516 0.7563
2NBZ 548 2.097 0.5416 0.7563
2NBZ 549 2.135 0.5262 0.7437
2NBZ 550 2.121 0.5323 0.7500
2NBZ 551 2.143 0.5291 0.7375
2NBZ 552 2.127 0.5406 0.7563
2NBZ 553 2.123 0.5371 0.7563
2NBZ 554 2.042 0.5391 0.7563
2NBZ 555 2.058 0.5346 0.7625
2NBZ 556 2.120 0.5252 0.7500
2NBZ 557 2.116 0.5278 0.7375
2NBZ 558 2.090 0.5371 0.7500
2NBZ 559 2.113 0.5335 0.7563
2NBZ 560 2.206 0.5291 0.7437
2NBZ 561 2.091 0.5288 0.7437
2NBZ 562 1.957 0.5592 0.7625
2NBZ 563 2.007 0.5452 0.7625
2NBZ 564 2.134 0.5086 0.7563
2NBZ 565 2.077 0.5165 0.7500
2NBZ 566 2.061 0.5261 0.7688
2NBZ 567 2.089 0.5226 0.7625
2NBZ 568 2.077 0.5319 0.7625
2NBZ 569 2.102 0.5236 0.7500
2NBZ 570 2.043 0.5332 0.7500
2NBZ 571 2.177 0.5187 0.7437
2NBZ 572 2.077 0.5363 0.7563
2NBZ 573 2.081 0.5322 0.7625
2NBZ 574 2.047 0.5528 0.7563
2NBZ 575 2.122 0.5357 0.7563
2NBZ 576 2.144 0.5209 0.7563
2NBZ 577 1.981 0.5363 0.7625
2NBZ 578 2.057 0.5271 0.7688
2NBZ 579 2.171 0.5104 0.7437
2NBZ 580 1.978 0.5393 0.7688
2NBZ 581 2.111 0.5248 0.7563
2NBZ 582 2.235 0.5153 0.7500
2NBZ 583 2.135 0.5169 0.7563
2NBZ 584 2.064 0.5252 0.7500
2NBZ 585 2.189 0.4971 0.7375
2NBZ 586 2.155 0.5230 0.7437
2NBZ 587 2.127 0.5290 0.7437
2NBZ 588 2.124 0.5366 0.7563
2NBZ 589 2.226 0.5105 0.7375
2NBZ 590 2.154 0.5137 0.7437
2NBZ 591 2.295 0.4986 0.7375
2NBZ 592 2.208 0.5245 0.7500
2NBZ 593 2.205 0.5114 0.7375
2NBZ 594 2.195 0.5211 0.7563
2NBZ 595 2.326 0.5007 0.7125
2NBZ 596 2.187 0.5132 0.7437
2NBZ 597 2.243 0.4973 0.7312
2NBZ 598 2.106 0.5219 0.7500
2NBZ 599 2.188 0.5168 0.7437
2NBZ 600 2.283 0.4927 0.7375
2NBZ 601 2.153 0.5184 0.7312
2NBZ 602 2.279 0.5089 0.7437
2NBZ 603 2.304 0.5027 0.7250
2NBZ 604 2.336 0.4960 0.7312
2NBZ 605 2.295 0.4998 0.7437
2NBZ 606 2.307 0.4934 0.7375
2NBZ 607 2.275 0.5138 0.7312
2NBZ 608 2.250 0.5114 0.7375
2NBZ 609 2.231 0.4948 0.7437
2NBZ 610 2.116 0.5131 0.7500
2NBZ 611 2.355 0.4840 0.7312
2NBZ 612 2.341 0.4888 0.7250
2NBZ 613 2.179 0.5092 0.7375
2NBZ 614 2.191 0.5057 0.7500
2NBZ 615 2.259 0.5126 0.7312
2NBZ 616 2.268 0.4857 0.7375
2NBZ 617 2.258 0.5091 0.7437
2NBZ 618 2.315 0.4882 0.7375
2NBZ 619 2.327 0.4928 0.7312
2NBZ 620 2.297 0.5213 0.7312
2NBZ 621 2.320 0.5071 0.7312
2NBZ 622 2.267 0.5023 0.7375
2NBZ 623 2.169 0.5139 0.7312
2NBZ 624 2.064 0.5289 0.7625
2NBZ 625 2.135 0.5121 0.7437
2NBZ 626 2.104 0.5255 0.7500
2NBZ 627 2.105 0.5092 0.7437
2NBZ 628 2.079 0.5239 0.7563
2NBZ 629 2.188 0.5025 0.7375
2NBZ 630 1.995 0.5368 0.7563
2NBZ 631 2.159 0.5166 0.7375
2NBZ 632 2.079 0.5162 0.7500
2NBZ 633 2.051 0.5265 0.7688
2NBZ 634 2.172 0.5152 0.7563
2NBZ 635 2.016 0.5362 0.7563
2NBZ 636 2.071 0.5286 0.7563
2NBZ 637 2.041 0.5481 0.7625
2NBZ 638 2.071 0.5290 0.7563
2NBZ 639 2.046 0.5494 0.7625
2NBZ 640 2.394 0.4926 0.7188
2NBZ 641 2.185 0.5154 0.7563
2NBZ 642 2.129 0.5089 0.7500
2NBZ 643 2.109 0.5300 0.7625
2NBZ 644 2.161 0.5151 0.7312
2NBZ 645 2.141 0.5316 0.7500
2NBZ 646 2.280 0.5054 0.7437
2NBZ 647 2.111 0.5116 0.7563
2NBZ 648 2.088 0.5349 0.7563
2NBZ 649 2.179 0.5173 0.7500
2NBZ 650 2.196 0.5268 0.7625
2NBZ 651 2.020 0.5347 0.7625
2NBZ 652 1.985 0.5526 0.7688
2NBZ 653 2.142 0.5234 0.7625
2NBZ 654 2.074 0.5390 0.7563
2NBZ 655 2.064 0.5388 0.7500
2NBZ 656 2.048 0.5379 0.7625
2NBZ 657 2.115 0.5294 0.7437
2NBZ 658 1.998 0.5311 0.7563
2NBZ 659 2.064 0.5228 0.7500
2NBZ 660 2.101 0.5312 0.7563
2NBZ 661 2.086 0.5164 0.7437
2NBZ 662 1.984 0.5382 0.7563
2NBZ 663 2.097 0.5127 0.7500
2NBZ 664 2.069 0.5373 0.7312
2NBZ 665 2.156 0.5188 0.7188
2NBZ 666 2.030 0.5222 0.7437
2NBZ 667 2.250 0.5072 0.7125
2NBZ 668 2.212 0.5321 0.7563
2NBZ 669 2.251 0.5265 0.7437
2NBZ 670 2.180 0.5268 0.7312
2NBZ 671 2.332 0.4958 0.7250
2NBZ 672 2.274 0.5221 0.7312
2NBZ 673 2.107 0.5361 0.7563
2NBZ 674 2.240 0.4952 0.7250
2NBZ 675 2.228 0.4984 0.7125
2NBZ 676 2.191 0.5155 0.7250
2NBZ 677 2.197 0.5263 0.7500
2NBZ 678 2.236 0.5172 0.7312
2NBZ 679 2.236 0.5036 0.7312
2NBZ 680 2.199 0.5067 0.7375
2NBZ 681 2.137 0.5158 0.7500
2NBZ 682 2.204 0.5126 0.7500
2NBZ 683 2.102 0.5309 0.7375
2NBZ 684 2.232 0.5091 0.7250
2NBZ 685 2.234 0.5153 0.7312
2NBZ 686 2.327 0.5059 0.7500
2NBZ 687 2.302 0.5278 0.7375
2NBZ 688 2.261 0.5314 0.7375
2NBZ 689 2.238 0.5049 0.7312
2NBZ 690 2.522 0.4765 0.7375
2NBZ 691 2.337 0.5060 0.7312
2NBZ 692 2.196 0.5344 0.7375
2NBZ 693 2.227 0.5138 0.7437
2NBZ 694 2.360 0.5086 0.7375
2NBZ 695 2.556 0.5063 0.7312
2NBZ 696 2.349 0.5231 0.7375
2NBZ 697 2.264 0.5065 0.7375
2NBZ 698 2.245 0.5254 0.7437
2NBZ 699 2.436 0.5146 0.7312
2NBZ 700 2.492 0.5028 0.7312
2NBZ 701 2.358 0.5142 0.7375
2NBZ 702 2.392 0.5156 0.7312
2NBZ 703 2.349 0.5326 0.7312
2NBZ 704 2.366 0.4984 0.7312
2NBZ 705 2.558 0.4729 0.7250
2NBZ 706 2.492 0.4871 0.7188
2NBZ 707 2.401 0.5029 0.7312
2NBZ 708 2.365 0.5166 0.7125
2NBZ 709 2.455 0.5006 0.7312
2NBZ 710 2.716 0.4559 0.7063
2NBZ 711 2.454 0.4981 0.7063
2NBZ 712 2.580 0.4849 0.7125
2NBZ 713 2.509 0.5030 0.7063
2NBZ 714 2.427 0.5022 0.7250
2NBZ 715 2.542 0.4883 0.7188
2NBZ 716 2.394 0.5198 0.7250
2NBZ 717 2.440 0.5052 0.7312
2NBZ 718 2.493 0.4981 0.7312
2NBZ 719 2.383 0.5063 0.7188
2NBZ 720 2.486 0.4837 0.7312
2NBZ 721 2.544 0.4689 0.7125
2NBZ 722 2.420 0.4889 0.7188
2NBZ 723 2.328 0.4985 0.7250
2NBZ 724 2.457 0.4927 0.7437
2NBZ 725 2.360 0.4928 0.7437
2NBZ 726 2.323 0.5014 0.7437
2NBZ 727 2.302 0.5046 0.7375
2NBZ 728 2.245 0.5050 0.7500
2NBZ 729 2.414 0.4878 0.7437
2NBZ 730 2.490 0.4759 0.7188
2NBZ 731 2.548 0.4833 0.7312
2NBZ 732 2.448 0.4813 0.7250
2NBZ 733 2.364 0.5139 0.7188
2NBZ 734 2.479 0.5042 0.7375
2NBZ 735 2.332 0.5043 0.7312
2NBZ 736 2.231 0.5157 0.7250
2NBZ 737 2.309 0.4929 0.7312
2NBZ 738 2.498 0.4803 0.7250
2NBZ 739 2.342 0.4978 0.7375
2NBZ 740 2.445 0.4732 0.7250
2NBZ 741 2.361 0.4913 0.7188
2NBZ 742 2.544 0.4686 0.7125
2NBZ 743 2.398 0.4923 0.7063
2NBZ 744 2.423 0.4889 0.7312
2NBZ 745 2.445 0.4857 0.7125
2NBZ 746 2.171 0.5126 0.7563
2NBZ 747 2.392 0.4881 0.7312
2NBZ 748 2.388 0.4799 0.7437
2NBZ 749 2.543 0.4821 0.7312
2NBZ 750 2.413 0.4967 0.7500
2NBZ 751 2.487 0.4960 0.7250
2NBZ 752 2.316 0.5024 0.7375
2NBZ 753 2.282 0.5042 0.7500
2NBZ 754 2.474 0.4810 0.7312
2NBZ 755 2.374 0.4972 0.7312
2NBZ 756 2.694 0.4715 0.7000
2NBZ 757 2.320 0.5146 0.7437
2NBZ 758 2.288 0.4995 0.7500
2NBZ 759 2.430 0.4988 0.7437
2NBZ 760 2.415 0.4887 0.7188
2NBZ 761 2.431 0.4716 0.7063
2NBZ 762 2.339 0.5007 0.7250
2NBZ 763 2.346 0.4988 0.7250
2NBZ 764 2.288 0.5146 0.7188
2NBZ 765 2.396 0.5243 0.7375
2NBZ 766 2.377 0.5067 0.7250
2NBZ 767 2.249 0.5247 0.7375
2NBZ 768 2.253 0.5158 0.7500
2NBZ 769 2.389 0.5055 0.7250
2NBZ 770 2.275 0.5145 0.7188
2NBZ 771 2.473 0.5010 0.7312
2NBZ 772 2.498 0.4908 0.7063
2NBZ 773 2.348 0.4977 0.7375
2NBZ 774 2.291 0.5260 0.7312
2NBZ 775 2.138 0.5394 0.7437
2NBZ 776 2.246 0.5132 0.7312
2NBZ 777 2.286 0.4975 0.7312
2NBZ 778 2.275 0.5055 0.7375
2NBZ 779 2.088 0.5342 0.7375
2NBZ 780 2.036 0.5331 0.7563
2NBZ 781 2.307 0.4888 0.7188
2NBZ 782 2.233 0.5011 0.7437
2NBZ 783 2.109 0.5123 0.7500
2NBZ 784 2.289 0.5158 0.7312
2NBZ 785 2.161 0.5413 0.7500
2NBZ 786 2.053 0.5598 0.7375
2NBZ 787 2.001 0.5719 0.7625
2NBZ 788 2.014 0.5614 0.7500
2NBZ 789 2.002 0.5650 0.7625
2NBZ 790 2.063 0.5336 0.7437
2NBZ 791 2.028 0.5401 0.7500
2NBZ 792 2.305 0.4974 0.7063
2NBZ 793 2.244 0.5077 0.7250
2NBZ 794 2.136 0.5244 0.7375
2NBZ 795 2.229 0.5110 0.7312
2NBZ 796 2.178 0.5261 0.7500
2NBZ 797 2.171 0.5106 0.7375
2NBZ 798 2.335 0.4878 0.7250
2NBZ 799 2.334 0.4964 0.7125
2NBZ 800 2.250 0.4950 0.7250
2NBZ 801 2.311 0.4913 0.7125
2NBZ 802 2.421 0.4786 0.7063
2NBZ 803 2.316 0.4888 0.7250
2NBZ 804 2.285 0.4846 0.7250
2NBZ 805 2.192 0.5031 0.7437
2NBZ 806 2.299 0.4895 0.7188
2NBZ 807 2.569 0.4506 0.6938
2NBZ 808 2.427 0.4706 0.7000
2NBZ 809 2.259 0.5060 0.7437
2NBZ 810 2.317 0.5221 0.7437
2NBZ 811 2.249 0.5054 0.7437
2NBZ 812 2.128 0.5322 0.7688
2NBZ 813 2.333 0.5082 0.7312
2NBZ 814 2.376 0.5125 0.7250
2NBZ 815 2.482 0.4821 0.7063
2NBZ 816 2.607 0.4883 0.7125
2NBZ 817 2.410 0.5005 0.7063
2NBZ 818 2.330 0.4886 0.7250
2NBZ 819 2.575 0.4805 0.6875
2NBZ 820 2.365 0.4820 0.7188
2NBZ 821 2.028 0.5370 0.7563
2NBZ 822 2.119 0.5329 0.7437
2NBZ 823 2.157 0.5298 0.7312
2NBZ 824 2.266 0.5200 0.7250
2NBZ 825 2.441 0.5072 0.7125
2NBZ 826 2.362 0.5168 0.7250
2NBZ 827 2.374 0.4918 0.7250
2NBZ 828 2.203 0.5134 0.7563
2NBZ 829 2.210 0.5054 0.7250
2NBZ 830 2.218 0.4967 0.7375
2NBZ 831 1.932 0.5729 0.7625
2NBZ 832 2.141 0.5185 0.7375
2NBZ 833 2.291 0.5041 0.7375
2NBZ 834 2.278 0.5239 0.7312
2NBZ 835 2.244 0.5134 0.7312
2NBZ 836 2.183 0.5269 0.7312
2NBZ 837 2.062 0.5540 0.7500
2NBZ 838 2.019 0.5563 0.7500
2NBZ 839 2.116 0.5514 0.7500
2NBZ 840 2.317 0.4980 0.7312
2NBZ 841 2.229 0.5087 0.7437
2NBZ 842 2.250 0.5007 0.7250
2NBZ 843 2.208 0.5120 0.7188
2NBZ 844 2.225 0.4982 0.7500
2NBZ 845 2.014 0.5502 0.7437
2NBZ 846 2.030 0.5367 0.7312
2NBZ 847 2.169 0.4919 0.7125
2NBZ 848 2.125 0.5107 0.7125
2NBZ 849 1.922 0.5526 0.7688
2NBZ 850 2.173 0.5286 0.7375
2NBZ 851 2.217 0.4953 0.7312
2NBZ 852 2.128 0.5188 0.7312
2NBZ 853 2.201 0.5221 0.7250
2NBZ 854 2.008 0.5491 0.7563
2NBZ 855 2.353 0.4788 0.7375
2NBZ 856 2.277 0.4991 0.7312
2NBZ 857 2.113 0.5363 0.7250
2NBZ 858 2.138 0.5427 0.7375
2NBZ 859 2.363 0.5159 0.7125
2NBZ 860 2.503 0.4913 0.7250
2NBZ 861 2.214 0.5144 0.7375
2NBZ 862 2.065 0.5622 0.7500
2NBZ 863 2.027 0.5624 0.7500
2NBZ 864 2.299 0.5114 0.7250
2NBZ 865 2.334 0.5035 0.7250
2NBZ 866 2.347 0.5115 0.7375
2NBZ 867 2.132 0.5245 0.7563
2NBZ 868 2.278 0.4972 0.7250
2NBZ 869 2.531 0.4728 0.7125
2NBZ 870 2.360 0.5035 0.7250
2NBZ 871 2.598 0.4903 0.7312
2NBZ 872 2.444 0.5000 0.7188
2NBZ 873 2.267 0.5116 0.7250
2NBZ 874 2.443 0.4785 0.7250
2NBZ 875 2.303 0.5119 0.7500
2NBZ 876 2.253 0.5390 0.7500
2NBZ 877 2.232 0.4979 0.7250
2NBZ 878 2.282 0.4962 0.7250
2NBZ 879 2.348 0.4913 0.7125
2NBZ 880 2.207 0.4997 0.7125
2NBZ 881 2.160 0.5423 0.7375
2NBZ 882 2.153 0.5574 0.7625
2NBZ 883 2.302 0.5333 0.7500
2NBZ 884 2.169 0.5259 0.7375
2NBZ 885 2.187 0.5232 0.7375
2NBZ 886 2.296 0.4918 0.7125
2NBZ 887 2.337 0.4998 0.7188
2NBZ 888 2.195 0.5395 0.7312
2NBZ 889 2.414 0.4988 0.7375
2NBZ 890 2.441 0.4959 0.7500
2NBZ 891 2.302 0.4972 0.7250
2NBZ 892 2.432 0.4980 0.7000
2NBZ 893 2.546 0.4861 0.7125
2NBZ 894 2.475 0.5209 0.7250
2NBZ 895 2.664 0.4787 0.7188
2NBZ 896 2.517 0.5038 0.7125
2NBZ 897 2.420 0.4814 0.7063
2NBZ 898 2.357 0.5002 0.7125
2NBZ 899 2.396 0.5091 0.7250
2NBZ 900 2.426 0.5018 0.7188
2NBZ 901 2.228 0.5289 0.7375
2NBZ 902 2.227 0.5063 0.7250
2NBZ 903 2.297 0.4948 0.7437
2NBZ 904 2.214 0.5261 0.7375
2NBZ 905 2.523 0.4942 0.7250
2NBZ 906 2.248 0.5278 0.7437
2NBZ 907 2.123 0.4996 0.7437
2NBZ 908 2.098 0.5195 0.7437
2NBZ 909 2.371 0.5046 0.7312
2NBZ 910 2.409 0.4792 0.7312
2NBZ 911 2.384 0.4855 0.7312
2NBZ 912 2.292 0.4969 0.7250
2NBZ 913 2.336 0.5132 0.7250
2NBZ 914 2.475 0.4687 0.7250
2NBZ 915 2.387 0.4868 0.7188
2NBZ 916 2.390 0.4977 0.7312
2NBZ 917 2.451 0.4774 0.7250
2NBZ 918 2.301 0.5043 0.7437
2NBZ 919 2.411 0.4955 0.7312
2NBZ 920 2.336 0.4993 0.7250
2NBZ 921 2.222 0.5232 0.7563
2NBZ 922 2.243 0.5154 0.7500
2NBZ 923 2.325 0.5206 0.7375
2NBZ 924 2.228 0.5144 0.7437
2NBZ 925 2.402 0.4938 0.7250
2NBZ 926 2.206 0.5327 0.7563
2NBZ 927 2.159 0.5513 0.7437
2NBZ 928 2.407 0.5164 0.7312
2NBZ 929 2.263 0.5222 0.7250
2NBZ 930 2.166 0.5462 0.7250
2NBZ 931 2.487 0.5023 0.7000
2NBZ 932 2.322 0.5228 0.7250
2NBZ 933 2.187 0.5310 0.7437
2NBZ 934 2.227 0.5503 0.7437
2NBZ 935 2.464 0.4966 0.7312
2NBZ 936 2.116 0.5409 0.7312
2NBZ 937 2.307 0.5229 0.7188
2NBZ 938 2.344 0.5123 0.7250
2NBZ 939 2.243 0.5451 0.7500
2NBZ 940 2.297 0.5145 0.7500
2NBZ 941 2.231 0.5223 0.7500
2NBZ 942 2.158 0.5263 0.7375
2NBZ 943 2.259 0.5139 0.7375
2NBZ 944 2.354 0.4938 0.7375
2NBZ 945 2.257 0.5230 0.7375
2NBZ 946 2.309 0.4809 0.7563
2NBZ 947 2.458 0.4561 0.7188
2NBZ 948 2.241 0.5000 0.7375
2NBZ 949 2.261 0.5096 0.7375
2NBZ 950 2.264 0.5185 0.7375
2NBZ 951 2.213 0.5286 0.7437
2NBZ 952 2.374 0.4972 0.7312
2NBZ 953 2.436 0.4780 0.7312
2NBZ 954 2.241 0.4909 0.7563
2NBZ 955 2.352 0.4911 0.7312
2NBZ 956 2.352 0.4918 0.7312
2NBZ 957 2.310 0.4768 0.7375
2NBZ 958 2.171 0.5023 0.7437
2NBZ 959 2.485 0.4869 0.7063
2NBZ 960 2.320 0.4979 0.7375
2NBZ 961 2.330 0.5127 0.7312
2NBZ 962 2.235 0.5098 0.7312
2NBZ 963 2.277 0.5035 0.7500
2NBZ 964 2.405 0.5138 0.7312
2NBZ 965 2.642 0.4506 0.7063
2NBZ 966 2.336 0.4809 0.7125
2NBZ 967 2.474 0.5111 0.7063
2NBZ 968 2.762 0.4922 0.7063
2NBZ 969 2.635 0.5048 0.7063
2NBZ 970 2.748 0.5135 0.7312
2NBZ 971 2.532 0.5258 0.7188
2NBZ 972 2.628 0.4752 0.7188
2NBZ 973 2.468 0.5282 0.7250
2NBZ 974 2.535 0.5452 0.7312
2NBZ 975 2.577 0.5209 0.7250
2NBZ 976 2.641 0.4979 0.7063
2NBZ 977 2.617 0.5045 0.7125
2NBZ 978 2.794 0.4846 0.7000
2NBZ 979 2.734 0.5069 0.7125
2NBZ 980 2.502 0.4915 0.7125
2NBZ 981 2.584 0.4655 0.7125
2NBZ 982 2.621 0.4608 0.7063
2NBZ 983 2.608 0.4719 0.7063
2NBZ 984 2.541 0.5107 0.7188
2NBZ 985 2.655 0.4731 0.7063
2NBZ 986 2.466 0.4794 0.7250
2NBZ 987 2.312 0.4781 0.7312
2NBZ 988 2.567 0.4447 0.7188
2NBZ 989 2.665 0.4619 0.7063
2NBZ 990 2.821 0.4438 0.6875
2NBZ 991 2.609 0.4991 0.7250
2NBZ 992 2.473 0.4557 0.7063
2NBZ 993 2.627 0.4744 0.7000
2NBZ 994 2.537 0.5068 0.7250
2NBZ 995 2.575 0.4605 0.7125
2NBZ 996 2.457 0.4644 0.7000
2NBZ 997 2.236 0.5040 0.7188
2NBZ 998 2.326 0.4971 0.7125
2NBZ 999 2.459 0.4654 0.7000
2NBZ 1000 2.519 0.4507 0.7063
2NBZ 1001 2.574 0.4443 0.6938
2NBZ 1002 2.558 0.4845 0.7188
2NBZ 1003 2.468 0.4891 0.7125
2NBZ 1004 2.588 0.4641 0.7063
2NBZ 1005 2.535 0.4749 0.7000
2NBZ 1006 2.781 0.4788 0.7063
2NBZ 1007 2.744 0.4664 0.6812
2NBZ 1008 2.443 0.4753 0.7188
2NBZ 1009 2.311 0.5112 0.7188
2NBZ 1010 2.484 0.4541 0.6938
2NBZ 1011 2.445 0.4629 0.7188
2NBZ 1012 2.427 0.4932 0.7188
2NBZ 1013 2.390 0.4736 0.7125
2NBZ 1014 2.259 0.4888 0.7125
2NBZ 1015 2.204 0.5254 0.7312
2NBZ 1016 2.398 0.4937 0.7125
2NBZ 1017 2.382 0.4810 0.7000
2NBZ 1018 2.321 0.5013 0.7188
2NBZ 1019 2.424 0.5085 0.7250
2NBZ 1020 2.515 0.4654 0.7000
2NBZ 1021 2.205 0.5025 0.7250
2NBZ 1022 2.406 0.4729 0.7188
2NBZ 1023 2.642 0.4367 0.6812
2NBZ 1024 2.672 0.4904 0.7063
2NBZ 1025 2.902 0.4671 0.6812
2NBZ 1026 2.757 0.4413 0.6938
2NBZ 1027 2.464 0.4560 0.7125
2NBZ 1028 2.381 0.4896 0.7188
2NBZ 1029 2.479 0.4780 0.7063
2NBZ 1030 2.955 0.4435 0.6875
2NBZ 1031 2.576 0.4760 0.7000
2NBZ 1032 2.466 0.4639 0.6875
2NBZ 1033 2.610 0.4469 0.6750
2NBZ 1034 2.329 0.4729 0.7125
2NBZ 1035 2.554 0.4598 0.7000
2NBZ 1036 2.540 0.4770 0.7063
2NBZ 1037 2.758 0.4287 0.6687
2NBZ 1038 2.583 0.4444 0.6938
2NBZ 1039 2.434 0.4568 0.6875
2NBZ 1040 2.402 0.4721 0.7188
2NBZ 1041 2.409 0.4560 0.7125
2NBZ 1042 2.617 0.4359 0.6875
2NBZ 1043 2.626 0.4686 0.7000
2NBZ 1044 2.520 0.4753 0.7125
2NBZ 1045 2.244 0.5052 0.7312
2NBZ 1046 2.705 0.4150 0.6687
2NBZ 1047 2.724 0.4324 0.6812
2NBZ 1048 2.679 0.4324 0.6875
2NBZ 1049 2.690 0.4245 0.6812
2NBZ 1050 2.528 0.4295 0.6875
2NBZ 1051 2.311 0.4937 0.7250
