2Y95 1 0.000 1.0000 1.0000
2Y95 2 0.619 0.6077 0.9821
2Y95 3 0.567 0.6167 0.9821
2Y95 4 0.786 0.5276 0.9464
2Y95 5 1.025 0.5270 0.9286
2Y95 6 0.631 0.6024 0.9821
2Y95 7 0.634 0.5724 0.9643
2Y95 8 0.673 0.6264 0.9821
2Y95 9 0.505 0.6389 1.0000
2Y95 10 0.411 0.6555 1.0000
2Y95 11 4.343 0.0966 0.5893
2Y95 12 2.439 0.2811 0.7679
2Y95 13 3.946 0.1720 0.5893
2Y95 14 2.769 0.2137 0.7143
2Y95 15 3.151 0.2133 0.6607
2Y95 16 2.457 0.2480 0.8036
2Y95 17 3.432 0.2665 0.6964
2Y95 18 3.687 0.2643 0.6964
2Y95 19 2.454 0.2788 0.7321
2Y95 20 2.345 0.2850 0.7500
2Y95 21 1.971 0.2745 0.8036
2Y95 22 2.417 0.2320 0.7321
2Y95 23 3.454 0.2744 0.6964
2Y95 24 2.435 0.2221 0.7500
2Y95 25 2.218 0.2524 0.7679
2Y95 26 2.022 0.3032 0.7679
2Y95 27 2.466 0.3102 0.7679
2Y95 28 2.299 0.2523 0.8214
2Y95 29 3.608 0.2482 0.7143
2Y95 30 2.510 0.2715 0.7500
2Y95 31 2.746 0.2725 0.7500
2Y95 32 3.458 0.2291 0.6786
2Y95 33 3.432 0.2458 0.7143
2Y95 34 3.837 0.2594 0.6964
2Y95 35 3.421 0.2638 0.6786
2Y95 36 3.204 0.2665 0.6964
2Y95 37 4.037 0.2849 0.6607
2Y95 38 3.428 0.2153 0.6607
2Y95 39 3.502 0.2175 0.6786
2Y95 40 2.095 0.3598 0.7857
2Y95 41 3.628 0.2899 0.7143
2Y95 42 4.249 0.3046 0.6429
2Y95 43 4.027 0.2536 0.6964
2Y95 44 2.540 0.2651 0.7857
2Y95 45 2.148 0.3188 0.7857
2Y95 46 2.594 0.2383 0.7679
2Y95 47 3.540 0.2759 0.6964
2Y95 48 2.393 0.2605 0.7857
2Y95 49 2.209 0.2573 0.7679
2Y95 50 2.005 0.2905 0.8393
2Y95 51 7.715 0.1026 0.4286
2Y95 52 3.677 0.1888 0.6607
2Y95 53 6.552 0.2541 0.5536
2Y95 54 3.090 0.2597 0.6786
2Y95 55 5.748 0.1226 0.5536
2Y95 56 4.946 0.2340 0.6607
2Y95 57 9.671 0.1186 0.4643
2Y95 58 8.476 0.1603 0.4821
2Y95 59 3.661 0.3055 0.6964
2Y95 60 1.858 0.2894 0.7857
2Y95 61 2.239 0.2412 0.7321
2Y95 62 2.891 0.2711 0.7321
2Y95 63 1.947 0.2101 0.7857
2Y95 64 2.386 0.2534 0.7679
2Y95 65 1.991 0.2916 0.8214
2Y95 66 2.345 0.2916 0.7679
2Y95 67 2.779 0.2905 0.7679
2Y95 68 3.491 0.1834 0.6786
2Y95 69 1.987 0.3289 0.8214
2Y95 70 3.285 0.3363 0.6964
2Y95 71 2.286 0.2228 0.7857
2Y95 72 1.943 0.3387 0.8393
2Y95 73 3.349 0.3249 0.7143
2Y95 74 2.957 0.2800 0.7321
2Y95 75 1.996 0.3601 0.8750
2Y95 76 2.569 0.2560 0.7679
2Y95 77 2.637 0.2908 0.7500
2Y95 78 2.883 0.2677 0.7321
2Y95 79 3.400 0.2970 0.7143
2Y95 80 3.317 0.2742 0.6964
2Y95 81 1.949 0.2636 0.8750
2Y95 82 2.297 0.3030 0.7679
2Y95 83 1.998 0.2792 0.8214
2Y95 84 2.023 0.2885 0.8214
2Y95 85 2.107 0.3132 0.7857
2Y95 86 2.983 0.3000 0.6964
2Y95 87 2.133 0.3220 0.8214
2Y95 88 1.834 0.2861 0.8214
2Y95 89 3.342 0.2781 0.7143
2Y95 90 2.705 0.3119 0.7321
2Y95 91 7.412 0.1371 0.4464
2Y95 92 4.811 0.2017 0.5893
2Y95 93 4.519 0.2146 0.5714
2Y95 94 4.598 0.2565 0.6250
2Y95 95 4.070 0.1891 0.6429
2Y95 96 5.857 0.1044 0.5536
2Y95 97 2.919 0.2876 0.7143
2Y95 98 3.573 0.2807 0.6607
2Y95 99 3.014 0.2520 0.7321
2Y95 100 4.788 0.1649 0.5893
2Y95 101 3.809 0.3002 0.6964
2Y95 102 2.918 0.1868 0.7143
2Y95 103 3.385 0.1917 0.6786
2Y95 104 2.703 0.1814 0.7321
2Y95 105 3.039 0.2682 0.7321
2Y95 106 2.564 0.1910 0.7500
2Y95 107 2.949 0.2257 0.7321
2Y95 108 2.031 0.2580 0.7679
2Y95 109 4.798 0.2528 0.6429
2Y95 110 3.172 0.2029 0.7500
2Y95 111 3.507 0.2685 0.6964
2Y95 112 3.334 0.2252 0.6786
2Y95 113 2.381 0.2582 0.7143
2Y95 114 2.973 0.2656 0.6964
2Y95 115 3.970 0.3027 0.6429
2Y95 116 3.673 0.2962 0.6964
2Y95 117 4.204 0.2709 0.7143
2Y95 118 2.534 0.2522 0.7679
2Y95 119 3.765 0.2765 0.6964
2Y95 120 4.042 0.2991 0.6964
2Y95 121 2.936 0.2340 0.7143
2Y95 122 4.022 0.3121 0.6607
2Y95 123 4.239 0.3052 0.6607
2Y95 124 3.632 0.2356 0.6607
2Y95 125 2.566 0.2291 0.7679
2Y95 126 4.011 0.2810 0.6786
2Y95 127 2.447 0.2523 0.7679
2Y95 128 3.948 0.2831 0.6964
2Y95 129 2.630 0.2697 0.7321
2Y95 130 3.203 0.2865 0.7143
2Y95 131 4.645 0.1888 0.5714
2Y95 132 6.432 0.1796 0.5179
2Y95 133 1.778 0.2942 0.8036
2Y95 134 5.032 0.1344 0.5893
2Y95 135 3.243 0.1723 0.6429
2Y95 136 1.932 0.3435 0.8036
2Y95 137 2.219 0.2523 0.7500
2Y95 138 1.926 0.3060 0.8393
2Y95 139 3.936 0.1469 0.6429
2Y95 140 2.224 0.3238 0.7500
2Y95 141 3.831 0.2657 0.6964
2Y95 142 2.686 0.2470 0.7321
2Y95 143 2.041 0.2826 0.8036
2Y95 144 2.225 0.3087 0.7857
2Y95 145 2.273 0.2831 0.7679
2Y95 146 2.001 0.2671 0.8214
2Y95 147 1.875 0.3781 0.8393
2Y95 148 3.046 0.2230 0.6607
2Y95 149 2.133 0.3043 0.7679
2Y95 150 2.345 0.2500 0.7500
2Y95 151 3.365 0.2863 0.7143
2Y95 152 1.778 0.2628 0.8750
2Y95 153 2.668 0.2733 0.7679
2Y95 154 2.038 0.2902 0.8036
2Y95 155 1.562 0.2988 0.8571
2Y95 156 3.086 0.2791 0.7321
2Y95 157 2.289 0.2976 0.8036
2Y95 158 1.963 0.3004 0.8571
2Y95 159 2.525 0.3433 0.7500
2Y95 160 2.836 0.2890 0.7143
2Y95 161 2.141 0.3118 0.8214
2Y95 162 3.279 0.2513 0.6964
2Y95 163 2.676 0.3230 0.7321
2Y95 164 2.036 0.2850 0.8214
2Y95 165 2.117 0.2988 0.8214
2Y95 166 3.867 0.2264 0.6786
2Y95 167 2.020 0.3200 0.8214
2Y95 168 1.923 0.3196 0.8571
2Y95 169 1.976 0.3497 0.8571
2Y95 170 2.421 0.3091 0.7857
2Y95 171 4.363 0.1966 0.5536
2Y95 172 4.319 0.2934 0.6607
2Y95 173 5.165 0.2262 0.6429
2Y95 174 4.612 0.1239 0.5536
2Y95 175 3.815 0.2302 0.6786
2Y95 176 2.246 0.2893 0.7679
2Y95 177 2.468 0.2389 0.7679
2Y95 178 1.851 0.2866 0.8571
2Y95 179 2.337 0.2250 0.7500
2Y95 180 2.004 0.2931 0.8393
2Y95 181 2.087 0.2952 0.8036
2Y95 182 2.533 0.2800 0.7679
2Y95 183 2.013 0.2956 0.8214
2Y95 184 2.827 0.2490 0.7679
2Y95 185 2.682 0.2702 0.7500
2Y95 186 1.982 0.3092 0.8571
2Y95 187 1.996 0.3026 0.7857
2Y95 188 1.855 0.3248 0.8393
2Y95 189 1.996 0.2858 0.7857
2Y95 190 1.943 0.3126 0.8214
2Y95 191 2.151 0.2855 0.8214
2Y95 192 1.733 0.3358 0.8571
2Y95 193 1.996 0.3204 0.8036
2Y95 194 1.770 0.2964 0.8393
2Y95 195 1.792 0.3402 0.8393
2Y95 196 5.828 0.1043 0.5536
2Y95 197 2.221 0.3069 0.7679
2Y95 198 2.177 0.2122 0.8036
2Y95 199 2.648 0.2230 0.6964
2Y95 200 3.290 0.2615 0.6964
2Y95 201 2.099 0.3004 0.8036
2Y95 202 3.542 0.2447 0.6786
2Y95 203 1.740 0.3470 0.8214
2Y95 204 2.257 0.2660 0.7857
2Y95 205 2.976 0.2311 0.6964
2Y95 206 2.601 0.2416 0.7500
2Y95 207 2.116 0.3025 0.8036
2Y95 208 2.717 0.2986 0.7143
2Y95 209 2.470 0.2198 0.7857
2Y95 210 2.118 0.3167 0.8214
2Y95 211 4.637 0.1885 0.6429
2Y95 212 8.604 0.1662 0.3750
2Y95 213 4.921 0.1608 0.5893
2Y95 214 4.617 0.2139 0.6071
2Y95 215 2.615 0.2809 0.7321
2Y95 216 2.810 0.2097 0.7143
2Y95 217 5.312 0.2058 0.5714
2Y95 218 3.521 0.2070 0.6964
2Y95 219 4.271 0.1795 0.6607
2Y95 220 3.252 0.2749 0.7143
2Y95 221 3.792 0.1861 0.6250
2Y95 222 3.861 0.2534 0.7143
2Y95 223 3.743 0.3173 0.6786
2Y95 224 2.920 0.2431 0.7143
2Y95 225 3.855 0.2314 0.6964
2Y95 226 2.482 0.2007 0.7143
2Y95 227 2.402 0.2581 0.7321
2Y95 228 3.820 0.2362 0.6786
2Y95 229 3.136 0.2379 0.6964
2Y95 230 2.822 0.2350 0.6964
2Y95 231 3.699 0.2447 0.6964
2Y95 232 3.036 0.2558 0.7321
2Y95 233 2.333 0.2867 0.7500
2Y95 234 2.194 0.3198 0.7500
2Y95 235 2.630 0.1946 0.7321
2Y95 236 3.190 0.2684 0.6607
2Y95 237 4.063 0.1513 0.6429
2Y95 238 3.498 0.2728 0.6964
2Y95 239 3.611 0.2833 0.6964
2Y95 240 2.609 0.2844 0.7321
2Y95 241 4.191 0.1460 0.6607
2Y95 242 3.055 0.2660 0.7143
2Y95 243 3.116 0.2705 0.6964
2Y95 244 3.268 0.2597 0.7143
2Y95 245 2.458 0.2165 0.7143
2Y95 246 3.795 0.1990 0.6786
2Y95 247 3.964 0.2737 0.6964
2Y95 248 3.481 0.2065 0.6964
2Y95 249 2.918 0.2472 0.6964
2Y95 250 3.266 0.2592 0.6964
2Y95 251 5.332 0.0831 0.5179
2Y95 252 7.656 0.1337 0.5179
2Y95 253 9.121 0.1985 0.5000
2Y95 254 4.104 0.1513 0.6786
2Y95 255 2.276 0.2766 0.7857
2Y95 256 9.078 0.1295 0.4464
2Y95 257 1.846 0.3019 0.8393
2Y95 258 3.304 0.2191 0.6786
2Y95 259 3.878 0.1587 0.6071
2Y95 260 2.176 0.2676 0.8036
2Y95 261 2.232 0.2948 0.7857
2Y95 262 4.533 0.2169 0.6071
2Y95 263 2.260 0.2823 0.7500
2Y95 264 2.722 0.2676 0.7500
2Y95 265 3.606 0.2010 0.6250
2Y95 266 2.541 0.2864 0.8036
2Y95 267 2.447 0.2910 0.7500
2Y95 268 2.084 0.2759 0.8214
2Y95 269 2.456 0.2935 0.8036
2Y95 270 2.019 0.2796 0.8750
2Y95 271 2.092 0.2893 0.7857
2Y95 272 2.039 0.3148 0.8036
2Y95 273 3.201 0.2629 0.6964
2Y95 274 2.349 0.2844 0.7679
2Y95 275 2.089 0.2615 0.7857
2Y95 276 2.835 0.3144 0.7857
2Y95 277 2.343 0.2423 0.7679
2Y95 278 2.016 0.2705 0.8571
2Y95 279 1.925 0.2999 0.8036
2Y95 280 1.856 0.2831 0.8571
2Y95 281 3.607 0.2890 0.7143
2Y95 282 2.067 0.3140 0.8036
2Y95 283 1.640 0.3685 0.8393
2Y95 284 2.093 0.2609 0.8393
2Y95 285 2.520 0.3198 0.7857
2Y95 286 2.190 0.2721 0.8036
2Y95 287 2.127 0.3037 0.7857
2Y95 288 1.649 0.3496 0.8393
2Y95 289 2.411 0.2927 0.7857
2Y95 290 2.129 0.3194 0.7857
2Y95 291 1.240 0.3806 0.9107
2Y95 292 1.330 0.3224 0.9107
2Y95 293 1.511 0.3219 0.8929
2Y95 294 1.459 0.3225 0.9107
2Y95 295 1.452 0.3338 0.8929
2Y95 296 1.484 0.3260 0.8929
2Y95 297 1.513 0.3272 0.8929
2Y95 298 1.509 0.3350 0.8929
2Y95 299 1.479 0.3321 0.8929
2Y95 300 1.520 0.3342 0.8929
2Y95 301 1.506 0.3301 0.8929
2Y95 302 1.515 0.3305 0.8929
2Y95 303 1.517 0.3246 0.8929
2Y95 304 1.509 0.3258 0.8929
2Y95 305 1.512 0.3246 0.8929
2Y95 306 1.511 0.3253 0.8929
2Y95 307 1.527 0.3262 0.8929
2Y95 308 1.520 0.3177 0.8929
2Y95 309 1.523 0.3243 0.8929
2Y95 310 1.495 0.3203 0.8929
2Y95 311 1.518 0.3280 0.8929
2Y95 312 1.503 0.3255 0.8929
2Y95 313 1.525 0.3202 0.8929
2Y95 314 1.521 0.3225 0.8929
2Y95 315 1.506 0.3245 0.8929
2Y95 316 1.484 0.3313 0.8929
2Y95 317 1.485 0.3267 0.8929
2Y95 318 1.506 0.3210 0.8929
2Y95 319 1.522 0.3292 0.8929
2Y95 320 1.476 0.3248 0.8929
2Y95 321 1.462 0.3190 0.8929
2Y95 322 1.472 0.3194 0.8929
2Y95 323 1.500 0.3228 0.8929
2Y95 324 1.513 0.3257 0.8929
2Y95 325 1.521 0.3206 0.8929
2Y95 326 1.520 0.3248 0.8929
2Y95 327 1.532 0.3185 0.8929
2Y95 328 1.515 0.3053 0.8929
2Y95 329 1.510 0.3131 0.8929
2Y95 330 1.521 0.3239 0.8929
2Y95 331 1.489 0.3277 0.8929
2Y95 332 1.519 0.3115 0.8929
2Y95 333 1.528 0.3175 0.8929
2Y95 334 1.556 0.3216 0.8929
2Y95 335 1.518 0.3225 0.8929
2Y95 336 1.466 0.3271 0.8929
2Y95 337 1.462 0.3232 0.8929
2Y95 338 1.474 0.3293 0.8929
2Y95 339 1.488 0.3254 0.8929
2Y95 340 1.507 0.3144 0.8929
2Y95 341 1.463 0.3322 0.8929
2Y95 342 1.516 0.3374 0.8929
2Y95 343 1.493 0.3420 0.8929
2Y95 344 1.480 0.3323 0.8929
2Y95 345 1.425 0.3264 0.8929
2Y95 346 1.436 0.3417 0.8929
2Y95 347 1.400 0.3365 0.8929
2Y95 348 1.416 0.3141 0.8929
2Y95 349 1.454 0.3428 0.9107
2Y95 350 1.441 0.3292 0.8929
2Y95 351 1.445 0.3465 0.8929
2Y95 352 1.465 0.3178 0.8929
2Y95 353 1.438 0.3117 0.8929
2Y95 354 1.400 0.3309 0.9107
2Y95 355 1.460 0.3348 0.8929
2Y95 356 1.428 0.3135 0.9107
2Y95 357 1.431 0.3370 0.8929
2Y95 358 1.458 0.3259 0.8929
2Y95 359 1.440 0.3475 0.9107
2Y95 360 1.387 0.3412 0.8929
2Y95 361 1.407 0.3508 0.8929
2Y95 362 1.437 0.3423 0.9107
2Y95 363 1.450 0.3318 0.9107
2Y95 364 1.432 0.3203 0.9107
2Y95 365 1.409 0.3218 0.9107
2Y95 366 1.432 0.3269 0.8929
2Y95 367 1.445 0.3168 0.8929
2Y95 368 1.470 0.3326 0.8929
2Y95 369 1.441 0.3286 0.8929
2Y95 370 1.395 0.3484 0.9107
2Y95 371 1.437 0.3318 0.9107
2Y95 372 1.443 0.3230 0.8929
2Y95 373 1.440 0.3240 0.8929
2Y95 374 1.403 0.3326 0.9107
2Y95 375 1.392 0.3376 0.9107
2Y95 376 1.464 0.3471 0.9107
2Y95 377 1.454 0.3484 0.8929
2Y95 378 1.505 0.3204 0.9107
2Y95 379 1.433 0.3156 0.8929
2Y95 380 1.397 0.3333 0.8929
2Y95 381 1.351 0.3140 0.9107
2Y95 382 1.372 0.3251 0.9107
2Y95 383 1.347 0.3314 0.9107
2Y95 384 1.359 0.3174 0.9107
2Y95 385 1.378 0.3279 0.8929
2Y95 386 1.329 0.3504 0.9107
2Y95 387 1.340 0.3594 0.9107
2Y95 388 1.327 0.3600 0.9107
2Y95 389 1.340 0.3515 0.8929
2Y95 390 1.274 0.3359 0.9107
2Y95 391 1.348 0.3268 0.9107
2Y95 392 1.337 0.3285 0.9107
2Y95 393 1.375 0.3155 0.9107
2Y95 394 1.427 0.3380 0.9107
2Y95 395 1.505 0.3223 0.9107
2Y95 396 1.416 0.3255 0.9107
2Y95 397 1.437 0.3493 0.9107
2Y95 398 1.317 0.3368 0.9107
2Y95 399 1.311 0.3178 0.9107
2Y95 400 1.243 0.3529 0.9286
2Y95 401 1.270 0.3143 0.9286
2Y95 402 1.220 0.3294 0.9107
2Y95 403 1.211 0.3657 0.9107
2Y95 404 1.193 0.3299 0.9107
2Y95 405 1.226 0.3333 0.9107
2Y95 406 1.205 0.3392 0.9107
2Y95 407 1.198 0.3230 0.9107
2Y95 408 1.209 0.3162 0.9286
2Y95 409 1.308 0.3592 0.9107
2Y95 410 1.387 0.2925 0.9107
2Y95 411 1.328 0.3310 0.9107
2Y95 412 1.220 0.3241 0.9107
2Y95 413 1.183 0.3420 0.9286
2Y95 414 1.220 0.3271 0.9107
2Y95 415 1.198 0.3453 0.9107
2Y95 416 1.176 0.3331 0.9107
2Y95 417 1.258 0.3318 0.8929
2Y95 418 1.250 0.3351 0.9107
2Y95 419 1.157 0.3451 0.9107
2Y95 420 1.173 0.3211 0.9286
2Y95 421 1.214 0.3191 0.9107
2Y95 422 1.295 0.3427 0.8929
2Y95 423 1.168 0.3473 0.9107
2Y95 424 1.172 0.3319 0.9286
2Y95 425 1.207 0.3438 0.9107
2Y95 426 1.345 0.3347 0.8750
2Y95 427 1.258 0.3110 0.9107
2Y95 428 1.355 0.3265 0.8929
2Y95 429 1.382 0.3187 0.8750
2Y95 430 1.417 0.3434 0.8929
2Y95 431 1.335 0.3280 0.9107
2Y95 432 1.322 0.3484 0.9107
2Y95 433 1.301 0.3595 0.9107
2Y95 434 1.452 0.3254 0.8929
2Y95 435 1.325 0.3416 0.9107
2Y95 436 1.385 0.3490 0.8929
2Y95 437 1.403 0.3284 0.8929
2Y95 438 1.406 0.3327 0.8929
2Y95 439 1.363 0.3268 0.9107
2Y95 440 1.312 0.3259 0.8929
2Y95 441 1.421 0.3231 0.8750
2Y95 442 1.395 0.3200 0.9107
2Y95 443 1.447 0.3319 0.8750
2Y95 444 1.443 0.3169 0.8750
2Y95 445 1.451 0.3276 0.8929
2Y95 446 1.410 0.3122 0.9107
2Y95 447 1.320 0.3354 0.9107
2Y95 448 1.416 0.3262 0.8750
2Y95 449 1.387 0.3241 0.9107
2Y95 450 1.320 0.3618 0.9107
2Y95 451 1.219 0.3982 0.9107
2Y95 452 1.341 0.3790 0.9107
2Y95 453 1.344 0.4022 0.9107
2Y95 454 1.262 0.4055 0.9107
2Y95 455 1.280 0.4132 0.9107
2Y95 456 1.272 0.3860 0.9107
2Y95 457 1.234 0.3919 0.9107
2Y95 458 1.330 0.3744 0.8929
2Y95 459 1.284 0.4012 0.9286
2Y95 460 1.291 0.3834 0.9107
2Y95 461 1.300 0.3790 0.9107
2Y95 462 1.328 0.3847 0.9107
2Y95 463 1.304 0.4047 0.9286
2Y95 464 1.258 0.4060 0.9107
2Y95 465 1.300 0.3788 0.9286
2Y95 466 1.276 0.3887 0.9286
2Y95 467 1.347 0.4083 0.9107
2Y95 468 1.380 0.3892 0.9107
2Y95 469 1.305 0.3916 0.9286
2Y95 470 1.278 0.3920 0.9286
2Y95 471 1.333 0.3667 0.9107
2Y95 472 1.231 0.3863 0.9107
2Y95 473 1.315 0.4228 0.9107
2Y95 474 1.280 0.3871 0.9107
2Y95 475 1.341 0.3849 0.9107
2Y95 476 1.224 0.3860 0.9107
2Y95 477 1.280 0.3759 0.9107
2Y95 478 1.230 0.3993 0.9286
2Y95 479 1.277 0.3403 0.8929
2Y95 480 1.388 0.3283 0.8929
2Y95 481 1.377 0.3283 0.9286
2Y95 482 1.385 0.3265 0.8750
2Y95 483 1.354 0.3384 0.9107
2Y95 484 1.312 0.3665 0.9107
2Y95 485 1.289 0.3788 0.9107
2Y95 486 1.387 0.3632 0.8929
2Y95 487 1.375 0.3419 0.9107
2Y95 488 1.311 0.3805 0.8929
2Y95 489 1.346 0.3341 0.8750
2Y95 490 1.381 0.3336 0.8929
2Y95 491 1.274 0.3676 0.8929
2Y95 492 1.359 0.3444 0.8929
2Y95 493 1.322 0.3787 0.8929
2Y95 494 1.279 0.3819 0.8929
2Y95 495 1.396 0.3528 0.8929
2Y95 496 1.404 0.3423 0.8750
2Y95 497 1.287 0.3795 0.8929
2Y95 498 1.410 0.3598 0.8750
2Y95 499 1.387 0.3722 0.8750
2Y95 500 1.381 0.3306 0.8929
2Y95 501 1.421 0.3396 0.8571
2Y95 502 1.457 0.3083 0.8750
2Y95 503 1.405 0.3217 0.8750
2Y95 504 1.386 0.3484 0.8750
2Y95 505 1.380 0.3344 0.8750
2Y95 506 1.316 0.3438 0.8929
2Y95 507 1.365 0.3519 0.8750
2Y95 508 1.381 0.3261 0.8750
2Y95 509 1.314 0.3572 0.8929
2Y95 510 1.456 0.3422 0.8750
2Y95 511 1.406 0.3585 0.8929
2Y95 512 1.389 0.2951 0.8929
2Y95 513 1.417 0.3164 0.8750
2Y95 514 1.421 0.3426 0.8750
2Y95 515 1.396 0.3356 0.8929
2Y95 516 1.384 0.3225 0.8750
2Y95 517 1.388 0.3413 0.8929
2Y95 518 1.407 0.3198 0.8750
2Y95 519 1.389 0.3223 0.8750
2Y95 520 1.352 0.3621 0.8750
2Y95 521 1.316 0.3232 0.8750
2Y95 522 1.347 0.3239 0.8750
2Y95 523 1.352 0.3623 0.8929
2Y95 524 1.393 0.3391 0.8929
2Y95 525 1.372 0.3691 0.8929
2Y95 526 1.368 0.3353 0.8750
2Y95 527 1.444 0.3102 0.8750
2Y95 528 1.456 0.3726 0.8750
2Y95 529 1.357 0.3097 0.8929
2Y95 530 1.299 0.3577 0.8929
2Y95 531 1.375 0.3341 0.8750
2Y95 532 1.422 0.3519 0.8929
2Y95 533 1.370 0.3508 0.8929
2Y95 534 1.420 0.3070 0.8750
2Y95 535 1.449 0.3407 0.8750
2Y95 536 1.425 0.3487 0.8750
2Y95 537 1.353 0.3523 0.8929
2Y95 538 1.406 0.3369 0.8929
2Y95 539 1.314 0.3638 0.9107
2Y95 540 1.429 0.3275 0.8750
2Y95 541 1.397 0.3297 0.8750
2Y95 542 1.404 0.3293 0.8750
2Y95 543 1.431 0.3477 0.8571
2Y95 544 1.355 0.3202 0.8750
2Y95 545 1.379 0.3567 0.8929
2Y95 546 1.388 0.3543 0.8929
2Y95 547 1.389 0.3340 0.8750
2Y95 548 1.495 0.3210 0.8571
2Y95 549 1.483 0.3392 0.8750
2Y95 550 1.446 0.3293 0.8750
2Y95 551 1.322 0.3149 0.8750
2Y95 552 1.398 0.3247 0.8929
2Y95 553 1.282 0.3455 0.9107
2Y95 554 1.336 0.3711 0.8929
2Y95 555 1.362 0.3264 0.8750
2Y95 556 1.230 0.3661 0.8750
2Y95 557 1.212 0.3601 0.8750
2Y95 558 1.241 0.3420 0.8929
2Y95 559 1.435 0.3138 0.8571
2Y95 560 1.535 0.3160 0.8571
2Y95 561 1.385 0.3375 0.8929
2Y95 562 1.405 0.3219 0.8750
2Y95 563 1.475 0.3039 0.8750
2Y95 564 1.435 0.3793 0.8750
2Y95 565 1.376 0.3027 0.8750
2Y95 566 1.353 0.3684 0.8929
2Y95 567 1.464 0.3055 0.8750
2Y95 568 1.484 0.3813 0.8750
2Y95 569 1.484 0.3242 0.8750
2Y95 570 1.423 0.3445 0.8750
2Y95 571 1.329 0.3681 0.8929
2Y95 572 1.422 0.3722 0.8929
2Y95 573 1.533 0.3493 0.8750
2Y95 574 1.276 0.3027 0.8750
2Y95 575 1.445 0.3387 0.8750
2Y95 576 1.303 0.3763 0.8929
2Y95 577 1.403 0.3348 0.8929
2Y95 578 1.392 0.3273 0.8750
2Y95 579 1.340 0.3472 0.9107
2Y95 580 1.462 0.2909 0.8571
2Y95 581 1.352 0.3454 0.8929
2Y95 582 1.479 0.3207 0.8750
2Y95 583 1.457 0.3416 0.8750
2Y95 584 1.344 0.3290 0.8929
2Y95 585 1.538 0.3324 0.8750
2Y95 586 1.450 0.3070 0.8393
2Y95 587 1.393 0.3024 0.8750
2Y95 588 1.339 0.3535 0.8929
2Y95 589 1.312 0.2803 0.8750
2Y95 590 1.407 0.3054 0.8750
2Y95 591 1.396 0.3432 0.8929
2Y95 592 1.220 0.3361 0.9107
2Y95 593 1.450 0.3091 0.8750
2Y95 594 1.384 0.3498 0.8750
2Y95 595 1.337 0.3355 0.8750
2Y95 596 1.335 0.3597 0.8750
2Y95 597 1.362 0.3090 0.8750
2Y95 598 1.462 0.2831 0.8393
2Y95 599 1.347 0.3712 0.8750
2Y95 600 1.482 0.3381 0.8929
2Y95 601 1.241 0.3771 0.8929
2Y95 602 1.355 0.3194 0.8929
2Y95 603 1.273 0.3463 0.8929
2Y95 604 1.426 0.3029 0.8571
2Y95 605 1.254 0.3652 0.8929
2Y95 606 1.409 0.3667 0.8750
2Y95 607 1.439 0.3025 0.8393
2Y95 608 1.405 0.3104 0.8571
2Y95 609 1.282 0.3559 0.8750
2Y95 610 1.348 0.3463 0.8571
2Y95 611 1.279 0.3408 0.8750
2Y95 612 1.387 0.3598 0.8750
2Y95 613 1.408 0.3538 0.8750
2Y95 614 1.407 0.3247 0.8750
2Y95 615 1.310 0.3234 0.8750
2Y95 616 1.434 0.3394 0.8571
2Y95 617 1.385 0.3131 0.8750
2Y95 618 1.374 0.3297 0.8750
2Y95 619 1.392 0.3546 0.8929
2Y95 620 1.317 0.3249 0.8750
2Y95 621 1.449 0.3678 0.8750
2Y95 622 1.235 0.3540 0.8929
2Y95 623 1.130 0.3652 0.8929
2Y95 624 1.327 0.3346 0.8750
2Y95 625 1.467 0.3596 0.8750
2Y95 626 1.228 0.3346 0.8929
2Y95 627 1.389 0.3129 0.8750
2Y95 628 1.510 0.3089 0.8571
2Y95 629 1.239 0.3250 0.8750
2Y95 630 1.398 0.3390 0.8750
2Y95 631 1.335 0.3102 0.8750
2Y95 632 1.205 0.3178 0.8750
2Y95 633 1.236 0.2963 0.8571
2Y95 634 1.340 0.3941 0.8929
2Y95 635 1.466 0.2854 0.8571
2Y95 636 1.384 0.3338 0.8750
2Y95 637 1.350 0.2911 0.8750
2Y95 638 1.347 0.3300 0.8750
2Y95 639 1.366 0.2959 0.8571
2Y95 640 1.439 0.3210 0.8571
2Y95 641 1.337 0.2973 0.8571
2Y95 642 1.319 0.2826 0.8750
2Y95 643 1.448 0.3291 0.8750
2Y95 644 1.426 0.3389 0.8393
2Y95 645 1.318 0.3273 0.8750
2Y95 646 1.384 0.3348 0.8929
2Y95 647 1.287 0.3389 0.8750
2Y95 648 1.254 0.3460 0.8750
2Y95 649 1.476 0.3065 0.8571
2Y95 650 1.356 0.3748 0.8750
2Y95 651 1.378 0.3091 0.8571
2Y95 652 1.285 0.2745 0.8571
2Y95 653 1.261 0.3262 0.8750
2Y95 654 1.310 0.3403 0.8750
2Y95 655 1.526 0.3930 0.8571
2Y95 656 1.382 0.3270 0.8750
2Y95 657 1.232 0.3327 0.8750
2Y95 658 1.234 0.2873 0.8750
2Y95 659 1.282 0.3052 0.8750
2Y95 660 1.308 0.3000 0.8750
2Y95 661 1.316 0.2876 0.8571
2Y95 662 1.373 0.3648 0.8929
2Y95 663 1.453 0.3219 0.8929
2Y95 664 1.371 0.2994 0.8750
2Y95 665 1.213 0.2983 0.8929
2Y95 666 1.227 0.3026 0.8929
2Y95 667 1.195 0.3654 0.8929
2Y95 668 1.268 0.3639 0.9107
2Y95 669 1.225 0.2971 0.8750
2Y95 670 1.356 0.2966 0.8750
2Y95 671 1.160 0.2833 0.8929
2Y95 672 1.216 0.3461 0.8750
2Y95 673 1.208 0.2962 0.8750
2Y95 674 1.243 0.3215 0.8929
2Y95 675 1.239 0.3045 0.8929
2Y95 676 1.273 0.3099 0.8750
2Y95 677 1.364 0.2858 0.8929
2Y95 678 1.391 0.2931 0.8750
2Y95 679 1.369 0.3230 0.8750
2Y95 680 1.410 0.3121 0.8750
2Y95 681 1.421 0.3004 0.8750
2Y95 682 1.382 0.3071 0.8750
2Y95 683 1.466 0.3214 0.8750
2Y95 684 1.280 0.2774 0.8571
2Y95 685 1.280 0.3042 0.8750
2Y95 686 1.249 0.3069 0.8750
2Y95 687 1.182 0.3382 0.8929
2Y95 688 1.188 0.3405 0.8750
2Y95 689 1.456 0.2935 0.8571
2Y95 690 1.397 0.3322 0.8750
2Y95 691 1.177 0.3066 0.8929
2Y95 692 1.031 0.3622 0.9107
2Y95 693 1.199 0.3461 0.8750
2Y95 694 1.340 0.3468 0.8929
2Y95 695 1.239 0.3223 0.8929
2Y95 696 1.314 0.3500 0.9107
2Y95 697 1.372 0.3176 0.9107
2Y95 698 1.184 0.3232 0.8929
2Y95 699 1.062 0.3327 0.9286
2Y95 700 1.266 0.2885 0.8571
2Y95 701 1.114 0.3159 0.9286
2Y95 702 1.191 0.3062 0.8929
2Y95 703 1.165 0.3732 0.9107
2Y95 704 1.156 0.3175 0.8929
2Y95 705 1.017 0.3319 0.9286
2Y95 706 1.435 0.3318 0.8571
2Y95 707 1.241 0.3241 0.8750
2Y95 708 1.443 0.3234 0.8929
2Y95 709 1.341 0.3401 0.8929
2Y95 710 1.039 0.3175 0.9107
2Y95 711 1.162 0.3539 0.8929
2Y95 712 1.420 0.3632 0.8750
2Y95 713 1.450 0.3048 0.8750
2Y95 714 1.221 0.4081 0.8929
2Y95 715 1.386 0.2800 0.8750
2Y95 716 1.258 0.3720 0.8750
2Y95 717 1.598 0.2626 0.8393
2Y95 718 1.614 0.3230 0.8393
2Y95 719 1.809 0.3135 0.8571
2Y95 720 1.450 0.3001 0.8393
2Y95 721 1.576 0.3485 0.8393
2Y95 722 1.366 0.3635 0.8750
2Y95 723 1.357 0.3405 0.8750
2Y95 724 1.520 0.3098 0.8750
2Y95 725 1.482 0.3533 0.8571
2Y95 726 1.495 0.2971 0.8571
2Y95 727 1.359 0.3033 0.8750
2Y95 728 1.539 0.2979 0.8393
2Y95 729 1.642 0.3203 0.8571
2Y95 730 1.354 0.3113 0.8750
2Y95 731 1.586 0.2905 0.8571
2Y95 732 1.877 0.2935 0.8393
2Y95 733 1.803 0.3019 0.8393
2Y95 734 1.665 0.3153 0.8750
2Y95 735 1.644 0.3196 0.8750
2Y95 736 1.810 0.2925 0.8571
2Y95 737 1.411 0.3347 0.8750
2Y95 738 1.497 0.3460 0.8750
2Y95 739 1.397 0.2990 0.8750
2Y95 740 1.478 0.3111 0.8571
2Y95 741 1.520 0.3005 0.8750
2Y95 742 1.440 0.3630 0.8750
2Y95 743 1.447 0.3204 0.8571
2Y95 744 1.648 0.2989 0.8393
2Y95 745 1.781 0.3388 0.8750
2Y95 746 1.579 0.3152 0.8393
2Y95 747 1.282 0.3266 0.8929
2Y95 748 1.564 0.3481 0.8571
2Y95 749 1.678 0.3006 0.8571
2Y95 750 1.598 0.3317 0.8393
2Y95 751 1.783 0.3109 0.8571
2Y95 752 1.561 0.3662 0.8571
2Y95 753 1.567 0.3132 0.8571
2Y95 754 1.572 0.2985 0.8750
2Y95 755 1.292 0.3325 0.8929
2Y95 756 1.554 0.3290 0.8571
2Y95 757 1.693 0.3026 0.8571
2Y95 758 1.569 0.3537 0.8929
2Y95 759 1.756 0.3210 0.8571
2Y95 760 1.531 0.3375 0.9107
2Y95 761 1.673 0.2821 0.8571
2Y95 762 1.688 0.3091 0.8571
2Y95 763 1.534 0.3604 0.8750
2Y95 764 1.519 0.3466 0.8750
2Y95 765 1.861 0.3230 0.8571
2Y95 766 1.678 0.3136 0.8750
2Y95 767 1.598 0.3150 0.8571
2Y95 768 1.394 0.3522 0.8929
2Y95 769 1.684 0.3379 0.8393
2Y95 770 1.881 0.2939 0.8214
2Y95 771 1.685 0.2910 0.8393
2Y95 772 1.706 0.3087 0.8571
2Y95 773 1.639 0.3452 0.8929
2Y95 774 1.365 0.3341 0.8929
2Y95 775 1.440 0.3760 0.8929
2Y95 776 1.553 0.3181 0.8571
2Y95 777 1.883 0.3183 0.8393
2Y95 778 1.651 0.3585 0.8750
2Y95 779 1.727 0.3580 0.8750
2Y95 780 1.633 0.3172 0.8571
2Y95 781 1.724 0.3156 0.8571
2Y95 782 1.645 0.3056 0.8571
2Y95 783 1.597 0.3539 0.8571
2Y95 784 1.648 0.3072 0.8571
2Y95 785 1.820 0.3442 0.8750
2Y95 786 1.595 0.3148 0.8571
2Y95 787 1.727 0.2747 0.8571
2Y95 788 1.854 0.3117 0.8750
2Y95 789 1.672 0.3265 0.8571
2Y95 790 1.694 0.3241 0.8750
2Y95 791 2.019 0.2820 0.8393
2Y95 792 1.350 0.3346 0.8750
2Y95 793 1.705 0.3158 0.8571
2Y95 794 1.646 0.3338 0.8750
2Y95 795 1.517 0.3433 0.8571
2Y95 796 1.654 0.3284 0.8750
2Y95 797 1.636 0.3845 0.8929
2Y95 798 1.676 0.3365 0.8750
2Y95 799 1.744 0.3621 0.8571
2Y95 800 1.664 0.3282 0.8571
2Y95 801 1.614 0.3461 0.8750
2Y95 802 1.526 0.3512 0.9107
2Y95 803 1.623 0.3196 0.9107
2Y95 804 1.594 0.3500 0.8571
2Y95 805 1.702 0.2563 0.8036
2Y95 806 1.319 0.3829 0.8929
2Y95 807 1.172 0.4093 0.8929
2Y95 808 1.112 0.4191 0.9286
2Y95 809 1.246 0.3306 0.8929
2Y95 810 1.709 0.2848 0.8750
2Y95 811 1.296 0.3604 0.8929
2Y95 812 1.580 0.3174 0.8571
2Y95 813 1.427 0.3213 0.8750
2Y95 814 1.502 0.2980 0.8571
2Y95 815 1.476 0.3092 0.8750
2Y95 816 1.545 0.3485 0.8571
2Y95 817 1.549 0.3620 0.8750
2Y95 818 1.591 0.3225 0.8571
2Y95 819 1.484 0.4010 0.8929
2Y95 820 1.424 0.3830 0.8929
2Y95 821 1.346 0.4215 0.9107
2Y95 822 1.588 0.3107 0.8750
2Y95 823 1.494 0.3182 0.8929
2Y95 824 1.545 0.3301 0.8750
2Y95 825 1.406 0.4035 0.9107
2Y95 826 1.471 0.3465 0.8750
2Y95 827 1.814 0.3129 0.8393
2Y95 828 1.666 0.3602 0.8571
2Y95 829 1.635 0.3324 0.8750
2Y95 830 1.422 0.3432 0.8750
2Y95 831 1.641 0.2512 0.8393
2Y95 832 1.746 0.2983 0.8036
2Y95 833 1.727 0.3041 0.8393
2Y95 834 1.530 0.2862 0.8750
2Y95 835 1.465 0.3244 0.8750
2Y95 836 1.364 0.3450 0.8750
2Y95 837 1.552 0.3583 0.8571
2Y95 838 1.460 0.3173 0.8750
2Y95 839 1.659 0.2819 0.8214
2Y95 840 1.487 0.2974 0.8571
2Y95 841 1.572 0.3164 0.8214
2Y95 842 1.470 0.2811 0.8571
2Y95 843 1.361 0.3363 0.8750
2Y95 844 1.451 0.2729 0.8750
2Y95 845 1.512 0.2783 0.8571
2Y95 846 1.459 0.2849 0.8393
2Y95 847 1.194 0.3269 0.9107
2Y95 848 1.610 0.3102 0.8750
2Y95 849 1.512 0.3377 0.8571
2Y95 850 1.542 0.2920 0.8393
2Y95 851 1.607 0.2915 0.8571
2Y95 852 1.450 0.2718 0.8571
2Y95 853 1.663 0.2860 0.8214
2Y95 854 1.474 0.3051 0.8393
2Y95 855 1.452 0.3484 0.8750
2Y95 856 1.357 0.3320 0.8929
2Y95 857 1.460 0.3727 0.8571
2Y95 858 1.489 0.3057 0.8571
2Y95 859 1.607 0.2961 0.8393
2Y95 860 1.358 0.3230 0.8929
2Y95 861 1.481 0.3328 0.8750
2Y95 862 1.203 0.3586 0.9107
2Y95 863 1.384 0.3513 0.8750
2Y95 864 1.444 0.3588 0.8750
2Y95 865 1.675 0.2839 0.8571
2Y95 866 1.451 0.3275 0.8571
2Y95 867 1.674 0.2786 0.8393
2Y95 868 1.654 0.2885 0.8393
2Y95 869 1.341 0.3540 0.8750
2Y95 870 1.352 0.3479 0.8929
2Y95 871 1.160 0.4024 0.9107
2Y95 872 1.569 0.2895 0.8571
2Y95 873 1.273 0.3584 0.9107
2Y95 874 1.440 0.3006 0.8571
2Y95 875 1.657 0.2782 0.8214
2Y95 876 1.656 0.2637 0.8571
2Y95 877 0.861 0.4117 0.9286
2Y95 878 0.875 0.4202 0.9643
2Y95 879 1.784 0.2794 0.8036
2Y95 880 1.394 0.2827 0.8750
2Y95 881 1.559 0.2671 0.8750
2Y95 882 1.398 0.3738 0.8571
2Y95 883 1.413 0.3495 0.9107
2Y95 884 1.791 0.2682 0.8393
2Y95 885 1.290 0.3360 0.8571
2Y95 886 1.388 0.3016 0.8750
2Y95 887 1.228 0.3300 0.8750
2Y95 888 1.309 0.2817 0.8750
2Y95 889 1.518 0.3029 0.8571
2Y95 890 1.720 0.3186 0.8750
2Y95 891 1.400 0.3541 0.8750
2Y95 892 1.134 0.3374 0.9107
2Y95 893 1.343 0.3265 0.8929
2Y95 894 1.064 0.3880 0.9107
2Y95 895 1.443 0.2876 0.8750
2Y95 896 1.376 0.3345 0.8750
2Y95 897 1.528 0.2772 0.8571
2Y95 898 1.137 0.3683 0.9286
2Y95 899 1.451 0.2889 0.8571
2Y95 900 1.630 0.2625 0.8393
2Y95 901 1.509 0.3033 0.8214
2Y95 902 1.345 0.3529 0.8929
2Y95 903 1.754 0.2301 0.8393
2Y95 904 1.064 0.4344 0.9107
2Y95 905 1.383 0.3626 0.8750
2Y95 906 1.231 0.3321 0.8929
2Y95 907 1.170 0.3469 0.9286
2Y95 908 1.674 0.2519 0.8214
2Y95 909 1.600 0.2879 0.8571
2Y95 910 1.209 0.3527 0.9107
2Y95 911 1.331 0.3031 0.8571
2Y95 912 1.722 0.2835 0.8214
2Y95 913 1.555 0.2874 0.8393
2Y95 914 1.606 0.2967 0.8571
2Y95 915 1.704 0.2713 0.8393
2Y95 916 1.563 0.2776 0.8214
2Y95 917 1.297 0.3907 0.8929
2Y95 918 1.278 0.3583 0.8750
2Y95 919 1.508 0.3231 0.8571
2Y95 920 1.539 0.3047 0.8571
2Y95 921 1.284 0.3528 0.8929
2Y95 922 1.538 0.3261 0.8750
2Y95 923 1.342 0.3741 0.8750
2Y95 924 1.613 0.3330 0.8571
2Y95 925 1.254 0.2940 0.8571
2Y95 926 1.608 0.3185 0.8571
2Y95 927 1.352 0.3220 0.9107
2Y95 928 1.322 0.3207 0.8929
2Y95 929 1.400 0.3291 0.8750
2Y95 930 1.365 0.3687 0.8750
2Y95 931 1.444 0.3116 0.8750
2Y95 932 1.348 0.3094 0.8929
2Y95 933 1.290 0.3414 0.8929
2Y95 934 1.493 0.2959 0.8393
2Y95 935 1.300 0.2841 0.8750
2Y95 936 1.475 0.2800 0.8393
2Y95 937 1.356 0.4039 0.8929
2Y95 938 1.626 0.3085 0.8393
2Y95 939 1.614 0.3095 0.8750
2Y95 940 1.369 0.3306 0.8750
2Y95 941 1.618 0.2596 0.8571
2Y95 942 1.342 0.3173 0.8750
2Y95 943 1.507 0.2505 0.8571
2Y95 944 1.823 0.2574 0.8393
2Y95 945 1.441 0.2881 0.8750
2Y95 946 1.528 0.2992 0.8571
2Y95 947 1.640 0.3001 0.8750
2Y95 948 1.324 0.3178 0.8750
2Y95 949 1.152 0.3403 0.9107
2Y95 950 1.714 0.2548 0.8214
2Y95 951 1.633 0.2569 0.8214
2Y95 952 1.817 0.2728 0.8214
2Y95 953 1.555 0.2581 0.8571
2Y95 954 1.625 0.3007 0.8214
2Y95 955 1.579 0.2469 0.8214
2Y95 956 1.724 0.2904 0.8036
2Y95 957 1.534 0.2625 0.8750
2Y95 958 1.293 0.2723 0.8929
2Y95 959 1.383 0.2438 0.8393
2Y95 960 1.770 0.2839 0.8571
2Y95 961 1.654 0.2772 0.8750
2Y95 962 1.381 0.3449 0.8929
2Y95 963 1.716 0.3539 0.8750
2Y95 964 1.631 0.3162 0.8750
2Y95 965 1.677 0.3087 0.8571
2Y95 966 1.713 0.3079 0.8571
2Y95 967 1.448 0.3504 0.8571
2Y95 968 1.687 0.2912 0.8214
2Y95 969 1.420 0.2989 0.8393
2Y95 970 1.508 0.2548 0.8571
2Y95 971 1.566 0.2977 0.8571
2Y95 972 1.554 0.2560 0.8571
2Y95 973 1.431 0.3673 0.8929
2Y95 974 1.492 0.2782 0.8393
2Y95 975 1.361 0.3066 0.8571
2Y95 976 1.299 0.2984 0.8750
2Y95 977 1.541 0.3017 0.8393
2Y95 978 1.646 0.2604 0.8214
2Y95 979 1.313 0.3009 0.8929
2Y95 980 1.684 0.2523 0.8214
2Y95 981 1.382 0.2625 0.8750
2Y95 982 1.626 0.2785 0.8393
2Y95 983 1.696 0.2460 0.8393
2Y95 984 1.783 0.2946 0.8393
2Y95 985 1.568 0.3000 0.8214
2Y95 986 1.617 0.2881 0.8214
2Y95 987 1.566 0.2445 0.8214
2Y95 988 1.316 0.2868 0.8750
2Y95 989 1.475 0.3273 0.8571
2Y95 990 1.336 0.3701 0.8929
2Y95 991 1.230 0.3248 0.8929
2Y95 992 1.687 0.3020 0.8393
2Y95 993 1.089 0.3427 0.9107
2Y95 994 1.417 0.3064 0.8571
2Y95 995 1.330 0.2847 0.8571
2Y95 996 1.575 0.2721 0.8393
2Y95 997 1.561 0.3003 0.8571
2Y95 998 1.560 0.2859 0.8393
2Y95 999 1.491 0.2980 0.8214
2Y95 1000 1.245 0.2840 0.8750
2Y95 1001 1.352 0.2815 0.8571
2Y95 1002 1.343 0.3020 0.8571
2Y95 1003 1.365 0.3444 0.8571
2Y95 1004 1.458 0.2667 0.8571
2Y95 1005 1.444 0.2532 0.8571
2Y95 1006 1.523 0.2840 0.8571
2Y95 1007 1.332 0.2592 0.8571
2Y95 1008 1.468 0.2619 0.8571
2Y95 1009 1.523 0.2965 0.8571
2Y95 1010 1.330 0.2789 0.8929
2Y95 1011 1.562 0.2629 0.8214
2Y95 1012 1.720 0.2785 0.8036
2Y95 1013 1.795 0.2656 0.8393
2Y95 1014 1.775 0.2578 0.8571
2Y95 1015 1.332 0.2657 0.8571
2Y95 1016 1.579 0.2604 0.8214
2Y95 1017 1.655 0.2404 0.8393
2Y95 1018 1.336 0.3165 0.8750
2Y95 1019 1.716 0.2659 0.8393
2Y95 1020 1.339 0.3127 0.9107
2Y95 1021 1.280 0.3259 0.8929
2Y95 1022 1.533 0.3100 0.8571
2Y95 1023 1.569 0.2725 0.8571
2Y95 1024 2.132 0.2763 0.8036
2Y95 1025 1.500 0.3309 0.8750
2Y95 1026 1.538 0.3240 0.8393
2Y95 1027 1.735 0.3445 0.8393
2Y95 1028 1.781 0.3128 0.8571
2Y95 1029 1.474 0.3053 0.8929
2Y95 1030 1.837 0.2413 0.8571
2Y95 1031 1.688 0.3725 0.8929
2Y95 1032 1.713 0.2673 0.8571
2Y95 1033 1.769 0.2697 0.8571
2Y95 1034 1.751 0.2958 0.8750
2Y95 1035 1.866 0.2693 0.8036
2Y95 1036 1.686 0.3273 0.8750
2Y95 1037 1.672 0.4295 0.9107
2Y95 1038 1.607 0.3003 0.8929
2Y95 1039 1.581 0.2886 0.8393
2Y95 1040 1.686 0.3162 0.9107
2Y95 1041 1.698 0.3150 0.8750
2Y95 1042 1.907 0.2979 0.8571
2Y95 1043 1.995 0.2441 0.7857
2Y95 1044 1.598 0.3727 0.8929
2Y95 1045 1.744 0.2424 0.8750
2Y95 1046 1.690 0.2510 0.8214
2Y95 1047 1.848 0.2901 0.8036
2Y95 1048 1.911 0.2856 0.8393
2Y95 1049 1.638 0.3084 0.8750
2Y95 1050 1.642 0.2826 0.8750
2Y95 1051 2.015 0.2534 0.8393
2Y95 1052 1.414 0.3101 0.8750
2Y95 1053 1.612 0.2693 0.8571
2Y95 1054 1.624 0.3554 0.8750
2Y95 1055 1.698 0.3252 0.8750
2Y95 1056 1.916 0.2930 0.8393
2Y95 1057 1.438 0.3317 0.8929
2Y95 1058 1.552 0.2962 0.8750
2Y95 1059 1.787 0.2913 0.8750
2Y95 1060 1.619 0.2968 0.8571
2Y95 1061 1.741 0.2840 0.8214
2Y95 1062 1.753 0.2742 0.8214
2Y95 1063 1.314 0.2951 0.9107
2Y95 1064 1.720 0.3123 0.8393
2Y95 1065 2.019 0.2378 0.7679
2Y95 1066 1.440 0.3501 0.8571
2Y95 1067 1.911 0.2077 0.8036
2Y95 1068 1.769 0.2734 0.8393
2Y95 1069 1.813 0.2476 0.8214
2Y95 1070 1.902 0.3507 0.8571
2Y95 1071 1.569 0.3361 0.8750
2Y95 1072 1.416 0.3513 0.9107
2Y95 1073 1.723 0.3691 0.8571
2Y95 1074 1.449 0.3225 0.8571
2Y95 1075 1.769 0.3108 0.8750
2Y95 1076 1.750 0.3874 0.8571
2Y95 1077 1.832 0.2582 0.8571
2Y95 1078 1.821 0.2798 0.8571
2Y95 1079 1.681 0.2803 0.8750
2Y95 1080 1.961 0.1974 0.7857
2Y95 1081 1.697 0.2444 0.8571
2Y95 1082 1.952 0.3019 0.8214
2Y95 1083 1.769 0.3113 0.8393
2Y95 1084 1.708 0.3304 0.8393
2Y95 1085 1.762 0.3735 0.8571
2Y95 1086 1.657 0.2415 0.8393
2Y95 1087 1.738 0.2946 0.8393
2Y95 1088 1.778 0.3366 0.8214
2Y95 1089 1.422 0.2941 0.9107
2Y95 1090 1.673 0.2977 0.8036
2Y95 1091 1.525 0.2959 0.8393
2Y95 1092 1.765 0.2086 0.8214
2Y95 1093 1.805 0.3220 0.8571
2Y95 1094 1.670 0.2394 0.8571
2Y95 1095 1.805 0.3088 0.8571
2Y95 1096 1.767 0.2708 0.8393
2Y95 1097 1.973 0.3038 0.8393
2Y95 1098 2.044 0.2703 0.8036
2Y95 1099 1.667 0.2666 0.8571
2Y95 1100 1.715 0.3323 0.8929
2Y95 1101 1.767 0.2704 0.8393
2Y95 1102 1.559 0.3419 0.8750
2Y95 1103 1.735 0.2983 0.8214
2Y95 1104 1.655 0.2999 0.8750
2Y95 1105 1.860 0.3190 0.8571
2Y95 1106 1.679 0.2612 0.8214
2Y95 1107 1.861 0.2294 0.8393
2Y95 1108 1.771 0.2674 0.8571
2Y95 1109 1.465 0.3441 0.8571
2Y95 1110 2.157 0.2598 0.7857
2Y95 1111 1.311 0.3674 0.8929
2Y95 1112 1.891 0.3186 0.8571
2Y95 1113 1.897 0.2798 0.8571
2Y95 1114 1.679 0.2600 0.8214
2Y95 1115 1.652 0.2711 0.8214
2Y95 1116 1.876 0.2169 0.8214
2Y95 1117 1.836 0.2698 0.8393
2Y95 1118 1.535 0.2973 0.8750
2Y95 1119 1.381 0.3171 0.8750
2Y95 1120 1.917 0.3020 0.8393
2Y95 1121 1.407 0.3159 0.9107
2Y95 1122 1.798 0.2454 0.8929
2Y95 1123 1.895 0.2998 0.8571
2Y95 1124 1.660 0.3044 0.8393
2Y95 1125 1.756 0.2748 0.8571
2Y95 1126 1.859 0.2616 0.8214
2Y95 1127 2.035 0.2736 0.8214
2Y95 1128 1.851 0.2399 0.8036
2Y95 1129 2.204 0.2588 0.7857
2Y95 1130 2.075 0.2308 0.8036
2Y95 1131 2.223 0.3161 0.7500
2Y95 1132 1.939 0.2547 0.8036
2Y95 1133 2.094 0.2548 0.8214
2Y95 1134 1.821 0.2669 0.8036
2Y95 1135 1.443 0.2893 0.8750
2Y95 1136 1.593 0.2619 0.8214
2Y95 1137 1.480 0.2963 0.8571
2Y95 1138 1.663 0.2676 0.8393
2Y95 1139 1.507 0.2311 0.8393
2Y95 1140 1.544 0.2656 0.8036
2Y95 1141 1.422 0.2856 0.8571
2Y95 1142 1.686 0.2945 0.8571
2Y95 1143 1.794 0.3160 0.8214
2Y95 1144 1.691 0.2386 0.8393
2Y95 1145 1.434 0.2559 0.8571
2Y95 1146 1.347 0.3248 0.8750
2Y95 1147 1.087 0.3856 0.9286
2Y95 1148 1.154 0.2545 0.8750
2Y95 1149 1.418 0.2785 0.8929
2Y95 1150 1.378 0.2248 0.8750
2Y95 1151 1.453 0.1977 0.8393
2Y95 1152 1.423 0.2986 0.8750
2Y95 1153 1.392 0.3107 0.8750
2Y95 1154 1.054 0.4045 0.9107
2Y95 1155 1.473 0.3429 0.8750
2Y95 1156 1.139 0.2642 0.8929
2Y95 1157 1.303 0.2714 0.8750
2Y95 1158 1.400 0.2480 0.8393
2Y95 1159 1.417 0.2544 0.8393
2Y95 1160 1.350 0.2490 0.8571
2Y95 1161 1.349 0.2324 0.8571
2Y95 1162 1.379 0.2304 0.8571
2Y95 1163 1.338 0.2514 0.8929
2Y95 1164 1.248 0.2817 0.8750
2Y95 1165 1.298 0.2548 0.8750
2Y95 1166 1.394 0.2375 0.8393
2Y95 1167 1.359 0.3145 0.8571
2Y95 1168 1.368 0.2719 0.8571
2Y95 1169 1.278 0.2643 0.8929
2Y95 1170 1.366 0.2322 0.8571
2Y95 1171 1.450 0.2091 0.8393
2Y95 1172 1.469 0.2401 0.8393
2Y95 1173 1.439 0.2897 0.8393
2Y95 1174 1.616 0.2587 0.8393
2Y95 1175 1.532 0.2519 0.8750
2Y95 1176 1.409 0.3241 0.8750
2Y95 1177 1.608 0.2377 0.8571
2Y95 1178 1.679 0.2349 0.8571
2Y95 1179 1.565 0.3610 0.8929
2Y95 1180 1.328 0.3061 0.8929
2Y95 1181 1.501 0.2592 0.8750
2Y95 1182 1.484 0.2765 0.8750
2Y95 1183 1.319 0.2969 0.8929
2Y95 1184 1.394 0.2696 0.8571
2Y95 1185 1.539 0.2177 0.8036
2Y95 1186 1.385 0.2416 0.8393
2Y95 1187 1.232 0.2796 0.8929
2Y95 1188 1.365 0.2699 0.8571
2Y95 1189 1.808 0.2656 0.8393
2Y95 1190 1.304 0.3745 0.9107
2Y95 1191 1.678 0.3082 0.8750
2Y95 1192 1.751 0.2263 0.8929
2Y95 1193 1.738 0.2203 0.8214
2Y95 1194 1.750 0.2125 0.8393
2Y95 1195 1.428 0.3230 0.9107
2Y95 1196 1.597 0.3205 0.8750
2Y95 1197 1.389 0.3195 0.8929
2Y95 1198 1.503 0.2829 0.8393
2Y95 1199 1.566 0.3298 0.8929
2Y95 1200 1.865 0.2203 0.8214
2Y95 1201 1.647 0.2107 0.8393
2Y95 1202 1.420 0.2380 0.8571
2Y95 1203 1.559 0.2375 0.8571
2Y95 1204 1.530 0.2725 0.9107
2Y95 1205 1.600 0.2665 0.8393
2Y95 1206 1.520 0.2551 0.8571
2Y95 1207 1.690 0.2274 0.8214
2Y95 1208 1.590 0.2478 0.8750
2Y95 1209 1.545 0.2586 0.8571
2Y95 1210 1.685 0.3021 0.8571
2Y95 1211 1.628 0.2044 0.8036
2Y95 1212 1.569 0.2485 0.8393
2Y95 1213 1.876 0.2668 0.8571
2Y95 1214 1.630 0.2589 0.8214
2Y95 1215 1.445 0.2436 0.8571
2Y95 1216 1.602 0.2381 0.8214
2Y95 1217 1.465 0.2877 0.8571
2Y95 1218 1.619 0.2723 0.8571
2Y95 1219 1.552 0.2552 0.8571
2Y95 1220 1.550 0.2657 0.8750
2Y95 1221 1.628 0.2337 0.8214
2Y95 1222 1.650 0.2330 0.8571
2Y95 1223 1.625 0.2844 0.8393
2Y95 1224 1.359 0.2513 0.8393
2Y95 1225 1.445 0.2935 0.8929
2Y95 1226 1.574 0.3319 0.8571
2Y95 1227 1.799 0.2522 0.8393
2Y95 1228 1.368 0.3431 0.8929
2Y95 1229 1.831 0.2689 0.8393
2Y95 1230 1.541 0.2687 0.8571
2Y95 1231 1.523 0.2909 0.8571
2Y95 1232 1.511 0.2667 0.8571
2Y95 1233 1.615 0.2637 0.8393
2Y95 1234 1.480 0.3360 0.8929
2Y95 1235 1.671 0.2598 0.8571
2Y95 1236 1.423 0.2634 0.8571
2Y95 1237 1.487 0.3108 0.8750
2Y95 1238 1.454 0.3214 0.8750
2Y95 1239 1.278 0.2823 0.8750
2Y95 1240 1.132 0.3558 0.9107
2Y95 1241 1.350 0.2462 0.8571
2Y95 1242 1.703 0.2263 0.8571
2Y95 1243 1.645 0.2882 0.8750
2Y95 1244 1.778 0.2394 0.8571
2Y95 1245 1.591 0.2384 0.8571
2Y95 1246 1.569 0.3083 0.8750
2Y95 1247 1.724 0.2504 0.8571
2Y95 1248 1.640 0.3074 0.8571
2Y95 1249 1.576 0.2859 0.8571
2Y95 1250 1.683 0.2809 0.8393
2Y95 1251 1.752 0.2343 0.8036
2Y95 1252 1.363 0.3054 0.8929
2Y95 1253 1.276 0.3333 0.8750
2Y95 1254 1.517 0.2678 0.8393
2Y95 1255 1.276 0.3500 0.8929
2Y95 1256 1.265 0.2577 0.8571
2Y95 1257 1.339 0.2477 0.8571
2Y95 1258 1.299 0.3002 0.8750
2Y95 1259 1.452 0.2105 0.8214
2Y95 1260 1.513 0.2830 0.8571
2Y95 1261 1.314 0.2550 0.8571
2Y95 1262 1.362 0.2418 0.8214
2Y95 1263 1.326 0.2554 0.8571
2Y95 1264 1.364 0.2262 0.8393
2Y95 1265 1.458 0.2834 0.8571
2Y95 1266 1.411 0.2236 0.8393
2Y95 1267 1.303 0.3522 0.8750
2Y95 1268 1.476 0.2790 0.8393
2Y95 1269 1.457 0.2368 0.8571
2Y95 1270 1.569 0.3002 0.8393
2Y95 1271 1.436 0.2334 0.8393
2Y95 1272 1.390 0.2712 0.8750
2Y95 1273 1.560 0.2445 0.8393
2Y95 1274 1.397 0.2547 0.8750
2Y95 1275 1.428 0.3021 0.8393
2Y95 1276 1.172 0.3112 0.8929
2Y95 1277 1.747 0.2471 0.8214
2Y95 1278 1.531 0.2556 0.8393
2Y95 1279 1.535 0.2823 0.8571
2Y95 1280 1.394 0.2539 0.8571
2Y95 1281 1.367 0.2956 0.8571
2Y95 1282 1.393 0.2820 0.8393
2Y95 1283 1.435 0.3201 0.8571
2Y95 1284 1.479 0.3132 0.8214
2Y95 1285 1.423 0.2917 0.8750
2Y95 1286 1.147 0.2776 0.8929
2Y95 1287 1.320 0.3064 0.8929
2Y95 1288 1.238 0.2830 0.8929
2Y95 1289 1.138 0.3376 0.9107
2Y95 1290 1.360 0.3410 0.8571
2Y95 1291 1.411 0.2951 0.8393
2Y95 1292 1.381 0.3195 0.8750
2Y95 1293 1.389 0.2963 0.8571
2Y95 1294 1.400 0.2872 0.8571
2Y95 1295 1.245 0.3669 0.8750
2Y95 1296 1.500 0.2966 0.8214
2Y95 1297 1.560 0.2751 0.8214
2Y95 1298 1.601 0.2982 0.8036
2Y95 1299 1.402 0.3455 0.8750
2Y95 1300 1.509 0.2276 0.8214
2Y95 1301 1.388 0.2625 0.8929
2Y95 1302 1.339 0.2721 0.8571
2Y95 1303 1.245 0.3544 0.8750
2Y95 1304 1.393 0.2934 0.8929
2Y95 1305 1.307 0.3357 0.8929
2Y95 1306 1.328 0.2758 0.8571
2Y95 1307 1.361 0.2962 0.8571
2Y95 1308 1.396 0.3129 0.8750
2Y95 1309 1.331 0.2829 0.8750
2Y95 1310 1.380 0.3111 0.8929
2Y95 1311 1.318 0.3719 0.8929
2Y95 1312 1.404 0.3237 0.8750
2Y95 1313 1.378 0.3247 0.8750
2Y95 1314 1.157 0.2965 0.9107
2Y95 1315 1.201 0.3176 0.8750
2Y95 1316 1.361 0.3396 0.8929
2Y95 1317 1.729 0.2868 0.8571
2Y95 1318 1.848 0.2620 0.8036
2Y95 1319 1.723 0.2458 0.8036
2Y95 1320 1.533 0.3259 0.8571
2Y95 1321 1.858 0.2455 0.8214
2Y95 1322 2.063 0.2638 0.8036
2Y95 1323 2.133 0.2690 0.7679
2Y95 1324 1.997 0.3144 0.8393
2Y95 1325 2.150 0.2029 0.7857
2Y95 1326 1.750 0.3746 0.8571
2Y95 1327 1.862 0.3260 0.8750
2Y95 1328 1.720 0.3631 0.8571
2Y95 1329 1.643 0.2792 0.8571
2Y95 1330 1.664 0.3179 0.8750
2Y95 1331 1.555 0.2941 0.8036
2Y95 1332 1.490 0.2661 0.8750
2Y95 1333 1.369 0.2711 0.8750
2Y95 1334 1.562 0.2191 0.8036
2Y95 1335 1.175 0.3715 0.9107
2Y95 1336 1.324 0.3551 0.8750
2Y95 1337 1.310 0.3058 0.9107
2Y95 1338 1.247 0.3319 0.8750
2Y95 1339 1.289 0.4150 0.9107
2Y95 1340 1.414 0.3014 0.8571
2Y95 1341 1.249 0.3020 0.8750
2Y95 1342 1.285 0.3022 0.8750
2Y95 1343 1.049 0.3365 0.9286
2Y95 1344 1.329 0.3201 0.8571
2Y95 1345 1.347 0.3006 0.8393
2Y95 1346 1.594 0.2976 0.8571
2Y95 1347 1.319 0.2863 0.8750
2Y95 1348 1.180 0.3783 0.8929
2Y95 1349 1.397 0.2718 0.8571
2Y95 1350 1.307 0.3419 0.9107
2Y95 1351 1.564 0.3139 0.8571
2Y95 1352 1.250 0.3012 0.8750
2Y95 1353 1.512 0.2518 0.8393
2Y95 1354 1.284 0.3480 0.8929
2Y95 1355 1.311 0.3544 0.9107
2Y95 1356 1.389 0.2948 0.8571
2Y95 1357 1.741 0.2746 0.8214
2Y95 1358 1.697 0.2973 0.8393
2Y95 1359 1.662 0.3269 0.8393
2Y95 1360 1.597 0.2535 0.8571
2Y95 1361 1.238 0.2863 0.8571
2Y95 1362 1.242 0.3116 0.8750
2Y95 1363 1.102 0.3620 0.8929
2Y95 1364 1.886 0.2252 0.7679
2Y95 1365 1.423 0.2562 0.8393
2Y95 1366 1.577 0.3143 0.8393
2Y95 1367 1.837 0.2774 0.7857
2Y95 1368 1.479 0.3004 0.8750
2Y95 1369 1.027 0.3582 0.9286
2Y95 1370 1.259 0.2922 0.8929
2Y95 1371 1.188 0.3171 0.8750
2Y95 1372 1.561 0.3160 0.8571
2Y95 1373 1.375 0.4006 0.9107
2Y95 1374 1.607 0.3161 0.8750
2Y95 1375 1.690 0.3314 0.8750
2Y95 1376 1.477 0.2717 0.8571
2Y95 1377 1.443 0.3122 0.8750
2Y95 1378 1.708 0.2652 0.8214
2Y95 1379 1.315 0.3339 0.8571
2Y95 1380 1.637 0.2833 0.8214
2Y95 1381 1.516 0.3566 0.8750
2Y95 1382 1.301 0.3580 0.8750
2Y95 1383 1.380 0.2591 0.8750
2Y95 1384 1.355 0.3135 0.8750
2Y95 1385 1.252 0.3541 0.8571
2Y95 1386 1.254 0.3572 0.8571
2Y95 1387 1.291 0.3891 0.8750
2Y95 1388 1.364 0.2876 0.8571
2Y95 1389 1.365 0.3421 0.8393
2Y95 1390 1.813 0.2168 0.8036
2Y95 1391 1.400 0.2722 0.8571
2Y95 1392 1.413 0.3329 0.8750
2Y95 1393 1.231 0.3405 0.8750
2Y95 1394 1.278 0.3315 0.8750
2Y95 1395 1.489 0.3722 0.8750
2Y95 1396 1.359 0.3325 0.8750
2Y95 1397 1.860 0.2496 0.8036
2Y95 1398 1.550 0.2776 0.8571
2Y95 1399 1.465 0.2751 0.8393
2Y95 1400 1.153 0.3899 0.9107
2Y95 1401 1.434 0.2675 0.8929
2Y95 1402 1.459 0.2918 0.8750
2Y95 1403 1.379 0.2988 0.8750
2Y95 1404 1.295 0.2536 0.8571
2Y95 1405 1.528 0.2742 0.8571
2Y95 1406 1.196 0.3432 0.9107
2Y95 1407 1.173 0.3520 0.8929
2Y95 1408 1.044 0.3147 0.9107
2Y95 1409 1.387 0.3046 0.8750
2Y95 1410 1.550 0.3075 0.8929
2Y95 1411 1.536 0.2570 0.8393
2Y95 1412 1.545 0.3633 0.8929
2Y95 1413 1.320 0.3198 0.8929
2Y95 1414 1.491 0.3534 0.8750
2Y95 1415 1.745 0.2721 0.8571
2Y95 1416 1.352 0.3378 0.8571
2Y95 1417 1.167 0.3423 0.9107
2Y95 1418 1.177 0.3560 0.9107
2Y95 1419 1.009 0.3228 0.9107
2Y95 1420 0.949 0.3312 0.9286
2Y95 1421 1.334 0.2744 0.8571
2Y95 1422 1.881 0.2542 0.8036
2Y95 1423 1.695 0.2680 0.8571
2Y95 1424 1.746 0.3070 0.8214
2Y95 1425 1.509 0.3431 0.8571
2Y95 1426 2.057 0.2418 0.7857
2Y95 1427 1.669 0.2689 0.8393
2Y95 1428 1.661 0.2588 0.8393
2Y95 1429 1.590 0.3228 0.8571
2Y95 1430 1.266 0.4039 0.9107
2Y95 1431 1.563 0.2821 0.8214
2Y95 1432 1.531 0.2661 0.8571
2Y95 1433 1.398 0.2919 0.8929
2Y95 1434 1.407 0.3145 0.8750
2Y95 1435 1.648 0.3210 0.8750
2Y95 1436 1.557 0.2637 0.8571
2Y95 1437 1.325 0.2552 0.8571
2Y95 1438 1.408 0.3198 0.8750
2Y95 1439 1.690 0.2810 0.8571
2Y95 1440 1.417 0.3813 0.8571
2Y95 1441 1.444 0.3284 0.8750
2Y95 1442 1.368 0.1972 0.8571
2Y95 1443 1.606 0.2448 0.8750
2Y95 1444 1.333 0.2937 0.9107
2Y95 1445 1.087 0.3253 0.8929
2Y95 1446 1.462 0.2731 0.8571
2Y95 1447 1.412 0.2984 0.8750
2Y95 1448 1.290 0.3032 0.9107
2Y95 1449 1.302 0.2802 0.8929
2Y95 1450 1.832 0.2374 0.8214
2Y95 1451 1.457 0.2419 0.8393
2Y95 1452 1.501 0.2940 0.8571
2Y95 1453 1.528 0.2393 0.8214
2Y95 1454 1.752 0.3081 0.8214
2Y95 1455 1.735 0.2777 0.8214
2Y95 1456 1.717 0.2547 0.8750
2Y95 1457 1.698 0.2914 0.7857
2Y95 1458 1.611 0.2742 0.8036
2Y95 1459 1.466 0.2544 0.8571
2Y95 1460 1.371 0.2916 0.8571
2Y95 1461 1.980 0.2696 0.7679
2Y95 1462 1.816 0.2947 0.7857
2Y95 1463 1.711 0.2718 0.7857
2Y95 1464 1.804 0.2593 0.8036
2Y95 1465 1.997 0.2516 0.7679
2Y95 1466 1.792 0.2907 0.7857
2Y95 1467 1.833 0.2360 0.7857
2Y95 1468 1.695 0.2451 0.8214
2Y95 1469 1.342 0.2687 0.8571
2Y95 1470 1.250 0.3347 0.8750
2Y95 1471 1.615 0.2506 0.8571
2Y95 1472 1.737 0.2406 0.8214
2Y95 1473 1.363 0.2609 0.8571
2Y95 1474 1.428 0.2766 0.8750
2Y95 1475 1.910 0.2898 0.8214
2Y95 1476 1.158 0.3695 0.9107
2Y95 1477 1.246 0.2471 0.8750
2Y95 1478 1.760 0.2161 0.7857
2Y95 1479 1.731 0.2523 0.8214
2Y95 1480 1.511 0.2829 0.8214
2Y95 1481 1.532 0.2038 0.8393
2Y95 1482 1.705 0.2585 0.8214
2Y95 1483 2.068 0.2309 0.7500
2Y95 1484 1.753 0.2580 0.8036
2Y95 1485 1.576 0.2412 0.8036
2Y95 1486 1.669 0.2634 0.8214
2Y95 1487 1.666 0.2562 0.8214
2Y95 1488 1.510 0.2386 0.8214
2Y95 1489 1.687 0.2331 0.8214
2Y95 1490 1.641 0.2078 0.8036
2Y95 1491 1.614 0.2791 0.8393
2Y95 1492 1.486 0.2431 0.8571
2Y95 1493 1.161 0.3077 0.9107
2Y95 1494 1.915 0.1552 0.7679
2Y95 1495 1.785 0.2350 0.7857
2Y95 1496 1.699 0.2189 0.7679
2Y95 1497 1.577 0.3097 0.8393
2Y95 1498 1.450 0.2145 0.8393
2Y95 1499 1.724 0.2277 0.8214
2Y95 1500 1.625 0.2191 0.8214
2Y95 1501 1.982 0.1728 0.7857
2Y95 1502 1.986 0.2417 0.8214
2Y95 1503 1.779 0.2550 0.8393
2Y95 1504 1.759 0.2540 0.8036
2Y95 1505 1.402 0.2699 0.8393
2Y95 1506 1.495 0.2137 0.8214
2Y95 1507 1.514 0.2045 0.8393
2Y95 1508 1.443 0.2238 0.8393
2Y95 1509 1.270 0.2771 0.8750
2Y95 1510 1.250 0.3139 0.9107
2Y95 1511 1.158 0.4728 0.9107
2Y95 1512 1.434 0.3362 0.8750
2Y95 1513 1.351 0.2950 0.8750
2Y95 1514 1.317 0.3518 0.8750
2Y95 1515 1.377 0.2852 0.8571
2Y95 1516 1.582 0.2896 0.8393
2Y95 1517 1.462 0.3322 0.8571
2Y95 1518 1.529 0.3644 0.8750
2Y95 1519 1.681 0.3229 0.8929
2Y95 1520 1.383 0.3078 0.8571
2Y95 1521 1.344 0.2508 0.8571
2Y95 1522 1.705 0.2251 0.8393
2Y95 1523 1.586 0.2680 0.8750
2Y95 1524 1.168 0.3364 0.9107
2Y95 1525 1.340 0.3340 0.8750
2Y95 1526 1.182 0.2913 0.9107
2Y95 1527 1.663 0.2409 0.8214
2Y95 1528 1.697 0.2371 0.8393
2Y95 1529 1.741 0.2223 0.7857
2Y95 1530 1.433 0.2122 0.8571
2Y95 1531 1.466 0.2653 0.8393
2Y95 1532 0.949 0.3457 0.9464
2Y95 1533 0.970 0.4496 0.9107
2Y95 1534 1.668 0.2531 0.8571
2Y95 1535 1.778 0.2876 0.8929
2Y95 1536 1.691 0.2553 0.8393
2Y95 1537 1.413 0.2551 0.8214
2Y95 1538 1.372 0.3134 0.8750
2Y95 1539 1.363 0.3263 0.8750
2Y95 1540 1.620 0.2389 0.8214
2Y95 1541 1.978 0.2781 0.8214
2Y95 1542 1.366 0.2847 0.8393
2Y95 1543 1.188 0.2910 0.8750
2Y95 1544 1.642 0.2638 0.8393
2Y95 1545 1.227 0.2677 0.8750
2Y95 1546 1.757 0.2573 0.8214
2Y95 1547 1.695 0.3621 0.8750
2Y95 1548 2.331 0.2315 0.7857
2Y95 1549 2.278 0.2386 0.8036
2Y95 1550 1.807 0.2838 0.8571
2Y95 1551 2.202 0.2589 0.8214
2Y95 1552 1.995 0.2085 0.7857
2Y95 1553 2.129 0.2414 0.7857
2Y95 1554 1.940 0.2103 0.7857
2Y95 1555 2.171 0.2740 0.8393
2Y95 1556 2.180 0.2118 0.7679
2Y95 1557 1.924 0.2358 0.8036
2Y95 1558 1.803 0.2443 0.8393
2Y95 1559 1.789 0.3120 0.8750
2Y95 1560 1.661 0.2486 0.8214
2Y95 1561 1.656 0.3036 0.8750
2Y95 1562 1.685 0.2520 0.8214
2Y95 1563 1.889 0.3383 0.8036
2Y95 1564 2.023 0.2093 0.8036
2Y95 1565 2.305 0.2321 0.8214
2Y95 1566 1.792 0.2900 0.8393
2Y95 1567 1.604 0.2140 0.8214
2Y95 1568 1.556 0.2551 0.8571
2Y95 1569 1.779 0.3181 0.8750
2Y95 1570 1.697 0.2530 0.8393
2Y95 1571 1.711 0.2614 0.8750
2Y95 1572 1.995 0.1978 0.8036
2Y95 1573 1.840 0.2765 0.8571
2Y95 1574 1.967 0.2542 0.8036
2Y95 1575 1.758 0.2578 0.8571
2Y95 1576 1.539 0.2880 0.8750
2Y95 1577 1.769 0.3158 0.9107
2Y95 1578 1.464 0.2960 0.8929
2Y95 1579 1.495 0.2717 0.8750
2Y95 1580 1.956 0.2994 0.8036
2Y95 1581 1.398 0.3640 0.8571
2Y95 1582 1.463 0.2234 0.8393
2Y95 1583 1.817 0.2275 0.7857
2Y95 1584 1.332 0.2505 0.8214
2Y95 1585 2.010 0.2032 0.7857
2Y95 1586 1.780 0.3056 0.8571
2Y95 1587 1.695 0.3397 0.8929
2Y95 1588 1.858 0.2384 0.8214
2Y95 1589 1.386 0.2906 0.8750
2Y95 1590 1.666 0.2749 0.7857
2Y95 1591 1.803 0.1950 0.8214
2Y95 1592 1.582 0.2086 0.8214
2Y95 1593 1.444 0.2048 0.8214
2Y95 1594 1.411 0.2983 0.8750
2Y95 1595 1.648 0.2460 0.8571
2Y95 1596 1.341 0.2839 0.8571
2Y95 1597 1.559 0.3712 0.9107
2Y95 1598 1.901 0.3687 0.8929
2Y95 1599 1.814 0.2697 0.8571
2Y95 1600 1.644 0.2717 0.8571
2Y95 1601 1.693 0.2557 0.8214
2Y95 1602 2.124 0.2918 0.8036
2Y95 1603 1.944 0.2855 0.8393
2Y95 1604 1.552 0.2480 0.8214
2Y95 1605 1.819 0.1938 0.7857
2Y95 1606 1.812 0.2957 0.8571
2Y95 1607 1.488 0.3347 0.8929
2Y95 1608 1.423 0.4397 0.9107
2Y95 1609 1.651 0.3153 0.8750
2Y95 1610 2.320 0.2887 0.8571
2Y95 1611 1.925 0.3260 0.8750
2Y95 1612 2.234 0.1912 0.8036
2Y95 1613 2.140 0.2323 0.8036
2Y95 1614 2.466 0.2525 0.7857
2Y95 1615 2.123 0.2350 0.7857
2Y95 1616 2.106 0.2256 0.8036
2Y95 1617 1.704 0.1962 0.7679
2Y95 1618 1.392 0.3059 0.8929
2Y95 1619 1.581 0.3067 0.9107
2Y95 1620 1.696 0.2455 0.8750
2Y95 1621 1.671 0.2536 0.8393
2Y95 1622 1.698 0.3869 0.8750
2Y95 1623 1.861 0.2439 0.8393
2Y95 1624 1.779 0.2896 0.8571
2Y95 1625 1.306 0.3046 0.8750
2Y95 1626 2.037 0.3220 0.8750
2Y95 1627 1.803 0.2370 0.8036
2Y95 1628 1.725 0.2661 0.8214
2Y95 1629 1.810 0.3195 0.8036
2Y95 1630 1.797 0.2702 0.8214
2Y95 1631 1.955 0.2598 0.8214
2Y95 1632 1.918 0.2902 0.8214
2Y95 1633 1.783 0.2684 0.8571
2Y95 1634 1.866 0.2582 0.8393
2Y95 1635 1.497 0.3076 0.8750
2Y95 1636 1.657 0.2826 0.8393
2Y95 1637 1.356 0.3403 0.9286
2Y95 1638 1.661 0.2549 0.8036
2Y95 1639 1.432 0.2768 0.8929
2Y95 1640 1.520 0.2592 0.8393
2Y95 1641 1.602 0.2289 0.8214
2Y95 1642 1.892 0.2519 0.8393
2Y95 1643 1.766 0.2381 0.8036
2Y95 1644 1.625 0.2096 0.7857
2Y95 1645 1.571 0.1922 0.8036
2Y95 1646 1.690 0.2340 0.8214
2Y95 1647 1.965 0.3222 0.8214
2Y95 1648 1.970 0.2600 0.8036
2Y95 1649 1.596 0.2394 0.8571
2Y95 1650 1.564 0.2543 0.8036
2Y95 1651 1.886 0.2790 0.8571
2Y95 1652 1.768 0.2640 0.8750
2Y95 1653 1.902 0.2560 0.8393
2Y95 1654 1.495 0.2771 0.8750
2Y95 1655 2.091 0.2281 0.8036
2Y95 1656 1.560 0.3097 0.8750
2Y95 1657 1.245 0.2517 0.8393
2Y95 1658 1.348 0.2803 0.8571
2Y95 1659 1.262 0.3608 0.9107
2Y95 1660 1.411 0.2588 0.8571
2Y95 1661 1.585 0.3417 0.8750
2Y95 1662 1.458 0.3219 0.8750
2Y95 1663 1.318 0.3627 0.9107
2Y95 1664 1.324 0.3396 0.8750
2Y95 1665 1.794 0.3364 0.8750
2Y95 1666 1.381 0.3760 0.9107
2Y95 1667 1.313 0.3500 0.8750
2Y95 1668 1.387 0.3444 0.9107
2Y95 1669 1.425 0.2902 0.8571
2Y95 1670 1.711 0.2189 0.8214
2Y95 1671 1.220 0.2648 0.9107
2Y95 1672 1.688 0.2087 0.8214
2Y95 1673 1.595 0.2773 0.8750
2Y95 1674 1.632 0.2597 0.8571
2Y95 1675 1.829 0.2306 0.8036
2Y95 1676 1.532 0.2278 0.8393
2Y95 1677 1.368 0.2631 0.8750
2Y95 1678 1.705 0.2443 0.8393
2Y95 1679 1.510 0.1974 0.8214
2Y95 1680 1.377 0.2773 0.8750
2Y95 1681 1.590 0.2397 0.8571
2Y95 1682 1.699 0.2355 0.8036
2Y95 1683 2.005 0.2286 0.8036
2Y95 1684 1.957 0.1939 0.8036
2Y95 1685 1.815 0.2579 0.8393
2Y95 1686 1.666 0.1924 0.8393
2Y95 1687 1.799 0.2515 0.8214
2Y95 1688 1.811 0.2028 0.8036
2Y95 1689 1.975 0.2446 0.8571
2Y95 1690 1.531 0.3018 0.8929
2Y95 1691 1.385 0.2408 0.8750
2Y95 1692 1.433 0.2600 0.8393
2Y95 1693 1.659 0.2366 0.8214
2Y95 1694 1.564 0.2472 0.8571
2Y95 1695 1.639 0.2534 0.8750
2Y95 1696 1.669 0.1994 0.8214
2Y95 1697 1.609 0.2284 0.8571
2Y95 1698 1.615 0.2948 0.8571
2Y95 1699 1.598 0.2493 0.8571
2Y95 1700 1.363 0.2947 0.9107
2Y95 1701 1.519 0.2600 0.8393
2Y95 1702 1.533 0.3100 0.8571
2Y95 1703 1.761 0.2352 0.8393
2Y95 1704 1.834 0.2046 0.7857
2Y95 1705 1.602 0.2292 0.8571
2Y95 1706 1.863 0.2368 0.7857
2Y95 1707 1.664 0.1930 0.8036
2Y95 1708 1.521 0.2091 0.8393
2Y95 1709 1.532 0.2275 0.8571
2Y95 1710 1.397 0.3136 0.8750
2Y95 1711 1.446 0.2319 0.8571
2Y95 1712 1.905 0.2008 0.7679
2Y95 1713 1.993 0.2494 0.7857
2Y95 1714 1.879 0.2129 0.8393
2Y95 1715 1.854 0.2666 0.8214
2Y95 1716 1.715 0.2952 0.8571
2Y95 1717 1.748 0.3223 0.8750
2Y95 1718 2.095 0.2212 0.8036
2Y95 1719 1.999 0.2743 0.8393
2Y95 1720 2.242 0.2812 0.8214
2Y95 1721 1.811 0.2223 0.8214
2Y95 1722 2.214 0.2329 0.8036
2Y95 1723 2.237 0.2563 0.8214
2Y95 1724 1.854 0.2625 0.8036
2Y95 1725 1.534 0.2393 0.8393
2Y95 1726 1.374 0.2820 0.8750
2Y95 1727 2.042 0.2375 0.8393
2Y95 1728 1.848 0.2316 0.8036
2Y95 1729 1.379 0.2434 0.8571
2Y95 1730 2.146 0.1858 0.7679
2Y95 1731 1.444 0.2250 0.8214
2Y95 1732 1.670 0.1762 0.8214
2Y95 1733 1.542 0.1904 0.8214
2Y95 1734 1.338 0.2688 0.8750
2Y95 1735 1.636 0.2589 0.8393
2Y95 1736 1.675 0.2678 0.8750
2Y95 1737 1.437 0.2342 0.8571
2Y95 1738 1.915 0.2596 0.8571
2Y95 1739 1.733 0.2345 0.8393
2Y95 1740 1.977 0.2379 0.8036
2Y95 1741 2.047 0.2841 0.8214
2Y95 1742 2.070 0.2284 0.8214
2Y95 1743 2.187 0.2138 0.7857
2Y95 1744 2.421 0.2403 0.8214
2Y95 1745 2.605 0.2014 0.7679
2Y95 1746 1.755 0.2033 0.8214
2Y95 1747 1.703 0.3095 0.8929
2Y95 1748 2.067 0.2528 0.8393
2Y95 1749 1.647 0.3588 0.8929
2Y95 1750 1.671 0.2190 0.8214
2Y95 1751 2.217 0.2277 0.7500
2Y95 1752 2.198 0.3827 0.8571
2Y95 1753 1.330 0.2938 0.8750
2Y95 1754 2.130 0.2404 0.7857
2Y95 1755 1.766 0.2569 0.8393
2Y95 1756 2.310 0.2262 0.7679
2Y95 1757 1.865 0.2471 0.8214
2Y95 1758 1.852 0.2262 0.8036
2Y95 1759 1.747 0.2678 0.8036
2Y95 1760 1.783 0.2602 0.8393
2Y95 1761 1.634 0.2692 0.8750
2Y95 1762 1.730 0.2857 0.8571
2Y95 1763 1.481 0.3030 0.8750
2Y95 1764 1.755 0.2436 0.8571
2Y95 1765 1.766 0.2623 0.8571
2Y95 1766 2.233 0.1932 0.8214
2Y95 1767 1.373 0.2666 0.8571
2Y95 1768 1.711 0.2943 0.9107
2Y95 1769 1.606 0.2519 0.8750
2Y95 1770 1.875 0.2210 0.8036
2Y95 1771 1.871 0.2270 0.8036
2Y95 1772 2.296 0.2918 0.8214
2Y95 1773 2.265 0.2737 0.8393
2Y95 1774 1.903 0.2580 0.8393
2Y95 1775 2.212 0.3361 0.8393
2Y95 1776 2.619 0.1765 0.7321
2Y95 1777 1.757 0.2473 0.8571
2Y95 1778 2.308 0.2241 0.7857
2Y95 1779 1.562 0.2096 0.8214
2Y95 1780 1.644 0.2732 0.8393
2Y95 1781 1.398 0.3011 0.8929
2Y95 1782 1.857 0.2706 0.8393
2Y95 1783 1.737 0.1968 0.8393
2Y95 1784 1.742 0.1832 0.8036
2Y95 1785 1.772 0.2174 0.8036
2Y95 1786 1.649 0.2335 0.8214
2Y95 1787 1.728 0.2394 0.8393
2Y95 1788 1.873 0.2591 0.7857
2Y95 1789 1.897 0.2541 0.8036
2Y95 1790 1.824 0.2148 0.8214
2Y95 1791 1.860 0.2131 0.8393
2Y95 1792 2.002 0.2017 0.8036
2Y95 1793 2.127 0.1607 0.7500
2Y95 1794 1.874 0.2388 0.8036
2Y95 1795 2.143 0.2515 0.7857
2Y95 1796 2.043 0.2686 0.7857
2Y95 1797 2.456 0.2610 0.7143
2Y95 1798 2.356 0.2629 0.7500
2Y95 1799 2.214 0.2453 0.7857
2Y95 1800 1.970 0.2555 0.8393
2Y95 1801 2.431 0.2223 0.7500
2Y95 1802 1.768 0.2561 0.8214
2Y95 1803 1.797 0.2993 0.8571
2Y95 1804 2.151 0.2591 0.7679
2Y95 1805 1.760 0.2906 0.8750
2Y95 1806 2.048 0.2037 0.8036
2Y95 1807 2.172 0.2003 0.7679
2Y95 1808 2.204 0.2487 0.8036
2Y95 1809 2.334 0.2351 0.7857
2Y95 1810 1.976 0.2551 0.8214
2Y95 1811 2.160 0.2498 0.8214
2Y95 1812 2.073 0.2423 0.8214
2Y95 1813 1.932 0.2705 0.8393
2Y95 1814 2.309 0.2398 0.7500
2Y95 1815 2.221 0.2592 0.8214
2Y95 1816 1.771 0.2891 0.8929
2Y95 1817 2.017 0.1920 0.7857
2Y95 1818 1.931 0.2300 0.7857
2Y95 1819 1.719 0.2079 0.8571
2Y95 1820 2.280 0.2089 0.8214
2Y95 1821 1.940 0.2897 0.8571
2Y95 1822 2.103 0.2455 0.7857
2Y95 1823 2.184 0.2325 0.8393
2Y95 1824 1.452 0.3075 0.8929
2Y95 1825 1.319 0.4293 0.9643
2Y95 1826 1.708 0.3322 0.8750
2Y95 1827 1.741 0.3140 0.8571
2Y95 1828 1.618 0.3793 0.8929
2Y95 1829 1.469 0.2710 0.8750
2Y95 1830 1.863 0.3317 0.8571
2Y95 1831 2.135 0.2223 0.7857
2Y95 1832 1.922 0.2700 0.8214
2Y95 1833 1.978 0.2245 0.7857
2Y95 1834 2.273 0.2816 0.7857
2Y95 1835 2.055 0.1858 0.8036
2Y95 1836 1.755 0.3175 0.8929
2Y95 1837 1.919 0.2521 0.8393
2Y95 1838 2.142 0.2638 0.7679
2Y95 1839 1.812 0.3090 0.8750
2Y95 1840 1.867 0.3314 0.8750
2Y95 1841 2.055 0.2528 0.8393
2Y95 1842 2.057 0.3180 0.8571
2Y95 1843 2.310 0.2797 0.8571
2Y95 1844 2.057 0.3153 0.8929
2Y95 1845 1.792 0.3674 0.9107
2Y95 1846 2.130 0.3212 0.8571
2Y95 1847 1.827 0.3207 0.8571
2Y95 1848 1.839 0.2891 0.8571
2Y95 1849 2.255 0.2952 0.8036
2Y95 1850 2.256 0.2565 0.8036
2Y95 1851 2.302 0.2206 0.7679
2Y95 1852 2.071 0.2759 0.8214
2Y95 1853 2.040 0.2017 0.7857
2Y95 1854 1.792 0.2444 0.8393
2Y95 1855 2.050 0.2788 0.8214
2Y95 1856 2.087 0.3245 0.8750
2Y95 1857 1.944 0.2498 0.8393
2Y95 1858 1.702 0.3895 0.8929
2Y95 1859 1.867 0.2788 0.8393
2Y95 1860 1.743 0.3548 0.8929
2Y95 1861 1.831 0.2843 0.8571
2Y95 1862 2.033 0.3648 0.8393
2Y95 1863 1.775 0.3118 0.8750
2Y95 1864 1.715 0.2862 0.8750
2Y95 1865 1.783 0.2676 0.8929
2Y95 1866 1.711 0.3201 0.8929
2Y95 1867 2.270 0.2477 0.8393
2Y95 1868 1.864 0.3581 0.8750
2Y95 1869 1.627 0.3103 0.8750
2Y95 1870 1.992 0.2647 0.8571
2Y95 1871 1.575 0.3248 0.8929
2Y95 1872 1.903 0.2812 0.8214
2Y95 1873 2.179 0.3361 0.8393
2Y95 1874 1.838 0.3335 0.8393
2Y95 1875 1.833 0.3292 0.8571
2Y95 1876 1.869 0.3089 0.8214
2Y95 1877 1.968 0.2532 0.8214
2Y95 1878 1.997 0.2402 0.8036
2Y95 1879 1.884 0.2653 0.8571
2Y95 1880 1.499 0.2725 0.8750
2Y95 1881 1.591 0.2264 0.8571
2Y95 1882 1.332 0.2593 0.8571
2Y95 1883 1.458 0.2492 0.8393
2Y95 1884 1.877 0.2367 0.8036
2Y95 1885 2.109 0.2770 0.8214
2Y95 1886 2.296 0.2311 0.7857
2Y95 1887 1.730 0.2732 0.8571
2Y95 1888 1.519 0.2905 0.8750
2Y95 1889 1.676 0.2241 0.8393
2Y95 1890 1.104 0.2475 0.9286
2Y95 1891 1.712 0.2611 0.8393
2Y95 1892 1.683 0.2426 0.8571
2Y95 1893 1.763 0.1834 0.8214
2Y95 1894 1.607 0.2501 0.8750
2Y95 1895 1.895 0.2804 0.8214
2Y95 1896 1.603 0.2809 0.8393
2Y95 1897 1.677 0.2656 0.8214
2Y95 1898 1.613 0.2379 0.8393
2Y95 1899 1.791 0.2229 0.8393
2Y95 1900 1.659 0.2407 0.8393
2Y95 1901 1.427 0.2307 0.8393
2Y95 1902 1.970 0.2741 0.8393
2Y95 1903 1.745 0.1944 0.8036
2Y95 1904 2.377 0.2394 0.8393
2Y95 1905 2.018 0.3087 0.8750
2Y95 1906 1.788 0.2995 0.8393
2Y95 1907 1.845 0.2457 0.8571
2Y95 1908 1.967 0.3033 0.8393
2Y95 1909 2.071 0.2384 0.8571
2Y95 1910 2.240 0.3040 0.8571
2Y95 1911 1.970 0.3242 0.8750
2Y95 1912 1.994 0.3035 0.8214
2Y95 1913 2.043 0.3001 0.8214
2Y95 1914 2.067 0.2180 0.8036
2Y95 1915 1.927 0.2448 0.7857
2Y95 1916 2.072 0.2932 0.8036
2Y95 1917 1.776 0.3074 0.8750
2Y95 1918 1.713 0.3213 0.8750
2Y95 1919 1.858 0.2850 0.8571
2Y95 1920 1.759 0.2896 0.8571
2Y95 1921 1.610 0.3283 0.8929
2Y95 1922 1.831 0.3271 0.9107
2Y95 1923 1.667 0.3144 0.8571
2Y95 1924 2.051 0.2693 0.8393
2Y95 1925 1.774 0.2743 0.8750
2Y95 1926 1.932 0.3193 0.8214
2Y95 1927 2.135 0.2777 0.8214
2Y95 1928 1.923 0.3252 0.8393
2Y95 1929 1.978 0.2474 0.8571
2Y95 1930 1.861 0.3479 0.8750
2Y95 1931 2.121 0.2469 0.8214
2Y95 1932 2.057 0.2011 0.7857
2Y95 1933 2.026 0.2172 0.8214
2Y95 1934 2.205 0.2114 0.8214
2Y95 1935 1.843 0.2909 0.8393
2Y95 1936 1.863 0.2290 0.8393
2Y95 1937 2.117 0.3086 0.8750
2Y95 1938 2.155 0.2260 0.8036
2Y95 1939 1.779 0.2509 0.8571
2Y95 1940 2.424 0.1747 0.7679
2Y95 1941 1.441 0.2355 0.8571
2Y95 1942 1.492 0.2778 0.8571
2Y95 1943 1.444 0.2768 0.8393
2Y95 1944 1.537 0.2287 0.8571
2Y95 1945 2.103 0.2216 0.7857
2Y95 1946 1.811 0.2945 0.8214
2Y95 1947 1.985 0.2334 0.7857
2Y95 1948 1.413 0.2871 0.8214
2Y95 1949 1.938 0.2950 0.8036
2Y95 1950 1.862 0.2739 0.8393
2Y95 1951 1.621 0.3014 0.8571
2Y95 1952 1.874 0.3083 0.8393
2Y95 1953 2.287 0.3512 0.8036
2Y95 1954 2.058 0.2470 0.8393
2Y95 1955 1.952 0.2757 0.8571
2Y95 1956 2.146 0.2979 0.7679
2Y95 1957 1.841 0.3528 0.8750
2Y95 1958 1.493 0.3481 0.8929
2Y95 1959 1.395 0.3026 0.8571
2Y95 1960 1.398 0.2388 0.8750
2Y95 1961 1.590 0.2522 0.8929
2Y95 1962 1.539 0.3495 0.8750
2Y95 1963 1.936 0.2664 0.7857
2Y95 1964 2.160 0.2571 0.8036
2Y95 1965 1.632 0.3211 0.8571
2Y95 1966 1.643 0.2774 0.8393
2Y95 1967 1.698 0.3235 0.8393
2Y95 1968 1.492 0.3264 0.8750
2Y95 1969 1.407 0.3276 0.8750
2Y95 1970 1.832 0.3510 0.8750
2Y95 1971 1.528 0.2912 0.8750
2Y95 1972 1.597 0.2262 0.8571
2Y95 1973 1.480 0.3974 0.8929
2Y95 1974 1.532 0.3253 0.8929
2Y95 1975 1.837 0.2673 0.8393
2Y95 1976 1.787 0.3149 0.8750
2Y95 1977 1.665 0.3068 0.8929
2Y95 1978 1.598 0.3139 0.8750
2Y95 1979 1.689 0.2744 0.8750
2Y95 1980 1.627 0.2687 0.8393
2Y95 1981 1.765 0.2775 0.8214
2Y95 1982 1.672 0.2316 0.8571
2Y95 1983 1.818 0.2423 0.8393
2Y95 1984 1.720 0.2210 0.8393
2Y95 1985 1.907 0.2436 0.8214
2Y95 1986 1.821 0.3102 0.8750
2Y95 1987 1.970 0.2886 0.8393
2Y95 1988 1.883 0.2799 0.8393
2Y95 1989 2.282 0.2280 0.8036
2Y95 1990 2.090 0.2271 0.8393
2Y95 1991 2.041 0.2565 0.8214
2Y95 1992 1.932 0.3869 0.8929
2Y95 1993 2.514 0.2338 0.8036
2Y95 1994 2.220 0.2742 0.8036
2Y95 1995 1.850 0.2463 0.8393
2Y95 1996 2.209 0.2265 0.7857
2Y95 1997 1.869 0.1934 0.7679
2Y95 1998 2.360 0.2133 0.7679
2Y95 1999 2.823 0.2673 0.7679
2Y95 2000 2.255 0.2700 0.8214
2Y95 2001 1.607 0.3750 0.8750
2Y95 2002 1.882 0.2737 0.8214
2Y95 2003 2.015 0.2709 0.8571
2Y95 2004 2.317 0.1994 0.7857
2Y95 2005 1.845 0.2267 0.8214
2Y95 2006 1.999 0.2361 0.8036
2Y95 2007 1.799 0.2168 0.7857
2Y95 2008 1.605 0.2164 0.8393
2Y95 2009 1.953 0.2810 0.8393
2Y95 2010 1.909 0.2418 0.8214
2Y95 2011 1.905 0.2359 0.8036
2Y95 2012 1.998 0.3499 0.8214
2Y95 2013 1.675 0.3097 0.8393
2Y95 2014 2.251 0.2804 0.8214
2Y95 2015 1.545 0.3623 0.8750
2Y95 2016 1.839 0.2934 0.8393
2Y95 2017 1.889 0.2434 0.8036
2Y95 2018 1.388 0.3005 0.8750
2Y95 2019 1.965 0.3000 0.8571
2Y95 2020 1.938 0.2784 0.8393
2Y95 2021 2.221 0.3118 0.8214
2Y95 2022 1.862 0.2561 0.8393
2Y95 2023 1.793 0.2874 0.8571
2Y95 2024 2.361 0.2106 0.8214
2Y95 2025 2.015 0.2483 0.8214
2Y95 2026 2.088 0.2534 0.8214
2Y95 2027 1.527 0.2897 0.8571
2Y95 2028 1.784 0.2744 0.8750
2Y95 2029 2.210 0.2331 0.8036
2Y95 2030 1.917 0.2525 0.8750
2Y95 2031 2.050 0.2636 0.8750
2Y95 2032 2.028 0.2138 0.7857
2Y95 2033 1.712 0.2545 0.8750
2Y95 2034 2.004 0.2947 0.8036
2Y95 2035 1.983 0.2490 0.8214
2Y95 2036 1.985 0.3300 0.8393
2Y95 2037 1.879 0.2437 0.8214
2Y95 2038 2.074 0.2133 0.8036
2Y95 2039 2.092 0.2281 0.8214
2Y95 2040 1.858 0.2481 0.8214
2Y95 2041 1.613 0.3285 0.8929
2Y95 2042 1.917 0.2612 0.8393
2Y95 2043 1.662 0.2589 0.8393
2Y95 2044 1.641 0.2966 0.8929
2Y95 2045 1.775 0.2250 0.8214
2Y95 2046 2.224 0.2211 0.8036
2Y95 2047 1.984 0.2379 0.8214
2Y95 2048 2.240 0.2678 0.8214
2Y95 2049 2.260 0.2017 0.8214
2Y95 2050 2.299 0.2563 0.7857
2Y95 2051 2.254 0.2598 0.7679
2Y95 2052 2.029 0.2969 0.8571
2Y95 2053 1.773 0.2853 0.8393
2Y95 2054 2.073 0.2506 0.8214
2Y95 2055 2.399 0.1820 0.7321
2Y95 2056 2.193 0.2490 0.7500
2Y95 2057 2.364 0.2498 0.7857
2Y95 2058 2.343 0.1929 0.7679
2Y95 2059 1.861 0.2135 0.7679
2Y95 2060 1.845 0.2360 0.8214
2Y95 2061 2.218 0.2189 0.7500
2Y95 2062 1.819 0.2253 0.8036
2Y95 2063 2.531 0.2352 0.7679
2Y95 2064 2.117 0.2248 0.7500
2Y95 2065 2.059 0.2545 0.7679
2Y95 2066 1.593 0.2324 0.8036
2Y95 2067 2.198 0.2185 0.7679
2Y95 2068 2.098 0.2249 0.7679
2Y95 2069 1.976 0.2732 0.8393
2Y95 2070 1.981 0.2119 0.8214
2Y95 2071 2.112 0.2535 0.8214
2Y95 2072 1.825 0.3225 0.8750
2Y95 2073 1.822 0.3216 0.8929
2Y95 2074 2.096 0.2600 0.8214
2Y95 2075 1.879 0.2655 0.8214
2Y95 2076 2.001 0.3103 0.8214
2Y95 2077 1.749 0.3058 0.8393
2Y95 2078 1.883 0.3204 0.8214
2Y95 2079 2.031 0.3102 0.8929
2Y95 2080 2.007 0.3548 0.8750
2Y95 2081 2.183 0.2754 0.8393
2Y95 2082 1.774 0.2377 0.8214
2Y95 2083 1.817 0.3308 0.8750
2Y95 2084 2.036 0.2566 0.8036
2Y95 2085 1.876 0.2567 0.8571
2Y95 2086 1.974 0.2656 0.8571
2Y95 2087 1.906 0.3008 0.8036
2Y95 2088 2.105 0.2792 0.8571
2Y95 2089 1.867 0.3056 0.8571
2Y95 2090 1.491 0.3072 0.8750
2Y95 2091 1.444 0.3315 0.8750
2Y95 2092 1.556 0.2618 0.8214
2Y95 2093 2.093 0.2580 0.7679
2Y95 2094 2.154 0.2332 0.8214
2Y95 2095 1.779 0.2082 0.8393
2Y95 2096 2.057 0.2166 0.8214
2Y95 2097 1.934 0.1985 0.8036
2Y95 2098 1.960 0.2169 0.8214
2Y95 2099 1.849 0.2817 0.8571
2Y95 2100 2.109 0.2093 0.7857
2Y95 2101 2.032 0.2607 0.8214
2Y95 2102 1.982 0.2295 0.8036
2Y95 2103 1.688 0.2214 0.8393
2Y95 2104 1.668 0.3001 0.8929
2Y95 2105 2.030 0.3145 0.8571
2Y95 2106 2.018 0.3443 0.8571
2Y95 2107 1.861 0.2935 0.8571
2Y95 2108 1.819 0.2885 0.8750
2Y95 2109 1.798 0.3517 0.8750
2Y95 2110 2.097 0.2771 0.8214
2Y95 2111 2.167 0.3248 0.8393
2Y95 2112 2.053 0.2625 0.8393
2Y95 2113 1.785 0.2925 0.8214
2Y95 2114 1.563 0.2644 0.8571
2Y95 2115 1.670 0.2864 0.8750
2Y95 2116 1.466 0.3047 0.8750
2Y95 2117 1.981 0.2353 0.7857
2Y95 2118 2.345 0.2912 0.8036
2Y95 2119 1.792 0.3552 0.8929
2Y95 2120 1.887 0.3199 0.8393
2Y95 2121 2.115 0.3505 0.8571
2Y95 2122 1.940 0.3559 0.9107
2Y95 2123 1.834 0.3756 0.9107
2Y95 2124 1.965 0.3017 0.8750
2Y95 2125 2.423 0.3303 0.8393
2Y95 2126 1.955 0.2616 0.8036
2Y95 2127 1.614 0.2514 0.8750
2Y95 2128 1.327 0.2184 0.8750
2Y95 2129 1.781 0.2093 0.7857
2Y95 2130 1.710 0.2122 0.8214
2Y95 2131 1.273 0.2478 0.8571
2Y95 2132 1.166 0.2555 0.8929
2Y95 2133 1.229 0.2633 0.8571
2Y95 2134 2.194 0.1977 0.7857
2Y95 2135 2.089 0.2565 0.8036
2Y95 2136 2.048 0.2304 0.8036
2Y95 2137 2.098 0.2360 0.8036
2Y95 2138 1.994 0.2297 0.8393
2Y95 2139 2.085 0.2317 0.8036
2Y95 2140 1.572 0.2375 0.8393
2Y95 2141 1.967 0.2449 0.7857
2Y95 2142 1.312 0.2917 0.8571
2Y95 2143 1.679 0.2203 0.8393
2Y95 2144 1.580 0.2081 0.8036
2Y95 2145 1.570 0.2613 0.8750
2Y95 2146 1.849 0.1816 0.8036
2Y95 2147 1.754 0.2673 0.7857
2Y95 2148 1.694 0.2431 0.8214
2Y95 2149 1.971 0.2418 0.7679
2Y95 2150 1.883 0.2179 0.8393
2Y95 2151 1.840 0.2482 0.8214
2Y95 2152 2.341 0.1727 0.7143
2Y95 2153 2.484 0.1832 0.7321
2Y95 2154 1.638 0.2353 0.8036
2Y95 2155 1.494 0.3041 0.8393
2Y95 2156 1.422 0.2140 0.8214
2Y95 2157 1.500 0.2489 0.8214
2Y95 2158 1.742 0.2337 0.7857
2Y95 2159 1.556 0.2351 0.8214
2Y95 2160 1.951 0.1732 0.7857
2Y95 2161 1.438 0.2754 0.8750
2Y95 2162 1.315 0.2888 0.8929
2Y95 2163 1.977 0.2255 0.8036
2Y95 2164 1.506 0.2658 0.8214
2Y95 2165 1.802 0.2573 0.7857
2Y95 2166 1.501 0.2679 0.8214
2Y95 2167 1.833 0.2224 0.7857
2Y95 2168 1.713 0.1618 0.7679
2Y95 2169 1.569 0.3390 0.8393
2Y95 2170 1.599 0.2994 0.8750
2Y95 2171 1.761 0.2607 0.8036
2Y95 2172 1.378 0.2701 0.8750
2Y95 2173 1.576 0.3302 0.8393
2Y95 2174 1.660 0.2075 0.8214
2Y95 2175 1.407 0.3684 0.8750
2Y95 2176 1.279 0.2947 0.8571
2Y95 2177 1.290 0.3001 0.8750
2Y95 2178 1.707 0.2114 0.8036
2Y95 2179 1.821 0.2746 0.8214
2Y95 2180 1.807 0.2468 0.8036
2Y95 2181 1.616 0.2856 0.8214
2Y95 2182 1.510 0.2795 0.8750
2Y95 2183 1.863 0.2571 0.7679
2Y95 2184 1.635 0.3053 0.8393
2Y95 2185 1.662 0.2763 0.8214
2Y95 2186 1.697 0.2788 0.8393
2Y95 2187 1.532 0.2821 0.8571
2Y95 2188 1.512 0.2887 0.8750
2Y95 2189 1.501 0.2472 0.8571
2Y95 2190 1.746 0.2750 0.8571
2Y95 2191 1.501 0.2649 0.8393
2Y95 2192 1.414 0.3186 0.8750
2Y95 2193 1.640 0.2619 0.8393
2Y95 2194 1.890 0.2142 0.7857
2Y95 2195 1.396 0.3771 0.8571
2Y95 2196 1.603 0.2993 0.8393
2Y95 2197 1.795 0.2741 0.8214
2Y95 2198 1.793 0.3087 0.8036
2Y95 2199 1.744 0.2215 0.8036
2Y95 2200 1.555 0.2286 0.8036
2Y95 2201 1.729 0.2848 0.8393
2Y95 2202 1.801 0.2316 0.8036
2Y95 2203 1.835 0.2708 0.8393
2Y95 2204 1.858 0.2766 0.8036
2Y95 2205 1.423 0.3184 0.8571
2Y95 2206 1.858 0.2806 0.7857
2Y95 2207 1.421 0.2140 0.8393
2Y95 2208 1.473 0.2174 0.8393
2Y95 2209 1.876 0.2465 0.7857
2Y95 2210 2.208 0.2446 0.7679
2Y95 2211 1.821 0.2181 0.8214
2Y95 2212 2.362 0.1715 0.7321
2Y95 2213 1.693 0.1935 0.8036
2Y95 2214 1.536 0.2235 0.8036
2Y95 2215 1.969 0.2402 0.7679
2Y95 2216 1.572 0.2235 0.8036
2Y95 2217 1.338 0.1930 0.8571
2Y95 2218 1.686 0.2479 0.7857
2Y95 2219 1.512 0.2549 0.8393
2Y95 2220 1.741 0.2168 0.8214
2Y95 2221 1.828 0.2384 0.8214
2Y95 2222 1.463 0.2583 0.8571
2Y95 2223 1.309 0.2672 0.8571
2Y95 2224 1.552 0.3034 0.8214
2Y95 2225 1.726 0.2575 0.7857
2Y95 2226 1.748 0.2601 0.7857
2Y95 2227 1.827 0.1947 0.8036
2Y95 2228 1.608 0.2487 0.8393
2Y95 2229 1.479 0.2961 0.8571
2Y95 2230 2.019 0.2088 0.7857
2Y95 2231 1.609 0.2387 0.8214
2Y95 2232 1.498 0.2254 0.8036
2Y95 2233 1.720 0.2635 0.8214
2Y95 2234 1.595 0.2221 0.7679
2Y95 2235 1.593 0.2083 0.8036
2Y95 2236 1.771 0.2433 0.8036
2Y95 2237 1.647 0.2434 0.8393
2Y95 2238 1.627 0.2248 0.8036
2Y95 2239 1.569 0.2543 0.8393
2Y95 2240 1.778 0.3015 0.8571
2Y95 2241 1.616 0.2059 0.8214
2Y95 2242 1.361 0.2838 0.8571
2Y95 2243 1.654 0.2138 0.8036
2Y95 2244 1.905 0.2955 0.7679
2Y95 2245 2.139 0.2201 0.7321
2Y95 2246 1.908 0.2042 0.7857
2Y95 2247 1.904 0.1986 0.8036
2Y95 2248 2.362 0.1710 0.7143
2Y95 2249 1.611 0.1813 0.8214
2Y95 2250 2.120 0.2395 0.7857
2Y95 2251 1.708 0.1677 0.7857
2Y95 2252 2.209 0.1410 0.7321
2Y95 2253 2.240 0.1804 0.7500
2Y95 2254 1.442 0.2529 0.8393
2Y95 2255 1.706 0.1542 0.7857
2Y95 2256 2.043 0.2227 0.8036
2Y95 2257 1.770 0.1789 0.7857
2Y95 2258 1.763 0.1928 0.8036
2Y95 2259 1.509 0.2640 0.8214
2Y95 2260 1.686 0.2424 0.8393
2Y95 2261 1.427 0.2450 0.8571
2Y95 2262 1.870 0.1949 0.7679
2Y95 2263 1.876 0.2336 0.8036
2Y95 2264 2.527 0.2142 0.7143
2Y95 2265 2.359 0.1755 0.7321
2Y95 2266 2.657 0.1927 0.6964
2Y95 2267 2.407 0.1826 0.7321
2Y95 2268 2.467 0.2408 0.7500
2Y95 2269 2.472 0.1469 0.7321
2Y95 2270 2.283 0.1637 0.7679
2Y95 2271 2.196 0.1482 0.7143
2Y95 2272 2.458 0.2342 0.7500
2Y95 2273 2.285 0.2475 0.7321
2Y95 2274 2.409 0.1932 0.7143
2Y95 2275 2.288 0.1886 0.7500
2Y95 2276 2.566 0.1722 0.7500
2Y95 2277 1.700 0.2522 0.8036
2Y95 2278 1.871 0.2655 0.8036
2Y95 2279 2.146 0.2722 0.8214
2Y95 2280 2.599 0.1519 0.7143
2Y95 2281 1.994 0.2865 0.8214
2Y95 2282 2.156 0.2337 0.7857
2Y95 2283 1.799 0.2612 0.8214
2Y95 2284 2.147 0.2318 0.8036
2Y95 2285 1.864 0.2543 0.8036
2Y95 2286 1.856 0.2871 0.7857
2Y95 2287 2.132 0.2075 0.8214
2Y95 2288 2.277 0.2468 0.7679
2Y95 2289 2.222 0.2487 0.7857
2Y95 2290 1.889 0.2195 0.8214
