2LDL 1 0.000 1.0000 1.0000
2LDL 2 0.357 0.9184 1.0000
2LDL 3 0.249 0.9508 1.0000
2LDL 4 0.403 0.8826 1.0000
2LDL 5 0.263 0.9428 1.0000
2LDL 6 0.267 0.9406 1.0000
2LDL 7 0.401 0.8997 1.0000
2LDL 8 0.394 0.8973 1.0000
2LDL 9 0.574 0.7933 1.0000
2LDL 10 0.349 0.9068 1.0000
2LDL 11 0.702 0.7321 0.9815
2LDL 12 0.733 0.7106 0.9722
2LDL 13 8.760 0.1140 0.3333
2LDL 14 9.662 0.1592 0.3611
2LDL 15 11.862 0.1277 0.2870
2LDL 16 10.673 0.1359 0.3426
2LDL 17 4.969 0.2555 0.5556
2LDL 18 10.852 0.2817 0.4259
2LDL 19 8.999 0.1840 0.3519
2LDL 20 7.348 0.1977 0.4167
2LDL 21 10.889 0.1345 0.3241
2LDL 22 11.390 0.1378 0.2870
2LDL 23 8.590 0.1842 0.4444
2LDL 24 11.008 0.2351 0.4167
2LDL 25 6.721 0.2435 0.5278
2LDL 26 11.430 0.1474 0.4074
2LDL 27 12.487 0.1181 0.3241
2LDL 28 12.551 0.1566 0.3148
2LDL 29 10.866 0.1471 0.3426
2LDL 30 5.427 0.2178 0.5278
2LDL 31 10.259 0.2656 0.4722
2LDL 32 13.640 0.2396 0.4167
2LDL 33 7.741 0.2713 0.5185
2LDL 34 5.174 0.3327 0.6389
2LDL 35 6.552 0.3153 0.5833
2LDL 36 7.635 0.2856 0.5648
2LDL 37 2.884 0.3438 0.7407
2LDL 38 4.886 0.2917 0.6019
2LDL 39 7.841 0.2718 0.5370
2LDL 40 2.937 0.2964 0.6852
2LDL 41 5.662 0.2016 0.5093
2LDL 42 3.053 0.3559 0.7037
2LDL 43 3.826 0.2633 0.6481
2LDL 44 2.324 0.3746 0.7593
2LDL 45 3.125 0.3803 0.7407
2LDL 46 4.177 0.3249 0.6759
2LDL 47 3.883 0.3326 0.7130
2LDL 48 8.038 0.2701 0.5370
2LDL 49 11.096 0.2263 0.4352
2LDL 50 4.063 0.3118 0.6389
2LDL 51 3.298 0.3502 0.6944
2LDL 52 9.675 0.2269 0.4537
2LDL 53 11.364 0.1514 0.3148
2LDL 54 8.783 0.2242 0.4352
2LDL 55 11.784 0.1322 0.3148
2LDL 56 8.023 0.1335 0.3889
2LDL 57 10.871 0.1521 0.3704
2LDL 58 11.354 0.1462 0.3519
2LDL 59 9.680 0.1279 0.2870
2LDL 60 10.085 0.2570 0.4907
2LDL 61 11.714 0.1107 0.2778
2LDL 62 9.545 0.1696 0.3519
2LDL 63 13.820 0.1091 0.2870
2LDL 64 8.854 0.2283 0.4352
2LDL 65 12.373 0.1789 0.3704
2LDL 66 9.590 0.2692 0.4722
2LDL 67 8.407 0.2956 0.5278
2LDL 68 7.260 0.3653 0.5926
2LDL 69 11.721 0.2252 0.4259
2LDL 70 10.124 0.2572 0.4167
2LDL 71 10.074 0.2288 0.4074
2LDL 72 12.125 0.1884 0.3981
2LDL 73 8.317 0.2137 0.4537
2LDL 74 3.092 0.3669 0.6944
2LDL 75 9.417 0.2212 0.4444
2LDL 76 5.144 0.2893 0.5741
2LDL 77 3.684 0.2970 0.6389
2LDL 78 3.617 0.2459 0.6296
2LDL 79 3.372 0.2919 0.6574
2LDL 80 9.199 0.1884 0.3611
2LDL 81 3.757 0.2951 0.6667
2LDL 82 3.381 0.3267 0.7037
2LDL 83 3.594 0.2858 0.6574
2LDL 84 4.217 0.2867 0.6389
2LDL 85 3.420 0.3233 0.6852
2LDL 86 3.655 0.2938 0.6667
2LDL 87 2.668 0.3355 0.7407
2LDL 88 3.121 0.2722 0.6574
2LDL 89 5.238 0.2458 0.5648
2LDL 90 3.863 0.3776 0.7315
2LDL 91 2.679 0.3500 0.7315
2LDL 92 4.523 0.3711 0.6852
2LDL 93 9.238 0.1166 0.2870
2LDL 94 6.623 0.2291 0.5556
2LDL 95 9.762 0.3304 0.4815
2LDL 96 9.184 0.2445 0.4444
2LDL 97 3.485 0.3788 0.6944
2LDL 98 13.614 0.1868 0.3796
2LDL 99 9.512 0.1229 0.3056
2LDL 100 4.339 0.3291 0.6852
2LDL 101 5.683 0.2708 0.5463
2LDL 102 10.990 0.2363 0.4630
2LDL 103 11.544 0.2490 0.4259
2LDL 104 5.962 0.2176 0.4722
2LDL 105 10.990 0.1044 0.2685
2LDL 106 3.827 0.3245 0.6389
2LDL 107 5.193 0.2320 0.5370
2LDL 108 6.954 0.2763 0.5370
2LDL 109 6.531 0.2221 0.5000
2LDL 110 10.907 0.1492 0.3241
2LDL 111 12.125 0.2174 0.4259
2LDL 112 11.620 0.1535 0.3426
2LDL 113 8.388 0.2200 0.4537
2LDL 114 5.096 0.2909 0.5741
2LDL 115 4.519 0.3201 0.6296
2LDL 116 8.918 0.1699 0.4167
2LDL 117 7.237 0.2358 0.4907
2LDL 118 8.758 0.2339 0.4259
2LDL 119 2.932 0.3007 0.7037
2LDL 120 9.012 0.2300 0.4167
2LDL 121 4.177 0.3307 0.6852
2LDL 122 3.873 0.4126 0.7315
2LDL 123 11.405 0.2426 0.4537
2LDL 124 6.854 0.2310 0.4815
2LDL 125 3.974 0.3383 0.6759
2LDL 126 3.403 0.2810 0.6481
2LDL 127 8.702 0.2241 0.4444
2LDL 128 3.381 0.3487 0.7130
2LDL 129 3.792 0.2876 0.6759
2LDL 130 3.409 0.3553 0.6852
2LDL 131 2.464 0.4184 0.7593
2LDL 132 3.027 0.3789 0.7315
2LDL 133 9.866 0.1213 0.3519
2LDL 134 9.841 0.1134 0.2778
2LDL 135 9.071 0.2555 0.4630
2LDL 136 10.513 0.2542 0.4907
2LDL 137 6.473 0.3540 0.5741
2LDL 138 7.928 0.2276 0.4444
2LDL 139 13.159 0.2136 0.4259
2LDL 140 6.540 0.3431 0.5926
2LDL 141 11.731 0.2155 0.4352
2LDL 142 12.863 0.1423 0.3148
2LDL 143 11.805 0.2672 0.4444
2LDL 144 13.143 0.2476 0.4444
2LDL 145 10.537 0.2158 0.3889
2LDL 146 9.980 0.2176 0.3704
2LDL 147 11.047 0.2834 0.4537
2LDL 148 10.140 0.1840 0.3796
2LDL 149 6.481 0.2837 0.5648
2LDL 150 8.512 0.2751 0.4537
2LDL 151 6.631 0.3007 0.5185
2LDL 152 5.541 0.3275 0.5926
2LDL 153 2.860 0.3313 0.6944
2LDL 154 7.909 0.2997 0.5093
2LDL 155 11.464 0.2207 0.3981
2LDL 156 7.345 0.3245 0.6019
2LDL 157 5.322 0.2244 0.5463
2LDL 158 2.360 0.3823 0.7778
2LDL 159 5.464 0.2802 0.5741
2LDL 160 5.673 0.3090 0.6389
2LDL 161 10.219 0.2925 0.5185
2LDL 162 6.063 0.2877 0.6019
2LDL 163 3.820 0.3330 0.7130
2LDL 164 2.801 0.3133 0.6944
2LDL 165 7.640 0.2863 0.5000
2LDL 166 6.086 0.2143 0.5278
2LDL 167 3.838 0.3066 0.6944
2LDL 168 3.398 0.3505 0.7037
2LDL 169 6.832 0.2763 0.5463
2LDL 170 2.734 0.3681 0.7407
2LDL 171 3.828 0.2435 0.6111
2LDL 172 3.237 0.3271 0.6944
2LDL 173 10.476 0.1271 0.3148
2LDL 174 11.430 0.2079 0.4352
2LDL 175 10.523 0.1268 0.2963
2LDL 176 11.627 0.1592 0.3333
2LDL 177 5.652 0.3047 0.5741
2LDL 178 8.351 0.2117 0.4444
2LDL 179 12.872 0.2316 0.4167
2LDL 180 12.178 0.1632 0.3889
2LDL 181 12.736 0.1383 0.3241
2LDL 182 8.133 0.1588 0.4074
2LDL 183 10.976 0.2596 0.4630
2LDL 184 7.443 0.2028 0.4815
2LDL 185 8.790 0.2516 0.4537
2LDL 186 11.726 0.2378 0.3704
2LDL 187 8.376 0.2569 0.5185
2LDL 188 9.907 0.2477 0.4907
2LDL 189 11.046 0.2479 0.3981
2LDL 190 8.940 0.2151 0.4259
2LDL 191 7.031 0.1868 0.4259
2LDL 192 6.114 0.3379 0.6296
2LDL 193 7.111 0.2357 0.5185
2LDL 194 7.741 0.2400 0.4352
2LDL 195 4.209 0.3466 0.6667
2LDL 196 7.097 0.3469 0.6111
2LDL 197 5.622 0.2699 0.5741
2LDL 198 3.918 0.3087 0.6296
2LDL 199 11.202 0.1510 0.3519
2LDL 200 4.505 0.3918 0.6944
2LDL 201 6.204 0.2717 0.5093
2LDL 202 4.603 0.2847 0.6204
2LDL 203 6.699 0.2401 0.5185
2LDL 204 3.935 0.3738 0.7130
2LDL 205 4.357 0.2856 0.6574
2LDL 206 3.494 0.3092 0.6852
2LDL 207 3.164 0.3037 0.6852
2LDL 208 4.249 0.3481 0.7037
2LDL 209 3.083 0.3445 0.7130
2LDL 210 3.862 0.3538 0.7037
2LDL 211 3.013 0.3027 0.7037
2LDL 212 10.997 0.2371 0.4167
2LDL 213 9.438 0.1602 0.3333
2LDL 214 5.363 0.4524 0.7315
2LDL 215 14.495 0.1934 0.3981
2LDL 216 5.492 0.2459 0.5463
2LDL 217 12.584 0.1489 0.3611
2LDL 218 8.329 0.1917 0.3796
2LDL 219 10.590 0.2731 0.4722
2LDL 220 9.235 0.1805 0.3611
2LDL 221 10.259 0.1553 0.3611
2LDL 222 7.031 0.2668 0.5278
2LDL 223 10.153 0.2644 0.4352
2LDL 224 9.780 0.1485 0.3704
2LDL 225 6.519 0.2465 0.5463
2LDL 226 4.770 0.2861 0.5648
2LDL 227 10.021 0.2774 0.4722
2LDL 228 9.849 0.1581 0.3889
2LDL 229 10.695 0.1768 0.3704
2LDL 230 9.595 0.2800 0.4352
2LDL 231 4.192 0.2918 0.6389
2LDL 232 4.641 0.2360 0.5185
2LDL 233 8.745 0.2145 0.4167
2LDL 234 5.206 0.3559 0.6481
2LDL 235 3.816 0.2970 0.6204
2LDL 236 12.534 0.2107 0.4352
2LDL 237 5.437 0.2359 0.5185
2LDL 238 9.786 0.2938 0.4907
2LDL 239 5.969 0.2385 0.5093
2LDL 240 6.627 0.3107 0.5741
2LDL 241 4.369 0.2903 0.6481
2LDL 242 9.136 0.2584 0.4815
2LDL 243 6.229 0.3760 0.6296
2LDL 244 3.315 0.2587 0.6667
2LDL 245 3.698 0.3611 0.6944
2LDL 246 6.335 0.3146 0.6204
2LDL 247 4.803 0.3465 0.6852
2LDL 248 3.145 0.3433 0.7315
2LDL 249 4.578 0.2666 0.6019
2LDL 250 4.576 0.3627 0.6759
2LDL 251 3.439 0.3811 0.7315
2LDL 252 4.056 0.2865 0.6759
2LDL 253 3.999 0.3168 0.6389
2LDL 254 12.334 0.2011 0.4074
2LDL 255 10.416 0.1392 0.3241
2LDL 256 11.447 0.1303 0.3148
2LDL 257 11.851 0.1258 0.3056
2LDL 258 10.005 0.1905 0.3611
2LDL 259 8.939 0.2784 0.4352
2LDL 260 8.456 0.2569 0.4630
2LDL 261 10.262 0.1471 0.3796
2LDL 262 8.031 0.2410 0.5000
2LDL 263 11.398 0.1414 0.3148
2LDL 264 8.987 0.2829 0.5093
2LDL 265 2.304 0.5153 0.8519
2LDL 266 5.432 0.2242 0.5741
2LDL 267 3.497 0.3645 0.7130
2LDL 268 8.301 0.2737 0.5278
2LDL 269 6.796 0.2302 0.4537
2LDL 270 9.609 0.2077 0.4259
2LDL 271 4.546 0.2887 0.6019
2LDL 272 4.687 0.3304 0.6759
2LDL 273 12.854 0.2175 0.3426
2LDL 274 10.554 0.2032 0.4815
2LDL 275 4.558 0.2409 0.5648
2LDL 276 9.981 0.2519 0.4907
2LDL 277 3.459 0.3513 0.6759
2LDL 278 8.681 0.2939 0.5926
2LDL 279 3.790 0.2460 0.6204
2LDL 280 2.435 0.3998 0.7685
2LDL 281 4.331 0.2788 0.6389
2LDL 282 7.321 0.3156 0.5833
2LDL 283 4.649 0.2996 0.6389
2LDL 284 6.816 0.2408 0.4722
2LDL 285 3.425 0.3871 0.7222
2LDL 286 2.692 0.3678 0.7315
2LDL 287 5.259 0.2945 0.5926
2LDL 288 3.465 0.2714 0.6852
2LDL 289 3.195 0.3222 0.6667
2LDL 290 3.233 0.4301 0.7685
2LDL 291 3.546 0.2546 0.6389
2LDL 292 3.514 0.3462 0.7037
2LDL 293 10.617 0.1694 0.3333
2LDL 294 7.879 0.2253 0.5000
2LDL 295 12.669 0.1214 0.3241
2LDL 296 10.881 0.1262 0.2778
2LDL 297 11.594 0.1711 0.3426
2LDL 298 9.800 0.2400 0.4444
2LDL 299 11.796 0.2310 0.3889
2LDL 300 10.969 0.2215 0.4074
2LDL 301 7.415 0.2998 0.5648
2LDL 302 5.920 0.3480 0.6204
2LDL 303 4.396 0.3179 0.6296
2LDL 304 7.970 0.2285 0.5000
2LDL 305 6.330 0.2357 0.4537
2LDL 306 9.021 0.2172 0.4352
2LDL 307 6.272 0.2283 0.5185
2LDL 308 8.476 0.1842 0.4444
2LDL 309 11.509 0.2377 0.4444
2LDL 310 11.573 0.2239 0.4352
2LDL 311 3.345 0.4018 0.7315
2LDL 312 5.208 0.2497 0.5741
2LDL 313 7.579 0.2653 0.5185
2LDL 314 3.761 0.4264 0.7222
2LDL 315 7.050 0.2670 0.5278
2LDL 316 5.185 0.3761 0.6852
2LDL 317 3.967 0.3146 0.6759
2LDL 318 6.622 0.2601 0.5370
2LDL 319 3.441 0.2594 0.6481
2LDL 320 6.722 0.3045 0.5833
2LDL 321 4.046 0.2470 0.6019
2LDL 322 3.538 0.3103 0.6296
2LDL 323 4.266 0.2587 0.5833
2LDL 324 3.895 0.3523 0.6944
2LDL 325 3.191 0.3393 0.7222
2LDL 326 3.214 0.4295 0.7593
2LDL 327 4.397 0.3009 0.6667
2LDL 328 2.944 0.3705 0.7222
2LDL 329 3.066 0.3620 0.7593
2LDL 330 2.859 0.3917 0.7593
2LDL 331 2.979 0.3890 0.7407
2LDL 332 3.431 0.2989 0.6574
2LDL 333 12.226 0.1474 0.3056
2LDL 334 5.478 0.1963 0.5185
2LDL 335 6.682 0.2331 0.4815
2LDL 336 6.583 0.2313 0.5185
2LDL 337 9.446 0.1279 0.2870
2LDL 338 7.866 0.1427 0.3519
2LDL 339 14.255 0.2611 0.4444
2LDL 340 12.269 0.3032 0.5000
2LDL 341 9.743 0.1955 0.3704
2LDL 342 11.523 0.1616 0.3981
2LDL 343 11.774 0.2362 0.4722
2LDL 344 10.743 0.1760 0.3889
2LDL 345 9.248 0.2348 0.4630
2LDL 346 9.599 0.2383 0.4444
2LDL 347 13.635 0.1519 0.3796
2LDL 348 13.031 0.1390 0.2685
2LDL 349 8.804 0.2435 0.4444
2LDL 350 9.780 0.2372 0.4444
2LDL 351 10.340 0.2570 0.4537
2LDL 352 6.496 0.2726 0.5093
2LDL 353 12.057 0.2329 0.4167
2LDL 354 12.116 0.2539 0.4537
2LDL 355 6.816 0.2178 0.4815
2LDL 356 3.434 0.3549 0.7037
2LDL 357 3.308 0.2969 0.6667
2LDL 358 10.142 0.3058 0.4722
2LDL 359 9.527 0.2620 0.4815
2LDL 360 6.127 0.2779 0.5463
2LDL 361 4.364 0.2166 0.5463
2LDL 362 3.300 0.3544 0.7130
2LDL 363 7.873 0.2758 0.4537
2LDL 364 9.124 0.2475 0.4722
2LDL 365 7.660 0.3183 0.5926
2LDL 366 12.087 0.3161 0.4815
2LDL 367 2.697 0.4371 0.7963
2LDL 368 3.780 0.3985 0.7315
2LDL 369 2.743 0.3440 0.7315
2LDL 370 3.620 0.3474 0.7222
2LDL 371 3.248 0.3277 0.7037
2LDL 372 2.992 0.3830 0.7407
2LDL 373 9.424 0.1531 0.3796
2LDL 374 10.675 0.1359 0.3333
2LDL 375 10.361 0.1559 0.3426
2LDL 376 12.953 0.1430 0.3519
2LDL 377 10.472 0.1541 0.3519
2LDL 378 8.517 0.1872 0.3796
2LDL 379 9.902 0.1574 0.3333
2LDL 380 10.875 0.1844 0.3889
2LDL 381 7.614 0.1836 0.4630
2LDL 382 11.965 0.2012 0.3889
2LDL 383 4.793 0.2621 0.6019
2LDL 384 4.737 0.2552 0.6111
2LDL 385 7.336 0.2005 0.4444
2LDL 386 7.913 0.2175 0.4722
2LDL 387 6.863 0.3020 0.5000
2LDL 388 6.778 0.2049 0.4444
2LDL 389 8.254 0.2574 0.4352
2LDL 390 3.392 0.2860 0.6667
2LDL 391 7.438 0.2690 0.4630
2LDL 392 4.090 0.2679 0.6111
2LDL 393 4.142 0.3983 0.7130
2LDL 394 12.414 0.2390 0.4259
2LDL 395 4.354 0.2917 0.6389
2LDL 396 9.979 0.2655 0.4630
2LDL 397 5.494 0.3332 0.5833
2LDL 398 4.012 0.2797 0.6019
2LDL 399 6.770 0.2905 0.5278
2LDL 400 5.464 0.3297 0.6389
2LDL 401 2.740 0.3033 0.7037
2LDL 402 3.461 0.3242 0.7407
2LDL 403 2.909 0.3192 0.6852
2LDL 404 3.093 0.3945 0.7407
2LDL 405 4.080 0.3367 0.6667
2LDL 406 4.710 0.2915 0.6389
2LDL 407 4.136 0.3484 0.6759
2LDL 408 5.409 0.3106 0.6019
2LDL 409 2.831 0.3894 0.7407
2LDL 410 8.340 0.3112 0.5093
2LDL 411 3.195 0.4056 0.7685
2LDL 412 7.136 0.3031 0.5370
2LDL 413 1.769 0.4536 0.8148
2LDL 414 2.332 0.4344 0.7870
2LDL 415 2.285 0.4170 0.7778
2LDL 416 2.200 0.4344 0.8056
2LDL 417 2.326 0.4167 0.8056
2LDL 418 2.283 0.4340 0.7870
2LDL 419 2.250 0.4206 0.7963
2LDL 420 2.273 0.4355 0.8056
2LDL 421 2.278 0.4378 0.7963
2LDL 422 2.274 0.4345 0.7963
2LDL 423 2.262 0.4292 0.7963
2LDL 424 2.297 0.4372 0.7963
2LDL 425 2.284 0.4346 0.7963
2LDL 426 2.292 0.4346 0.7963
2LDL 427 2.278 0.4367 0.7963
2LDL 428 2.294 0.4290 0.7870
2LDL 429 2.280 0.4318 0.7870
2LDL 430 2.293 0.4294 0.7870
2LDL 431 2.291 0.4322 0.7870
2LDL 432 2.287 0.4359 0.7963
2LDL 433 2.289 0.4279 0.7870
2LDL 434 2.291 0.4338 0.7963
2LDL 435 2.280 0.4340 0.7963
2LDL 436 2.287 0.4339 0.7963
2LDL 437 2.287 0.4344 0.7963
2LDL 438 2.271 0.4324 0.8056
2LDL 439 2.287 0.4308 0.7870
2LDL 440 2.282 0.4298 0.8056
2LDL 441 2.267 0.4369 0.7963
2LDL 442 2.294 0.4324 0.7963
2LDL 443 2.282 0.4253 0.7870
2LDL 444 2.273 0.4264 0.7870
2LDL 445 2.270 0.4279 0.7963
2LDL 446 2.284 0.4291 0.7963
2LDL 447 2.278 0.4294 0.7870
2LDL 448 2.265 0.4369 0.8056
2LDL 449 2.279 0.4304 0.8056
2LDL 450 2.266 0.4350 0.8056
2LDL 451 2.268 0.4350 0.7963
2LDL 452 2.253 0.4325 0.7963
2LDL 453 2.244 0.4363 0.8056
2LDL 454 2.266 0.4319 0.7870
2LDL 455 2.252 0.4373 0.8056
2LDL 456 2.259 0.4400 0.7963
2LDL 457 2.283 0.4338 0.7963
2LDL 458 2.260 0.4418 0.7963
2LDL 459 2.225 0.4361 0.8056
2LDL 460 2.251 0.4334 0.7963
2LDL 461 2.311 0.4335 0.7963
2LDL 462 2.319 0.4230 0.7870
2LDL 463 2.283 0.4247 0.7963
2LDL 464 2.237 0.4270 0.7963
2LDL 465 2.275 0.4202 0.7870
2LDL 466 2.301 0.4329 0.7870
2LDL 467 2.247 0.4284 0.8056
2LDL 468 2.295 0.4321 0.8056
2LDL 469 2.295 0.4283 0.7870
2LDL 470 2.295 0.4356 0.7963
2LDL 471 2.295 0.4390 0.7963
2LDL 472 2.431 0.4157 0.7870
2LDL 473 2.351 0.4275 0.7870
2LDL 474 2.372 0.4264 0.7870
2LDL 475 2.339 0.4262 0.7870
2LDL 476 2.385 0.4174 0.7778
2LDL 477 2.349 0.4300 0.7870
2LDL 478 2.348 0.4297 0.7870
2LDL 479 2.301 0.4381 0.7870
2LDL 480 2.286 0.4266 0.7778
2LDL 481 2.375 0.4263 0.7870
2LDL 482 2.309 0.4260 0.7778
2LDL 483 2.394 0.4241 0.7778
2LDL 484 2.347 0.4175 0.7778
2LDL 485 2.319 0.4109 0.7685
2LDL 486 2.348 0.4198 0.7778
2LDL 487 2.344 0.4313 0.7870
2LDL 488 2.323 0.4266 0.7870
2LDL 489 2.280 0.4166 0.7685
2LDL 490 2.318 0.4212 0.7778
2LDL 491 2.386 0.4298 0.7870
2LDL 492 2.344 0.4232 0.7685
2LDL 493 2.359 0.4239 0.7870
2LDL 494 2.381 0.4240 0.7778
2LDL 495 2.357 0.4182 0.7778
2LDL 496 2.387 0.4089 0.7685
2LDL 497 2.317 0.4223 0.7870
2LDL 498 2.223 0.4341 0.7870
2LDL 499 2.320 0.4197 0.7870
2LDL 500 2.317 0.4243 0.7778
2LDL 501 2.311 0.4281 0.7870
2LDL 502 2.332 0.4230 0.7870
2LDL 503 2.349 0.4128 0.7778
2LDL 504 2.359 0.4264 0.7870
2LDL 505 2.318 0.4283 0.7778
2LDL 506 2.364 0.4181 0.7778
2LDL 507 2.424 0.4126 0.7870
2LDL 508 2.393 0.4305 0.7870
2LDL 509 2.268 0.4256 0.7778
2LDL 510 2.288 0.4180 0.7870
2LDL 511 2.294 0.4328 0.7870
2LDL 512 2.398 0.4153 0.7870
2LDL 513 2.283 0.4244 0.7778
2LDL 514 2.372 0.4309 0.7870
2LDL 515 2.355 0.4206 0.7778
2LDL 516 2.299 0.4212 0.7778
2LDL 517 2.311 0.4194 0.7870
2LDL 518 2.267 0.4184 0.7778
2LDL 519 2.277 0.4263 0.7870
2LDL 520 2.326 0.4192 0.7778
2LDL 521 2.273 0.4278 0.7778
2LDL 522 2.341 0.4230 0.7778
2LDL 523 2.336 0.4308 0.7870
2LDL 524 2.389 0.4127 0.7778
2LDL 525 2.351 0.4119 0.7778
2LDL 526 2.359 0.4164 0.7778
2LDL 527 2.424 0.4281 0.7778
2LDL 528 2.349 0.4337 0.7778
2LDL 529 2.308 0.4329 0.7870
2LDL 530 2.268 0.4300 0.7963
2LDL 531 2.303 0.4207 0.7778
2LDL 532 2.405 0.4192 0.7870
2LDL 533 2.336 0.4296 0.7870
2LDL 534 2.278 0.4388 0.7963
2LDL 535 2.273 0.4444 0.7870
2LDL 536 2.355 0.4348 0.7870
2LDL 537 2.365 0.4202 0.7778
2LDL 538 2.456 0.4365 0.7870
2LDL 539 2.211 0.4441 0.7963
2LDL 540 2.253 0.4471 0.7963
2LDL 541 2.425 0.4261 0.7870
2LDL 542 2.292 0.4443 0.7870
2LDL 543 2.407 0.4306 0.7870
2LDL 544 2.346 0.4271 0.7870
2LDL 545 2.371 0.4310 0.7685
2LDL 546 2.380 0.4344 0.7963
2LDL 547 2.349 0.4176 0.7778
2LDL 548 2.349 0.4174 0.7778
2LDL 549 2.312 0.4289 0.7778
2LDL 550 2.382 0.4284 0.7778
2LDL 551 2.322 0.4304 0.7870
2LDL 552 2.384 0.4337 0.7870
2LDL 553 2.323 0.4216 0.7870
2LDL 554 2.345 0.4175 0.7778
2LDL 555 2.350 0.4234 0.7870
2LDL 556 2.271 0.4360 0.7870
2LDL 557 2.406 0.4232 0.7870
2LDL 558 2.268 0.4274 0.7870
2LDL 559 2.389 0.4214 0.7778
2LDL 560 2.299 0.4345 0.7870
2LDL 561 2.327 0.4272 0.7963
2LDL 562 2.284 0.4377 0.7778
2LDL 563 2.326 0.4397 0.7963
2LDL 564 2.289 0.4463 0.7963
2LDL 565 2.230 0.4361 0.7778
2LDL 566 2.122 0.4381 0.7963
2LDL 567 2.263 0.4407 0.7870
2LDL 568 2.169 0.4560 0.8056
2LDL 569 2.422 0.4553 0.7963
2LDL 570 2.327 0.4645 0.8056
2LDL 571 2.319 0.4562 0.8056
2LDL 572 2.267 0.4574 0.7963
2LDL 573 2.356 0.4712 0.8056
2LDL 574 2.352 0.4570 0.8056
2LDL 575 2.363 0.4506 0.8056
2LDL 576 2.302 0.4411 0.7963
2LDL 577 2.245 0.4416 0.8056
2LDL 578 2.234 0.4549 0.8056
2LDL 579 2.278 0.4602 0.8056
2LDL 580 2.299 0.4289 0.7870
2LDL 581 2.243 0.4455 0.7870
2LDL 582 2.191 0.4385 0.7870
2LDL 583 2.262 0.4367 0.7963
2LDL 584 2.314 0.4424 0.8056
2LDL 585 2.219 0.4493 0.8056
2LDL 586 2.288 0.4510 0.7963
2LDL 587 2.328 0.4410 0.7963
2LDL 588 2.235 0.4523 0.8056
2LDL 589 2.149 0.4403 0.8148
2LDL 590 2.158 0.4488 0.8148
2LDL 591 2.177 0.4475 0.7870
2LDL 592 2.291 0.4431 0.7963
2LDL 593 2.178 0.4555 0.7963
2LDL 594 2.277 0.4356 0.7963
2LDL 595 2.214 0.4465 0.7870
2LDL 596 2.244 0.4549 0.8056
2LDL 597 2.205 0.4489 0.8148
2LDL 598 2.282 0.4420 0.7963
2LDL 599 2.145 0.4545 0.8148
2LDL 600 2.238 0.4334 0.7870
2LDL 601 2.211 0.4411 0.7963
2LDL 602 2.259 0.4456 0.8056
2LDL 603 2.202 0.4242 0.7963
2LDL 604 2.302 0.4343 0.7870
2LDL 605 2.258 0.4256 0.7870
2LDL 606 2.218 0.4266 0.7963
2LDL 607 2.228 0.4487 0.7963
2LDL 608 2.120 0.4508 0.8148
2LDL 609 2.190 0.4556 0.8056
2LDL 610 1.987 0.4649 0.8148
2LDL 611 2.274 0.4722 0.8056
2LDL 612 2.300 0.4494 0.7963
2LDL 613 2.100 0.4407 0.8056
2LDL 614 2.097 0.4277 0.7963
2LDL 615 2.070 0.4378 0.8056
2LDL 616 2.241 0.4397 0.7870
2LDL 617 2.245 0.4398 0.8056
2LDL 618 2.269 0.4686 0.7963
2LDL 619 2.195 0.4615 0.7963
2LDL 620 2.261 0.4459 0.7870
2LDL 621 2.374 0.4506 0.7963
2LDL 622 2.180 0.4852 0.8148
2LDL 623 2.261 0.4519 0.8056
2LDL 624 2.186 0.4489 0.8056
2LDL 625 2.242 0.4322 0.7963
2LDL 626 2.246 0.4650 0.8056
2LDL 627 2.183 0.4586 0.8056
2LDL 628 2.155 0.4263 0.7870
2LDL 629 2.269 0.4132 0.7778
2LDL 630 2.260 0.4035 0.7870
2LDL 631 2.194 0.4204 0.7778
2LDL 632 2.077 0.4316 0.8056
2LDL 633 2.227 0.4440 0.7963
2LDL 634 2.156 0.4431 0.8056
2LDL 635 2.181 0.4632 0.8056
2LDL 636 2.184 0.4472 0.7963
2LDL 637 2.196 0.4567 0.8056
2LDL 638 2.163 0.4469 0.8056
2LDL 639 2.279 0.4594 0.7963
2LDL 640 2.233 0.4443 0.7963
2LDL 641 2.187 0.4569 0.8056
2LDL 642 2.126 0.4569 0.7963
2LDL 643 2.035 0.4598 0.8148
2LDL 644 2.244 0.4395 0.7963
2LDL 645 2.220 0.4376 0.7870
2LDL 646 2.087 0.4483 0.7870
2LDL 647 2.049 0.4388 0.7963
2LDL 648 1.910 0.4361 0.8056
2LDL 649 2.094 0.4327 0.7963
2LDL 650 2.174 0.4364 0.7963
2LDL 651 2.119 0.4426 0.8056
2LDL 652 2.090 0.4262 0.7870
2LDL 653 2.098 0.4543 0.8056
2LDL 654 2.171 0.4241 0.7963
2LDL 655 2.127 0.4465 0.7963
2LDL 656 2.160 0.4302 0.7963
2LDL 657 2.335 0.4212 0.7778
2LDL 658 2.107 0.4261 0.7963
2LDL 659 2.145 0.4309 0.7870
2LDL 660 2.261 0.4256 0.7870
2LDL 661 2.041 0.4392 0.7963
2LDL 662 2.208 0.4230 0.7870
2LDL 663 2.053 0.4216 0.7778
2LDL 664 2.358 0.4424 0.7963
2LDL 665 2.358 0.4420 0.7963
2LDL 666 2.230 0.4451 0.8056
2LDL 667 2.359 0.4013 0.7778
2LDL 668 2.102 0.4165 0.7963
2LDL 669 2.201 0.4274 0.7963
2LDL 670 2.299 0.4199 0.7778
2LDL 671 2.004 0.4007 0.7778
2LDL 672 2.199 0.3855 0.7685
2LDL 673 2.237 0.4023 0.7778
2LDL 674 1.964 0.4240 0.7963
2LDL 675 1.965 0.4057 0.7870
2LDL 676 2.215 0.3965 0.7778
2LDL 677 2.251 0.4032 0.7778
2LDL 678 2.157 0.4326 0.7963
2LDL 679 2.377 0.4158 0.7870
2LDL 680 2.347 0.4088 0.7685
2LDL 681 2.037 0.4127 0.7778
2LDL 682 2.105 0.4296 0.7870
2LDL 683 2.136 0.4255 0.7963
2LDL 684 2.286 0.4132 0.7870
2LDL 685 2.339 0.4241 0.7593
2LDL 686 2.130 0.4197 0.7963
2LDL 687 2.314 0.4270 0.7778
2LDL 688 2.207 0.4383 0.8056
2LDL 689 2.288 0.4204 0.7778
2LDL 690 2.100 0.4060 0.7870
2LDL 691 1.973 0.4065 0.7870
2LDL 692 2.371 0.3804 0.7593
2LDL 693 2.099 0.4130 0.7870
2LDL 694 2.088 0.4077 0.7870
2LDL 695 2.166 0.4168 0.7963
2LDL 696 2.092 0.4356 0.7963
2LDL 697 2.116 0.4378 0.7963
2LDL 698 2.104 0.4295 0.7963
2LDL 699 2.175 0.4207 0.7870
2LDL 700 2.217 0.4367 0.8148
2LDL 701 2.251 0.4214 0.7870
2LDL 702 2.093 0.4272 0.7963
2LDL 703 2.126 0.4206 0.7870
2LDL 704 2.227 0.4206 0.7963
2LDL 705 2.325 0.4187 0.7685
2LDL 706 2.044 0.4349 0.7963
2LDL 707 2.086 0.4308 0.7963
2LDL 708 2.038 0.4278 0.7963
2LDL 709 2.196 0.4210 0.7963
2LDL 710 2.129 0.4076 0.7963
2LDL 711 2.111 0.4244 0.7963
2LDL 712 2.188 0.4122 0.7778
2LDL 713 2.112 0.4114 0.7778
2LDL 714 2.052 0.4028 0.7870
2LDL 715 2.093 0.4279 0.7870
2LDL 716 2.256 0.4090 0.7685
2LDL 717 2.237 0.4026 0.7963
2LDL 718 2.241 0.4208 0.7870
2LDL 719 2.236 0.4188 0.7870
2LDL 720 2.371 0.4195 0.7778
2LDL 721 2.234 0.4189 0.7963
2LDL 722 2.046 0.4397 0.8148
2LDL 723 2.267 0.4279 0.7963
2LDL 724 2.211 0.4324 0.7963
2LDL 725 2.362 0.4091 0.7870
2LDL 726 2.231 0.4027 0.7870
2LDL 727 2.033 0.4226 0.7963
2LDL 728 2.143 0.4350 0.8148
2LDL 729 2.256 0.4093 0.7870
2LDL 730 2.344 0.4144 0.7593
2LDL 731 2.116 0.4139 0.8056
2LDL 732 2.204 0.4081 0.7778
2LDL 733 2.067 0.4333 0.7963
2LDL 734 2.296 0.4017 0.7685
2LDL 735 2.262 0.3944 0.7685
2LDL 736 2.164 0.4245 0.8056
2LDL 737 2.166 0.4100 0.7778
2LDL 738 2.124 0.4128 0.8056
2LDL 739 2.364 0.4136 0.7778
2LDL 740 2.017 0.4245 0.8056
2LDL 741 2.213 0.4075 0.7685
2LDL 742 2.310 0.3977 0.7778
2LDL 743 2.059 0.4176 0.7963
2LDL 744 2.433 0.4170 0.7778
2LDL 745 2.391 0.4013 0.7778
2LDL 746 2.092 0.4204 0.7870
2LDL 747 2.328 0.4064 0.7778
2LDL 748 2.072 0.4509 0.8148
2LDL 749 2.334 0.4321 0.7870
2LDL 750 2.079 0.4197 0.7963
2LDL 751 2.273 0.4330 0.7870
2LDL 752 2.214 0.4201 0.7870
2LDL 753 2.195 0.4099 0.7870
2LDL 754 2.021 0.4325 0.7963
2LDL 755 2.355 0.4118 0.7685
2LDL 756 2.077 0.4413 0.8056
2LDL 757 2.103 0.4078 0.7963
2LDL 758 2.129 0.4343 0.8056
2LDL 759 2.241 0.3944 0.7870
2LDL 760 2.237 0.4266 0.7963
2LDL 761 2.217 0.4140 0.7963
2LDL 762 2.027 0.4113 0.7963
2LDL 763 2.222 0.3906 0.7685
2LDL 764 2.282 0.4445 0.7870
2LDL 765 2.038 0.4238 0.7870
2LDL 766 2.200 0.4295 0.7963
2LDL 767 2.203 0.4355 0.7778
2LDL 768 2.064 0.4440 0.7963
2LDL 769 2.042 0.4257 0.7963
2LDL 770 1.987 0.4435 0.8148
2LDL 771 2.123 0.4414 0.7870
2LDL 772 2.286 0.4217 0.7870
2LDL 773 2.103 0.4472 0.8056
2LDL 774 1.940 0.4347 0.8056
2LDL 775 2.017 0.4357 0.8056
2LDL 776 2.149 0.4215 0.7963
2LDL 777 2.342 0.4309 0.7870
2LDL 778 2.114 0.4450 0.8148
2LDL 779 1.947 0.4108 0.7870
2LDL 780 2.057 0.4126 0.7685
2LDL 781 2.092 0.4430 0.7870
2LDL 782 2.159 0.4366 0.8056
2LDL 783 2.265 0.4212 0.7685
2LDL 784 2.032 0.3999 0.7870
2LDL 785 1.986 0.4349 0.7870
2LDL 786 2.208 0.4262 0.7870
2LDL 787 2.453 0.3792 0.7593
2LDL 788 2.076 0.4330 0.7870
2LDL 789 2.295 0.4244 0.7963
2LDL 790 2.291 0.4127 0.7778
2LDL 791 2.196 0.4174 0.7963
2LDL 792 2.139 0.4334 0.7963
2LDL 793 2.262 0.4110 0.7685
2LDL 794 2.321 0.4076 0.7778
2LDL 795 2.194 0.4161 0.7778
2LDL 796 2.227 0.3933 0.7593
2LDL 797 2.054 0.4440 0.8056
2LDL 798 2.272 0.4345 0.8148
2LDL 799 2.289 0.4573 0.7963
2LDL 800 2.341 0.4211 0.7870
2LDL 801 2.243 0.4298 0.7870
2LDL 802 2.379 0.4159 0.7963
2LDL 803 2.309 0.4433 0.8056
2LDL 804 2.403 0.4180 0.7963
2LDL 805 2.271 0.4412 0.7870
2LDL 806 2.244 0.4383 0.7870
2LDL 807 2.231 0.4205 0.7685
2LDL 808 2.018 0.4245 0.7963
2LDL 809 2.155 0.4246 0.7778
2LDL 810 2.341 0.4319 0.7870
2LDL 811 2.308 0.4293 0.7870
2LDL 812 2.101 0.4242 0.8056
2LDL 813 2.130 0.4281 0.7963
2LDL 814 2.239 0.3961 0.7778
2LDL 815 2.288 0.3928 0.7593
2LDL 816 2.123 0.4302 0.7963
2LDL 817 1.983 0.4734 0.8148
2LDL 818 2.168 0.4214 0.7870
2LDL 819 2.281 0.4304 0.7685
2LDL 820 2.151 0.4497 0.7963
2LDL 821 2.167 0.3923 0.7778
2LDL 822 2.262 0.4404 0.7963
2LDL 823 2.219 0.3930 0.7963
2LDL 824 2.067 0.4532 0.7963
2LDL 825 1.959 0.4457 0.8148
2LDL 826 2.135 0.4240 0.7870
2LDL 827 2.401 0.4060 0.7963
2LDL 828 2.330 0.4409 0.7963
2LDL 829 2.152 0.4233 0.7963
2LDL 830 2.206 0.4237 0.7778
2LDL 831 2.407 0.4252 0.7870
2LDL 832 2.136 0.4196 0.7870
2LDL 833 2.339 0.4217 0.7870
2LDL 834 2.305 0.3967 0.7870
2LDL 835 2.231 0.4375 0.7963
2LDL 836 2.404 0.4341 0.7870
2LDL 837 2.139 0.4039 0.7870
2LDL 838 2.204 0.4380 0.8241
2LDL 839 2.397 0.4219 0.8056
2LDL 840 2.290 0.4244 0.7870
2LDL 841 2.210 0.3859 0.7593
2LDL 842 1.963 0.4315 0.7963
2LDL 843 2.387 0.4177 0.7685
2LDL 844 2.360 0.4215 0.7870
2LDL 845 2.153 0.4380 0.8056
2LDL 846 2.240 0.4272 0.8148
2LDL 847 2.228 0.4532 0.7963
2LDL 848 2.272 0.4260 0.7870
2LDL 849 2.125 0.4383 0.7963
2LDL 850 2.083 0.4258 0.8056
2LDL 851 2.332 0.4272 0.7870
2LDL 852 2.005 0.4453 0.7870
2LDL 853 2.094 0.4187 0.7963
2LDL 854 2.334 0.4237 0.7870
2LDL 855 2.189 0.4100 0.7870
2LDL 856 1.908 0.4312 0.8148
2LDL 857 2.254 0.4220 0.7778
2LDL 858 2.249 0.4086 0.7778
2LDL 859 2.037 0.4328 0.8056
2LDL 860 2.260 0.4516 0.7870
2LDL 861 2.113 0.4504 0.7963
2LDL 862 2.064 0.4200 0.8056
2LDL 863 2.261 0.4192 0.7685
2LDL 864 2.111 0.4381 0.7870
2LDL 865 2.261 0.4183 0.8056
2LDL 866 2.303 0.4063 0.7870
2LDL 867 2.131 0.3929 0.7685
2LDL 868 2.168 0.4374 0.7778
2LDL 869 1.988 0.4410 0.8148
2LDL 870 2.119 0.4065 0.7963
2LDL 871 2.086 0.4518 0.8148
2LDL 872 2.095 0.4092 0.7778
2LDL 873 1.968 0.4336 0.8056
2LDL 874 2.115 0.4033 0.7685
2LDL 875 2.000 0.4323 0.7963
2LDL 876 2.403 0.4305 0.7870
2LDL 877 2.410 0.4309 0.7963
2LDL 878 2.284 0.4020 0.7870
2LDL 879 2.044 0.4298 0.7963
2LDL 880 2.289 0.4187 0.7870
2LDL 881 2.428 0.3976 0.7685
2LDL 882 2.158 0.4138 0.7778
2LDL 883 2.221 0.4061 0.7778
2LDL 884 2.181 0.3958 0.7685
2LDL 885 2.030 0.4220 0.7870
2LDL 886 2.076 0.4028 0.7870
2LDL 887 2.253 0.3751 0.7500
2LDL 888 2.105 0.4151 0.7778
2LDL 889 2.199 0.4275 0.7778
2LDL 890 2.268 0.4040 0.7685
2LDL 891 2.242 0.4334 0.7870
2LDL 892 2.232 0.4033 0.7685
2LDL 893 2.189 0.4284 0.7963
2LDL 894 1.979 0.4492 0.8056
2LDL 895 2.035 0.4392 0.8056
2LDL 896 2.258 0.3971 0.7778
2LDL 897 2.067 0.4181 0.7870
2LDL 898 2.350 0.4199 0.7593
2LDL 899 2.160 0.4187 0.7685
2LDL 900 2.245 0.4135 0.7593
2LDL 901 2.181 0.4489 0.8148
2LDL 902 2.203 0.3748 0.7685
2LDL 903 2.089 0.4259 0.7778
2LDL 904 2.455 0.3752 0.7500
2LDL 905 2.386 0.3704 0.7685
2LDL 906 2.089 0.4335 0.8056
2LDL 907 2.172 0.4020 0.7870
2LDL 908 2.020 0.4020 0.7778
2LDL 909 2.361 0.4091 0.7593
2LDL 910 2.343 0.4003 0.7685
2LDL 911 2.108 0.4202 0.7963
2LDL 912 2.203 0.3912 0.7685
2LDL 913 2.141 0.4349 0.7963
2LDL 914 2.260 0.3934 0.7685
2LDL 915 2.240 0.4305 0.7870
2LDL 916 2.565 0.3773 0.7407
2LDL 917 2.586 0.3975 0.7407
2LDL 918 2.280 0.3807 0.7593
2LDL 919 2.413 0.3731 0.7407
2LDL 920 2.443 0.4088 0.7500
2LDL 921 2.273 0.3872 0.7500
2LDL 922 2.213 0.3889 0.7500
2LDL 923 2.131 0.3913 0.7685
2LDL 924 2.283 0.3562 0.7315
2LDL 925 2.038 0.3691 0.7778
2LDL 926 1.985 0.3954 0.7778
2LDL 927 2.253 0.3512 0.7315
2LDL 928 2.115 0.3717 0.7593
2LDL 929 2.017 0.3885 0.7593
2LDL 930 2.110 0.3901 0.7593
2LDL 931 1.942 0.4190 0.7870
2LDL 932 2.146 0.3928 0.7593
2LDL 933 2.177 0.3725 0.7407
2LDL 934 2.026 0.3876 0.7685
2LDL 935 2.157 0.3556 0.7407
2LDL 936 2.047 0.3831 0.7778
2LDL 937 2.179 0.3905 0.7500
2LDL 938 1.843 0.4025 0.8056
2LDL 939 2.077 0.3713 0.7685
2LDL 940 2.371 0.3386 0.7315
2LDL 941 2.069 0.3825 0.7593
2LDL 942 2.021 0.3832 0.7685
2LDL 943 2.022 0.3978 0.7685
2LDL 944 2.404 0.3227 0.7222
2LDL 945 2.453 0.2932 0.7222
2LDL 946 2.243 0.3064 0.7407
2LDL 947 2.133 0.3396 0.7500
2LDL 948 2.267 0.3497 0.7500
2LDL 949 2.158 0.3964 0.7593
2LDL 950 1.948 0.3913 0.7778
2LDL 951 2.168 0.3904 0.7593
2LDL 952 2.062 0.3741 0.7685
2LDL 953 2.285 0.3497 0.7407
2LDL 954 1.902 0.4104 0.7685
2LDL 955 2.244 0.3626 0.7407
2LDL 956 2.364 0.3648 0.7407
2LDL 957 2.048 0.3649 0.7778
2LDL 958 2.167 0.3833 0.7778
2LDL 959 2.132 0.3799 0.7500
2LDL 960 1.982 0.3636 0.7870
2LDL 961 2.157 0.3480 0.7500
2LDL 962 2.201 0.3687 0.7407
2LDL 963 2.201 0.3504 0.7593
2LDL 964 2.088 0.3759 0.7593
2LDL 965 2.147 0.4039 0.7685
2LDL 966 2.109 0.3974 0.7500
2LDL 967 2.027 0.3936 0.7685
2LDL 968 2.185 0.3478 0.7315
2LDL 969 2.104 0.3577 0.7407
2LDL 970 2.204 0.3829 0.7685
2LDL 971 2.515 0.3715 0.7407
2LDL 972 2.170 0.3932 0.7593
2LDL 973 2.188 0.3894 0.7593
2LDL 974 2.162 0.3683 0.7500
2LDL 975 2.436 0.3619 0.7500
2LDL 976 2.133 0.3985 0.7500
2LDL 977 2.191 0.3566 0.7407
2LDL 978 2.278 0.3431 0.7315
2LDL 979 2.188 0.3787 0.7500
2LDL 980 2.134 0.3860 0.7500
2LDL 981 2.281 0.3578 0.7222
2LDL 982 2.349 0.3595 0.7407
2LDL 983 2.230 0.3390 0.7407
2LDL 984 1.935 0.4164 0.7870
2LDL 985 2.093 0.3834 0.7407
2LDL 986 2.467 0.3475 0.7222
2LDL 987 2.037 0.3592 0.7685
2LDL 988 1.899 0.4151 0.7963
2LDL 989 2.032 0.3955 0.7778
2LDL 990 2.074 0.3805 0.7778
2LDL 991 2.029 0.3734 0.7778
2LDL 992 2.061 0.3750 0.7593
2LDL 993 1.953 0.3799 0.7870
2LDL 994 2.148 0.3618 0.7500
2LDL 995 2.326 0.3718 0.7315
2LDL 996 2.038 0.3916 0.7500
2LDL 997 2.015 0.3848 0.7778
2LDL 998 2.040 0.3851 0.7500
2LDL 999 2.080 0.3857 0.7685
2LDL 1000 1.918 0.4131 0.7870
2LDL 1001 1.787 0.3911 0.7963
2LDL 1002 2.211 0.3957 0.7685
2LDL 1003 2.318 0.3988 0.7593
2LDL 1004 2.672 0.3767 0.7315
2LDL 1005 2.138 0.4274 0.7685
2LDL 1006 2.343 0.4072 0.7685
2LDL 1007 2.480 0.4073 0.7778
2LDL 1008 2.276 0.4181 0.7685
2LDL 1009 1.825 0.4605 0.8333
2LDL 1010 1.883 0.4218 0.7963
2LDL 1011 2.319 0.4069 0.7685
2LDL 1012 2.512 0.3612 0.7407
2LDL 1013 2.500 0.3681 0.7500
2LDL 1014 2.079 0.4052 0.7685
2LDL 1015 2.234 0.3761 0.7593
2LDL 1016 2.230 0.3823 0.7500
2LDL 1017 2.257 0.3270 0.7315
2LDL 1018 2.005 0.3597 0.7685
2LDL 1019 1.892 0.3810 0.7963
2LDL 1020 2.132 0.3737 0.7500
2LDL 1021 2.435 0.3438 0.7130
2LDL 1022 2.193 0.3540 0.7500
2LDL 1023 2.138 0.3768 0.7407
2LDL 1024 2.125 0.3603 0.7593
2LDL 1025 2.107 0.3886 0.7593
2LDL 1026 2.294 0.3468 0.7407
2LDL 1027 2.420 0.3395 0.7222
2LDL 1028 2.374 0.3451 0.7222
2LDL 1029 2.067 0.3720 0.7593
2LDL 1030 2.217 0.3589 0.7500
2LDL 1031 2.164 0.3753 0.7500
2LDL 1032 2.116 0.3713 0.7500
2LDL 1033 2.386 0.3500 0.7407
2LDL 1034 2.186 0.3425 0.7407
2LDL 1035 2.056 0.3732 0.7500
2LDL 1036 2.238 0.3415 0.7407
2LDL 1037 1.958 0.3922 0.7870
2LDL 1038 1.869 0.3867 0.7963
2LDL 1039 2.090 0.4330 0.7963
2LDL 1040 2.193 0.4162 0.7778
2LDL 1041 2.298 0.3839 0.7685
2LDL 1042 2.209 0.3998 0.7500
2LDL 1043 2.243 0.4233 0.7685
2LDL 1044 1.919 0.3918 0.7870
2LDL 1045 1.872 0.4084 0.7870
2LDL 1046 2.146 0.4412 0.7870
2LDL 1047 2.500 0.3823 0.7222
2LDL 1048 2.191 0.4284 0.7778
2LDL 1049 1.980 0.4300 0.7685
2LDL 1050 1.987 0.3703 0.7778
2LDL 1051 2.309 0.4072 0.7315
2LDL 1052 2.353 0.3945 0.7407
2LDL 1053 2.250 0.3581 0.7315
2LDL 1054 1.783 0.4318 0.8148
2LDL 1055 2.097 0.4261 0.7870
2LDL 1056 2.319 0.3639 0.7407
2LDL 1057 2.452 0.3897 0.7500
2LDL 1058 2.020 0.3979 0.7870
2LDL 1059 1.954 0.4120 0.7778
2LDL 1060 1.953 0.3981 0.7593
2LDL 1061 2.031 0.3789 0.7685
2LDL 1062 2.066 0.4079 0.7778
2LDL 1063 2.167 0.3991 0.7500
2LDL 1064 2.119 0.4478 0.7870
2LDL 1065 2.128 0.4342 0.7870
2LDL 1066 2.057 0.4306 0.7778
2LDL 1067 1.865 0.4260 0.7778
2LDL 1068 2.080 0.3694 0.7593
2LDL 1069 2.566 0.3550 0.7315
2LDL 1070 2.427 0.3622 0.7222
2LDL 1071 2.085 0.3704 0.7500
2LDL 1072 1.788 0.4169 0.7778
2LDL 1073 2.159 0.3402 0.7315
2LDL 1074 2.249 0.3462 0.7407
2LDL 1075 2.117 0.3390 0.7222
2LDL 1076 2.119 0.3504 0.7500
2LDL 1077 2.162 0.3645 0.7407
2LDL 1078 2.046 0.4086 0.7685
2LDL 1079 1.987 0.3769 0.7778
2LDL 1080 1.969 0.4402 0.7870
2LDL 1081 2.264 0.3614 0.7407
2LDL 1082 2.131 0.3940 0.7593
2LDL 1083 1.919 0.3968 0.7963
2LDL 1084 1.910 0.4149 0.7778
2LDL 1085 1.979 0.3679 0.7870
2LDL 1086 1.915 0.3597 0.7685
2LDL 1087 1.820 0.3920 0.7778
2LDL 1088 1.821 0.4050 0.7870
2LDL 1089 2.011 0.4173 0.7685
2LDL 1090 2.077 0.3675 0.7407
2LDL 1091 1.792 0.4270 0.8056
2LDL 1092 1.821 0.4015 0.7778
2LDL 1093 1.751 0.3986 0.7870
2LDL 1094 1.569 0.4395 0.8056
2LDL 1095 1.556 0.4666 0.8241
2LDL 1096 1.762 0.4027 0.7778
2LDL 1097 1.507 0.4805 0.8241
2LDL 1098 1.747 0.4286 0.7870
2LDL 1099 1.286 0.4987 0.8519
2LDL 1100 1.424 0.5018 0.8611
2LDL 1101 1.726 0.3996 0.7870
2LDL 1102 1.999 0.4065 0.7870
2LDL 1103 1.675 0.4163 0.7963
2LDL 1104 1.638 0.4720 0.8333
2LDL 1105 1.682 0.4495 0.8241
2LDL 1106 1.503 0.4391 0.8241
2LDL 1107 1.631 0.3890 0.8148
2LDL 1108 1.598 0.4108 0.7963
2LDL 1109 1.778 0.3578 0.7778
2LDL 1110 1.683 0.3875 0.7870
2LDL 1111 1.705 0.3946 0.7963
2LDL 1112 1.487 0.4185 0.8241
2LDL 1113 1.738 0.3706 0.7870
2LDL 1114 1.789 0.3924 0.7870
2LDL 1115 1.710 0.4211 0.8148
2LDL 1116 1.827 0.3996 0.7778
2LDL 1117 2.048 0.3801 0.7500
2LDL 1118 1.879 0.3894 0.7778
2LDL 1119 1.941 0.4212 0.7870
2LDL 1120 2.033 0.4132 0.7963
2LDL 1121 2.018 0.3799 0.7407
2LDL 1122 1.735 0.4898 0.8241
2LDL 1123 2.063 0.4082 0.7593
2LDL 1124 2.248 0.3818 0.7593
2LDL 1125 1.971 0.3780 0.7685
2LDL 1126 1.890 0.4502 0.7963
2LDL 1127 2.126 0.4145 0.7870
2LDL 1128 1.581 0.4905 0.8426
2LDL 1129 1.522 0.4473 0.8333
2LDL 1130 1.545 0.4395 0.8148
2LDL 1131 1.471 0.4844 0.8426
2LDL 1132 1.721 0.3714 0.7870
2LDL 1133 1.535 0.4552 0.8241
2LDL 1134 1.642 0.4646 0.8148
2LDL 1135 1.717 0.4242 0.8056
2LDL 1136 1.512 0.4714 0.8241
2LDL 1137 1.534 0.4498 0.8241
2LDL 1138 1.640 0.4187 0.8056
2LDL 1139 1.510 0.4777 0.8519
2LDL 1140 1.463 0.4525 0.8241
2LDL 1141 1.586 0.4327 0.8056
2LDL 1142 1.625 0.3966 0.7963
2LDL 1143 1.575 0.4335 0.8148
2LDL 1144 1.607 0.4441 0.8148
2LDL 1145 1.830 0.4406 0.8056
2LDL 1146 1.710 0.3964 0.8148
2LDL 1147 1.792 0.3868 0.8056
2LDL 1148 1.869 0.3927 0.7870
2LDL 1149 1.490 0.4630 0.8333
2LDL 1150 1.684 0.4600 0.8241
2LDL 1151 1.596 0.4237 0.8148
2LDL 1152 1.704 0.4174 0.7870
2LDL 1153 1.685 0.4347 0.8148
2LDL 1154 1.574 0.4471 0.8056
2LDL 1155 1.626 0.4652 0.8148
2LDL 1156 1.628 0.4237 0.8056
2LDL 1157 1.634 0.4452 0.8241
2LDL 1158 1.563 0.4586 0.8241
2LDL 1159 1.854 0.4408 0.7870
2LDL 1160 1.771 0.3548 0.7778
2LDL 1161 1.517 0.4020 0.8148
2LDL 1162 1.713 0.4098 0.8148
2LDL 1163 1.936 0.3337 0.7685
2LDL 1164 1.640 0.4016 0.8056
2LDL 1165 1.636 0.4259 0.8056
2LDL 1166 1.690 0.3710 0.7963
2LDL 1167 1.831 0.3460 0.7778
2LDL 1168 1.682 0.3951 0.7870
2LDL 1169 1.725 0.4073 0.7963
2LDL 1170 1.653 0.3695 0.7778
2LDL 1171 1.552 0.4251 0.8056
2LDL 1172 1.469 0.4495 0.8148
2LDL 1173 1.469 0.4522 0.8426
2LDL 1174 1.533 0.3981 0.8333
2LDL 1175 1.606 0.3953 0.8148
2LDL 1176 1.842 0.3961 0.7963
2LDL 1177 1.647 0.4299 0.8148
2LDL 1178 1.910 0.3934 0.7778
2LDL 1179 1.508 0.4264 0.8241
2LDL 1180 1.481 0.4537 0.8333
2LDL 1181 1.755 0.4185 0.7870
2LDL 1182 1.465 0.4616 0.8241
2LDL 1183 1.783 0.3820 0.7870
2LDL 1184 1.630 0.4233 0.8241
2LDL 1185 1.422 0.4367 0.8333
2LDL 1186 1.827 0.3814 0.7778
2LDL 1187 1.554 0.4525 0.8426
2LDL 1188 1.679 0.3867 0.8148
2LDL 1189 1.763 0.3913 0.7870
2LDL 1190 1.601 0.3852 0.8056
2LDL 1191 1.620 0.4272 0.8056
2LDL 1192 1.477 0.4826 0.8426
2LDL 1193 1.555 0.4400 0.8333
2LDL 1194 1.515 0.4652 0.8426
2LDL 1195 1.754 0.4254 0.8241
2LDL 1196 1.484 0.4733 0.8426
2LDL 1197 1.452 0.4493 0.8241
2LDL 1198 1.342 0.4694 0.8519
2LDL 1199 1.453 0.4892 0.8519
2LDL 1200 1.479 0.4747 0.8519
2LDL 1201 1.614 0.4163 0.7963
2LDL 1202 1.380 0.5209 0.8519
2LDL 1203 1.633 0.4349 0.8148
2LDL 1204 1.532 0.4626 0.8241
2LDL 1205 1.632 0.4578 0.8148
2LDL 1206 1.641 0.4202 0.8241
2LDL 1207 1.616 0.3901 0.8056
2LDL 1208 1.652 0.3978 0.8241
2LDL 1209 1.719 0.4592 0.8148
2LDL 1210 1.756 0.4046 0.7963
2LDL 1211 1.493 0.4517 0.8148
2LDL 1212 1.494 0.4454 0.8148
2LDL 1213 1.446 0.4468 0.8426
2LDL 1214 1.687 0.3902 0.7870
2LDL 1215 1.694 0.4622 0.8241
2LDL 1216 1.479 0.4384 0.8148
2LDL 1217 1.674 0.3761 0.7870
2LDL 1218 1.642 0.4209 0.8148
2LDL 1219 1.597 0.4314 0.8148
2LDL 1220 1.544 0.4506 0.8056
2LDL 1221 1.722 0.4288 0.8056
2LDL 1222 1.579 0.4107 0.8241
2LDL 1223 1.452 0.4435 0.8056
2LDL 1224 1.755 0.3887 0.7963
2LDL 1225 1.926 0.3564 0.7685
2LDL 1226 2.048 0.3734 0.7593
2LDL 1227 2.047 0.3950 0.7870
2LDL 1228 2.332 0.3569 0.7407
2LDL 1229 1.813 0.4200 0.7870
2LDL 1230 1.897 0.4244 0.7963
2LDL 1231 1.952 0.3960 0.7778
2LDL 1232 1.891 0.3830 0.7870
2LDL 1233 1.653 0.4493 0.8241
2LDL 1234 1.838 0.4631 0.8333
2LDL 1235 1.895 0.4398 0.8148
2LDL 1236 1.980 0.3805 0.7963
2LDL 1237 2.090 0.3526 0.7593
2LDL 1238 2.007 0.3758 0.7593
2LDL 1239 2.167 0.4105 0.7778
2LDL 1240 1.962 0.4315 0.7963
2LDL 1241 1.947 0.4254 0.7778
2LDL 1242 1.884 0.3924 0.7778
2LDL 1243 2.035 0.4019 0.7685
2LDL 1244 1.974 0.3922 0.7593
2LDL 1245 1.827 0.4126 0.8056
2LDL 1246 1.924 0.4249 0.8056
2LDL 1247 2.149 0.3595 0.7778
2LDL 1248 1.659 0.3944 0.8148
2LDL 1249 1.633 0.3749 0.7963
2LDL 1250 1.936 0.3641 0.7778
2LDL 1251 2.144 0.3597 0.7315
2LDL 1252 2.292 0.3617 0.7315
2LDL 1253 2.080 0.4652 0.8333
2LDL 1254 2.019 0.3555 0.7593
2LDL 1255 1.821 0.3837 0.7685
2LDL 1256 1.949 0.3522 0.7685
2LDL 1257 1.844 0.4681 0.8241
2LDL 1258 1.897 0.3802 0.7685
2LDL 1259 2.036 0.4034 0.7778
2LDL 1260 1.896 0.4538 0.8148
2LDL 1261 1.455 0.5059 0.8519
2LDL 1262 1.704 0.4164 0.8056
2LDL 1263 1.559 0.4294 0.8056
2LDL 1264 1.874 0.3811 0.7870
2LDL 1265 1.607 0.4816 0.8426
2LDL 1266 2.055 0.3785 0.7778
2LDL 1267 2.176 0.3943 0.7778
2LDL 1268 1.959 0.3606 0.7685
2LDL 1269 1.709 0.4476 0.8148
2LDL 1270 1.676 0.3962 0.8056
2LDL 1271 1.932 0.3515 0.7685
2LDL 1272 1.731 0.3843 0.7963
2LDL 1273 1.853 0.3924 0.7685
2LDL 1274 2.249 0.3956 0.7685
2LDL 1275 2.349 0.4023 0.7870
2LDL 1276 1.909 0.3685 0.7685
2LDL 1277 1.697 0.4210 0.8056
2LDL 1278 2.080 0.3948 0.7778
2LDL 1279 2.236 0.3976 0.7593
2LDL 1280 2.097 0.4078 0.8148
2LDL 1281 2.143 0.3629 0.7778
2LDL 1282 1.985 0.3803 0.7778
2LDL 1283 2.159 0.3942 0.7870
2LDL 1284 1.999 0.4042 0.8056
2LDL 1285 1.995 0.3452 0.7500
2LDL 1286 2.298 0.3692 0.7407
2LDL 1287 2.067 0.4236 0.8056
2LDL 1288 2.059 0.3724 0.7685
2LDL 1289 1.943 0.4200 0.7870
2LDL 1290 2.141 0.3383 0.7500
2LDL 1291 1.858 0.3900 0.7778
2LDL 1292 1.836 0.3746 0.7685
2LDL 1293 2.036 0.3584 0.7685
2LDL 1294 1.938 0.3379 0.7500
2LDL 1295 1.883 0.3631 0.7685
2LDL 1296 1.901 0.3775 0.7778
2LDL 1297 1.988 0.3259 0.7407
2LDL 1298 2.011 0.3369 0.7407
2LDL 1299 2.063 0.3414 0.7500
2LDL 1300 2.058 0.3415 0.7500
2LDL 1301 1.934 0.3907 0.7593
2LDL 1302 2.008 0.3996 0.7870
2LDL 1303 2.058 0.3429 0.7593
2LDL 1304 2.155 0.3505 0.7500
2LDL 1305 1.938 0.3738 0.7685
2LDL 1306 2.014 0.3505 0.7593
2LDL 1307 1.932 0.4120 0.7963
2LDL 1308 1.864 0.3990 0.7963
2LDL 1309 2.087 0.3489 0.7500
2LDL 1310 2.108 0.3799 0.7685
2LDL 1311 2.038 0.4123 0.7870
2LDL 1312 1.970 0.3607 0.7593
2LDL 1313 2.015 0.3326 0.7685
2LDL 1314 2.031 0.3666 0.7685
2LDL 1315 2.101 0.3357 0.7407
2LDL 1316 2.210 0.3137 0.7222
2LDL 1317 2.177 0.3472 0.7315
2LDL 1318 2.271 0.2891 0.7130
2LDL 1319 2.085 0.3289 0.7315
2LDL 1320 2.115 0.3459 0.7500
2LDL 1321 2.143 0.3313 0.7222
2LDL 1322 1.816 0.3725 0.7870
2LDL 1323 2.143 0.3811 0.7500
2LDL 1324 1.918 0.3761 0.7778
2LDL 1325 1.950 0.3550 0.7870
2LDL 1326 2.013 0.3910 0.7963
2LDL 1327 2.059 0.3301 0.7500
2LDL 1328 2.394 0.3160 0.7130
2LDL 1329 2.139 0.3535 0.7500
2LDL 1330 1.911 0.3689 0.7593
2LDL 1331 2.231 0.3334 0.7222
2LDL 1332 1.998 0.3554 0.7407
2LDL 1333 2.017 0.4073 0.7778
2LDL 1334 1.868 0.4539 0.8241
2LDL 1335 1.864 0.4020 0.7963
2LDL 1336 2.097 0.3412 0.7407
2LDL 1337 2.218 0.3438 0.7685
2LDL 1338 2.009 0.4234 0.7870
2LDL 1339 2.346 0.3632 0.7500
2LDL 1340 2.329 0.3589 0.7407
2LDL 1341 1.984 0.3892 0.7778
2LDL 1342 1.964 0.3450 0.7593
2LDL 1343 2.007 0.3708 0.7685
2LDL 1344 1.901 0.3583 0.7778
2LDL 1345 2.007 0.3952 0.8056
2LDL 1346 1.954 0.4262 0.8148
2LDL 1347 2.199 0.2971 0.7407
2LDL 1348 1.896 0.4199 0.8056
2LDL 1349 2.012 0.3444 0.7593
2LDL 1350 2.127 0.3269 0.7593
2LDL 1351 2.024 0.3553 0.7500
2LDL 1352 2.187 0.3456 0.7778
2LDL 1353 2.064 0.3819 0.7778
2LDL 1354 1.711 0.4287 0.8056
2LDL 1355 1.562 0.4740 0.8519
2LDL 1356 1.621 0.4738 0.8333
2LDL 1357 1.649 0.4279 0.8056
2LDL 1358 1.461 0.4312 0.8333
2LDL 1359 1.710 0.3776 0.7778
2LDL 1360 1.586 0.4154 0.8148
2LDL 1361 1.507 0.4078 0.8148
2LDL 1362 1.756 0.3837 0.7963
2LDL 1363 1.711 0.3951 0.7870
2LDL 1364 1.749 0.3831 0.7778
2LDL 1365 1.896 0.3262 0.7222
2LDL 1366 1.720 0.4154 0.7870
2LDL 1367 1.598 0.4130 0.8056
2LDL 1368 1.756 0.3856 0.7870
2LDL 1369 1.720 0.3842 0.7778
2LDL 1370 1.730 0.3791 0.7778
2LDL 1371 1.793 0.3787 0.7778
2LDL 1372 1.556 0.4173 0.8056
2LDL 1373 1.680 0.3732 0.7963
2LDL 1374 2.027 0.3358 0.7685
2LDL 1375 2.123 0.3544 0.7407
2LDL 1376 1.978 0.3448 0.7500
2LDL 1377 2.191 0.3519 0.7593
2LDL 1378 1.953 0.4105 0.8056
2LDL 1379 2.088 0.3602 0.7685
2LDL 1380 1.970 0.3956 0.7870
2LDL 1381 2.041 0.3356 0.7593
2LDL 1382 1.929 0.3777 0.7593
2LDL 1383 1.766 0.4161 0.8056
2LDL 1384 1.970 0.4069 0.7778
2LDL 1385 1.988 0.3703 0.7593
2LDL 1386 1.848 0.3694 0.7870
2LDL 1387 2.034 0.3545 0.7407
2LDL 1388 2.308 0.3013 0.7222
2LDL 1389 2.481 0.3048 0.7315
2LDL 1390 2.364 0.3169 0.7315
2LDL 1391 2.552 0.3187 0.7037
2LDL 1392 2.789 0.2876 0.6944
2LDL 1393 2.709 0.3331 0.7222
2LDL 1394 2.742 0.3220 0.7037
2LDL 1395 2.767 0.3271 0.7315
2LDL 1396 2.908 0.2954 0.6944
2LDL 1397 2.742 0.3345 0.7130
2LDL 1398 2.838 0.2885 0.6944
2LDL 1399 2.718 0.3009 0.6944
2LDL 1400 3.148 0.2497 0.6852
2LDL 1401 3.111 0.2901 0.6944
2LDL 1402 3.233 0.2538 0.6667
2LDL 1403 3.347 0.2919 0.6667
2LDL 1404 2.995 0.3309 0.7130
2LDL 1405 2.958 0.3014 0.6944
2LDL 1406 3.258 0.3629 0.7222
2LDL 1407 3.378 0.3461 0.7130
2LDL 1408 3.226 0.3089 0.6852
2LDL 1409 3.344 0.3632 0.7130
2LDL 1410 3.200 0.3753 0.7500
2LDL 1411 2.932 0.3497 0.7222
2LDL 1412 3.267 0.2886 0.6759
2LDL 1413 2.919 0.3273 0.7130
2LDL 1414 3.050 0.3166 0.6944
2LDL 1415 2.869 0.3280 0.7037
2LDL 1416 3.100 0.3161 0.6852
2LDL 1417 2.908 0.2906 0.6759
2LDL 1418 3.086 0.2837 0.6759
2LDL 1419 2.710 0.3151 0.7315
2LDL 1420 2.883 0.2656 0.6759
2LDL 1421 3.227 0.2327 0.6389
2LDL 1422 2.809 0.2941 0.6852
2LDL 1423 3.141 0.2223 0.6296
2LDL 1424 2.995 0.2464 0.6481
2LDL 1425 3.001 0.2420 0.6481
2LDL 1426 2.946 0.2735 0.6759
2LDL 1427 2.991 0.2619 0.6574
2LDL 1428 2.923 0.2647 0.6574
2LDL 1429 3.026 0.2344 0.6574
2LDL 1430 3.196 0.2090 0.6389
2LDL 1431 3.027 0.2512 0.6574
2LDL 1432 3.018 0.2863 0.6667
2LDL 1433 3.247 0.2508 0.6574
2LDL 1434 3.193 0.2276 0.6481
2LDL 1435 2.796 0.2584 0.6759
