2N6X 1 0.000 1.0000 1.0000
2N6X 2 3.888 0.4732 0.6744
2N6X 3 2.133 0.5838 0.7849
2N6X 4 1.997 0.5696 0.8081
2N6X 5 2.330 0.5936 0.7907
2N6X 6 6.883 0.4783 0.6105
2N6X 7 1.240 0.7535 0.8895
2N6X 8 2.008 0.5767 0.7791
2N6X 9 4.202 0.4596 0.6744
2N6X 10 4.420 0.4566 0.6570
2N6X 11 20.961 0.1462 0.2151
2N6X 12 18.187 0.1441 0.2035
2N6X 13 23.272 0.1440 0.1919
2N6X 14 21.676 0.1363 0.2151
2N6X 15 14.922 0.1268 0.1860
2N6X 16 22.069 0.1414 0.1977
2N6X 17 21.327 0.1624 0.2384
2N6X 18 15.440 0.1628 0.2093
2N6X 19 17.055 0.1596 0.2674
2N6X 20 18.767 0.1396 0.1977
2N6X 21 16.870 0.1682 0.2558
2N6X 22 13.914 0.1622 0.2326
2N6X 23 23.804 0.1934 0.2674
2N6X 24 15.443 0.1546 0.2093
2N6X 25 16.579 0.1637 0.2326
2N6X 26 22.728 0.1809 0.2558
2N6X 27 23.730 0.1510 0.1860
2N6X 28 17.244 0.1512 0.2151
2N6X 29 17.359 0.1630 0.2616
2N6X 30 18.022 0.1500 0.2209
2N6X 31 19.364 0.1431 0.2326
2N6X 32 15.685 0.1737 0.2674
2N6X 33 15.869 0.1497 0.2326
2N6X 34 19.043 0.1629 0.2674
2N6X 35 17.541 0.1704 0.2267
2N6X 36 16.831 0.1731 0.2558
2N6X 37 17.011 0.1452 0.2151
2N6X 38 19.113 0.1597 0.2442
2N6X 39 28.107 0.1547 0.2151
2N6X 40 21.540 0.1822 0.2326
2N6X 41 12.159 0.1773 0.2616
2N6X 42 17.222 0.1499 0.2442
2N6X 43 16.402 0.1617 0.2500
2N6X 44 17.805 0.1356 0.2093
2N6X 45 20.611 0.1620 0.2267
2N6X 46 11.636 0.1803 0.2907
2N6X 47 15.759 0.1622 0.2151
2N6X 48 13.701 0.2022 0.2849
2N6X 49 17.738 0.1805 0.2558
2N6X 50 25.055 0.1728 0.2326
2N6X 51 18.282 0.1597 0.2442
2N6X 52 15.249 0.1061 0.1744
2N6X 53 18.150 0.1590 0.2558
2N6X 54 18.048 0.1817 0.2674
2N6X 55 17.214 0.1892 0.2965
2N6X 56 12.542 0.1613 0.2791
2N6X 57 12.506 0.1742 0.2558
2N6X 58 15.390 0.1915 0.2849
2N6X 59 13.642 0.1603 0.2442
2N6X 60 21.452 0.1194 0.1686
2N6X 61 15.560 0.1615 0.2558
2N6X 62 22.058 0.1782 0.2326
2N6X 63 13.101 0.1222 0.2093
2N6X 64 13.640 0.1966 0.3256
2N6X 65 17.908 0.1813 0.2500
2N6X 66 16.496 0.1422 0.2093
2N6X 67 19.521 0.1381 0.1977
2N6X 68 14.092 0.1766 0.2326
2N6X 69 16.001 0.1538 0.2151
2N6X 70 22.062 0.1739 0.2616
2N6X 71 15.829 0.1448 0.2093
2N6X 72 18.692 0.1769 0.2616
2N6X 73 17.856 0.2058 0.2965
2N6X 74 13.119 0.1594 0.2267
2N6X 75 18.031 0.1633 0.2384
2N6X 76 12.199 0.1807 0.2384
2N6X 77 13.739 0.1927 0.2326
2N6X 78 13.191 0.1568 0.2267
2N6X 79 12.989 0.1662 0.2907
2N6X 80 16.581 0.1735 0.2326
2N6X 81 13.015 0.1597 0.2151
2N6X 82 14.745 0.1784 0.2558
2N6X 83 16.550 0.1671 0.2442
2N6X 84 15.865 0.1790 0.2733
2N6X 85 15.842 0.1561 0.2384
2N6X 86 15.672 0.1352 0.1919
2N6X 87 18.429 0.1445 0.2267
2N6X 88 14.653 0.1635 0.2093
2N6X 89 23.767 0.1551 0.2500
2N6X 90 13.251 0.1489 0.2151
2N6X 91 19.307 0.1386 0.1860
2N6X 92 14.665 0.1128 0.1919
2N6X 93 16.844 0.1693 0.2326
2N6X 94 24.067 0.1618 0.2384
2N6X 95 13.021 0.1691 0.2674
2N6X 96 21.382 0.1472 0.2384
2N6X 97 14.222 0.1319 0.1977
2N6X 98 18.181 0.1665 0.2093
2N6X 99 14.330 0.1720 0.2907
2N6X 100 19.953 0.1302 0.2093
2N6X 101 19.958 0.1532 0.2209
2N6X 102 21.138 0.1593 0.2151
2N6X 103 13.618 0.1868 0.2558
2N6X 104 21.683 0.1644 0.2442
2N6X 105 18.726 0.1400 0.2151
2N6X 106 13.845 0.1785 0.2733
2N6X 107 14.827 0.1695 0.2384
2N6X 108 20.847 0.1337 0.2035
2N6X 109 15.714 0.1595 0.2733
2N6X 110 8.053 0.1914 0.3488
2N6X 111 11.848 0.2106 0.3081
2N6X 112 13.241 0.1586 0.2326
2N6X 113 13.343 0.1511 0.2558
2N6X 114 18.338 0.1736 0.2384
2N6X 115 14.676 0.1791 0.2442
2N6X 116 11.354 0.1832 0.2733
2N6X 117 14.741 0.1601 0.2267
2N6X 118 15.210 0.1857 0.3023
2N6X 119 14.631 0.1993 0.3256
2N6X 120 14.774 0.2085 0.3256
2N6X 121 12.184 0.1551 0.2442
2N6X 122 13.576 0.1605 0.2384
2N6X 123 14.741 0.1575 0.2442
2N6X 124 12.978 0.1460 0.2093
2N6X 125 13.012 0.1512 0.2093
2N6X 126 14.721 0.1416 0.2500
2N6X 127 12.717 0.1787 0.2384
2N6X 128 12.748 0.1569 0.2267
2N6X 129 13.607 0.1547 0.2267
2N6X 130 12.863 0.1429 0.2151
2N6X 131 18.942 0.1285 0.1628
2N6X 132 10.685 0.1529 0.2791
2N6X 133 12.639 0.1938 0.2733
2N6X 134 19.869 0.1060 0.1802
2N6X 135 12.010 0.1632 0.2384
2N6X 136 13.123 0.1515 0.2326
2N6X 137 10.169 0.1632 0.2907
2N6X 138 22.371 0.1672 0.2384
2N6X 139 20.360 0.1071 0.1686
2N6X 140 18.897 0.1258 0.2151
2N6X 141 13.804 0.1319 0.1977
2N6X 142 19.720 0.1544 0.2035
2N6X 143 18.219 0.2298 0.3023
2N6X 144 9.600 0.2079 0.3372
2N6X 145 19.256 0.1519 0.2442
2N6X 146 13.408 0.1891 0.2965
2N6X 147 16.960 0.1689 0.2442
2N6X 148 15.007 0.1418 0.2209
2N6X 149 19.421 0.2128 0.2791
2N6X 150 12.412 0.1683 0.2267
2N6X 151 14.284 0.1731 0.2616
2N6X 152 20.649 0.1838 0.2616
2N6X 153 13.561 0.1540 0.2326
2N6X 154 14.651 0.1864 0.2791
2N6X 155 17.633 0.1563 0.2093
2N6X 156 20.547 0.1672 0.2209
2N6X 157 15.475 0.1944 0.2965
2N6X 158 18.890 0.1642 0.2384
2N6X 159 13.550 0.1531 0.2267
2N6X 160 10.357 0.1925 0.3140
2N6X 161 15.878 0.1737 0.2500
2N6X 162 14.702 0.1801 0.2791
2N6X 163 12.378 0.1435 0.2093
2N6X 164 14.861 0.1436 0.2267
2N6X 165 17.607 0.1619 0.2209
2N6X 166 12.580 0.2035 0.3198
2N6X 167 15.099 0.1517 0.2209
2N6X 168 13.377 0.1493 0.2093
2N6X 169 12.279 0.1992 0.2791
2N6X 170 12.789 0.1540 0.2209
2N6X 171 18.394 0.1306 0.2093
2N6X 172 19.504 0.1036 0.1744
2N6X 173 17.909 0.1485 0.2500
2N6X 174 16.380 0.2173 0.2965
2N6X 175 16.267 0.1555 0.2209
2N6X 176 17.449 0.1451 0.2151
2N6X 177 11.778 0.1888 0.2849
2N6X 178 15.016 0.1511 0.2267
2N6X 179 14.722 0.1467 0.2151
2N6X 180 17.371 0.1528 0.2209
2N6X 181 14.347 0.1491 0.2500
2N6X 182 13.807 0.1425 0.2151
2N6X 183 15.080 0.1243 0.1744
2N6X 184 19.370 0.1397 0.2267
2N6X 185 13.439 0.2678 0.3721
2N6X 186 10.957 0.1788 0.2674
2N6X 187 20.323 0.1870 0.2558
2N6X 188 11.054 0.1526 0.2616
2N6X 189 16.842 0.1589 0.2035
2N6X 190 15.725 0.1623 0.2267
2N6X 191 16.836 0.1324 0.2093
2N6X 192 22.290 0.1691 0.2384
2N6X 193 16.110 0.1386 0.2035
2N6X 194 13.658 0.1562 0.2151
2N6X 195 17.732 0.1505 0.2326
2N6X 196 15.778 0.1651 0.2500
2N6X 197 19.040 0.1737 0.2209
2N6X 198 16.392 0.1522 0.2151
2N6X 199 20.337 0.1868 0.2616
2N6X 200 13.528 0.1573 0.2558
2N6X 201 14.910 0.1782 0.2500
2N6X 202 16.746 0.1592 0.2209
2N6X 203 12.803 0.1549 0.2209
2N6X 204 23.590 0.1851 0.2674
2N6X 205 11.842 0.1698 0.2674
2N6X 206 12.349 0.1796 0.2616
2N6X 207 11.510 0.1684 0.2674
2N6X 208 13.838 0.1749 0.2442
2N6X 209 14.829 0.1688 0.2442
2N6X 210 13.332 0.1606 0.2267
2N6X 211 16.333 0.0959 0.1628
2N6X 212 20.879 0.1354 0.1860
2N6X 213 16.930 0.0882 0.1512
2N6X 214 17.207 0.1417 0.2267
2N6X 215 17.852 0.1346 0.2209
2N6X 216 16.966 0.1600 0.2209
2N6X 217 15.888 0.1497 0.2093
2N6X 218 15.934 0.1920 0.2907
2N6X 219 23.021 0.1639 0.2558
2N6X 220 17.944 0.1375 0.2035
2N6X 221 14.744 0.1742 0.2442
2N6X 222 10.168 0.2083 0.2965
2N6X 223 19.652 0.1572 0.2151
2N6X 224 15.475 0.1909 0.2616
2N6X 225 18.678 0.1307 0.2151
2N6X 226 15.229 0.1834 0.2442
2N6X 227 15.618 0.1573 0.2209
2N6X 228 16.990 0.1657 0.2326
2N6X 229 11.830 0.1802 0.2849
2N6X 230 12.171 0.1980 0.2965
2N6X 231 19.450 0.2186 0.2849
2N6X 232 15.642 0.1667 0.2442
2N6X 233 10.655 0.2211 0.3140
2N6X 234 16.979 0.1409 0.2035
2N6X 235 12.169 0.1600 0.2558
2N6X 236 23.725 0.2056 0.2907
2N6X 237 15.968 0.1450 0.2093
2N6X 238 15.085 0.1629 0.2849
2N6X 239 20.970 0.1252 0.2093
2N6X 240 11.389 0.1518 0.2616
2N6X 241 16.448 0.1795 0.2733
2N6X 242 18.950 0.1746 0.2442
2N6X 243 19.070 0.1748 0.2907
2N6X 244 12.995 0.1816 0.2616
2N6X 245 16.659 0.1697 0.2674
2N6X 246 14.941 0.1959 0.2674
2N6X 247 13.427 0.2001 0.3023
2N6X 248 16.154 0.1542 0.2674
2N6X 249 13.814 0.1414 0.2209
2N6X 250 14.261 0.1609 0.2209
2N6X 251 25.968 0.1372 0.1744
2N6X 252 22.310 0.0965 0.1395
2N6X 253 14.495 0.2357 0.3372
2N6X 254 11.546 0.2018 0.3023
2N6X 255 12.057 0.1944 0.2907
2N6X 256 19.612 0.1542 0.2558
2N6X 257 18.033 0.1947 0.2500
2N6X 258 11.331 0.1554 0.2616
2N6X 259 14.147 0.1903 0.2558
2N6X 260 13.535 0.1634 0.2267
2N6X 261 20.011 0.1541 0.2209
2N6X 262 15.193 0.1444 0.2035
2N6X 263 21.807 0.1455 0.1977
2N6X 264 10.475 0.2586 0.3488
2N6X 265 12.410 0.1860 0.2733
2N6X 266 16.230 0.2271 0.3663
2N6X 267 10.789 0.2229 0.3605
2N6X 268 17.947 0.2131 0.2965
2N6X 269 16.703 0.1790 0.2500
2N6X 270 16.395 0.1515 0.2442
2N6X 271 11.924 0.1622 0.2326
2N6X 272 23.650 0.1289 0.2093
2N6X 273 17.439 0.1521 0.2442
2N6X 274 12.058 0.1627 0.2442
2N6X 275 18.841 0.1833 0.2616
2N6X 276 18.945 0.1480 0.2267
2N6X 277 14.662 0.1598 0.2326
2N6X 278 15.040 0.1444 0.2151
2N6X 279 14.653 0.2205 0.3023
2N6X 280 16.331 0.1871 0.2791
2N6X 281 13.554 0.1629 0.2674
2N6X 282 17.856 0.1866 0.2907
2N6X 283 20.471 0.1834 0.2558
2N6X 284 16.021 0.1176 0.1919
2N6X 285 13.878 0.1451 0.2093
2N6X 286 19.871 0.1442 0.2209
2N6X 287 22.208 0.1472 0.2209
2N6X 288 14.143 0.1381 0.2093
2N6X 289 15.052 0.1397 0.2035
2N6X 290 11.181 0.2335 0.3430
2N6X 291 18.554 0.0999 0.1512
2N6X 292 22.283 0.1315 0.1628
2N6X 293 20.755 0.1248 0.1802
2N6X 294 10.095 0.1892 0.3198
2N6X 295 14.856 0.1407 0.2267
2N6X 296 19.593 0.1144 0.1860
2N6X 297 15.804 0.1505 0.2326
2N6X 298 16.952 0.1576 0.2093
2N6X 299 17.525 0.1705 0.2384
2N6X 300 15.626 0.1698 0.2384
2N6X 301 21.838 0.1586 0.2093
2N6X 302 19.008 0.1759 0.2558
2N6X 303 15.559 0.1550 0.2151
2N6X 304 12.752 0.1687 0.2965
2N6X 305 16.403 0.2402 0.3430
2N6X 306 15.306 0.2053 0.3198
2N6X 307 20.036 0.1526 0.2267
2N6X 308 17.763 0.1707 0.2558
2N6X 309 15.014 0.1857 0.2733
2N6X 310 17.768 0.1512 0.2035
2N6X 311 18.490 0.2076 0.2849
2N6X 312 15.428 0.1444 0.2267
2N6X 313 22.282 0.1687 0.2616
2N6X 314 19.656 0.1964 0.2500
2N6X 315 14.877 0.1539 0.2500
2N6X 316 15.455 0.1327 0.1977
2N6X 317 21.102 0.1397 0.2558
2N6X 318 16.812 0.1805 0.2326
2N6X 319 19.954 0.1604 0.2500
2N6X 320 18.778 0.1569 0.2384
2N6X 321 21.248 0.1561 0.2326
2N6X 322 13.515 0.1377 0.1977
2N6X 323 13.472 0.1812 0.2384
2N6X 324 14.693 0.1649 0.2442
2N6X 325 12.425 0.1606 0.2326
2N6X 326 13.314 0.1852 0.2384
2N6X 327 17.440 0.1536 0.2093
2N6X 328 13.063 0.1555 0.2558
2N6X 329 15.113 0.2445 0.3430
2N6X 330 12.551 0.1457 0.2093
2N6X 331 18.087 0.1225 0.1860
2N6X 332 17.423 0.1665 0.2267
2N6X 333 11.892 0.1846 0.3081
2N6X 334 16.463 0.1448 0.1977
2N6X 335 21.551 0.1470 0.2674
2N6X 336 24.389 0.1443 0.2093
2N6X 337 19.091 0.1683 0.2558
2N6X 338 18.654 0.1620 0.2267
2N6X 339 15.027 0.1678 0.2267
2N6X 340 11.686 0.1684 0.2733
2N6X 341 17.952 0.1333 0.2035
2N6X 342 18.675 0.1552 0.2267
2N6X 343 18.213 0.1566 0.2616
2N6X 344 12.956 0.1566 0.2384
2N6X 345 12.802 0.1364 0.2151
2N6X 346 17.972 0.1890 0.2674
2N6X 347 18.623 0.1603 0.2209
2N6X 348 10.722 0.1606 0.2849
2N6X 349 15.189 0.1349 0.1977
2N6X 350 14.941 0.1388 0.1919
2N6X 351 13.071 0.1493 0.2093
2N6X 352 19.238 0.1615 0.2326
2N6X 353 15.877 0.1670 0.2442
2N6X 354 14.801 0.1798 0.2442
2N6X 355 13.361 0.1699 0.2267
2N6X 356 9.902 0.2104 0.3430
2N6X 357 20.706 0.1609 0.2384
2N6X 358 16.464 0.1606 0.2733
2N6X 359 12.882 0.1840 0.2500
2N6X 360 12.596 0.2127 0.3488
2N6X 361 16.488 0.1683 0.2791
2N6X 362 14.323 0.1860 0.2384
2N6X 363 12.455 0.1616 0.2442
2N6X 364 19.269 0.1890 0.2849
2N6X 365 17.218 0.1266 0.1919
2N6X 366 12.051 0.1572 0.2151
2N6X 367 13.317 0.1514 0.2035
2N6X 368 14.904 0.1494 0.2267
2N6X 369 13.053 0.1476 0.2151
2N6X 370 13.436 0.1553 0.2326
2N6X 371 26.408 0.1322 0.1802
2N6X 372 18.095 0.1305 0.1860
2N6X 373 22.093 0.1511 0.2093
2N6X 374 13.826 0.1409 0.1977
2N6X 375 14.438 0.1583 0.2035
2N6X 376 17.272 0.1290 0.2035
2N6X 377 19.123 0.1979 0.2558
2N6X 378 17.655 0.1821 0.2558
2N6X 379 15.613 0.1405 0.2035
2N6X 380 14.659 0.1483 0.2384
2N6X 381 13.006 0.1306 0.2093
2N6X 382 18.091 0.1381 0.2267
2N6X 383 17.490 0.1577 0.2326
2N6X 384 17.846 0.1295 0.1919
2N6X 385 16.426 0.1703 0.2558
2N6X 386 13.786 0.1705 0.2326
2N6X 387 18.621 0.1600 0.2326
2N6X 388 19.720 0.1535 0.2384
2N6X 389 21.172 0.1238 0.2035
2N6X 390 20.595 0.1823 0.2558
2N6X 391 13.347 0.1578 0.2384
2N6X 392 13.569 0.1304 0.2093
2N6X 393 11.815 0.1910 0.2907
2N6X 394 17.346 0.1378 0.2151
2N6X 395 13.776 0.1610 0.2267
2N6X 396 25.657 0.1517 0.2093
2N6X 397 14.590 0.1496 0.2267
2N6X 398 15.186 0.1685 0.2791
2N6X 399 13.400 0.1890 0.2558
2N6X 400 16.038 0.2018 0.2733
2N6X 401 11.061 0.1763 0.2849
2N6X 402 15.568 0.1742 0.2151
2N6X 403 13.568 0.1869 0.3023
2N6X 404 13.824 0.1500 0.2326
2N6X 405 12.341 0.1664 0.2326
2N6X 406 12.683 0.1653 0.2326
2N6X 407 12.722 0.1447 0.2151
2N6X 408 13.883 0.1601 0.2267
2N6X 409 12.892 0.1514 0.2151
2N6X 410 12.342 0.1710 0.2267
2N6X 411 1.843 0.5862 0.7733
2N6X 412 2.397 0.4814 0.6802
2N6X 413 2.571 0.4809 0.6744
2N6X 414 2.782 0.4569 0.6744
2N6X 415 2.813 0.4702 0.6744
2N6X 416 2.753 0.4685 0.6802
2N6X 417 2.853 0.4506 0.6744
2N6X 418 2.828 0.4624 0.6686
2N6X 419 2.750 0.4724 0.6744
2N6X 420 2.771 0.4776 0.6802
2N6X 421 2.766 0.4724 0.6802
2N6X 422 2.787 0.4702 0.6744
2N6X 423 2.792 0.4680 0.6744
2N6X 424 2.785 0.4716 0.6802
2N6X 425 2.798 0.4678 0.6744
2N6X 426 2.787 0.4707 0.6802
2N6X 427 2.795 0.4702 0.6744
2N6X 428 2.798 0.4689 0.6744
2N6X 429 2.808 0.4690 0.6744
2N6X 430 2.791 0.4698 0.6802
2N6X 431 2.793 0.4690 0.6744
2N6X 432 2.786 0.4692 0.6744
2N6X 433 2.793 0.4704 0.6802
2N6X 434 2.801 0.4661 0.6744
2N6X 435 2.802 0.4682 0.6744
2N6X 436 2.788 0.4696 0.6744
2N6X 437 2.780 0.4722 0.6744
2N6X 438 2.785 0.4715 0.6744
2N6X 439 2.780 0.4709 0.6744
2N6X 440 2.795 0.4719 0.6744
2N6X 441 2.761 0.4729 0.6744
2N6X 442 2.767 0.4724 0.6744
2N6X 443 2.784 0.4722 0.6744
2N6X 444 2.783 0.4729 0.6802
2N6X 445 2.783 0.4725 0.6802
2N6X 446 2.772 0.4745 0.6802
2N6X 447 2.816 0.4667 0.6744
2N6X 448 2.802 0.4693 0.6802
2N6X 449 2.763 0.4758 0.6802
2N6X 450 2.792 0.4672 0.6802
2N6X 451 2.788 0.4734 0.6802
2N6X 452 2.778 0.4713 0.6802
2N6X 453 2.791 0.4694 0.6744
2N6X 454 2.776 0.4734 0.6744
2N6X 455 2.795 0.4718 0.6802
2N6X 456 2.790 0.4733 0.6802
2N6X 457 2.769 0.4715 0.6802
2N6X 458 2.767 0.4700 0.6802
2N6X 459 2.780 0.4714 0.6744
2N6X 460 2.767 0.4763 0.6860
2N6X 461 2.812 0.4646 0.6744
2N6X 462 2.778 0.4749 0.6860
2N6X 463 2.736 0.4799 0.6802
2N6X 464 2.805 0.4655 0.6744
2N6X 465 2.770 0.4664 0.6744
2N6X 466 2.779 0.4684 0.6744
2N6X 467 2.754 0.4762 0.6802
2N6X 468 2.745 0.4828 0.6860
2N6X 469 2.759 0.4746 0.6802
2N6X 470 2.729 0.4778 0.6860
2N6X 471 2.716 0.4834 0.6860
2N6X 472 2.789 0.4710 0.6860
2N6X 473 2.786 0.4655 0.6744
2N6X 474 2.811 0.4651 0.6744
2N6X 475 2.762 0.4740 0.6802
2N6X 476 2.791 0.4716 0.6802
2N6X 477 2.773 0.4649 0.6744
2N6X 478 2.750 0.4739 0.6744
2N6X 479 2.752 0.4778 0.6802
2N6X 480 2.839 0.4603 0.6744
2N6X 481 2.769 0.4735 0.6744
2N6X 482 2.738 0.4806 0.6860
2N6X 483 2.763 0.4767 0.6802
2N6X 484 2.739 0.4761 0.6919
2N6X 485 2.791 0.4665 0.6744
2N6X 486 2.788 0.4672 0.6744
2N6X 487 2.769 0.4718 0.6744
2N6X 488 2.736 0.4704 0.6802
2N6X 489 2.808 0.4611 0.6744
2N6X 490 2.810 0.4536 0.6744
2N6X 491 2.800 0.4626 0.6744
2N6X 492 2.787 0.4641 0.6744
2N6X 493 2.814 0.4648 0.6744
2N6X 494 2.789 0.4649 0.6802
2N6X 495 2.775 0.4692 0.6802
2N6X 496 2.758 0.4710 0.6744
2N6X 497 2.748 0.4727 0.6744
2N6X 498 2.765 0.4653 0.6744
2N6X 499 2.829 0.4512 0.6744
2N6X 500 2.860 0.4450 0.6686
2N6X 501 2.851 0.4388 0.6686
2N6X 502 2.878 0.4564 0.6744
2N6X 503 2.882 0.4613 0.6570
2N6X 504 2.893 0.4401 0.6744
2N6X 505 2.888 0.4482 0.6686
2N6X 506 2.857 0.4489 0.6628
2N6X 507 2.873 0.4553 0.6744
2N6X 508 2.847 0.4577 0.6686
2N6X 509 2.831 0.4544 0.6686
2N6X 510 2.914 0.4393 0.6686
2N6X 511 2.896 0.4426 0.6686
2N6X 512 2.857 0.4578 0.6686
2N6X 513 2.823 0.4563 0.6744
2N6X 514 2.925 0.4427 0.6686
2N6X 515 2.862 0.4486 0.6686
2N6X 516 2.879 0.4509 0.6628
2N6X 517 2.911 0.4478 0.6686
2N6X 518 2.883 0.4503 0.6686
2N6X 519 2.841 0.4619 0.6686
2N6X 520 2.848 0.4568 0.6686
2N6X 521 2.832 0.4570 0.6686
2N6X 522 2.873 0.4476 0.6686
2N6X 523 2.916 0.4381 0.6570
2N6X 524 2.917 0.4395 0.6570
2N6X 525 2.885 0.4514 0.6686
2N6X 526 2.872 0.4414 0.6628
2N6X 527 2.866 0.4550 0.6686
2N6X 528 2.812 0.4587 0.6744
2N6X 529 2.872 0.4599 0.6686
2N6X 530 2.797 0.4596 0.6744
2N6X 531 2.796 0.4612 0.6744
2N6X 532 2.885 0.4503 0.6686
2N6X 533 2.943 0.4345 0.6628
2N6X 534 2.926 0.4383 0.6570
2N6X 535 2.844 0.4652 0.6628
2N6X 536 2.753 0.4687 0.6744
2N6X 537 2.839 0.4610 0.6686
2N6X 538 2.788 0.4547 0.6744
2N6X 539 2.876 0.4571 0.6628
2N6X 540 2.868 0.4502 0.6628
2N6X 541 2.861 0.4606 0.6686
2N6X 542 2.852 0.4555 0.6744
2N6X 543 2.872 0.4508 0.6628
2N6X 544 2.771 0.4663 0.6744
2N6X 545 2.759 0.4633 0.6744
2N6X 546 2.831 0.4644 0.6686
2N6X 547 2.813 0.4519 0.6744
2N6X 548 2.887 0.4588 0.6686
2N6X 549 2.782 0.4674 0.6686
2N6X 550 2.789 0.4665 0.6744
2N6X 551 2.886 0.4577 0.6628
2N6X 552 2.880 0.4457 0.6686
2N6X 553 2.857 0.4508 0.6686
2N6X 554 2.841 0.4644 0.6686
2N6X 555 2.730 0.4746 0.6802
2N6X 556 2.895 0.4472 0.6686
2N6X 557 2.918 0.4463 0.6686
2N6X 558 2.923 0.4532 0.6744
2N6X 559 2.751 0.4679 0.6802
2N6X 560 2.755 0.4682 0.6744
2N6X 561 2.864 0.4621 0.6744
2N6X 562 3.006 0.4331 0.6686
2N6X 563 3.019 0.4397 0.6570
2N6X 564 2.990 0.4549 0.6628
2N6X 565 2.890 0.4382 0.6628
2N6X 566 2.993 0.4464 0.6628
2N6X 567 3.042 0.4298 0.6628
2N6X 568 2.945 0.4368 0.6744
2N6X 569 2.974 0.4320 0.6512
2N6X 570 2.882 0.4481 0.6686
2N6X 571 3.029 0.4227 0.6628
2N6X 572 3.125 0.4232 0.6453
2N6X 573 3.069 0.4356 0.6512
2N6X 574 3.013 0.4266 0.6512
2N6X 575 2.901 0.4434 0.6744
2N6X 576 2.944 0.4385 0.6570
2N6X 577 3.022 0.4244 0.6570
2N6X 578 3.070 0.4262 0.6628
2N6X 579 2.953 0.4434 0.6628
2N6X 580 2.895 0.4459 0.6628
2N6X 581 3.026 0.4377 0.6570
2N6X 582 3.115 0.4169 0.6512
2N6X 583 3.063 0.4207 0.6512
2N6X 584 2.859 0.4518 0.6744
2N6X 585 2.805 0.4602 0.6802
2N6X 586 2.900 0.4557 0.6744
2N6X 587 3.070 0.4243 0.6628
2N6X 588 3.128 0.4020 0.6512
2N6X 589 3.029 0.4308 0.6570
2N6X 590 2.937 0.4487 0.6570
2N6X 591 2.945 0.4510 0.6570
2N6X 592 3.086 0.4345 0.6512
2N6X 593 2.999 0.4442 0.6570
2N6X 594 2.906 0.4532 0.6570
2N6X 595 2.915 0.4510 0.6628
2N6X 596 2.780 0.4616 0.6686
2N6X 597 3.009 0.4314 0.6628
2N6X 598 3.097 0.4189 0.6453
2N6X 599 2.952 0.4356 0.6570
2N6X 600 2.875 0.4555 0.6686
2N6X 601 3.082 0.4267 0.6453
2N6X 602 2.965 0.4306 0.6570
2N6X 603 2.955 0.4351 0.6628
2N6X 604 2.999 0.4355 0.6512
2N6X 605 2.862 0.4480 0.6686
2N6X 606 3.053 0.4268 0.6512
2N6X 607 3.056 0.4170 0.6628
2N6X 608 2.929 0.4301 0.6628
2N6X 609 2.999 0.4337 0.6686
2N6X 610 2.975 0.4381 0.6686
2N6X 611 2.921 0.4457 0.6686
2N6X 612 2.995 0.4253 0.6512
2N6X 613 2.977 0.4315 0.6628
2N6X 614 2.919 0.4479 0.6744
2N6X 615 2.924 0.4462 0.6744
2N6X 616 2.966 0.4368 0.6628
2N6X 617 3.007 0.4254 0.6686
2N6X 618 2.991 0.4297 0.6686
2N6X 619 3.000 0.4505 0.6628
2N6X 620 2.932 0.4532 0.6744
2N6X 621 2.980 0.4572 0.6628
2N6X 622 3.042 0.4337 0.6628
2N6X 623 3.133 0.4170 0.6453
2N6X 624 2.996 0.4326 0.6512
2N6X 625 2.941 0.4498 0.6512
2N6X 626 2.802 0.4659 0.6744
2N6X 627 2.935 0.4400 0.6628
2N6X 628 2.967 0.4563 0.6744
2N6X 629 3.029 0.4370 0.6628
2N6X 630 3.034 0.4357 0.6453
2N6X 631 3.057 0.4268 0.6512
2N6X 632 3.147 0.4120 0.6453
2N6X 633 3.100 0.4223 0.6395
2N6X 634 3.087 0.4373 0.6570
2N6X 635 3.000 0.4420 0.6686
2N6X 636 2.956 0.4379 0.6628
2N6X 637 2.937 0.4445 0.6628
2N6X 638 2.955 0.4505 0.6744
2N6X 639 2.962 0.4470 0.6744
2N6X 640 2.898 0.4488 0.6686
2N6X 641 2.890 0.4453 0.6744
2N6X 642 3.026 0.4444 0.6570
2N6X 643 2.893 0.4459 0.6628
2N6X 644 3.013 0.4364 0.6570
2N6X 645 2.956 0.4411 0.6628
2N6X 646 3.070 0.4154 0.6512
2N6X 647 3.127 0.4202 0.6453
2N6X 648 3.079 0.4321 0.6512
2N6X 649 3.100 0.4223 0.6512
2N6X 650 2.976 0.4461 0.6570
2N6X 651 3.066 0.4217 0.6512
2N6X 652 3.086 0.4119 0.6570
2N6X 653 3.197 0.4131 0.6395
2N6X 654 3.100 0.4321 0.6512
2N6X 655 3.042 0.4356 0.6512
2N6X 656 3.002 0.4325 0.6628
2N6X 657 3.196 0.4151 0.6512
2N6X 658 3.218 0.4145 0.6395
2N6X 659 2.990 0.4233 0.6570
2N6X 660 3.156 0.4408 0.6512
2N6X 661 2.967 0.4459 0.6570
2N6X 662 3.142 0.4408 0.6453
2N6X 663 3.153 0.4245 0.6512
2N6X 664 3.079 0.4292 0.6512
2N6X 665 3.086 0.4454 0.6628
2N6X 666 3.092 0.4505 0.6628
2N6X 667 3.159 0.4372 0.6512
2N6X 668 3.240 0.4321 0.6279
2N6X 669 3.270 0.4328 0.6337
2N6X 670 3.077 0.4186 0.6570
2N6X 671 3.216 0.4339 0.6453
2N6X 672 3.282 0.4033 0.6221
2N6X 673 3.269 0.4081 0.6279
2N6X 674 3.162 0.4227 0.6337
2N6X 675 2.910 0.4464 0.6628
2N6X 676 3.106 0.4217 0.6570
2N6X 677 3.228 0.4113 0.6337
2N6X 678 3.092 0.4231 0.6512
2N6X 679 2.955 0.4389 0.6570
2N6X 680 2.977 0.4466 0.6628
2N6X 681 3.083 0.4348 0.6453
2N6X 682 3.132 0.4372 0.6512
2N6X 683 3.088 0.4242 0.6512
2N6X 684 3.133 0.4348 0.6453
2N6X 685 3.044 0.4367 0.6628
2N6X 686 3.107 0.4428 0.6570
2N6X 687 3.027 0.4474 0.6686
2N6X 688 3.067 0.4307 0.6628
2N6X 689 2.900 0.4409 0.6570
2N6X 690 2.841 0.4404 0.6686
2N6X 691 2.928 0.4421 0.6628
2N6X 692 3.070 0.4157 0.6628
2N6X 693 2.975 0.4414 0.6512
2N6X 694 2.900 0.4538 0.6802
2N6X 695 2.892 0.4447 0.6512
2N6X 696 3.010 0.4390 0.6628
2N6X 697 3.037 0.4443 0.6570
2N6X 698 3.201 0.4251 0.6337
2N6X 699 3.167 0.4135 0.6337
2N6X 700 3.049 0.4397 0.6628
2N6X 701 2.953 0.4440 0.6628
2N6X 702 3.072 0.4494 0.6453
2N6X 703 3.045 0.4312 0.6395
2N6X 704 3.015 0.4340 0.6512
2N6X 705 3.127 0.4214 0.6279
2N6X 706 3.068 0.4410 0.6395
2N6X 707 3.216 0.4246 0.6163
2N6X 708 3.156 0.4121 0.6221
2N6X 709 3.115 0.4036 0.6395
2N6X 710 2.938 0.4498 0.6628
2N6X 711 3.048 0.4545 0.6512
2N6X 712 3.219 0.4251 0.6279
2N6X 713 3.243 0.4174 0.6337
2N6X 714 3.138 0.4110 0.6395
2N6X 715 3.250 0.4077 0.6163
2N6X 716 3.233 0.3843 0.6163
2N6X 717 3.364 0.3885 0.6047
2N6X 718 3.434 0.3857 0.6047
2N6X 719 3.210 0.4230 0.6453
2N6X 720 3.075 0.4384 0.6453
2N6X 721 3.202 0.4067 0.6221
2N6X 722 3.367 0.4099 0.6221
2N6X 723 3.410 0.3922 0.6163
2N6X 724 3.262 0.4040 0.6221
2N6X 725 2.981 0.4460 0.6570
2N6X 726 3.231 0.4121 0.6163
2N6X 727 3.268 0.3988 0.6163
2N6X 728 3.337 0.3973 0.6163
2N6X 729 3.186 0.3897 0.6163
2N6X 730 2.937 0.4400 0.6628
2N6X 731 3.138 0.4381 0.6512
2N6X 732 3.226 0.4390 0.6453
2N6X 733 3.232 0.4136 0.6279
2N6X 734 3.250 0.4021 0.6279
2N6X 735 3.174 0.3999 0.6221
2N6X 736 3.252 0.3923 0.6163
2N6X 737 3.562 0.3769 0.5814
2N6X 738 3.601 0.3801 0.6047
2N6X 739 3.553 0.3742 0.6105
2N6X 740 3.393 0.4175 0.6279
2N6X 741 3.490 0.4010 0.5988
2N6X 742 3.522 0.3914 0.6221
2N6X 743 3.651 0.3747 0.6047
2N6X 744 3.531 0.3984 0.6163
2N6X 745 3.568 0.3938 0.6163
2N6X 746 3.789 0.3534 0.6163
2N6X 747 3.841 0.3751 0.6105
2N6X 748 3.842 0.3585 0.5988
2N6X 749 3.607 0.3886 0.5930
2N6X 750 3.717 0.3776 0.5988
2N6X 751 3.617 0.3951 0.5988
2N6X 752 3.715 0.3837 0.5988
2N6X 753 3.642 0.4014 0.6163
2N6X 754 3.489 0.4024 0.6279
2N6X 755 3.499 0.3893 0.6279
2N6X 756 3.465 0.4012 0.6279
2N6X 757 3.541 0.3867 0.6105
2N6X 758 3.724 0.3816 0.6047
2N6X 759 3.760 0.3885 0.6047
2N6X 760 3.473 0.4170 0.6337
2N6X 761 3.565 0.4281 0.6337
2N6X 762 3.684 0.4166 0.6279
2N6X 763 3.522 0.4253 0.6279
2N6X 764 3.453 0.4144 0.6337
2N6X 765 3.612 0.4036 0.6279
2N6X 766 3.387 0.4210 0.6337
2N6X 767 3.337 0.4329 0.6337
2N6X 768 3.391 0.4328 0.6453
2N6X 769 3.540 0.4137 0.6163
2N6X 770 3.384 0.4213 0.6395
2N6X 771 3.509 0.4032 0.6221
2N6X 772 3.441 0.3890 0.6163
2N6X 773 3.453 0.4016 0.6512
2N6X 774 3.584 0.3971 0.6221
2N6X 775 3.432 0.4297 0.6337
2N6X 776 3.459 0.4212 0.6453
2N6X 777 3.523 0.4083 0.6337
2N6X 778 3.474 0.4095 0.6337
2N6X 779 3.496 0.4164 0.6279
2N6X 780 3.654 0.4427 0.6279
2N6X 781 3.496 0.4395 0.6453
2N6X 782 3.423 0.4394 0.6337
2N6X 783 3.608 0.4309 0.6279
2N6X 784 3.542 0.4296 0.6395
2N6X 785 3.530 0.4237 0.6279
2N6X 786 3.552 0.4244 0.6279
2N6X 787 3.669 0.4146 0.6279
2N6X 788 3.770 0.4129 0.6163
2N6X 789 3.627 0.4109 0.6105
2N6X 790 3.709 0.4137 0.6279
2N6X 791 3.661 0.4441 0.6395
2N6X 792 3.605 0.4392 0.6395
2N6X 793 3.666 0.4259 0.6337
2N6X 794 3.618 0.4255 0.6221
2N6X 795 3.632 0.4483 0.6453
2N6X 796 3.604 0.4517 0.6337
2N6X 797 3.691 0.4241 0.6221
2N6X 798 3.741 0.4338 0.6279
2N6X 799 3.685 0.4528 0.6221
2N6X 800 3.605 0.4346 0.6279
2N6X 801 3.637 0.4342 0.6279
2N6X 802 3.553 0.4337 0.6337
2N6X 803 3.536 0.4132 0.6047
2N6X 804 3.473 0.4340 0.6337
2N6X 805 3.577 0.4208 0.6221
2N6X 806 3.512 0.4357 0.6337
2N6X 807 3.636 0.4284 0.6221
2N6X 808 3.634 0.4270 0.6395
2N6X 809 3.581 0.4330 0.6337
2N6X 810 3.789 0.4231 0.6279
2N6X 811 3.735 0.4583 0.6512
2N6X 812 3.596 0.4713 0.6570
2N6X 813 3.723 0.4434 0.6512
2N6X 814 3.621 0.4395 0.6570
2N6X 815 3.706 0.4336 0.6279
2N6X 816 3.860 0.4363 0.6337
2N6X 817 3.995 0.4223 0.6163
2N6X 818 3.906 0.4089 0.6105
2N6X 819 3.610 0.4547 0.6221
2N6X 820 3.784 0.4380 0.6221
2N6X 821 3.704 0.4222 0.6279
2N6X 822 3.563 0.4403 0.6570
2N6X 823 3.500 0.4566 0.6628
2N6X 824 3.822 0.4068 0.6105
2N6X 825 3.858 0.4145 0.6105
2N6X 826 3.857 0.4393 0.6279
2N6X 827 3.846 0.4300 0.6163
2N6X 828 3.709 0.4745 0.6570
2N6X 829 3.909 0.4535 0.6279
2N6X 830 3.852 0.4324 0.6105
2N6X 831 3.908 0.4250 0.6221
2N6X 832 3.678 0.4417 0.6279
2N6X 833 3.614 0.4297 0.6337
2N6X 834 3.591 0.4320 0.6221
2N6X 835 3.709 0.4341 0.6279
2N6X 836 3.573 0.4457 0.6337
2N6X 837 3.498 0.4524 0.6512
2N6X 838 3.685 0.4428 0.6337
2N6X 839 3.764 0.4162 0.6337
2N6X 840 3.750 0.4080 0.6163
2N6X 841 3.700 0.4169 0.6512
2N6X 842 3.656 0.4657 0.6512
2N6X 843 3.718 0.4546 0.6337
2N6X 844 3.715 0.4521 0.6453
2N6X 845 3.528 0.4381 0.6453
2N6X 846 3.611 0.4430 0.6395
2N6X 847 3.638 0.4509 0.6337
2N6X 848 3.511 0.4502 0.6453
2N6X 849 3.502 0.4364 0.6453
2N6X 850 3.395 0.4223 0.6395
2N6X 851 3.327 0.4276 0.6686
2N6X 852 3.683 0.4451 0.6453
2N6X 853 3.617 0.4269 0.6163
2N6X 854 3.694 0.4122 0.6221
2N6X 855 3.584 0.4578 0.6570
2N6X 856 3.579 0.4058 0.6337
2N6X 857 3.454 0.4231 0.6395
2N6X 858 3.322 0.4401 0.6512
2N6X 859 3.776 0.3925 0.6279
2N6X 860 3.804 0.4296 0.6279
2N6X 861 3.514 0.4609 0.6570
2N6X 862 3.448 0.4383 0.6395
2N6X 863 3.544 0.4350 0.6570
2N6X 864 3.382 0.4614 0.6628
2N6X 865 3.382 0.4210 0.6395
2N6X 866 3.385 0.4153 0.6395
2N6X 867 3.698 0.4220 0.6163
2N6X 868 3.540 0.4339 0.6337
2N6X 869 3.180 0.4734 0.6744
2N6X 870 3.214 0.4617 0.6686
2N6X 871 3.349 0.4249 0.6395
2N6X 872 3.380 0.4324 0.6453
2N6X 873 3.231 0.4490 0.6628
2N6X 874 3.232 0.4602 0.6570
2N6X 875 3.131 0.4667 0.6686
2N6X 876 3.200 0.4650 0.6686
2N6X 877 3.231 0.4794 0.6744
2N6X 878 3.245 0.4450 0.6570
2N6X 879 3.299 0.4692 0.6744
2N6X 880 3.449 0.4541 0.6570
2N6X 881 3.143 0.4639 0.6802
2N6X 882 3.118 0.4594 0.6628
2N6X 883 3.119 0.4584 0.6744
2N6X 884 3.265 0.4342 0.6570
2N6X 885 3.490 0.4153 0.6337
2N6X 886 3.299 0.4176 0.6337
2N6X 887 3.212 0.4168 0.6279
2N6X 888 3.138 0.4309 0.6453
2N6X 889 3.207 0.4451 0.6570
2N6X 890 3.134 0.4636 0.6686
2N6X 891 3.227 0.4423 0.6570
2N6X 892 3.258 0.4206 0.6453
2N6X 893 3.219 0.4295 0.6512
2N6X 894 3.160 0.4409 0.6628
2N6X 895 3.109 0.4671 0.6919
2N6X 896 3.182 0.4579 0.6744
2N6X 897 3.027 0.4558 0.6628
2N6X 898 3.029 0.4494 0.6628
2N6X 899 3.450 0.4283 0.6453
2N6X 900 3.455 0.4363 0.6512
2N6X 901 3.216 0.4580 0.6744
2N6X 902 3.324 0.4405 0.6512
2N6X 903 3.492 0.4120 0.6337
2N6X 904 3.704 0.4071 0.6279
2N6X 905 3.130 0.4555 0.6686
2N6X 906 3.196 0.4478 0.6628
2N6X 907 3.332 0.4237 0.6279
2N6X 908 3.162 0.4395 0.6686
2N6X 909 3.473 0.4134 0.6337
2N6X 910 3.538 0.4124 0.6279
2N6X 911 3.358 0.4101 0.6279
2N6X 912 3.483 0.4172 0.6337
2N6X 913 3.416 0.4169 0.6279
2N6X 914 3.224 0.4225 0.6337
2N6X 915 3.530 0.4264 0.6395
2N6X 916 3.436 0.4116 0.6337
2N6X 917 3.428 0.4090 0.6453
2N6X 918 3.394 0.3863 0.6163
2N6X 919 3.389 0.4039 0.6221
2N6X 920 3.569 0.4175 0.6395
2N6X 921 3.392 0.4051 0.6395
2N6X 922 3.427 0.4001 0.6163
2N6X 923 3.503 0.4086 0.6512
2N6X 924 3.451 0.4065 0.6221
2N6X 925 3.328 0.4367 0.6512
2N6X 926 3.509 0.4148 0.6395
2N6X 927 3.480 0.4111 0.6221
2N6X 928 3.577 0.4096 0.6337
2N6X 929 3.399 0.4189 0.6395
2N6X 930 3.485 0.4139 0.6395
2N6X 931 3.407 0.4180 0.6337
2N6X 932 3.487 0.4365 0.6512
2N6X 933 3.500 0.4208 0.6570
2N6X 934 3.530 0.4147 0.6337
2N6X 935 3.644 0.3919 0.6221
2N6X 936 3.525 0.4221 0.6453
2N6X 937 3.431 0.4467 0.6570
2N6X 938 3.576 0.4433 0.6512
2N6X 939 3.688 0.4379 0.6395
2N6X 940 3.640 0.4312 0.6453
2N6X 941 3.757 0.4154 0.6279
2N6X 942 3.656 0.4265 0.6453
2N6X 943 3.555 0.4281 0.6512
2N6X 944 3.304 0.4561 0.6628
2N6X 945 3.578 0.4247 0.6279
2N6X 946 3.498 0.4465 0.6453
2N6X 947 3.560 0.4284 0.6570
2N6X 948 3.432 0.4405 0.6570
2N6X 949 3.277 0.4613 0.6860
2N6X 950 3.158 0.4799 0.6860
2N6X 951 3.393 0.4548 0.6802
2N6X 952 3.539 0.4353 0.6686
2N6X 953 3.433 0.4248 0.6628
2N6X 954 3.262 0.4134 0.6395
2N6X 955 3.174 0.4015 0.6337
2N6X 956 3.052 0.4228 0.6744
2N6X 957 3.050 0.4680 0.6860
2N6X 958 3.073 0.4217 0.6512
2N6X 959 3.282 0.3937 0.6221
2N6X 960 3.143 0.4028 0.6395
2N6X 961 3.374 0.4154 0.6337
2N6X 962 3.212 0.3937 0.6337
2N6X 963 3.268 0.3830 0.6337
2N6X 964 3.246 0.4194 0.6570
2N6X 965 3.151 0.4024 0.6628
2N6X 966 3.000 0.4113 0.6570
2N6X 967 3.034 0.3940 0.6337
2N6X 968 3.146 0.4001 0.6628
2N6X 969 3.263 0.4201 0.6512
2N6X 970 3.366 0.3953 0.6337
2N6X 971 3.363 0.4375 0.6686
2N6X 972 3.395 0.3887 0.6279
2N6X 973 3.394 0.3889 0.6279
2N6X 974 3.178 0.4103 0.6628
2N6X 975 3.469 0.3823 0.6279
2N6X 976 3.285 0.4302 0.6686
2N6X 977 3.591 0.3631 0.6105
2N6X 978 3.443 0.3988 0.6279
2N6X 979 3.379 0.3941 0.6163
2N6X 980 3.333 0.4206 0.6395
2N6X 981 3.487 0.3867 0.6221
2N6X 982 3.440 0.3976 0.6337
2N6X 983 3.584 0.3815 0.6163
2N6X 984 3.405 0.4269 0.6570
2N6X 985 3.515 0.3985 0.6453
2N6X 986 3.396 0.4148 0.6570
2N6X 987 3.504 0.4144 0.6512
2N6X 988 3.500 0.3981 0.6337
2N6X 989 3.269 0.4218 0.6512
2N6X 990 3.518 0.4004 0.6163
2N6X 991 3.334 0.4050 0.6395
2N6X 992 3.278 0.4166 0.6512
2N6X 993 3.496 0.4130 0.6337
2N6X 994 3.188 0.4381 0.6628
2N6X 995 3.177 0.4608 0.6686
2N6X 996 3.163 0.4310 0.6686
2N6X 997 3.301 0.4195 0.6512
2N6X 998 3.361 0.4271 0.6337
2N6X 999 3.525 0.4292 0.6512
2N6X 1000 3.133 0.4400 0.6512
2N6X 1001 3.373 0.4308 0.6395
2N6X 1002 3.287 0.4228 0.6512
2N6X 1003 3.345 0.3989 0.6337
2N6X 1004 3.500 0.4043 0.6395
2N6X 1005 3.451 0.4125 0.6453
2N6X 1006 3.333 0.4206 0.6395
2N6X 1007 3.306 0.4364 0.6628
2N6X 1008 3.413 0.4157 0.6453
2N6X 1009 3.290 0.4365 0.6628
2N6X 1010 3.347 0.4315 0.6628
2N6X 1011 3.406 0.4198 0.6628
2N6X 1012 3.479 0.4308 0.6686
2N6X 1013 3.496 0.4187 0.6395
2N6X 1014 3.327 0.4094 0.6453
2N6X 1015 3.356 0.3829 0.6047
2N6X 1016 3.160 0.4323 0.6628
2N6X 1017 3.098 0.4271 0.6628
2N6X 1018 3.108 0.4272 0.6570
2N6X 1019 3.153 0.4370 0.6628
2N6X 1020 3.234 0.3730 0.6163
2N6X 1021 3.143 0.4076 0.6395
2N6X 1022 3.081 0.3812 0.6221
2N6X 1023 3.098 0.3760 0.6279
2N6X 1024 3.019 0.4062 0.6395
2N6X 1025 3.244 0.3749 0.6047
2N6X 1026 3.180 0.3725 0.6047
2N6X 1027 3.125 0.4081 0.6337
2N6X 1028 2.964 0.4168 0.6337
2N6X 1029 3.208 0.4012 0.6279
2N6X 1030 3.406 0.3767 0.6047
2N6X 1031 3.133 0.4091 0.6279
2N6X 1032 2.851 0.4194 0.6337
2N6X 1033 2.980 0.4216 0.6221
2N6X 1034 3.311 0.3890 0.6163
2N6X 1035 3.116 0.3954 0.6279
2N6X 1036 3.061 0.3887 0.6337
2N6X 1037 3.027 0.4432 0.6570
2N6X 1038 3.018 0.4245 0.6512
2N6X 1039 3.125 0.4118 0.6337
2N6X 1040 3.479 0.3708 0.5872
2N6X 1041 3.157 0.4137 0.6163
2N6X 1042 3.162 0.3916 0.6221
2N6X 1043 3.109 0.4257 0.6453
2N6X 1044 3.007 0.4186 0.6512
2N6X 1045 3.356 0.3692 0.5988
2N6X 1046 3.161 0.4219 0.6221
2N6X 1047 3.307 0.4055 0.6047
2N6X 1048 3.331 0.3903 0.5988
2N6X 1049 3.217 0.4046 0.6105
2N6X 1050 3.308 0.3779 0.6163
2N6X 1051 3.049 0.4300 0.6570
2N6X 1052 3.394 0.3642 0.5814
2N6X 1053 3.403 0.3736 0.5872
2N6X 1054 3.085 0.4341 0.6453
2N6X 1055 3.160 0.4095 0.6337
2N6X 1056 3.095 0.4241 0.6453
2N6X 1057 3.389 0.3830 0.5988
2N6X 1058 3.198 0.3992 0.6279
2N6X 1059 3.069 0.4011 0.6453
2N6X 1060 3.159 0.3772 0.6279
2N6X 1061 3.305 0.3641 0.6163
2N6X 1062 3.195 0.4193 0.6395
2N6X 1063 3.043 0.4100 0.6279
2N6X 1064 2.909 0.4025 0.6453
2N6X 1065 3.057 0.3936 0.6395
2N6X 1066 2.714 0.4436 0.6686
2N6X 1067 3.237 0.3853 0.6279
2N6X 1068 3.412 0.3884 0.5930
2N6X 1069 3.199 0.4045 0.6337
2N6X 1070 3.421 0.3636 0.6163
2N6X 1071 3.343 0.3880 0.6163
2N6X 1072 3.312 0.3879 0.6221
2N6X 1073 3.217 0.3827 0.6105
2N6X 1074 3.226 0.4019 0.6279
2N6X 1075 3.197 0.4017 0.6453
2N6X 1076 3.243 0.3837 0.6163
2N6X 1077 3.274 0.3992 0.6395
2N6X 1078 3.300 0.3902 0.6395
2N6X 1079 3.419 0.3618 0.5930
2N6X 1080 3.073 0.3937 0.6337
2N6X 1081 3.275 0.4007 0.6221
2N6X 1082 3.432 0.3850 0.5930
2N6X 1083 3.185 0.4065 0.6163
2N6X 1084 3.218 0.3900 0.6221
2N6X 1085 3.332 0.3766 0.6105
2N6X 1086 3.335 0.3913 0.6279
2N6X 1087 3.284 0.4131 0.6453
2N6X 1088 3.457 0.3787 0.6221
2N6X 1089 3.295 0.3653 0.6163
2N6X 1090 3.379 0.3566 0.5988
2N6X 1091 3.172 0.4095 0.6279
2N6X 1092 3.311 0.3903 0.6047
2N6X 1093 3.410 0.3719 0.5988
2N6X 1094 3.361 0.3935 0.6047
2N6X 1095 3.363 0.3707 0.6047
2N6X 1096 3.126 0.4096 0.6221
2N6X 1097 3.134 0.3977 0.6337
2N6X 1098 3.254 0.4012 0.6221
2N6X 1099 3.344 0.4188 0.6453
2N6X 1100 3.249 0.3808 0.6337
2N6X 1101 3.247 0.4379 0.6628
2N6X 1102 3.321 0.3943 0.6105
2N6X 1103 3.202 0.3902 0.6105
2N6X 1104 3.036 0.4385 0.6570
2N6X 1105 3.152 0.4032 0.6337
2N6X 1106 3.218 0.3746 0.6163
