2N6T 1 0.000 1.0000 1.0000
2N6T 2 1.900 0.6530 0.8393
2N6T 3 2.267 0.5799 0.7619
2N6T 4 2.022 0.6087 0.7798
2N6T 5 2.045 0.5632 0.7560
2N6T 6 2.389 0.5313 0.7321
2N6T 7 2.308 0.5444 0.7321
2N6T 8 2.830 0.4748 0.6905
2N6T 9 2.495 0.4947 0.6964
2N6T 10 3.122 0.4546 0.6905
2N6T 11 13.200 0.1762 0.2917
2N6T 12 11.205 0.1794 0.2679
2N6T 13 13.642 0.2307 0.3750
2N6T 14 11.060 0.1904 0.2917
2N6T 15 17.858 0.1781 0.2738
2N6T 16 13.357 0.1703 0.2560
2N6T 17 8.192 0.2968 0.4464
2N6T 18 11.086 0.1479 0.2560
2N6T 19 14.492 0.2073 0.3333
2N6T 20 16.464 0.2601 0.3452
2N6T 21 9.181 0.1886 0.3333
2N6T 22 16.241 0.2114 0.2917
2N6T 23 14.298 0.1773 0.2798
2N6T 24 17.846 0.1654 0.2262
2N6T 25 9.373 0.2491 0.3869
2N6T 26 10.837 0.2049 0.3333
2N6T 27 11.801 0.1992 0.2917
2N6T 28 16.194 0.1864 0.2857
2N6T 29 12.345 0.1945 0.2857
2N6T 30 7.847 0.2295 0.3690
2N6T 31 10.166 0.2002 0.3512
2N6T 32 15.672 0.1984 0.2976
2N6T 33 14.274 0.2136 0.3155
2N6T 34 7.026 0.2605 0.4167
2N6T 35 15.617 0.1937 0.2679
2N6T 36 6.486 0.2386 0.3929
2N6T 37 11.735 0.2522 0.3690
2N6T 38 5.527 0.2910 0.4762
2N6T 39 6.338 0.2601 0.4107
2N6T 40 5.409 0.3201 0.5060
2N6T 41 16.020 0.2202 0.3393
2N6T 42 11.250 0.2144 0.3571
2N6T 43 6.200 0.2796 0.4583
2N6T 44 12.176 0.2045 0.3036
2N6T 45 11.284 0.2273 0.3512
2N6T 46 10.895 0.2185 0.3333
2N6T 47 13.997 0.2875 0.3869
2N6T 48 11.107 0.3149 0.4702
2N6T 49 4.667 0.3114 0.5298
2N6T 50 8.471 0.2228 0.3571
2N6T 51 15.468 0.1654 0.2500
2N6T 52 12.468 0.2371 0.3869
2N6T 53 13.489 0.1152 0.1905
2N6T 54 16.399 0.1308 0.2024
2N6T 55 14.151 0.1447 0.2500
2N6T 56 15.243 0.1548 0.2321
2N6T 57 11.903 0.2684 0.3869
2N6T 58 14.035 0.1630 0.2440
2N6T 59 15.090 0.2384 0.3393
2N6T 60 9.736 0.2505 0.3929
2N6T 61 13.262 0.1915 0.3036
2N6T 62 12.945 0.2664 0.3512
2N6T 63 14.700 0.1787 0.2738
2N6T 64 16.766 0.1575 0.2500
2N6T 65 15.308 0.2434 0.3690
2N6T 66 13.475 0.2179 0.3274
2N6T 67 12.365 0.1667 0.2500
2N6T 68 15.106 0.1563 0.2798
2N6T 69 12.456 0.2127 0.3155
2N6T 70 4.539 0.3573 0.5774
2N6T 71 6.897 0.2483 0.4048
2N6T 72 15.037 0.2412 0.3512
2N6T 73 14.373 0.3037 0.4464
2N6T 74 6.805 0.3039 0.4643
2N6T 75 17.553 0.1754 0.2917
2N6T 76 15.251 0.2432 0.4345
2N6T 77 19.845 0.1905 0.2917
2N6T 78 6.693 0.2586 0.4464
2N6T 79 5.134 0.2869 0.5000
2N6T 80 9.318 0.2769 0.4286
2N6T 81 12.752 0.1499 0.2619
2N6T 82 13.339 0.2602 0.3750
2N6T 83 9.697 0.2452 0.3810
2N6T 84 18.359 0.2416 0.3571
2N6T 85 9.182 0.2716 0.4405
2N6T 86 6.804 0.3101 0.5060
2N6T 87 17.285 0.2230 0.3571
2N6T 88 10.462 0.2546 0.4226
2N6T 89 5.507 0.3408 0.5238
2N6T 90 19.353 0.1589 0.2321
2N6T 91 14.462 0.1142 0.1548
2N6T 92 13.862 0.1524 0.2440
2N6T 93 9.476 0.2332 0.3571
2N6T 94 16.000 0.1555 0.2143
2N6T 95 14.049 0.1868 0.2857
2N6T 96 11.570 0.2975 0.4107
2N6T 97 14.097 0.1499 0.2440
2N6T 98 9.462 0.2394 0.3690
2N6T 99 18.401 0.1495 0.2321
2N6T 100 19.154 0.1810 0.2381
2N6T 101 15.087 0.2035 0.3214
2N6T 102 16.074 0.1848 0.2560
2N6T 103 11.165 0.2256 0.3274
2N6T 104 12.601 0.2706 0.3750
2N6T 105 10.863 0.1559 0.2619
2N6T 106 13.931 0.1776 0.3036
2N6T 107 12.052 0.2291 0.3631
2N6T 108 12.660 0.2618 0.3810
2N6T 109 8.536 0.1729 0.2857
2N6T 110 13.386 0.1832 0.2560
2N6T 111 11.122 0.2339 0.3929
2N6T 112 19.205 0.1918 0.2976
2N6T 113 15.228 0.2797 0.3750
2N6T 114 7.699 0.2899 0.4643
2N6T 115 19.562 0.1761 0.2560
2N6T 116 8.998 0.2637 0.4107
2N6T 117 7.466 0.2666 0.4464
2N6T 118 14.428 0.2852 0.3929
2N6T 119 12.168 0.3253 0.4107
2N6T 120 8.664 0.2534 0.4048
2N6T 121 9.215 0.2354 0.3869
2N6T 122 13.048 0.2890 0.3750
2N6T 123 17.705 0.1652 0.2440
2N6T 124 14.699 0.2489 0.3631
2N6T 125 8.088 0.2693 0.4405
2N6T 126 19.879 0.1874 0.2738
2N6T 127 6.611 0.2839 0.4583
2N6T 128 9.666 0.2434 0.3750
2N6T 129 9.722 0.2561 0.3988
2N6T 130 14.948 0.2122 0.3155
2N6T 131 14.094 0.1439 0.2024
2N6T 132 15.199 0.1832 0.2321
2N6T 133 20.152 0.1304 0.1905
2N6T 134 15.595 0.2128 0.3036
2N6T 135 17.443 0.1791 0.2679
2N6T 136 12.859 0.2473 0.3750
2N6T 137 7.875 0.2540 0.3988
2N6T 138 18.275 0.1886 0.2500
2N6T 139 17.039 0.1705 0.2500
2N6T 140 14.403 0.2827 0.4286
2N6T 141 9.293 0.1680 0.3155
2N6T 142 12.933 0.2617 0.3810
2N6T 143 12.769 0.2312 0.3631
2N6T 144 14.034 0.1685 0.2738
2N6T 145 14.823 0.2098 0.2917
2N6T 146 13.678 0.3303 0.4583
2N6T 147 19.078 0.1714 0.2619
2N6T 148 10.445 0.2309 0.3452
2N6T 149 9.272 0.2568 0.3631
2N6T 150 13.494 0.3029 0.4405
2N6T 151 9.756 0.2264 0.3393
2N6T 152 14.205 0.2414 0.3571
2N6T 153 16.514 0.2443 0.3452
2N6T 154 13.335 0.2194 0.3333
2N6T 155 10.443 0.1829 0.3036
2N6T 156 10.618 0.2498 0.4107
2N6T 157 11.584 0.2364 0.3512
2N6T 158 11.233 0.2579 0.4226
2N6T 159 10.589 0.2205 0.3393
2N6T 160 14.547 0.2270 0.3393
2N6T 161 12.039 0.2347 0.3393
2N6T 162 5.251 0.2859 0.5000
2N6T 163 18.359 0.2956 0.4048
2N6T 164 10.651 0.2195 0.3036
2N6T 165 14.686 0.2219 0.3512
2N6T 166 8.928 0.3070 0.4464
2N6T 167 10.219 0.2268 0.3452
2N6T 168 6.896 0.2679 0.4940
2N6T 169 4.221 0.3464 0.5714
2N6T 170 4.388 0.3067 0.5238
2N6T 171 14.340 0.2279 0.3750
2N6T 172 12.714 0.1996 0.2560
2N6T 173 10.519 0.1909 0.3274
2N6T 174 11.823 0.1749 0.2738
2N6T 175 14.571 0.1677 0.2619
2N6T 176 13.220 0.1537 0.2202
2N6T 177 15.663 0.1559 0.2440
2N6T 178 9.841 0.2435 0.3810
2N6T 179 14.407 0.1525 0.2500
2N6T 180 11.890 0.2811 0.4226
2N6T 181 15.234 0.1425 0.2560
2N6T 182 14.060 0.2038 0.2917
2N6T 183 15.956 0.2434 0.3631
2N6T 184 7.059 0.3018 0.4881
2N6T 185 14.507 0.1416 0.2202
2N6T 186 18.384 0.1390 0.2262
2N6T 187 8.406 0.2122 0.3869
2N6T 188 17.426 0.1418 0.2262
2N6T 189 13.426 0.2742 0.4048
2N6T 190 9.321 0.3028 0.4464
2N6T 191 14.157 0.2245 0.3690
2N6T 192 7.420 0.2431 0.4048
2N6T 193 11.452 0.2754 0.4226
2N6T 194 8.568 0.2551 0.3869
2N6T 195 8.125 0.2818 0.4107
2N6T 196 10.578 0.2950 0.4345
2N6T 197 10.887 0.2248 0.3333
2N6T 198 11.606 0.2700 0.4226
2N6T 199 17.610 0.2123 0.3214
2N6T 200 9.113 0.3008 0.4762
2N6T 201 9.064 0.2186 0.3631
2N6T 202 11.390 0.2762 0.4286
2N6T 203 7.715 0.2548 0.4524
2N6T 204 9.196 0.2587 0.4167
2N6T 205 6.644 0.2656 0.4405
2N6T 206 8.358 0.2713 0.4167
2N6T 207 17.217 0.2740 0.4107
2N6T 208 7.568 0.3046 0.4702
2N6T 209 8.289 0.2753 0.3929
2N6T 210 6.487 0.2927 0.4643
2N6T 211 14.328 0.1372 0.2143
2N6T 212 14.399 0.1387 0.2262
2N6T 213 16.454 0.2341 0.3155
2N6T 214 9.069 0.1950 0.3333
2N6T 215 8.988 0.2594 0.4226
2N6T 216 7.993 0.1819 0.3452
2N6T 217 10.184 0.1708 0.2798
2N6T 218 15.535 0.1969 0.3155
2N6T 219 14.024 0.1930 0.3036
2N6T 220 13.785 0.1653 0.2679
2N6T 221 12.123 0.2179 0.2976
2N6T 222 9.083 0.2428 0.3929
2N6T 223 9.635 0.2164 0.3512
2N6T 224 10.264 0.1753 0.2857
2N6T 225 11.998 0.1622 0.2440
2N6T 226 13.028 0.1466 0.2381
2N6T 227 19.513 0.1891 0.2976
2N6T 228 15.786 0.1780 0.2679
2N6T 229 15.135 0.2067 0.2976
2N6T 230 14.029 0.2788 0.3929
2N6T 231 9.023 0.2718 0.4286
2N6T 232 18.787 0.2352 0.3214
2N6T 233 10.747 0.2094 0.2917
2N6T 234 5.507 0.3541 0.5238
2N6T 235 11.603 0.2409 0.3631
2N6T 236 7.464 0.2657 0.4464
2N6T 237 11.827 0.2322 0.3452
2N6T 238 8.979 0.1956 0.3690
2N6T 239 6.043 0.2591 0.4643
2N6T 240 9.441 0.2995 0.4167
2N6T 241 6.904 0.2809 0.4405
2N6T 242 12.914 0.2307 0.3929
2N6T 243 6.035 0.2866 0.4643
2N6T 244 13.323 0.2407 0.3869
2N6T 245 6.671 0.2271 0.4286
2N6T 246 11.865 0.3067 0.4464
2N6T 247 8.189 0.2408 0.4167
2N6T 248 9.653 0.2905 0.4048
2N6T 249 6.522 0.2885 0.4940
2N6T 250 5.435 0.3061 0.5000
2N6T 251 9.818 0.1400 0.2500
2N6T 252 14.168 0.2196 0.3214
2N6T 253 15.653 0.2234 0.3571
2N6T 254 14.966 0.2056 0.3036
2N6T 255 11.712 0.1895 0.2917
2N6T 256 18.704 0.1537 0.2381
2N6T 257 13.237 0.1627 0.2440
2N6T 258 12.673 0.1939 0.2738
2N6T 259 10.823 0.1958 0.3036
2N6T 260 16.344 0.2723 0.3869
2N6T 261 17.102 0.1492 0.2679
2N6T 262 15.301 0.1617 0.2381
2N6T 263 17.710 0.1712 0.2500
2N6T 264 16.585 0.1377 0.2381
2N6T 265 18.896 0.1700 0.2560
2N6T 266 15.464 0.2223 0.3214
2N6T 267 9.255 0.2227 0.3333
2N6T 268 6.548 0.2608 0.4405
2N6T 269 13.220 0.3248 0.4583
2N6T 270 14.768 0.2008 0.3095
2N6T 271 11.027 0.2078 0.3036
2N6T 272 9.021 0.2733 0.4167
2N6T 273 12.908 0.2008 0.2857
2N6T 274 13.709 0.1995 0.3036
2N6T 275 12.992 0.2045 0.3036
2N6T 276 19.037 0.2192 0.3214
2N6T 277 15.757 0.1738 0.2560
2N6T 278 13.347 0.1991 0.2857
2N6T 279 12.087 0.2407 0.3929
2N6T 280 6.195 0.3306 0.5119
2N6T 281 5.913 0.2713 0.4643
2N6T 282 8.797 0.2603 0.4286
2N6T 283 6.408 0.2675 0.4464
2N6T 284 6.675 0.3091 0.4702
2N6T 285 9.540 0.2324 0.3810
2N6T 286 6.257 0.2572 0.4405
2N6T 287 10.263 0.2909 0.4167
2N6T 288 6.168 0.2716 0.4643
2N6T 289 4.714 0.3704 0.5655
2N6T 290 4.087 0.3277 0.5357
2N6T 291 16.441 0.1233 0.2024
2N6T 292 10.952 0.2086 0.3036
2N6T 293 17.548 0.1270 0.1964
2N6T 294 14.682 0.1206 0.2083
2N6T 295 19.648 0.1362 0.2024
2N6T 296 15.228 0.1380 0.2024
2N6T 297 17.831 0.1659 0.2500
2N6T 298 14.774 0.1750 0.3155
2N6T 299 13.017 0.2853 0.4464
2N6T 300 15.874 0.1738 0.2679
2N6T 301 11.490 0.2573 0.3810
2N6T 302 11.540 0.2505 0.4048
2N6T 303 7.344 0.3228 0.4881
2N6T 304 9.368 0.2234 0.3631
2N6T 305 15.712 0.1756 0.2619
2N6T 306 9.530 0.2265 0.3810
2N6T 307 11.743 0.1756 0.2798
2N6T 308 16.046 0.2377 0.3333
2N6T 309 10.313 0.2640 0.3750
2N6T 310 12.095 0.3231 0.4524
2N6T 311 13.889 0.2129 0.3333
2N6T 312 14.015 0.2414 0.3214
2N6T 313 5.624 0.2842 0.4643
2N6T 314 11.117 0.2722 0.3869
2N6T 315 9.505 0.2472 0.3631
2N6T 316 6.819 0.2375 0.3988
2N6T 317 6.560 0.3325 0.4881
2N6T 318 10.431 0.1913 0.2976
2N6T 319 8.007 0.2830 0.4107
2N6T 320 5.912 0.2740 0.4643
2N6T 321 8.361 0.2234 0.3690
2N6T 322 9.940 0.2733 0.3631
2N6T 323 9.626 0.3135 0.4464
2N6T 324 5.102 0.3323 0.5060
2N6T 325 8.679 0.2610 0.4167
2N6T 326 14.025 0.3356 0.4643
2N6T 327 15.574 0.2831 0.4167
2N6T 328 5.259 0.3182 0.5060
2N6T 329 5.638 0.3174 0.5000
2N6T 330 9.466 0.2709 0.4226
2N6T 331 16.203 0.1733 0.2738
2N6T 332 11.174 0.1778 0.3095
2N6T 333 14.208 0.1633 0.2381
2N6T 334 17.389 0.2452 0.3690
2N6T 335 10.598 0.2270 0.3393
2N6T 336 9.500 0.2420 0.4226
2N6T 337 9.910 0.1639 0.2500
2N6T 338 17.555 0.1400 0.2202
2N6T 339 19.677 0.1786 0.2798
2N6T 340 9.981 0.1702 0.2738
2N6T 341 14.184 0.1841 0.2798
2N6T 342 13.702 0.1862 0.2857
2N6T 343 12.120 0.2332 0.3512
2N6T 344 19.237 0.1336 0.2321
2N6T 345 15.067 0.2114 0.3393
2N6T 346 10.043 0.2024 0.3452
2N6T 347 12.141 0.1824 0.2857
2N6T 348 12.651 0.2931 0.4167
2N6T 349 15.225 0.2331 0.3631
2N6T 350 7.144 0.2834 0.4464
2N6T 351 15.229 0.1878 0.3036
2N6T 352 12.675 0.1839 0.2857
2N6T 353 10.080 0.2214 0.3988
2N6T 354 6.160 0.3017 0.4762
2N6T 355 5.342 0.3345 0.5476
2N6T 356 10.677 0.1850 0.2917
2N6T 357 12.405 0.2326 0.3869
2N6T 358 17.133 0.2448 0.3571
2N6T 359 6.732 0.2581 0.4226
2N6T 360 6.573 0.2925 0.4405
2N6T 361 7.693 0.3009 0.4583
2N6T 362 8.438 0.2999 0.4345
2N6T 363 10.954 0.2286 0.4226
2N6T 364 7.616 0.2796 0.4524
2N6T 365 6.659 0.2543 0.4048
2N6T 366 6.762 0.2650 0.4405
2N6T 367 16.344 0.1909 0.3095
2N6T 368 11.986 0.1889 0.2917
2N6T 369 10.856 0.2842 0.4464
2N6T 370 3.974 0.3112 0.5536
2N6T 371 17.906 0.1094 0.1726
2N6T 372 10.530 0.1939 0.3155
2N6T 373 14.690 0.1351 0.2083
2N6T 374 11.249 0.1365 0.2619
2N6T 375 12.821 0.2724 0.4286
2N6T 376 12.548 0.1613 0.2798
2N6T 377 9.291 0.3321 0.4702
2N6T 378 6.994 0.2951 0.4524
2N6T 379 14.424 0.1183 0.2143
2N6T 380 8.503 0.2802 0.4226
2N6T 381 11.034 0.2996 0.4524
2N6T 382 18.437 0.1593 0.2262
2N6T 383 15.526 0.1483 0.2619
2N6T 384 7.069 0.3195 0.4702
2N6T 385 7.501 0.2729 0.4226
2N6T 386 9.947 0.2760 0.4107
2N6T 387 7.252 0.2358 0.3988
2N6T 388 17.973 0.1842 0.2917
2N6T 389 8.049 0.2771 0.4524
2N6T 390 8.354 0.2585 0.4107
2N6T 391 5.634 0.2528 0.4702
2N6T 392 10.037 0.2254 0.3452
2N6T 393 7.182 0.2502 0.3988
2N6T 394 11.215 0.2234 0.3452
2N6T 395 16.611 0.2800 0.4107
2N6T 396 12.043 0.2045 0.3214
2N6T 397 18.730 0.2268 0.3869
2N6T 398 9.060 0.2717 0.3869
2N6T 399 4.467 0.3086 0.5298
2N6T 400 8.649 0.2753 0.4345
2N6T 401 9.000 0.3061 0.4881
2N6T 402 10.848 0.3288 0.4881
2N6T 403 7.751 0.3011 0.4405
2N6T 404 16.122 0.1892 0.2857
2N6T 405 19.239 0.1569 0.2560
2N6T 406 19.733 0.1860 0.3036
2N6T 407 6.932 0.3036 0.4643
2N6T 408 6.162 0.3137 0.5060
2N6T 409 12.222 0.2144 0.3690
2N6T 410 5.678 0.3037 0.5000
2N6T 411 1.529 0.6535 0.7976
2N6T 412 1.892 0.5659 0.7619
2N6T 413 2.043 0.5320 0.7262
2N6T 414 2.087 0.5199 0.7202
2N6T 415 2.212 0.4965 0.7083
2N6T 416 2.255 0.4903 0.6905
2N6T 417 2.250 0.4925 0.6964
2N6T 418 2.190 0.5035 0.7024
2N6T 419 2.170 0.5039 0.7202
2N6T 420 2.242 0.4888 0.6964
2N6T 421 2.225 0.4926 0.7083
2N6T 422 2.195 0.4995 0.7024
2N6T 423 2.213 0.4962 0.7143
2N6T 424 2.217 0.4942 0.7143
2N6T 425 2.222 0.4939 0.7083
2N6T 426 2.218 0.4951 0.7143
2N6T 427 2.201 0.4987 0.7024
2N6T 428 2.213 0.4972 0.7083
2N6T 429 2.231 0.4905 0.7024
2N6T 430 2.230 0.4926 0.7083
2N6T 431 2.199 0.4967 0.7143
2N6T 432 2.221 0.4918 0.6964
2N6T 433 2.224 0.4919 0.7024
2N6T 434 2.212 0.4933 0.7143
2N6T 435 2.232 0.4908 0.7024
2N6T 436 2.204 0.4957 0.7143
2N6T 437 2.228 0.4916 0.7024
2N6T 438 2.230 0.4911 0.7024
2N6T 439 2.223 0.4921 0.7083
2N6T 440 2.221 0.4946 0.7143
2N6T 441 2.242 0.4892 0.7024
2N6T 442 2.211 0.4956 0.7143
2N6T 443 2.211 0.4966 0.7143
2N6T 444 2.219 0.4943 0.7083
2N6T 445 2.229 0.4906 0.7024
2N6T 446 2.226 0.4910 0.7083
2N6T 447 2.206 0.4990 0.7024
2N6T 448 2.224 0.4935 0.7024
2N6T 449 2.196 0.5000 0.7143
2N6T 450 2.238 0.4910 0.7024
2N6T 451 2.202 0.4989 0.7024
2N6T 452 2.214 0.4957 0.6964
2N6T 453 2.255 0.4919 0.6964
2N6T 454 2.239 0.4932 0.7024
2N6T 455 2.251 0.4894 0.7083
2N6T 456 2.227 0.4923 0.7083
2N6T 457 2.283 0.4833 0.6964
2N6T 458 2.241 0.4905 0.6964
2N6T 459 2.242 0.4882 0.7083
2N6T 460 2.315 0.4766 0.6964
2N6T 461 2.272 0.4843 0.7024
2N6T 462 2.285 0.4810 0.6964
2N6T 463 2.274 0.4844 0.7083
2N6T 464 2.240 0.4909 0.7083
2N6T 465 2.260 0.4888 0.7024
2N6T 466 2.258 0.4887 0.6905
2N6T 467 2.203 0.4969 0.6964
2N6T 468 2.216 0.4921 0.7024
2N6T 469 2.269 0.4822 0.7024
2N6T 470 2.315 0.4755 0.6845
2N6T 471 2.258 0.4879 0.6964
2N6T 472 2.243 0.4877 0.7143
2N6T 473 2.276 0.4796 0.7143
2N6T 474 2.263 0.4838 0.6964
2N6T 475 2.185 0.5051 0.7143
2N6T 476 2.269 0.4868 0.6964
2N6T 477 2.256 0.4948 0.6845
2N6T 478 2.295 0.4853 0.6905
2N6T 479 2.229 0.4940 0.7083
2N6T 480 2.272 0.4882 0.6964
2N6T 481 2.273 0.4852 0.6964
2N6T 482 2.215 0.5001 0.6845
2N6T 483 2.261 0.4864 0.7024
2N6T 484 2.237 0.4965 0.7024
2N6T 485 2.281 0.4845 0.6905
2N6T 486 2.181 0.5090 0.7143
2N6T 487 2.254 0.4876 0.7083
2N6T 488 2.240 0.4915 0.7024
2N6T 489 2.267 0.4878 0.7024
2N6T 490 2.257 0.4913 0.6905
2N6T 491 2.227 0.4967 0.7024
2N6T 492 2.214 0.5013 0.7024
2N6T 493 2.266 0.4864 0.7083
2N6T 494 2.279 0.4847 0.6905
2N6T 495 2.266 0.4924 0.7024
2N6T 496 2.281 0.4819 0.6964
2N6T 497 2.247 0.4942 0.6905
2N6T 498 2.266 0.4858 0.7143
2N6T 499 2.257 0.4901 0.6905
2N6T 500 2.309 0.4785 0.7024
2N6T 501 2.189 0.5077 0.7262
2N6T 502 2.121 0.5248 0.7321
2N6T 503 2.152 0.5192 0.7321
2N6T 504 2.165 0.5110 0.7321
2N6T 505 2.097 0.5295 0.7321
2N6T 506 2.176 0.5078 0.7262
2N6T 507 2.158 0.5169 0.7262
2N6T 508 2.156 0.5143 0.7321
2N6T 509 2.120 0.5212 0.7321
2N6T 510 2.111 0.5263 0.7262
2N6T 511 2.169 0.5101 0.7262
2N6T 512 2.099 0.5278 0.7381
2N6T 513 2.177 0.5105 0.7262
2N6T 514 2.091 0.5354 0.7321
2N6T 515 2.092 0.5419 0.7321
2N6T 516 2.179 0.5161 0.7262
2N6T 517 2.252 0.5011 0.7143
2N6T 518 2.214 0.5109 0.7083
2N6T 519 2.216 0.5085 0.7143
2N6T 520 2.253 0.4960 0.6964
2N6T 521 2.219 0.5048 0.6964
2N6T 522 2.310 0.4852 0.6905
2N6T 523 2.280 0.4818 0.6905
2N6T 524 2.282 0.4839 0.6845
2N6T 525 2.300 0.4754 0.6964
2N6T 526 2.309 0.4737 0.6964
2N6T 527 2.268 0.4833 0.7024
2N6T 528 2.335 0.4686 0.6964
2N6T 529 2.318 0.4702 0.6964
2N6T 530 2.218 0.4987 0.7083
2N6T 531 2.322 0.4680 0.6845
2N6T 532 2.303 0.4754 0.6845
2N6T 533 2.315 0.4750 0.6786
2N6T 534 2.406 0.4556 0.6845
2N6T 535 2.374 0.4649 0.6726
2N6T 536 2.358 0.4623 0.6726
2N6T 537 2.369 0.4656 0.6845
2N6T 538 2.326 0.4758 0.6905
2N6T 539 2.426 0.4600 0.6667
2N6T 540 2.510 0.4385 0.6667
2N6T 541 2.307 0.4773 0.6845
2N6T 542 2.353 0.4733 0.6845
2N6T 543 2.380 0.4727 0.6845
2N6T 544 2.334 0.4821 0.6845
2N6T 545 2.397 0.4707 0.6845
2N6T 546 2.375 0.4760 0.6845
2N6T 547 2.335 0.4947 0.6845
2N6T 548 2.317 0.5008 0.7024
2N6T 549 2.407 0.4821 0.6905
2N6T 550 2.432 0.4715 0.6845
2N6T 551 2.416 0.4744 0.6845
2N6T 552 2.435 0.4728 0.6964
2N6T 553 2.331 0.4995 0.6964
2N6T 554 2.355 0.4831 0.6964
2N6T 555 2.420 0.4666 0.6786
2N6T 556 2.394 0.4684 0.6905
2N6T 557 2.334 0.4872 0.6905
2N6T 558 2.440 0.4656 0.6905
2N6T 559 2.487 0.4581 0.6726
2N6T 560 2.349 0.4851 0.6905
2N6T 561 2.482 0.4579 0.6667
2N6T 562 2.510 0.4567 0.6726
2N6T 563 2.450 0.4676 0.6905
2N6T 564 2.382 0.4732 0.6905
2N6T 565 2.490 0.4651 0.6726
2N6T 566 2.417 0.4659 0.6786
2N6T 567 2.480 0.4547 0.6667
2N6T 568 2.491 0.4544 0.6667
2N6T 569 2.346 0.4808 0.6964
2N6T 570 2.477 0.4529 0.6786
2N6T 571 2.418 0.4789 0.6786
2N6T 572 2.563 0.4500 0.6786
2N6T 573 2.467 0.4586 0.6726
2N6T 574 2.520 0.4624 0.6667
2N6T 575 2.549 0.4479 0.6667
2N6T 576 2.579 0.4469 0.6607
2N6T 577 2.505 0.4568 0.6667
2N6T 578 2.537 0.4516 0.6607
2N6T 579 2.510 0.4540 0.6667
2N6T 580 2.573 0.4441 0.6607
2N6T 581 2.438 0.4676 0.6726
2N6T 582 2.356 0.4981 0.6845
2N6T 583 2.341 0.4984 0.6845
2N6T 584 2.432 0.4774 0.6786
2N6T 585 2.379 0.4829 0.6786
2N6T 586 2.343 0.4950 0.6845
2N6T 587 2.384 0.4821 0.6905
2N6T 588 2.449 0.4665 0.6726
2N6T 589 2.413 0.4739 0.6667
2N6T 590 2.438 0.4751 0.6667
2N6T 591 2.329 0.5008 0.6845
2N6T 592 2.356 0.4937 0.6905
2N6T 593 2.422 0.4819 0.6905
2N6T 594 2.401 0.4821 0.6726
2N6T 595 2.369 0.4923 0.6726
2N6T 596 2.359 0.4956 0.6726
2N6T 597 2.337 0.5061 0.6964
2N6T 598 2.324 0.5124 0.6964
2N6T 599 2.296 0.5141 0.6964
2N6T 600 2.330 0.5074 0.6845
2N6T 601 2.372 0.4902 0.6964
2N6T 602 2.321 0.5130 0.6964
2N6T 603 2.281 0.5164 0.7024
2N6T 604 2.252 0.5414 0.7083
2N6T 605 2.298 0.5176 0.7024
2N6T 606 2.215 0.5396 0.7143
2N6T 607 2.235 0.5247 0.7083
2N6T 608 2.257 0.5272 0.7024
2N6T 609 2.364 0.4939 0.6905
2N6T 610 2.277 0.5267 0.7024
2N6T 611 2.277 0.5211 0.6964
2N6T 612 2.262 0.5292 0.7202
2N6T 613 2.212 0.5382 0.7083
2N6T 614 2.326 0.5125 0.7024
2N6T 615 2.432 0.4821 0.6964
2N6T 616 2.461 0.4723 0.6786
2N6T 617 2.384 0.4905 0.6905
2N6T 618 2.329 0.5057 0.7024
2N6T 619 2.426 0.4787 0.6905
2N6T 620 2.313 0.5062 0.6964
2N6T 621 2.335 0.5049 0.7083
2N6T 622 2.390 0.4817 0.6845
2N6T 623 2.440 0.4749 0.6845
2N6T 624 2.415 0.4774 0.6905
2N6T 625 2.365 0.4982 0.6964
2N6T 626 2.323 0.5026 0.6964
2N6T 627 2.341 0.4927 0.6905
2N6T 628 2.394 0.4930 0.6786
2N6T 629 2.358 0.4993 0.6905
2N6T 630 2.431 0.4837 0.6905
2N6T 631 2.374 0.4891 0.6905
2N6T 632 2.351 0.5017 0.7024
2N6T 633 2.417 0.4949 0.6845
2N6T 634 2.330 0.5005 0.7024
2N6T 635 2.334 0.5094 0.6964
2N6T 636 2.376 0.4940 0.6905
2N6T 637 2.400 0.4880 0.6964
2N6T 638 2.316 0.5040 0.6964
2N6T 639 2.344 0.5110 0.6964
2N6T 640 2.414 0.4823 0.6786
2N6T 641 2.337 0.5177 0.7024
2N6T 642 2.309 0.5024 0.7024
2N6T 643 2.382 0.4814 0.6845
2N6T 644 2.385 0.4907 0.6905
2N6T 645 2.326 0.5148 0.6964
2N6T 646 2.317 0.5161 0.6964
2N6T 647 2.419 0.4869 0.6845
2N6T 648 2.381 0.5018 0.6905
2N6T 649 2.293 0.5197 0.7024
2N6T 650 2.367 0.4950 0.6964
2N6T 651 2.410 0.4783 0.7024
2N6T 652 2.359 0.4834 0.6964
2N6T 653 2.385 0.4863 0.6905
2N6T 654 2.444 0.4723 0.6964
2N6T 655 2.496 0.4777 0.6845
2N6T 656 2.370 0.4968 0.6905
2N6T 657 2.363 0.5047 0.6964
2N6T 658 2.402 0.4805 0.6845
2N6T 659 2.503 0.4619 0.6667
2N6T 660 2.449 0.4664 0.6726
2N6T 661 2.473 0.4585 0.6726
2N6T 662 2.354 0.4891 0.6964
2N6T 663 2.384 0.5019 0.7024
2N6T 664 2.439 0.4694 0.6786
2N6T 665 2.474 0.4741 0.6964
2N6T 666 2.424 0.4697 0.6905
2N6T 667 2.510 0.4707 0.6786
2N6T 668 2.549 0.4709 0.6786
2N6T 669 2.598 0.4607 0.6667
2N6T 670 2.534 0.4764 0.6905
2N6T 671 2.362 0.5342 0.7083
2N6T 672 2.442 0.4887 0.7083
2N6T 673 2.433 0.5000 0.7024
2N6T 674 2.453 0.5001 0.6845
2N6T 675 2.582 0.4719 0.6786
2N6T 676 2.549 0.4705 0.6845
2N6T 677 2.574 0.4738 0.6667
2N6T 678 2.605 0.4672 0.6786
2N6T 679 2.493 0.4866 0.6964
2N6T 680 2.384 0.5185 0.6964
2N6T 681 2.527 0.4884 0.6726
2N6T 682 2.637 0.4621 0.6905
2N6T 683 2.536 0.4726 0.6905
2N6T 684 2.411 0.4972 0.6905
2N6T 685 2.428 0.5024 0.6964
2N6T 686 2.474 0.4895 0.6845
2N6T 687 2.454 0.4967 0.6845
2N6T 688 2.442 0.4890 0.6905
2N6T 689 2.424 0.5066 0.6905
2N6T 690 2.470 0.5059 0.6964
2N6T 691 2.413 0.5005 0.6964
2N6T 692 2.630 0.4759 0.6726
2N6T 693 2.522 0.4933 0.6905
2N6T 694 2.458 0.5010 0.6905
2N6T 695 2.484 0.4879 0.6905
2N6T 696 2.522 0.4899 0.6905
2N6T 697 2.444 0.5041 0.6905
2N6T 698 2.422 0.5022 0.7024
2N6T 699 2.528 0.4916 0.6845
2N6T 700 2.513 0.4921 0.6905
2N6T 701 2.510 0.4947 0.6786
2N6T 702 2.530 0.5036 0.6905
2N6T 703 2.480 0.5063 0.6964
2N6T 704 2.463 0.5005 0.7024
2N6T 705 2.420 0.5242 0.7083
2N6T 706 2.418 0.5333 0.7143
2N6T 707 2.544 0.4998 0.6726
2N6T 708 2.409 0.5096 0.6964
2N6T 709 2.481 0.5021 0.6964
2N6T 710 2.438 0.5166 0.7083
2N6T 711 2.541 0.4979 0.6964
2N6T 712 2.536 0.4826 0.6726
2N6T 713 2.536 0.4836 0.6905
2N6T 714 2.440 0.5037 0.6964
2N6T 715 2.289 0.5410 0.7262
2N6T 716 2.368 0.4942 0.6964
2N6T 717 2.404 0.5075 0.6905
2N6T 718 2.297 0.5270 0.6964
2N6T 719 2.356 0.5105 0.7083
2N6T 720 2.367 0.5239 0.7083
2N6T 721 2.330 0.5227 0.7143
2N6T 722 2.408 0.5011 0.6905
2N6T 723 2.361 0.5084 0.7024
2N6T 724 2.393 0.5164 0.6905
2N6T 725 2.401 0.5077 0.7024
2N6T 726 2.375 0.5227 0.7083
2N6T 727 2.302 0.5270 0.7143
2N6T 728 2.338 0.5285 0.7083
2N6T 729 2.479 0.5076 0.6845
2N6T 730 2.206 0.5452 0.7083
2N6T 731 2.528 0.4850 0.6845
2N6T 732 2.413 0.5030 0.6905
2N6T 733 2.408 0.5011 0.7024
2N6T 734 2.435 0.4928 0.7083
2N6T 735 2.267 0.5344 0.7083
2N6T 736 2.389 0.5160 0.7024
2N6T 737 2.321 0.5261 0.7083
2N6T 738 2.423 0.5052 0.6905
2N6T 739 2.414 0.4933 0.6905
2N6T 740 2.447 0.5035 0.6905
2N6T 741 2.416 0.4959 0.6964
2N6T 742 2.357 0.5304 0.7024
2N6T 743 2.343 0.5335 0.7262
2N6T 744 2.455 0.5130 0.7024
2N6T 745 2.218 0.5548 0.7202
2N6T 746 2.342 0.5292 0.7143
2N6T 747 2.350 0.5175 0.7024
2N6T 748 2.301 0.5288 0.6964
2N6T 749 2.302 0.5225 0.7024
2N6T 750 2.336 0.5270 0.7202
2N6T 751 2.536 0.4872 0.7024
2N6T 752 2.497 0.4930 0.6905
2N6T 753 2.488 0.5189 0.7024
2N6T 754 2.434 0.5230 0.6964
2N6T 755 2.321 0.5355 0.7143
2N6T 756 2.365 0.5220 0.7083
2N6T 757 2.389 0.5143 0.7024
2N6T 758 2.338 0.5213 0.7083
2N6T 759 2.208 0.5671 0.7262
2N6T 760 2.312 0.5277 0.7083
2N6T 761 2.314 0.5276 0.7024
2N6T 762 2.378 0.5118 0.7024
2N6T 763 2.440 0.4903 0.6905
2N6T 764 2.338 0.5041 0.7024
2N6T 765 2.356 0.5156 0.7024
2N6T 766 2.541 0.4744 0.6726
2N6T 767 2.554 0.4606 0.6667
2N6T 768 2.540 0.4626 0.6607
2N6T 769 2.537 0.4700 0.6667
2N6T 770 2.354 0.5246 0.7083
2N6T 771 2.452 0.4955 0.6845
2N6T 772 2.387 0.5018 0.6964
2N6T 773 2.399 0.5086 0.6964
2N6T 774 2.338 0.5300 0.7024
2N6T 775 2.392 0.5132 0.7024
2N6T 776 2.308 0.5340 0.7083
2N6T 777 2.473 0.4838 0.6726
2N6T 778 2.624 0.4486 0.6548
2N6T 779 2.401 0.5096 0.7024
2N6T 780 2.269 0.5346 0.7202
2N6T 781 2.282 0.5611 0.7262
2N6T 782 2.396 0.5138 0.7202
2N6T 783 2.303 0.5430 0.7083
2N6T 784 2.235 0.5641 0.7262
2N6T 785 2.311 0.5319 0.7143
2N6T 786 2.350 0.5181 0.7143
2N6T 787 2.505 0.4820 0.6786
2N6T 788 2.541 0.4809 0.6845
2N6T 789 2.318 0.5207 0.6964
2N6T 790 2.334 0.5346 0.6964
2N6T 791 2.318 0.5156 0.7143
2N6T 792 2.598 0.4625 0.6548
2N6T 793 2.437 0.4909 0.6845
2N6T 794 2.299 0.5418 0.7202
2N6T 795 2.162 0.5757 0.7321
2N6T 796 2.360 0.5220 0.7024
2N6T 797 2.372 0.5129 0.6905
2N6T 798 2.316 0.5241 0.6964
2N6T 799 2.419 0.4908 0.6964
2N6T 800 2.409 0.5104 0.7024
2N6T 801 2.355 0.5280 0.7083
2N6T 802 2.244 0.5413 0.7083
2N6T 803 2.240 0.5440 0.7202
2N6T 804 2.225 0.5577 0.7262
2N6T 805 2.342 0.5284 0.7083
2N6T 806 2.420 0.5195 0.6964
2N6T 807 2.400 0.5135 0.7024
2N6T 808 2.441 0.5082 0.6905
2N6T 809 2.434 0.5089 0.6845
2N6T 810 2.343 0.5119 0.7083
2N6T 811 2.345 0.5297 0.7083
2N6T 812 2.474 0.5181 0.6905
2N6T 813 2.460 0.5182 0.7143
2N6T 814 2.564 0.5030 0.6845
2N6T 815 2.563 0.5083 0.6845
2N6T 816 2.612 0.4965 0.6786
2N6T 817 2.544 0.4955 0.6964
2N6T 818 2.507 0.4952 0.6667
2N6T 819 2.525 0.4749 0.6607
2N6T 820 2.512 0.5004 0.6845
2N6T 821 2.496 0.4970 0.6845
2N6T 822 2.454 0.5018 0.6786
2N6T 823 2.479 0.4900 0.6905
2N6T 824 2.427 0.5086 0.6786
2N6T 825 2.323 0.5270 0.7143
2N6T 826 2.417 0.5175 0.7024
2N6T 827 2.584 0.5008 0.6726
2N6T 828 2.526 0.5159 0.6905
2N6T 829 2.492 0.5064 0.6786
2N6T 830 2.636 0.4761 0.6786
2N6T 831 2.358 0.5334 0.7024
2N6T 832 2.454 0.5127 0.6905
2N6T 833 2.534 0.4954 0.6726
2N6T 834 2.426 0.5054 0.6905
2N6T 835 2.470 0.5093 0.7024
2N6T 836 2.609 0.4779 0.6667
2N6T 837 2.577 0.4736 0.6607
2N6T 838 2.508 0.4962 0.7024
2N6T 839 2.531 0.4869 0.6964
2N6T 840 2.583 0.4895 0.6786
2N6T 841 2.436 0.5264 0.6905
2N6T 842 2.525 0.5087 0.6905
2N6T 843 2.522 0.5072 0.6845
2N6T 844 2.600 0.4897 0.6786
2N6T 845 2.543 0.5055 0.6845
2N6T 846 2.590 0.4937 0.6845
2N6T 847 2.390 0.5272 0.7024
2N6T 848 2.495 0.5226 0.6905
2N6T 849 2.432 0.5149 0.7024
2N6T 850 2.523 0.5059 0.6845
2N6T 851 2.723 0.4738 0.6607
2N6T 852 2.622 0.4889 0.6786
2N6T 853 2.559 0.4927 0.6964
2N6T 854 2.471 0.4907 0.6726
2N6T 855 2.520 0.5053 0.6845
2N6T 856 2.590 0.4881 0.6726
2N6T 857 2.652 0.4875 0.6786
2N6T 858 2.630 0.4721 0.6607
2N6T 859 2.529 0.5086 0.6845
2N6T 860 2.320 0.5402 0.7083
2N6T 861 2.366 0.5207 0.6905
2N6T 862 2.504 0.4974 0.6607
2N6T 863 2.519 0.5056 0.7024
2N6T 864 2.568 0.4836 0.6726
2N6T 865 2.555 0.4863 0.6845
2N6T 866 2.586 0.4759 0.6667
2N6T 867 2.489 0.5025 0.6845
2N6T 868 2.544 0.4990 0.6786
2N6T 869 2.606 0.4840 0.6786
2N6T 870 2.528 0.5085 0.6726
2N6T 871 2.573 0.4867 0.6845
2N6T 872 2.448 0.5132 0.6964
2N6T 873 2.458 0.5083 0.6905
2N6T 874 2.566 0.4911 0.6845
2N6T 875 2.640 0.4940 0.6845
2N6T 876 2.470 0.4988 0.6905
2N6T 877 2.485 0.4995 0.6964
2N6T 878 2.595 0.4741 0.6786
2N6T 879 2.565 0.4834 0.6905
2N6T 880 2.739 0.4632 0.6548
2N6T 881 2.446 0.5026 0.6845
2N6T 882 2.460 0.5080 0.6786
2N6T 883 2.280 0.5331 0.7083
2N6T 884 2.510 0.4924 0.6786
2N6T 885 2.568 0.4784 0.6726
2N6T 886 2.646 0.4760 0.6786
2N6T 887 2.339 0.5249 0.6905
2N6T 888 2.464 0.5150 0.7024
2N6T 889 2.612 0.5065 0.6964
2N6T 890 2.703 0.4829 0.6786
2N6T 891 2.485 0.5082 0.6964
2N6T 892 2.391 0.5323 0.6964
2N6T 893 2.453 0.5135 0.6905
2N6T 894 2.328 0.5162 0.7024
2N6T 895 2.569 0.4839 0.6726
2N6T 896 2.621 0.4925 0.6786
2N6T 897 2.662 0.4834 0.6726
2N6T 898 2.382 0.5336 0.7083
2N6T 899 2.439 0.5122 0.6905
2N6T 900 2.505 0.4948 0.6905
2N6T 901 2.461 0.5146 0.7024
2N6T 902 2.578 0.4857 0.6786
2N6T 903 2.526 0.5011 0.6905
2N6T 904 2.544 0.4885 0.6845
2N6T 905 2.395 0.4983 0.6905
2N6T 906 2.493 0.5136 0.6786
2N6T 907 2.581 0.4965 0.6845
2N6T 908 2.642 0.4683 0.6607
2N6T 909 2.465 0.5014 0.6905
2N6T 910 2.563 0.5013 0.6905
2N6T 911 2.475 0.5035 0.6905
2N6T 912 2.536 0.4963 0.6845
2N6T 913 2.420 0.5238 0.7024
2N6T 914 2.443 0.5132 0.6905
2N6T 915 2.427 0.5132 0.6964
2N6T 916 2.590 0.4711 0.6667
2N6T 917 2.535 0.4971 0.6905
2N6T 918 2.557 0.4819 0.6667
2N6T 919 2.547 0.4914 0.6845
2N6T 920 2.586 0.4865 0.6786
2N6T 921 2.468 0.5090 0.7083
2N6T 922 2.613 0.4813 0.6786
2N6T 923 2.483 0.5160 0.6905
2N6T 924 2.542 0.4983 0.6905
2N6T 925 2.626 0.4955 0.6905
2N6T 926 2.528 0.4970 0.6964
2N6T 927 2.365 0.5216 0.7083
2N6T 928 2.456 0.4932 0.6726
2N6T 929 2.369 0.5124 0.6905
2N6T 930 2.493 0.4890 0.6607
2N6T 931 2.352 0.5139 0.6786
2N6T 932 2.483 0.4897 0.6726
2N6T 933 2.526 0.4871 0.6786
2N6T 934 2.452 0.4885 0.6845
2N6T 935 2.499 0.4789 0.6667
2N6T 936 2.543 0.4710 0.6726
2N6T 937 2.615 0.4702 0.6667
2N6T 938 2.557 0.4743 0.6726
2N6T 939 2.518 0.5055 0.6845
2N6T 940 2.766 0.4689 0.6845
2N6T 941 2.454 0.5021 0.6964
2N6T 942 2.451 0.5140 0.6845
2N6T 943 2.443 0.5191 0.7024
2N6T 944 2.552 0.5046 0.6786
2N6T 945 2.713 0.4815 0.6845
2N6T 946 2.435 0.5508 0.7024
2N6T 947 2.486 0.5262 0.7083
2N6T 948 2.423 0.5399 0.7083
2N6T 949 2.505 0.5213 0.7024
2N6T 950 2.537 0.5032 0.7083
2N6T 951 2.435 0.5327 0.7083
2N6T 952 2.539 0.4878 0.6786
2N6T 953 2.537 0.4945 0.6845
2N6T 954 2.376 0.5281 0.7143
2N6T 955 2.428 0.5266 0.7083
2N6T 956 2.378 0.5264 0.6964
2N6T 957 2.428 0.5138 0.6964
2N6T 958 2.589 0.4875 0.6726
2N6T 959 2.426 0.5150 0.7083
2N6T 960 2.307 0.5361 0.7083
2N6T 961 2.546 0.4927 0.6786
2N6T 962 2.466 0.5242 0.6964
2N6T 963 2.366 0.5069 0.6964
2N6T 964 2.346 0.5160 0.6905
2N6T 965 2.390 0.5204 0.6964
2N6T 966 2.237 0.5297 0.7083
2N6T 967 2.303 0.5147 0.6905
2N6T 968 2.424 0.5163 0.6964
2N6T 969 2.342 0.5268 0.7024
2N6T 970 2.382 0.5099 0.7143
2N6T 971 2.304 0.5083 0.6905
2N6T 972 2.576 0.4959 0.6786
2N6T 973 2.615 0.4893 0.6667
2N6T 974 2.509 0.5017 0.6667
2N6T 975 2.542 0.4712 0.6667
2N6T 976 2.520 0.4784 0.6726
2N6T 977 2.537 0.4825 0.6845
2N6T 978 2.616 0.4613 0.6607
2N6T 979 2.684 0.4577 0.6667
2N6T 980 2.399 0.5156 0.6905
2N6T 981 2.719 0.4958 0.6964
2N6T 982 2.797 0.4849 0.6726
2N6T 983 2.826 0.4739 0.6607
2N6T 984 2.594 0.4967 0.6845
2N6T 985 2.520 0.4837 0.6726
2N6T 986 2.654 0.4758 0.6905
2N6T 987 2.560 0.4977 0.6964
2N6T 988 2.609 0.4794 0.6905
2N6T 989 2.558 0.4844 0.6786
2N6T 990 2.490 0.5040 0.7024
2N6T 991 2.416 0.4811 0.6786
2N6T 992 2.564 0.4709 0.6726
2N6T 993 2.505 0.4895 0.6786
2N6T 994 2.537 0.4872 0.6905
2N6T 995 2.550 0.4809 0.6726
2N6T 996 2.550 0.4574 0.6607
2N6T 997 2.454 0.4923 0.6726
2N6T 998 2.593 0.4662 0.6786
2N6T 999 2.585 0.4828 0.6667
2N6T 1000 2.578 0.4642 0.6786
2N6T 1001 2.526 0.4984 0.6905
2N6T 1002 2.375 0.5383 0.7143
2N6T 1003 2.371 0.5217 0.7024
2N6T 1004 2.333 0.5282 0.7024
2N6T 1005 2.410 0.5151 0.7024
2N6T 1006 2.468 0.5175 0.7024
2N6T 1007 2.690 0.4823 0.6548
2N6T 1008 2.634 0.4717 0.6905
2N6T 1009 2.520 0.4888 0.6845
2N6T 1010 2.577 0.4890 0.6548
2N6T 1011 2.538 0.5013 0.6905
2N6T 1012 2.567 0.4776 0.6786
2N6T 1013 2.555 0.5045 0.6905
2N6T 1014 2.757 0.4518 0.6726
2N6T 1015 2.630 0.4705 0.6726
2N6T 1016 2.817 0.4566 0.6548
2N6T 1017 2.807 0.4602 0.6786
2N6T 1018 2.625 0.4837 0.6845
2N6T 1019 2.500 0.5011 0.6964
2N6T 1020 2.430 0.4924 0.6964
2N6T 1021 2.511 0.4702 0.6607
2N6T 1022 2.548 0.4803 0.6786
2N6T 1023 2.482 0.4959 0.6786
2N6T 1024 2.352 0.5217 0.6964
2N6T 1025 2.650 0.4583 0.6667
2N6T 1026 2.680 0.4826 0.6607
2N6T 1027 2.584 0.4660 0.6786
2N6T 1028 2.473 0.4885 0.6786
2N6T 1029 2.696 0.4462 0.6429
2N6T 1030 2.518 0.4757 0.6786
2N6T 1031 2.561 0.4754 0.6726
2N6T 1032 2.647 0.4392 0.6429
2N6T 1033 2.802 0.4265 0.6250
2N6T 1034 2.571 0.4760 0.6667
2N6T 1035 2.705 0.4699 0.6667
2N6T 1036 2.606 0.4541 0.6667
2N6T 1037 2.916 0.4012 0.6250
2N6T 1038 2.893 0.4215 0.6310
2N6T 1039 2.762 0.4432 0.6488
2N6T 1040 2.608 0.4729 0.6667
2N6T 1041 2.536 0.4875 0.6667
2N6T 1042 2.821 0.4309 0.6429
2N6T 1043 2.811 0.4337 0.6429
2N6T 1044 2.947 0.3978 0.6131
2N6T 1045 2.589 0.4627 0.6667
2N6T 1046 2.670 0.4501 0.6488
2N6T 1047 2.599 0.4775 0.6667
2N6T 1048 2.869 0.4277 0.6429
2N6T 1049 2.653 0.4456 0.6548
2N6T 1050 2.581 0.4606 0.6667
2N6T 1051 2.685 0.4587 0.6488
2N6T 1052 2.877 0.4294 0.6429
2N6T 1053 2.694 0.4776 0.6726
2N6T 1054 2.568 0.4869 0.6726
2N6T 1055 2.764 0.4330 0.6429
2N6T 1056 2.713 0.4555 0.6548
2N6T 1057 2.770 0.4736 0.6726
2N6T 1058 2.830 0.4408 0.6429
2N6T 1059 2.852 0.4250 0.6250
2N6T 1060 2.940 0.4130 0.6190
2N6T 1061 2.837 0.4265 0.6429
2N6T 1062 2.757 0.4389 0.6369
2N6T 1063 2.857 0.4437 0.6488
2N6T 1064 2.684 0.4558 0.6548
2N6T 1065 2.869 0.4186 0.6250
2N6T 1066 2.772 0.4372 0.6429
2N6T 1067 2.600 0.4671 0.6607
2N6T 1068 2.785 0.4451 0.6488
2N6T 1069 2.909 0.4234 0.6250
2N6T 1070 2.597 0.4811 0.6667
2N6T 1071 2.657 0.4528 0.6429
2N6T 1072 2.860 0.4118 0.6190
2N6T 1073 2.958 0.4093 0.6190
2N6T 1074 3.182 0.3679 0.6012
2N6T 1075 2.727 0.4356 0.6429
2N6T 1076 2.751 0.4498 0.6488
2N6T 1077 2.754 0.4539 0.6488
2N6T 1078 2.577 0.4852 0.6607
2N6T 1079 2.730 0.4437 0.6369
2N6T 1080 2.838 0.4200 0.6190
2N6T 1081 2.709 0.4346 0.6369
2N6T 1082 2.772 0.4298 0.6429
2N6T 1083 2.764 0.4508 0.6488
2N6T 1084 2.748 0.4504 0.6429
2N6T 1085 2.799 0.4347 0.6429
2N6T 1086 2.683 0.4668 0.6607
2N6T 1087 2.854 0.4488 0.6488
2N6T 1088 2.768 0.4600 0.6548
2N6T 1089 3.022 0.4185 0.6131
2N6T 1090 3.234 0.3878 0.6012
2N6T 1091 2.991 0.4277 0.6310
2N6T 1092 2.680 0.4596 0.6548
2N6T 1093 2.610 0.4577 0.6548
