1XHP 1 0.000 1.0000 1.0000
1XHP 2 0.192 0.9819 1.0000
1XHP 3 0.269 0.9657 1.0000
1XHP 4 0.292 0.9629 1.0000
1XHP 5 0.264 0.9660 1.0000
1XHP 6 0.356 0.9458 1.0000
1XHP 7 0.301 0.9609 1.0000
1XHP 8 0.427 0.9244 1.0000
1XHP 9 0.630 0.9259 0.9844
1XHP 10 0.440 0.9317 0.9922
1XHP 11 9.336 0.2489 0.4297
1XHP 12 11.920 0.2172 0.3750
1XHP 13 9.249 0.2858 0.4766
1XHP 14 8.417 0.1813 0.3750
1XHP 15 9.706 0.2370 0.4141
1XHP 16 6.620 0.2941 0.6016
1XHP 17 9.759 0.1351 0.2813
1XHP 18 13.051 0.2068 0.3438
1XHP 19 8.521 0.1457 0.3516
1XHP 20 11.658 0.1781 0.3281
1XHP 21 11.591 0.2407 0.3672
1XHP 22 12.498 0.2425 0.3750
1XHP 23 4.446 0.3103 0.6094
1XHP 24 6.287 0.2972 0.5469
1XHP 25 11.139 0.2939 0.4453
1XHP 26 8.016 0.2807 0.5078
1XHP 27 8.652 0.3216 0.5391
1XHP 28 13.491 0.2245 0.3359
1XHP 29 7.973 0.2765 0.4453
1XHP 30 11.044 0.2473 0.4375
1XHP 31 6.761 0.2149 0.4063
1XHP 32 11.006 0.2248 0.4141
1XHP 33 6.216 0.2375 0.4922
1XHP 34 9.796 0.2723 0.4531
1XHP 35 4.524 0.3612 0.6328
1XHP 36 5.630 0.3558 0.5938
1XHP 37 11.751 0.2203 0.3438
1XHP 38 11.672 0.2690 0.3906
1XHP 39 5.576 0.3594 0.6250
1XHP 40 8.100 0.2370 0.4297
1XHP 41 10.236 0.2480 0.4531
1XHP 42 9.875 0.2996 0.5078
1XHP 43 5.687 0.3090 0.5703
1XHP 44 4.694 0.2563 0.5469
1XHP 45 3.705 0.3567 0.6328
1XHP 46 9.108 0.2482 0.4375
1XHP 47 3.404 0.3774 0.6719
1XHP 48 6.142 0.2423 0.5078
1XHP 49 3.306 0.3200 0.6328
1XHP 50 3.326 0.3192 0.6250
1XHP 51 8.626 0.2105 0.3594
1XHP 52 11.490 0.1475 0.2734
1XHP 53 10.805 0.1587 0.3125
1XHP 54 10.176 0.1625 0.3125
1XHP 55 11.938 0.1801 0.3203
1XHP 56 12.128 0.1938 0.3672
1XHP 57 11.531 0.1630 0.3438
1XHP 58 13.610 0.2570 0.4063
1XHP 59 9.559 0.1705 0.3594
1XHP 60 7.653 0.2999 0.5000
1XHP 61 13.793 0.1476 0.3359
1XHP 62 8.239 0.2528 0.4531
1XHP 63 13.392 0.2038 0.3125
1XHP 64 9.872 0.2107 0.3750
1XHP 65 15.133 0.1446 0.2578
1XHP 66 5.860 0.3513 0.5859
1XHP 67 12.124 0.2304 0.3516
1XHP 68 10.774 0.2397 0.3516
1XHP 69 14.072 0.1869 0.3438
1XHP 70 7.285 0.2671 0.4844
1XHP 71 13.749 0.2881 0.4688
1XHP 72 10.200 0.1930 0.3203
1XHP 73 7.460 0.3137 0.5156
1XHP 74 8.738 0.3210 0.5313
1XHP 75 8.654 0.2685 0.4609
1XHP 76 12.281 0.1761 0.3359
1XHP 77 9.053 0.2133 0.4063
1XHP 78 7.921 0.2822 0.5234
1XHP 79 9.717 0.2668 0.4609
1XHP 80 9.484 0.2305 0.4297
1XHP 81 5.646 0.2669 0.5313
1XHP 82 2.614 0.4421 0.7422
1XHP 83 8.591 0.3009 0.5000
1XHP 84 3.576 0.3222 0.6250
1XHP 85 4.673 0.3316 0.6094
1XHP 86 8.242 0.2890 0.5078
1XHP 87 5.067 0.3255 0.6172
1XHP 88 3.652 0.2872 0.6016
1XHP 89 4.777 0.2890 0.5703
1XHP 90 3.454 0.3105 0.6250
1XHP 91 13.444 0.0776 0.1797
1XHP 92 12.236 0.2392 0.3672
1XHP 93 7.752 0.2474 0.4688
1XHP 94 11.776 0.1866 0.3672
1XHP 95 14.211 0.1084 0.2188
1XHP 96 10.260 0.1280 0.2813
1XHP 97 12.039 0.1841 0.3203
1XHP 98 15.351 0.1774 0.3203
1XHP 99 10.938 0.1635 0.3438
1XHP 100 11.375 0.2682 0.4531
1XHP 101 11.950 0.2182 0.3984
1XHP 102 10.820 0.2138 0.3359
1XHP 103 16.630 0.1529 0.2813
1XHP 104 10.201 0.2728 0.4922
1XHP 105 11.368 0.1706 0.3125
1XHP 106 9.390 0.2340 0.4297
1XHP 107 8.556 0.3634 0.5234
1XHP 108 14.233 0.1598 0.3281
1XHP 109 7.968 0.2152 0.4375
1XHP 110 14.502 0.1899 0.3516
1XHP 111 4.698 0.2977 0.5938
1XHP 112 11.380 0.1899 0.3281
1XHP 113 8.884 0.2634 0.4844
1XHP 114 11.062 0.2072 0.4063
1XHP 115 10.804 0.1970 0.3438
1XHP 116 9.823 0.2550 0.4609
1XHP 117 10.592 0.2032 0.4063
1XHP 118 5.797 0.3012 0.5703
1XHP 119 4.765 0.2957 0.5703
1XHP 120 6.657 0.3114 0.5391
1XHP 121 10.414 0.2773 0.4375
1XHP 122 8.271 0.2809 0.4766
1XHP 123 12.636 0.1549 0.3203
1XHP 124 4.956 0.2747 0.5391
1XHP 125 7.198 0.2948 0.5313
1XHP 126 5.694 0.2695 0.5313
1XHP 127 5.645 0.2974 0.5547
1XHP 128 5.185 0.3380 0.5859
1XHP 129 5.509 0.3252 0.5859
1XHP 130 10.355 0.2483 0.4375
1XHP 131 11.138 0.1112 0.2344
1XHP 132 8.381 0.1664 0.3359
1XHP 133 11.884 0.1372 0.2656
1XHP 134 12.128 0.1410 0.3047
1XHP 135 10.004 0.1639 0.3438
1XHP 136 12.652 0.1586 0.3047
1XHP 137 9.670 0.2686 0.4297
1XHP 138 8.874 0.1868 0.3047
1XHP 139 9.974 0.2830 0.4297
1XHP 140 12.585 0.1768 0.3516
1XHP 141 9.696 0.2429 0.3750
1XHP 142 8.738 0.2105 0.4297
1XHP 143 12.654 0.1803 0.3281
1XHP 144 11.675 0.1543 0.2656
1XHP 145 11.837 0.2080 0.4141
1XHP 146 9.129 0.2121 0.3906
1XHP 147 8.488 0.2479 0.4453
1XHP 148 7.570 0.2488 0.4688
1XHP 149 8.121 0.1932 0.3672
1XHP 150 12.240 0.1759 0.3750
1XHP 151 10.044 0.1991 0.3516
1XHP 152 14.705 0.1846 0.3047
1XHP 153 10.421 0.1944 0.3594
1XHP 154 9.951 0.2199 0.3516
1XHP 155 8.759 0.2418 0.4844
1XHP 156 7.854 0.3060 0.4922
1XHP 157 13.915 0.3257 0.4609
1XHP 158 10.794 0.2496 0.4453
1XHP 159 5.158 0.3243 0.5781
1XHP 160 3.208 0.3616 0.6797
1XHP 161 14.042 0.3771 0.5469
1XHP 162 5.778 0.2746 0.5156
1XHP 163 4.086 0.3121 0.6016
1XHP 164 3.908 0.3023 0.6094
1XHP 165 12.501 0.2353 0.3672
1XHP 166 7.966 0.3078 0.5391
1XHP 167 6.860 0.2632 0.4609
1XHP 168 6.158 0.3110 0.5547
1XHP 169 6.094 0.2902 0.5234
1XHP 170 2.633 0.3889 0.7109
1XHP 171 14.090 0.1030 0.2031
1XHP 172 9.337 0.2382 0.4219
1XHP 173 7.058 0.2867 0.4922
1XHP 174 9.514 0.1668 0.3438
1XHP 175 8.987 0.2307 0.4609
1XHP 176 6.706 0.2228 0.4766
1XHP 177 11.101 0.1290 0.2734
1XHP 178 8.941 0.2837 0.5000
1XHP 179 5.903 0.2463 0.5078
1XHP 180 10.178 0.2016 0.3984
1XHP 181 8.034 0.2072 0.4375
1XHP 182 10.449 0.2584 0.3906
1XHP 183 8.126 0.2997 0.4922
1XHP 184 9.502 0.1832 0.3438
1XHP 185 7.447 0.1978 0.3750
1XHP 186 12.484 0.1562 0.2969
1XHP 187 3.904 0.3055 0.6016
1XHP 188 5.012 0.3790 0.5859
1XHP 189 11.983 0.2289 0.3984
1XHP 190 13.668 0.2070 0.3594
1XHP 191 8.280 0.3361 0.5703
1XHP 192 7.187 0.3298 0.5469
1XHP 193 6.007 0.3475 0.6250
1XHP 194 3.363 0.4161 0.7031
1XHP 195 9.653 0.2162 0.3672
1XHP 196 6.072 0.2674 0.5156
1XHP 197 8.555 0.2796 0.5156
1XHP 198 7.562 0.2921 0.5391
1XHP 199 3.633 0.3611 0.6641
1XHP 200 5.211 0.2879 0.5469
1XHP 201 9.260 0.3031 0.5156
1XHP 202 5.961 0.3238 0.5547
1XHP 203 11.390 0.2714 0.4609
1XHP 204 3.346 0.3525 0.6563
1XHP 205 11.933 0.3466 0.5391
1XHP 206 4.351 0.3713 0.6172
1XHP 207 5.044 0.2647 0.5391
1XHP 208 5.449 0.3211 0.6016
1XHP 209 4.955 0.2981 0.5703
1XHP 210 5.817 0.2607 0.5156
1XHP 211 9.353 0.1616 0.2656
1XHP 212 8.966 0.1740 0.3672
1XHP 213 12.501 0.2484 0.3984
1XHP 214 11.691 0.1311 0.2266
1XHP 215 6.459 0.1934 0.4297
1XHP 216 14.137 0.1598 0.3047
1XHP 217 11.331 0.2401 0.4141
1XHP 218 7.356 0.3330 0.5313
1XHP 219 13.806 0.2167 0.3594
1XHP 220 8.569 0.2423 0.4844
1XHP 221 9.652 0.2183 0.3906
1XHP 222 8.044 0.1693 0.3750
1XHP 223 13.409 0.2385 0.3828
1XHP 224 5.259 0.2949 0.5781
1XHP 225 10.374 0.2312 0.3516
1XHP 226 12.842 0.1759 0.3359
1XHP 227 8.711 0.3284 0.5078
1XHP 228 9.770 0.2493 0.4297
1XHP 229 12.034 0.2054 0.3594
1XHP 230 10.050 0.2691 0.4766
1XHP 231 7.333 0.2778 0.5156
1XHP 232 9.408 0.2259 0.4063
1XHP 233 9.825 0.2349 0.3984
1XHP 234 13.132 0.2534 0.3750
1XHP 235 10.318 0.1445 0.3203
1XHP 236 4.838 0.3114 0.5781
1XHP 237 3.580 0.3681 0.6484
1XHP 238 6.759 0.3161 0.5469
1XHP 239 3.995 0.3148 0.6094
1XHP 240 5.952 0.2670 0.5156
1XHP 241 6.329 0.3020 0.5469
1XHP 242 7.093 0.2874 0.5156
1XHP 243 4.495 0.3399 0.6563
1XHP 244 4.653 0.3011 0.5938
1XHP 245 5.345 0.2893 0.5703
1XHP 246 4.055 0.3210 0.6094
1XHP 247 4.129 0.2937 0.6094
1XHP 248 4.928 0.3176 0.5938
1XHP 249 4.671 0.3022 0.5938
1XHP 250 5.709 0.3208 0.5547
1XHP 251 12.547 0.1628 0.2266
1XHP 252 7.304 0.2255 0.4141
1XHP 253 7.323 0.1923 0.3828
1XHP 254 8.337 0.2318 0.4766
1XHP 255 7.498 0.3297 0.5234
1XHP 256 9.432 0.2223 0.4297
1XHP 257 6.943 0.2471 0.5156
1XHP 258 13.660 0.2055 0.3594
1XHP 259 7.302 0.2690 0.4609
1XHP 260 10.208 0.1694 0.3359
1XHP 261 9.843 0.1652 0.3281
1XHP 262 11.448 0.2051 0.3203
1XHP 263 13.394 0.1504 0.3047
1XHP 264 8.853 0.2138 0.4141
1XHP 265 10.316 0.1615 0.3359
1XHP 266 9.604 0.2046 0.3984
1XHP 267 12.491 0.1688 0.3047
1XHP 268 10.775 0.2224 0.3828
1XHP 269 15.136 0.1868 0.3125
1XHP 270 8.502 0.3381 0.5156
1XHP 271 9.236 0.2357 0.4844
1XHP 272 7.905 0.2410 0.4453
1XHP 273 7.654 0.3539 0.5547
1XHP 274 7.769 0.3044 0.5313
1XHP 275 6.645 0.1984 0.4219
1XHP 276 9.921 0.3034 0.5078
1XHP 277 7.349 0.1761 0.4219
1XHP 278 4.069 0.3273 0.6328
1XHP 279 3.724 0.3352 0.6328
1XHP 280 4.811 0.3272 0.6016
1XHP 281 5.182 0.2991 0.5625
1XHP 282 4.475 0.2942 0.5781
1XHP 283 4.663 0.3057 0.5938
1XHP 284 5.735 0.3192 0.5859
1XHP 285 3.338 0.3337 0.6484
1XHP 286 4.789 0.3155 0.5625
1XHP 287 2.465 0.3749 0.7188
1XHP 288 3.409 0.3067 0.6094
1XHP 289 2.890 0.3596 0.6875
1XHP 290 3.638 0.3455 0.6406
1XHP 291 9.907 0.1095 0.2109
1XHP 292 10.636 0.1237 0.2656
1XHP 293 5.829 0.2137 0.4688
1XHP 294 12.088 0.2167 0.3594
1XHP 295 11.603 0.1108 0.2578
1XHP 296 12.489 0.2416 0.3750
1XHP 297 7.341 0.1859 0.4063
1XHP 298 9.044 0.1944 0.3906
1XHP 299 13.229 0.1651 0.2891
1XHP 300 11.970 0.1592 0.3047
1XHP 301 11.694 0.1460 0.3125
1XHP 302 5.923 0.2318 0.4531
1XHP 303 5.351 0.2376 0.5000
1XHP 304 8.384 0.1844 0.3828
1XHP 305 10.423 0.2652 0.4297
1XHP 306 10.048 0.2064 0.3672
1XHP 307 10.909 0.1801 0.3125
1XHP 308 10.399 0.2633 0.4766
1XHP 309 6.967 0.3161 0.5469
1XHP 310 11.809 0.2381 0.3672
1XHP 311 10.711 0.2730 0.4922
1XHP 312 11.104 0.1877 0.4063
1XHP 313 7.066 0.2652 0.5156
1XHP 314 3.252 0.3754 0.6953
1XHP 315 10.600 0.3066 0.5078
1XHP 316 12.367 0.1852 0.3203
1XHP 317 3.676 0.3215 0.6250
1XHP 318 3.787 0.3253 0.6250
1XHP 319 10.475 0.3145 0.5391
1XHP 320 8.709 0.1857 0.3750
1XHP 321 5.666 0.3006 0.5625
1XHP 322 6.075 0.2363 0.4766
1XHP 323 14.926 0.2288 0.4063
1XHP 324 12.722 0.2242 0.3359
1XHP 325 3.279 0.4317 0.6875
1XHP 326 3.427 0.3572 0.6406
1XHP 327 5.592 0.2611 0.5078
1XHP 328 4.114 0.2905 0.5781
1XHP 329 2.394 0.4663 0.7578
1XHP 330 3.764 0.2999 0.6016
1XHP 331 10.244 0.1516 0.2891
1XHP 332 11.331 0.1955 0.3438
1XHP 333 10.726 0.1247 0.2500
1XHP 334 9.855 0.1660 0.3438
1XHP 335 11.076 0.2658 0.4141
1XHP 336 15.664 0.1638 0.2891
1XHP 337 9.469 0.2505 0.4609
1XHP 338 13.659 0.1323 0.2578
1XHP 339 13.371 0.2289 0.3516
1XHP 340 6.151 0.3468 0.6250
1XHP 341 9.090 0.2019 0.3828
1XHP 342 8.331 0.2778 0.4531
1XHP 343 9.431 0.2684 0.4531
1XHP 344 6.333 0.2583 0.5313
1XHP 345 5.345 0.2748 0.5547
1XHP 346 7.926 0.2279 0.4375
1XHP 347 6.431 0.3786 0.6016
1XHP 348 6.082 0.2846 0.5000
1XHP 349 8.147 0.3006 0.5391
1XHP 350 9.452 0.2215 0.4297
1XHP 351 5.803 0.3122 0.5391
1XHP 352 12.988 0.1557 0.2969
1XHP 353 11.321 0.2576 0.4844
1XHP 354 7.942 0.1881 0.4375
1XHP 355 5.477 0.4005 0.6484
1XHP 356 7.522 0.2513 0.4844
1XHP 357 3.939 0.3000 0.6094
1XHP 358 11.308 0.2599 0.4375
1XHP 359 4.376 0.3061 0.6172
1XHP 360 3.884 0.3187 0.6250
1XHP 361 11.769 0.2463 0.4531
1XHP 362 6.059 0.3639 0.6016
1XHP 363 7.886 0.2984 0.4922
1XHP 364 5.874 0.3534 0.5938
1XHP 365 10.820 0.2536 0.4219
1XHP 366 5.979 0.3565 0.5938
1XHP 367 8.526 0.3006 0.4922
1XHP 368 3.900 0.3279 0.6094
1XHP 369 8.719 0.3184 0.5078
1XHP 370 5.004 0.3161 0.5859
1XHP 371 10.687 0.1713 0.3203
1XHP 372 12.349 0.1850 0.3750
1XHP 373 11.213 0.1737 0.3047
1XHP 374 8.113 0.2690 0.4609
1XHP 375 10.734 0.2755 0.4531
1XHP 376 10.530 0.1687 0.3047
1XHP 377 11.294 0.2555 0.4453
1XHP 378 12.610 0.1214 0.2422
1XHP 379 14.070 0.1700 0.3203
1XHP 380 8.725 0.1554 0.3359
1XHP 381 12.246 0.1631 0.3203
1XHP 382 8.157 0.2378 0.4609
1XHP 383 13.077 0.1400 0.2734
1XHP 384 10.184 0.1519 0.3672
1XHP 385 10.337 0.2056 0.3359
1XHP 386 8.551 0.1822 0.3750
1XHP 387 11.810 0.1394 0.3125
1XHP 388 12.125 0.2117 0.3594
1XHP 389 15.938 0.2141 0.3672
1XHP 390 11.781 0.2578 0.4766
1XHP 391 14.041 0.1403 0.2578
1XHP 392 11.696 0.1337 0.2813
1XHP 393 8.569 0.3002 0.5078
1XHP 394 4.824 0.3144 0.5859
1XHP 395 11.403 0.1696 0.3359
1XHP 396 8.264 0.2262 0.4688
1XHP 397 7.201 0.2686 0.4297
1XHP 398 11.746 0.1680 0.2969
1XHP 399 5.030 0.2396 0.4922
1XHP 400 10.148 0.2526 0.4688
1XHP 401 8.982 0.2004 0.3828
1XHP 402 7.631 0.2848 0.5000
1XHP 403 6.353 0.3816 0.5938
1XHP 404 5.140 0.2096 0.4922
1XHP 405 15.323 0.1739 0.2813
1XHP 406 9.841 0.2577 0.4219
1XHP 407 5.010 0.2391 0.5156
1XHP 408 6.862 0.3293 0.5703
1XHP 409 3.083 0.3433 0.6406
1XHP 410 6.294 0.2665 0.5156
1XHP 411 1.269 0.5995 0.8828
1XHP 412 1.187 0.6119 0.8672
1XHP 413 1.137 0.6357 0.8828
1XHP 414 1.093 0.6514 0.8828
1XHP 415 1.089 0.6590 0.8828
1XHP 416 1.178 0.6252 0.8672
1XHP 417 1.162 0.6276 0.8750
1XHP 418 1.157 0.6328 0.8828
1XHP 419 1.152 0.6334 0.8750
1XHP 420 1.147 0.6347 0.8750
1XHP 421 1.138 0.6381 0.8828
1XHP 422 1.143 0.6368 0.8828
1XHP 423 1.144 0.6363 0.8750
1XHP 424 1.135 0.6397 0.8750
1XHP 425 1.139 0.6378 0.8828
1XHP 426 1.145 0.6346 0.8750
1XHP 427 1.132 0.6411 0.8750
1XHP 428 1.130 0.6413 0.8750
1XHP 429 1.128 0.6414 0.8750
1XHP 430 1.125 0.6423 0.8750
1XHP 431 1.132 0.6409 0.8750
1XHP 432 1.125 0.6424 0.8672
1XHP 433 1.135 0.6395 0.8750
1XHP 434 1.142 0.6372 0.8750
1XHP 435 1.149 0.6337 0.8750
1XHP 436 1.150 0.6318 0.8828
1XHP 437 1.142 0.6364 0.8750
1XHP 438 1.160 0.6301 0.8828
1XHP 439 1.119 0.6475 0.8828
1XHP 440 1.141 0.6358 0.8828
1XHP 441 1.118 0.6460 0.8828
1XHP 442 1.120 0.6461 0.8750
1XHP 443 1.119 0.6467 0.8750
1XHP 444 1.142 0.6371 0.8828
1XHP 445 1.140 0.6392 0.8828
1XHP 446 1.129 0.6409 0.8750
1XHP 447 1.121 0.6462 0.8828
1XHP 448 1.115 0.6482 0.8828
1XHP 449 1.148 0.6330 0.8828
1XHP 450 1.121 0.6455 0.8828
1XHP 451 1.145 0.6369 0.8828
1XHP 452 1.160 0.6329 0.8672
1XHP 453 1.139 0.6389 0.8828
1XHP 454 1.092 0.6563 0.8828
1XHP 455 1.138 0.6399 0.8828
1XHP 456 1.156 0.6322 0.8750
1XHP 457 1.128 0.6415 0.8906
1XHP 458 1.147 0.6352 0.8828
1XHP 459 1.115 0.6476 0.8750
1XHP 460 1.128 0.6394 0.8750
1XHP 461 1.149 0.6326 0.8828
1XHP 462 1.163 0.6311 0.8828
1XHP 463 1.192 0.6204 0.8672
1XHP 464 1.208 0.6099 0.8672
1XHP 465 1.210 0.6139 0.8828
1XHP 466 1.205 0.6151 0.8594
1XHP 467 1.258 0.5893 0.8516
1XHP 468 1.237 0.6030 0.8672
1XHP 469 1.249 0.5946 0.8438
1XHP 470 1.242 0.5967 0.8594
1XHP 471 1.212 0.6100 0.8672
1XHP 472 1.266 0.5878 0.8594
1XHP 473 1.276 0.5810 0.8516
1XHP 474 1.251 0.5941 0.8516
1XHP 475 1.206 0.6118 0.8750
1XHP 476 1.235 0.5983 0.8438
1XHP 477 1.203 0.6150 0.8750
1XHP 478 1.193 0.6191 0.8750
1XHP 479 1.218 0.6059 0.8594
1XHP 480 1.195 0.6187 0.8594
1XHP 481 1.216 0.6116 0.8594
1XHP 482 1.286 0.5828 0.8438
1XHP 483 1.252 0.5899 0.8516
1XHP 484 1.199 0.6144 0.8594
1XHP 485 1.139 0.6361 0.8828
1XHP 486 1.179 0.6211 0.8594
1XHP 487 1.169 0.6256 0.8594
1XHP 488 1.159 0.6287 0.8750
1XHP 489 1.166 0.6275 0.8828
1XHP 490 1.176 0.6219 0.8750
1XHP 491 1.159 0.6301 0.8672
1XHP 492 1.133 0.6417 0.8750
1XHP 493 1.169 0.6235 0.8750
1XHP 494 1.111 0.6508 0.8750
1XHP 495 1.167 0.6346 0.8750
1XHP 496 1.155 0.6355 0.8750
1XHP 497 1.133 0.6477 0.8828
1XHP 498 1.166 0.6337 0.8750
1XHP 499 1.115 0.6498 0.8828
1XHP 500 1.153 0.6372 0.8828
1XHP 501 1.209 0.6181 0.8750
1XHP 502 1.156 0.6342 0.8828
1XHP 503 1.146 0.6399 0.8750
1XHP 504 1.251 0.6035 0.8594
1XHP 505 1.220 0.6152 0.8672
1XHP 506 1.215 0.6125 0.8750
1XHP 507 1.231 0.6171 0.8750
1XHP 508 1.265 0.6042 0.8594
1XHP 509 1.181 0.6272 0.8750
1XHP 510 1.214 0.6209 0.8594
1XHP 511 1.320 0.5826 0.8594
1XHP 512 1.272 0.5986 0.8594
1XHP 513 1.239 0.6075 0.8672
1XHP 514 1.276 0.5973 0.8594
1XHP 515 1.219 0.6227 0.8750
1XHP 516 1.285 0.5907 0.8672
1XHP 517 1.251 0.6059 0.8516
1XHP 518 1.251 0.6077 0.8828
1XHP 519 1.242 0.6136 0.8750
1XHP 520 1.259 0.6015 0.8750
1XHP 521 1.225 0.6099 0.8750
1XHP 522 1.198 0.6195 0.8906
1XHP 523 1.203 0.6152 0.8672
1XHP 524 1.272 0.5934 0.8750
1XHP 525 1.216 0.6091 0.8672
1XHP 526 1.251 0.5958 0.8672
1XHP 527 1.247 0.6041 0.8672
1XHP 528 1.238 0.6016 0.8594
1XHP 529 1.249 0.5967 0.8750
1XHP 530 1.257 0.5965 0.8594
1XHP 531 1.257 0.5993 0.8594
1XHP 532 1.171 0.6286 0.8828
1XHP 533 1.257 0.5973 0.8750
1XHP 534 1.334 0.5766 0.8594
1XHP 535 1.217 0.6143 0.8750
1XHP 536 1.230 0.6079 0.8750
1XHP 537 1.215 0.6135 0.8672
1XHP 538 1.246 0.5998 0.8672
1XHP 539 1.261 0.6013 0.8750
1XHP 540 1.315 0.5797 0.8672
1XHP 541 1.344 0.5753 0.8516
1XHP 542 1.176 0.6298 0.8750
1XHP 543 1.277 0.5944 0.8750
1XHP 544 1.335 0.5808 0.8594
1XHP 545 1.214 0.6091 0.8828
1XHP 546 1.247 0.5917 0.8672
1XHP 547 1.253 0.6044 0.8672
1XHP 548 1.334 0.5816 0.8594
1XHP 549 1.268 0.5986 0.8750
1XHP 550 1.237 0.6034 0.8594
1XHP 551 1.203 0.6145 0.8828
1XHP 552 1.278 0.5937 0.8516
1XHP 553 1.270 0.5954 0.8672
1XHP 554 1.283 0.5889 0.8594
1XHP 555 1.279 0.5885 0.8672
1XHP 556 1.214 0.6080 0.8750
1XHP 557 1.278 0.5915 0.8594
1XHP 558 1.250 0.6021 0.8672
1XHP 559 1.303 0.5902 0.8594
1XHP 560 1.270 0.5892 0.8828
1XHP 561 1.269 0.5974 0.8672
1XHP 562 1.250 0.6089 0.8750
1XHP 563 1.256 0.6059 0.8750
1XHP 564 1.230 0.6053 0.8828
1XHP 565 1.330 0.5744 0.8594
1XHP 566 1.297 0.5893 0.8516
1XHP 567 1.287 0.5917 0.8594
1XHP 568 1.296 0.5842 0.8594
1XHP 569 1.275 0.6029 0.8672
1XHP 570 1.352 0.5857 0.8672
1XHP 571 1.237 0.6122 0.8594
1XHP 572 1.251 0.6066 0.8672
1XHP 573 1.302 0.5843 0.8594
1XHP 574 1.229 0.6104 0.8750
1XHP 575 1.371 0.5628 0.8672
1XHP 576 1.302 0.5886 0.8672
1XHP 577 1.286 0.5888 0.8750
1XHP 578 1.284 0.5886 0.8672
1XHP 579 1.373 0.5694 0.8672
1XHP 580 1.360 0.5696 0.8672
1XHP 581 1.314 0.5836 0.8438
1XHP 582 1.280 0.5990 0.8750
1XHP 583 1.296 0.5883 0.8672
1XHP 584 1.258 0.5993 0.8672
1XHP 585 1.284 0.5913 0.8594
1XHP 586 1.329 0.5875 0.8672
1XHP 587 1.406 0.5731 0.8516
1XHP 588 1.381 0.5698 0.8516
1XHP 589 1.338 0.5772 0.8672
1XHP 590 1.409 0.5569 0.8359
1XHP 591 1.391 0.5676 0.8594
1XHP 592 1.318 0.5899 0.8672
1XHP 593 1.333 0.5834 0.8516
1XHP 594 1.393 0.5621 0.8516
1XHP 595 1.473 0.5537 0.8438
1XHP 596 1.374 0.5657 0.8516
1XHP 597 1.309 0.5886 0.8672
1XHP 598 1.318 0.5817 0.8672
1XHP 599 1.308 0.5855 0.8516
1XHP 600 1.404 0.5701 0.8438
1XHP 601 1.305 0.5935 0.8594
1XHP 602 1.374 0.5733 0.8438
1XHP 603 1.367 0.5811 0.8359
1XHP 604 1.337 0.5852 0.8672
1XHP 605 1.382 0.5821 0.8516
1XHP 606 1.255 0.6078 0.8672
1XHP 607 1.339 0.5844 0.8594
1XHP 608 1.489 0.5377 0.8203
1XHP 609 1.339 0.5927 0.8516
1XHP 610 1.290 0.6097 0.8672
1XHP 611 1.382 0.5702 0.8516
1XHP 612 1.378 0.5794 0.8516
1XHP 613 1.339 0.5952 0.8516
1XHP 614 1.343 0.5781 0.8594
1XHP 615 1.389 0.5790 0.8438
1XHP 616 1.276 0.6087 0.8750
1XHP 617 1.375 0.5790 0.8516
1XHP 618 1.352 0.5828 0.8438
1XHP 619 1.337 0.5962 0.8750
1XHP 620 1.322 0.5986 0.8594
1XHP 621 1.378 0.5821 0.8516
1XHP 622 1.326 0.5827 0.8672
1XHP 623 1.403 0.5666 0.8359
1XHP 624 1.298 0.5982 0.8594
1XHP 625 1.293 0.5894 0.8594
1XHP 626 1.273 0.5985 0.8672
1XHP 627 1.426 0.5676 0.8203
1XHP 628 1.340 0.5838 0.8516
1XHP 629 1.269 0.6028 0.8594
1XHP 630 1.354 0.5909 0.8594
1XHP 631 1.327 0.5876 0.8672
1XHP 632 1.466 0.5640 0.8125
1XHP 633 1.293 0.6012 0.8516
1XHP 634 1.361 0.5845 0.8438
1XHP 635 1.367 0.5747 0.8672
1XHP 636 1.448 0.5557 0.8359
1XHP 637 1.361 0.5769 0.8438
1XHP 638 1.311 0.5847 0.8828
1XHP 639 1.333 0.5929 0.8594
1XHP 640 1.432 0.5624 0.8359
1XHP 641 1.414 0.5706 0.8359
1XHP 642 1.271 0.6119 0.8828
1XHP 643 1.235 0.6119 0.8594
1XHP 644 1.275 0.5911 0.8516
1XHP 645 1.398 0.5786 0.8438
1XHP 646 1.342 0.5889 0.8516
1XHP 647 1.382 0.5750 0.8516
1XHP 648 1.426 0.5658 0.8281
1XHP 649 1.402 0.5683 0.8516
1XHP 650 1.382 0.5698 0.8359
1XHP 651 1.381 0.5759 0.8438
1XHP 652 1.518 0.5468 0.8125
1XHP 653 1.476 0.5532 0.8281
1XHP 654 1.438 0.5681 0.8203
1XHP 655 1.345 0.5821 0.8516
1XHP 656 1.415 0.5651 0.8359
1XHP 657 1.589 0.5251 0.7969
1XHP 658 1.419 0.5735 0.8359
1XHP 659 1.467 0.5575 0.8203
1XHP 660 1.433 0.5563 0.8281
1XHP 661 1.409 0.5726 0.8359
1XHP 662 1.464 0.5477 0.8359
1XHP 663 1.438 0.5502 0.8203
1XHP 664 1.321 0.5989 0.8594
1XHP 665 1.392 0.5765 0.8438
1XHP 666 1.483 0.5576 0.8203
1XHP 667 1.576 0.5417 0.8125
1XHP 668 1.519 0.5300 0.8203
1XHP 669 1.284 0.5950 0.8672
1XHP 670 1.391 0.5596 0.8359
1XHP 671 1.356 0.5782 0.8516
1XHP 672 1.581 0.5320 0.7969
1XHP 673 1.446 0.5667 0.8359
1XHP 674 1.307 0.5922 0.8516
1XHP 675 1.334 0.5846 0.8594
1XHP 676 1.317 0.5900 0.8438
1XHP 677 1.487 0.5566 0.8203
1XHP 678 1.554 0.5440 0.8125
1XHP 679 1.416 0.5616 0.8281
1XHP 680 1.406 0.5495 0.8203
1XHP 681 1.306 0.5882 0.8438
1XHP 682 1.449 0.5681 0.8281
1XHP 683 1.507 0.5444 0.8047
1XHP 684 1.341 0.5818 0.8516
1XHP 685 1.363 0.5849 0.8516
1XHP 686 1.498 0.5525 0.8203
1XHP 687 1.520 0.5438 0.8125
1XHP 688 1.481 0.5680 0.8281
1XHP 689 1.478 0.5499 0.8281
1XHP 690 1.385 0.5716 0.8359
1XHP 691 1.324 0.5813 0.8438
1XHP 692 1.389 0.5693 0.8359
1XHP 693 1.402 0.5783 0.8359
1XHP 694 1.421 0.5683 0.8438
1XHP 695 1.395 0.5791 0.8438
1XHP 696 1.376 0.5796 0.8359
1XHP 697 1.430 0.5652 0.8281
1XHP 698 1.477 0.5604 0.8359
1XHP 699 1.466 0.5545 0.8281
1XHP 700 1.390 0.5902 0.8438
1XHP 701 1.520 0.5319 0.8125
1XHP 702 1.493 0.5563 0.8203
1XHP 703 1.523 0.5466 0.8203
1XHP 704 1.361 0.5836 0.8516
1XHP 705 1.398 0.5684 0.8281
1XHP 706 1.394 0.5767 0.8438
1XHP 707 1.645 0.5199 0.7969
1XHP 708 1.611 0.5246 0.8047
1XHP 709 1.368 0.5867 0.8516
1XHP 710 1.394 0.5802 0.8438
1XHP 711 1.537 0.5450 0.8125
1XHP 712 1.743 0.5090 0.7891
1XHP 713 1.507 0.5289 0.8125
1XHP 714 1.342 0.5803 0.8672
1XHP 715 1.510 0.5427 0.8281
1XHP 716 1.583 0.5352 0.8125
1XHP 717 1.596 0.5399 0.8203
1XHP 718 1.506 0.5588 0.8438
1XHP 719 1.472 0.5675 0.8203
1XHP 720 1.314 0.5940 0.8594
1XHP 721 1.400 0.5783 0.8516
1XHP 722 1.439 0.5745 0.8438
1XHP 723 1.426 0.5593 0.8359
1XHP 724 1.392 0.5712 0.8438
1XHP 725 1.392 0.5706 0.8359
1XHP 726 1.378 0.5754 0.8359
1XHP 727 1.491 0.5468 0.8125
1XHP 728 1.584 0.5386 0.8047
1XHP 729 1.561 0.5357 0.8125
1XHP 730 1.506 0.5451 0.8125
1XHP 731 1.467 0.5515 0.8359
1XHP 732 1.463 0.5545 0.8203
1XHP 733 1.418 0.5611 0.8359
1XHP 734 1.403 0.5720 0.8359
1XHP 735 1.348 0.5802 0.8438
1XHP 736 1.473 0.5482 0.8125
1XHP 737 1.505 0.5486 0.8125
1XHP 738 1.609 0.5295 0.8047
1XHP 739 1.583 0.5391 0.8203
1XHP 740 1.407 0.5597 0.8438
1XHP 741 1.307 0.5835 0.8594
1XHP 742 1.568 0.5284 0.8203
1XHP 743 1.446 0.5563 0.8359
1XHP 744 1.493 0.5444 0.8203
1XHP 745 1.444 0.5462 0.8359
1XHP 746 1.658 0.5205 0.7891
1XHP 747 1.453 0.5653 0.8359
1XHP 748 1.442 0.5604 0.8281
1XHP 749 1.506 0.5511 0.8281
1XHP 750 1.490 0.5443 0.8281
1XHP 751 1.402 0.5493 0.8203
1XHP 752 1.491 0.5335 0.8125
1XHP 753 1.419 0.5741 0.8359
1XHP 754 1.557 0.5350 0.8203
1XHP 755 1.474 0.5618 0.8203
1XHP 756 1.514 0.5477 0.8281
1XHP 757 1.660 0.5312 0.7969
1XHP 758 1.580 0.5333 0.8281
1XHP 759 1.407 0.5673 0.8438
1XHP 760 1.313 0.5902 0.8438
1XHP 761 1.256 0.6103 0.8516
1XHP 762 1.377 0.5779 0.8438
1XHP 763 1.413 0.5779 0.8438
1XHP 764 1.473 0.5598 0.8281
1XHP 765 1.292 0.5932 0.8594
1XHP 766 1.387 0.5669 0.8359
1XHP 767 1.394 0.5939 0.8516
1XHP 768 1.369 0.5692 0.8438
1XHP 769 1.414 0.5758 0.8438
1XHP 770 1.417 0.5664 0.8359
1XHP 771 1.334 0.5856 0.8516
1XHP 772 1.315 0.6009 0.8672
1XHP 773 1.379 0.5742 0.8438
1XHP 774 1.394 0.5664 0.8516
1XHP 775 1.240 0.6196 0.8672
1XHP 776 1.450 0.5510 0.8281
1XHP 777 1.425 0.5608 0.8281
1XHP 778 1.386 0.5789 0.8516
1XHP 779 1.384 0.5870 0.8359
1XHP 780 1.319 0.5952 0.8594
1XHP 781 1.420 0.6116 0.8594
1XHP 782 1.335 0.6011 0.8672
1XHP 783 1.431 0.5800 0.8359
1XHP 784 1.478 0.5659 0.8281
1XHP 785 1.425 0.5880 0.8516
1XHP 786 1.446 0.5954 0.8594
1XHP 787 1.395 0.5973 0.8516
1XHP 788 1.479 0.5643 0.8281
1XHP 789 1.762 0.4881 0.7734
1XHP 790 1.562 0.5423 0.8047
1XHP 791 1.473 0.5525 0.8203
1XHP 792 1.294 0.5921 0.8516
1XHP 793 1.350 0.6045 0.8672
1XHP 794 1.362 0.5970 0.8516
1XHP 795 1.541 0.5502 0.8125
1XHP 796 1.688 0.5227 0.7891
1XHP 797 1.561 0.5543 0.8047
1XHP 798 1.501 0.5780 0.8281
1XHP 799 1.378 0.6036 0.8750
1XHP 800 1.488 0.5847 0.8516
1XHP 801 1.377 0.5981 0.8516
1XHP 802 1.325 0.6027 0.8594
1XHP 803 1.415 0.5681 0.8359
1XHP 804 1.414 0.5658 0.8359
1XHP 805 1.577 0.5360 0.7969
1XHP 806 1.486 0.5592 0.8125
1XHP 807 1.294 0.6066 0.8516
1XHP 808 1.374 0.5891 0.8438
1XHP 809 1.423 0.5699 0.8359
1XHP 810 1.657 0.5189 0.7969
1XHP 811 1.444 0.5582 0.8125
1XHP 812 1.426 0.5687 0.8203
1XHP 813 1.313 0.5819 0.8438
1XHP 814 1.409 0.5792 0.8438
1XHP 815 1.320 0.5921 0.8438
1XHP 816 1.469 0.5625 0.8281
1XHP 817 1.294 0.5952 0.8594
1XHP 818 1.274 0.6086 0.8594
1XHP 819 1.467 0.5638 0.8359
1XHP 820 1.464 0.5648 0.8281
1XHP 821 1.513 0.5486 0.8281
1XHP 822 1.534 0.5487 0.8281
1XHP 823 1.574 0.5401 0.8047
1XHP 824 1.779 0.4964 0.7969
1XHP 825 1.857 0.5039 0.7813
1XHP 826 1.826 0.4946 0.7656
1XHP 827 1.796 0.5021 0.7734
1XHP 828 2.123 0.4828 0.7656
1XHP 829 2.079 0.4549 0.7500
1XHP 830 1.697 0.4970 0.7734
1XHP 831 1.907 0.4790 0.7734
1XHP 832 2.036 0.4638 0.7656
1XHP 833 1.955 0.4792 0.7734
1XHP 834 1.730 0.5003 0.7813
1XHP 835 1.829 0.4953 0.7813
1XHP 836 1.809 0.4875 0.7656
1XHP 837 2.002 0.4472 0.7500
1XHP 838 1.949 0.4661 0.7656
1XHP 839 1.917 0.4560 0.7578
1XHP 840 1.751 0.4971 0.7656
1XHP 841 1.767 0.4983 0.7656
1XHP 842 1.906 0.4698 0.7578
1XHP 843 1.929 0.4745 0.7578
1XHP 844 1.838 0.4808 0.7500
1XHP 845 1.709 0.5110 0.7891
1XHP 846 1.921 0.4873 0.7734
1XHP 847 1.801 0.5056 0.7734
1XHP 848 1.851 0.4872 0.7656
1XHP 849 1.920 0.4663 0.7500
1XHP 850 1.810 0.4869 0.7813
1XHP 851 1.683 0.5293 0.7891
1XHP 852 1.658 0.4986 0.7813
1XHP 853 1.612 0.5195 0.7969
1XHP 854 1.690 0.5148 0.7891
1XHP 855 1.866 0.4708 0.7734
1XHP 856 2.042 0.4428 0.7656
1XHP 857 1.911 0.4980 0.7813
1XHP 858 1.847 0.4970 0.7813
1XHP 859 1.864 0.4895 0.7734
1XHP 860 2.024 0.4516 0.7500
1XHP 861 2.143 0.4449 0.7500
1XHP 862 1.802 0.4837 0.7578
1XHP 863 1.557 0.5475 0.8047
1XHP 864 1.664 0.5033 0.7891
1XHP 865 2.167 0.4583 0.7578
1XHP 866 1.768 0.5070 0.7734
1XHP 867 1.707 0.4950 0.7734
1XHP 868 1.895 0.4744 0.7656
1XHP 869 1.775 0.5053 0.7813
1XHP 870 2.121 0.4636 0.7578
1XHP 871 1.709 0.5108 0.7891
1XHP 872 1.684 0.5183 0.7969
1XHP 873 1.839 0.4786 0.7656
1XHP 874 1.872 0.4811 0.7656
1XHP 875 1.786 0.4877 0.7813
1XHP 876 1.768 0.4766 0.7734
1XHP 877 1.878 0.4819 0.7734
1XHP 878 1.830 0.4978 0.7813
1XHP 879 1.749 0.5090 0.7813
1XHP 880 1.944 0.4682 0.7500
1XHP 881 1.582 0.5163 0.8125
1XHP 882 1.767 0.4928 0.7656
1XHP 883 2.027 0.4590 0.7656
1XHP 884 1.909 0.4734 0.7656
1XHP 885 1.700 0.5042 0.8203
1XHP 886 1.882 0.4673 0.7578
1XHP 887 2.175 0.4502 0.7500
1XHP 888 2.035 0.4724 0.7656
1XHP 889 1.595 0.5190 0.7891
1XHP 890 1.717 0.5135 0.7969
1XHP 891 1.785 0.4886 0.7656
1XHP 892 2.045 0.4939 0.7656
1XHP 893 2.149 0.4526 0.7578
1XHP 894 1.766 0.4893 0.7813
1XHP 895 1.533 0.5234 0.8047
1XHP 896 1.710 0.4805 0.7891
1XHP 897 1.839 0.4850 0.7734
1XHP 898 1.981 0.4660 0.7578
1XHP 899 1.775 0.4752 0.7813
1XHP 900 1.797 0.4840 0.7813
1XHP 901 1.844 0.4691 0.7656
1XHP 902 1.828 0.4946 0.7813
1XHP 903 1.948 0.5000 0.7734
1XHP 904 1.850 0.5064 0.7813
1XHP 905 1.722 0.5232 0.7891
1XHP 906 1.550 0.5407 0.8438
1XHP 907 1.576 0.5549 0.8203
1XHP 908 1.699 0.5413 0.8125
1XHP 909 1.402 0.5678 0.8281
1XHP 910 1.338 0.5930 0.8516
1XHP 911 1.634 0.5491 0.8203
1XHP 912 1.685 0.5258 0.8125
1XHP 913 1.415 0.5751 0.8359
1XHP 914 1.466 0.5668 0.8359
1XHP 915 1.647 0.5239 0.8047
1XHP 916 1.351 0.5809 0.8438
1XHP 917 1.364 0.5734 0.8281
1XHP 918 1.580 0.5147 0.8047
1XHP 919 1.483 0.5623 0.8203
1XHP 920 1.524 0.5460 0.8203
1XHP 921 1.456 0.5707 0.8516
1XHP 922 1.413 0.6031 0.8672
1XHP 923 1.500 0.5925 0.8359
1XHP 924 1.488 0.5733 0.8359
1XHP 925 1.373 0.5846 0.8516
1XHP 926 1.194 0.6383 0.8750
1XHP 927 1.369 0.6028 0.8438
1XHP 928 1.354 0.5931 0.8281
1XHP 929 1.353 0.5725 0.8516
1XHP 930 1.569 0.5280 0.8125
1XHP 931 1.538 0.5087 0.7969
1XHP 932 1.321 0.5999 0.8516
1XHP 933 1.353 0.6194 0.8672
1XHP 934 1.592 0.5187 0.8125
1XHP 935 1.472 0.5510 0.8203
1XHP 936 1.412 0.5606 0.8281
1XHP 937 1.474 0.5491 0.8125
1XHP 938 1.496 0.5445 0.8125
1XHP 939 1.637 0.5110 0.7813
1XHP 940 1.640 0.5378 0.8047
1XHP 941 1.534 0.5392 0.8047
1XHP 942 1.500 0.5214 0.8125
1XHP 943 1.467 0.5257 0.8125
1XHP 944 1.545 0.5407 0.8203
1XHP 945 1.495 0.5550 0.8281
1XHP 946 1.541 0.5284 0.8047
1XHP 947 1.596 0.5227 0.7891
1XHP 948 1.596 0.5265 0.7891
1XHP 949 1.580 0.5224 0.8047
1XHP 950 1.395 0.5604 0.8359
1XHP 951 1.504 0.5601 0.8359
1XHP 952 1.634 0.5472 0.8203
1XHP 953 1.480 0.5568 0.8281
1XHP 954 1.396 0.6001 0.8594
1XHP 955 1.395 0.5798 0.8359
1XHP 956 1.458 0.5596 0.8438
1XHP 957 1.534 0.5319 0.8359
1XHP 958 1.665 0.5381 0.8203
1XHP 959 1.644 0.5248 0.8125
1XHP 960 1.480 0.5743 0.8281
1XHP 961 1.376 0.6176 0.8438
1XHP 962 1.299 0.6004 0.8672
1XHP 963 1.510 0.5591 0.8281
1XHP 964 1.448 0.5827 0.8516
1XHP 965 1.401 0.5829 0.8516
1XHP 966 1.300 0.6045 0.8594
1XHP 967 1.478 0.5624 0.8281
1XHP 968 1.357 0.5805 0.8516
1XHP 969 1.417 0.5646 0.8516
1XHP 970 1.701 0.4963 0.7891
1XHP 971 1.498 0.5761 0.8359
1XHP 972 1.451 0.5351 0.8281
1XHP 973 1.479 0.5365 0.8125
1XHP 974 1.536 0.5613 0.8281
1XHP 975 1.314 0.5934 0.8516
1XHP 976 1.579 0.5279 0.8125
1XHP 977 1.367 0.5776 0.8516
1XHP 978 1.483 0.5549 0.8203
1XHP 979 1.704 0.5328 0.8047
1XHP 980 1.628 0.5251 0.8047
1XHP 981 1.838 0.4999 0.7813
1XHP 982 1.446 0.5819 0.8359
1XHP 983 1.488 0.5635 0.8203
1XHP 984 1.575 0.5334 0.7969
1XHP 985 1.459 0.5564 0.8047
1XHP 986 1.515 0.5803 0.8438
1XHP 987 1.527 0.5372 0.8281
1XHP 988 1.381 0.5887 0.8438
1XHP 989 1.266 0.6116 0.8594
1XHP 990 1.261 0.6244 0.8672
1XHP 991 1.508 0.5527 0.8203
1XHP 992 1.851 0.4737 0.7656
1XHP 993 1.760 0.5054 0.7734
1XHP 994 1.385 0.5688 0.8516
1XHP 995 1.325 0.5895 0.8359
1XHP 996 1.586 0.5257 0.8047
1XHP 997 1.832 0.4987 0.7813
1XHP 998 1.471 0.5646 0.8281
1XHP 999 1.350 0.5840 0.8281
1XHP 1000 1.349 0.5835 0.8438
1XHP 1001 1.437 0.5604 0.8203
1XHP 1002 1.972 0.4929 0.7813
1XHP 1003 1.877 0.5045 0.7969
1XHP 1004 1.517 0.5612 0.8594
1XHP 1005 1.593 0.5400 0.8125
1XHP 1006 1.746 0.4829 0.7969
1XHP 1007 1.752 0.4960 0.7734
1XHP 1008 1.865 0.5004 0.7734
1XHP 1009 2.009 0.4660 0.7578
1XHP 1010 1.633 0.4833 0.7813
1XHP 1011 1.608 0.5071 0.7969
1XHP 1012 1.894 0.4510 0.7656
1XHP 1013 2.147 0.4300 0.7656
1XHP 1014 1.953 0.4903 0.7734
1XHP 1015 1.805 0.5054 0.7891
1XHP 1016 1.915 0.4665 0.7656
1XHP 1017 1.819 0.4650 0.7734
1XHP 1018 1.655 0.4962 0.7891
1XHP 1019 1.662 0.5078 0.7734
1XHP 1020 1.758 0.4895 0.7734
1XHP 1021 1.710 0.4729 0.7969
1XHP 1022 1.598 0.5109 0.8047
1XHP 1023 1.602 0.5038 0.8047
1XHP 1024 1.544 0.5305 0.8125
1XHP 1025 1.551 0.5298 0.8359
1XHP 1026 1.596 0.5374 0.8203
1XHP 1027 1.447 0.5882 0.8203
1XHP 1028 1.603 0.5410 0.8281
1XHP 1029 1.447 0.5770 0.8359
1XHP 1030 1.382 0.5813 0.8438
1XHP 1031 1.269 0.6131 0.8672
1XHP 1032 1.254 0.6094 0.8594
1XHP 1033 1.287 0.6096 0.8516
1XHP 1034 1.325 0.6028 0.8672
1XHP 1035 1.545 0.5406 0.8047
1XHP 1036 1.545 0.5362 0.8281
1XHP 1037 1.731 0.5450 0.8047
1XHP 1038 1.670 0.5685 0.8203
1XHP 1039 1.469 0.5639 0.8203
1XHP 1040 1.562 0.5390 0.8125
1XHP 1041 1.629 0.5546 0.8203
1XHP 1042 1.539 0.5762 0.8281
1XHP 1043 1.548 0.5350 0.7969
1XHP 1044 1.658 0.5505 0.8438
1XHP 1045 1.756 0.5052 0.8047
1XHP 1046 1.526 0.5392 0.8125
1XHP 1047 1.634 0.5485 0.8281
1XHP 1048 1.617 0.5273 0.7891
1XHP 1049 1.664 0.5054 0.7891
1XHP 1050 1.633 0.5163 0.7813
1XHP 1051 1.605 0.5267 0.7969
1XHP 1052 2.030 0.4573 0.7500
1XHP 1053 1.940 0.5152 0.7813
1XHP 1054 1.681 0.5481 0.8047
1XHP 1055 1.657 0.4990 0.7891
1XHP 1056 1.668 0.5053 0.8125
1XHP 1057 1.753 0.4941 0.7734
1XHP 1058 1.938 0.4733 0.7656
1XHP 1059 2.045 0.4360 0.7500
1XHP 1060 1.809 0.4789 0.7734
1XHP 1061 2.007 0.4274 0.7422
1XHP 1062 1.884 0.5075 0.7813
1XHP 1063 2.024 0.4761 0.7500
1XHP 1064 1.777 0.4955 0.7813
1XHP 1065 1.589 0.5525 0.8125
1XHP 1066 1.882 0.5038 0.7813
1XHP 1067 1.944 0.4886 0.7578
1XHP 1068 1.983 0.4645 0.7500
1XHP 1069 2.023 0.4623 0.7422
1XHP 1070 1.751 0.5281 0.7969
1XHP 1071 1.868 0.4875 0.7813
1XHP 1072 1.948 0.4901 0.7656
1XHP 1073 1.780 0.4966 0.7656
1XHP 1074 1.751 0.5353 0.8047
1XHP 1075 1.580 0.5547 0.8203
1XHP 1076 1.838 0.4942 0.7656
1XHP 1077 1.898 0.4707 0.7656
1XHP 1078 1.678 0.5183 0.7969
1XHP 1079 1.774 0.4820 0.7578
1XHP 1080 1.709 0.4787 0.8125
1XHP 1081 1.628 0.5090 0.7969
1XHP 1082 1.528 0.5415 0.8125
1XHP 1083 1.862 0.4696 0.7422
1XHP 1084 1.779 0.4871 0.8047
1XHP 1085 1.769 0.5158 0.7734
1XHP 1086 1.854 0.4985 0.7813
1XHP 1087 1.964 0.4856 0.7813
1XHP 1088 1.975 0.5058 0.7734
1XHP 1089 2.101 0.4758 0.7578
1XHP 1090 2.040 0.4351 0.7266
1XHP 1091 1.582 0.5339 0.8047
1XHP 1092 1.884 0.4834 0.7734
1XHP 1093 1.755 0.5176 0.7891
1XHP 1094 1.722 0.4744 0.7578
1XHP 1095 1.628 0.5412 0.8047
1XHP 1096 1.763 0.5231 0.7891
1XHP 1097 1.931 0.4615 0.7422
1XHP 1098 1.622 0.5290 0.7969
1XHP 1099 1.468 0.5700 0.8281
1XHP 1100 1.829 0.5062 0.7969
1XHP 1101 1.507 0.5593 0.8203
1XHP 1102 1.811 0.5118 0.7969
1XHP 1103 1.871 0.4916 0.7734
1XHP 1104 1.838 0.4694 0.7656
1XHP 1105 1.921 0.5139 0.8047
1XHP 1106 1.707 0.4845 0.7578
1XHP 1107 1.687 0.4840 0.7891
1XHP 1108 1.741 0.5339 0.7813
1XHP 1109 1.587 0.5507 0.8047
1XHP 1110 1.737 0.4973 0.7734
1XHP 1111 1.728 0.5178 0.7813
1XHP 1112 1.797 0.5113 0.7734
1XHP 1113 1.623 0.5275 0.8125
1XHP 1114 1.655 0.5072 0.7891
1XHP 1115 1.495 0.5650 0.8281
1XHP 1116 1.619 0.5284 0.8047
1XHP 1117 1.374 0.5680 0.8203
1XHP 1118 1.454 0.5605 0.8281
1XHP 1119 2.137 0.4936 0.7734
1XHP 1120 2.170 0.4527 0.7500
1XHP 1121 1.687 0.5306 0.8047
1XHP 1122 1.904 0.4567 0.7734
1XHP 1123 1.724 0.4810 0.7813
1XHP 1124 1.393 0.5537 0.8203
1XHP 1125 1.403 0.5692 0.8516
1XHP 1126 1.567 0.5405 0.8125
1XHP 1127 1.740 0.5416 0.8047
1XHP 1128 1.613 0.5165 0.8047
1XHP 1129 1.637 0.5185 0.7813
1XHP 1130 1.903 0.4740 0.7578
1XHP 1131 1.709 0.5069 0.7969
1XHP 1132 1.760 0.4910 0.7813
1XHP 1133 1.971 0.4791 0.7656
1XHP 1134 1.774 0.5402 0.8125
1XHP 1135 1.857 0.4778 0.7656
1XHP 1136 1.948 0.4590 0.7500
1XHP 1137 1.798 0.4654 0.7656
1XHP 1138 1.677 0.4787 0.7734
1XHP 1139 2.049 0.4661 0.7422
1XHP 1140 1.756 0.5268 0.7891
1XHP 1141 2.195 0.4423 0.7500
1XHP 1142 1.974 0.5202 0.7969
1XHP 1143 1.822 0.5170 0.7734
1XHP 1144 1.790 0.4788 0.7734
1XHP 1145 1.807 0.4599 0.7500
1XHP 1146 1.852 0.4584 0.7656
1XHP 1147 2.083 0.4137 0.7344
1XHP 1148 1.991 0.4574 0.7422
1XHP 1149 1.832 0.4974 0.7813
1XHP 1150 1.809 0.5016 0.7656
1XHP 1151 1.665 0.4768 0.7813
1XHP 1152 1.857 0.4463 0.7656
1XHP 1153 1.898 0.4740 0.7813
1XHP 1154 1.791 0.4812 0.7891
1XHP 1155 2.050 0.4625 0.7422
1XHP 1156 1.714 0.4844 0.7813
1XHP 1157 1.837 0.4682 0.7656
1XHP 1158 1.979 0.4589 0.7578
1XHP 1159 1.768 0.4817 0.7891
1XHP 1160 1.647 0.5324 0.8047
1XHP 1161 1.849 0.4977 0.7813
1XHP 1162 2.198 0.4639 0.7578
1XHP 1163 2.241 0.4798 0.7813
1XHP 1164 1.770 0.4736 0.7734
1XHP 1165 1.707 0.5038 0.7891
1XHP 1166 1.587 0.5252 0.8125
1XHP 1167 1.713 0.5055 0.7734
1XHP 1168 1.744 0.5265 0.8047
1XHP 1169 2.067 0.3944 0.7422
1XHP 1170 1.937 0.4453 0.7578
1XHP 1171 1.976 0.4592 0.7969
1XHP 1172 1.752 0.4464 0.7656
1XHP 1173 1.870 0.4339 0.7500
1XHP 1174 1.478 0.5398 0.8125
1XHP 1175 1.442 0.5786 0.8438
1XHP 1176 1.576 0.5274 0.8047
1XHP 1177 1.738 0.4876 0.7734
1XHP 1178 1.799 0.5113 0.7813
1XHP 1179 1.788 0.4953 0.7891
1XHP 1180 2.153 0.4226 0.7422
1XHP 1181 1.758 0.4986 0.7734
1XHP 1182 1.658 0.5222 0.7813
1XHP 1183 1.838 0.5415 0.7969
1XHP 1184 1.857 0.4511 0.7500
1XHP 1185 1.801 0.4761 0.7578
1XHP 1186 2.313 0.3946 0.7266
1XHP 1187 2.062 0.4873 0.7734
1XHP 1188 1.873 0.4978 0.7734
1XHP 1189 1.787 0.4894 0.7656
1XHP 1190 1.609 0.5062 0.7969
1XHP 1191 1.919 0.5248 0.8047
1XHP 1192 1.876 0.4882 0.7813
1XHP 1193 1.820 0.5037 0.7813
1XHP 1194 2.052 0.4656 0.7578
1XHP 1195 1.837 0.4910 0.7734
1XHP 1196 1.959 0.4768 0.7578
1XHP 1197 1.957 0.4733 0.7422
1XHP 1198 1.921 0.4710 0.7578
1XHP 1199 1.805 0.4605 0.7734
1XHP 1200 2.002 0.4294 0.7500
1XHP 1201 1.900 0.4389 0.7734
1XHP 1202 1.855 0.4825 0.7734
1XHP 1203 1.880 0.4339 0.7813
1XHP 1204 1.988 0.4434 0.7656
1XHP 1205 1.673 0.5046 0.8047
1XHP 1206 1.854 0.4593 0.7813
1XHP 1207 2.075 0.4518 0.7734
1XHP 1208 2.016 0.4605 0.7734
1XHP 1209 2.006 0.4743 0.7578
1XHP 1210 2.298 0.4521 0.7813
1XHP 1211 1.925 0.4545 0.7656
1XHP 1212 2.446 0.4822 0.7578
1XHP 1213 2.539 0.4764 0.7344
1XHP 1214 1.786 0.5152 0.7969
1XHP 1215 1.714 0.5696 0.8359
1XHP 1216 1.945 0.5114 0.8047
1XHP 1217 1.732 0.5589 0.8125
1XHP 1218 1.720 0.5176 0.8125
1XHP 1219 1.919 0.5385 0.7969
1XHP 1220 2.014 0.4745 0.7656
1XHP 1221 2.251 0.4439 0.7578
1XHP 1222 1.963 0.5155 0.7891
1XHP 1223 2.105 0.5223 0.7891
1XHP 1224 2.317 0.4077 0.7266
1XHP 1225 1.871 0.5441 0.8047
1XHP 1226 1.951 0.4837 0.7734
1XHP 1227 1.909 0.4878 0.7891
1XHP 1228 1.992 0.4908 0.7813
1XHP 1229 1.701 0.5488 0.8438
1XHP 1230 1.808 0.5288 0.7891
1XHP 1231 2.091 0.5307 0.8047
1XHP 1232 1.485 0.5970 0.8594
1XHP 1233 1.604 0.5522 0.8203
1XHP 1234 2.195 0.4919 0.7969
1XHP 1235 2.368 0.4466 0.7344
1XHP 1236 2.171 0.4778 0.7500
1XHP 1237 1.988 0.4797 0.7656
1XHP 1238 1.861 0.5169 0.7891
1XHP 1239 1.927 0.4905 0.7813
1XHP 1240 1.864 0.4935 0.7891
1XHP 1241 1.754 0.5396 0.8203
1XHP 1242 1.904 0.4857 0.7734
1XHP 1243 1.984 0.4923 0.7656
1XHP 1244 1.975 0.5377 0.8047
1XHP 1245 1.797 0.5219 0.8047
1XHP 1246 1.901 0.5286 0.8047
1XHP 1247 2.235 0.3964 0.7422
1XHP 1248 2.224 0.4334 0.7422
1XHP 1249 1.986 0.4663 0.7734
1XHP 1250 1.867 0.5053 0.7891
1XHP 1251 2.002 0.5218 0.7891
1XHP 1252 1.853 0.5214 0.7891
1XHP 1253 1.983 0.5086 0.7813
1XHP 1254 2.223 0.4677 0.7656
1XHP 1255 2.189 0.4601 0.7422
1XHP 1256 1.829 0.5477 0.7891
1XHP 1257 2.259 0.4633 0.7578
1XHP 1258 2.298 0.4524 0.7422
1XHP 1259 2.245 0.4358 0.7188
1XHP 1260 1.637 0.5194 0.8125
1XHP 1261 2.144 0.4404 0.7422
1XHP 1262 2.052 0.4397 0.7500
1XHP 1263 1.872 0.4442 0.7891
1XHP 1264 1.780 0.4971 0.7891
1XHP 1265 2.344 0.3975 0.7344
1XHP 1266 1.889 0.4947 0.7656
1XHP 1267 2.012 0.4664 0.7734
1XHP 1268 1.904 0.4790 0.7734
1XHP 1269 1.718 0.5292 0.7969
1XHP 1270 2.096 0.4586 0.7578
1XHP 1271 1.775 0.4784 0.7891
1XHP 1272 2.254 0.4464 0.7578
1XHP 1273 1.994 0.4727 0.7734
1XHP 1274 1.871 0.4806 0.7813
1XHP 1275 1.963 0.5048 0.7734
1XHP 1276 2.217 0.4260 0.7422
1XHP 1277 2.389 0.4425 0.7500
1XHP 1278 2.059 0.4781 0.7813
1XHP 1279 2.082 0.4453 0.7578
1XHP 1280 1.845 0.5205 0.8047
1XHP 1281 1.829 0.5799 0.8281
1XHP 1282 1.809 0.5232 0.8203
1XHP 1283 2.131 0.4990 0.7734
1XHP 1284 2.101 0.4525 0.7656
1XHP 1285 1.797 0.5104 0.8047
1XHP 1286 2.401 0.4261 0.7188
1XHP 1287 2.087 0.4592 0.7578
1XHP 1288 1.866 0.4757 0.7891
1XHP 1289 2.152 0.4676 0.7734
1XHP 1290 2.064 0.4710 0.7813
1XHP 1291 1.804 0.4746 0.7813
1XHP 1292 2.212 0.4806 0.7656
1XHP 1293 2.167 0.4781 0.7656
1XHP 1294 2.191 0.4467 0.7578
1XHP 1295 1.761 0.5239 0.8125
1XHP 1296 2.071 0.4820 0.7813
1XHP 1297 2.230 0.4741 0.7578
1XHP 1298 2.221 0.4774 0.7656
1XHP 1299 1.772 0.5031 0.7969
1XHP 1300 2.015 0.4966 0.7734
1XHP 1301 2.050 0.4561 0.7734
1XHP 1302 1.993 0.5278 0.7969
1XHP 1303 2.208 0.4256 0.7500
1XHP 1304 2.144 0.4904 0.7734
1XHP 1305 1.976 0.5135 0.7813
1XHP 1306 1.977 0.4864 0.7734
1XHP 1307 1.994 0.4602 0.7734
1XHP 1308 1.989 0.4691 0.7656
1XHP 1309 2.217 0.5112 0.7734
1XHP 1310 2.402 0.4781 0.7734
1XHP 1311 2.094 0.5035 0.8047
1XHP 1312 2.328 0.4487 0.7266
1XHP 1313 2.318 0.4663 0.7344
1XHP 1314 2.236 0.4842 0.7656
1XHP 1315 2.448 0.3965 0.7188
1XHP 1316 2.113 0.4654 0.7734
1XHP 1317 2.473 0.4456 0.7500
1XHP 1318 2.479 0.4526 0.7656
1XHP 1319 2.339 0.4351 0.7422
1XHP 1320 1.967 0.4703 0.7734
1XHP 1321 2.274 0.4014 0.7266
1XHP 1322 2.203 0.4651 0.7422
1XHP 1323 2.151 0.4760 0.7500
1XHP 1324 2.177 0.4160 0.7422
1XHP 1325 2.098 0.5010 0.7734
1XHP 1326 2.343 0.3900 0.7109
1XHP 1327 2.548 0.4172 0.7188
1XHP 1328 2.693 0.3778 0.6875
1XHP 1329 2.520 0.4213 0.7109
