2MHI 1 0.000 1.0000 1.0000
2MHI 2 1.351 0.8205 0.8915
2MHI 3 0.997 0.8644 0.9292
2MHI 4 0.716 0.9222 0.9717
2MHI 5 0.806 0.9013 0.9528
2MHI 6 0.914 0.8894 0.9481
2MHI 7 1.332 0.8100 0.8774
2MHI 8 0.993 0.8640 0.9198
2MHI 9 1.529 0.7447 0.8208
2MHI 10 0.802 0.9060 0.9575
2MHI 11 0.857 0.8980 0.9481
2MHI 12 1.504 0.7482 0.8255
2MHI 13 1.163 0.8381 0.9057
2MHI 14 0.947 0.8764 0.9387
2MHI 15 1.228 0.8241 0.9292
2MHI 16 1.174 0.8455 0.9104
2MHI 17 0.711 0.9212 0.9858
2MHI 18 1.062 0.8581 0.9151
2MHI 19 1.236 0.8148 0.8915
2MHI 20 1.250 0.8072 0.8774
2MHI 21 14.561 0.0982 0.1321
2MHI 22 13.903 0.0986 0.1415
2MHI 23 14.902 0.1938 0.2500
2MHI 24 11.909 0.1588 0.1887
2MHI 25 14.982 0.1063 0.1887
2MHI 26 12.138 0.1636 0.2406
2MHI 27 16.043 0.1624 0.2217
2MHI 28 14.917 0.2312 0.2877
2MHI 29 12.512 0.2441 0.3208
2MHI 30 12.438 0.1492 0.2358
2MHI 31 17.994 0.1677 0.2264
2MHI 32 18.359 0.1848 0.2642
2MHI 33 14.887 0.1983 0.2689
2MHI 34 12.884 0.1203 0.1887
2MHI 35 17.650 0.1564 0.1934
2MHI 36 14.815 0.1673 0.2264
2MHI 37 20.010 0.1731 0.2170
2MHI 38 18.586 0.1721 0.2264
2MHI 39 18.759 0.1490 0.2217
2MHI 40 20.156 0.1856 0.2783
2MHI 41 14.750 0.2160 0.2783
2MHI 42 20.619 0.1317 0.1698
2MHI 43 12.868 0.1900 0.2500
2MHI 44 17.484 0.1792 0.2264
2MHI 45 20.094 0.2046 0.2547
2MHI 46 16.856 0.2094 0.2736
2MHI 47 18.673 0.1862 0.2406
2MHI 48 14.493 0.2164 0.2877
2MHI 49 12.642 0.1936 0.2689
2MHI 50 14.864 0.2131 0.2877
2MHI 51 13.981 0.2406 0.2925
2MHI 52 19.527 0.1832 0.2311
2MHI 53 16.339 0.1957 0.2642
2MHI 54 15.905 0.1932 0.2453
2MHI 55 19.980 0.1941 0.2642
2MHI 56 18.741 0.2006 0.2547
2MHI 57 18.065 0.2322 0.2783
2MHI 58 11.717 0.2250 0.3019
2MHI 59 13.735 0.1968 0.2830
2MHI 60 10.026 0.1992 0.2972
2MHI 61 14.400 0.0978 0.1368
2MHI 62 15.110 0.1165 0.1745
2MHI 63 17.457 0.1429 0.1840
2MHI 64 15.873 0.1642 0.2311
2MHI 65 17.442 0.1739 0.2170
2MHI 66 18.081 0.1371 0.1698
2MHI 67 21.260 0.2002 0.2925
2MHI 68 13.811 0.1543 0.1934
2MHI 69 18.639 0.1771 0.2406
2MHI 70 18.387 0.1866 0.2217
2MHI 71 17.630 0.2024 0.2689
2MHI 72 17.194 0.1314 0.1934
2MHI 73 18.793 0.1723 0.2594
2MHI 74 15.997 0.1842 0.2547
2MHI 75 19.938 0.1915 0.2311
2MHI 76 15.724 0.1373 0.2075
2MHI 77 17.002 0.2126 0.2689
2MHI 78 15.077 0.1692 0.2453
2MHI 79 16.677 0.2096 0.2877
2MHI 80 19.795 0.2023 0.2453
2MHI 81 18.663 0.1909 0.2311
2MHI 82 16.934 0.2045 0.2642
2MHI 83 23.972 0.1733 0.2170
2MHI 84 20.516 0.1080 0.1557
2MHI 85 22.206 0.1751 0.2264
2MHI 86 19.156 0.1550 0.2028
2MHI 87 15.729 0.2376 0.2877
2MHI 88 16.545 0.1819 0.2217
2MHI 89 18.740 0.1650 0.1981
2MHI 90 19.027 0.1988 0.2264
2MHI 91 16.538 0.2073 0.2642
2MHI 92 17.402 0.2061 0.2689
2MHI 93 18.539 0.1809 0.2642
2MHI 94 17.223 0.2176 0.2783
2MHI 95 18.367 0.1862 0.2453
2MHI 96 15.587 0.1925 0.2594
2MHI 97 14.787 0.1906 0.2877
2MHI 98 18.531 0.1790 0.2358
2MHI 99 16.359 0.2149 0.2877
2MHI 100 16.770 0.2101 0.2453
2MHI 101 13.712 0.1461 0.1887
2MHI 102 14.762 0.1155 0.1698
2MHI 103 13.154 0.1376 0.1887
2MHI 104 16.231 0.1389 0.1745
2MHI 105 16.670 0.1300 0.1604
2MHI 106 15.203 0.1492 0.2075
2MHI 107 18.603 0.1183 0.1698
2MHI 108 23.462 0.1930 0.2500
2MHI 109 17.054 0.2137 0.2594
2MHI 110 17.847 0.1215 0.1604
2MHI 111 16.358 0.1452 0.2028
2MHI 112 19.174 0.1095 0.1509
2MHI 113 16.296 0.1728 0.2217
2MHI 114 19.222 0.1029 0.1604
2MHI 115 13.728 0.2177 0.2877
2MHI 116 16.174 0.1743 0.2453
2MHI 117 15.522 0.1804 0.2453
2MHI 118 14.544 0.1614 0.2123
2MHI 119 17.401 0.1952 0.2170
2MHI 120 15.642 0.1824 0.2594
2MHI 121 14.935 0.1927 0.2358
2MHI 122 15.135 0.2079 0.2689
2MHI 123 17.298 0.1697 0.2123
2MHI 124 21.539 0.1779 0.2642
2MHI 125 16.255 0.1368 0.1792
2MHI 126 14.354 0.1824 0.2358
2MHI 127 17.745 0.1732 0.2123
2MHI 128 19.416 0.1834 0.2406
2MHI 129 17.260 0.1915 0.2689
2MHI 130 20.981 0.1282 0.1698
2MHI 131 14.999 0.1948 0.2500
2MHI 132 15.344 0.2064 0.2877
2MHI 133 17.095 0.1857 0.2547
2MHI 134 16.668 0.1936 0.2500
2MHI 135 19.006 0.1436 0.1934
2MHI 136 16.579 0.2300 0.2972
2MHI 137 17.583 0.2092 0.2736
2MHI 138 19.784 0.1975 0.2594
2MHI 139 17.409 0.1917 0.2830
2MHI 140 17.669 0.1947 0.2547
2MHI 141 14.661 0.1100 0.1415
2MHI 142 19.171 0.1292 0.1792
2MHI 143 17.846 0.1495 0.1840
2MHI 144 12.713 0.2037 0.2783
2MHI 145 14.762 0.1271 0.1792
2MHI 146 17.425 0.1777 0.2217
2MHI 147 20.323 0.1834 0.2358
2MHI 148 15.414 0.1786 0.2217
2MHI 149 16.617 0.1525 0.1934
2MHI 150 14.344 0.1706 0.2547
2MHI 151 19.655 0.1827 0.2547
2MHI 152 17.902 0.1281 0.1840
2MHI 153 15.259 0.1894 0.2406
2MHI 154 15.150 0.1906 0.2783
2MHI 155 17.515 0.1371 0.1745
2MHI 156 19.614 0.1498 0.1981
2MHI 157 27.285 0.1443 0.1745
2MHI 158 18.948 0.1909 0.2500
2MHI 159 17.745 0.1728 0.2217
2MHI 160 16.697 0.1747 0.2453
2MHI 161 20.465 0.1966 0.2358
2MHI 162 19.647 0.1733 0.2123
2MHI 163 14.020 0.1888 0.2453
2MHI 164 17.363 0.1981 0.2642
2MHI 165 18.091 0.1776 0.2123
2MHI 166 13.507 0.2046 0.2642
2MHI 167 18.108 0.1751 0.2170
2MHI 168 14.594 0.2002 0.2736
2MHI 169 18.127 0.1947 0.2642
2MHI 170 15.895 0.2012 0.2689
2MHI 171 18.249 0.1896 0.2500
2MHI 172 16.978 0.1971 0.2547
2MHI 173 16.633 0.1878 0.2547
2MHI 174 18.181 0.2302 0.3160
2MHI 175 18.891 0.2214 0.2925
2MHI 176 17.659 0.1831 0.2358
2MHI 177 17.385 0.1763 0.2642
2MHI 178 17.710 0.1895 0.2547
2MHI 179 19.429 0.1664 0.2311
2MHI 180 16.876 0.1972 0.2594
2MHI 181 15.190 0.1113 0.1368
2MHI 182 16.595 0.1032 0.1462
2MHI 183 14.081 0.1143 0.1557
2MHI 184 15.893 0.0902 0.1321
2MHI 185 16.306 0.1115 0.1462
2MHI 186 15.705 0.1103 0.1509
2MHI 187 16.798 0.1362 0.1887
2MHI 188 18.741 0.1141 0.1651
2MHI 189 18.310 0.1063 0.1368
2MHI 190 15.594 0.1947 0.2594
2MHI 191 21.628 0.1775 0.2500
2MHI 192 18.616 0.1905 0.2594
2MHI 193 17.079 0.1773 0.2311
2MHI 194 20.566 0.1176 0.1698
2MHI 195 15.596 0.1078 0.1557
2MHI 196 11.497 0.2255 0.3019
2MHI 197 14.194 0.2122 0.2689
2MHI 198 17.138 0.1798 0.2783
2MHI 199 16.623 0.1761 0.2500
2MHI 200 15.349 0.1992 0.2453
2MHI 201 19.454 0.1183 0.1604
2MHI 202 14.221 0.2463 0.3113
2MHI 203 13.573 0.1953 0.2358
2MHI 204 15.836 0.1734 0.2264
2MHI 205 17.251 0.1705 0.2170
2MHI 206 19.327 0.1645 0.2217
2MHI 207 14.593 0.1973 0.2453
2MHI 208 20.139 0.1773 0.2736
2MHI 209 15.876 0.2094 0.2783
2MHI 210 15.332 0.2065 0.2736
2MHI 211 14.434 0.1764 0.2453
2MHI 212 16.711 0.1769 0.2075
2MHI 213 17.699 0.1996 0.2594
2MHI 214 16.828 0.2253 0.2830
2MHI 215 15.954 0.1846 0.2642
2MHI 216 18.378 0.1887 0.2453
2MHI 217 15.675 0.1946 0.2642
2MHI 218 19.310 0.2237 0.2877
2MHI 219 19.841 0.1781 0.2217
2MHI 220 18.439 0.1909 0.2500
2MHI 221 14.139 0.1430 0.1792
2MHI 222 16.999 0.1343 0.1887
2MHI 223 15.697 0.1209 0.1698
2MHI 224 16.171 0.1163 0.1698
2MHI 225 18.082 0.1474 0.2028
2MHI 226 18.084 0.1605 0.2170
2MHI 227 17.477 0.1180 0.1698
2MHI 228 18.583 0.1564 0.1887
2MHI 229 15.415 0.1893 0.2594
2MHI 230 18.680 0.2485 0.3019
2MHI 231 21.606 0.1571 0.2217
2MHI 232 18.268 0.1070 0.1321
2MHI 233 18.589 0.2049 0.2642
2MHI 234 14.622 0.1720 0.2264
2MHI 235 20.226 0.1679 0.1981
2MHI 236 17.846 0.2028 0.2642
2MHI 237 17.345 0.1908 0.2547
2MHI 238 13.638 0.2155 0.2830
2MHI 239 19.302 0.2073 0.2642
2MHI 240 17.534 0.1653 0.2075
2MHI 241 16.661 0.1782 0.2311
2MHI 242 15.668 0.1942 0.2406
2MHI 243 20.439 0.1516 0.1934
2MHI 244 16.207 0.1907 0.2547
2MHI 245 15.929 0.1997 0.2406
2MHI 246 13.312 0.2167 0.2877
2MHI 247 21.359 0.1800 0.2358
2MHI 248 16.496 0.1574 0.2075
2MHI 249 16.916 0.2065 0.2594
2MHI 250 22.326 0.1824 0.2453
2MHI 251 17.259 0.1783 0.2217
2MHI 252 16.231 0.2168 0.2594
2MHI 253 14.597 0.2143 0.2783
2MHI 254 16.947 0.1819 0.2406
2MHI 255 16.885 0.1953 0.2689
2MHI 256 20.837 0.2024 0.2642
2MHI 257 17.993 0.2054 0.2736
2MHI 258 16.808 0.1788 0.2264
2MHI 259 20.667 0.1941 0.2642
2MHI 260 18.923 0.1758 0.2028
2MHI 261 13.805 0.1215 0.1840
2MHI 262 16.701 0.0932 0.1368
2MHI 263 16.897 0.1929 0.2594
2MHI 264 19.418 0.1534 0.2170
2MHI 265 21.721 0.1599 0.2123
2MHI 266 16.462 0.1681 0.2311
2MHI 267 15.817 0.1925 0.2264
2MHI 268 16.868 0.1919 0.2406
2MHI 269 14.477 0.1802 0.2264
2MHI 270 18.327 0.1378 0.1934
2MHI 271 15.746 0.1949 0.2736
2MHI 272 18.419 0.1735 0.2311
2MHI 273 20.992 0.1574 0.2075
2MHI 274 14.550 0.1916 0.2642
2MHI 275 17.448 0.1482 0.2170
2MHI 276 18.127 0.1298 0.1745
2MHI 277 15.178 0.1781 0.2170
2MHI 278 15.314 0.1827 0.2406
2MHI 279 16.659 0.1707 0.2123
2MHI 280 23.517 0.1901 0.2358
2MHI 281 18.080 0.1794 0.2264
2MHI 282 16.018 0.1616 0.2217
2MHI 283 18.547 0.1750 0.2170
2MHI 284 20.130 0.2148 0.2830
2MHI 285 21.496 0.2095 0.2689
2MHI 286 22.315 0.2077 0.2736
2MHI 287 17.247 0.1979 0.2594
2MHI 288 17.806 0.1851 0.2311
2MHI 289 21.505 0.1745 0.1840
2MHI 290 14.955 0.1802 0.2547
2MHI 291 17.417 0.2696 0.3208
2MHI 292 17.104 0.2227 0.2972
2MHI 293 16.854 0.1734 0.2500
2MHI 294 16.836 0.1907 0.2500
2MHI 295 18.654 0.1478 0.1981
2MHI 296 15.345 0.2043 0.2736
2MHI 297 18.600 0.2022 0.2406
2MHI 298 20.201 0.1826 0.2500
2MHI 299 15.055 0.2101 0.2689
2MHI 300 16.182 0.2077 0.2642
2MHI 301 14.315 0.1252 0.1698
2MHI 302 18.827 0.1891 0.2736
2MHI 303 15.473 0.1645 0.1981
2MHI 304 17.672 0.1425 0.1792
2MHI 305 16.963 0.2180 0.2830
2MHI 306 17.327 0.1511 0.2264
2MHI 307 16.147 0.1358 0.1792
2MHI 308 12.555 0.1582 0.2123
2MHI 309 19.195 0.1436 0.1792
2MHI 310 16.813 0.1857 0.2642
2MHI 311 15.911 0.2104 0.2689
2MHI 312 17.720 0.1723 0.2075
2MHI 313 19.510 0.1545 0.1840
2MHI 314 18.429 0.1153 0.1698
2MHI 315 15.849 0.1921 0.2358
2MHI 316 15.580 0.1781 0.2217
2MHI 317 15.949 0.1809 0.2217
2MHI 318 17.479 0.1190 0.1557
2MHI 319 19.476 0.2006 0.2500
2MHI 320 18.881 0.1738 0.2217
2MHI 321 18.104 0.1593 0.2123
2MHI 322 14.171 0.1750 0.2311
2MHI 323 16.557 0.1803 0.2406
2MHI 324 17.063 0.1807 0.2406
2MHI 325 17.673 0.1790 0.2170
2MHI 326 22.308 0.2006 0.2642
2MHI 327 17.718 0.1770 0.2594
2MHI 328 20.833 0.1936 0.2830
2MHI 329 13.800 0.2052 0.2547
2MHI 330 14.739 0.1807 0.2453
2MHI 331 15.704 0.2071 0.2736
2MHI 332 19.830 0.2060 0.2594
2MHI 333 17.427 0.2053 0.2689
2MHI 334 18.301 0.1833 0.2594
2MHI 335 12.485 0.1784 0.2500
2MHI 336 16.669 0.1832 0.2500
2MHI 337 17.552 0.2241 0.2877
2MHI 338 16.075 0.1852 0.2547
2MHI 339 14.536 0.2015 0.2642
2MHI 340 14.766 0.2132 0.2830
2MHI 341 15.224 0.1061 0.1651
2MHI 342 14.000 0.1219 0.1604
2MHI 343 15.523 0.1075 0.1368
2MHI 344 15.932 0.1538 0.1934
2MHI 345 13.265 0.1810 0.2170
2MHI 346 16.696 0.1042 0.1604
2MHI 347 16.450 0.1298 0.1792
2MHI 348 17.589 0.1106 0.1651
2MHI 349 19.554 0.1166 0.1840
2MHI 350 15.823 0.1542 0.2028
2MHI 351 16.588 0.0995 0.1415
2MHI 352 22.043 0.1706 0.2170
2MHI 353 14.945 0.1744 0.2547
2MHI 354 15.729 0.1979 0.2689
2MHI 355 16.172 0.1955 0.2594
2MHI 356 15.509 0.1992 0.2594
2MHI 357 15.355 0.1811 0.2264
2MHI 358 15.089 0.1992 0.2453
2MHI 359 14.793 0.1858 0.2453
2MHI 360 15.932 0.1728 0.2358
2MHI 361 15.102 0.2064 0.2689
2MHI 362 14.334 0.1933 0.2783
2MHI 363 16.479 0.1718 0.2123
2MHI 364 15.993 0.1918 0.2642
2MHI 365 15.480 0.1198 0.1698
2MHI 366 17.507 0.1470 0.1698
2MHI 367 14.868 0.2176 0.2783
2MHI 368 14.299 0.1938 0.2689
2MHI 369 19.294 0.1842 0.2358
2MHI 370 19.981 0.1831 0.2406
2MHI 371 18.759 0.1771 0.2358
2MHI 372 18.491 0.1341 0.1698
2MHI 373 15.801 0.2103 0.2783
2MHI 374 18.132 0.2252 0.2736
2MHI 375 17.865 0.1834 0.2547
2MHI 376 19.230 0.2070 0.2642
2MHI 377 19.237 0.1893 0.2547
2MHI 378 18.090 0.1524 0.1887
2MHI 379 18.604 0.2289 0.2830
2MHI 380 19.211 0.1958 0.2642
2MHI 381 15.317 0.1326 0.1698
2MHI 382 19.644 0.1624 0.2358
2MHI 383 19.877 0.1786 0.2264
2MHI 384 17.839 0.2635 0.3160
2MHI 385 17.023 0.1813 0.2642
2MHI 386 15.706 0.1769 0.2123
2MHI 387 16.144 0.1881 0.2264
2MHI 388 19.442 0.1533 0.1698
2MHI 389 17.833 0.1997 0.2547
2MHI 390 17.478 0.2019 0.2594
2MHI 391 19.717 0.2251 0.2783
2MHI 392 16.121 0.1632 0.2170
2MHI 393 14.039 0.2029 0.2594
2MHI 394 19.650 0.1765 0.2689
2MHI 395 15.790 0.1812 0.2406
2MHI 396 15.957 0.2248 0.2830
2MHI 397 21.883 0.1912 0.2358
2MHI 398 16.920 0.1779 0.2217
2MHI 399 15.730 0.1131 0.1840
2MHI 400 18.758 0.1918 0.2736
2MHI 401 16.078 0.1865 0.2358
2MHI 402 16.944 0.2045 0.2547
2MHI 403 20.990 0.1250 0.1745
2MHI 404 18.391 0.1975 0.2642
2MHI 405 22.193 0.1845 0.2264
2MHI 406 16.626 0.1975 0.2406
2MHI 407 19.923 0.1868 0.2594
2MHI 408 16.818 0.1375 0.1840
2MHI 409 17.029 0.1999 0.2689
2MHI 410 16.792 0.1583 0.2170
2MHI 411 14.219 0.1693 0.2406
2MHI 412 17.523 0.1705 0.2358
2MHI 413 16.553 0.2148 0.2736
2MHI 414 14.822 0.1819 0.2406
2MHI 415 20.322 0.1871 0.2123
2MHI 416 15.479 0.1914 0.2689
2MHI 417 15.125 0.1813 0.2500
2MHI 418 16.758 0.1838 0.2594
2MHI 419 15.887 0.1820 0.2500
2MHI 420 17.300 0.1965 0.2547
2MHI 421 1.641 0.7322 0.7925
2MHI 422 1.894 0.6868 0.7594
2MHI 423 2.006 0.6782 0.7500
2MHI 424 2.097 0.6548 0.7264
2MHI 425 2.119 0.6525 0.7264
2MHI 426 2.110 0.6560 0.7358
2MHI 427 2.117 0.6556 0.7264
2MHI 428 2.117 0.6551 0.7311
2MHI 429 2.126 0.6542 0.7311
2MHI 430 2.147 0.6493 0.7264
2MHI 431 2.132 0.6528 0.7311
2MHI 432 2.123 0.6528 0.7217
2MHI 433 2.122 0.6555 0.7264
2MHI 434 2.125 0.6537 0.7311
2MHI 435 2.124 0.6540 0.7264
2MHI 436 2.124 0.6535 0.7264
2MHI 437 2.120 0.6543 0.7264
2MHI 438 2.118 0.6549 0.7264
2MHI 439 2.114 0.6559 0.7264
2MHI 440 2.128 0.6529 0.7311
2MHI 441 2.121 0.6554 0.7358
2MHI 442 2.127 0.6541 0.7311
2MHI 443 2.119 0.6549 0.7311
2MHI 444 2.117 0.6561 0.7264
2MHI 445 2.122 0.6552 0.7311
2MHI 446 2.123 0.6528 0.7264
2MHI 447 2.126 0.6544 0.7217
2MHI 448 2.122 0.6552 0.7264
2MHI 449 2.117 0.6555 0.7311
2MHI 450 2.122 0.6551 0.7311
2MHI 451 2.133 0.6528 0.7217
2MHI 452 2.128 0.6538 0.7264
2MHI 453 2.132 0.6534 0.7311
2MHI 454 2.125 0.6545 0.7264
2MHI 455 2.116 0.6560 0.7264
2MHI 456 2.131 0.6543 0.7264
2MHI 457 2.119 0.6562 0.7311
2MHI 458 2.121 0.6554 0.7264
2MHI 459 2.130 0.6548 0.7311
2MHI 460 2.129 0.6546 0.7311
2MHI 461 2.124 0.6551 0.7264
2MHI 462 2.129 0.6544 0.7264
2MHI 463 2.128 0.6542 0.7264
2MHI 464 2.137 0.6534 0.7311
2MHI 465 2.124 0.6555 0.7264
2MHI 466 2.135 0.6553 0.7264
2MHI 467 2.134 0.6540 0.7311
2MHI 468 2.135 0.6549 0.7264
2MHI 469 2.127 0.6563 0.7264
2MHI 470 2.122 0.6577 0.7264
2MHI 471 2.122 0.6566 0.7264
2MHI 472 2.128 0.6563 0.7264
2MHI 473 2.121 0.6566 0.7311
2MHI 474 2.118 0.6570 0.7358
2MHI 475 2.109 0.6593 0.7358
2MHI 476 2.119 0.6569 0.7264
2MHI 477 2.127 0.6561 0.7311
2MHI 478 2.130 0.6535 0.7264
2MHI 479 2.128 0.6570 0.7311
2MHI 480 2.125 0.6572 0.7264
2MHI 481 2.131 0.6563 0.7311
2MHI 482 2.119 0.6549 0.7311
2MHI 483 2.115 0.6557 0.7311
2MHI 484 2.114 0.6567 0.7311
2MHI 485 2.128 0.6553 0.7311
2MHI 486 2.116 0.6577 0.7358
2MHI 487 2.134 0.6555 0.7264
2MHI 488 2.132 0.6534 0.7264
2MHI 489 2.127 0.6551 0.7311
2MHI 490 2.133 0.6530 0.7311
2MHI 491 2.124 0.6560 0.7358
2MHI 492 2.120 0.6569 0.7358
2MHI 493 2.107 0.6564 0.7358
2MHI 494 2.128 0.6548 0.7217
2MHI 495 2.145 0.6526 0.7311
2MHI 496 2.125 0.6584 0.7358
2MHI 497 2.134 0.6552 0.7358
2MHI 498 2.124 0.6550 0.7406
2MHI 499 2.154 0.6514 0.7311
2MHI 500 2.112 0.6595 0.7453
2MHI 501 2.108 0.6598 0.7500
2MHI 502 2.116 0.6575 0.7358
2MHI 503 2.153 0.6494 0.7406
2MHI 504 2.128 0.6555 0.7453
2MHI 505 2.150 0.6514 0.7406
2MHI 506 2.113 0.6584 0.7500
2MHI 507 2.129 0.6548 0.7453
2MHI 508 2.125 0.6548 0.7500
2MHI 509 2.127 0.6549 0.7453
2MHI 510 2.131 0.6570 0.7358
2MHI 511 2.135 0.6542 0.7406
2MHI 512 2.137 0.6531 0.7500
2MHI 513 2.130 0.6542 0.7406
2MHI 514 2.124 0.6528 0.7406
2MHI 515 2.098 0.6559 0.7453
2MHI 516 2.102 0.6568 0.7453
2MHI 517 2.115 0.6535 0.7358
2MHI 518 2.104 0.6578 0.7406
2MHI 519 2.093 0.6556 0.7453
2MHI 520 2.095 0.6526 0.7358
2MHI 521 2.084 0.6584 0.7453
2MHI 522 2.086 0.6587 0.7453
2MHI 523 2.099 0.6528 0.7311
2MHI 524 2.107 0.6536 0.7358
2MHI 525 2.082 0.6607 0.7453
2MHI 526 2.079 0.6591 0.7406
2MHI 527 2.123 0.6518 0.7358
2MHI 528 2.111 0.6527 0.7453
2MHI 529 2.088 0.6568 0.7358
2MHI 530 2.090 0.6576 0.7453
2MHI 531 2.069 0.6593 0.7500
2MHI 532 2.072 0.6599 0.7453
2MHI 533 2.077 0.6620 0.7547
2MHI 534 2.079 0.6606 0.7453
2MHI 535 2.067 0.6596 0.7358
2MHI 536 2.049 0.6667 0.7500
2MHI 537 2.132 0.6509 0.7264
2MHI 538 2.117 0.6536 0.7311
2MHI 539 2.116 0.6501 0.7358
2MHI 540 2.077 0.6601 0.7500
2MHI 541 2.105 0.6562 0.7311
2MHI 542 2.088 0.6562 0.7406
2MHI 543 2.120 0.6488 0.7358
2MHI 544 2.125 0.6487 0.7311
2MHI 545 2.127 0.6477 0.7311
2MHI 546 2.099 0.6567 0.7311
2MHI 547 2.086 0.6581 0.7358
2MHI 548 2.124 0.6460 0.7170
2MHI 549 2.107 0.6518 0.7311
2MHI 550 2.061 0.6587 0.7500
2MHI 551 2.085 0.6554 0.7406
2MHI 552 2.103 0.6519 0.7217
2MHI 553 2.118 0.6530 0.7264
2MHI 554 2.091 0.6561 0.7264
2MHI 555 2.115 0.6527 0.7264
2MHI 556 2.134 0.6496 0.7264
2MHI 557 2.101 0.6564 0.7264
2MHI 558 2.129 0.6479 0.7264
2MHI 559 2.075 0.6600 0.7311
2MHI 560 2.153 0.6438 0.7170
2MHI 561 2.166 0.6393 0.7170
2MHI 562 2.163 0.6418 0.7123
2MHI 563 2.183 0.6392 0.7170
2MHI 564 2.169 0.6400 0.7123
2MHI 565 2.146 0.6428 0.7170
2MHI 566 2.147 0.6411 0.7123
2MHI 567 2.112 0.6514 0.7170
2MHI 568 2.156 0.6427 0.7170
2MHI 569 2.108 0.6519 0.7311
2MHI 570 2.114 0.6496 0.7217
2MHI 571 2.129 0.6476 0.7264
2MHI 572 2.108 0.6481 0.7217
2MHI 573 2.121 0.6456 0.7170
2MHI 574 2.147 0.6455 0.7264
2MHI 575 2.133 0.6499 0.7217
2MHI 576 2.116 0.6538 0.7311
2MHI 577 2.104 0.6524 0.7264
2MHI 578 2.124 0.6500 0.7264
2MHI 579 2.131 0.6530 0.7358
2MHI 580 2.110 0.6547 0.7264
2MHI 581 2.131 0.6477 0.7217
2MHI 582 2.167 0.6436 0.7170
2MHI 583 2.136 0.6443 0.7170
2MHI 584 2.123 0.6449 0.7311
2MHI 585 2.148 0.6430 0.7264
2MHI 586 2.127 0.6517 0.7358
2MHI 587 2.148 0.6460 0.7264
2MHI 588 2.135 0.6485 0.7311
2MHI 589 2.140 0.6450 0.7217
2MHI 590 2.164 0.6400 0.7170
2MHI 591 2.136 0.6470 0.7217
2MHI 592 2.132 0.6493 0.7311
2MHI 593 2.085 0.6591 0.7358
2MHI 594 2.114 0.6537 0.7311
2MHI 595 2.137 0.6449 0.7264
2MHI 596 2.095 0.6532 0.7358
2MHI 597 2.156 0.6445 0.7217
2MHI 598 2.151 0.6448 0.7358
2MHI 599 2.149 0.6415 0.7170
2MHI 600 2.113 0.6482 0.7311
2MHI 601 2.107 0.6488 0.7311
2MHI 602 2.141 0.6442 0.7264
2MHI 603 2.146 0.6431 0.7217
2MHI 604 2.153 0.6359 0.7217
2MHI 605 2.138 0.6404 0.7217
2MHI 606 2.127 0.6473 0.7264
2MHI 607 2.135 0.6452 0.7264
2MHI 608 2.135 0.6446 0.7264
2MHI 609 2.147 0.6415 0.7264
2MHI 610 2.136 0.6434 0.7217
2MHI 611 2.131 0.6425 0.7170
2MHI 612 2.141 0.6427 0.7311
2MHI 613 2.141 0.6356 0.7170
2MHI 614 2.169 0.6418 0.7217
2MHI 615 2.141 0.6478 0.7170
2MHI 616 2.122 0.6495 0.7264
2MHI 617 2.142 0.6432 0.7123
2MHI 618 2.139 0.6458 0.7264
2MHI 619 2.134 0.6415 0.7217
2MHI 620 2.192 0.6334 0.7170
2MHI 621 2.184 0.6307 0.7170
2MHI 622 2.150 0.6379 0.7311
2MHI 623 2.152 0.6377 0.7217
2MHI 624 2.112 0.6431 0.7170
2MHI 625 2.135 0.6429 0.7406
2MHI 626 2.163 0.6387 0.7217
2MHI 627 2.099 0.6444 0.7311
2MHI 628 2.126 0.6471 0.7311
2MHI 629 2.114 0.6449 0.7217
2MHI 630 2.171 0.6407 0.7170
2MHI 631 2.214 0.6338 0.7217
2MHI 632 2.110 0.6475 0.7264
2MHI 633 2.076 0.6571 0.7311
2MHI 634 2.158 0.6429 0.7264
2MHI 635 2.132 0.6500 0.7217
2MHI 636 2.179 0.6335 0.7075
2MHI 637 2.199 0.6331 0.7075
2MHI 638 2.148 0.6423 0.7170
2MHI 639 2.152 0.6304 0.7170
2MHI 640 2.132 0.6366 0.7217
2MHI 641 2.147 0.6314 0.7170
2MHI 642 2.193 0.6274 0.7123
2MHI 643 2.183 0.6312 0.7123
2MHI 644 2.169 0.6339 0.7170
2MHI 645 2.166 0.6369 0.7170
2MHI 646 2.178 0.6357 0.7170
2MHI 647 2.252 0.6197 0.7028
2MHI 648 2.238 0.6233 0.7170
2MHI 649 2.239 0.6211 0.7123
2MHI 650 2.231 0.6256 0.7123
2MHI 651 2.221 0.6281 0.7170
2MHI 652 2.257 0.6182 0.6981
2MHI 653 2.311 0.6063 0.6934
2MHI 654 2.324 0.6038 0.6887
2MHI 655 2.289 0.6092 0.6887
2MHI 656 2.210 0.6254 0.7075
2MHI 657 2.253 0.6184 0.7123
2MHI 658 2.245 0.6215 0.7217
2MHI 659 2.285 0.6151 0.7123
2MHI 660 2.294 0.6147 0.7123
2MHI 661 2.270 0.6190 0.7028
2MHI 662 2.272 0.6211 0.7123
2MHI 663 2.276 0.6170 0.7028
2MHI 664 2.332 0.6072 0.7028
2MHI 665 2.364 0.5956 0.6887
2MHI 666 2.289 0.6047 0.7028
2MHI 667 2.329 0.6083 0.6934
2MHI 668 2.334 0.6027 0.6981
2MHI 669 2.351 0.6029 0.6887
2MHI 670 2.293 0.6080 0.6981
2MHI 671 2.330 0.6038 0.6887
2MHI 672 2.359 0.6013 0.6981
2MHI 673 2.406 0.5873 0.6745
2MHI 674 2.382 0.5826 0.6698
2MHI 675 2.388 0.5859 0.6792
2MHI 676 2.376 0.5955 0.6934
2MHI 677 2.339 0.6016 0.6934
2MHI 678 2.385 0.5933 0.6934
2MHI 679 2.339 0.5995 0.6934
2MHI 680 2.352 0.6023 0.6934
2MHI 681 2.308 0.6039 0.6934
2MHI 682 2.250 0.6206 0.6981
2MHI 683 2.263 0.6221 0.6981
2MHI 684 2.338 0.5974 0.6887
2MHI 685 2.288 0.6153 0.6981
2MHI 686 2.344 0.6015 0.6887
2MHI 687 2.299 0.6094 0.6981
2MHI 688 2.314 0.6088 0.6981
2MHI 689 2.276 0.6161 0.6981
2MHI 690 2.291 0.6172 0.6981
2MHI 691 2.375 0.6020 0.6934
2MHI 692 2.330 0.6063 0.7075
2MHI 693 2.333 0.6022 0.6792
2MHI 694 2.327 0.5953 0.6840
2MHI 695 2.361 0.5971 0.6840
2MHI 696 2.345 0.5966 0.6887
2MHI 697 2.359 0.5964 0.6981
2MHI 698 2.398 0.5863 0.6698
2MHI 699 2.316 0.6122 0.6981
2MHI 700 2.332 0.5991 0.6934
2MHI 701 2.356 0.6044 0.6887
2MHI 702 2.412 0.5876 0.6792
2MHI 703 2.325 0.6099 0.6934
2MHI 704 2.379 0.5958 0.6840
2MHI 705 2.381 0.5974 0.6887
2MHI 706 2.383 0.5992 0.6840
2MHI 707 2.345 0.6039 0.6934
2MHI 708 2.306 0.6102 0.6934
2MHI 709 2.366 0.6002 0.6934
2MHI 710 2.387 0.5891 0.6792
2MHI 711 2.377 0.5940 0.6887
2MHI 712 2.346 0.6115 0.7075
2MHI 713 2.366 0.6069 0.6887
2MHI 714 2.335 0.6106 0.7028
2MHI 715 2.346 0.5995 0.6840
2MHI 716 2.353 0.6001 0.6887
2MHI 717 2.339 0.6128 0.7075
2MHI 718 2.323 0.6105 0.7028
2MHI 719 2.443 0.5911 0.6887
2MHI 720 2.392 0.5972 0.6934
2MHI 721 2.358 0.6070 0.6934
2MHI 722 2.334 0.6008 0.6934
2MHI 723 2.258 0.6226 0.7075
2MHI 724 2.361 0.6017 0.6840
2MHI 725 2.350 0.6049 0.7028
2MHI 726 2.282 0.6196 0.7028
2MHI 727 2.338 0.6084 0.7075
2MHI 728 2.340 0.6077 0.6887
2MHI 729 2.357 0.6115 0.7075
2MHI 730 2.358 0.5928 0.6792
2MHI 731 2.391 0.6042 0.6981
2MHI 732 2.384 0.5988 0.6840
2MHI 733 2.351 0.6042 0.7028
2MHI 734 2.296 0.6138 0.6981
2MHI 735 2.384 0.5970 0.6840
2MHI 736 2.308 0.6162 0.7075
2MHI 737 2.466 0.5905 0.6934
2MHI 738 2.422 0.5975 0.6887
2MHI 739 2.246 0.6210 0.7075
2MHI 740 2.389 0.5933 0.6887
2MHI 741 2.356 0.5979 0.6981
2MHI 742 2.347 0.6107 0.6934
2MHI 743 2.398 0.5976 0.6792
2MHI 744 2.306 0.6076 0.7170
2MHI 745 2.301 0.6101 0.6981
2MHI 746 2.276 0.6139 0.7075
2MHI 747 2.316 0.6088 0.6981
2MHI 748 2.336 0.6069 0.6934
2MHI 749 2.304 0.6066 0.6981
2MHI 750 2.269 0.6213 0.7028
2MHI 751 2.268 0.6165 0.7028
2MHI 752 2.346 0.6103 0.7028
2MHI 753 2.304 0.6160 0.7028
2MHI 754 2.406 0.5978 0.6981
2MHI 755 2.313 0.6162 0.7075
2MHI 756 2.351 0.6042 0.6887
2MHI 757 2.328 0.6111 0.6887
2MHI 758 2.266 0.6223 0.6981
2MHI 759 2.380 0.5961 0.6887
2MHI 760 2.432 0.5897 0.6840
2MHI 761 2.309 0.6131 0.6981
2MHI 762 2.373 0.6012 0.6934
2MHI 763 2.384 0.5933 0.6745
2MHI 764 2.399 0.5930 0.6840
2MHI 765 2.529 0.5733 0.6792
2MHI 766 2.424 0.5990 0.6887
2MHI 767 2.565 0.5739 0.6745
2MHI 768 2.554 0.5833 0.6792
2MHI 769 2.403 0.6029 0.6934
2MHI 770 2.459 0.5816 0.6698
2MHI 771 2.394 0.6084 0.7028
2MHI 772 2.383 0.6024 0.7028
2MHI 773 2.377 0.6045 0.6934
2MHI 774 2.379 0.6036 0.6887
2MHI 775 2.311 0.6152 0.7028
2MHI 776 2.366 0.6041 0.6887
2MHI 777 2.391 0.5942 0.6887
2MHI 778 2.411 0.6001 0.6934
2MHI 779 2.485 0.5896 0.6792
2MHI 780 2.403 0.5998 0.6840
2MHI 781 2.449 0.5916 0.7028
2MHI 782 2.302 0.6158 0.6934
2MHI 783 2.340 0.6073 0.6981
2MHI 784 2.322 0.6150 0.6934
2MHI 785 2.355 0.6038 0.6981
2MHI 786 2.376 0.6035 0.6981
2MHI 787 2.330 0.6001 0.6840
2MHI 788 2.369 0.6023 0.7075
2MHI 789 2.368 0.5929 0.6840
2MHI 790 2.447 0.5912 0.6840
2MHI 791 2.406 0.6025 0.6840
2MHI 792 2.478 0.5956 0.6887
2MHI 793 2.430 0.5983 0.6840
2MHI 794 2.351 0.6068 0.7075
2MHI 795 2.402 0.6029 0.6981
2MHI 796 2.407 0.5925 0.6887
2MHI 797 2.355 0.6088 0.6981
2MHI 798 2.410 0.6086 0.7028
2MHI 799 2.394 0.5949 0.6887
2MHI 800 2.381 0.5967 0.6981
2MHI 801 2.345 0.6016 0.6934
2MHI 802 2.359 0.5952 0.6840
2MHI 803 2.401 0.5908 0.6887
2MHI 804 2.438 0.5902 0.6934
2MHI 805 2.371 0.6004 0.7170
2MHI 806 2.305 0.6214 0.7123
2MHI 807 2.408 0.5974 0.6981
2MHI 808 2.373 0.6014 0.6887
2MHI 809 2.376 0.6084 0.6934
2MHI 810 2.344 0.6124 0.6981
2MHI 811 2.332 0.6057 0.6887
2MHI 812 2.324 0.6157 0.7028
2MHI 813 2.353 0.6019 0.7075
2MHI 814 2.441 0.5916 0.6887
2MHI 815 2.356 0.5954 0.6934
2MHI 816 2.375 0.5997 0.6745
2MHI 817 2.332 0.6033 0.7028
2MHI 818 2.417 0.5891 0.6792
2MHI 819 2.366 0.5934 0.6887
2MHI 820 2.416 0.5973 0.6840
2MHI 821 2.404 0.5926 0.6934
2MHI 822 2.268 0.6094 0.6981
2MHI 823 2.317 0.6056 0.6981
2MHI 824 2.389 0.5990 0.6887
2MHI 825 2.398 0.6204 0.7075
2MHI 826 2.330 0.6137 0.7028
2MHI 827 2.322 0.6032 0.7028
2MHI 828 2.298 0.6079 0.7075
2MHI 829 2.266 0.6172 0.7217
2MHI 830 2.280 0.6092 0.7028
2MHI 831 2.283 0.6041 0.6981
2MHI 832 2.326 0.6191 0.7028
2MHI 833 2.313 0.6108 0.6981
2MHI 834 2.328 0.6013 0.6981
2MHI 835 2.365 0.6080 0.7028
2MHI 836 2.404 0.5856 0.6981
2MHI 837 2.526 0.5610 0.6792
2MHI 838 2.541 0.5648 0.6745
2MHI 839 2.526 0.5704 0.6792
2MHI 840 2.473 0.5790 0.6792
2MHI 841 2.603 0.5646 0.6745
2MHI 842 2.624 0.5585 0.6557
2MHI 843 2.635 0.5528 0.6651
2MHI 844 2.598 0.5732 0.6745
2MHI 845 2.622 0.5542 0.6651
2MHI 846 2.704 0.5365 0.6462
2MHI 847 2.616 0.5443 0.6462
2MHI 848 2.666 0.5462 0.6509
2MHI 849 2.700 0.5295 0.6415
2MHI 850 2.763 0.5307 0.6274
2MHI 851 2.737 0.5254 0.6274
2MHI 852 2.719 0.5332 0.6368
2MHI 853 2.670 0.5400 0.6415
2MHI 854 2.679 0.5385 0.6462
2MHI 855 2.745 0.5249 0.6321
2MHI 856 2.659 0.5379 0.6415
2MHI 857 2.732 0.5243 0.6274
2MHI 858 2.691 0.5270 0.6368
2MHI 859 2.676 0.5297 0.6415
2MHI 860 2.734 0.5239 0.6226
2MHI 861 2.781 0.5145 0.6085
2MHI 862 2.748 0.5217 0.6274
2MHI 863 2.770 0.5195 0.6179
2MHI 864 2.891 0.4936 0.6085
2MHI 865 2.727 0.5243 0.6321
2MHI 866 2.635 0.5446 0.6415
2MHI 867 2.722 0.5210 0.6321
2MHI 868 2.800 0.5219 0.6368
2MHI 869 2.843 0.5198 0.6368
2MHI 870 2.801 0.5213 0.6226
2MHI 871 2.830 0.5187 0.6321
2MHI 872 2.689 0.5344 0.6321
2MHI 873 2.760 0.5221 0.6226
2MHI 874 2.734 0.5309 0.6415
2MHI 875 2.693 0.5192 0.6415
