2LHP 1 0.000 1.0000 1.0000
2LHP 2 0.930 0.7835 0.9324
2LHP 3 1.715 0.5926 0.8378
2LHP 4 2.843 0.5508 0.7703
2LHP 5 1.338 0.7445 0.9122
2LHP 6 1.208 0.7824 0.9257
2LHP 7 1.732 0.5579 0.7973
2LHP 8 1.231 0.7993 0.9459
2LHP 9 4.342 0.4147 0.6351
2LHP 10 3.113 0.4484 0.6959
2LHP 11 13.728 0.0867 0.1554
2LHP 12 12.014 0.1065 0.1959
2LHP 13 14.055 0.1388 0.2432
2LHP 14 14.284 0.2082 0.3581
2LHP 15 14.778 0.1180 0.2027
2LHP 16 16.105 0.2135 0.2973
2LHP 17 13.706 0.1943 0.3176
2LHP 18 12.766 0.1989 0.3243
2LHP 19 15.622 0.2007 0.3581
2LHP 20 15.389 0.1992 0.3514
2LHP 21 12.575 0.2029 0.2770
2LHP 22 14.149 0.2065 0.3108
2LHP 23 12.632 0.1884 0.3176
2LHP 24 11.745 0.1455 0.2568
2LHP 25 13.965 0.1806 0.2838
2LHP 26 13.251 0.1747 0.2770
2LHP 27 8.322 0.2410 0.4054
2LHP 28 13.607 0.1740 0.2838
2LHP 29 4.993 0.2861 0.5135
2LHP 30 11.056 0.2115 0.3378
2LHP 31 11.867 0.1878 0.3041
2LHP 32 13.070 0.1716 0.2905
2LHP 33 10.698 0.1887 0.3243
2LHP 34 14.917 0.1961 0.3243
2LHP 35 12.086 0.2004 0.3176
2LHP 36 10.648 0.2230 0.3581
2LHP 37 10.860 0.2170 0.3311
2LHP 38 12.573 0.2443 0.3378
2LHP 39 10.635 0.2639 0.4054
2LHP 40 9.424 0.1998 0.3378
2LHP 41 8.244 0.2605 0.4392
2LHP 42 12.094 0.1935 0.3041
2LHP 43 8.021 0.1906 0.3581
2LHP 44 8.898 0.2331 0.3581
2LHP 45 12.137 0.2292 0.3446
2LHP 46 8.336 0.2549 0.4189
2LHP 47 10.718 0.2465 0.3649
2LHP 48 14.365 0.2860 0.4054
2LHP 49 6.533 0.2553 0.4459
2LHP 50 8.167 0.2762 0.4189
2LHP 51 13.820 0.1473 0.2432
2LHP 52 11.983 0.1134 0.2095
2LHP 53 14.658 0.1531 0.2297
2LHP 54 12.799 0.1325 0.2365
2LHP 55 10.064 0.2254 0.3243
2LHP 56 14.626 0.1149 0.2095
2LHP 57 10.959 0.1669 0.3176
2LHP 58 12.956 0.2445 0.4324
2LHP 59 14.600 0.1920 0.3176
2LHP 60 10.590 0.1759 0.3919
2LHP 61 9.839 0.1739 0.3243
2LHP 62 12.512 0.1485 0.2297
2LHP 63 11.674 0.1530 0.2703
2LHP 64 16.794 0.2497 0.3311
2LHP 65 12.401 0.1591 0.2905
2LHP 66 11.766 0.1840 0.3649
2LHP 67 10.899 0.2357 0.3581
2LHP 68 13.380 0.1416 0.2365
2LHP 69 11.262 0.2558 0.3784
2LHP 70 14.286 0.1896 0.3108
2LHP 71 15.338 0.2078 0.3176
2LHP 72 15.547 0.1855 0.2973
2LHP 73 8.013 0.2399 0.4257
2LHP 74 14.212 0.2170 0.3514
2LHP 75 9.942 0.2630 0.4054
2LHP 76 12.895 0.1801 0.2973
2LHP 77 5.863 0.2312 0.4730
2LHP 78 16.256 0.2467 0.3514
2LHP 79 13.495 0.1978 0.3041
2LHP 80 13.025 0.2083 0.3243
2LHP 81 9.976 0.2043 0.3041
2LHP 82 8.357 0.2887 0.4324
2LHP 83 9.467 0.2496 0.3919
2LHP 84 11.719 0.2008 0.3041
2LHP 85 11.586 0.2155 0.3784
2LHP 86 12.222 0.2492 0.3784
2LHP 87 5.803 0.2310 0.4459
2LHP 88 10.594 0.2481 0.3784
2LHP 89 8.054 0.2486 0.4324
2LHP 90 10.206 0.2604 0.3851
2LHP 91 14.396 0.1334 0.2095
2LHP 92 10.678 0.1922 0.2838
2LHP 93 8.854 0.1665 0.3378
2LHP 94 15.405 0.2017 0.3311
2LHP 95 12.661 0.1459 0.2230
2LHP 96 14.122 0.1270 0.2095
2LHP 97 13.986 0.1185 0.1959
2LHP 98 11.104 0.2279 0.3581
2LHP 99 12.483 0.2251 0.3649
2LHP 100 13.081 0.2157 0.3716
2LHP 101 11.266 0.2917 0.3784
2LHP 102 11.843 0.2965 0.4189
2LHP 103 10.773 0.2279 0.3378
2LHP 104 7.029 0.2482 0.4189
2LHP 105 11.516 0.2174 0.3514
2LHP 106 6.158 0.2694 0.4797
2LHP 107 7.591 0.3307 0.4797
2LHP 108 8.525 0.2625 0.3851
2LHP 109 14.380 0.1847 0.3176
2LHP 110 11.790 0.2554 0.4189
2LHP 111 12.873 0.2304 0.3514
2LHP 112 7.239 0.2369 0.4189
2LHP 113 6.930 0.2903 0.4527
2LHP 114 6.620 0.2350 0.4392
2LHP 115 12.752 0.2206 0.3446
2LHP 116 8.371 0.2093 0.3581
2LHP 117 6.884 0.3138 0.5068
2LHP 118 14.970 0.2398 0.3649
2LHP 119 5.882 0.2792 0.4595
2LHP 120 8.833 0.1999 0.3446
2LHP 121 11.428 0.1757 0.3041
2LHP 122 6.388 0.2520 0.4459
2LHP 123 7.421 0.2797 0.4257
2LHP 124 7.123 0.2811 0.4527
2LHP 125 10.195 0.2926 0.3919
2LHP 126 9.321 0.2197 0.3378
2LHP 127 6.180 0.2893 0.5203
2LHP 128 8.669 0.3253 0.4865
2LHP 129 5.424 0.2967 0.5203
2LHP 130 14.166 0.2502 0.3986
2LHP 131 12.263 0.2497 0.4324
2LHP 132 13.454 0.1963 0.3176
2LHP 133 15.837 0.1980 0.3176
2LHP 134 14.937 0.1420 0.2500
2LHP 135 14.026 0.1733 0.3041
2LHP 136 11.305 0.1328 0.2365
2LHP 137 9.972 0.2313 0.3716
2LHP 138 13.623 0.1508 0.3041
2LHP 139 13.232 0.1426 0.2230
2LHP 140 9.581 0.2737 0.4595
2LHP 141 9.168 0.3225 0.4797
2LHP 142 14.757 0.1963 0.2973
2LHP 143 12.815 0.1793 0.2838
2LHP 144 9.735 0.2068 0.3446
2LHP 145 4.952 0.2603 0.5000
2LHP 146 9.249 0.2613 0.3919
2LHP 147 10.413 0.2456 0.3716
2LHP 148 8.254 0.3570 0.5405
2LHP 149 17.192 0.1721 0.2703
2LHP 150 12.811 0.1889 0.3108
2LHP 151 13.451 0.2155 0.3176
2LHP 152 9.119 0.2243 0.3851
2LHP 153 5.223 0.2331 0.4662
2LHP 154 14.274 0.2089 0.3176
2LHP 155 7.658 0.2626 0.4257
2LHP 156 11.734 0.2202 0.3581
2LHP 157 6.505 0.2813 0.4865
2LHP 158 14.288 0.2410 0.3378
2LHP 159 11.005 0.3086 0.4730
2LHP 160 11.062 0.2559 0.3649
2LHP 161 7.700 0.2786 0.4459
2LHP 162 13.295 0.2639 0.3581
2LHP 163 6.632 0.2294 0.4122
2LHP 164 6.560 0.2855 0.4932
2LHP 165 10.884 0.2371 0.3716
2LHP 166 6.196 0.3677 0.5270
2LHP 167 11.312 0.2327 0.3243
2LHP 168 12.989 0.2130 0.3514
2LHP 169 8.146 0.2597 0.4189
2LHP 170 10.330 0.2150 0.3649
2LHP 171 12.482 0.1069 0.2095
2LHP 172 16.842 0.1617 0.2432
2LHP 173 14.556 0.2348 0.3243
2LHP 174 13.646 0.1734 0.2568
2LHP 175 12.513 0.1564 0.2770
2LHP 176 14.194 0.1797 0.2973
2LHP 177 12.814 0.2183 0.3311
2LHP 178 10.615 0.2510 0.3986
2LHP 179 13.312 0.2500 0.3851
2LHP 180 12.694 0.1965 0.3041
2LHP 181 11.856 0.1804 0.2635
2LHP 182 10.201 0.2330 0.3446
2LHP 183 12.639 0.1628 0.2568
2LHP 184 15.922 0.1900 0.3176
2LHP 185 13.855 0.2297 0.3446
2LHP 186 9.280 0.2753 0.4122
2LHP 187 17.890 0.1948 0.2973
2LHP 188 11.091 0.1698 0.2703
2LHP 189 7.779 0.2140 0.3784
2LHP 190 7.306 0.2541 0.4527
2LHP 191 12.629 0.2190 0.3311
2LHP 192 12.909 0.1782 0.3108
2LHP 193 15.435 0.2004 0.3041
2LHP 194 14.236 0.2139 0.3649
2LHP 195 10.197 0.1978 0.3446
2LHP 196 15.157 0.2228 0.3176
2LHP 197 10.933 0.2376 0.3851
2LHP 198 16.257 0.2418 0.3446
2LHP 199 12.735 0.2278 0.3986
2LHP 200 10.040 0.2087 0.3514
2LHP 201 13.910 0.2141 0.3243
2LHP 202 7.853 0.2378 0.4122
2LHP 203 8.894 0.2555 0.3986
2LHP 204 7.203 0.2260 0.4189
2LHP 205 7.802 0.2760 0.4324
2LHP 206 9.501 0.2442 0.3919
2LHP 207 7.816 0.2553 0.4122
2LHP 208 10.713 0.2474 0.3851
2LHP 209 7.761 0.2909 0.4865
2LHP 210 5.548 0.2972 0.5068
2LHP 211 13.897 0.1618 0.2432
2LHP 212 7.679 0.1792 0.3581
2LHP 213 12.565 0.2006 0.3176
2LHP 214 11.033 0.1652 0.2432
2LHP 215 12.939 0.1896 0.3041
2LHP 216 9.478 0.2299 0.3649
2LHP 217 12.312 0.2118 0.2973
2LHP 218 14.239 0.1650 0.2635
2LHP 219 13.617 0.2180 0.3311
2LHP 220 11.486 0.1796 0.2905
2LHP 221 14.106 0.2330 0.3649
2LHP 222 15.700 0.2589 0.3851
2LHP 223 9.690 0.2499 0.3581
2LHP 224 13.967 0.1675 0.2635
2LHP 225 13.746 0.1787 0.3041
2LHP 226 7.028 0.2902 0.4459
2LHP 227 8.043 0.1942 0.3446
2LHP 228 14.289 0.2420 0.3784
2LHP 229 8.825 0.2589 0.3986
2LHP 230 14.655 0.1636 0.2568
2LHP 231 11.830 0.1978 0.3176
2LHP 232 13.492 0.1840 0.2838
2LHP 233 8.683 0.2153 0.3514
2LHP 234 5.605 0.2628 0.5203
2LHP 235 12.948 0.1654 0.2703
2LHP 236 5.287 0.2804 0.5068
2LHP 237 12.530 0.1695 0.2770
2LHP 238 7.960 0.2800 0.4392
2LHP 239 7.044 0.2071 0.4054
2LHP 240 11.605 0.1907 0.3649
2LHP 241 9.153 0.2246 0.3649
2LHP 242 7.744 0.2881 0.4595
2LHP 243 14.379 0.2403 0.3716
2LHP 244 8.177 0.2315 0.4054
2LHP 245 10.021 0.2388 0.3919
2LHP 246 7.042 0.2394 0.4257
2LHP 247 10.805 0.2837 0.4459
2LHP 248 6.617 0.2897 0.4730
2LHP 249 8.316 0.2826 0.4595
2LHP 250 9.770 0.2039 0.3514
2LHP 251 14.637 0.1604 0.2703
2LHP 252 5.632 0.2140 0.4527
2LHP 253 11.454 0.1756 0.3041
2LHP 254 11.189 0.1463 0.2500
2LHP 255 14.850 0.1433 0.2635
2LHP 256 12.318 0.1497 0.2973
2LHP 257 8.209 0.1850 0.3851
2LHP 258 7.170 0.2019 0.4122
2LHP 259 14.116 0.1931 0.3041
2LHP 260 8.457 0.2868 0.4189
2LHP 261 10.641 0.2353 0.3581
2LHP 262 12.846 0.3193 0.4459
2LHP 263 14.399 0.1827 0.3243
2LHP 264 10.652 0.2286 0.3716
2LHP 265 7.403 0.2593 0.4392
2LHP 266 10.017 0.2503 0.3784
2LHP 267 12.345 0.1487 0.2703
2LHP 268 17.078 0.1596 0.2838
2LHP 269 10.737 0.1622 0.2905
2LHP 270 13.604 0.1583 0.2703
2LHP 271 10.976 0.2310 0.3446
2LHP 272 15.194 0.2050 0.3176
2LHP 273 10.650 0.2341 0.3514
2LHP 274 11.571 0.1867 0.3378
2LHP 275 5.906 0.2692 0.5068
2LHP 276 11.619 0.2717 0.4122
2LHP 277 10.080 0.1899 0.3446
2LHP 278 7.294 0.2324 0.4054
2LHP 279 9.561 0.2101 0.4054
2LHP 280 9.425 0.1879 0.3446
2LHP 281 6.970 0.2332 0.4122
2LHP 282 5.640 0.2317 0.4459
2LHP 283 8.737 0.2546 0.4054
2LHP 284 11.999 0.2033 0.3311
2LHP 285 10.924 0.2514 0.3986
2LHP 286 4.172 0.3524 0.6081
2LHP 287 6.441 0.2190 0.4459
2LHP 288 5.695 0.2688 0.4932
2LHP 289 5.974 0.2531 0.4797
2LHP 290 5.923 0.2844 0.5000
2LHP 291 9.406 0.1542 0.2838
2LHP 292 10.326 0.1496 0.2703
2LHP 293 11.938 0.1870 0.2973
2LHP 294 13.296 0.1153 0.1959
2LHP 295 12.442 0.2393 0.3311
2LHP 296 9.161 0.2245 0.3784
2LHP 297 13.458 0.2163 0.3446
2LHP 298 9.884 0.2591 0.3581
2LHP 299 13.586 0.2155 0.3176
2LHP 300 8.151 0.2502 0.3919
2LHP 301 8.490 0.2181 0.4054
2LHP 302 8.849 0.2682 0.4189
2LHP 303 12.341 0.2465 0.3851
2LHP 304 11.394 0.1871 0.3176
2LHP 305 10.700 0.2349 0.4054
2LHP 306 12.299 0.1925 0.2838
2LHP 307 10.913 0.2048 0.3378
2LHP 308 13.064 0.2641 0.3784
2LHP 309 9.209 0.2239 0.3919
2LHP 310 13.832 0.2038 0.2838
2LHP 311 10.942 0.1813 0.2905
2LHP 312 12.230 0.1687 0.2905
2LHP 313 12.510 0.2499 0.3784
2LHP 314 10.501 0.2432 0.3514
2LHP 315 5.644 0.3649 0.5743
2LHP 316 6.038 0.3199 0.5203
2LHP 317 7.392 0.2927 0.4730
2LHP 318 7.295 0.2529 0.4392
2LHP 319 14.261 0.2240 0.3378
2LHP 320 6.375 0.2733 0.4865
2LHP 321 14.809 0.2195 0.3311
2LHP 322 10.470 0.2424 0.3851
2LHP 323 5.646 0.2624 0.4797
2LHP 324 6.243 0.2697 0.4662
2LHP 325 5.347 0.3344 0.5608
2LHP 326 8.652 0.2297 0.3986
2LHP 327 6.166 0.2600 0.4662
2LHP 328 5.061 0.2898 0.5405
2LHP 329 8.574 0.2968 0.4324
2LHP 330 8.270 0.2425 0.4054
2LHP 331 12.137 0.1661 0.3108
2LHP 332 13.600 0.1473 0.2635
2LHP 333 10.453 0.1213 0.2703
2LHP 334 15.934 0.1590 0.2568
2LHP 335 11.424 0.1514 0.2500
2LHP 336 10.109 0.1582 0.2838
2LHP 337 6.974 0.2340 0.4189
2LHP 338 9.210 0.2752 0.4324
2LHP 339 14.495 0.1902 0.2905
2LHP 340 10.968 0.2457 0.3986
2LHP 341 11.446 0.1068 0.2297
2LHP 342 11.813 0.1975 0.3176
2LHP 343 9.538 0.1882 0.3243
2LHP 344 14.038 0.2456 0.3851
2LHP 345 13.422 0.1642 0.2703
2LHP 346 10.732 0.1925 0.3176
2LHP 347 9.454 0.1745 0.3243
2LHP 348 12.801 0.1749 0.2838
2LHP 349 14.367 0.2346 0.3581
2LHP 350 9.277 0.2328 0.4257
2LHP 351 15.821 0.1549 0.2635
2LHP 352 8.444 0.2361 0.4189
2LHP 353 5.602 0.2692 0.5135
2LHP 354 10.490 0.2508 0.3716
2LHP 355 12.453 0.2015 0.4054
2LHP 356 13.478 0.1687 0.2973
2LHP 357 10.201 0.2574 0.4459
2LHP 358 15.059 0.2373 0.3716
2LHP 359 12.546 0.1649 0.3041
2LHP 360 12.268 0.1729 0.3378
2LHP 361 8.474 0.2363 0.3649
2LHP 362 5.328 0.2943 0.5068
2LHP 363 5.631 0.2318 0.4527
2LHP 364 6.672 0.2345 0.4189
2LHP 365 10.766 0.2736 0.4324
2LHP 366 11.085 0.1980 0.3243
2LHP 367 8.061 0.2623 0.4122
2LHP 368 10.612 0.2388 0.3919
2LHP 369 5.690 0.2905 0.5068
2LHP 370 8.188 0.3112 0.4392
2LHP 371 12.730 0.1302 0.1892
2LHP 372 12.924 0.0924 0.1757
2LHP 373 11.898 0.1043 0.1959
2LHP 374 13.279 0.1703 0.2703
2LHP 375 11.649 0.2402 0.4054
2LHP 376 13.272 0.2370 0.3311
2LHP 377 13.076 0.1183 0.2230
2LHP 378 11.654 0.1277 0.2432
2LHP 379 10.961 0.2134 0.3581
2LHP 380 12.098 0.1689 0.2905
2LHP 381 14.080 0.1765 0.2905
2LHP 382 13.875 0.1706 0.2365
2LHP 383 11.479 0.2364 0.3784
2LHP 384 14.969 0.1741 0.2973
2LHP 385 11.936 0.1910 0.3378
2LHP 386 10.861 0.2424 0.3986
2LHP 387 14.267 0.1720 0.2838
2LHP 388 10.718 0.2172 0.3378
2LHP 389 11.423 0.2266 0.3378
2LHP 390 7.174 0.2031 0.3919
2LHP 391 10.112 0.2240 0.3649
2LHP 392 8.263 0.2515 0.4189
2LHP 393 8.644 0.2474 0.3919
2LHP 394 7.753 0.3227 0.5068
2LHP 395 9.349 0.2583 0.3851
2LHP 396 9.650 0.2102 0.3243
2LHP 397 6.714 0.2604 0.4257
2LHP 398 14.324 0.1736 0.2770
2LHP 399 13.201 0.2353 0.3446
2LHP 400 12.109 0.2155 0.3446
2LHP 401 12.236 0.2122 0.3311
2LHP 402 13.688 0.2598 0.3581
2LHP 403 7.629 0.2642 0.4324
2LHP 404 8.609 0.2351 0.4122
2LHP 405 8.350 0.2843 0.4257
2LHP 406 7.062 0.2360 0.4324
2LHP 407 7.434 0.2403 0.4257
2LHP 408 14.427 0.2117 0.3243
2LHP 409 4.807 0.3081 0.5473
2LHP 410 8.113 0.2511 0.4122
2LHP 411 1.448 0.6626 0.8378
2LHP 412 1.972 0.6096 0.8041
2LHP 413 2.111 0.5773 0.7838
2LHP 414 1.991 0.5814 0.7905
2LHP 415 1.966 0.5734 0.7770
2LHP 416 1.933 0.5693 0.7635
2LHP 417 1.917 0.5736 0.7703
2LHP 418 1.951 0.5678 0.7770
2LHP 419 1.950 0.5654 0.7635
2LHP 420 1.934 0.5713 0.7703
2LHP 421 1.943 0.5692 0.7635
2LHP 422 1.940 0.5720 0.7703
2LHP 423 1.944 0.5681 0.7703
2LHP 424 1.953 0.5689 0.7635
2LHP 425 1.943 0.5696 0.7703
2LHP 426 1.951 0.5687 0.7635
2LHP 427 1.957 0.5680 0.7635
2LHP 428 1.949 0.5685 0.7703
2LHP 429 1.961 0.5672 0.7703
2LHP 430 1.948 0.5671 0.7635
2LHP 431 1.950 0.5656 0.7635
2LHP 432 1.948 0.5715 0.7770
2LHP 433 1.948 0.5707 0.7703
2LHP 434 1.959 0.5674 0.7635
2LHP 435 1.946 0.5673 0.7703
2LHP 436 1.944 0.5672 0.7703
2LHP 437 1.942 0.5693 0.7703
2LHP 438 1.946 0.5673 0.7635
2LHP 439 1.952 0.5667 0.7635
2LHP 440 1.955 0.5652 0.7635
2LHP 441 1.953 0.5667 0.7635
2LHP 442 1.936 0.5690 0.7635
2LHP 443 1.928 0.5712 0.7703
2LHP 444 1.951 0.5622 0.7568
2LHP 445 1.958 0.5680 0.7703
2LHP 446 1.953 0.5646 0.7635
2LHP 447 1.957 0.5675 0.7635
2LHP 448 1.957 0.5632 0.7703
2LHP 449 1.960 0.5678 0.7703
2LHP 450 1.937 0.5743 0.7838
2LHP 451 1.941 0.5707 0.7703
2LHP 452 1.945 0.5661 0.7703
2LHP 453 1.946 0.5677 0.7703
2LHP 454 1.945 0.5694 0.7635
2LHP 455 1.953 0.5667 0.7635
2LHP 456 1.949 0.5676 0.7635
2LHP 457 1.959 0.5667 0.7703
2LHP 458 1.954 0.5673 0.7635
2LHP 459 1.938 0.5730 0.7703
2LHP 460 1.939 0.5679 0.7635
2LHP 461 1.959 0.5628 0.7635
2LHP 462 1.927 0.5692 0.7703
2LHP 463 1.941 0.5701 0.7703
2LHP 464 1.920 0.5774 0.7770
2LHP 465 1.915 0.5793 0.7838
2LHP 466 1.964 0.5729 0.7703
2LHP 467 1.941 0.5709 0.7703
2LHP 468 1.920 0.5715 0.7703
2LHP 469 1.927 0.5803 0.7838
2LHP 470 1.943 0.5742 0.7635
2LHP 471 1.924 0.5724 0.7635
2LHP 472 1.929 0.5707 0.7770
2LHP 473 1.932 0.5683 0.7635
2LHP 474 1.946 0.5643 0.7635
2LHP 475 1.952 0.5698 0.7635
2LHP 476 1.889 0.5768 0.7905
2LHP 477 1.930 0.5718 0.7635
2LHP 478 1.909 0.5721 0.7703
2LHP 479 1.891 0.5768 0.7703
2LHP 480 1.928 0.5746 0.7770
2LHP 481 1.901 0.5842 0.7770
2LHP 482 1.930 0.5768 0.7703
2LHP 483 1.886 0.5829 0.7770
2LHP 484 1.891 0.5864 0.7838
2LHP 485 1.860 0.5805 0.7905
2LHP 486 1.861 0.5853 0.7905
2LHP 487 1.900 0.5835 0.7703
2LHP 488 1.901 0.5810 0.7838
2LHP 489 1.857 0.5797 0.7770
2LHP 490 1.882 0.5847 0.7770
2LHP 491 1.889 0.5785 0.7703
2LHP 492 1.869 0.5806 0.7770
2LHP 493 1.935 0.5784 0.7770
2LHP 494 1.947 0.5729 0.7703
2LHP 495 1.991 0.5589 0.7635
2LHP 496 1.951 0.5707 0.7770
2LHP 497 1.962 0.5779 0.7703
2LHP 498 1.902 0.5783 0.7770
2LHP 499 1.919 0.5815 0.7838
2LHP 500 1.902 0.5813 0.7770
2LHP 501 1.841 0.5897 0.7838
2LHP 502 1.864 0.5842 0.7905
2LHP 503 1.881 0.5862 0.7770
2LHP 504 1.887 0.5846 0.7770
2LHP 505 1.904 0.5826 0.7973
2LHP 506 1.839 0.5994 0.8041
2LHP 507 1.887 0.5815 0.7770
2LHP 508 1.902 0.5741 0.7635
2LHP 509 1.909 0.5744 0.7770
2LHP 510 1.871 0.5906 0.8041
2LHP 511 1.925 0.5753 0.7703
2LHP 512 1.914 0.5650 0.7703
2LHP 513 1.955 0.5646 0.7703
2LHP 514 1.902 0.5824 0.7838
2LHP 515 1.880 0.5846 0.7703
2LHP 516 1.972 0.5769 0.7770
2LHP 517 1.926 0.5721 0.7703
2LHP 518 1.894 0.5796 0.7770
2LHP 519 1.919 0.5746 0.7703
2LHP 520 1.954 0.5701 0.7703
2LHP 521 1.986 0.5660 0.7635
2LHP 522 1.923 0.5831 0.7905
2LHP 523 1.896 0.5850 0.7905
2LHP 524 1.880 0.5850 0.7905
2LHP 525 1.931 0.5743 0.7838
2LHP 526 1.897 0.5825 0.7905
2LHP 527 1.954 0.5797 0.7703
2LHP 528 1.939 0.5679 0.7838
2LHP 529 1.907 0.5684 0.7905
2LHP 530 1.955 0.5772 0.7770
2LHP 531 1.905 0.5820 0.7905
2LHP 532 2.014 0.5676 0.7770
2LHP 533 1.985 0.5659 0.7703
2LHP 534 2.038 0.5573 0.7703
2LHP 535 1.964 0.5614 0.7703
2LHP 536 2.032 0.5709 0.7703
2LHP 537 1.915 0.5774 0.7770
2LHP 538 1.957 0.5700 0.7770
2LHP 539 1.940 0.5738 0.7770
2LHP 540 1.942 0.5721 0.7770
2LHP 541 1.893 0.5816 0.7973
2LHP 542 1.916 0.5874 0.7905
2LHP 543 1.937 0.5813 0.7838
2LHP 544 1.897 0.5861 0.7770
2LHP 545 1.929 0.5750 0.7770
2LHP 546 1.929 0.5750 0.7905
2LHP 547 1.883 0.5775 0.7905
2LHP 548 1.943 0.5843 0.7905
2LHP 549 1.920 0.5725 0.7770
2LHP 550 1.970 0.5699 0.7838
2LHP 551 2.007 0.5621 0.7770
2LHP 552 1.947 0.5719 0.7838
2LHP 553 1.971 0.5706 0.7838
2LHP 554 1.976 0.5777 0.7905
2LHP 555 1.952 0.5725 0.7838
2LHP 556 1.949 0.5690 0.7838
2LHP 557 1.980 0.5738 0.7838
2LHP 558 1.962 0.5763 0.7703
2LHP 559 2.002 0.5537 0.7703
2LHP 560 1.994 0.5648 0.7770
2LHP 561 1.962 0.5807 0.8041
2LHP 562 1.935 0.5677 0.7838
2LHP 563 1.960 0.5566 0.7770
2LHP 564 1.970 0.5745 0.7905
2LHP 565 2.011 0.5648 0.7770
2LHP 566 1.982 0.5814 0.7838
2LHP 567 2.062 0.5699 0.7770
2LHP 568 2.085 0.5619 0.7703
2LHP 569 2.047 0.5723 0.7703
2LHP 570 2.029 0.5699 0.7770
2LHP 571 2.071 0.5615 0.7770
2LHP 572 2.154 0.5468 0.7635
2LHP 573 2.095 0.5690 0.7838
2LHP 574 2.058 0.5526 0.7703
2LHP 575 2.025 0.5664 0.7770
2LHP 576 2.030 0.5675 0.7703
2LHP 577 2.104 0.5551 0.7703
2LHP 578 2.045 0.5756 0.7770
2LHP 579 2.110 0.5732 0.7838
2LHP 580 2.134 0.5625 0.7703
2LHP 581 2.105 0.5559 0.7703
2LHP 582 1.998 0.5810 0.7838
2LHP 583 2.023 0.5744 0.7770
2LHP 584 2.048 0.5709 0.7703
2LHP 585 2.159 0.5498 0.7568
2LHP 586 2.065 0.5658 0.7703
2LHP 587 1.999 0.5668 0.7838
2LHP 588 1.969 0.5699 0.7838
2LHP 589 2.085 0.5496 0.7568
2LHP 590 2.136 0.5431 0.7568
2LHP 591 2.180 0.5089 0.7297
2LHP 592 2.237 0.4957 0.7230
2LHP 593 2.304 0.4856 0.7230
2LHP 594 2.303 0.4886 0.7230
2LHP 595 2.206 0.5088 0.7432
2LHP 596 2.309 0.5160 0.7297
2LHP 597 2.189 0.5198 0.7432
2LHP 598 2.190 0.5259 0.7432
2LHP 599 2.398 0.4873 0.7162
2LHP 600 2.303 0.4785 0.7095
2LHP 601 2.435 0.4708 0.7027
2LHP 602 2.377 0.4876 0.7027
2LHP 603 2.471 0.4745 0.6892
2LHP 604 2.446 0.4651 0.6959
2LHP 605 2.447 0.4797 0.7027
2LHP 606 2.444 0.4782 0.6892
2LHP 607 2.366 0.4694 0.6892
2LHP 608 2.435 0.4761 0.7027
2LHP 609 2.416 0.4891 0.7095
2LHP 610 2.419 0.4913 0.7095
2LHP 611 2.382 0.4858 0.6959
2LHP 612 2.394 0.4718 0.6959
2LHP 613 2.379 0.4836 0.7095
2LHP 614 2.391 0.4794 0.7027
2LHP 615 2.438 0.4793 0.6959
2LHP 616 2.328 0.4739 0.7027
2LHP 617 2.313 0.4863 0.7162
2LHP 618 2.314 0.4872 0.7230
2LHP 619 2.386 0.4829 0.7027
2LHP 620 2.465 0.4848 0.7027
2LHP 621 2.422 0.4831 0.7027
2LHP 622 2.357 0.4893 0.7230
2LHP 623 2.398 0.4768 0.6959
2LHP 624 2.491 0.4787 0.7027
2LHP 625 2.487 0.5001 0.7027
2LHP 626 2.451 0.4947 0.7027
2LHP 627 2.380 0.4860 0.7230
2LHP 628 2.428 0.4770 0.6959
2LHP 629 2.460 0.4860 0.7162
2LHP 630 2.448 0.4814 0.7095
2LHP 631 2.464 0.4830 0.7027
2LHP 632 2.407 0.4903 0.6959
2LHP 633 2.360 0.4843 0.6959
2LHP 634 2.489 0.4743 0.6959
2LHP 635 2.429 0.4825 0.6892
2LHP 636 2.450 0.4920 0.6959
2LHP 637 2.446 0.4621 0.6892
2LHP 638 2.478 0.4638 0.6824
2LHP 639 2.408 0.4933 0.7162
2LHP 640 2.390 0.4928 0.7162
2LHP 641 2.495 0.4698 0.7095
2LHP 642 2.432 0.4872 0.7162
2LHP 643 2.391 0.5006 0.7095
2LHP 644 2.390 0.5017 0.7297
2LHP 645 2.283 0.5103 0.7500
2LHP 646 2.288 0.5022 0.7230
2LHP 647 2.452 0.4967 0.7365
2LHP 648 2.529 0.4770 0.6959
2LHP 649 2.264 0.5155 0.7432
2LHP 650 2.354 0.4969 0.7162
2LHP 651 2.398 0.4871 0.7297
2LHP 652 2.350 0.5006 0.7230
2LHP 653 2.435 0.4916 0.7162
2LHP 654 2.466 0.4969 0.7230
2LHP 655 2.396 0.4840 0.7162
2LHP 656 2.380 0.4753 0.7027
2LHP 657 2.376 0.4839 0.7027
2LHP 658 2.430 0.4826 0.7095
2LHP 659 2.350 0.5044 0.7297
2LHP 660 2.251 0.5038 0.7432
2LHP 661 2.469 0.4781 0.7095
2LHP 662 2.360 0.4897 0.7162
2LHP 663 2.417 0.4794 0.7027
2LHP 664 2.427 0.5091 0.7297
2LHP 665 2.416 0.4970 0.7162
2LHP 666 2.433 0.4747 0.7162
2LHP 667 2.384 0.4676 0.7162
2LHP 668 2.469 0.4762 0.7230
2LHP 669 2.395 0.4916 0.7230
2LHP 670 2.284 0.4997 0.7297
2LHP 671 2.349 0.4866 0.7095
2LHP 672 2.499 0.4633 0.7027
2LHP 673 2.344 0.4836 0.7365
2LHP 674 2.348 0.4866 0.7297
2LHP 675 2.518 0.4633 0.6892
2LHP 676 2.431 0.4742 0.7162
2LHP 677 2.436 0.4603 0.6959
2LHP 678 2.314 0.4849 0.7297
2LHP 679 2.386 0.4700 0.7162
2LHP 680 2.333 0.4770 0.7162
2LHP 681 2.350 0.4902 0.7365
2LHP 682 2.305 0.4938 0.7162
2LHP 683 2.374 0.4802 0.7095
2LHP 684 2.365 0.4781 0.7095
2LHP 685 2.335 0.4827 0.7365
2LHP 686 2.304 0.4818 0.7297
2LHP 687 2.183 0.5134 0.7500
2LHP 688 2.327 0.4986 0.7297
2LHP 689 2.389 0.4880 0.7095
2LHP 690 2.292 0.4941 0.7297
2LHP 691 2.466 0.4698 0.6892
2LHP 692 2.373 0.4710 0.7162
2LHP 693 2.307 0.4894 0.7162
2LHP 694 2.449 0.4666 0.7027
2LHP 695 2.424 0.4633 0.6892
2LHP 696 2.475 0.4588 0.7162
2LHP 697 2.417 0.4926 0.7230
2LHP 698 2.417 0.4807 0.7095
2LHP 699 2.344 0.4783 0.7230
2LHP 700 2.505 0.4609 0.7027
2LHP 701 2.521 0.4573 0.7027
2LHP 702 2.358 0.4929 0.7297
2LHP 703 2.365 0.4846 0.7230
2LHP 704 2.425 0.4771 0.7230
2LHP 705 2.359 0.4796 0.7095
2LHP 706 2.466 0.4670 0.7230
2LHP 707 2.330 0.4912 0.7162
2LHP 708 2.393 0.4662 0.7162
2LHP 709 2.384 0.4706 0.7027
2LHP 710 2.325 0.4762 0.7230
2LHP 711 2.301 0.4805 0.7365
2LHP 712 2.402 0.4778 0.7162
2LHP 713 2.374 0.4888 0.7297
2LHP 714 2.225 0.5000 0.7432
2LHP 715 2.253 0.5036 0.7432
2LHP 716 2.342 0.4981 0.7230
2LHP 717 2.333 0.4980 0.7230
2LHP 718 2.343 0.4994 0.7230
2LHP 719 2.312 0.4960 0.7297
2LHP 720 2.312 0.5065 0.7365
2LHP 721 2.231 0.5203 0.7365
2LHP 722 2.419 0.5040 0.7297
2LHP 723 2.378 0.5049 0.7230
2LHP 724 2.401 0.4893 0.7162
2LHP 725 2.200 0.5345 0.7703
2LHP 726 2.377 0.4783 0.7162
2LHP 727 2.275 0.5105 0.7297
2LHP 728 2.335 0.4924 0.7162
2LHP 729 2.336 0.4927 0.7230
2LHP 730 2.426 0.4921 0.7297
2LHP 731 2.288 0.5051 0.7365
2LHP 732 2.298 0.4895 0.7297
2LHP 733 2.362 0.4882 0.7162
2LHP 734 2.459 0.4869 0.7162
2LHP 735 2.366 0.4864 0.7297
2LHP 736 2.485 0.4713 0.6959
2LHP 737 2.325 0.4863 0.7095
2LHP 738 2.289 0.4941 0.7365
2LHP 739 2.314 0.4952 0.7365
2LHP 740 2.354 0.4959 0.7432
2LHP 741 2.505 0.4520 0.6959
2LHP 742 2.315 0.4857 0.7162
2LHP 743 2.261 0.4959 0.7230
2LHP 744 2.383 0.4655 0.7027
2LHP 745 2.282 0.4932 0.7297
2LHP 746 2.417 0.4768 0.7162
2LHP 747 2.403 0.4854 0.7297
2LHP 748 2.334 0.4843 0.7297
2LHP 749 2.317 0.4819 0.7230
2LHP 750 2.518 0.4728 0.6959
2LHP 751 2.385 0.4826 0.7162
2LHP 752 2.220 0.5176 0.7432
2LHP 753 2.373 0.4725 0.7027
2LHP 754 2.409 0.4854 0.7162
2LHP 755 2.550 0.4880 0.7095
2LHP 756 2.498 0.4716 0.6824
2LHP 757 2.316 0.4882 0.7230
2LHP 758 2.379 0.4934 0.7027
2LHP 759 2.493 0.4770 0.7095
2LHP 760 2.575 0.4721 0.7095
2LHP 761 2.466 0.4994 0.7027
2LHP 762 2.340 0.4992 0.7230
2LHP 763 2.370 0.5170 0.7365
2LHP 764 2.534 0.4719 0.7027
2LHP 765 2.444 0.4778 0.6892
2LHP 766 2.575 0.4489 0.6689
2LHP 767 2.707 0.4571 0.6892
2LHP 768 2.633 0.4814 0.7027
2LHP 769 2.635 0.4545 0.6757
2LHP 770 2.582 0.4646 0.6892
2LHP 771 2.663 0.4721 0.7162
2LHP 772 2.615 0.4780 0.7027
2LHP 773 2.495 0.4729 0.7162
2LHP 774 2.421 0.4718 0.7230
2LHP 775 2.502 0.4518 0.7027
2LHP 776 2.541 0.4591 0.7095
2LHP 777 2.474 0.4690 0.7162
2LHP 778 2.431 0.4673 0.7162
2LHP 779 2.411 0.4681 0.7162
2LHP 780 2.269 0.4977 0.7230
2LHP 781 2.284 0.4942 0.7297
2LHP 782 2.366 0.4589 0.6824
2LHP 783 2.439 0.4631 0.7027
2LHP 784 2.313 0.4865 0.7365
2LHP 785 2.404 0.4968 0.7230
2LHP 786 2.213 0.5131 0.7500
2LHP 787 2.442 0.4811 0.7297
2LHP 788 2.450 0.4960 0.7230
2LHP 789 2.421 0.4983 0.7162
2LHP 790 2.398 0.4789 0.7095
2LHP 791 2.412 0.4802 0.7095
2LHP 792 2.368 0.4946 0.7095
2LHP 793 2.325 0.4993 0.7365
2LHP 794 2.205 0.5163 0.7568
2LHP 795 2.168 0.5159 0.7635
2LHP 796 2.503 0.4748 0.7027
2LHP 797 2.486 0.4709 0.7162
2LHP 798 2.434 0.4683 0.7230
2LHP 799 2.381 0.4829 0.7162
2LHP 800 2.447 0.4601 0.7095
2LHP 801 2.501 0.4485 0.6892
2LHP 802 2.468 0.4579 0.7027
2LHP 803 2.351 0.4803 0.7230
2LHP 804 2.416 0.4646 0.7095
2LHP 805 2.495 0.4821 0.7162
2LHP 806 2.304 0.4754 0.7095
2LHP 807 2.334 0.4777 0.7297
2LHP 808 2.361 0.4757 0.7230
2LHP 809 2.488 0.4708 0.7027
2LHP 810 2.581 0.4442 0.7027
2LHP 811 2.346 0.4784 0.7230
2LHP 812 2.322 0.4929 0.7365
2LHP 813 2.339 0.4849 0.7365
2LHP 814 2.384 0.4737 0.7162
2LHP 815 2.538 0.4788 0.7095
2LHP 816 2.421 0.4891 0.7162
2LHP 817 2.250 0.5023 0.7297
2LHP 818 2.211 0.5170 0.7500
2LHP 819 2.227 0.4955 0.7297
2LHP 820 2.253 0.5275 0.7365
2LHP 821 2.312 0.4895 0.7230
2LHP 822 2.239 0.5060 0.7365
2LHP 823 2.262 0.4906 0.7297
2LHP 824 2.373 0.5042 0.7162
2LHP 825 2.561 0.4726 0.6959
2LHP 826 2.495 0.4650 0.6892
2LHP 827 2.443 0.4721 0.7297
2LHP 828 2.341 0.5004 0.7230
2LHP 829 2.320 0.4825 0.7230
2LHP 830 2.329 0.5024 0.7230
2LHP 831 2.440 0.4795 0.7095
2LHP 832 2.299 0.5146 0.7230
2LHP 833 2.245 0.4976 0.7230
2LHP 834 2.258 0.5030 0.7365
2LHP 835 2.370 0.4726 0.7230
2LHP 836 2.229 0.5262 0.7297
2LHP 837 2.171 0.5308 0.7568
2LHP 838 2.347 0.5078 0.7432
2LHP 839 2.400 0.4886 0.7095
2LHP 840 2.342 0.4984 0.7230
2LHP 841 2.335 0.4938 0.7162
2LHP 842 2.515 0.4633 0.6959
2LHP 843 2.520 0.4670 0.7095
2LHP 844 2.440 0.4844 0.7297
2LHP 845 2.402 0.4954 0.7297
2LHP 846 2.473 0.4796 0.7095
2LHP 847 2.308 0.5041 0.7095
2LHP 848 2.352 0.4733 0.7230
2LHP 849 2.382 0.4716 0.7095
2LHP 850 2.452 0.4429 0.7095
2LHP 851 2.187 0.5146 0.7500
2LHP 852 2.182 0.4963 0.7568
2LHP 853 2.359 0.4891 0.7365
2LHP 854 2.271 0.4880 0.7365
2LHP 855 2.425 0.4505 0.6892
2LHP 856 2.511 0.4461 0.7027
2LHP 857 2.329 0.4933 0.7365
2LHP 858 2.336 0.4743 0.7095
2LHP 859 2.488 0.4532 0.6959
2LHP 860 2.457 0.4441 0.6959
2LHP 861 2.249 0.4871 0.7230
2LHP 862 2.219 0.4869 0.7365
2LHP 863 2.386 0.4555 0.7027
2LHP 864 2.423 0.4661 0.7230
2LHP 865 2.323 0.4716 0.7162
2LHP 866 2.261 0.4797 0.7297
2LHP 867 2.458 0.4466 0.7027
2LHP 868 2.416 0.4457 0.6892
2LHP 869 2.347 0.4678 0.7162
2LHP 870 2.332 0.4598 0.6959
2LHP 871 2.361 0.4567 0.7027
2LHP 872 2.443 0.4616 0.7027
2LHP 873 2.499 0.4447 0.6959
2LHP 874 2.464 0.4479 0.7027
2LHP 875 2.469 0.4509 0.7027
2LHP 876 2.435 0.4529 0.6824
2LHP 877 2.459 0.4473 0.7162
2LHP 878 2.335 0.4794 0.7297
2LHP 879 2.538 0.4296 0.6757
2LHP 880 2.485 0.4525 0.6892
2LHP 881 2.418 0.4743 0.7027
2LHP 882 2.474 0.4685 0.7162
2LHP 883 2.550 0.4315 0.6959
2LHP 884 2.452 0.4670 0.7095
2LHP 885 2.444 0.4565 0.6959
2LHP 886 2.424 0.4545 0.7027
2LHP 887 2.521 0.4441 0.6959
2LHP 888 2.430 0.4421 0.6959
2LHP 889 2.469 0.4354 0.6959
2LHP 890 2.406 0.4560 0.7027
2LHP 891 2.472 0.4434 0.6892
2LHP 892 2.577 0.4276 0.6892
2LHP 893 2.553 0.4328 0.6959
2LHP 894 2.453 0.4638 0.6959
2LHP 895 2.455 0.4589 0.6824
2LHP 896 2.445 0.4626 0.7027
2LHP 897 2.414 0.4410 0.6824
2LHP 898 2.377 0.4642 0.7230
2LHP 899 2.439 0.4530 0.7027
2LHP 900 2.435 0.4345 0.6892
2LHP 901 2.329 0.4531 0.7027
2LHP 902 2.384 0.4778 0.7095
2LHP 903 2.445 0.4647 0.7297
2LHP 904 2.430 0.4526 0.6959
2LHP 905 2.418 0.4682 0.6959
2LHP 906 2.482 0.4524 0.6892
2LHP 907 2.289 0.4784 0.7230
2LHP 908 2.139 0.5169 0.7500
2LHP 909 2.152 0.4894 0.7432
2LHP 910 2.160 0.4956 0.7230
2LHP 911 2.213 0.4835 0.7297
2LHP 912 2.505 0.4491 0.7027
2LHP 913 2.588 0.4436 0.6892
2LHP 914 2.406 0.4442 0.7027
2LHP 915 2.358 0.4664 0.7230
2LHP 916 2.363 0.4680 0.7230
2LHP 917 2.676 0.4066 0.6554
2LHP 918 2.602 0.4320 0.6757
2LHP 919 2.451 0.4716 0.7095
2LHP 920 2.426 0.4616 0.7162
2LHP 921 2.401 0.4709 0.7230
2LHP 922 2.383 0.4716 0.6959
2LHP 923 2.610 0.4489 0.6892
2LHP 924 2.569 0.4488 0.6892
2LHP 925 2.410 0.4585 0.7230
2LHP 926 2.440 0.4651 0.6959
2LHP 927 2.531 0.4486 0.6959
2LHP 928 2.463 0.4447 0.6824
2LHP 929 2.384 0.4730 0.7365
2LHP 930 2.567 0.4551 0.7095
2LHP 931 2.404 0.4572 0.6959
2LHP 932 2.430 0.4589 0.7095
2LHP 933 2.429 0.4829 0.7230
2LHP 934 2.391 0.4842 0.7432
2LHP 935 2.297 0.5090 0.7500
2LHP 936 2.394 0.4744 0.7230
2LHP 937 2.445 0.4717 0.7162
2LHP 938 2.586 0.4420 0.6824
2LHP 939 2.548 0.4414 0.6892
2LHP 940 2.390 0.4823 0.7162
2LHP 941 2.326 0.4917 0.7162
2LHP 942 2.390 0.4795 0.7162
2LHP 943 2.390 0.4791 0.7230
2LHP 944 2.543 0.4525 0.6824
2LHP 945 2.525 0.4623 0.7027
2LHP 946 2.392 0.4615 0.7095
2LHP 947 2.497 0.4762 0.7162
2LHP 948 2.485 0.4906 0.7162
2LHP 949 2.411 0.4697 0.7095
2LHP 950 2.512 0.4608 0.6959
2LHP 951 2.542 0.4372 0.6959
2LHP 952 2.646 0.4321 0.6757
2LHP 953 2.593 0.4442 0.6892
2LHP 954 2.376 0.4844 0.7230
2LHP 955 2.332 0.4958 0.7162
2LHP 956 2.339 0.4936 0.7297
2LHP 957 2.524 0.4505 0.7095
2LHP 958 2.572 0.4488 0.7027
2LHP 959 2.357 0.4989 0.7297
2LHP 960 2.368 0.4868 0.7095
2LHP 961 2.395 0.4813 0.7162
2LHP 962 2.590 0.4366 0.6824
2LHP 963 2.613 0.4449 0.6959
2LHP 964 2.669 0.4407 0.6892
2LHP 965 2.322 0.5087 0.7500
2LHP 966 2.437 0.4732 0.7297
2LHP 967 2.389 0.4831 0.7297
2LHP 968 2.350 0.4882 0.7297
2LHP 969 2.437 0.4646 0.6959
2LHP 970 2.373 0.4826 0.7297
2LHP 971 2.430 0.4682 0.7095
2LHP 972 2.544 0.4362 0.6824
2LHP 973 2.626 0.4293 0.6757
2LHP 974 2.443 0.4671 0.7230
2LHP 975 2.518 0.4669 0.7297
2LHP 976 2.504 0.4744 0.7162
2LHP 977 2.390 0.4894 0.7432
2LHP 978 2.426 0.4788 0.7162
2LHP 979 2.471 0.4945 0.7432
2LHP 980 2.416 0.4669 0.7162
2LHP 981 2.507 0.4695 0.7365
2LHP 982 2.477 0.4516 0.7095
2LHP 983 2.628 0.4212 0.6689
2LHP 984 2.698 0.4237 0.6959
2LHP 985 2.363 0.4622 0.7095
2LHP 986 2.570 0.4310 0.6892
2LHP 987 2.628 0.4380 0.6892
2LHP 988 2.639 0.4430 0.6757
2LHP 989 2.517 0.4591 0.7095
2LHP 990 2.481 0.4697 0.7230
2LHP 991 2.436 0.4721 0.7027
2LHP 992 2.262 0.5078 0.7365
2LHP 993 2.431 0.4748 0.7095
2LHP 994 2.533 0.4708 0.7162
2LHP 995 2.566 0.4502 0.7095
2LHP 996 2.565 0.4548 0.6892
2LHP 997 2.531 0.4464 0.6892
2LHP 998 2.616 0.4542 0.6892
2LHP 999 2.438 0.4892 0.7297
2LHP 1000 2.369 0.4789 0.7500
2LHP 1001 2.341 0.4774 0.7230
2LHP 1002 2.766 0.4473 0.6824
2LHP 1003 2.896 0.4206 0.6622
2LHP 1004 2.626 0.4568 0.7027
2LHP 1005 2.516 0.4653 0.7027
2LHP 1006 2.604 0.4323 0.6892
2LHP 1007 2.733 0.4400 0.6892
2LHP 1008 2.718 0.4387 0.6959
2LHP 1009 2.454 0.4544 0.7297
2LHP 1010 2.459 0.4714 0.7297
2LHP 1011 2.497 0.4602 0.7095
2LHP 1012 2.610 0.4285 0.6757
2LHP 1013 2.597 0.4410 0.6892
2LHP 1014 2.573 0.4468 0.7027
2LHP 1015 2.545 0.4491 0.7162
2LHP 1016 2.506 0.4493 0.7162
2LHP 1017 2.843 0.4234 0.6554
2LHP 1018 2.904 0.4011 0.6554
2LHP 1019 2.791 0.4085 0.6689
2LHP 1020 2.845 0.4032 0.6689
2LHP 1021 2.658 0.4151 0.6757
2LHP 1022 2.670 0.4337 0.6959
2LHP 1023 2.707 0.4438 0.6892
2LHP 1024 2.807 0.4275 0.6689
2LHP 1025 2.856 0.4159 0.6554
2LHP 1026 2.839 0.4115 0.6689
2LHP 1027 2.636 0.4152 0.6824
2LHP 1028 2.540 0.4329 0.6892
2LHP 1029 2.899 0.4656 0.7027
2LHP 1030 2.829 0.4166 0.6622
2LHP 1031 2.550 0.4661 0.7027
2LHP 1032 2.477 0.4485 0.6959
2LHP 1033 2.480 0.4514 0.6959
2LHP 1034 2.512 0.4368 0.7027
2LHP 1035 2.498 0.4663 0.7095
2LHP 1036 2.725 0.4309 0.6892
2LHP 1037 2.829 0.4294 0.6554
2LHP 1038 2.725 0.4368 0.6959
2LHP 1039 2.646 0.4477 0.6824
2LHP 1040 2.669 0.4185 0.6554
2LHP 1041 2.787 0.4317 0.6622
2LHP 1042 2.796 0.4240 0.6622
2LHP 1043 2.970 0.3905 0.6554
2LHP 1044 2.852 0.4167 0.6622
2LHP 1045 3.005 0.4212 0.6554
2LHP 1046 2.723 0.4266 0.6689
2LHP 1047 2.594 0.4546 0.6892
2LHP 1048 2.516 0.4373 0.6959
2LHP 1049 2.938 0.4040 0.6757
2LHP 1050 2.926 0.4257 0.6554
2LHP 1051 2.954 0.4325 0.6689
2LHP 1052 2.782 0.4049 0.6689
2LHP 1053 2.887 0.4093 0.6554
2LHP 1054 2.755 0.4619 0.6892
2LHP 1055 2.654 0.4787 0.7027
2LHP 1056 2.937 0.4149 0.6757
2LHP 1057 2.841 0.3945 0.6757
2LHP 1058 2.673 0.4154 0.7027
2LHP 1059 2.834 0.4076 0.6824
2LHP 1060 2.538 0.4686 0.7162
2LHP 1061 2.555 0.4485 0.7095
2LHP 1062 2.592 0.4486 0.6892
2LHP 1063 2.621 0.4511 0.7095
2LHP 1064 2.881 0.4302 0.6757
2LHP 1065 2.899 0.4557 0.6824
2LHP 1066 2.866 0.4185 0.6622
2LHP 1067 3.141 0.4395 0.6689
2LHP 1068 3.284 0.4134 0.6486
2LHP 1069 3.168 0.4226 0.6554
2LHP 1070 2.894 0.4211 0.6622
2LHP 1071 2.834 0.4017 0.6689
2LHP 1072 2.919 0.4273 0.6892
2LHP 1073 2.799 0.4328 0.6757
2LHP 1074 2.718 0.4114 0.6689
2LHP 1075 2.853 0.4280 0.6757
2LHP 1076 2.902 0.4287 0.6554
2LHP 1077 3.043 0.3839 0.6486
2LHP 1078 2.998 0.4113 0.6622
2LHP 1079 2.821 0.4517 0.6757
2LHP 1080 2.892 0.4414 0.6892
2LHP 1081 2.765 0.4307 0.6757
2LHP 1082 3.198 0.4177 0.6622
2LHP 1083 3.110 0.4236 0.6486
2LHP 1084 3.079 0.4248 0.6757
2LHP 1085 3.064 0.4337 0.6622
2LHP 1086 3.005 0.4834 0.6892
2LHP 1087 3.279 0.4031 0.6486
2LHP 1088 2.998 0.4208 0.6622
2LHP 1089 3.323 0.4183 0.6419
2LHP 1090 3.116 0.4280 0.6757
2LHP 1091 3.209 0.4307 0.6419
2LHP 1092 2.985 0.4520 0.6892
2LHP 1093 3.038 0.4223 0.6622
2LHP 1094 3.071 0.4345 0.6622
2LHP 1095 3.216 0.4271 0.6554
2LHP 1096 3.234 0.4169 0.6622
2LHP 1097 3.113 0.4374 0.6824
2LHP 1098 3.272 0.4163 0.6622
2LHP 1099 3.213 0.4080 0.6689
2LHP 1100 3.122 0.4191 0.6757
2LHP 1101 3.439 0.3878 0.6284
2LHP 1102 3.161 0.4398 0.6757
2LHP 1103 3.133 0.4041 0.6486
2LHP 1104 3.152 0.4031 0.6622
2LHP 1105 3.230 0.4232 0.6622
2LHP 1106 3.297 0.3721 0.6149
2LHP 1107 3.271 0.4189 0.6486
2LHP 1108 2.821 0.4740 0.6959
2LHP 1109 2.996 0.4168 0.6486
2LHP 1110 3.019 0.4410 0.6824
2LHP 1111 3.125 0.4281 0.6689
2LHP 1112 2.902 0.4613 0.7027
2LHP 1113 2.792 0.4538 0.6824
2LHP 1114 3.013 0.4324 0.6824
2LHP 1115 3.021 0.4210 0.6689
2LHP 1116 3.170 0.4158 0.6824
2LHP 1117 2.904 0.4408 0.6959
2LHP 1118 2.907 0.4393 0.6824
2LHP 1119 3.000 0.4489 0.6824
2LHP 1120 3.152 0.4323 0.6486
2LHP 1121 2.944 0.4856 0.7027
2LHP 1122 2.809 0.4674 0.7095
2LHP 1123 3.042 0.4547 0.6892
2LHP 1124 3.126 0.4122 0.6622
2LHP 1125 3.169 0.4137 0.6554
2LHP 1126 3.028 0.4384 0.6959
2LHP 1127 3.395 0.3885 0.6419
2LHP 1128 3.097 0.3795 0.6554
2LHP 1129 3.236 0.4296 0.6554
2LHP 1130 3.001 0.4526 0.7027
2LHP 1131 3.300 0.4177 0.6486
2LHP 1132 3.042 0.4162 0.6689
2LHP 1133 2.909 0.4683 0.7027
2LHP 1134 3.213 0.4503 0.6622
2LHP 1135 2.792 0.4955 0.7162
2LHP 1136 3.023 0.4347 0.6622
2LHP 1137 2.953 0.4645 0.7027
2LHP 1138 3.157 0.4525 0.7027
2LHP 1139 3.377 0.4171 0.6554
2LHP 1140 3.103 0.4488 0.6824
2LHP 1141 3.235 0.4228 0.6757
2LHP 1142 2.876 0.4767 0.7095
2LHP 1143 2.980 0.4800 0.7162
2LHP 1144 3.075 0.4599 0.7027
2LHP 1145 3.256 0.4326 0.6824
2LHP 1146 2.946 0.4573 0.6959
2LHP 1147 3.046 0.4553 0.6892
2LHP 1148 3.261 0.4378 0.6689
2LHP 1149 3.144 0.4045 0.6554
2LHP 1150 3.020 0.4063 0.6689
2LHP 1151 2.830 0.4214 0.6757
2LHP 1152 2.975 0.4601 0.6959
2LHP 1153 3.059 0.4235 0.6824
2LHP 1154 3.301 0.3595 0.6284
2LHP 1155 3.457 0.3811 0.6284
2LHP 1156 3.037 0.4366 0.6892
2LHP 1157 2.908 0.4704 0.7027
2LHP 1158 2.955 0.4502 0.6757
2LHP 1159 3.191 0.4396 0.6757
2LHP 1160 3.040 0.4349 0.6622
2LHP 1161 3.359 0.3914 0.6419
2LHP 1162 3.017 0.4036 0.6486
2LHP 1163 3.004 0.4380 0.6689
2LHP 1164 3.410 0.4243 0.6622
2LHP 1165 3.236 0.4456 0.6622
2LHP 1166 3.207 0.4457 0.6959
2LHP 1167 3.309 0.4177 0.6622
2LHP 1168 3.140 0.4454 0.6622
2LHP 1169 2.991 0.4942 0.7095
2LHP 1170 3.046 0.4614 0.6824
2LHP 1171 2.991 0.4847 0.6892
2LHP 1172 3.278 0.4262 0.6486
2LHP 1173 3.210 0.4012 0.6284
2LHP 1174 3.021 0.4235 0.6554
2LHP 1175 3.301 0.3966 0.6554
2LHP 1176 3.197 0.4258 0.6554
2LHP 1177 3.095 0.4484 0.6689
2LHP 1178 3.078 0.4301 0.6622
