2NBY 1 0.000 1.0000 1.0000
2NBY 2 1.867 0.5990 0.8205
2NBY 3 1.528 0.6776 0.8654
2NBY 4 0.593 0.9035 0.9936
2NBY 5 1.037 0.7742 0.9167
2NBY 6 1.235 0.7116 0.9167
2NBY 7 1.275 0.7119 0.8846
2NBY 8 0.607 0.9012 0.9872
2NBY 9 0.850 0.8355 0.9551
2NBY 10 1.545 0.6669 0.8654
2NBY 11 11.052 0.3485 0.5192
2NBY 12 12.326 0.2284 0.3077
2NBY 13 16.919 0.1783 0.3013
2NBY 14 16.627 0.2128 0.3013
2NBY 15 10.857 0.2741 0.3846
2NBY 16 15.950 0.2374 0.3141
2NBY 17 9.702 0.2994 0.4103
2NBY 18 14.682 0.1837 0.2756
2NBY 19 15.784 0.2067 0.2564
2NBY 20 8.873 0.3127 0.4359
2NBY 21 9.711 0.2854 0.4038
2NBY 22 11.345 0.2903 0.3718
2NBY 23 14.254 0.1725 0.2949
2NBY 24 10.080 0.2922 0.4103
2NBY 25 15.080 0.2143 0.3333
2NBY 26 14.410 0.3274 0.3974
2NBY 27 8.512 0.2786 0.4487
2NBY 28 16.976 0.2195 0.3526
2NBY 29 12.106 0.2914 0.4167
2NBY 30 15.618 0.3809 0.4359
2NBY 31 5.256 0.3456 0.5385
2NBY 32 11.265 0.1878 0.2821
2NBY 33 10.203 0.3081 0.4103
2NBY 34 10.779 0.1716 0.2949
2NBY 35 15.850 0.3046 0.3974
2NBY 36 9.916 0.3418 0.4936
2NBY 37 10.160 0.2538 0.3718
2NBY 38 12.908 0.2017 0.3269
2NBY 39 11.178 0.3480 0.4551
2NBY 40 8.929 0.3613 0.4679
2NBY 41 11.064 0.3170 0.4038
2NBY 42 7.555 0.3589 0.5385
2NBY 43 15.844 0.3294 0.4038
2NBY 44 12.878 0.2945 0.4231
2NBY 45 12.241 0.3254 0.4295
2NBY 46 12.651 0.2486 0.3333
2NBY 47 7.393 0.3426 0.4936
2NBY 48 8.163 0.3495 0.5064
2NBY 49 4.275 0.3800 0.6026
2NBY 50 6.380 0.3407 0.5064
2NBY 51 14.183 0.2284 0.3333
2NBY 52 13.551 0.1462 0.2500
2NBY 53 13.468 0.2613 0.3718
2NBY 54 10.033 0.3226 0.4167
2NBY 55 14.131 0.1409 0.2564
2NBY 56 10.578 0.2858 0.3846
2NBY 57 16.170 0.2220 0.3333
2NBY 58 14.774 0.2777 0.3846
2NBY 59 12.737 0.2944 0.3782
2NBY 60 11.626 0.2708 0.3846
2NBY 61 13.762 0.3182 0.3910
2NBY 62 17.189 0.2376 0.3205
2NBY 63 11.720 0.3032 0.4551
2NBY 64 13.911 0.3086 0.3846
2NBY 65 9.518 0.3427 0.4551
2NBY 66 10.787 0.1974 0.2885
2NBY 67 7.005 0.2981 0.4679
2NBY 68 16.448 0.1406 0.2564
2NBY 69 16.686 0.1914 0.2692
2NBY 70 12.026 0.2571 0.3846
2NBY 71 10.225 0.2784 0.3333
2NBY 72 16.645 0.2753 0.3846
2NBY 73 11.453 0.3273 0.4551
2NBY 74 13.455 0.1924 0.2821
2NBY 75 13.458 0.3128 0.3782
2NBY 76 11.965 0.2025 0.3333
2NBY 77 15.537 0.2189 0.3269
2NBY 78 17.048 0.2156 0.3013
2NBY 79 13.089 0.2927 0.3654
2NBY 80 11.586 0.3119 0.4808
2NBY 81 9.237 0.2989 0.4423
2NBY 82 6.857 0.3296 0.5128
2NBY 83 8.872 0.2390 0.4103
2NBY 84 16.201 0.3030 0.3782
2NBY 85 8.336 0.3078 0.4551
2NBY 86 11.398 0.4085 0.5449
2NBY 87 5.468 0.3826 0.5705
2NBY 88 4.429 0.4942 0.6731
2NBY 89 6.841 0.3394 0.5256
2NBY 90 5.895 0.3385 0.5256
2NBY 91 11.563 0.1376 0.2372
2NBY 92 7.601 0.3507 0.5641
2NBY 93 9.543 0.2044 0.3718
2NBY 94 12.582 0.1130 0.2308
2NBY 95 16.862 0.1192 0.2115
2NBY 96 15.432 0.2498 0.3269
2NBY 97 16.026 0.3513 0.4295
2NBY 98 13.936 0.3113 0.4103
2NBY 99 10.725 0.3351 0.4103
2NBY 100 12.832 0.2998 0.3910
2NBY 101 8.193 0.3459 0.4872
2NBY 102 15.265 0.2207 0.2885
2NBY 103 14.834 0.2657 0.3846
2NBY 104 9.272 0.3508 0.4808
2NBY 105 11.339 0.1467 0.2628
2NBY 106 14.400 0.1731 0.2692
2NBY 107 12.445 0.2344 0.3397
2NBY 108 15.477 0.3137 0.4231
2NBY 109 11.682 0.1783 0.3333
2NBY 110 16.408 0.2059 0.3141
2NBY 111 7.397 0.3876 0.5192
2NBY 112 13.270 0.1574 0.2756
2NBY 113 16.767 0.3189 0.4038
2NBY 114 14.885 0.2149 0.2885
2NBY 115 8.443 0.3381 0.4679
2NBY 116 15.571 0.2941 0.3654
2NBY 117 8.501 0.3593 0.5064
2NBY 118 16.148 0.1865 0.3013
2NBY 119 10.013 0.2722 0.3910
2NBY 120 13.468 0.3090 0.4103
2NBY 121 14.092 0.2169 0.3205
2NBY 122 10.746 0.3048 0.4359
2NBY 123 10.549 0.2360 0.3782
2NBY 124 6.781 0.2858 0.4744
2NBY 125 9.167 0.3448 0.4679
2NBY 126 10.708 0.3209 0.4551
2NBY 127 14.712 0.1533 0.2885
2NBY 128 12.226 0.3123 0.4038
2NBY 129 4.962 0.5036 0.6795
2NBY 130 6.760 0.2705 0.5000
2NBY 131 16.034 0.1150 0.1859
2NBY 132 12.446 0.1504 0.2628
2NBY 133 11.042 0.1538 0.2756
2NBY 134 11.188 0.2327 0.3397
2NBY 135 12.397 0.1872 0.2756
2NBY 136 10.027 0.1970 0.2821
2NBY 137 13.852 0.1775 0.2564
2NBY 138 16.591 0.2757 0.4103
2NBY 139 12.262 0.1809 0.2756
2NBY 140 11.919 0.1218 0.2179
2NBY 141 12.624 0.1521 0.2564
2NBY 142 11.073 0.1602 0.2821
2NBY 143 11.663 0.2176 0.3013
2NBY 144 18.176 0.1646 0.2564
2NBY 145 16.109 0.2202 0.3205
2NBY 146 15.060 0.1805 0.2564
2NBY 147 15.450 0.1493 0.2244
2NBY 148 16.879 0.2391 0.2885
2NBY 149 8.705 0.4148 0.5513
2NBY 150 12.989 0.3275 0.4295
2NBY 151 11.567 0.1651 0.2885
2NBY 152 8.157 0.3408 0.4744
2NBY 153 13.302 0.1525 0.2500
2NBY 154 12.191 0.2377 0.3590
2NBY 155 10.566 0.2550 0.4103
2NBY 156 6.831 0.2703 0.4295
2NBY 157 8.595 0.2941 0.4167
2NBY 158 8.655 0.3049 0.4359
2NBY 159 6.319 0.3925 0.5705
2NBY 160 12.086 0.3530 0.4103
2NBY 161 10.417 0.2993 0.4295
2NBY 162 16.858 0.2209 0.2949
2NBY 163 5.662 0.3640 0.5449
2NBY 164 10.300 0.2364 0.3718
2NBY 165 7.210 0.3296 0.5000
2NBY 166 6.660 0.3659 0.5000
2NBY 167 9.230 0.4109 0.5385
2NBY 168 4.594 0.3802 0.5833
2NBY 169 7.496 0.3842 0.5321
2NBY 170 6.889 0.3863 0.5513
2NBY 171 10.523 0.2866 0.3654
2NBY 172 16.530 0.2302 0.3141
2NBY 173 10.683 0.1154 0.2308
2NBY 174 10.603 0.2287 0.3205
2NBY 175 14.628 0.2296 0.3269
2NBY 176 11.582 0.2033 0.2821
2NBY 177 16.893 0.2871 0.4038
2NBY 178 14.408 0.2757 0.3397
2NBY 179 16.869 0.2237 0.3205
2NBY 180 18.061 0.1607 0.2179
2NBY 181 11.713 0.2190 0.3013
2NBY 182 16.028 0.1670 0.2244
2NBY 183 11.844 0.3067 0.4167
2NBY 184 14.694 0.2613 0.3269
2NBY 185 11.846 0.2583 0.3462
2NBY 186 8.402 0.3361 0.4423
2NBY 187 7.867 0.2865 0.4167
2NBY 188 8.529 0.2027 0.3141
2NBY 189 14.125 0.2638 0.3462
2NBY 190 13.124 0.2955 0.4103
2NBY 191 15.735 0.1575 0.2308
2NBY 192 9.362 0.3518 0.5128
2NBY 193 13.069 0.2939 0.3846
2NBY 194 8.435 0.2975 0.3718
2NBY 195 13.085 0.1892 0.2949
2NBY 196 14.870 0.3494 0.4936
2NBY 197 17.153 0.3301 0.4038
2NBY 198 13.218 0.3152 0.3782
2NBY 199 9.353 0.3475 0.4231
2NBY 200 9.802 0.2996 0.4103
2NBY 201 15.560 0.1798 0.2756
2NBY 202 12.926 0.2215 0.3205
2NBY 203 13.525 0.3369 0.4423
2NBY 204 9.038 0.3586 0.5064
2NBY 205 10.180 0.3393 0.4103
2NBY 206 10.028 0.3859 0.5064
2NBY 207 10.441 0.3439 0.4615
2NBY 208 13.003 0.3767 0.4936
2NBY 209 6.463 0.3248 0.4808
2NBY 210 4.395 0.4382 0.6346
2NBY 211 12.521 0.1671 0.2436
2NBY 212 14.080 0.1590 0.2628
2NBY 213 14.563 0.2653 0.3782
2NBY 214 10.360 0.2953 0.4103
2NBY 215 12.573 0.2552 0.3397
2NBY 216 11.826 0.2249 0.2885
2NBY 217 11.214 0.1346 0.2564
2NBY 218 12.175 0.2271 0.2949
2NBY 219 10.879 0.3502 0.4872
2NBY 220 14.802 0.3048 0.3846
2NBY 221 11.989 0.3320 0.4231
2NBY 222 12.183 0.3264 0.4295
2NBY 223 12.595 0.2123 0.3077
2NBY 224 13.088 0.1853 0.3077
2NBY 225 15.220 0.3373 0.4487
2NBY 226 15.144 0.3070 0.4231
2NBY 227 13.041 0.3245 0.3974
2NBY 228 14.028 0.3063 0.4359
2NBY 229 14.598 0.3119 0.3846
2NBY 230 13.003 0.2869 0.3910
2NBY 231 14.038 0.2367 0.3077
2NBY 232 13.570 0.3338 0.4359
2NBY 233 11.579 0.3386 0.4808
2NBY 234 14.185 0.2410 0.3269
2NBY 235 10.178 0.2164 0.3718
2NBY 236 7.182 0.2400 0.3910
2NBY 237 15.670 0.2331 0.2821
2NBY 238 13.889 0.2758 0.4231
2NBY 239 15.220 0.3114 0.4167
2NBY 240 8.010 0.3285 0.5000
2NBY 241 16.155 0.1534 0.2628
2NBY 242 8.342 0.3617 0.5385
2NBY 243 7.089 0.4053 0.5577
2NBY 244 10.253 0.4071 0.5385
2NBY 245 10.182 0.3264 0.4038
2NBY 246 8.183 0.3774 0.5192
2NBY 247 13.086 0.3249 0.4231
2NBY 248 12.537 0.1699 0.2500
2NBY 249 5.127 0.3584 0.5577
2NBY 250 5.128 0.3371 0.5449
2NBY 251 11.289 0.1743 0.3013
2NBY 252 13.599 0.2420 0.4038
2NBY 253 16.231 0.1792 0.2692
2NBY 254 13.242 0.1278 0.2115
2NBY 255 7.382 0.2430 0.4487
2NBY 256 8.675 0.3597 0.5449
2NBY 257 13.776 0.2455 0.3333
2NBY 258 11.910 0.1849 0.2628
2NBY 259 8.221 0.3162 0.4551
2NBY 260 12.409 0.1985 0.2756
2NBY 261 14.340 0.1887 0.3269
2NBY 262 10.387 0.2230 0.3718
2NBY 263 10.102 0.1957 0.2821
2NBY 264 12.442 0.2826 0.3974
2NBY 265 14.198 0.1799 0.2949
2NBY 266 11.404 0.1293 0.2372
2NBY 267 13.053 0.3227 0.4038
2NBY 268 15.889 0.2671 0.3397
2NBY 269 10.554 0.2832 0.3910
2NBY 270 10.331 0.2392 0.3590
2NBY 271 14.858 0.1814 0.2500
2NBY 272 5.360 0.2625 0.4744
2NBY 273 5.768 0.3914 0.6026
2NBY 274 15.535 0.2117 0.2885
2NBY 275 14.540 0.2847 0.4295
2NBY 276 7.306 0.3170 0.4615
2NBY 277 12.901 0.3519 0.4872
2NBY 278 10.492 0.2994 0.3910
2NBY 279 12.354 0.3446 0.4551
2NBY 280 14.833 0.2721 0.4487
2NBY 281 13.876 0.2910 0.3590
2NBY 282 11.571 0.3362 0.4359
2NBY 283 4.834 0.3498 0.6090
2NBY 284 12.591 0.3316 0.3974
2NBY 285 9.445 0.3683 0.4872
2NBY 286 10.759 0.3310 0.4295
2NBY 287 4.813 0.3376 0.5385
2NBY 288 6.105 0.3866 0.5897
2NBY 289 9.350 0.3562 0.4744
2NBY 290 3.561 0.4976 0.6987
2NBY 291 9.274 0.1211 0.2244
2NBY 292 13.588 0.1479 0.2179
2NBY 293 10.263 0.2046 0.3141
2NBY 294 11.371 0.3389 0.4231
2NBY 295 14.888 0.1332 0.2308
2NBY 296 14.281 0.3252 0.4167
2NBY 297 14.402 0.1829 0.2436
2NBY 298 8.470 0.2427 0.3846
2NBY 299 15.869 0.1845 0.2564
2NBY 300 13.145 0.2425 0.3205
2NBY 301 12.567 0.3566 0.4487
2NBY 302 15.526 0.2231 0.2756
2NBY 303 12.097 0.2173 0.3077
2NBY 304 9.664 0.3041 0.3974
2NBY 305 10.797 0.2590 0.3590
2NBY 306 10.935 0.1771 0.3205
2NBY 307 10.962 0.1737 0.2756
2NBY 308 9.755 0.3118 0.4487
2NBY 309 10.655 0.2388 0.3333
2NBY 310 13.373 0.2298 0.3526
2NBY 311 9.078 0.3149 0.4679
2NBY 312 9.304 0.2869 0.4231
2NBY 313 10.926 0.2628 0.3718
2NBY 314 11.249 0.2732 0.3910
2NBY 315 12.660 0.3097 0.3974
2NBY 316 12.396 0.2211 0.3141
2NBY 317 15.209 0.1586 0.2692
2NBY 318 17.193 0.2032 0.3462
2NBY 319 18.740 0.2651 0.3718
2NBY 320 14.739 0.3619 0.4615
2NBY 321 8.931 0.3432 0.4744
2NBY 322 15.114 0.1522 0.2692
2NBY 323 13.803 0.3184 0.4295
2NBY 324 16.599 0.2131 0.2821
2NBY 325 7.471 0.2805 0.4103
2NBY 326 4.765 0.3925 0.6090
2NBY 327 9.856 0.2558 0.3654
2NBY 328 5.982 0.3822 0.5641
2NBY 329 8.295 0.3685 0.5000
2NBY 330 7.425 0.3359 0.4679
2NBY 331 11.880 0.1087 0.1667
2NBY 332 13.223 0.1746 0.2821
2NBY 333 12.206 0.1480 0.2436
2NBY 334 13.334 0.1870 0.2692
2NBY 335 13.352 0.1463 0.2308
2NBY 336 11.629 0.2491 0.3269
2NBY 337 14.648 0.2431 0.3205
2NBY 338 9.755 0.2431 0.4103
2NBY 339 13.534 0.1554 0.2372
2NBY 340 11.212 0.2750 0.3718
2NBY 341 13.791 0.3075 0.3782
2NBY 342 13.003 0.1506 0.2500
2NBY 343 12.117 0.3117 0.3974
2NBY 344 14.576 0.2675 0.3846
2NBY 345 14.077 0.1458 0.2628
2NBY 346 14.147 0.2070 0.2692
2NBY 347 15.032 0.3210 0.3846
2NBY 348 10.788 0.3073 0.4295
2NBY 349 11.545 0.3452 0.4103
2NBY 350 10.752 0.2873 0.3846
2NBY 351 11.680 0.2834 0.3974
2NBY 352 12.916 0.2901 0.4231
2NBY 353 15.688 0.2085 0.2949
2NBY 354 14.373 0.2304 0.3077
2NBY 355 8.264 0.3783 0.5256
2NBY 356 11.904 0.3743 0.4872
2NBY 357 14.897 0.2128 0.3333
2NBY 358 8.896 0.3295 0.5064
2NBY 359 7.993 0.3362 0.4744
2NBY 360 13.800 0.2761 0.4103
2NBY 361 7.688 0.3797 0.5192
2NBY 362 7.799 0.3919 0.5833
2NBY 363 6.745 0.3338 0.5128
2NBY 364 12.349 0.2794 0.3462
2NBY 365 8.940 0.3747 0.5449
2NBY 366 11.850 0.3691 0.5000
2NBY 367 10.797 0.3315 0.4231
2NBY 368 5.290 0.2414 0.4615
2NBY 369 10.616 0.3376 0.4872
2NBY 370 6.895 0.4005 0.5321
2NBY 371 1.109 0.7573 0.8974
2NBY 372 1.589 0.6394 0.8077
2NBY 373 1.671 0.6201 0.7949
2NBY 374 1.564 0.6500 0.8269
2NBY 375 1.654 0.6304 0.8077
2NBY 376 1.616 0.6375 0.8077
2NBY 377 1.645 0.6282 0.8077
2NBY 378 1.624 0.6322 0.8077
2NBY 379 1.633 0.6318 0.8077
2NBY 380 1.640 0.6284 0.8013
2NBY 381 1.648 0.6289 0.8077
2NBY 382 1.638 0.6300 0.8077
2NBY 383 1.625 0.6323 0.8077
2NBY 384 1.635 0.6311 0.8077
2NBY 385 1.652 0.6284 0.8013
2NBY 386 1.654 0.6279 0.8077
2NBY 387 1.642 0.6284 0.8077
2NBY 388 1.661 0.6239 0.7949
2NBY 389 1.648 0.6282 0.8077
2NBY 390 1.636 0.6295 0.8077
2NBY 391 1.645 0.6280 0.8077
2NBY 392 1.654 0.6264 0.8141
2NBY 393 1.637 0.6283 0.8141
2NBY 394 1.631 0.6323 0.8077
2NBY 395 1.641 0.6306 0.8077
2NBY 396 1.631 0.6320 0.8077
2NBY 397 1.614 0.6352 0.8077
2NBY 398 1.628 0.6342 0.8077
2NBY 399 1.642 0.6281 0.8077
2NBY 400 1.620 0.6345 0.8077
2NBY 401 1.635 0.6290 0.8077
2NBY 402 1.605 0.6361 0.8077
2NBY 403 1.626 0.6374 0.8077
2NBY 404 1.625 0.6314 0.8077
2NBY 405 1.638 0.6346 0.8141
2NBY 406 1.641 0.6358 0.8141
2NBY 407 1.637 0.6284 0.8077
2NBY 408 1.629 0.6339 0.8077
2NBY 409 1.609 0.6386 0.8077
2NBY 410 1.639 0.6325 0.8141
2NBY 411 1.670 0.6229 0.8013
2NBY 412 1.685 0.6180 0.7949
2NBY 413 1.664 0.6243 0.8013
2NBY 414 1.660 0.6214 0.8013
2NBY 415 1.670 0.6194 0.8013
2NBY 416 1.672 0.6144 0.7949
2NBY 417 1.688 0.6139 0.7949
2NBY 418 1.706 0.6083 0.7949
2NBY 419 1.668 0.6150 0.7885
2NBY 420 1.677 0.6114 0.7949
2NBY 421 1.714 0.6077 0.7949
2NBY 422 1.731 0.6003 0.7949
2NBY 423 1.706 0.6074 0.8013
2NBY 424 1.725 0.6005 0.7885
2NBY 425 1.733 0.6014 0.7949
2NBY 426 1.717 0.6030 0.7949
2NBY 427 1.712 0.6035 0.8013
2NBY 428 1.682 0.6137 0.7949
2NBY 429 1.725 0.6058 0.7949
2NBY 430 1.708 0.6072 0.7949
2NBY 431 1.732 0.6013 0.7885
2NBY 432 1.682 0.6088 0.7949
2NBY 433 1.671 0.6156 0.7885
2NBY 434 1.767 0.5957 0.7885
2NBY 435 1.693 0.6271 0.8013
2NBY 436 1.724 0.6150 0.8013
2NBY 437 1.669 0.6213 0.8077
2NBY 438 1.655 0.6235 0.8077
2NBY 439 1.670 0.6176 0.8013
2NBY 440 1.684 0.6214 0.8077
2NBY 441 1.654 0.6301 0.8077
2NBY 442 1.660 0.6338 0.8141
2NBY 443 1.611 0.6385 0.8141
2NBY 444 1.634 0.6277 0.8141
2NBY 445 1.733 0.6137 0.7885
2NBY 446 1.643 0.6339 0.8013
2NBY 447 1.679 0.6306 0.8077
2NBY 448 1.710 0.6284 0.8013
2NBY 449 1.699 0.6271 0.8013
2NBY 450 1.664 0.6193 0.8013
2NBY 451 1.687 0.6106 0.7949
2NBY 452 1.668 0.6255 0.7949
2NBY 453 1.673 0.6170 0.7949
2NBY 454 1.671 0.6175 0.8077
2NBY 455 1.683 0.6108 0.7949
2NBY 456 1.645 0.6196 0.7949
2NBY 457 1.709 0.6073 0.7949
2NBY 458 1.681 0.6117 0.7949
2NBY 459 1.689 0.6138 0.7949
2NBY 460 1.636 0.6285 0.8077
2NBY 461 1.625 0.6206 0.8077
2NBY 462 1.665 0.6122 0.8013
2NBY 463 1.635 0.6227 0.8013
2NBY 464 1.697 0.6132 0.7885
2NBY 465 1.625 0.6252 0.8013
2NBY 466 1.693 0.6122 0.7949
2NBY 467 1.631 0.6181 0.7949
2NBY 468 1.677 0.6115 0.7949
2NBY 469 1.653 0.6138 0.8013
2NBY 470 1.722 0.6070 0.7949
2NBY 471 1.709 0.6082 0.7949
2NBY 472 1.596 0.6308 0.8141
2NBY 473 1.614 0.6246 0.8077
2NBY 474 1.712 0.6037 0.7949
2NBY 475 1.526 0.6412 0.8141
2NBY 476 1.620 0.6264 0.8141
2NBY 477 1.699 0.6103 0.8013
2NBY 478 1.605 0.6273 0.8141
2NBY 479 1.600 0.6294 0.8013
2NBY 480 1.658 0.6112 0.8141
2NBY 481 1.631 0.6202 0.8141
2NBY 482 1.678 0.6100 0.8077
2NBY 483 1.679 0.6178 0.8141
2NBY 484 1.672 0.6194 0.8205
2NBY 485 1.797 0.5973 0.7949
2NBY 486 1.761 0.6275 0.8077
2NBY 487 1.668 0.6276 0.8205
2NBY 488 1.673 0.6337 0.8141
2NBY 489 1.640 0.6500 0.8333
2NBY 490 1.757 0.6050 0.8077
2NBY 491 1.785 0.6052 0.8205
2NBY 492 1.746 0.6050 0.8077
2NBY 493 1.766 0.6055 0.7949
2NBY 494 1.738 0.6137 0.8013
2NBY 495 1.743 0.6193 0.8077
2NBY 496 1.750 0.6218 0.8077
2NBY 497 1.813 0.5971 0.8013
2NBY 498 1.832 0.5902 0.8077
2NBY 499 1.691 0.6179 0.8205
2NBY 500 1.773 0.6081 0.8077
2NBY 501 1.667 0.6274 0.8269
2NBY 502 1.758 0.6076 0.8141
2NBY 503 1.760 0.6012 0.8141
2NBY 504 1.646 0.6350 0.8397
2NBY 505 1.837 0.5850 0.8141
2NBY 506 1.664 0.6261 0.8333
2NBY 507 1.780 0.6084 0.8077
2NBY 508 1.768 0.6130 0.8269
2NBY 509 1.725 0.6157 0.8269
2NBY 510 1.854 0.5974 0.8077
2NBY 511 1.909 0.5783 0.7885
2NBY 512 1.844 0.5925 0.8077
2NBY 513 1.875 0.5827 0.8141
2NBY 514 1.913 0.5873 0.8077
2NBY 515 1.930 0.5802 0.8013
2NBY 516 1.914 0.5861 0.8141
2NBY 517 1.811 0.5979 0.8205
2NBY 518 1.851 0.5884 0.8141
2NBY 519 1.905 0.5773 0.8077
2NBY 520 2.025 0.5682 0.7949
2NBY 521 1.912 0.5922 0.8077
2NBY 522 1.946 0.5727 0.8141
2NBY 523 2.009 0.5588 0.7885
2NBY 524 2.061 0.5612 0.7821
2NBY 525 2.038 0.5652 0.7885
2NBY 526 2.125 0.5628 0.7821
2NBY 527 2.102 0.5550 0.7756
2NBY 528 2.069 0.5638 0.7756
2NBY 529 2.218 0.5486 0.7692
2NBY 530 2.172 0.5547 0.7756
2NBY 531 2.047 0.5675 0.7692
2NBY 532 2.117 0.5691 0.7756
2NBY 533 2.119 0.5506 0.7692
2NBY 534 2.028 0.5707 0.7756
2NBY 535 2.137 0.5444 0.7692
2NBY 536 2.155 0.5522 0.7692
2NBY 537 2.166 0.5472 0.7692
2NBY 538 2.174 0.5526 0.7756
2NBY 539 2.180 0.5442 0.7628
2NBY 540 2.123 0.5626 0.7821
2NBY 541 2.226 0.5588 0.7821
2NBY 542 2.193 0.5512 0.7628
2NBY 543 2.075 0.5639 0.7949
2NBY 544 2.195 0.5583 0.7756
2NBY 545 2.158 0.5624 0.7756
2NBY 546 2.226 0.5453 0.7628
2NBY 547 2.218 0.5472 0.7692
2NBY 548 2.309 0.5398 0.7628
2NBY 549 2.254 0.5227 0.7564
2NBY 550 2.307 0.5263 0.7628
2NBY 551 2.280 0.5376 0.7692
2NBY 552 2.255 0.5477 0.7628
2NBY 553 2.412 0.5289 0.7500
2NBY 554 2.514 0.5248 0.7500
2NBY 555 2.333 0.5613 0.7628
2NBY 556 2.495 0.5263 0.7500
2NBY 557 2.571 0.5103 0.7244
2NBY 558 2.489 0.5193 0.7564
2NBY 559 2.555 0.5408 0.7564
2NBY 560 2.649 0.5215 0.7372
2NBY 561 2.640 0.5336 0.7436
2NBY 562 2.499 0.5542 0.7692
2NBY 563 2.706 0.5168 0.7308
2NBY 564 2.478 0.5258 0.7500
2NBY 565 2.394 0.5562 0.7564
2NBY 566 2.594 0.5140 0.7372
2NBY 567 2.553 0.5202 0.7372
2NBY 568 2.619 0.5233 0.7308
2NBY 569 2.522 0.5367 0.7500
2NBY 570 2.547 0.5305 0.7500
2NBY 571 2.686 0.5233 0.7372
2NBY 572 2.568 0.5036 0.7436
2NBY 573 2.692 0.4958 0.7244
2NBY 574 2.542 0.5314 0.7500
2NBY 575 2.611 0.5248 0.7372
2NBY 576 2.617 0.5173 0.7372
2NBY 577 2.592 0.5359 0.7500
2NBY 578 2.643 0.5283 0.7372
2NBY 579 2.511 0.5120 0.7436
2NBY 580 2.627 0.5308 0.7372
2NBY 581 2.579 0.5038 0.7308
2NBY 582 2.579 0.5145 0.7372
2NBY 583 2.530 0.5315 0.7500
2NBY 584 2.568 0.5025 0.7436
2NBY 585 2.581 0.5258 0.7500
2NBY 586 2.569 0.5245 0.7564
2NBY 587 2.530 0.5264 0.7436
2NBY 588 2.507 0.5337 0.7500
2NBY 589 2.651 0.5112 0.7308
2NBY 590 2.481 0.5242 0.7372
2NBY 591 2.579 0.5283 0.7372
2NBY 592 2.507 0.5248 0.7436
2NBY 593 2.559 0.5135 0.7372
2NBY 594 2.526 0.5279 0.7372
2NBY 595 2.541 0.5270 0.7564
2NBY 596 2.451 0.5307 0.7436
2NBY 597 2.523 0.5368 0.7372
2NBY 598 2.643 0.4949 0.7244
2NBY 599 2.543 0.5084 0.7372
2NBY 600 2.438 0.5444 0.7500
2NBY 601 2.492 0.5358 0.7564
2NBY 602 2.625 0.5243 0.7372
2NBY 603 2.540 0.5409 0.7436
2NBY 604 2.612 0.5162 0.7244
2NBY 605 2.561 0.5308 0.7500
2NBY 606 2.549 0.5263 0.7436
2NBY 607 2.566 0.5301 0.7372
2NBY 608 2.508 0.5335 0.7500
2NBY 609 2.605 0.5126 0.7244
2NBY 610 2.677 0.5253 0.7372
2NBY 611 2.608 0.5097 0.7308
2NBY 612 2.551 0.5357 0.7436
2NBY 613 2.604 0.5149 0.7308
2NBY 614 2.617 0.5242 0.7372
2NBY 615 2.515 0.5287 0.7372
2NBY 616 2.513 0.5302 0.7372
2NBY 617 2.643 0.5243 0.7436
2NBY 618 2.466 0.5438 0.7436
2NBY 619 2.618 0.5240 0.7308
2NBY 620 2.580 0.5241 0.7372
2NBY 621 2.615 0.5064 0.7179
2NBY 622 2.654 0.5239 0.7372
2NBY 623 2.623 0.5093 0.7308
2NBY 624 2.624 0.5173 0.7436
2NBY 625 2.619 0.5074 0.7244
2NBY 626 2.599 0.5306 0.7308
2NBY 627 2.709 0.5247 0.7308
2NBY 628 2.657 0.5252 0.7308
2NBY 629 2.597 0.5186 0.7308
2NBY 630 2.618 0.5323 0.7436
2NBY 631 2.587 0.5312 0.7436
2NBY 632 2.572 0.5488 0.7564
2NBY 633 2.520 0.5520 0.7436
2NBY 634 2.625 0.4894 0.7244
2NBY 635 2.585 0.5293 0.7372
2NBY 636 2.552 0.5031 0.7372
2NBY 637 2.718 0.5021 0.7308
2NBY 638 2.607 0.5104 0.7372
2NBY 639 2.758 0.4825 0.7244
2NBY 640 2.785 0.4807 0.7179
2NBY 641 2.651 0.4939 0.7179
2NBY 642 2.750 0.4977 0.7244
2NBY 643 2.826 0.4851 0.7115
2NBY 644 2.717 0.5063 0.7115
2NBY 645 2.655 0.5013 0.7372
2NBY 646 2.769 0.5068 0.7308
2NBY 647 2.707 0.4946 0.7372
2NBY 648 2.711 0.5125 0.7308
2NBY 649 2.641 0.5091 0.7308
2NBY 650 2.669 0.4875 0.7244
2NBY 651 2.528 0.5185 0.7308
2NBY 652 2.867 0.4883 0.7115
2NBY 653 2.911 0.4738 0.7115
2NBY 654 2.678 0.4925 0.7179
2NBY 655 2.617 0.4951 0.7308
2NBY 656 2.750 0.4944 0.7244
2NBY 657 2.900 0.4764 0.7115
2NBY 658 2.560 0.4948 0.7244
2NBY 659 2.573 0.4955 0.7244
2NBY 660 2.770 0.4790 0.7308
2NBY 661 2.690 0.5052 0.7179
2NBY 662 2.581 0.4951 0.7179
2NBY 663 2.618 0.4869 0.7308
2NBY 664 2.790 0.4764 0.7308
2NBY 665 2.961 0.4973 0.7179
2NBY 666 2.745 0.5247 0.7436
2NBY 667 2.596 0.4946 0.7244
2NBY 668 2.549 0.4907 0.7179
2NBY 669 2.667 0.4861 0.7244
2NBY 670 2.680 0.4936 0.7115
2NBY 671 2.669 0.4774 0.7179
2NBY 672 2.615 0.4832 0.7244
2NBY 673 2.608 0.5117 0.7308
2NBY 674 2.638 0.5131 0.7436
2NBY 675 2.701 0.4764 0.7372
2NBY 676 2.650 0.5205 0.7436
2NBY 677 2.470 0.5237 0.7564
2NBY 678 2.504 0.5061 0.7244
2NBY 679 2.639 0.5033 0.7372
2NBY 680 2.805 0.4650 0.7051
2NBY 681 2.713 0.4846 0.7244
2NBY 682 2.652 0.5135 0.7436
2NBY 683 2.724 0.5020 0.7372
2NBY 684 2.711 0.5261 0.7500
2NBY 685 2.771 0.5038 0.7308
2NBY 686 2.864 0.5061 0.7244
2NBY 687 2.770 0.4799 0.7051
2NBY 688 2.816 0.4839 0.7115
2NBY 689 2.757 0.4979 0.7244
2NBY 690 2.760 0.5044 0.7308
2NBY 691 2.848 0.5150 0.7372
2NBY 692 2.827 0.4762 0.7179
2NBY 693 2.782 0.4793 0.7179
2NBY 694 2.756 0.4568 0.6923
2NBY 695 2.760 0.4744 0.7051
2NBY 696 2.743 0.5022 0.7372
2NBY 697 2.769 0.4959 0.7179
2NBY 698 2.759 0.5082 0.7244
2NBY 699 2.713 0.4761 0.7115
2NBY 700 2.702 0.4803 0.7115
2NBY 701 2.830 0.4772 0.7115
2NBY 702 2.772 0.4874 0.7179
2NBY 703 2.639 0.5159 0.7436
2NBY 704 2.881 0.4947 0.7179
2NBY 705 2.705 0.4924 0.7244
2NBY 706 3.022 0.4557 0.6731
2NBY 707 2.767 0.4628 0.6859
2NBY 708 2.466 0.4835 0.7308
2NBY 709 2.822 0.4779 0.6987
2NBY 710 2.839 0.4939 0.7115
2NBY 711 2.931 0.4767 0.7051
2NBY 712 2.535 0.4920 0.7115
2NBY 713 2.427 0.5025 0.7308
2NBY 714 2.754 0.4968 0.7179
2NBY 715 2.762 0.5071 0.7244
2NBY 716 2.704 0.4706 0.7179
2NBY 717 2.501 0.4940 0.7179
2NBY 718 2.572 0.4736 0.7051
2NBY 719 2.818 0.4627 0.7179
2NBY 720 2.544 0.4918 0.7115
2NBY 721 2.557 0.5057 0.7308
2NBY 722 2.561 0.4992 0.7372
2NBY 723 2.649 0.5041 0.7436
2NBY 724 2.566 0.5372 0.7436
2NBY 725 2.584 0.5118 0.7436
2NBY 726 2.847 0.4997 0.7179
2NBY 727 2.727 0.5309 0.7436
2NBY 728 2.630 0.5184 0.7372
2NBY 729 2.794 0.4996 0.7308
2NBY 730 2.950 0.5122 0.7115
2NBY 731 2.758 0.5352 0.7564
2NBY 732 2.416 0.5269 0.7500
2NBY 733 2.621 0.4792 0.7051
2NBY 734 2.710 0.4866 0.7179
2NBY 735 2.688 0.4965 0.7308
2NBY 736 2.786 0.5128 0.7372
2NBY 737 2.809 0.5123 0.7372
2NBY 738 2.618 0.5389 0.7756
2NBY 739 2.795 0.5014 0.7308
2NBY 740 2.903 0.4864 0.7115
2NBY 741 2.913 0.5004 0.7244
2NBY 742 2.854 0.5107 0.7372
2NBY 743 2.882 0.4798 0.6987
2NBY 744 2.794 0.4840 0.7244
2NBY 745 2.687 0.5147 0.7564
2NBY 746 2.879 0.4906 0.7244
2NBY 747 2.886 0.4784 0.7115
2NBY 748 2.705 0.4782 0.7308
2NBY 749 2.812 0.5227 0.7564
2NBY 750 2.580 0.5457 0.7628
2NBY 751 2.825 0.5221 0.7372
2NBY 752 2.657 0.5389 0.7756
2NBY 753 2.546 0.5362 0.7756
2NBY 754 2.766 0.5221 0.7564
2NBY 755 2.861 0.4762 0.7051
2NBY 756 2.777 0.5055 0.7372
2NBY 757 2.712 0.5007 0.7372
2NBY 758 2.664 0.5120 0.7564
2NBY 759 2.646 0.5484 0.7756
2NBY 760 2.654 0.5198 0.7436
2NBY 761 2.593 0.5098 0.7500
2NBY 762 2.717 0.5037 0.7436
2NBY 763 2.723 0.5047 0.7436
2NBY 764 2.757 0.4964 0.7372
2NBY 765 2.622 0.5023 0.7436
2NBY 766 2.668 0.4931 0.7244
2NBY 767 2.502 0.4803 0.7308
2NBY 768 2.323 0.5107 0.7500
2NBY 769 2.371 0.5268 0.7628
2NBY 770 2.212 0.5333 0.7756
2NBY 771 2.528 0.5084 0.7564
2NBY 772 2.606 0.5162 0.7628
2NBY 773 2.623 0.5187 0.7628
2NBY 774 2.756 0.4746 0.7179
2NBY 775 2.637 0.5299 0.7692
2NBY 776 2.690 0.4791 0.7244
2NBY 777 2.374 0.5178 0.7692
2NBY 778 2.511 0.5275 0.7692
2NBY 779 2.695 0.4933 0.7179
2NBY 780 2.576 0.5077 0.7564
2NBY 781 2.699 0.4939 0.7436
2NBY 782 2.582 0.5052 0.7564
2NBY 783 2.656 0.4992 0.7500
2NBY 784 2.689 0.5313 0.7692
2NBY 785 2.749 0.4891 0.7436
2NBY 786 2.824 0.5035 0.7308
2NBY 787 2.756 0.5056 0.7436
2NBY 788 2.623 0.5447 0.7692
2NBY 789 2.719 0.5090 0.7436
2NBY 790 2.881 0.5077 0.7436
2NBY 791 2.589 0.5355 0.7692
2NBY 792 2.608 0.4898 0.7372
2NBY 793 2.603 0.4968 0.7308
2NBY 794 2.722 0.5212 0.7564
2NBY 795 3.099 0.4909 0.6987
2NBY 796 2.991 0.5171 0.7500
2NBY 797 2.766 0.5189 0.7436
2NBY 798 2.863 0.4803 0.7115
2NBY 799 2.928 0.5076 0.7244
2NBY 800 3.010 0.5050 0.7179
2NBY 801 3.159 0.4918 0.7115
2NBY 802 2.939 0.5026 0.7179
2NBY 803 2.887 0.5378 0.7564
2NBY 804 2.844 0.5237 0.7372
2NBY 805 3.022 0.4905 0.7179
2NBY 806 2.904 0.5366 0.7500
2NBY 807 2.820 0.4714 0.7115
2NBY 808 2.940 0.4573 0.6923
2NBY 809 3.003 0.4937 0.7244
2NBY 810 2.596 0.5052 0.7308
2NBY 811 2.798 0.4842 0.7179
2NBY 812 2.812 0.4800 0.7115
2NBY 813 2.708 0.4936 0.7051
2NBY 814 2.660 0.5046 0.7244
2NBY 815 2.906 0.4729 0.6987
2NBY 816 2.964 0.4812 0.6859
2NBY 817 2.801 0.5125 0.7179
2NBY 818 2.794 0.5159 0.7308
2NBY 819 2.866 0.5177 0.7244
2NBY 820 3.099 0.4806 0.6987
2NBY 821 2.816 0.4999 0.7115
2NBY 822 2.720 0.4779 0.6987
2NBY 823 2.679 0.4886 0.6987
2NBY 824 2.768 0.5083 0.7115
2NBY 825 2.560 0.5513 0.7628
2NBY 826 2.557 0.4987 0.7115
2NBY 827 2.823 0.4554 0.6923
2NBY 828 2.647 0.4819 0.7115
2NBY 829 2.569 0.4922 0.7051
2NBY 830 2.614 0.4899 0.7115
2NBY 831 2.568 0.4980 0.7179
2NBY 832 2.389 0.5172 0.7500
2NBY 833 2.434 0.5071 0.7308
2NBY 834 2.430 0.5312 0.7372
2NBY 835 2.455 0.4910 0.7179
2NBY 836 2.743 0.4728 0.6859
2NBY 837 2.891 0.4711 0.7051
2NBY 838 3.024 0.4599 0.6795
2NBY 839 2.950 0.4629 0.6923
2NBY 840 2.960 0.4644 0.6987
2NBY 841 2.775 0.4970 0.7179
2NBY 842 2.896 0.5027 0.7115
2NBY 843 2.837 0.5075 0.7115
2NBY 844 2.761 0.4907 0.7244
2NBY 845 2.672 0.5049 0.7179
2NBY 846 2.561 0.4758 0.6859
2NBY 847 2.561 0.4510 0.6859
2NBY 848 2.582 0.4932 0.6987
2NBY 849 2.716 0.4741 0.6987
2NBY 850 2.750 0.4563 0.6731
2NBY 851 2.663 0.4570 0.6987
2NBY 852 2.799 0.4407 0.6859
2NBY 853 2.697 0.4748 0.7051
2NBY 854 2.829 0.4789 0.7179
2NBY 855 3.066 0.5011 0.7115
2NBY 856 3.019 0.4995 0.7051
2NBY 857 2.847 0.4724 0.6987
2NBY 858 2.774 0.4779 0.6987
2NBY 859 2.865 0.5281 0.7436
2NBY 860 2.950 0.5270 0.7308
2NBY 861 2.578 0.5492 0.7628
2NBY 862 2.619 0.5049 0.7179
2NBY 863 2.688 0.5039 0.7179
2NBY 864 2.499 0.5200 0.7308
2NBY 865 2.420 0.5027 0.7244
2NBY 866 2.516 0.5220 0.7308
2NBY 867 2.782 0.5305 0.7179
2NBY 868 2.836 0.5202 0.7051
2NBY 869 2.885 0.4918 0.7051
2NBY 870 2.647 0.5379 0.7564
2NBY 871 2.831 0.5018 0.7115
2NBY 872 2.842 0.5053 0.7179
2NBY 873 2.927 0.4941 0.6923
2NBY 874 2.889 0.4617 0.6923
2NBY 875 2.920 0.4312 0.6667
2NBY 876 3.074 0.3971 0.6474
2NBY 877 3.073 0.4437 0.6859
2NBY 878 2.896 0.4500 0.7115
2NBY 879 2.825 0.4395 0.6795
2NBY 880 2.737 0.4524 0.6923
2NBY 881 2.622 0.4393 0.6731
2NBY 882 2.665 0.4697 0.6923
2NBY 883 2.785 0.4364 0.6667
2NBY 884 2.546 0.4510 0.6923
2NBY 885 2.843 0.4480 0.6667
2NBY 886 2.646 0.4524 0.6795
2NBY 887 2.525 0.4381 0.6987
2NBY 888 2.729 0.4563 0.6795
2NBY 889 2.836 0.4519 0.6859
2NBY 890 2.760 0.4596 0.6923
2NBY 891 3.096 0.4502 0.6795
2NBY 892 2.870 0.4532 0.6731
2NBY 893 2.550 0.4497 0.6859
2NBY 894 2.392 0.5093 0.7244
2NBY 895 2.628 0.4797 0.7051
2NBY 896 2.355 0.4893 0.7115
2NBY 897 3.011 0.4082 0.6538
2NBY 898 3.019 0.4131 0.6667
2NBY 899 2.699 0.4503 0.6731
2NBY 900 2.180 0.4911 0.6987
2NBY 901 2.680 0.4367 0.6795
2NBY 902 2.855 0.3974 0.6731
2NBY 903 2.846 0.4016 0.6731
2NBY 904 3.018 0.3940 0.6603
2NBY 905 2.789 0.4379 0.6987
2NBY 906 2.835 0.4502 0.6795
2NBY 907 2.915 0.4251 0.6731
2NBY 908 2.877 0.4204 0.6667
2NBY 909 2.780 0.4579 0.7179
2NBY 910 2.821 0.4531 0.7179
2NBY 911 3.056 0.4168 0.6667
2NBY 912 2.814 0.4355 0.6923
2NBY 913 2.639 0.4527 0.7179
2NBY 914 2.830 0.4549 0.6923
2NBY 915 2.774 0.4621 0.7179
2NBY 916 2.806 0.4504 0.6987
2NBY 917 2.700 0.4626 0.7115
2NBY 918 2.403 0.5106 0.7372
2NBY 919 2.580 0.4544 0.7115
2NBY 920 2.645 0.4782 0.7179
2NBY 921 2.772 0.4280 0.6923
2NBY 922 2.904 0.4430 0.6859
2NBY 923 2.775 0.4411 0.6923
2NBY 924 2.820 0.4440 0.6795
2NBY 925 2.669 0.4799 0.7051
2NBY 926 2.911 0.4576 0.6667
2NBY 927 2.803 0.4394 0.6795
2NBY 928 2.784 0.4361 0.6987
2NBY 929 2.923 0.4226 0.6667
2NBY 930 3.058 0.4364 0.6603
2NBY 931 2.634 0.4831 0.7308
2NBY 932 2.418 0.5177 0.7564
2NBY 933 2.547 0.5035 0.7372
2NBY 934 2.782 0.4716 0.6987
2NBY 935 3.171 0.4155 0.6667
2NBY 936 2.865 0.4428 0.7051
2NBY 937 2.872 0.4444 0.6795
2NBY 938 2.974 0.4140 0.6603
2NBY 939 2.978 0.4259 0.6667
2NBY 940 2.596 0.4825 0.7179
2NBY 941 2.887 0.4635 0.6859
2NBY 942 2.961 0.4633 0.6667
2NBY 943 3.041 0.4554 0.6603
2NBY 944 2.969 0.4463 0.6731
2NBY 945 2.773 0.4393 0.6859
2NBY 946 3.334 0.4171 0.6538
2NBY 947 3.009 0.4441 0.6538
2NBY 948 2.824 0.4349 0.6859
2NBY 949 2.708 0.4479 0.6987
2NBY 950 2.691 0.4607 0.6731
2NBY 951 2.700 0.4328 0.6859
2NBY 952 2.880 0.4216 0.6859
2NBY 953 2.992 0.4469 0.6667
2NBY 954 2.894 0.4428 0.6923
2NBY 955 2.621 0.4647 0.6987
2NBY 956 2.613 0.4840 0.7244
2NBY 957 2.900 0.4499 0.6731
2NBY 958 2.844 0.4609 0.6859
2NBY 959 2.700 0.4647 0.6859
2NBY 960 2.729 0.4675 0.6987
2NBY 961 2.802 0.4715 0.6923
2NBY 962 2.775 0.4834 0.7051
2NBY 963 2.830 0.4781 0.6923
2NBY 964 2.725 0.4464 0.6859
2NBY 965 2.757 0.4414 0.6987
2NBY 966 2.794 0.4539 0.6923
2NBY 967 3.058 0.4401 0.6667
2NBY 968 2.819 0.4709 0.7051
2NBY 969 2.498 0.5120 0.7372
2NBY 970 2.717 0.4875 0.7051
2NBY 971 2.540 0.5021 0.7244
2NBY 972 2.588 0.4687 0.7115
2NBY 973 2.681 0.4639 0.7051
2NBY 974 2.606 0.4887 0.7244
2NBY 975 2.665 0.4791 0.7051
2NBY 976 2.674 0.4611 0.7051
2NBY 977 2.573 0.4920 0.7179
2NBY 978 2.566 0.5023 0.7308
2NBY 979 2.397 0.5071 0.7500
2NBY 980 2.412 0.4903 0.7308
2NBY 981 2.396 0.5001 0.7179
2NBY 982 2.511 0.4900 0.7179
2NBY 983 2.482 0.5043 0.7372
2NBY 984 2.807 0.4477 0.6987
2NBY 985 3.086 0.4188 0.6667
2NBY 986 2.968 0.4000 0.6410
2NBY 987 2.752 0.4044 0.6731
2NBY 988 2.574 0.4344 0.6859
2NBY 989 2.589 0.4380 0.6923
2NBY 990 2.729 0.4227 0.6859
2NBY 991 2.606 0.4435 0.6923
2NBY 992 2.396 0.5055 0.7308
2NBY 993 2.447 0.5012 0.7372
2NBY 994 2.489 0.4779 0.7308
2NBY 995 2.282 0.5074 0.7308
2NBY 996 2.485 0.4587 0.6923
2NBY 997 2.510 0.4805 0.7372
2NBY 998 2.490 0.4840 0.7051
2NBY 999 2.673 0.4427 0.6731
2NBY 1000 2.600 0.4269 0.6795
2NBY 1001 2.414 0.4715 0.6987
2NBY 1002 2.465 0.4688 0.6987
2NBY 1003 2.551 0.4242 0.6987
2NBY 1004 2.641 0.4371 0.6923
2NBY 1005 2.727 0.4383 0.6795
2NBY 1006 2.307 0.4896 0.7372
2NBY 1007 2.484 0.4863 0.7179
2NBY 1008 2.440 0.4873 0.7308
2NBY 1009 2.398 0.4828 0.7244
2NBY 1010 2.410 0.4624 0.6987
2NBY 1011 2.290 0.5061 0.7372
2NBY 1012 2.356 0.5050 0.7308
2NBY 1013 2.292 0.4821 0.7308
2NBY 1014 2.522 0.4504 0.6859
2NBY 1015 2.533 0.4494 0.6987
2NBY 1016 2.606 0.4575 0.6923
2NBY 1017 2.653 0.4391 0.6923
2NBY 1018 2.489 0.4519 0.7051
2NBY 1019 2.496 0.4702 0.7115
2NBY 1020 2.714 0.4136 0.6603
2NBY 1021 2.636 0.4564 0.7179
2NBY 1022 2.569 0.4600 0.7179
2NBY 1023 2.533 0.4931 0.7051
2NBY 1024 2.550 0.4869 0.7115
2NBY 1025 2.617 0.4270 0.6987
2NBY 1026 3.090 0.3958 0.6346
2NBY 1027 2.962 0.4286 0.6603
2NBY 1028 2.805 0.4506 0.6859
2NBY 1029 2.726 0.4459 0.6731
2NBY 1030 2.792 0.4539 0.6667
2NBY 1031 2.670 0.4395 0.6731
2NBY 1032 2.529 0.4717 0.7244
2NBY 1033 2.553 0.4653 0.7244
2NBY 1034 2.797 0.4547 0.7372
2NBY 1035 2.696 0.4644 0.7115
2NBY 1036 2.664 0.4775 0.7308
2NBY 1037 2.730 0.4652 0.6859
2NBY 1038 2.718 0.4565 0.6667
2NBY 1039 2.693 0.4518 0.7051
2NBY 1040 3.066 0.4787 0.6923
2NBY 1041 3.264 0.4404 0.6859
2NBY 1042 3.188 0.4041 0.6603
2NBY 1043 2.679 0.4537 0.6859
2NBY 1044 2.755 0.4759 0.7051
2NBY 1045 2.961 0.4590 0.6859
2NBY 1046 2.870 0.4579 0.6923
2NBY 1047 2.437 0.5246 0.7244
2NBY 1048 2.285 0.5480 0.7500
2NBY 1049 2.569 0.4944 0.7244
2NBY 1050 2.589 0.4602 0.6859
2NBY 1051 2.781 0.4854 0.6859
2NBY 1052 2.679 0.4840 0.7115
2NBY 1053 2.684 0.5115 0.7179
2NBY 1054 2.502 0.5157 0.7372
2NBY 1055 2.503 0.5221 0.7308
2NBY 1056 2.962 0.4632 0.6987
2NBY 1057 2.902 0.4056 0.6603
2NBY 1058 2.936 0.4281 0.6795
2NBY 1059 2.819 0.4961 0.7244
2NBY 1060 2.667 0.5114 0.7308
2NBY 1061 2.750 0.4947 0.7372
2NBY 1062 2.858 0.4323 0.6795
2NBY 1063 2.801 0.4631 0.6731
2NBY 1064 2.663 0.4460 0.7051
