2K66 1 0.000 1.0000 1.0000
2K66 2 0.350 0.8047 1.0000
2K66 3 0.611 0.6175 1.0000
2K66 4 0.323 0.7912 1.0000
2K66 5 0.679 0.5867 0.9773
2K66 6 0.452 0.7706 0.9886
2K66 7 0.513 0.6781 1.0000
2K66 8 0.719 0.5484 0.9773
2K66 9 0.747 0.5675 0.9659
2K66 10 0.438 0.7046 1.0000
2K66 11 0.615 0.5743 1.0000
2K66 12 0.636 0.6035 0.9886
2K66 13 0.463 0.6913 1.0000
2K66 14 0.367 0.7725 1.0000
2K66 15 0.505 0.6428 1.0000
2K66 16 0.887 0.5342 0.9318
2K66 17 0.430 0.7041 1.0000
2K66 18 0.330 0.7892 1.0000
2K66 19 0.395 0.7447 1.0000
2K66 20 0.419 0.7287 1.0000
2K66 21 3.857 0.1942 0.6250
2K66 22 5.732 0.1253 0.5341
2K66 23 8.559 0.1291 0.4773
2K66 24 4.103 0.1554 0.5341
2K66 25 9.133 0.1640 0.3977
2K66 26 8.881 0.1173 0.3977
2K66 27 4.665 0.1329 0.5568
2K66 28 7.727 0.1376 0.5795
2K66 29 10.967 0.1478 0.4773
2K66 30 6.743 0.1240 0.4432
2K66 31 6.542 0.2184 0.5682
2K66 32 13.309 0.1169 0.4318
2K66 33 6.284 0.1973 0.5909
2K66 34 5.034 0.1778 0.6136
2K66 35 6.145 0.1810 0.5795
2K66 36 1.907 0.3114 0.7841
2K66 37 4.211 0.2041 0.6023
2K66 38 2.423 0.2411 0.7386
2K66 39 3.137 0.2430 0.7159
2K66 40 4.465 0.1767 0.6250
2K66 41 3.323 0.2745 0.6932
2K66 42 2.401 0.2246 0.7500
2K66 43 2.102 0.2315 0.7500
2K66 44 2.190 0.2658 0.7614
2K66 45 9.328 0.1592 0.5114
2K66 46 1.991 0.2395 0.7955
2K66 47 3.385 0.1958 0.6591
2K66 48 1.707 0.2855 0.8409
2K66 49 1.914 0.2216 0.7727
2K66 50 1.622 0.3103 0.8068
2K66 51 1.972 0.2380 0.7727
2K66 52 1.948 0.2149 0.7614
2K66 53 2.279 0.3189 0.8068
2K66 54 1.907 0.2528 0.7614
2K66 55 2.303 0.1933 0.7386
2K66 56 2.719 0.2419 0.7159
2K66 57 1.602 0.2959 0.8182
2K66 58 1.843 0.2522 0.7727
2K66 59 2.053 0.2832 0.7614
2K66 60 1.441 0.2992 0.8523
2K66 61 8.576 0.1458 0.4886
2K66 62 9.726 0.1144 0.3636
2K66 63 10.324 0.1149 0.3409
2K66 64 10.943 0.2195 0.5114
2K66 65 9.619 0.1494 0.3409
2K66 66 11.508 0.1101 0.3523
2K66 67 8.027 0.1559 0.5114
2K66 68 5.507 0.1276 0.5114
2K66 69 3.013 0.2215 0.6932
2K66 70 10.008 0.1552 0.4318
2K66 71 9.228 0.1580 0.4205
2K66 72 3.885 0.1592 0.6364
2K66 73 7.244 0.1838 0.5114
2K66 74 3.380 0.2166 0.6705
2K66 75 2.519 0.2199 0.7614
2K66 76 4.500 0.1505 0.6364
2K66 77 2.585 0.2058 0.7273
2K66 78 2.046 0.2681 0.7841
2K66 79 7.187 0.1786 0.5114
2K66 80 2.502 0.2023 0.7386
2K66 81 3.917 0.2689 0.6932
2K66 82 2.908 0.2196 0.7386
2K66 83 6.275 0.1447 0.5455
2K66 84 3.558 0.2462 0.6932
2K66 85 2.866 0.2802 0.7727
2K66 86 2.166 0.2767 0.7614
2K66 87 2.664 0.2210 0.7614
2K66 88 2.634 0.2335 0.7159
2K66 89 1.787 0.2905 0.8409
2K66 90 1.817 0.2863 0.7727
2K66 91 2.634 0.2320 0.7500
2K66 92 1.593 0.2579 0.8295
2K66 93 1.968 0.2196 0.7841
2K66 94 2.151 0.2249 0.7273
2K66 95 2.411 0.2318 0.7273
2K66 96 2.510 0.1956 0.7159
2K66 97 1.348 0.3226 0.8409
2K66 98 1.794 0.2317 0.7955
2K66 99 2.576 0.2183 0.7159
2K66 100 1.700 0.2746 0.8295
2K66 101 11.068 0.0888 0.3636
2K66 102 9.660 0.1428 0.4432
2K66 103 9.810 0.1189 0.4091
2K66 104 9.517 0.1638 0.4205
2K66 105 10.285 0.1782 0.4205
2K66 106 2.143 0.2418 0.7273
2K66 107 9.268 0.1373 0.4205
2K66 108 2.942 0.2271 0.7159
2K66 109 2.853 0.2436 0.7386
2K66 110 2.858 0.1609 0.6705
2K66 111 1.767 0.2802 0.8182
2K66 112 8.658 0.2174 0.5455
2K66 113 2.907 0.2678 0.7273
2K66 114 2.385 0.2728 0.7500
2K66 115 2.141 0.2660 0.7614
2K66 116 3.816 0.1967 0.6818
2K66 117 2.577 0.2330 0.7159
2K66 118 2.287 0.2212 0.7727
2K66 119 2.455 0.2068 0.7273
2K66 120 2.552 0.1852 0.7045
2K66 121 1.987 0.2291 0.7841
2K66 122 1.602 0.2999 0.8295
2K66 123 1.694 0.2506 0.7955
2K66 124 1.649 0.3204 0.8182
2K66 125 2.495 0.2211 0.7273
2K66 126 2.996 0.1938 0.6932
2K66 127 2.176 0.3018 0.7614
2K66 128 1.831 0.2896 0.7955
2K66 129 2.007 0.2784 0.7841
2K66 130 2.540 0.2275 0.7386
2K66 131 2.041 0.2690 0.7955
2K66 132 1.844 0.2857 0.8182
2K66 133 1.483 0.2905 0.8295
2K66 134 2.312 0.2584 0.7386
2K66 135 1.847 0.2761 0.8068
2K66 136 2.314 0.2381 0.7273
2K66 137 1.922 0.2471 0.7841
2K66 138 2.924 0.1809 0.6932
2K66 139 2.035 0.2519 0.7614
2K66 140 1.826 0.2695 0.7841
2K66 141 9.184 0.1244 0.2841
2K66 142 8.739 0.1602 0.5114
2K66 143 9.602 0.1228 0.3636
2K66 144 6.367 0.1527 0.5341
2K66 145 11.554 0.1245 0.4205
2K66 146 3.322 0.2535 0.6932
2K66 147 6.937 0.1508 0.5455
2K66 148 11.340 0.1143 0.3864
2K66 149 8.665 0.1460 0.4545
2K66 150 3.012 0.2443 0.7386
2K66 151 3.571 0.2023 0.6591
2K66 152 10.792 0.1538 0.4432
2K66 153 6.323 0.1866 0.5341
2K66 154 2.440 0.2822 0.7955
2K66 155 10.640 0.1411 0.4659
2K66 156 3.315 0.2267 0.6932
2K66 157 6.791 0.2050 0.6023
2K66 158 3.182 0.1979 0.6818
2K66 159 2.419 0.1925 0.7386
2K66 160 1.891 0.3002 0.7727
2K66 161 2.007 0.2923 0.7955
2K66 162 2.916 0.2359 0.7386
2K66 163 2.208 0.2319 0.7614
2K66 164 2.678 0.2117 0.7045
2K66 165 2.077 0.2353 0.7727
2K66 166 1.879 0.2960 0.7955
2K66 167 2.466 0.2367 0.7614
2K66 168 2.356 0.2597 0.7727
2K66 169 2.795 0.2273 0.6932
2K66 170 2.107 0.2798 0.7841
2K66 171 2.636 0.2289 0.7273
2K66 172 2.406 0.2095 0.7159
2K66 173 2.122 0.2684 0.7727
2K66 174 2.199 0.3270 0.7614
2K66 175 2.603 0.2450 0.7614
2K66 176 2.629 0.1774 0.7045
2K66 177 3.096 0.1915 0.6818
2K66 178 3.012 0.2193 0.7045
2K66 179 2.557 0.2362 0.7614
2K66 180 2.579 0.2327 0.7500
2K66 181 9.924 0.1365 0.4545
2K66 182 11.252 0.1033 0.4091
2K66 183 8.247 0.1183 0.4545
2K66 184 6.076 0.1716 0.5568
2K66 185 4.125 0.1578 0.5909
2K66 186 4.857 0.1855 0.6023
2K66 187 6.277 0.1516 0.5568
2K66 188 6.394 0.1502 0.5455
2K66 189 7.029 0.1859 0.5227
2K66 190 4.260 0.2260 0.6932
2K66 191 3.972 0.1651 0.6250
2K66 192 2.020 0.2189 0.7386
2K66 193 6.763 0.1724 0.5568
2K66 194 3.843 0.2265 0.7045
2K66 195 5.398 0.1690 0.5568
2K66 196 5.415 0.2358 0.6705
2K66 197 2.552 0.2834 0.7386
2K66 198 2.258 0.2534 0.7727
2K66 199 4.489 0.1697 0.6364
2K66 200 3.051 0.2725 0.7386
2K66 201 2.156 0.2523 0.7727
2K66 202 2.223 0.2201 0.7614
2K66 203 1.820 0.2890 0.7841
2K66 204 2.144 0.2750 0.7841
2K66 205 2.209 0.2441 0.7500
2K66 206 2.898 0.2510 0.7159
2K66 207 2.393 0.2806 0.7727
2K66 208 1.705 0.3053 0.8068
2K66 209 1.595 0.3284 0.8182
2K66 210 2.093 0.2826 0.7955
2K66 211 1.949 0.2587 0.7955
2K66 212 2.345 0.2624 0.7955
2K66 213 2.185 0.2458 0.7500
2K66 214 2.097 0.2492 0.7727
2K66 215 1.611 0.2899 0.8068
2K66 216 2.110 0.2319 0.7386
2K66 217 1.965 0.2323 0.7614
2K66 218 1.875 0.2371 0.7727
2K66 219 2.357 0.2369 0.7386
2K66 220 1.805 0.2766 0.7955
2K66 221 8.891 0.1308 0.3977
2K66 222 8.805 0.1088 0.3636
2K66 223 7.288 0.1312 0.5000
2K66 224 11.983 0.1607 0.3750
2K66 225 10.791 0.1241 0.3977
2K66 226 7.108 0.1433 0.4432
2K66 227 6.321 0.1697 0.5455
2K66 228 5.725 0.1620 0.5795
2K66 229 4.761 0.1623 0.5682
2K66 230 11.902 0.1010 0.3636
2K66 231 7.611 0.1521 0.5455
2K66 232 8.398 0.1138 0.4091
2K66 233 4.843 0.1777 0.6136
2K66 234 2.926 0.1785 0.6705
2K66 235 2.261 0.2732 0.7841
2K66 236 8.370 0.1175 0.3977
2K66 237 5.115 0.1883 0.6477
2K66 238 3.927 0.1943 0.6364
2K66 239 4.586 0.1519 0.6136
2K66 240 5.374 0.1862 0.5682
2K66 241 4.783 0.1495 0.6136
2K66 242 2.877 0.2504 0.7159
2K66 243 3.469 0.2243 0.6932
2K66 244 4.026 0.2358 0.7159
2K66 245 2.143 0.2216 0.7500
2K66 246 2.583 0.2166 0.7159
2K66 247 3.217 0.1787 0.6705
2K66 248 1.802 0.2652 0.8295
2K66 249 3.936 0.2374 0.7273
2K66 250 4.028 0.2082 0.6477
2K66 251 4.499 0.2269 0.7045
2K66 252 5.176 0.1361 0.5682
2K66 253 9.214 0.1674 0.5455
2K66 254 3.063 0.2354 0.6705
2K66 255 2.580 0.2738 0.7500
2K66 256 2.659 0.2389 0.7273
2K66 257 3.281 0.2399 0.7045
2K66 258 3.486 0.1514 0.6705
2K66 259 2.179 0.2398 0.7727
2K66 260 2.281 0.2518 0.7727
2K66 261 8.128 0.0904 0.3977
2K66 262 8.035 0.0974 0.3636
2K66 263 9.847 0.1597 0.4773
2K66 264 7.191 0.1707 0.4432
2K66 265 5.210 0.1868 0.6023
2K66 266 9.434 0.1377 0.4545
2K66 267 5.445 0.1990 0.6023
2K66 268 3.989 0.2296 0.6818
2K66 269 4.539 0.1302 0.5568
2K66 270 2.537 0.2298 0.7159
2K66 271 3.847 0.2527 0.7159
2K66 272 3.604 0.1919 0.6705
2K66 273 3.561 0.2627 0.7045
2K66 274 3.460 0.2103 0.6591
2K66 275 3.094 0.2786 0.7386
2K66 276 2.900 0.2080 0.7045
2K66 277 1.505 0.3136 0.8409
2K66 278 2.625 0.2357 0.7500
2K66 279 2.166 0.2655 0.7727
2K66 280 2.453 0.2979 0.7841
2K66 281 2.410 0.3004 0.8068
2K66 282 1.695 0.3363 0.8182
2K66 283 2.099 0.2735 0.7727
2K66 284 1.884 0.3144 0.7955
2K66 285 2.668 0.2532 0.7614
2K66 286 3.283 0.2031 0.6932
2K66 287 2.199 0.2596 0.7614
2K66 288 2.365 0.2278 0.7386
2K66 289 2.816 0.2339 0.7159
2K66 290 1.788 0.3129 0.8182
2K66 291 2.083 0.2843 0.7841
2K66 292 2.117 0.2956 0.7727
2K66 293 1.577 0.2706 0.7955
2K66 294 1.941 0.2911 0.7841
2K66 295 1.483 0.3029 0.8295
2K66 296 1.500 0.3471 0.8295
2K66 297 1.461 0.2941 0.8523
2K66 298 1.651 0.2765 0.7955
2K66 299 1.452 0.3056 0.8295
2K66 300 1.865 0.2837 0.7955
2K66 301 8.040 0.1720 0.4091
2K66 302 9.003 0.0975 0.3182
2K66 303 9.196 0.1085 0.4318
2K66 304 9.254 0.1028 0.3523
2K66 305 6.936 0.1533 0.4432
2K66 306 3.326 0.1311 0.6591
2K66 307 4.575 0.1845 0.6477
2K66 308 5.378 0.2049 0.6250
2K66 309 5.762 0.2125 0.6364
2K66 310 5.081 0.2554 0.6818
2K66 311 4.353 0.1901 0.6364
2K66 312 3.747 0.1749 0.6364
2K66 313 10.518 0.1306 0.4659
2K66 314 3.789 0.2045 0.6705
2K66 315 3.604 0.1930 0.6591
2K66 316 1.772 0.2522 0.8068
2K66 317 2.457 0.2962 0.7841
2K66 318 2.627 0.2145 0.7045
2K66 319 2.414 0.2451 0.7500
2K66 320 2.398 0.2654 0.7727
2K66 321 2.952 0.2144 0.7045
2K66 322 7.615 0.1978 0.5455
2K66 323 1.637 0.2930 0.8295
2K66 324 2.477 0.2166 0.7386
2K66 325 3.288 0.2147 0.6932
2K66 326 1.645 0.3114 0.8409
2K66 327 2.146 0.2635 0.7841
2K66 328 1.503 0.2795 0.8409
2K66 329 1.617 0.2968 0.7955
2K66 330 3.324 0.2039 0.6705
2K66 331 1.746 0.3269 0.7955
2K66 332 1.757 0.2542 0.7955
2K66 333 1.287 0.2764 0.8750
2K66 334 1.560 0.3305 0.8295
2K66 335 1.695 0.3137 0.8295
2K66 336 1.754 0.2986 0.8068
2K66 337 2.360 0.2153 0.7500
2K66 338 1.667 0.3325 0.7955
2K66 339 2.184 0.2384 0.7614
2K66 340 1.708 0.2797 0.8068
2K66 341 10.223 0.1108 0.3295
2K66 342 10.657 0.1275 0.3636
2K66 343 7.948 0.1305 0.4773
2K66 344 9.112 0.1282 0.4318
2K66 345 10.317 0.1471 0.4773
2K66 346 7.842 0.1489 0.5000
2K66 347 7.413 0.2351 0.6250
2K66 348 7.630 0.2089 0.5682
2K66 349 11.436 0.1035 0.3523
2K66 350 4.437 0.1992 0.6250
2K66 351 5.716 0.1870 0.6136
2K66 352 8.356 0.1379 0.4432
2K66 353 5.184 0.2587 0.7045
2K66 354 5.784 0.1200 0.5455
2K66 355 8.830 0.1309 0.4205
2K66 356 2.477 0.1977 0.7500
2K66 357 1.999 0.2181 0.7955
2K66 358 2.503 0.2186 0.7273
2K66 359 1.700 0.2881 0.8068
2K66 360 1.775 0.2589 0.8068
2K66 361 2.125 0.3489 0.8182
2K66 362 3.249 0.2147 0.6705
2K66 363 6.640 0.1224 0.5000
2K66 364 2.053 0.2646 0.7727
2K66 365 2.738 0.1828 0.7273
2K66 366 11.564 0.1324 0.4432
2K66 367 1.626 0.2515 0.8182
2K66 368 2.140 0.2836 0.8068
2K66 369 1.592 0.3220 0.8636
2K66 370 2.611 0.1995 0.7386
2K66 371 2.340 0.2176 0.7727
2K66 372 1.679 0.2380 0.8068
2K66 373 1.950 0.2448 0.7841
2K66 374 2.489 0.2309 0.7500
2K66 375 2.041 0.2338 0.7614
2K66 376 2.044 0.2479 0.7841
2K66 377 1.850 0.2641 0.8068
2K66 378 2.111 0.2192 0.7614
2K66 379 2.724 0.2323 0.7386
2K66 380 2.621 0.1963 0.7159
2K66 381 10.861 0.0928 0.3636
2K66 382 10.684 0.1567 0.4205
2K66 383 5.057 0.1801 0.5568
2K66 384 5.409 0.2161 0.6023
2K66 385 5.712 0.1713 0.5568
2K66 386 8.158 0.1780 0.4545
2K66 387 6.764 0.1745 0.4886
2K66 388 5.156 0.1689 0.5682
2K66 389 6.148 0.2097 0.6136
2K66 390 1.936 0.3231 0.8295
2K66 391 4.508 0.1556 0.5909
2K66 392 4.317 0.2071 0.6250
2K66 393 4.565 0.1413 0.5455
2K66 394 5.547 0.1818 0.5568
2K66 395 2.795 0.2582 0.7273
2K66 396 5.481 0.2134 0.5795
2K66 397 4.619 0.1356 0.6023
2K66 398 1.794 0.2702 0.8295
2K66 399 2.752 0.2291 0.7273
2K66 400 2.256 0.2193 0.7386
2K66 401 2.776 0.2724 0.7500
2K66 402 2.467 0.2445 0.7500
2K66 403 2.055 0.2492 0.7727
2K66 404 2.239 0.3129 0.7727
2K66 405 4.501 0.2193 0.5909
2K66 406 3.431 0.2380 0.7159
2K66 407 2.864 0.2265 0.7045
2K66 408 1.611 0.3020 0.8295
2K66 409 3.462 0.3160 0.7614
2K66 410 2.252 0.2372 0.7727
2K66 411 2.184 0.2955 0.7841
2K66 412 2.343 0.2698 0.7614
2K66 413 1.626 0.2842 0.8409
2K66 414 2.414 0.2792 0.7386
2K66 415 2.354 0.2703 0.8068
2K66 416 2.131 0.2744 0.7727
2K66 417 1.674 0.3066 0.8523
2K66 418 2.301 0.2326 0.7727
2K66 419 2.094 0.2750 0.7727
2K66 420 1.765 0.2570 0.8182
2K66 421 1.423 0.3282 0.8636
2K66 422 1.102 0.3383 0.9318
2K66 423 1.112 0.4135 0.9318
2K66 424 1.146 0.3603 0.9318
2K66 425 1.193 0.3650 0.9091
2K66 426 1.201 0.3691 0.9091
2K66 427 1.159 0.3916 0.9318
2K66 428 1.202 0.3840 0.9205
2K66 429 1.213 0.3824 0.9091
2K66 430 1.191 0.3759 0.9205
2K66 431 1.186 0.3825 0.9205
2K66 432 1.181 0.3912 0.9205
2K66 433 1.196 0.3796 0.9205
2K66 434 1.197 0.3772 0.9205
2K66 435 1.178 0.3793 0.9205
2K66 436 1.189 0.3762 0.9205
2K66 437 1.190 0.3797 0.9205
2K66 438 1.191 0.3711 0.9205
2K66 439 1.194 0.3751 0.9205
2K66 440 1.192 0.3745 0.9205
2K66 441 1.191 0.3810 0.9205
2K66 442 1.201 0.3737 0.9205
2K66 443 1.197 0.3749 0.9205
2K66 444 1.182 0.3848 0.9205
2K66 445 1.190 0.3776 0.9205
2K66 446 1.186 0.3805 0.9205
2K66 447 1.200 0.3764 0.9205
2K66 448 1.193 0.3799 0.9205
2K66 449 1.181 0.3881 0.9205
2K66 450 1.197 0.3687 0.9091
2K66 451 1.198 0.3810 0.9205
2K66 452 1.191 0.3840 0.9205
2K66 453 1.189 0.3749 0.9205
2K66 454 1.190 0.3826 0.9205
2K66 455 1.187 0.3762 0.9205
2K66 456 1.191 0.3701 0.9205
2K66 457 1.186 0.3768 0.9205
2K66 458 1.194 0.3780 0.9205
2K66 459 1.195 0.3799 0.9205
2K66 460 1.174 0.3919 0.9205
2K66 461 1.190 0.3791 0.9205
2K66 462 1.172 0.3883 0.9318
2K66 463 1.187 0.3883 0.9318
2K66 464 1.196 0.3784 0.9091
2K66 465 1.176 0.3769 0.9091
2K66 466 1.182 0.3838 0.9091
2K66 467 1.199 0.3826 0.9205
2K66 468 1.197 0.3821 0.9205
2K66 469 1.178 0.3946 0.9205
2K66 470 1.197 0.3806 0.9091
2K66 471 1.212 0.3872 0.9091
2K66 472 1.194 0.3888 0.9205
2K66 473 1.204 0.3962 0.9205
2K66 474 1.188 0.3990 0.9318
2K66 475 1.192 0.3922 0.9091
2K66 476 1.176 0.3897 0.9205
2K66 477 1.172 0.3969 0.9318
2K66 478 1.187 0.3951 0.9091
2K66 479 1.194 0.3797 0.8977
2K66 480 1.181 0.3885 0.9205
2K66 481 1.213 0.3789 0.9205
2K66 482 1.165 0.4159 0.9318
2K66 483 1.193 0.4008 0.9205
2K66 484 1.182 0.3894 0.9205
2K66 485 1.206 0.4018 0.9091
2K66 486 1.207 0.3820 0.9091
2K66 487 1.200 0.3726 0.8977
2K66 488 1.228 0.3835 0.8977
2K66 489 1.208 0.3796 0.8977
2K66 490 1.200 0.3686 0.8977
2K66 491 1.203 0.3748 0.8977
2K66 492 1.222 0.3600 0.8864
2K66 493 1.201 0.3807 0.9091
2K66 494 1.216 0.3718 0.9091
2K66 495 1.221 0.3657 0.8977
2K66 496 1.222 0.3713 0.9091
2K66 497 1.230 0.3684 0.8977
2K66 498 1.215 0.3757 0.8864
2K66 499 1.199 0.3822 0.9091
2K66 500 1.174 0.4162 0.9205
2K66 501 1.158 0.4236 0.9432
2K66 502 1.180 0.4071 0.9205
2K66 503 1.169 0.3901 0.9318
2K66 504 1.216 0.3680 0.8977
2K66 505 1.229 0.3671 0.8977
2K66 506 1.202 0.3870 0.9091
2K66 507 1.239 0.3644 0.9091
2K66 508 1.198 0.3706 0.9091
2K66 509 1.233 0.3658 0.8977
2K66 510 1.210 0.3741 0.9091
2K66 511 1.209 0.3774 0.9091
2K66 512 1.210 0.3845 0.9091
2K66 513 1.224 0.3779 0.8977
2K66 514 1.171 0.3839 0.8977
2K66 515 1.174 0.3921 0.9091
2K66 516 1.178 0.3907 0.9091
2K66 517 1.197 0.3836 0.9091
2K66 518 1.196 0.3990 0.9091
2K66 519 1.179 0.4050 0.9091
2K66 520 1.163 0.3858 0.9205
2K66 521 1.210 0.3746 0.8977
2K66 522 1.210 0.3763 0.8977
2K66 523 1.203 0.3719 0.8977
2K66 524 1.195 0.4198 0.8977
2K66 525 1.190 0.3545 0.9091
2K66 526 1.191 0.3733 0.8977
2K66 527 1.204 0.3856 0.8977
2K66 528 1.228 0.3964 0.8977
2K66 529 1.211 0.3824 0.9091
2K66 530 1.198 0.3771 0.9091
2K66 531 1.212 0.3927 0.8977
2K66 532 1.190 0.3846 0.8977
2K66 533 1.220 0.3761 0.8977
2K66 534 1.162 0.3911 0.8977
2K66 535 1.184 0.4084 0.9205
2K66 536 1.204 0.3768 0.9205
2K66 537 1.180 0.3972 0.8977
2K66 538 1.162 0.3906 0.9091
2K66 539 1.156 0.4317 0.9205
2K66 540 1.179 0.4147 0.9205
2K66 541 1.165 0.4341 0.9205
2K66 542 1.183 0.3989 0.9318
2K66 543 1.172 0.3893 0.9091
2K66 544 1.173 0.4181 0.9091
2K66 545 1.151 0.4166 0.9318
2K66 546 1.204 0.4005 0.9091
2K66 547 1.204 0.3926 0.9318
2K66 548 1.209 0.4090 0.9205
2K66 549 1.185 0.4155 0.9318
2K66 550 1.207 0.3580 0.9091
2K66 551 1.203 0.4045 0.8977
2K66 552 1.223 0.3845 0.8977
2K66 553 1.194 0.3652 0.9091
2K66 554 1.219 0.3645 0.9091
2K66 555 1.221 0.4025 0.9091
2K66 556 1.216 0.4242 0.9091
2K66 557 1.215 0.3728 0.8864
2K66 558 1.216 0.3811 0.9091
2K66 559 1.219 0.3688 0.9091
2K66 560 1.183 0.4061 0.9205
2K66 561 1.243 0.3795 0.8977
2K66 562 1.202 0.3757 0.9091
2K66 563 1.196 0.4140 0.9318
2K66 564 1.223 0.4161 0.9205
2K66 565 1.161 0.4233 0.9318
2K66 566 1.174 0.4355 0.9205
2K66 567 1.223 0.3980 0.9205
2K66 568 1.295 0.3726 0.8977
2K66 569 1.258 0.3697 0.9091
2K66 570 1.291 0.3876 0.8977
2K66 571 1.267 0.3777 0.8977
2K66 572 1.279 0.3801 0.9091
2K66 573 1.235 0.4129 0.9205
2K66 574 1.216 0.4112 0.9091
2K66 575 1.230 0.3920 0.9091
2K66 576 1.264 0.3600 0.8977
2K66 577 1.261 0.3866 0.9205
2K66 578 1.282 0.3474 0.8977
2K66 579 1.271 0.3885 0.9091
2K66 580 1.262 0.3952 0.9318
2K66 581 1.260 0.3743 0.9205
2K66 582 1.315 0.3835 0.8977
2K66 583 1.258 0.3694 0.9205
2K66 584 1.311 0.3600 0.8977
2K66 585 1.306 0.3593 0.8977
2K66 586 1.288 0.4079 0.9091
2K66 587 1.287 0.3752 0.9091
2K66 588 1.267 0.3641 0.8977
2K66 589 1.322 0.3555 0.8864
2K66 590 1.251 0.4037 0.9205
2K66 591 1.308 0.3877 0.9091
2K66 592 1.283 0.3956 0.9091
2K66 593 1.274 0.3923 0.9091
2K66 594 1.340 0.3372 0.8977
2K66 595 1.318 0.4132 0.9091
2K66 596 1.228 0.3838 0.9205
2K66 597 1.304 0.3646 0.8864
2K66 598 1.271 0.3869 0.9205
2K66 599 1.303 0.3795 0.8977
2K66 600 1.275 0.3382 0.8977
2K66 601 1.248 0.3639 0.9091
2K66 602 1.182 0.3967 0.9318
2K66 603 1.241 0.3470 0.8864
2K66 604 1.279 0.3926 0.9091
2K66 605 1.311 0.3814 0.9091
2K66 606 1.281 0.3941 0.9091
2K66 607 1.294 0.3847 0.9091
2K66 608 1.246 0.3697 0.8977
2K66 609 1.332 0.4225 0.9205
2K66 610 1.479 0.3597 0.9091
2K66 611 1.391 0.3593 0.9205
2K66 612 1.436 0.3540 0.9205
2K66 613 1.448 0.3428 0.8977
2K66 614 1.448 0.3381 0.8977
2K66 615 1.463 0.3163 0.8864
2K66 616 1.502 0.3498 0.8864
2K66 617 1.463 0.3254 0.8864
2K66 618 1.395 0.3582 0.8977
2K66 619 1.512 0.3399 0.8977
2K66 620 1.484 0.3087 0.8977
2K66 621 1.422 0.3342 0.8864
2K66 622 1.476 0.3101 0.8864
2K66 623 1.473 0.3320 0.8864
2K66 624 1.438 0.3310 0.8864
2K66 625 1.528 0.3388 0.8750
2K66 626 1.438 0.3481 0.8864
2K66 627 1.461 0.3420 0.8864
2K66 628 1.456 0.3268 0.8977
2K66 629 1.458 0.3104 0.8864
2K66 630 1.468 0.3153 0.8977
2K66 631 1.517 0.3102 0.8864
2K66 632 1.545 0.3141 0.8750
2K66 633 1.690 0.3144 0.8636
2K66 634 1.585 0.3158 0.8750
2K66 635 1.442 0.3338 0.8864
2K66 636 1.565 0.3227 0.8750
2K66 637 1.550 0.3326 0.8750
2K66 638 1.527 0.3310 0.8750
2K66 639 1.443 0.3600 0.9091
2K66 640 1.496 0.3393 0.8864
2K66 641 1.619 0.2777 0.8636
2K66 642 1.684 0.2909 0.8523
2K66 643 1.483 0.3186 0.8636
2K66 644 1.675 0.2556 0.8409
2K66 645 1.711 0.2522 0.8295
2K66 646 1.692 0.2576 0.8409
2K66 647 1.638 0.2590 0.8409
2K66 648 1.626 0.2569 0.8409
2K66 649 1.642 0.2874 0.8523
2K66 650 1.679 0.2780 0.8523
2K66 651 1.707 0.2718 0.8523
2K66 652 1.667 0.2723 0.8409
2K66 653 1.698 0.2765 0.8409
2K66 654 1.660 0.2758 0.8409
2K66 655 1.735 0.2614 0.8182
2K66 656 1.596 0.2851 0.8523
2K66 657 1.632 0.2812 0.8523
2K66 658 1.553 0.2878 0.8523
2K66 659 1.660 0.2730 0.8409
2K66 660 1.733 0.2773 0.8523
2K66 661 1.719 0.2560 0.8295
2K66 662 1.612 0.2688 0.8409
2K66 663 1.669 0.2860 0.8409
2K66 664 1.546 0.2890 0.8636
2K66 665 1.642 0.2905 0.8523
2K66 666 1.702 0.2673 0.8409
2K66 667 1.636 0.2954 0.8523
2K66 668 1.653 0.2970 0.8523
2K66 669 1.661 0.2783 0.8523
2K66 670 1.629 0.2585 0.8523
2K66 671 1.615 0.2601 0.8523
2K66 672 1.746 0.2689 0.8523
2K66 673 1.675 0.2816 0.8523
2K66 674 1.632 0.2756 0.8523
2K66 675 1.671 0.2686 0.8523
2K66 676 1.652 0.2879 0.8523
2K66 677 1.606 0.2790 0.8523
2K66 678 1.601 0.2779 0.8409
2K66 679 1.623 0.2730 0.8523
2K66 680 1.557 0.2862 0.8523
2K66 681 1.606 0.2767 0.8523
2K66 682 1.707 0.2613 0.8295
2K66 683 1.615 0.2671 0.8523
2K66 684 1.634 0.2873 0.8523
2K66 685 1.634 0.2661 0.8295
2K66 686 1.649 0.2796 0.8523
2K66 687 1.607 0.2766 0.8523
2K66 688 1.645 0.2740 0.8409
2K66 689 1.711 0.2862 0.8409
2K66 690 1.600 0.2764 0.8409
2K66 691 1.756 0.2874 0.8409
2K66 692 1.702 0.2744 0.8295
2K66 693 1.584 0.3043 0.8523
2K66 694 1.623 0.2817 0.8523
2K66 695 1.647 0.2795 0.8409
2K66 696 1.548 0.2978 0.8523
2K66 697 1.629 0.2789 0.8523
2K66 698 1.672 0.2506 0.8409
2K66 699 1.746 0.2577 0.8523
2K66 700 1.644 0.2747 0.8523
2K66 701 1.676 0.2662 0.8409
2K66 702 1.616 0.2647 0.8523
2K66 703 1.680 0.2660 0.8409
2K66 704 1.699 0.2657 0.8409
2K66 705 1.616 0.3023 0.8523
2K66 706 1.719 0.2788 0.8523
2K66 707 1.623 0.2836 0.8523
2K66 708 1.658 0.2752 0.8295
2K66 709 1.618 0.2631 0.8409
2K66 710 1.612 0.2812 0.8523
2K66 711 1.711 0.2751 0.8409
2K66 712 1.573 0.2734 0.8523
2K66 713 1.508 0.2834 0.8409
2K66 714 1.613 0.2995 0.8409
2K66 715 1.652 0.2800 0.8636
2K66 716 1.602 0.2691 0.8523
2K66 717 1.600 0.2893 0.8636
2K66 718 1.556 0.2834 0.8523
2K66 719 1.609 0.2784 0.8523
2K66 720 1.732 0.2811 0.8409
2K66 721 1.667 0.2837 0.8523
2K66 722 1.716 0.2806 0.8523
2K66 723 1.639 0.2740 0.8523
2K66 724 1.618 0.3073 0.8636
2K66 725 1.707 0.2767 0.8409
2K66 726 1.556 0.2728 0.8523
2K66 727 1.631 0.2639 0.8409
2K66 728 1.695 0.2666 0.8409
2K66 729 1.635 0.2816 0.8523
2K66 730 1.680 0.2925 0.8523
2K66 731 1.613 0.2883 0.8523
2K66 732 1.572 0.3131 0.8636
2K66 733 1.601 0.3228 0.8523
2K66 734 1.580 0.2791 0.8636
2K66 735 1.626 0.2690 0.8523
2K66 736 1.665 0.2471 0.8523
2K66 737 1.747 0.2693 0.8295
2K66 738 1.684 0.2464 0.8409
2K66 739 1.613 0.2808 0.8523
2K66 740 1.703 0.2868 0.8409
2K66 741 1.714 0.2687 0.8409
2K66 742 1.592 0.2778 0.8523
2K66 743 1.681 0.2678 0.8523
2K66 744 1.666 0.2811 0.8523
2K66 745 1.585 0.2662 0.8523
2K66 746 1.673 0.2617 0.8295
2K66 747 1.582 0.2564 0.8523
2K66 748 1.668 0.2903 0.8523
2K66 749 1.745 0.2531 0.8409
2K66 750 1.497 0.2818 0.8523
2K66 751 1.762 0.2477 0.8409
2K66 752 1.685 0.2719 0.8523
2K66 753 1.604 0.2823 0.8523
2K66 754 1.651 0.2622 0.8409
2K66 755 1.688 0.2943 0.8409
2K66 756 1.688 0.2459 0.8295
2K66 757 1.571 0.2976 0.8409
2K66 758 1.739 0.2682 0.8523
2K66 759 1.661 0.2762 0.8523
2K66 760 1.744 0.2731 0.8409
2K66 761 1.669 0.2865 0.8523
2K66 762 1.624 0.2922 0.8523
2K66 763 1.547 0.2890 0.8523
2K66 764 1.595 0.2742 0.8409
2K66 765 1.727 0.2502 0.8295
2K66 766 1.771 0.3303 0.8750
2K66 767 1.676 0.3037 0.8636
2K66 768 1.763 0.3314 0.8864
2K66 769 1.621 0.3325 0.8636
2K66 770 1.740 0.2639 0.8523
2K66 771 1.560 0.2740 0.8409
2K66 772 1.688 0.2951 0.8409
2K66 773 1.665 0.2996 0.8523
2K66 774 1.632 0.3126 0.8636
2K66 775 1.559 0.2877 0.8523
2K66 776 1.603 0.2754 0.8523
2K66 777 1.703 0.2844 0.8523
2K66 778 1.578 0.2967 0.8409
2K66 779 1.584 0.2844 0.8636
2K66 780 1.611 0.2804 0.8409
2K66 781 1.513 0.2827 0.8523
2K66 782 1.672 0.2759 0.8636
2K66 783 1.657 0.2655 0.8409
2K66 784 1.691 0.2847 0.8409
2K66 785 1.624 0.2747 0.8523
2K66 786 1.856 0.2939 0.8636
2K66 787 1.795 0.2656 0.8636
2K66 788 1.698 0.2883 0.8636
2K66 789 1.648 0.2929 0.8409
2K66 790 1.739 0.2694 0.8295
2K66 791 1.722 0.2660 0.8409
2K66 792 1.706 0.2657 0.8409
2K66 793 1.671 0.2701 0.8295
2K66 794 1.703 0.2860 0.8523
2K66 795 1.664 0.2836 0.8523
2K66 796 1.510 0.3292 0.8750
2K66 797 1.646 0.2675 0.8409
2K66 798 1.742 0.2866 0.8295
2K66 799 1.692 0.2425 0.8295
2K66 800 1.759 0.2790 0.8295
2K66 801 1.616 0.2370 0.8409
2K66 802 1.787 0.2914 0.8636
2K66 803 1.710 0.2742 0.8409
2K66 804 1.610 0.2990 0.8636
2K66 805 1.687 0.2827 0.8523
2K66 806 1.702 0.2786 0.8523
2K66 807 1.663 0.2538 0.8409
2K66 808 1.678 0.2656 0.8409
2K66 809 1.635 0.2781 0.8523
2K66 810 1.668 0.3037 0.8523
2K66 811 1.540 0.2699 0.8409
2K66 812 1.758 0.2772 0.8295
2K66 813 1.581 0.2758 0.8409
2K66 814 1.657 0.2729 0.8409
2K66 815 1.790 0.2513 0.8295
2K66 816 1.709 0.2678 0.8636
2K66 817 1.667 0.3039 0.8750
2K66 818 1.822 0.2787 0.8636
2K66 819 1.645 0.2682 0.8523
2K66 820 1.733 0.3039 0.8523
2K66 821 1.614 0.2833 0.8409
2K66 822 1.530 0.2766 0.8523
2K66 823 1.696 0.2506 0.8409
2K66 824 1.710 0.2838 0.8523
2K66 825 1.847 0.2591 0.8295
2K66 826 1.816 0.2710 0.8295
2K66 827 1.640 0.2547 0.8295
2K66 828 1.621 0.2943 0.8636
2K66 829 1.772 0.2813 0.8409
2K66 830 1.615 0.2731 0.8523
2K66 831 1.656 0.2879 0.8523
2K66 832 1.548 0.2808 0.8409
2K66 833 1.626 0.2738 0.8409
2K66 834 1.618 0.3275 0.8523
2K66 835 1.750 0.2637 0.8409
2K66 836 1.662 0.3016 0.8523
2K66 837 1.634 0.2775 0.8523
2K66 838 1.547 0.3181 0.8523
2K66 839 1.703 0.2806 0.8523
2K66 840 1.701 0.2728 0.8523
2K66 841 1.585 0.2787 0.8523
2K66 842 1.682 0.2885 0.8409
2K66 843 1.634 0.2746 0.8523
2K66 844 1.743 0.2550 0.8295
2K66 845 1.543 0.2941 0.8636
2K66 846 1.581 0.2923 0.8523
2K66 847 1.655 0.2526 0.8636
2K66 848 1.670 0.2653 0.8409
2K66 849 1.618 0.2807 0.8523
2K66 850 1.750 0.2761 0.8409
2K66 851 1.741 0.2485 0.8295
2K66 852 1.573 0.2719 0.8523
2K66 853 1.678 0.2690 0.8523
2K66 854 1.597 0.2837 0.8636
2K66 855 1.600 0.2687 0.8636
2K66 856 1.611 0.2848 0.8523
2K66 857 1.714 0.2600 0.8409
2K66 858 1.685 0.3115 0.8864
2K66 859 1.634 0.2991 0.8636
2K66 860 1.724 0.3162 0.8864
2K66 861 1.531 0.3233 0.8750
2K66 862 1.664 0.2824 0.8636
2K66 863 1.496 0.3177 0.8636
2K66 864 1.539 0.3178 0.8750
2K66 865 1.656 0.2975 0.8409
2K66 866 1.796 0.3164 0.8636
2K66 867 1.671 0.3344 0.8636
2K66 868 1.796 0.2997 0.8523
2K66 869 1.788 0.2890 0.8409
2K66 870 1.700 0.2724 0.8523
2K66 871 1.726 0.2902 0.8523
2K66 872 1.674 0.3363 0.8750
2K66 873 1.524 0.3585 0.8750
2K66 874 1.620 0.3283 0.8750
2K66 875 1.554 0.3274 0.8750
2K66 876 1.469 0.3539 0.9091
2K66 877 1.716 0.3620 0.8864
2K66 878 1.491 0.3499 0.8977
2K66 879 1.539 0.4188 0.9091
2K66 880 1.518 0.3342 0.8636
2K66 881 1.665 0.4083 0.9091
2K66 882 1.602 0.3973 0.9205
2K66 883 1.468 0.4066 0.9205
2K66 884 1.738 0.3149 0.8409
2K66 885 1.774 0.3078 0.8523
2K66 886 1.734 0.3392 0.8977
2K66 887 1.289 0.3381 0.8750
2K66 888 1.511 0.3740 0.8864
2K66 889 1.742 0.3276 0.8636
2K66 890 1.598 0.3276 0.8636
2K66 891 1.684 0.2871 0.8750
2K66 892 1.609 0.2970 0.8523
2K66 893 1.498 0.3457 0.8750
2K66 894 1.560 0.3557 0.8977
2K66 895 1.556 0.2945 0.8977
2K66 896 1.511 0.3588 0.9205
2K66 897 1.596 0.3210 0.8750
2K66 898 1.841 0.3022 0.8523
2K66 899 1.420 0.3364 0.8750
2K66 900 1.633 0.2994 0.8523
2K66 901 1.679 0.3826 0.8864
2K66 902 1.746 0.3098 0.8636
2K66 903 1.653 0.3372 0.8864
2K66 904 1.671 0.3169 0.8750
2K66 905 1.495 0.3176 0.8977
2K66 906 1.604 0.3981 0.9318
2K66 907 1.524 0.3086 0.8636
2K66 908 1.656 0.3056 0.8750
2K66 909 1.390 0.3207 0.9091
2K66 910 1.594 0.2994 0.8523
2K66 911 1.563 0.3360 0.8750
2K66 912 1.703 0.3003 0.8409
2K66 913 1.663 0.2787 0.8409
2K66 914 1.426 0.3360 0.8636
2K66 915 1.697 0.3003 0.8636
2K66 916 1.483 0.3172 0.8523
2K66 917 1.553 0.3176 0.8409
2K66 918 1.508 0.3703 0.8750
2K66 919 1.575 0.2939 0.8750
2K66 920 1.684 0.2975 0.8523
2K66 921 1.579 0.2886 0.8409
2K66 922 1.340 0.3158 0.8750
2K66 923 1.779 0.2999 0.8636
2K66 924 1.979 0.2262 0.7841
2K66 925 1.887 0.2803 0.8068
2K66 926 1.703 0.2600 0.8182
2K66 927 1.578 0.2795 0.8409
2K66 928 1.768 0.2635 0.8295
2K66 929 1.724 0.3044 0.8409
2K66 930 1.589 0.3135 0.8977
2K66 931 1.453 0.3523 0.8864
2K66 932 1.692 0.3370 0.8864
2K66 933 1.925 0.3002 0.8295
2K66 934 1.699 0.2575 0.8523
2K66 935 1.780 0.2930 0.8523
2K66 936 1.693 0.3088 0.8409
2K66 937 1.557 0.3073 0.8864
2K66 938 1.774 0.2812 0.8409
2K66 939 1.770 0.2981 0.8523
2K66 940 1.698 0.3484 0.8750
2K66 941 1.707 0.3338 0.8750
2K66 942 1.693 0.2993 0.8409
2K66 943 1.508 0.3441 0.8864
2K66 944 1.701 0.3102 0.8636
2K66 945 1.859 0.2629 0.8182
2K66 946 1.830 0.3523 0.8864
2K66 947 1.774 0.3234 0.8864
2K66 948 1.782 0.3175 0.8636
2K66 949 1.765 0.3039 0.8636
2K66 950 1.747 0.3123 0.8523
2K66 951 1.594 0.3069 0.8409
2K66 952 1.887 0.2946 0.8409
2K66 953 1.690 0.3144 0.8636
2K66 954 1.572 0.3349 0.8750
2K66 955 1.660 0.3061 0.8636
2K66 956 1.794 0.3089 0.8523
2K66 957 2.042 0.2685 0.8409
2K66 958 1.873 0.3063 0.8409
2K66 959 1.587 0.3619 0.9091
2K66 960 1.569 0.3437 0.8750
2K66 961 1.809 0.3259 0.8523
2K66 962 1.461 0.2983 0.8523
2K66 963 1.410 0.2998 0.8636
2K66 964 1.688 0.3319 0.8523
2K66 965 1.419 0.2848 0.8636
2K66 966 1.716 0.3199 0.8864
2K66 967 1.506 0.2934 0.8523
2K66 968 1.480 0.3076 0.8750
2K66 969 1.886 0.2678 0.8295
2K66 970 1.700 0.3220 0.8409
2K66 971 1.744 0.2936 0.8750
2K66 972 1.501 0.3066 0.8636
2K66 973 1.396 0.3715 0.9432
2K66 974 1.541 0.3163 0.8636
2K66 975 1.802 0.2779 0.8523
2K66 976 1.946 0.2925 0.8409
2K66 977 1.918 0.2671 0.8295
2K66 978 2.071 0.2481 0.8182
2K66 979 1.779 0.3052 0.8409
2K66 980 1.665 0.3318 0.8750
2K66 981 1.592 0.2991 0.8636
2K66 982 1.642 0.2900 0.8409
2K66 983 1.752 0.2656 0.8409
2K66 984 1.978 0.2563 0.8295
2K66 985 1.554 0.2752 0.8409
2K66 986 1.521 0.3103 0.8636
2K66 987 1.467 0.3334 0.8864
2K66 988 1.530 0.3117 0.8750
2K66 989 1.676 0.2992 0.8523
2K66 990 1.638 0.3012 0.8523
2K66 991 1.822 0.3448 0.8636
2K66 992 1.551 0.3120 0.8750
2K66 993 1.971 0.2688 0.8409
2K66 994 1.961 0.3242 0.8750
2K66 995 1.559 0.3549 0.8750
2K66 996 1.560 0.3994 0.9091
2K66 997 1.967 0.2880 0.8409
2K66 998 1.862 0.3046 0.8523
2K66 999 1.488 0.3548 0.8864
2K66 1000 1.758 0.3047 0.8523
2K66 1001 1.768 0.2803 0.8409
2K66 1002 1.704 0.3341 0.8750
2K66 1003 1.803 0.3324 0.8750
2K66 1004 1.676 0.2808 0.8409
2K66 1005 1.359 0.2730 0.8409
2K66 1006 1.882 0.2703 0.8523
2K66 1007 1.556 0.3409 0.8977
2K66 1008 1.748 0.2866 0.8409
2K66 1009 1.862 0.2364 0.8182
2K66 1010 1.906 0.2872 0.7955
2K66 1011 1.896 0.2411 0.8068
2K66 1012 1.609 0.2910 0.8636
2K66 1013 1.527 0.3493 0.8750
2K66 1014 1.725 0.2748 0.8523
2K66 1015 1.458 0.3291 0.8636
2K66 1016 1.845 0.2851 0.8636
2K66 1017 1.904 0.3189 0.8636
2K66 1018 1.635 0.3404 0.8750
2K66 1019 1.440 0.3599 0.9205
2K66 1020 1.772 0.3011 0.8636
2K66 1021 1.802 0.3112 0.8523
2K66 1022 1.895 0.2981 0.8636
2K66 1023 1.876 0.2882 0.8523
2K66 1024 2.158 0.3141 0.8409
2K66 1025 1.767 0.3174 0.8409
2K66 1026 1.727 0.2891 0.8295
2K66 1027 1.634 0.2806 0.8409
2K66 1028 1.669 0.3060 0.8523
2K66 1029 1.755 0.2928 0.8636
2K66 1030 1.945 0.2817 0.8523
2K66 1031 1.754 0.3432 0.8636
2K66 1032 1.946 0.2654 0.8295
2K66 1033 1.825 0.2694 0.8182
2K66 1034 1.998 0.2961 0.8409
2K66 1035 1.779 0.2909 0.8182
2K66 1036 2.123 0.2971 0.8182
2K66 1037 1.723 0.3050 0.8295
2K66 1038 1.945 0.2671 0.8409
2K66 1039 1.571 0.3024 0.8409
2K66 1040 1.608 0.3188 0.8750
2K66 1041 2.046 0.2843 0.8409
2K66 1042 1.789 0.3152 0.8636
2K66 1043 1.731 0.2758 0.8636
2K66 1044 1.313 0.3262 0.8750
2K66 1045 1.981 0.3263 0.8523
2K66 1046 1.702 0.3175 0.8750
2K66 1047 1.618 0.3505 0.9091
2K66 1048 1.986 0.3204 0.8409
2K66 1049 2.057 0.2771 0.8182
2K66 1050 1.694 0.3286 0.8864
2K66 1051 1.795 0.3291 0.8636
2K66 1052 2.011 0.2820 0.8523
2K66 1053 1.798 0.2672 0.8409
2K66 1054 1.611 0.3725 0.8977
2K66 1055 1.591 0.3195 0.8636
2K66 1056 1.881 0.3104 0.8523
2K66 1057 1.658 0.3076 0.8750
2K66 1058 1.734 0.3224 0.8750
2K66 1059 1.786 0.2829 0.8409
2K66 1060 1.403 0.4021 0.9205
2K66 1061 1.601 0.3252 0.8523
2K66 1062 1.743 0.3199 0.8523
2K66 1063 1.718 0.3171 0.8523
2K66 1064 1.993 0.2495 0.7955
2K66 1065 1.854 0.3427 0.8409
2K66 1066 1.928 0.3121 0.8523
2K66 1067 2.034 0.3066 0.8523
2K66 1068 1.902 0.3071 0.8409
2K66 1069 1.672 0.3403 0.9091
2K66 1070 1.629 0.3123 0.8636
2K66 1071 1.714 0.3047 0.8636
2K66 1072 1.702 0.2826 0.8523
2K66 1073 1.700 0.2760 0.8409
2K66 1074 1.821 0.2916 0.8523
2K66 1075 1.995 0.2323 0.7955
2K66 1076 1.829 0.3065 0.8636
2K66 1077 1.550 0.3187 0.8636
2K66 1078 1.607 0.3380 0.8636
2K66 1079 2.106 0.2882 0.8295
2K66 1080 1.936 0.3079 0.8523
2K66 1081 1.872 0.3314 0.8864
2K66 1082 1.815 0.2992 0.8636
2K66 1083 1.948 0.2953 0.8523
2K66 1084 1.810 0.2541 0.8182
2K66 1085 2.098 0.2531 0.7841
2K66 1086 1.810 0.2787 0.8068
2K66 1087 1.869 0.2466 0.8182
2K66 1088 1.982 0.2693 0.7955
2K66 1089 2.251 0.2547 0.7841
2K66 1090 1.972 0.2369 0.7841
2K66 1091 2.281 0.2725 0.7727
2K66 1092 2.245 0.2465 0.7841
2K66 1093 2.167 0.2436 0.7841
2K66 1094 2.008 0.2419 0.7841
2K66 1095 1.965 0.2761 0.8182
2K66 1096 1.855 0.3141 0.8523
2K66 1097 1.864 0.2765 0.8409
2K66 1098 1.621 0.3523 0.8864
2K66 1099 1.633 0.3494 0.8977
2K66 1100 1.809 0.3566 0.8977
2K66 1101 1.619 0.3345 0.9091
2K66 1102 1.759 0.3025 0.8523
2K66 1103 1.646 0.2863 0.8295
2K66 1104 1.644 0.2883 0.8523
2K66 1105 1.697 0.2981 0.8636
2K66 1106 1.930 0.3273 0.8750
2K66 1107 1.946 0.2838 0.8295
2K66 1108 1.861 0.2891 0.8523
2K66 1109 2.038 0.2741 0.8409
2K66 1110 1.952 0.3214 0.8409
2K66 1111 1.510 0.3448 0.8750
2K66 1112 1.490 0.3942 0.9091
2K66 1113 1.606 0.3331 0.8864
2K66 1114 1.670 0.3039 0.8523
2K66 1115 1.736 0.3455 0.8636
2K66 1116 1.834 0.2966 0.8523
2K66 1117 1.669 0.2988 0.8750
2K66 1118 1.878 0.2874 0.8523
2K66 1119 1.722 0.3088 0.8523
2K66 1120 1.861 0.2640 0.8182
2K66 1121 2.036 0.2868 0.8068
2K66 1122 1.926 0.2810 0.8295
2K66 1123 1.717 0.3054 0.8523
2K66 1124 1.606 0.3634 0.8977
2K66 1125 1.629 0.3555 0.8636
2K66 1126 1.416 0.3363 0.8977
2K66 1127 1.630 0.3065 0.8750
2K66 1128 1.389 0.3661 0.8750
2K66 1129 1.294 0.3569 0.8977
2K66 1130 1.527 0.3322 0.8750
2K66 1131 1.457 0.3737 0.8977
2K66 1132 1.523 0.3346 0.8750
2K66 1133 1.478 0.3370 0.8750
2K66 1134 1.620 0.3645 0.8864
2K66 1135 1.559 0.2617 0.8295
2K66 1136 1.634 0.3278 0.8864
2K66 1137 1.492 0.2838 0.8409
2K66 1138 1.588 0.3221 0.8750
2K66 1139 2.162 0.3297 0.8750
2K66 1140 1.482 0.3361 0.8864
2K66 1141 2.040 0.2868 0.8523
2K66 1142 1.922 0.3168 0.8636
2K66 1143 1.869 0.2835 0.8409
2K66 1144 1.965 0.2887 0.8068
2K66 1145 2.466 0.2592 0.7955
2K66 1146 1.762 0.3122 0.8636
2K66 1147 1.631 0.3075 0.8636
2K66 1148 1.400 0.3656 0.8977
2K66 1149 1.696 0.3065 0.8750
2K66 1150 1.661 0.3262 0.8977
2K66 1151 1.605 0.3405 0.8864
2K66 1152 1.981 0.2869 0.8523
2K66 1153 2.153 0.2892 0.8409
2K66 1154 1.708 0.3012 0.8523
2K66 1155 1.805 0.2772 0.8523
2K66 1156 1.663 0.3055 0.8409
2K66 1157 1.601 0.2843 0.8523
2K66 1158 1.728 0.3034 0.8750
2K66 1159 1.648 0.3310 0.8864
2K66 1160 1.951 0.2912 0.8295
2K66 1161 1.909 0.3261 0.8636
2K66 1162 1.618 0.3728 0.8864
2K66 1163 1.774 0.3254 0.8636
2K66 1164 1.999 0.2721 0.8295
2K66 1165 1.758 0.3056 0.8636
2K66 1166 1.602 0.3066 0.8977
2K66 1167 1.930 0.3389 0.8977
2K66 1168 1.769 0.3532 0.9091
2K66 1169 1.712 0.3164 0.8636
2K66 1170 1.831 0.3072 0.8409
2K66 1171 1.646 0.3226 0.8636
2K66 1172 1.699 0.2930 0.8636
2K66 1173 1.965 0.3048 0.8523
2K66 1174 1.740 0.3224 0.8977
2K66 1175 1.623 0.2963 0.8636
2K66 1176 1.978 0.3170 0.8523
2K66 1177 2.339 0.3015 0.7841
2K66 1178 2.266 0.3097 0.8182
2K66 1179 2.302 0.2227 0.7955
2K66 1180 1.546 0.3503 0.8864
2K66 1181 1.822 0.3193 0.8409
2K66 1182 1.996 0.3407 0.8409
2K66 1183 1.737 0.3139 0.8636
2K66 1184 1.549 0.2996 0.8636
2K66 1185 2.060 0.2574 0.8295
2K66 1186 1.926 0.2448 0.8068
2K66 1187 1.944 0.2702 0.8182
2K66 1188 1.911 0.2888 0.8523
2K66 1189 2.287 0.2886 0.8182
2K66 1190 1.672 0.3472 0.8864
2K66 1191 2.030 0.3503 0.8295
2K66 1192 1.879 0.2828 0.8409
2K66 1193 1.981 0.2969 0.8409
2K66 1194 1.753 0.2726 0.8295
2K66 1195 1.653 0.2964 0.8523
2K66 1196 1.689 0.3149 0.8636
2K66 1197 1.833 0.3195 0.8409
2K66 1198 1.978 0.2529 0.8182
2K66 1199 2.128 0.2402 0.8068
2K66 1200 1.886 0.2770 0.8523
2K66 1201 2.201 0.2429 0.7841
2K66 1202 1.803 0.2668 0.8523
2K66 1203 1.844 0.2651 0.8409
2K66 1204 2.061 0.2685 0.8182
2K66 1205 2.254 0.2680 0.7841
2K66 1206 1.989 0.2448 0.8182
2K66 1207 2.199 0.2764 0.8182
2K66 1208 2.265 0.2695 0.8068
2K66 1209 2.033 0.2489 0.8182
2K66 1210 1.856 0.2558 0.8182
2K66 1211 1.924 0.3052 0.8068
2K66 1212 1.910 0.2558 0.8182
2K66 1213 2.132 0.2598 0.7841
2K66 1214 2.457 0.2299 0.7955
2K66 1215 2.171 0.2686 0.8068
2K66 1216 2.219 0.2415 0.8068
2K66 1217 2.128 0.2583 0.8068
2K66 1218 2.010 0.2569 0.8182
2K66 1219 2.033 0.2426 0.8068
2K66 1220 2.038 0.2340 0.8182
2K66 1221 2.195 0.2474 0.7955
2K66 1222 2.111 0.2231 0.8068
2K66 1223 1.963 0.2518 0.8295
2K66 1224 2.186 0.2439 0.8068
2K66 1225 2.066 0.2207 0.8068
2K66 1226 2.007 0.2919 0.8409
2K66 1227 2.292 0.2465 0.8182
2K66 1228 2.061 0.2646 0.8409
2K66 1229 2.370 0.2456 0.7841
2K66 1230 1.904 0.2548 0.8409
2K66 1231 2.093 0.2787 0.8295
2K66 1232 2.130 0.2696 0.8068
2K66 1233 2.329 0.2295 0.7955
2K66 1234 2.260 0.2113 0.7955
2K66 1235 2.057 0.2251 0.7841
2K66 1236 2.355 0.2528 0.7955
2K66 1237 1.930 0.3609 0.8523
2K66 1238 1.727 0.3412 0.8636
2K66 1239 1.937 0.3231 0.8636
2K66 1240 1.808 0.2790 0.8182
2K66 1241 1.824 0.3352 0.8523
2K66 1242 1.819 0.2659 0.8409
2K66 1243 1.981 0.2616 0.8295
2K66 1244 2.234 0.2382 0.7841
2K66 1245 2.220 0.2283 0.7727
2K66 1246 2.025 0.2459 0.7955
2K66 1247 2.290 0.2539 0.8068
2K66 1248 2.040 0.2965 0.8523
2K66 1249 1.811 0.2938 0.8295
2K66 1250 1.770 0.2645 0.8523
2K66 1251 1.861 0.2363 0.7841
2K66 1252 2.062 0.2777 0.8068
2K66 1253 2.069 0.2716 0.8295
2K66 1254 2.125 0.2924 0.8182
2K66 1255 1.903 0.2787 0.8523
2K66 1256 1.872 0.2236 0.8068
2K66 1257 2.104 0.3119 0.8068
2K66 1258 2.045 0.3362 0.8523
2K66 1259 1.865 0.2722 0.8409
2K66 1260 2.141 0.2826 0.8068
2K66 1261 1.723 0.3059 0.8409
2K66 1262 2.065 0.2889 0.8295
2K66 1263 2.279 0.2627 0.7841
2K66 1264 1.845 0.2766 0.8295
2K66 1265 2.201 0.2360 0.8068
2K66 1266 2.277 0.2572 0.8182
2K66 1267 1.943 0.3098 0.8636
2K66 1268 1.890 0.3100 0.8523
2K66 1269 2.250 0.2166 0.7955
2K66 1270 2.015 0.2633 0.8295
2K66 1271 2.329 0.1971 0.7727
2K66 1272 2.209 0.2401 0.7955
2K66 1273 2.111 0.2299 0.7955
2K66 1274 2.294 0.2649 0.7955
2K66 1275 2.100 0.2252 0.7841
2K66 1276 1.760 0.3117 0.8636
2K66 1277 2.119 0.3206 0.8409
2K66 1278 2.159 0.3725 0.8523
2K66 1279 2.314 0.2741 0.7841
2K66 1280 1.965 0.2712 0.8409
2K66 1281 2.115 0.2615 0.8295
2K66 1282 2.369 0.2562 0.8182
2K66 1283 1.964 0.2728 0.8295
2K66 1284 2.122 0.2459 0.8068
2K66 1285 2.235 0.1943 0.7614
2K66 1286 2.379 0.2586 0.7386
2K66 1287 2.243 0.1919 0.7955
2K66 1288 2.328 0.2362 0.7955
2K66 1289 2.044 0.2267 0.8068
2K66 1290 2.207 0.2533 0.8295
2K66 1291 2.286 0.2920 0.8068
2K66 1292 1.884 0.2451 0.8295
2K66 1293 2.180 0.2329 0.8295
2K66 1294 1.876 0.2914 0.8295
2K66 1295 2.048 0.2593 0.8295
2K66 1296 1.674 0.2838 0.8409
2K66 1297 2.184 0.2471 0.8068
2K66 1298 1.977 0.2640 0.8295
2K66 1299 1.666 0.3467 0.8636
2K66 1300 1.851 0.2871 0.8409
2K66 1301 2.053 0.2819 0.8523
2K66 1302 1.768 0.2639 0.8636
2K66 1303 1.753 0.2527 0.8182
2K66 1304 2.104 0.2354 0.8295
2K66 1305 1.832 0.2612 0.8409
2K66 1306 1.989 0.2334 0.8182
2K66 1307 2.035 0.2614 0.8409
2K66 1308 1.698 0.2616 0.8750
2K66 1309 1.917 0.3001 0.8636
2K66 1310 2.287 0.2550 0.7841
2K66 1311 1.924 0.2936 0.8523
2K66 1312 1.728 0.2698 0.8409
2K66 1313 2.027 0.2932 0.8523
2K66 1314 2.041 0.2174 0.7955
2K66 1315 1.970 0.2645 0.8409
2K66 1316 1.898 0.2776 0.8409
2K66 1317 1.985 0.2530 0.8409
2K66 1318 2.123 0.2275 0.8068
2K66 1319 2.217 0.2618 0.8409
2K66 1320 1.849 0.2508 0.8409
2K66 1321 1.887 0.3198 0.8523
2K66 1322 2.237 0.2524 0.8068
2K66 1323 2.258 0.2725 0.8068
2K66 1324 1.931 0.2786 0.8295
2K66 1325 2.241 0.2287 0.8068
2K66 1326 2.114 0.2726 0.8068
2K66 1327 2.051 0.2381 0.7955
2K66 1328 2.181 0.2828 0.8068
2K66 1329 2.263 0.2777 0.7955
2K66 1330 2.256 0.2644 0.7841
2K66 1331 1.872 0.2958 0.8295
2K66 1332 2.092 0.2741 0.8523
2K66 1333 2.104 0.2723 0.7955
2K66 1334 1.928 0.2732 0.8409
2K66 1335 1.953 0.2802 0.8409
2K66 1336 2.181 0.2675 0.8182
2K66 1337 2.186 0.2444 0.8068
2K66 1338 2.136 0.2481 0.8182
2K66 1339 2.134 0.2008 0.7955
2K66 1340 2.247 0.2729 0.8068
2K66 1341 1.659 0.2715 0.8523
2K66 1342 2.243 0.2198 0.7841
2K66 1343 2.194 0.2501 0.7955
2K66 1344 1.779 0.2371 0.8182
2K66 1345 2.484 0.2360 0.7841
2K66 1346 1.869 0.2716 0.8409
2K66 1347 2.312 0.2320 0.7841
2K66 1348 2.348 0.2363 0.7727
2K66 1349 1.832 0.2592 0.8295
2K66 1350 2.297 0.2653 0.7955
2K66 1351 2.092 0.2085 0.7841
2K66 1352 2.038 0.2348 0.8182
2K66 1353 1.906 0.2850 0.8523
2K66 1354 1.866 0.3043 0.8409
2K66 1355 2.324 0.2603 0.8295
2K66 1356 1.600 0.2736 0.8409
2K66 1357 1.973 0.2279 0.8068
2K66 1358 2.197 0.2395 0.8182
2K66 1359 2.179 0.2188 0.7955
2K66 1360 2.037 0.2545 0.8295
2K66 1361 1.966 0.2576 0.8295
2K66 1362 2.278 0.2435 0.8068
2K66 1363 1.941 0.2399 0.8068
2K66 1364 2.262 0.2187 0.7727
2K66 1365 2.236 0.2017 0.7727
2K66 1366 2.671 0.2846 0.7727
2K66 1367 2.022 0.2580 0.8068
2K66 1368 1.930 0.2317 0.7955
2K66 1369 2.312 0.2005 0.7614
2K66 1370 2.151 0.2974 0.8295
2K66 1371 2.232 0.2593 0.7727
2K66 1372 2.084 0.2482 0.8295
2K66 1373 2.118 0.2804 0.8182
2K66 1374 2.081 0.2117 0.8068
2K66 1375 1.998 0.2869 0.8295
2K66 1376 2.087 0.2567 0.8182
2K66 1377 2.361 0.2366 0.7955
2K66 1378 2.373 0.2006 0.8068
2K66 1379 1.946 0.2691 0.8409
2K66 1380 2.287 0.2312 0.7841
2K66 1381 1.890 0.2353 0.7955
2K66 1382 2.050 0.2440 0.7841
2K66 1383 2.045 0.2640 0.8409
2K66 1384 1.876 0.3184 0.8750
2K66 1385 2.314 0.2421 0.7955
2K66 1386 2.109 0.3212 0.8409
2K66 1387 1.826 0.2789 0.8295
2K66 1388 1.989 0.3451 0.8864
2K66 1389 2.362 0.2884 0.7841
2K66 1390 1.969 0.2583 0.8409
2K66 1391 2.138 0.2915 0.8068
2K66 1392 1.783 0.2908 0.8295
2K66 1393 2.138 0.3278 0.8523
2K66 1394 2.123 0.3114 0.8295
2K66 1395 1.735 0.2857 0.8523
2K66 1396 1.541 0.3010 0.8750
2K66 1397 2.463 0.2477 0.7955
2K66 1398 2.178 0.3281 0.8295
2K66 1399 1.745 0.3073 0.8750
2K66 1400 2.077 0.2674 0.8295
2K66 1401 2.102 0.2518 0.8182
2K66 1402 2.073 0.2585 0.8295
2K66 1403 2.300 0.2831 0.8068
2K66 1404 2.345 0.2328 0.7727
2K66 1405 2.022 0.2861 0.8295
2K66 1406 2.170 0.2500 0.7727
2K66 1407 1.957 0.2901 0.8068
2K66 1408 2.241 0.2198 0.7727
2K66 1409 2.083 0.3003 0.8523
2K66 1410 2.343 0.2680 0.7955
2K66 1411 1.916 0.3204 0.8523
2K66 1412 2.525 0.2351 0.7841
2K66 1413 2.170 0.2274 0.8068
2K66 1414 2.136 0.3527 0.8409
2K66 1415 2.051 0.2788 0.8182
2K66 1416 2.036 0.2511 0.8182
2K66 1417 2.452 0.2561 0.7727
2K66 1418 2.079 0.2439 0.7955
2K66 1419 2.121 0.2405 0.8068
2K66 1420 1.963 0.2946 0.8295
2K66 1421 1.837 0.2386 0.7955
2K66 1422 1.549 0.2685 0.8182
2K66 1423 1.952 0.2253 0.7955
2K66 1424 2.180 0.2397 0.7727
2K66 1425 2.313 0.2538 0.7727
2K66 1426 1.677 0.3073 0.8409
2K66 1427 1.930 0.2609 0.8182
2K66 1428 2.070 0.2586 0.8295
2K66 1429 2.131 0.2615 0.7955
2K66 1430 1.867 0.2867 0.8295
2K66 1431 2.037 0.2421 0.8068
2K66 1432 1.992 0.2769 0.8295
2K66 1433 2.189 0.2751 0.8068
2K66 1434 2.472 0.2350 0.7727
2K66 1435 1.965 0.2865 0.8295
2K66 1436 2.102 0.2091 0.7727
2K66 1437 1.510 0.2352 0.8295
2K66 1438 1.665 0.2975 0.8409
2K66 1439 2.349 0.2792 0.8068
2K66 1440 2.034 0.2435 0.8068
2K66 1441 1.982 0.2729 0.8068
2K66 1442 2.274 0.2766 0.8182
2K66 1443 2.200 0.2977 0.8068
2K66 1444 1.772 0.3099 0.8295
2K66 1445 1.889 0.2387 0.8523
2K66 1446 1.764 0.2326 0.8068
2K66 1447 2.306 0.2461 0.8295
2K66 1448 1.972 0.2484 0.8295
2K66 1449 2.159 0.2126 0.7955
2K66 1450 2.310 0.2401 0.7727
2K66 1451 2.303 0.2248 0.7614
2K66 1452 2.141 0.2390 0.8295
2K66 1453 1.955 0.2429 0.8295
2K66 1454 2.061 0.2714 0.8182
2K66 1455 2.181 0.2918 0.8068
2K66 1456 1.918 0.2769 0.8409
2K66 1457 1.948 0.2767 0.8182
2K66 1458 2.026 0.2322 0.8068
2K66 1459 1.724 0.2713 0.8182
2K66 1460 1.834 0.3061 0.8295
2K66 1461 1.712 0.3146 0.8750
2K66 1462 1.875 0.2632 0.8295
2K66 1463 2.050 0.2393 0.8068
2K66 1464 1.962 0.2815 0.8295
2K66 1465 2.223 0.2605 0.8295
2K66 1466 2.249 0.2243 0.8068
2K66 1467 1.978 0.2652 0.8295
2K66 1468 2.146 0.2443 0.8068
2K66 1469 1.975 0.2499 0.8409
2K66 1470 2.122 0.2760 0.8295
2K66 1471 2.007 0.2679 0.8409
2K66 1472 2.176 0.2133 0.7955
2K66 1473 2.485 0.2451 0.7614
2K66 1474 2.152 0.2780 0.8068
2K66 1475 2.162 0.2627 0.8182
2K66 1476 1.969 0.2857 0.8182
2K66 1477 1.937 0.2730 0.8182
2K66 1478 1.970 0.2667 0.8182
2K66 1479 1.717 0.2577 0.8068
2K66 1480 2.431 0.2744 0.7955
2K66 1481 1.744 0.2752 0.8182
2K66 1482 2.388 0.2403 0.7955
2K66 1483 2.727 0.2537 0.7727
2K66 1484 2.079 0.2123 0.7955
2K66 1485 2.208 0.2616 0.7727
2K66 1486 2.094 0.2167 0.8068
2K66 1487 2.265 0.2524 0.8182
2K66 1488 2.844 0.2621 0.7727
2K66 1489 1.961 0.2488 0.8068
2K66 1490 2.033 0.2519 0.8182
2K66 1491 2.067 0.2283 0.8068
2K66 1492 2.217 0.2202 0.7614
2K66 1493 2.281 0.2813 0.8068
2K66 1494 2.390 0.2585 0.8068
2K66 1495 2.109 0.2220 0.7955
2K66 1496 2.260 0.2273 0.7955
2K66 1497 2.248 0.2865 0.8295
2K66 1498 1.600 0.2382 0.8182
2K66 1499 1.847 0.2701 0.8295
2K66 1500 2.204 0.2553 0.7727
2K66 1501 1.718 0.2832 0.8295
2K66 1502 2.231 0.2599 0.7955
2K66 1503 2.380 0.1728 0.7386
2K66 1504 1.775 0.2469 0.8182
2K66 1505 2.014 0.2356 0.8182
2K66 1506 2.262 0.2411 0.7955
2K66 1507 2.255 0.2575 0.8182
2K66 1508 2.275 0.2526 0.8182
2K66 1509 2.046 0.2196 0.8068
2K66 1510 2.241 0.2127 0.7727
2K66 1511 2.156 0.2416 0.8068
2K66 1512 1.998 0.2948 0.8068
2K66 1513 1.989 0.2438 0.8068
2K66 1514 2.294 0.1957 0.7727
2K66 1515 2.048 0.2252 0.7841
2K66 1516 1.811 0.2588 0.8409
2K66 1517 1.898 0.2466 0.8182
2K66 1518 1.948 0.3484 0.8295
2K66 1519 2.311 0.2179 0.7386
2K66 1520 2.160 0.2561 0.7500
2K66 1521 2.188 0.2353 0.7727
2K66 1522 2.418 0.1799 0.7273
2K66 1523 2.420 0.2537 0.7273
2K66 1524 2.387 0.2313 0.7386
2K66 1525 1.950 0.2593 0.7841
2K66 1526 2.555 0.1735 0.7159
2K66 1527 2.006 0.2419 0.7500
2K66 1528 1.993 0.2386 0.7500
2K66 1529 1.897 0.2556 0.8182
2K66 1530 2.219 0.2030 0.7500
2K66 1531 1.753 0.2929 0.8182
2K66 1532 1.969 0.2205 0.7841
2K66 1533 2.253 0.2432 0.7727
2K66 1534 2.719 0.2491 0.7273
2K66 1535 2.718 0.1797 0.7045
2K66 1536 2.233 0.2228 0.7841
2K66 1537 1.884 0.2121 0.7841
2K66 1538 2.110 0.2238 0.7727
2K66 1539 2.193 0.2413 0.7614
2K66 1540 2.330 0.2356 0.7727
2K66 1541 2.033 0.1990 0.7727
2K66 1542 2.190 0.2045 0.7614
2K66 1543 1.918 0.2345 0.7955
2K66 1544 2.293 0.1857 0.7500
2K66 1545 2.843 0.2336 0.7841
2K66 1546 2.782 0.1896 0.7273
2K66 1547 2.140 0.2629 0.7955
2K66 1548 2.201 0.2335 0.7841
2K66 1549 2.206 0.2349 0.7841
2K66 1550 2.500 0.2374 0.7614
2K66 1551 1.762 0.2412 0.8068
2K66 1552 2.235 0.2438 0.7727
2K66 1553 2.393 0.2218 0.7386
2K66 1554 2.251 0.2858 0.8182
2K66 1555 2.381 0.2473 0.8182
2K66 1556 1.973 0.2912 0.8068
2K66 1557 2.323 0.2372 0.7500
2K66 1558 2.250 0.2512 0.7955
2K66 1559 2.057 0.2455 0.7955
2K66 1560 2.261 0.2837 0.8182
2K66 1561 2.711 0.2273 0.7727
2K66 1562 1.793 0.2730 0.8409
2K66 1563 1.997 0.2519 0.8068
2K66 1564 2.299 0.2632 0.7955
2K66 1565 2.367 0.2181 0.7841
2K66 1566 2.252 0.2549 0.8182
2K66 1567 1.714 0.2622 0.8182
2K66 1568 2.018 0.2240 0.7841
2K66 1569 2.373 0.2115 0.7500
2K66 1570 2.026 0.2614 0.8182
2K66 1571 1.865 0.2762 0.8409
2K66 1572 2.283 0.2412 0.7614
2K66 1573 2.455 0.1979 0.7500
2K66 1574 2.117 0.2270 0.7955
2K66 1575 2.007 0.3070 0.8523
2K66 1576 2.175 0.2726 0.7955
2K66 1577 2.397 0.2181 0.8068
2K66 1578 2.319 0.2305 0.7955
2K66 1579 2.129 0.2452 0.8068
2K66 1580 2.184 0.2516 0.8295
2K66 1581 2.485 0.2022 0.7614
2K66 1582 2.107 0.2272 0.7841
2K66 1583 2.080 0.2982 0.8182
2K66 1584 2.131 0.2215 0.7614
2K66 1585 2.194 0.2675 0.8182
2K66 1586 1.777 0.2621 0.8295
2K66 1587 2.052 0.2434 0.7727
2K66 1588 2.345 0.2267 0.7727
2K66 1589 2.168 0.2273 0.7841
2K66 1590 2.017 0.2098 0.8068
2K66 1591 1.671 0.2701 0.8182
2K66 1592 2.606 0.2225 0.7500
2K66 1593 2.416 0.2678 0.7727
2K66 1594 2.406 0.2110 0.7500
2K66 1595 2.659 0.2146 0.7273
2K66 1596 2.545 0.2253 0.7614
2K66 1597 2.200 0.1895 0.7500
2K66 1598 1.736 0.2737 0.8295
2K66 1599 2.016 0.2111 0.7841
2K66 1600 2.128 0.2476 0.7727
2K66 1601 2.259 0.1968 0.7500
2K66 1602 2.201 0.2445 0.7727
2K66 1603 1.986 0.2724 0.8182
2K66 1604 1.908 0.2504 0.7955
2K66 1605 2.453 0.2108 0.7500
2K66 1606 2.387 0.1846 0.7159
2K66 1607 2.648 0.1761 0.7159
2K66 1608 2.532 0.2313 0.7614
2K66 1609 2.394 0.2023 0.7386
2K66 1610 2.579 0.2279 0.7614
2K66 1611 2.662 0.1862 0.7273
2K66 1612 2.400 0.1647 0.6932
2K66 1613 2.193 0.1845 0.7614
2K66 1614 2.186 0.2416 0.8182
2K66 1615 1.989 0.2310 0.7841
2K66 1616 2.239 0.2163 0.7955
2K66 1617 2.047 0.2252 0.7841
2K66 1618 2.190 0.2103 0.7614
2K66 1619 1.900 0.2344 0.7841
2K66 1620 2.104 0.2058 0.7614
2K66 1621 1.900 0.2042 0.7955
2K66 1622 2.295 0.2391 0.7841
2K66 1623 2.389 0.2272 0.7841
2K66 1624 2.791 0.2055 0.7273
2K66 1625 1.881 0.3040 0.8409
2K66 1626 2.042 0.2613 0.8182
2K66 1627 2.112 0.2909 0.8068
2K66 1628 2.413 0.2229 0.7500
2K66 1629 1.585 0.2477 0.8182
2K66 1630 1.882 0.2355 0.8068
2K66 1631 1.782 0.2491 0.8068
2K66 1632 1.903 0.3073 0.8068
2K66 1633 1.884 0.2964 0.8182
2K66 1634 2.578 0.2168 0.7500
2K66 1635 1.928 0.2745 0.8182
2K66 1636 2.142 0.1956 0.7727
2K66 1637 2.566 0.2819 0.8182
2K66 1638 2.030 0.2539 0.8182
2K66 1639 2.097 0.2697 0.7727
2K66 1640 2.510 0.2382 0.7727
2K66 1641 1.835 0.2787 0.8295
2K66 1642 1.886 0.2724 0.8295
2K66 1643 2.089 0.2332 0.7955
2K66 1644 2.180 0.3096 0.8523
2K66 1645 2.555 0.2821 0.8295
2K66 1646 2.692 0.2223 0.7727
2K66 1647 2.246 0.2099 0.7841
2K66 1648 2.520 0.2263 0.7500
2K66 1649 2.567 0.2698 0.8068
2K66 1650 2.247 0.2302 0.7727
2K66 1651 2.480 0.2705 0.7955
2K66 1652 2.560 0.1839 0.7500
2K66 1653 2.271 0.2809 0.7955
2K66 1654 2.310 0.2950 0.8068
2K66 1655 2.799 0.2253 0.7614
2K66 1656 2.628 0.3497 0.7955
2K66 1657 2.837 0.2189 0.7727
2K66 1658 2.282 0.3040 0.8068
2K66 1659 2.018 0.1966 0.7727
2K66 1660 2.840 0.3119 0.7955
2K66 1661 2.246 0.3023 0.8409
2K66 1662 2.811 0.2000 0.7500
2K66 1663 2.968 0.2719 0.7386
2K66 1664 2.824 0.2601 0.7614
2K66 1665 2.923 0.2132 0.7273
2K66 1666 3.029 0.2137 0.7500
2K66 1667 3.502 0.2304 0.7045
2K66 1668 2.955 0.2561 0.7955
2K66 1669 3.219 0.2229 0.7386
2K66 1670 2.782 0.2304 0.7500
2K66 1671 3.341 0.2197 0.7386
2K66 1672 3.663 0.2338 0.7159
2K66 1673 3.230 0.2193 0.7500
2K66 1674 3.025 0.2083 0.7273
2K66 1675 3.106 0.2490 0.7273
2K66 1676 3.322 0.1779 0.6818
2K66 1677 3.230 0.1744 0.6818
2K66 1678 3.487 0.2164 0.6932
2K66 1679 3.598 0.2069 0.7159
2K66 1680 3.365 0.2243 0.7273
2K66 1681 3.338 0.2120 0.7273
2K66 1682 3.169 0.1950 0.7159
2K66 1683 2.627 0.2730 0.7500
2K66 1684 3.107 0.2025 0.7273
2K66 1685 2.988 0.2022 0.7159
2K66 1686 3.296 0.1818 0.6932
2K66 1687 3.000 0.2195 0.7500
2K66 1688 3.024 0.2328 0.7500
2K66 1689 2.714 0.1531 0.6932
2K66 1690 2.300 0.1955 0.7273
2K66 1691 3.145 0.1863 0.6818
2K66 1692 2.853 0.2125 0.7045
2K66 1693 2.413 0.2197 0.7273
2K66 1694 2.743 0.1727 0.6818
2K66 1695 2.514 0.1643 0.6932
2K66 1696 2.511 0.2137 0.7273
2K66 1697 2.608 0.1625 0.7045
2K66 1698 2.746 0.1579 0.6705
2K66 1699 2.590 0.2465 0.7386
2K66 1700 2.299 0.2701 0.8068
2K66 1701 2.398 0.2173 0.7614
2K66 1702 2.574 0.2288 0.7159
2K66 1703 2.529 0.2341 0.7386
2K66 1704 2.379 0.2657 0.7614
2K66 1705 2.665 0.2498 0.7159
2K66 1706 2.179 0.2065 0.7727
2K66 1707 2.131 0.2697 0.7955
2K66 1708 2.160 0.2349 0.7841
2K66 1709 1.838 0.2746 0.7955
2K66 1710 1.700 0.2519 0.8409
2K66 1711 1.584 0.2391 0.8182
2K66 1712 2.135 0.2155 0.7955
2K66 1713 2.092 0.3003 0.8068
2K66 1714 2.061 0.2157 0.8068
2K66 1715 1.975 0.2762 0.8409
2K66 1716 2.233 0.2215 0.7727
2K66 1717 1.992 0.2244 0.7955
2K66 1718 2.172 0.2248 0.7727
2K66 1719 2.022 0.2385 0.7955
2K66 1720 2.063 0.2857 0.8295
2K66 1721 2.193 0.2714 0.7955
