1LDZ 1 0.000 1.0000 1.0000
1LDZ 2 1.981 0.4675 0.7750
1LDZ 3 1.616 0.5286 0.8500
1LDZ 4 2.320 0.4229 0.7500
1LDZ 5 1.244 0.6138 0.9000
1LDZ 6 1.359 0.5747 0.8750
1LDZ 7 2.511 0.4060 0.7417
1LDZ 8 4.394 0.3356 0.6500
1LDZ 9 3.355 0.3809 0.6750
1LDZ 10 4.275 0.4347 0.6917
1LDZ 11 1.736 0.4992 0.8333
1LDZ 12 2.015 0.5300 0.8167
1LDZ 13 1.868 0.4913 0.8000
1LDZ 14 2.723 0.4534 0.7500
1LDZ 15 3.182 0.4710 0.7333
1LDZ 16 3.404 0.3424 0.6667
1LDZ 17 5.478 0.3470 0.5833
1LDZ 18 4.530 0.3982 0.6500
1LDZ 19 2.009 0.4734 0.8000
1LDZ 20 1.972 0.4478 0.7917
1LDZ 21 2.715 0.4047 0.7333
1LDZ 22 6.343 0.3607 0.5833
1LDZ 23 4.555 0.4386 0.6917
1LDZ 24 2.755 0.3815 0.7167
1LDZ 25 4.110 0.3876 0.6333
1LDZ 26 12.117 0.1317 0.2500
1LDZ 27 12.619 0.1544 0.2833
1LDZ 28 10.595 0.1733 0.3917
1LDZ 29 10.751 0.1133 0.3000
1LDZ 30 13.648 0.2076 0.3500
1LDZ 31 10.135 0.2729 0.4750
1LDZ 32 12.935 0.1880 0.4000
1LDZ 33 8.787 0.2159 0.4167
1LDZ 34 9.294 0.2881 0.4750
1LDZ 35 13.897 0.2142 0.3833
1LDZ 36 5.938 0.1998 0.4917
1LDZ 37 9.829 0.2130 0.3917
1LDZ 38 11.658 0.2591 0.4167
1LDZ 39 10.974 0.1328 0.3167
1LDZ 40 7.530 0.1854 0.4417
1LDZ 41 9.307 0.1956 0.3750
1LDZ 42 8.732 0.2352 0.3833
1LDZ 43 6.409 0.2279 0.4583
1LDZ 44 3.572 0.2361 0.5833
1LDZ 45 9.255 0.2663 0.4667
1LDZ 46 9.378 0.2532 0.4000
1LDZ 47 13.456 0.1731 0.3667
1LDZ 48 9.432 0.2684 0.4333
1LDZ 49 6.031 0.2957 0.5250
1LDZ 50 7.175 0.2311 0.4833
1LDZ 51 11.814 0.2807 0.4583
1LDZ 52 16.297 0.1903 0.3667
1LDZ 53 6.654 0.3054 0.5417
1LDZ 54 12.928 0.2826 0.5083
1LDZ 55 5.293 0.3907 0.6250
1LDZ 56 5.425 0.2717 0.5583
1LDZ 57 9.612 0.3202 0.5083
1LDZ 58 8.060 0.2713 0.4750
1LDZ 59 5.833 0.2946 0.5417
1LDZ 60 4.653 0.3217 0.6167
1LDZ 61 5.349 0.3627 0.6000
1LDZ 62 3.315 0.3641 0.6583
1LDZ 63 6.683 0.2846 0.5417
1LDZ 64 3.305 0.3161 0.6333
1LDZ 65 5.026 0.3331 0.6083
1LDZ 66 12.791 0.1193 0.2667
1LDZ 67 12.974 0.1997 0.3583
1LDZ 68 9.464 0.2478 0.3833
1LDZ 69 8.671 0.2892 0.4500
1LDZ 70 13.764 0.1670 0.2917
1LDZ 71 5.654 0.2285 0.5083
1LDZ 72 12.286 0.2467 0.4083
1LDZ 73 8.287 0.2038 0.4000
1LDZ 74 12.685 0.2315 0.3583
1LDZ 75 12.501 0.2612 0.4583
1LDZ 76 7.302 0.1979 0.4333
1LDZ 77 6.088 0.2476 0.5000
1LDZ 78 14.595 0.1907 0.3333
1LDZ 79 11.836 0.2164 0.4167
1LDZ 80 9.962 0.2494 0.4167
1LDZ 81 7.254 0.2333 0.4250
1LDZ 82 8.799 0.2240 0.3833
1LDZ 83 6.160 0.2460 0.4917
1LDZ 84 9.449 0.2311 0.4250
1LDZ 85 11.730 0.1888 0.3417
1LDZ 86 10.486 0.2092 0.4000
1LDZ 87 14.587 0.2307 0.4333
1LDZ 88 9.590 0.2325 0.3500
1LDZ 89 12.734 0.2184 0.3917
1LDZ 90 11.320 0.1340 0.3333
1LDZ 91 10.384 0.2325 0.4083
1LDZ 92 6.910 0.2111 0.4500
1LDZ 93 6.469 0.2092 0.4917
1LDZ 94 12.273 0.2007 0.3583
1LDZ 95 4.787 0.2890 0.5750
1LDZ 96 11.201 0.2013 0.4250
1LDZ 97 8.889 0.2857 0.4750
1LDZ 98 4.903 0.2726 0.5667
1LDZ 99 11.631 0.2880 0.4667
1LDZ 100 4.959 0.2891 0.5750
1LDZ 101 8.217 0.1959 0.4083
1LDZ 102 3.823 0.3059 0.6250
1LDZ 103 5.521 0.3170 0.5750
1LDZ 104 7.244 0.4153 0.5917
1LDZ 105 5.873 0.2899 0.5500
1LDZ 106 12.363 0.1280 0.3167
1LDZ 107 12.738 0.2405 0.4250
1LDZ 108 10.269 0.1385 0.2917
1LDZ 109 8.620 0.1451 0.3500
1LDZ 110 8.482 0.2305 0.4917
1LDZ 111 12.076 0.2670 0.3833
1LDZ 112 11.823 0.1417 0.2833
1LDZ 113 4.627 0.2456 0.5583
1LDZ 114 12.859 0.1916 0.3583
1LDZ 115 11.042 0.1583 0.3333
1LDZ 116 10.674 0.1571 0.3250
1LDZ 117 5.160 0.2282 0.5083
1LDZ 118 5.610 0.3044 0.5667
1LDZ 119 13.958 0.2069 0.3667
1LDZ 120 11.362 0.2648 0.4583
1LDZ 121 8.769 0.1955 0.3750
1LDZ 122 9.945 0.1939 0.4083
1LDZ 123 9.017 0.2775 0.3917
1LDZ 124 4.465 0.2910 0.5833
1LDZ 125 10.839 0.2436 0.4333
1LDZ 126 8.658 0.2599 0.4750
1LDZ 127 4.646 0.2882 0.5583
1LDZ 128 9.282 0.1813 0.3833
1LDZ 129 9.794 0.1847 0.3833
1LDZ 130 6.598 0.3015 0.5167
1LDZ 131 14.906 0.2343 0.4083
1LDZ 132 7.056 0.2622 0.4833
1LDZ 133 6.157 0.3028 0.5250
1LDZ 134 6.705 0.2518 0.4333
1LDZ 135 8.595 0.1871 0.3750
1LDZ 136 4.599 0.2685 0.5417
1LDZ 137 12.423 0.2116 0.3667
1LDZ 138 13.878 0.2347 0.4083
1LDZ 139 10.084 0.2887 0.5000
1LDZ 140 15.750 0.2702 0.4500
1LDZ 141 6.586 0.2816 0.5000
1LDZ 142 6.194 0.3257 0.5417
1LDZ 143 5.473 0.2814 0.5583
1LDZ 144 7.021 0.3033 0.5167
1LDZ 145 6.322 0.2908 0.5083
1LDZ 146 11.823 0.1079 0.2167
1LDZ 147 7.713 0.1631 0.3917
1LDZ 148 11.829 0.2136 0.4000
1LDZ 149 14.597 0.2126 0.3750
1LDZ 150 10.787 0.1417 0.3083
1LDZ 151 10.676 0.2193 0.4167
1LDZ 152 9.596 0.2224 0.3750
1LDZ 153 9.552 0.2534 0.4167
1LDZ 154 10.230 0.2403 0.3750
1LDZ 155 13.055 0.2298 0.3583
1LDZ 156 7.218 0.1866 0.4833
1LDZ 157 10.440 0.2209 0.3750
1LDZ 158 7.397 0.2230 0.4667
1LDZ 159 7.952 0.3095 0.4833
1LDZ 160 11.827 0.1874 0.3250
1LDZ 161 6.554 0.1694 0.4167
1LDZ 162 7.354 0.2486 0.4500
1LDZ 163 8.716 0.2267 0.4000
1LDZ 164 6.020 0.2753 0.5167
1LDZ 165 5.805 0.3302 0.5917
1LDZ 166 13.316 0.2427 0.4083
1LDZ 167 12.437 0.2528 0.4083
1LDZ 168 11.617 0.2484 0.4417
1LDZ 169 12.239 0.2566 0.4417
1LDZ 170 11.055 0.1847 0.3250
1LDZ 171 10.956 0.1788 0.4000
1LDZ 172 10.741 0.2730 0.4250
1LDZ 173 6.859 0.2496 0.4750
1LDZ 174 11.822 0.2182 0.4000
1LDZ 175 10.794 0.2433 0.4750
1LDZ 176 8.615 0.2765 0.4417
1LDZ 177 14.634 0.1897 0.3750
1LDZ 178 9.801 0.2764 0.5167
1LDZ 179 7.743 0.2938 0.5167
1LDZ 180 8.577 0.2605 0.4417
1LDZ 181 5.687 0.2684 0.5250
1LDZ 182 5.425 0.2875 0.5333
1LDZ 183 12.133 0.2264 0.4500
1LDZ 184 4.943 0.2850 0.5750
1LDZ 185 4.743 0.3436 0.6333
1LDZ 186 13.661 0.1197 0.2500
1LDZ 187 7.505 0.2562 0.4167
1LDZ 188 7.707 0.1723 0.3750
1LDZ 189 14.206 0.1513 0.3083
1LDZ 190 14.191 0.1314 0.3083
1LDZ 191 9.976 0.2403 0.4000
1LDZ 192 13.999 0.1895 0.3250
1LDZ 193 7.280 0.1930 0.4083
1LDZ 194 7.908 0.1798 0.4083
1LDZ 195 13.431 0.1571 0.3417
1LDZ 196 9.924 0.2322 0.4417
1LDZ 197 12.645 0.1360 0.3083
1LDZ 198 10.925 0.1823 0.3417
1LDZ 199 14.458 0.2571 0.4000
1LDZ 200 14.832 0.3364 0.5083
1LDZ 201 8.509 0.2095 0.4333
1LDZ 202 8.524 0.2371 0.4167
1LDZ 203 9.380 0.2505 0.3667
1LDZ 204 6.378 0.2820 0.5583
1LDZ 205 6.632 0.2702 0.4750
1LDZ 206 7.923 0.2327 0.4333
1LDZ 207 12.998 0.1734 0.3250
1LDZ 208 14.610 0.2773 0.4833
1LDZ 209 6.857 0.2504 0.4583
1LDZ 210 11.829 0.2132 0.4167
1LDZ 211 8.705 0.1870 0.3667
1LDZ 212 15.307 0.2013 0.3583
1LDZ 213 10.079 0.2584 0.4250
1LDZ 214 10.178 0.1924 0.4083
1LDZ 215 9.057 0.2499 0.4583
1LDZ 216 10.281 0.2913 0.5000
1LDZ 217 6.991 0.2100 0.4083
1LDZ 218 5.655 0.3119 0.5750
1LDZ 219 9.153 0.2386 0.4250
1LDZ 220 11.505 0.1659 0.3333
1LDZ 221 13.377 0.2695 0.4750
1LDZ 222 5.266 0.2836 0.5333
1LDZ 223 6.960 0.2154 0.4083
1LDZ 224 9.673 0.2553 0.4500
1LDZ 225 11.289 0.2328 0.4000
1LDZ 226 11.500 0.1193 0.2500
1LDZ 227 12.036 0.1940 0.3667
1LDZ 228 10.775 0.1528 0.2917
1LDZ 229 12.853 0.1626 0.3083
1LDZ 230 11.208 0.1824 0.3167
1LDZ 231 12.609 0.2115 0.3167
1LDZ 232 12.718 0.1687 0.3083
1LDZ 233 10.425 0.2277 0.3500
1LDZ 234 14.335 0.2468 0.3333
1LDZ 235 7.526 0.2596 0.4250
1LDZ 236 12.216 0.1712 0.2833
1LDZ 237 12.632 0.1327 0.2750
1LDZ 238 6.055 0.2437 0.4917
1LDZ 239 11.403 0.2678 0.3833
1LDZ 240 12.297 0.2459 0.4250
1LDZ 241 11.164 0.1800 0.3417
1LDZ 242 13.331 0.1308 0.2833
1LDZ 243 10.122 0.1823 0.3500
1LDZ 244 12.766 0.1922 0.3167
1LDZ 245 14.506 0.2572 0.4167
1LDZ 246 10.747 0.2191 0.3750
1LDZ 247 11.641 0.2658 0.3917
1LDZ 248 8.115 0.2800 0.4833
1LDZ 249 10.673 0.2073 0.3583
1LDZ 250 7.603 0.2052 0.3917
1LDZ 251 9.994 0.2693 0.3917
1LDZ 252 11.383 0.2340 0.3750
1LDZ 253 9.363 0.1728 0.3750
1LDZ 254 8.027 0.2374 0.4250
1LDZ 255 12.648 0.2209 0.3583
1LDZ 256 12.161 0.2050 0.3500
1LDZ 257 14.698 0.1624 0.2833
1LDZ 258 11.004 0.2600 0.3917
1LDZ 259 12.188 0.2045 0.3667
1LDZ 260 11.341 0.2380 0.4250
1LDZ 261 12.200 0.2247 0.3667
1LDZ 262 9.815 0.1892 0.3583
1LDZ 263 11.308 0.2578 0.4000
1LDZ 264 10.922 0.2169 0.3750
1LDZ 265 10.875 0.2537 0.4250
1LDZ 266 10.483 0.1239 0.2250
1LDZ 267 13.375 0.1275 0.2083
1LDZ 268 12.650 0.1201 0.2917
1LDZ 269 14.432 0.1512 0.3000
1LDZ 270 8.641 0.2607 0.3917
1LDZ 271 13.485 0.1526 0.3250
1LDZ 272 8.737 0.1975 0.4167
1LDZ 273 11.553 0.1428 0.3000
1LDZ 274 11.259 0.2003 0.3333
1LDZ 275 15.493 0.1820 0.2917
1LDZ 276 11.289 0.2158 0.3333
1LDZ 277 8.476 0.2415 0.4250
1LDZ 278 12.517 0.2605 0.4000
1LDZ 279 10.399 0.2191 0.3583
1LDZ 280 10.554 0.1327 0.3167
1LDZ 281 11.082 0.2613 0.4250
1LDZ 282 11.986 0.2486 0.3750
1LDZ 283 10.690 0.2106 0.3500
1LDZ 284 11.275 0.1932 0.3167
1LDZ 285 13.950 0.2612 0.3833
1LDZ 286 9.865 0.1897 0.3500
1LDZ 287 10.298 0.2236 0.3667
1LDZ 288 14.480 0.2241 0.3500
1LDZ 289 10.094 0.2657 0.4083
1LDZ 290 6.227 0.2311 0.4583
1LDZ 291 11.889 0.1720 0.3833
1LDZ 292 11.649 0.2355 0.3667
1LDZ 293 9.706 0.2387 0.4000
1LDZ 294 10.510 0.2207 0.3750
1LDZ 295 10.041 0.1996 0.3833
1LDZ 296 10.681 0.2661 0.3917
1LDZ 297 13.447 0.1989 0.3417
1LDZ 298 7.501 0.2316 0.4167
1LDZ 299 10.950 0.2097 0.3333
1LDZ 300 9.451 0.2275 0.3833
1LDZ 301 9.558 0.1721 0.3250
1LDZ 302 11.672 0.2420 0.3917
1LDZ 303 9.897 0.2454 0.4333
1LDZ 304 10.601 0.1816 0.3250
1LDZ 305 12.253 0.2230 0.3833
1LDZ 306 10.943 0.1019 0.2417
1LDZ 307 12.793 0.1419 0.2583
1LDZ 308 8.301 0.2301 0.4333
1LDZ 309 8.924 0.2187 0.3667
1LDZ 310 10.646 0.1037 0.2750
1LDZ 311 11.549 0.1429 0.3333
1LDZ 312 11.966 0.2621 0.4000
1LDZ 313 10.918 0.1031 0.2333
1LDZ 314 10.895 0.2335 0.3417
1LDZ 315 12.108 0.1893 0.3250
1LDZ 316 6.013 0.2695 0.5083
1LDZ 317 13.070 0.2208 0.3583
1LDZ 318 10.199 0.1474 0.3250
1LDZ 319 12.741 0.2332 0.4000
1LDZ 320 10.515 0.1611 0.2917
1LDZ 321 12.482 0.1831 0.3000
1LDZ 322 10.912 0.2557 0.3917
1LDZ 323 15.206 0.1805 0.3167
1LDZ 324 12.053 0.1285 0.2667
1LDZ 325 9.802 0.2537 0.4000
1LDZ 326 11.202 0.1489 0.3167
1LDZ 327 12.844 0.1881 0.3250
1LDZ 328 13.063 0.1723 0.3250
1LDZ 329 11.735 0.2413 0.3583
1LDZ 330 10.962 0.2086 0.3750
1LDZ 331 15.346 0.2002 0.3667
1LDZ 332 10.482 0.2523 0.3583
1LDZ 333 9.934 0.1644 0.3917
1LDZ 334 10.090 0.2002 0.3667
1LDZ 335 7.777 0.2435 0.4667
1LDZ 336 6.761 0.1950 0.4000
1LDZ 337 7.905 0.2555 0.4417
1LDZ 338 13.974 0.2279 0.3833
1LDZ 339 10.150 0.2725 0.4167
1LDZ 340 6.417 0.2588 0.4917
1LDZ 341 11.479 0.2401 0.3583
1LDZ 342 13.097 0.2373 0.3833
1LDZ 343 15.634 0.1415 0.2833
1LDZ 344 8.966 0.2426 0.4000
1LDZ 345 12.181 0.1953 0.3333
1LDZ 346 12.265 0.1171 0.2583
1LDZ 347 11.942 0.2276 0.3583
1LDZ 348 9.512 0.1399 0.3250
1LDZ 349 8.376 0.1817 0.3667
1LDZ 350 9.539 0.1953 0.3667
1LDZ 351 10.078 0.1653 0.3333
1LDZ 352 10.568 0.2543 0.3833
1LDZ 353 10.204 0.2129 0.3500
1LDZ 354 11.298 0.2651 0.4000
1LDZ 355 12.139 0.1488 0.3167
1LDZ 356 10.232 0.1759 0.3250
1LDZ 357 10.787 0.2638 0.3833
1LDZ 358 14.985 0.1664 0.3167
1LDZ 359 8.629 0.1853 0.3417
1LDZ 360 11.914 0.2558 0.3917
1LDZ 361 13.159 0.1956 0.3083
1LDZ 362 12.349 0.1698 0.2833
1LDZ 363 11.550 0.2507 0.3750
1LDZ 364 7.734 0.2344 0.4583
1LDZ 365 9.913 0.2170 0.3833
1LDZ 366 8.120 0.2571 0.4917
1LDZ 367 7.991 0.1432 0.3417
1LDZ 368 8.088 0.2433 0.4167
1LDZ 369 9.097 0.2088 0.3750
1LDZ 370 7.396 0.2017 0.4083
1LDZ 371 11.837 0.2458 0.3917
1LDZ 372 12.121 0.2707 0.3750
1LDZ 373 10.814 0.2377 0.4000
1LDZ 374 11.786 0.1882 0.3750
1LDZ 375 11.582 0.2048 0.3333
1LDZ 376 11.844 0.2638 0.4000
1LDZ 377 9.183 0.2846 0.4333
1LDZ 378 12.304 0.1729 0.3500
1LDZ 379 11.847 0.2407 0.3833
1LDZ 380 8.548 0.1978 0.3750
1LDZ 381 8.877 0.2395 0.4417
1LDZ 382 8.774 0.2346 0.4083
1LDZ 383 11.359 0.2198 0.3750
1LDZ 384 11.554 0.2444 0.4083
1LDZ 385 9.904 0.2461 0.3667
1LDZ 386 8.929 0.1757 0.3667
1LDZ 387 11.539 0.1514 0.3167
1LDZ 388 10.814 0.1337 0.3083
1LDZ 389 10.161 0.2038 0.3583
1LDZ 390 10.165 0.2421 0.4333
1LDZ 391 13.646 0.1695 0.3167
1LDZ 392 11.009 0.1654 0.3000
1LDZ 393 13.176 0.1468 0.3500
1LDZ 394 14.319 0.1436 0.3000
1LDZ 395 12.182 0.2121 0.3917
1LDZ 396 6.229 0.2712 0.5333
1LDZ 397 10.878 0.1526 0.3583
1LDZ 398 10.669 0.1903 0.3833
1LDZ 399 11.866 0.2611 0.4333
1LDZ 400 11.709 0.1846 0.3583
1LDZ 401 12.713 0.2347 0.3750
1LDZ 402 11.858 0.2503 0.4250
1LDZ 403 12.872 0.2308 0.3750
1LDZ 404 7.002 0.2032 0.4417
1LDZ 405 13.923 0.2632 0.4167
1LDZ 406 13.684 0.2150 0.3583
1LDZ 407 8.087 0.2143 0.4583
1LDZ 408 4.125 0.2727 0.5833
1LDZ 409 8.827 0.2484 0.4167
1LDZ 410 6.047 0.2178 0.4917
1LDZ 411 15.104 0.1942 0.3750
1LDZ 412 5.148 0.2622 0.5417
1LDZ 413 5.126 0.2258 0.5083
1LDZ 414 6.098 0.3759 0.5833
1LDZ 415 11.757 0.2746 0.4417
1LDZ 416 6.560 0.2850 0.5167
1LDZ 417 7.764 0.2821 0.4583
1LDZ 418 6.998 0.2534 0.5000
1LDZ 419 6.314 0.1754 0.4250
1LDZ 420 4.281 0.3316 0.6000
1LDZ 421 5.491 0.2746 0.5333
1LDZ 422 6.507 0.2858 0.5083
1LDZ 423 5.689 0.2760 0.5417
1LDZ 424 8.187 0.2987 0.5000
1LDZ 425 4.767 0.3279 0.6000
1LDZ 426 1.002 0.6689 0.9167
1LDZ 427 1.032 0.6527 0.9250
1LDZ 428 1.070 0.6528 0.9083
1LDZ 429 1.095 0.6416 0.9083
1LDZ 430 1.090 0.6469 0.9167
1LDZ 431 1.078 0.6546 0.9083
1LDZ 432 1.077 0.6562 0.9083
1LDZ 433 1.080 0.6516 0.9083
1LDZ 434 1.081 0.6539 0.9000
1LDZ 435 1.073 0.6576 0.9083
1LDZ 436 1.086 0.6518 0.9000
1LDZ 437 1.082 0.6547 0.9083
1LDZ 438 1.071 0.6581 0.9083
1LDZ 439 1.081 0.6538 0.9167
1LDZ 440 1.074 0.6563 0.9167
1LDZ 441 1.078 0.6551 0.9167
1LDZ 442 1.089 0.6511 0.9083
1LDZ 443 1.075 0.6566 0.9083
1LDZ 444 1.071 0.6567 0.9167
1LDZ 445 1.069 0.6577 0.9167
1LDZ 446 1.079 0.6550 0.9083
1LDZ 447 1.081 0.6560 0.9083
1LDZ 448 1.077 0.6555 0.9083
1LDZ 449 1.071 0.6569 0.9167
1LDZ 450 1.069 0.6566 0.9167
1LDZ 451 1.070 0.6579 0.9167
1LDZ 452 1.077 0.6548 0.9083
1LDZ 453 1.088 0.6526 0.9083
1LDZ 454 1.089 0.6521 0.9000
1LDZ 455 1.082 0.6549 0.9000
1LDZ 456 1.082 0.6534 0.9083
1LDZ 457 1.070 0.6589 0.9167
1LDZ 458 1.083 0.6578 0.9000
1LDZ 459 1.083 0.6552 0.9083
1LDZ 460 1.091 0.6539 0.9000
1LDZ 461 1.076 0.6591 0.9083
1LDZ 462 1.086 0.6565 0.9083
1LDZ 463 1.063 0.6627 0.9167
1LDZ 464 1.095 0.6518 0.8917
1LDZ 465 1.077 0.6595 0.9083
1LDZ 466 1.081 0.6545 0.9167
1LDZ 467 1.093 0.6528 0.8917
1LDZ 468 1.098 0.6489 0.9000
1LDZ 469 1.079 0.6590 0.9000
1LDZ 470 1.087 0.6561 0.9083
1LDZ 471 1.080 0.6577 0.9000
1LDZ 472 1.061 0.6625 0.9167
1LDZ 473 1.076 0.6581 0.9000
1LDZ 474 1.090 0.6505 0.9083
1LDZ 475 1.079 0.6584 0.9083
1LDZ 476 1.081 0.6581 0.9083
1LDZ 477 1.071 0.6609 0.9083
1LDZ 478 1.097 0.6507 0.9083
1LDZ 479 1.098 0.6544 0.8917
1LDZ 480 1.093 0.6550 0.9083
1LDZ 481 1.085 0.6530 0.9083
1LDZ 482 1.081 0.6535 0.9167
1LDZ 483 1.086 0.6550 0.9083
1LDZ 484 1.087 0.6511 0.9167
1LDZ 485 1.105 0.6466 0.9000
1LDZ 486 1.103 0.6453 0.9083
1LDZ 487 1.080 0.6569 0.9083
1LDZ 488 1.099 0.6487 0.9000
1LDZ 489 1.119 0.6438 0.9000
1LDZ 490 1.096 0.6491 0.9083
1LDZ 491 1.104 0.6513 0.8917
1LDZ 492 1.081 0.6542 0.9083
1LDZ 493 1.115 0.6486 0.8917
1LDZ 494 1.102 0.6495 0.9083
1LDZ 495 1.097 0.6532 0.9083
1LDZ 496 1.111 0.6453 0.9000
1LDZ 497 1.108 0.6419 0.9083
1LDZ 498 1.112 0.6421 0.9083
1LDZ 499 1.136 0.6308 0.8917
1LDZ 500 1.084 0.6526 0.9083
1LDZ 501 1.094 0.6445 0.9000
1LDZ 502 1.073 0.6522 0.9167
1LDZ 503 1.092 0.6425 0.9083
1LDZ 504 1.087 0.6495 0.9000
1LDZ 505 1.065 0.6626 0.9167
1LDZ 506 1.084 0.6548 0.9083
1LDZ 507 1.130 0.6364 0.8750
1LDZ 508 1.094 0.6521 0.9000
1LDZ 509 1.117 0.6402 0.9000
1LDZ 510 1.091 0.6493 0.9083
1LDZ 511 1.086 0.6520 0.9000
1LDZ 512 1.079 0.6520 0.9167
1LDZ 513 1.102 0.6446 0.9000
1LDZ 514 1.106 0.6420 0.9000
1LDZ 515 1.079 0.6517 0.9167
1LDZ 516 1.078 0.6529 0.9083
1LDZ 517 1.094 0.6501 0.9083
1LDZ 518 1.118 0.6344 0.9083
1LDZ 519 1.110 0.6420 0.9083
1LDZ 520 1.145 0.6271 0.9000
1LDZ 521 1.150 0.6272 0.9083
1LDZ 522 1.125 0.6350 0.9083
1LDZ 523 1.141 0.6337 0.9083
1LDZ 524 1.072 0.6609 0.9250
1LDZ 525 1.091 0.6471 0.9250
1LDZ 526 1.094 0.6583 0.9000
1LDZ 527 1.103 0.6465 0.9000
1LDZ 528 1.071 0.6546 0.9250
1LDZ 529 1.122 0.6372 0.9083
1LDZ 530 1.131 0.6368 0.8917
1LDZ 531 1.092 0.6493 0.9000
1LDZ 532 1.138 0.6186 0.8917
1LDZ 533 1.106 0.6429 0.9000
1LDZ 534 1.113 0.6364 0.9167
1LDZ 535 1.115 0.6435 0.9083
1LDZ 536 1.084 0.6445 0.9083
1LDZ 537 1.103 0.6381 0.9167
1LDZ 538 1.114 0.6321 0.9000
1LDZ 539 1.082 0.6416 0.9167
1LDZ 540 1.107 0.6326 0.9083
1LDZ 541 1.061 0.6423 0.9083
1LDZ 542 1.101 0.6307 0.9083
1LDZ 543 1.096 0.6318 0.8917
1LDZ 544 1.110 0.6373 0.8917
1LDZ 545 1.136 0.6308 0.8917
1LDZ 546 1.094 0.6443 0.9083
1LDZ 547 1.082 0.6427 0.9000
1LDZ 548 1.080 0.6430 0.9083
1LDZ 549 1.143 0.6180 0.8917
1LDZ 550 1.096 0.6322 0.8917
1LDZ 551 1.086 0.6415 0.9000
1LDZ 552 1.104 0.6454 0.8917
1LDZ 553 1.094 0.6379 0.8917
1LDZ 554 1.154 0.6022 0.8583
1LDZ 555 1.191 0.5826 0.8667
1LDZ 556 1.145 0.6095 0.8833
1LDZ 557 1.142 0.6058 0.8917
1LDZ 558 1.177 0.5935 0.8667
1LDZ 559 1.202 0.5804 0.8667
1LDZ 560 1.281 0.5695 0.8667
1LDZ 561 1.297 0.5451 0.8500
1LDZ 562 1.286 0.5589 0.8750
1LDZ 563 1.330 0.5436 0.8500
1LDZ 564 1.272 0.5589 0.8583
1LDZ 565 1.313 0.5472 0.8583
1LDZ 566 1.348 0.5411 0.8583
1LDZ 567 1.301 0.5540 0.8667
1LDZ 568 1.319 0.5327 0.8583
1LDZ 569 1.315 0.5395 0.8500
1LDZ 570 1.351 0.5385 0.8500
1LDZ 571 1.277 0.5565 0.8667
1LDZ 572 1.330 0.5436 0.8583
1LDZ 573 1.365 0.5516 0.8500
1LDZ 574 1.376 0.5245 0.8417
1LDZ 575 1.561 0.4962 0.8167
1LDZ 576 1.437 0.5076 0.8417
1LDZ 577 1.307 0.5517 0.8583
1LDZ 578 1.392 0.5372 0.8417
1LDZ 579 1.451 0.5185 0.8417
1LDZ 580 1.326 0.5658 0.8500
1LDZ 581 1.410 0.5398 0.8500
1LDZ 582 1.352 0.5629 0.8583
1LDZ 583 1.362 0.5571 0.8500
1LDZ 584 1.449 0.5271 0.8333
1LDZ 585 1.401 0.5313 0.8333
1LDZ 586 1.271 0.5815 0.8750
1LDZ 587 1.355 0.5520 0.8667
1LDZ 588 1.380 0.5427 0.8750
1LDZ 589 1.374 0.5356 0.8500
1LDZ 590 1.266 0.5906 0.8833
1LDZ 591 1.227 0.6047 0.9083
1LDZ 592 1.238 0.5874 0.8750
1LDZ 593 1.321 0.5751 0.8667
1LDZ 594 1.333 0.5695 0.8667
1LDZ 595 1.327 0.5557 0.8667
1LDZ 596 1.306 0.5692 0.8833
1LDZ 597 1.317 0.5556 0.8667
1LDZ 598 1.305 0.5600 0.8667
1LDZ 599 1.424 0.5293 0.8417
1LDZ 600 1.290 0.5760 0.8833
1LDZ 601 1.393 0.5377 0.8500
1LDZ 602 1.215 0.5923 0.9083
1LDZ 603 1.310 0.5659 0.8750
1LDZ 604 1.434 0.5241 0.8333
1LDZ 605 1.413 0.5328 0.8333
1LDZ 606 1.421 0.5348 0.8500
1LDZ 607 1.328 0.5683 0.8750
1LDZ 608 1.416 0.5532 0.8500
1LDZ 609 1.336 0.5630 0.8833
1LDZ 610 1.330 0.5600 0.8583
1LDZ 611 1.246 0.5839 0.8917
1LDZ 612 1.256 0.5876 0.8917
1LDZ 613 1.304 0.5757 0.8583
1LDZ 614 1.382 0.5540 0.8417
1LDZ 615 1.335 0.5604 0.8500
1LDZ 616 1.312 0.5805 0.8667
1LDZ 617 1.325 0.5589 0.8500
1LDZ 618 1.236 0.5855 0.8917
1LDZ 619 1.250 0.5997 0.8833
1LDZ 620 1.242 0.5790 0.8833
1LDZ 621 1.304 0.5561 0.8750
1LDZ 622 1.353 0.5547 0.8500
1LDZ 623 1.381 0.5473 0.8500
1LDZ 624 1.298 0.5606 0.8667
1LDZ 625 1.324 0.5594 0.8583
1LDZ 626 1.397 0.5218 0.8500
1LDZ 627 1.385 0.5490 0.8417
1LDZ 628 1.379 0.5421 0.8417
1LDZ 629 1.392 0.5373 0.8417
1LDZ 630 1.264 0.5725 0.8833
1LDZ 631 1.359 0.5487 0.8667
1LDZ 632 1.395 0.5253 0.8417
1LDZ 633 1.308 0.5636 0.8667
1LDZ 634 1.252 0.5613 0.8833
1LDZ 635 1.406 0.5442 0.8250
1LDZ 636 1.315 0.5606 0.8833
1LDZ 637 1.299 0.5756 0.8833
1LDZ 638 1.323 0.5670 0.8667
1LDZ 639 1.379 0.5387 0.8417
1LDZ 640 1.392 0.5458 0.8500
1LDZ 641 1.358 0.5337 0.8583
1LDZ 642 1.451 0.5233 0.8333
1LDZ 643 1.455 0.5350 0.8500
1LDZ 644 1.493 0.5070 0.8333
1LDZ 645 1.388 0.5387 0.8500
1LDZ 646 1.282 0.5839 0.8833
1LDZ 647 1.366 0.5449 0.8417
1LDZ 648 1.465 0.5190 0.8333
1LDZ 649 1.375 0.5292 0.8667
1LDZ 650 1.342 0.5501 0.8417
1LDZ 651 1.303 0.5631 0.8667
1LDZ 652 1.353 0.5540 0.8750
1LDZ 653 1.264 0.5784 0.8917
1LDZ 654 1.347 0.5500 0.8667
1LDZ 655 1.310 0.5576 0.8667
1LDZ 656 1.352 0.5426 0.8417
1LDZ 657 1.394 0.5291 0.8417
1LDZ 658 1.316 0.5617 0.8417
1LDZ 659 1.361 0.5656 0.8583
1LDZ 660 1.337 0.5610 0.8750
1LDZ 661 1.318 0.5626 0.8750
1LDZ 662 1.350 0.5571 0.8750
1LDZ 663 1.342 0.5621 0.8833
1LDZ 664 1.311 0.5731 0.8833
1LDZ 665 1.273 0.5756 0.8833
1LDZ 666 1.305 0.5821 0.8833
1LDZ 667 1.302 0.5830 0.8750
1LDZ 668 1.218 0.6330 0.9000
1LDZ 669 1.357 0.5926 0.8750
1LDZ 670 1.365 0.5792 0.8833
1LDZ 671 1.179 0.6214 0.8833
1LDZ 672 1.207 0.6284 0.9000
1LDZ 673 1.183 0.6333 0.8917
1LDZ 674 1.293 0.5889 0.8833
1LDZ 675 1.262 0.6157 0.8833
1LDZ 676 1.275 0.5938 0.8750
1LDZ 677 1.255 0.6131 0.8833
1LDZ 678 1.289 0.5879 0.8833
1LDZ 679 1.220 0.6099 0.9000
1LDZ 680 1.192 0.6098 0.8750
1LDZ 681 1.279 0.5747 0.8667
1LDZ 682 1.205 0.6027 0.8833
1LDZ 683 1.142 0.6198 0.8750
1LDZ 684 1.246 0.5847 0.8583
1LDZ 685 1.082 0.6661 0.9083
1LDZ 686 1.322 0.5725 0.8583
1LDZ 687 1.185 0.6238 0.8917
1LDZ 688 1.134 0.6408 0.8917
1LDZ 689 1.249 0.5843 0.8583
1LDZ 690 1.199 0.5968 0.8667
1LDZ 691 1.245 0.5886 0.8583
1LDZ 692 1.465 0.5126 0.8333
1LDZ 693 1.496 0.5028 0.8167
1LDZ 694 1.412 0.5313 0.8417
1LDZ 695 1.463 0.5146 0.8250
1LDZ 696 1.569 0.4897 0.8000
1LDZ 697 1.494 0.5120 0.8250
1LDZ 698 1.488 0.5268 0.8250
1LDZ 699 1.619 0.5029 0.8167
1LDZ 700 1.635 0.4802 0.8083
1LDZ 701 1.557 0.4915 0.8167
1LDZ 702 1.581 0.4891 0.8083
1LDZ 703 1.531 0.5021 0.8167
1LDZ 704 1.574 0.5021 0.8083
1LDZ 705 1.540 0.5004 0.8083
1LDZ 706 1.662 0.4725 0.7917
1LDZ 707 1.447 0.5231 0.8333
1LDZ 708 1.432 0.5321 0.8333
1LDZ 709 1.504 0.5010 0.8167
1LDZ 710 1.503 0.5048 0.8250
1LDZ 711 1.430 0.5300 0.8417
1LDZ 712 1.532 0.5121 0.8167
1LDZ 713 1.560 0.4893 0.8083
1LDZ 714 1.502 0.5134 0.8333
1LDZ 715 1.567 0.4999 0.8167
1LDZ 716 1.578 0.4903 0.8167
1LDZ 717 1.493 0.5135 0.8250
1LDZ 718 1.594 0.4861 0.8083
1LDZ 719 1.552 0.5007 0.8167
1LDZ 720 1.623 0.4796 0.8083
1LDZ 721 1.444 0.5319 0.8250
1LDZ 722 1.591 0.4808 0.8083
1LDZ 723 1.536 0.4985 0.8083
1LDZ 724 1.435 0.5154 0.8250
1LDZ 725 1.453 0.5350 0.8250
1LDZ 726 1.458 0.5152 0.8417
1LDZ 727 1.391 0.5313 0.8333
1LDZ 728 1.329 0.5681 0.8500
1LDZ 729 1.371 0.5407 0.8417
1LDZ 730 1.333 0.5374 0.8417
1LDZ 731 1.362 0.5374 0.8417
1LDZ 732 1.316 0.5497 0.8500
1LDZ 733 1.397 0.5268 0.8417
1LDZ 734 1.354 0.5533 0.8417
1LDZ 735 1.309 0.5521 0.8417
1LDZ 736 1.369 0.5260 0.8333
1LDZ 737 1.245 0.5821 0.8750
1LDZ 738 1.290 0.5633 0.8583
1LDZ 739 1.267 0.5605 0.8667
1LDZ 740 1.265 0.5671 0.8583
1LDZ 741 1.295 0.5509 0.8500
1LDZ 742 1.290 0.5600 0.8583
1LDZ 743 1.351 0.5350 0.8500
1LDZ 744 1.292 0.5612 0.8667
1LDZ 745 1.372 0.5185 0.8417
1LDZ 746 1.300 0.5461 0.8667
1LDZ 747 1.495 0.4967 0.8250
1LDZ 748 1.424 0.5276 0.8333
1LDZ 749 1.391 0.5211 0.8417
1LDZ 750 1.386 0.5330 0.8333
1LDZ 751 1.545 0.5071 0.8083
1LDZ 752 1.564 0.4942 0.8083
1LDZ 753 1.623 0.4517 0.8000
1LDZ 754 1.533 0.5083 0.8250
1LDZ 755 1.515 0.4895 0.8167
1LDZ 756 1.637 0.4748 0.7917
1LDZ 757 1.460 0.5201 0.8333
1LDZ 758 1.456 0.5194 0.8333
1LDZ 759 1.615 0.5011 0.8167
1LDZ 760 1.531 0.4810 0.8167
1LDZ 761 1.687 0.4593 0.7833
1LDZ 762 1.484 0.5003 0.8250
1LDZ 763 1.477 0.5047 0.8167
1LDZ 764 1.576 0.4952 0.7917
1LDZ 765 1.552 0.5036 0.8167
1LDZ 766 1.586 0.5075 0.8083
1LDZ 767 1.690 0.4756 0.8000
1LDZ 768 1.466 0.5185 0.8333
1LDZ 769 1.664 0.4994 0.8000
1LDZ 770 1.771 0.4870 0.8000
1LDZ 771 1.571 0.4898 0.8167
1LDZ 772 1.550 0.4828 0.8083
1LDZ 773 1.586 0.4928 0.8167
1LDZ 774 1.620 0.4817 0.8000
1LDZ 775 1.572 0.5015 0.8083
1LDZ 776 1.494 0.5182 0.8167
1LDZ 777 1.586 0.5020 0.8000
1LDZ 778 1.540 0.5052 0.8083
1LDZ 779 1.664 0.4775 0.7917
1LDZ 780 1.466 0.5117 0.8250
1LDZ 781 1.712 0.4827 0.8000
1LDZ 782 1.548 0.5318 0.8333
1LDZ 783 1.492 0.5378 0.8417
1LDZ 784 1.722 0.4900 0.8000
1LDZ 785 1.511 0.4984 0.8167
1LDZ 786 1.669 0.4992 0.8083
1LDZ 787 1.574 0.5304 0.8250
1LDZ 788 1.488 0.5241 0.8167
1LDZ 789 1.505 0.5379 0.8417
1LDZ 790 1.594 0.5177 0.8083
1LDZ 791 1.490 0.5025 0.8083
1LDZ 792 1.354 0.5422 0.8417
1LDZ 793 1.389 0.5217 0.8417
1LDZ 794 1.414 0.5227 0.8417
1LDZ 795 1.568 0.5243 0.8167
1LDZ 796 1.734 0.4685 0.7833
1LDZ 797 1.650 0.4809 0.8000
1LDZ 798 1.462 0.5212 0.8250
1LDZ 799 1.649 0.4772 0.7833
1LDZ 800 1.545 0.5308 0.8333
1LDZ 801 1.457 0.5121 0.8083
1LDZ 802 1.438 0.5475 0.8417
1LDZ 803 1.606 0.5061 0.8083
1LDZ 804 1.676 0.4546 0.7833
1LDZ 805 1.736 0.4659 0.7917
1LDZ 806 1.885 0.4528 0.7750
1LDZ 807 1.781 0.4680 0.7667
1LDZ 808 1.508 0.4958 0.8167
1LDZ 809 1.549 0.4984 0.8083
1LDZ 810 1.611 0.5076 0.8167
1LDZ 811 1.538 0.5115 0.8167
1LDZ 812 1.645 0.4930 0.8000
1LDZ 813 1.598 0.5128 0.8167
1LDZ 814 1.459 0.5363 0.8500
1LDZ 815 1.426 0.5270 0.8417
1LDZ 816 1.582 0.5206 0.8333
1LDZ 817 1.574 0.5331 0.8250
1LDZ 818 1.457 0.5389 0.8333
1LDZ 819 1.584 0.5266 0.8250
1LDZ 820 1.444 0.5546 0.8333
1LDZ 821 1.548 0.5249 0.8333
1LDZ 822 1.511 0.5017 0.8417
1LDZ 823 1.378 0.5491 0.8500
1LDZ 824 1.448 0.5384 0.8583
1LDZ 825 1.588 0.5207 0.8167
1LDZ 826 1.502 0.4879 0.8250
1LDZ 827 1.594 0.5085 0.8167
1LDZ 828 1.541 0.5569 0.8500
1LDZ 829 1.595 0.5005 0.8000
1LDZ 830 1.475 0.5199 0.8250
1LDZ 831 1.473 0.5256 0.8333
1LDZ 832 1.616 0.4977 0.8083
1LDZ 833 1.693 0.4820 0.7917
1LDZ 834 1.649 0.4964 0.8000
1LDZ 835 1.475 0.5193 0.8167
1LDZ 836 1.496 0.5253 0.8667
1LDZ 837 1.554 0.5431 0.8500
1LDZ 838 1.552 0.4945 0.8167
1LDZ 839 1.534 0.4932 0.8083
1LDZ 840 1.460 0.5121 0.8417
1LDZ 841 1.509 0.5047 0.8333
1LDZ 842 1.487 0.5332 0.8250
1LDZ 843 1.592 0.5119 0.8167
1LDZ 844 1.572 0.4999 0.8167
1LDZ 845 1.465 0.5161 0.8250
1LDZ 846 1.547 0.5138 0.8333
1LDZ 847 1.425 0.5406 0.8500
1LDZ 848 1.419 0.5332 0.8250
1LDZ 849 1.721 0.4657 0.7750
1LDZ 850 1.521 0.5073 0.8083
1LDZ 851 1.668 0.4899 0.7833
1LDZ 852 1.696 0.4496 0.7750
1LDZ 853 1.613 0.4709 0.7917
1LDZ 854 1.465 0.5487 0.8500
1LDZ 855 1.749 0.4807 0.7917
1LDZ 856 1.560 0.4887 0.8167
1LDZ 857 1.497 0.4871 0.8250
1LDZ 858 1.555 0.4751 0.8250
1LDZ 859 1.487 0.5312 0.8333
1LDZ 860 1.507 0.5289 0.8417
1LDZ 861 1.638 0.4768 0.8083
1LDZ 862 1.624 0.5018 0.8167
1LDZ 863 1.646 0.5136 0.8083
1LDZ 864 1.648 0.4688 0.7917
1LDZ 865 1.506 0.5307 0.8250
1LDZ 866 1.615 0.4900 0.7917
1LDZ 867 1.929 0.4867 0.8167
1LDZ 868 1.790 0.5189 0.8417
1LDZ 869 1.743 0.4885 0.8000
1LDZ 870 1.384 0.5356 0.8417
1LDZ 871 1.622 0.4884 0.8000
1LDZ 872 1.531 0.5143 0.8083
1LDZ 873 1.664 0.4846 0.8083
1LDZ 874 1.545 0.5182 0.8083
1LDZ 875 1.465 0.5246 0.8333
1LDZ 876 1.466 0.5271 0.8167
1LDZ 877 1.625 0.4974 0.8167
1LDZ 878 1.624 0.4698 0.7833
1LDZ 879 1.781 0.4455 0.7667
1LDZ 880 1.633 0.4537 0.7917
1LDZ 881 1.551 0.4793 0.8083
1LDZ 882 1.527 0.5131 0.8167
1LDZ 883 1.542 0.4962 0.8333
1LDZ 884 1.402 0.5280 0.8250
1LDZ 885 1.591 0.5063 0.8333
1LDZ 886 1.554 0.4830 0.8083
1LDZ 887 1.416 0.5132 0.8333
1LDZ 888 1.434 0.5268 0.8417
1LDZ 889 1.728 0.4521 0.7833
1LDZ 890 1.572 0.4851 0.8083
1LDZ 891 1.754 0.5112 0.8167
1LDZ 892 1.597 0.5109 0.8250
1LDZ 893 1.506 0.4900 0.8167
1LDZ 894 1.553 0.5276 0.8333
1LDZ 895 1.529 0.5042 0.8167
1LDZ 896 1.614 0.4804 0.7833
1LDZ 897 1.581 0.5302 0.8333
1LDZ 898 1.541 0.4882 0.8083
1LDZ 899 1.610 0.4871 0.8083
1LDZ 900 1.582 0.5181 0.8167
1LDZ 901 1.498 0.4931 0.8083
1LDZ 902 1.574 0.4998 0.8250
1LDZ 903 1.742 0.4612 0.8000
1LDZ 904 1.564 0.4883 0.8167
1LDZ 905 1.612 0.4771 0.8000
1LDZ 906 1.651 0.4819 0.7917
1LDZ 907 1.668 0.4690 0.7917
1LDZ 908 1.633 0.4598 0.7917
1LDZ 909 1.628 0.4963 0.8333
1LDZ 910 1.483 0.5177 0.8333
1LDZ 911 1.715 0.4836 0.8083
1LDZ 912 1.648 0.4812 0.8083
1LDZ 913 1.587 0.4908 0.8083
1LDZ 914 1.482 0.5043 0.8250
1LDZ 915 1.557 0.5198 0.8250
1LDZ 916 1.648 0.5008 0.8083
1LDZ 917 1.508 0.5079 0.8167
1LDZ 918 1.496 0.5016 0.8250
1LDZ 919 1.590 0.5215 0.8333
1LDZ 920 1.557 0.5036 0.8083
1LDZ 921 1.622 0.4972 0.8083
1LDZ 922 1.420 0.5269 0.8583
1LDZ 923 1.449 0.5172 0.8333
1LDZ 924 1.641 0.5035 0.8250
1LDZ 925 1.712 0.4903 0.8083
1LDZ 926 1.472 0.5259 0.8333
1LDZ 927 1.609 0.5063 0.8250
1LDZ 928 1.565 0.5051 0.8250
1LDZ 929 1.615 0.4857 0.8167
1LDZ 930 1.705 0.4750 0.8000
1LDZ 931 1.633 0.5142 0.8333
1LDZ 932 1.499 0.5300 0.8417
1LDZ 933 1.680 0.4949 0.8000
1LDZ 934 1.422 0.5333 0.8583
1LDZ 935 1.578 0.5171 0.8083
1LDZ 936 1.417 0.5307 0.8250
1LDZ 937 1.643 0.4663 0.7833
1LDZ 938 1.621 0.4940 0.8083
1LDZ 939 1.587 0.4777 0.7833
1LDZ 940 1.673 0.4629 0.7833
1LDZ 941 1.629 0.5050 0.8250
1LDZ 942 1.724 0.5026 0.8167
1LDZ 943 1.655 0.5195 0.8250
1LDZ 944 1.550 0.5175 0.8250
1LDZ 945 1.599 0.5045 0.8167
1LDZ 946 1.715 0.4591 0.7833
1LDZ 947 1.638 0.4915 0.8000
1LDZ 948 1.721 0.4825 0.7917
1LDZ 949 1.518 0.5431 0.8500
1LDZ 950 1.498 0.5135 0.8167
1LDZ 951 1.768 0.4619 0.7667
1LDZ 952 1.731 0.4801 0.8000
1LDZ 953 1.590 0.4874 0.8083
1LDZ 954 1.660 0.4755 0.7917
1LDZ 955 1.537 0.5218 0.8250
1LDZ 956 1.801 0.4958 0.8083
1LDZ 957 1.676 0.4706 0.7917
1LDZ 958 1.899 0.4725 0.8000
1LDZ 959 1.770 0.4742 0.8000
1LDZ 960 1.853 0.4936 0.8000
1LDZ 961 1.858 0.4941 0.8000
1LDZ 962 1.625 0.5089 0.8083
1LDZ 963 1.709 0.4782 0.7833
1LDZ 964 1.580 0.4985 0.8083
1LDZ 965 1.719 0.4882 0.8083
1LDZ 966 1.597 0.4827 0.7917
1LDZ 967 1.841 0.4335 0.7750
1LDZ 968 1.858 0.4359 0.7833
1LDZ 969 1.795 0.4534 0.7917
1LDZ 970 1.582 0.4711 0.8000
1LDZ 971 1.714 0.4920 0.8000
1LDZ 972 1.782 0.4791 0.8000
1LDZ 973 1.800 0.4792 0.7833
1LDZ 974 1.609 0.5037 0.8167
1LDZ 975 1.613 0.4306 0.7917
1LDZ 976 1.616 0.4791 0.8000
1LDZ 977 1.661 0.4717 0.7917
1LDZ 978 1.680 0.4415 0.7917
1LDZ 979 1.751 0.4521 0.7833
1LDZ 980 1.871 0.4160 0.7500
1LDZ 981 1.693 0.4496 0.7833
1LDZ 982 1.615 0.4878 0.7917
1LDZ 983 1.860 0.4720 0.7917
1LDZ 984 1.764 0.4488 0.7750
1LDZ 985 1.865 0.4217 0.7583
1LDZ 986 1.733 0.4422 0.7667
1LDZ 987 1.781 0.4380 0.7583
1LDZ 988 1.646 0.4590 0.7917
1LDZ 989 1.784 0.4215 0.7667
1LDZ 990 1.950 0.3869 0.7333
1LDZ 991 1.780 0.4215 0.7750
1LDZ 992 1.953 0.4128 0.7583
1LDZ 993 2.050 0.3844 0.7500
1LDZ 994 1.925 0.4298 0.7833
1LDZ 995 1.630 0.4902 0.8083
1LDZ 996 1.750 0.4607 0.7750
1LDZ 997 1.502 0.5271 0.8250
1LDZ 998 1.524 0.5205 0.8333
1LDZ 999 1.668 0.4567 0.7750
1LDZ 1000 1.661 0.4706 0.8000
1LDZ 1001 1.796 0.4489 0.7833
1LDZ 1002 1.592 0.5016 0.7917
1LDZ 1003 1.578 0.4970 0.8000
1LDZ 1004 1.824 0.4170 0.7667
1LDZ 1005 1.550 0.4908 0.8083
1LDZ 1006 1.775 0.4838 0.7833
1LDZ 1007 1.662 0.4443 0.7833
1LDZ 1008 1.665 0.4454 0.7750
1LDZ 1009 1.778 0.4427 0.7750
1LDZ 1010 1.843 0.4016 0.7667
1LDZ 1011 1.772 0.4412 0.7667
1LDZ 1012 1.842 0.4423 0.7833
1LDZ 1013 1.784 0.4262 0.7500
1LDZ 1014 1.821 0.4432 0.7750
1LDZ 1015 1.644 0.4671 0.8000
1LDZ 1016 1.948 0.3983 0.7583
1LDZ 1017 1.710 0.4386 0.7667
1LDZ 1018 1.673 0.4639 0.7917
1LDZ 1019 1.770 0.4649 0.8000
1LDZ 1020 1.629 0.4729 0.8000
1LDZ 1021 1.702 0.4431 0.7750
1LDZ 1022 1.800 0.4238 0.7750
1LDZ 1023 1.742 0.4268 0.7667
1LDZ 1024 1.944 0.4049 0.7667
1LDZ 1025 1.862 0.4063 0.7750
1LDZ 1026 1.872 0.4205 0.7583
1LDZ 1027 1.926 0.4200 0.7583
1LDZ 1028 2.045 0.3774 0.7417
1LDZ 1029 2.078 0.4040 0.7500
1LDZ 1030 2.036 0.4045 0.7667
1LDZ 1031 2.216 0.3834 0.7583
1LDZ 1032 2.209 0.3935 0.7583
1LDZ 1033 2.463 0.3883 0.7583
1LDZ 1034 2.246 0.4170 0.7583
1LDZ 1035 1.845 0.4408 0.7667
1LDZ 1036 1.899 0.4634 0.7833
1LDZ 1037 2.228 0.4039 0.7500
1LDZ 1038 2.211 0.4044 0.7500
1LDZ 1039 1.978 0.4256 0.7583
1LDZ 1040 2.075 0.4290 0.7917
1LDZ 1041 2.106 0.4547 0.7750
1LDZ 1042 1.715 0.5340 0.8250
1LDZ 1043 1.985 0.4705 0.7917
1LDZ 1044 2.129 0.4761 0.8083
1LDZ 1045 2.168 0.4957 0.7917
1LDZ 1046 2.334 0.5024 0.8083
1LDZ 1047 2.359 0.4831 0.8000
1LDZ 1048 2.191 0.5103 0.8000
1LDZ 1049 2.139 0.4948 0.8083
1LDZ 1050 2.100 0.4993 0.8000
1LDZ 1051 2.128 0.4754 0.7917
1LDZ 1052 2.240 0.4746 0.7833
1LDZ 1053 2.164 0.4733 0.7833
1LDZ 1054 2.281 0.4783 0.7917
1LDZ 1055 2.300 0.5446 0.8333
1LDZ 1056 2.217 0.4691 0.8083
1LDZ 1057 2.035 0.5190 0.8083
1LDZ 1058 2.349 0.4595 0.7917
1LDZ 1059 2.506 0.4145 0.7500
1LDZ 1060 2.543 0.3998 0.7250
1LDZ 1061 2.494 0.4190 0.7333
1LDZ 1062 2.563 0.4166 0.7417
1LDZ 1063 2.612 0.4581 0.7667
1LDZ 1064 2.309 0.4270 0.7500
1LDZ 1065 2.121 0.4782 0.7917
1LDZ 1066 2.177 0.4334 0.7750
1LDZ 1067 2.592 0.4273 0.7667
1LDZ 1068 2.422 0.4568 0.7917
1LDZ 1069 2.211 0.4288 0.7667
1LDZ 1070 2.191 0.4485 0.7667
1LDZ 1071 2.535 0.4411 0.7667
1LDZ 1072 2.485 0.4382 0.7583
1LDZ 1073 2.436 0.4432 0.7667
1LDZ 1074 2.306 0.4071 0.7417
1LDZ 1075 2.091 0.4415 0.7833
1LDZ 1076 2.257 0.4113 0.7500
1LDZ 1077 2.049 0.4711 0.8000
1LDZ 1078 2.159 0.4365 0.7500
1LDZ 1079 2.226 0.4382 0.7583
1LDZ 1080 2.355 0.4234 0.7667
1LDZ 1081 2.127 0.4517 0.7833
1LDZ 1082 1.907 0.4394 0.8000
1LDZ 1083 2.008 0.4644 0.7833
1LDZ 1084 2.065 0.4533 0.7750
1LDZ 1085 1.929 0.4798 0.8083
1LDZ 1086 1.998 0.4561 0.7750
1LDZ 1087 2.130 0.4326 0.7833
1LDZ 1088 2.019 0.4456 0.7750
1LDZ 1089 2.248 0.3840 0.7250
1LDZ 1090 2.207 0.4428 0.7667
1LDZ 1091 2.142 0.4036 0.7667
1LDZ 1092 1.968 0.4118 0.7750
1LDZ 1093 1.944 0.4668 0.7833
1LDZ 1094 2.205 0.4421 0.7667
1LDZ 1095 2.119 0.4624 0.7833
1LDZ 1096 2.166 0.4314 0.7750
1LDZ 1097 2.005 0.4474 0.7833
1LDZ 1098 1.845 0.4690 0.8000
1LDZ 1099 1.887 0.4924 0.8167
1LDZ 1100 2.257 0.4377 0.7667
1LDZ 1101 2.302 0.4136 0.7583
1LDZ 1102 2.060 0.4186 0.7667
1LDZ 1103 1.794 0.4857 0.8000
1LDZ 1104 1.998 0.4578 0.7917
1LDZ 1105 2.416 0.4155 0.7583
1LDZ 1106 1.980 0.4837 0.8000
1LDZ 1107 1.739 0.5182 0.8083
1LDZ 1108 1.992 0.4635 0.7750
1LDZ 1109 2.027 0.4661 0.8000
1LDZ 1110 2.119 0.4588 0.8083
1LDZ 1111 2.043 0.4436 0.7833
1LDZ 1112 2.168 0.4245 0.7667
1LDZ 1113 1.946 0.4612 0.7833
1LDZ 1114 1.928 0.4460 0.7833
1LDZ 1115 2.153 0.3982 0.7583
1LDZ 1116 2.131 0.4061 0.7583
1LDZ 1117 2.048 0.4449 0.7833
1LDZ 1118 2.152 0.4442 0.7583
1LDZ 1119 2.245 0.4102 0.7583
1LDZ 1120 2.122 0.4209 0.7667
1LDZ 1121 2.130 0.4468 0.7750
1LDZ 1122 2.088 0.4641 0.7833
1LDZ 1123 1.819 0.5082 0.8167
1LDZ 1124 1.910 0.4380 0.7833
1LDZ 1125 1.994 0.4580 0.7917
1LDZ 1126 2.120 0.4385 0.7833
1LDZ 1127 2.160 0.4320 0.7750
1LDZ 1128 2.168 0.4479 0.7750
1LDZ 1129 1.859 0.4784 0.8000
1LDZ 1130 2.030 0.4496 0.7833
1LDZ 1131 2.026 0.4480 0.7917
1LDZ 1132 2.072 0.4190 0.7667
1LDZ 1133 1.951 0.4470 0.7917
1LDZ 1134 1.952 0.4784 0.8000
1LDZ 1135 1.968 0.4517 0.8000
1LDZ 1136 1.780 0.4686 0.7917
1LDZ 1137 1.903 0.4765 0.8000
1LDZ 1138 1.894 0.4694 0.7833
1LDZ 1139 1.848 0.4749 0.8083
1LDZ 1140 2.094 0.4366 0.7750
1LDZ 1141 2.025 0.4704 0.7917
1LDZ 1142 2.300 0.4374 0.7583
1LDZ 1143 1.993 0.4497 0.7833
1LDZ 1144 2.243 0.4575 0.7750
1LDZ 1145 2.182 0.4399 0.7583
1LDZ 1146 2.482 0.4147 0.7667
1LDZ 1147 2.218 0.4467 0.7750
1LDZ 1148 2.335 0.4280 0.7583
1LDZ 1149 2.640 0.4153 0.7500
1LDZ 1150 2.116 0.4241 0.7583
1LDZ 1151 2.567 0.4072 0.7417
1LDZ 1152 2.425 0.4411 0.7583
1LDZ 1153 2.228 0.4184 0.7667
1LDZ 1154 2.136 0.4076 0.7667
1LDZ 1155 2.254 0.4361 0.7833
1LDZ 1156 2.495 0.4151 0.7583
1LDZ 1157 2.141 0.4437 0.7667
1LDZ 1158 2.108 0.4274 0.7417
1LDZ 1159 2.466 0.4062 0.7333
1LDZ 1160 2.375 0.4545 0.7750
1LDZ 1161 2.103 0.4423 0.7750
1LDZ 1162 2.219 0.4568 0.7667
1LDZ 1163 2.198 0.4510 0.7833
1LDZ 1164 2.307 0.4445 0.7583
1LDZ 1165 2.119 0.4277 0.7583
1LDZ 1166 2.356 0.4489 0.7667
1LDZ 1167 2.250 0.4145 0.7750
1LDZ 1168 2.356 0.4214 0.7667
1LDZ 1169 2.398 0.4193 0.7500
1LDZ 1170 2.127 0.4411 0.7667
1LDZ 1171 2.429 0.4222 0.7833
1LDZ 1172 2.366 0.4179 0.7417
1LDZ 1173 2.225 0.4386 0.7667
1LDZ 1174 2.292 0.4588 0.7917
1LDZ 1175 2.144 0.4990 0.8000
1LDZ 1176 2.055 0.4843 0.7917
1LDZ 1177 2.266 0.4609 0.7750
1LDZ 1178 2.223 0.4739 0.7917
1LDZ 1179 2.207 0.4562 0.7833
1LDZ 1180 2.299 0.4469 0.7667
1LDZ 1181 2.066 0.4854 0.7917
1LDZ 1182 2.417 0.4275 0.7833
1LDZ 1183 2.304 0.4121 0.7667
1LDZ 1184 2.196 0.4761 0.7750
1LDZ 1185 2.344 0.4697 0.7917
1LDZ 1186 2.112 0.4542 0.7833
1LDZ 1187 2.376 0.4946 0.7833
1LDZ 1188 2.198 0.4880 0.7833
1LDZ 1189 2.190 0.4398 0.7667
1LDZ 1190 2.168 0.4545 0.7750
1LDZ 1191 2.284 0.4799 0.8000
1LDZ 1192 2.282 0.4791 0.7917
1LDZ 1193 2.197 0.4518 0.7667
1LDZ 1194 2.372 0.4115 0.7500
1LDZ 1195 2.215 0.4179 0.7750
1LDZ 1196 2.148 0.4461 0.7667
1LDZ 1197 2.154 0.4396 0.7750
1LDZ 1198 2.190 0.4127 0.7583
1LDZ 1199 2.275 0.4352 0.7667
1LDZ 1200 2.290 0.4326 0.7500
1LDZ 1201 2.225 0.4027 0.7417
1LDZ 1202 2.137 0.4579 0.7833
1LDZ 1203 2.376 0.4498 0.7750
1LDZ 1204 2.125 0.4267 0.7750
1LDZ 1205 2.478 0.3967 0.7417
1LDZ 1206 2.042 0.4472 0.7750
1LDZ 1207 2.324 0.4318 0.7417
1LDZ 1208 2.196 0.4145 0.7667
1LDZ 1209 1.814 0.5037 0.8167
1LDZ 1210 2.401 0.4267 0.7667
1LDZ 1211 2.215 0.4321 0.7667
1LDZ 1212 2.313 0.4387 0.7833
1LDZ 1213 2.267 0.4457 0.7917
1LDZ 1214 2.051 0.4638 0.7917
1LDZ 1215 2.258 0.4216 0.7750
1LDZ 1216 2.299 0.4325 0.7667
1LDZ 1217 2.393 0.4481 0.7750
1LDZ 1218 2.310 0.4381 0.7833
1LDZ 1219 2.157 0.4273 0.7583
1LDZ 1220 1.995 0.4578 0.8083
1LDZ 1221 1.905 0.5041 0.8250
1LDZ 1222 2.515 0.4219 0.7500
1LDZ 1223 2.337 0.4933 0.8000
1LDZ 1224 2.068 0.4307 0.7583
1LDZ 1225 1.865 0.4816 0.7917
1LDZ 1226 2.107 0.4524 0.7833
1LDZ 1227 2.038 0.4881 0.8083
1LDZ 1228 2.024 0.4660 0.7833
1LDZ 1229 2.050 0.4376 0.7833
1LDZ 1230 2.331 0.4593 0.7833
1LDZ 1231 2.053 0.4730 0.8083
1LDZ 1232 2.383 0.3823 0.7417
1LDZ 1233 2.317 0.4197 0.7333
1LDZ 1234 2.159 0.4897 0.8083
1LDZ 1235 2.272 0.4096 0.7583
1LDZ 1236 1.921 0.4983 0.8000
1LDZ 1237 2.095 0.4495 0.7750
1LDZ 1238 1.854 0.4797 0.7917
1LDZ 1239 1.939 0.4370 0.7833
1LDZ 1240 2.364 0.4513 0.7583
1LDZ 1241 2.178 0.4535 0.7917
1LDZ 1242 1.945 0.4747 0.7833
1LDZ 1243 2.037 0.4851 0.8083
1LDZ 1244 2.131 0.4507 0.7833
1LDZ 1245 1.929 0.4721 0.7917
1LDZ 1246 2.118 0.4889 0.7917
1LDZ 1247 2.044 0.4779 0.7917
1LDZ 1248 2.158 0.4579 0.7667
1LDZ 1249 2.162 0.4473 0.7583
1LDZ 1250 2.198 0.4316 0.7667
1LDZ 1251 1.857 0.5087 0.8083
1LDZ 1252 2.124 0.4946 0.7917
1LDZ 1253 2.235 0.4602 0.7583
1LDZ 1254 2.220 0.4191 0.7333
1LDZ 1255 2.089 0.4678 0.7750
1LDZ 1256 2.429 0.4039 0.7500
1LDZ 1257 2.283 0.4040 0.7250
1LDZ 1258 2.168 0.3970 0.7333
1LDZ 1259 2.128 0.4789 0.7917
1LDZ 1260 2.219 0.4582 0.7750
1LDZ 1261 2.181 0.4582 0.7833
1LDZ 1262 2.173 0.4353 0.7667
1LDZ 1263 2.082 0.4683 0.7917
1LDZ 1264 2.042 0.4721 0.7667
1LDZ 1265 2.015 0.4813 0.7750
1LDZ 1266 2.339 0.4296 0.7500
1LDZ 1267 2.168 0.4653 0.7750
1LDZ 1268 2.113 0.4490 0.7750
1LDZ 1269 2.442 0.4205 0.7500
1LDZ 1270 2.233 0.3918 0.7500
1LDZ 1271 2.094 0.4854 0.7833
1LDZ 1272 2.623 0.3749 0.7083
1LDZ 1273 2.495 0.3810 0.7167
1LDZ 1274 2.248 0.4343 0.7667
1LDZ 1275 2.028 0.4483 0.7583
1LDZ 1276 2.159 0.4714 0.7917
1LDZ 1277 2.316 0.4264 0.7500
1LDZ 1278 2.380 0.3950 0.7417
1LDZ 1279 2.181 0.4450 0.7667
1LDZ 1280 1.886 0.4404 0.7667
1LDZ 1281 1.857 0.4824 0.7833
1LDZ 1282 2.324 0.4302 0.7417
1LDZ 1283 2.269 0.4016 0.7500
1LDZ 1284 2.073 0.4381 0.7667
1LDZ 1285 1.875 0.4755 0.7667
1LDZ 1286 2.259 0.4352 0.7583
1LDZ 1287 2.077 0.4235 0.7667
1LDZ 1288 1.938 0.4463 0.7667
1LDZ 1289 2.264 0.4361 0.7583
1LDZ 1290 2.139 0.5015 0.8250
1LDZ 1291 2.200 0.4365 0.7750
1LDZ 1292 1.801 0.4649 0.7750
1LDZ 1293 1.965 0.4235 0.7583
1LDZ 1294 2.446 0.4354 0.7417
1LDZ 1295 2.093 0.4815 0.7917
1LDZ 1296 2.123 0.4146 0.7500
1LDZ 1297 1.910 0.4224 0.7667
1LDZ 1298 2.085 0.4253 0.7667
1LDZ 1299 2.202 0.4116 0.7583
1LDZ 1300 2.334 0.4047 0.7583
1LDZ 1301 2.115 0.4006 0.7417
1LDZ 1302 2.342 0.3994 0.7250
1LDZ 1303 2.424 0.4046 0.7583
1LDZ 1304 1.888 0.4501 0.7667
1LDZ 1305 2.063 0.4262 0.7583
1LDZ 1306 2.242 0.3961 0.7500
1LDZ 1307 2.051 0.4539 0.7750
1LDZ 1308 2.021 0.4586 0.7833
1LDZ 1309 2.279 0.3949 0.7417
1LDZ 1310 2.356 0.4064 0.7500
1LDZ 1311 2.203 0.4319 0.7917
1LDZ 1312 1.956 0.4220 0.7833
1LDZ 1313 1.854 0.4550 0.8000
1LDZ 1314 2.460 0.4288 0.7583
1LDZ 1315 2.165 0.4107 0.7833
1LDZ 1316 2.194 0.4564 0.7833
1LDZ 1317 2.291 0.4439 0.7833
1LDZ 1318 2.256 0.4414 0.7583
1LDZ 1319 1.956 0.5251 0.8167
1LDZ 1320 1.988 0.4771 0.8000
1LDZ 1321 1.977 0.4855 0.8083
1LDZ 1322 1.921 0.4839 0.7917
1LDZ 1323 1.732 0.5267 0.8167
1LDZ 1324 2.181 0.4371 0.7917
1LDZ 1325 2.273 0.4373 0.7500
1LDZ 1326 2.139 0.4366 0.7667
1LDZ 1327 1.944 0.4733 0.7833
1LDZ 1328 2.365 0.4213 0.7667
1LDZ 1329 2.183 0.4106 0.7667
1LDZ 1330 1.923 0.4556 0.7833
1LDZ 1331 2.321 0.4309 0.7417
1LDZ 1332 2.443 0.3982 0.7583
1LDZ 1333 2.429 0.4154 0.7500
1LDZ 1334 2.179 0.4189 0.7333
1LDZ 1335 1.989 0.4556 0.7750
1LDZ 1336 2.307 0.4259 0.7500
1LDZ 1337 2.660 0.3738 0.7083
1LDZ 1338 2.178 0.4637 0.7583
1LDZ 1339 2.251 0.4097 0.7500
1LDZ 1340 2.275 0.4388 0.7750
1LDZ 1341 2.379 0.4127 0.7500
1LDZ 1342 2.065 0.4984 0.7917
1LDZ 1343 2.059 0.4350 0.7583
1LDZ 1344 2.194 0.4340 0.7583
1LDZ 1345 2.123 0.4520 0.7833
