2LU0 1 0.000 1.0000 1.0000
2LU0 2 4.707 0.4078 0.5969
2LU0 3 5.166 0.3426 0.5051
2LU0 4 5.355 0.3927 0.5459
2LU0 5 4.386 0.4417 0.5918
2LU0 6 3.215 0.4420 0.6378
2LU0 7 3.891 0.3906 0.5714
2LU0 8 3.136 0.5041 0.6378
2LU0 9 3.714 0.4321 0.6173
2LU0 10 3.702 0.4660 0.6173
2LU0 11 4.777 0.3461 0.5306
2LU0 12 5.147 0.3839 0.5459
2LU0 13 3.417 0.4620 0.6480
2LU0 14 4.119 0.4226 0.5867
2LU0 15 4.694 0.3873 0.5714
2LU0 16 8.193 0.2730 0.4388
2LU0 17 4.199 0.3801 0.5561
2LU0 18 5.568 0.3701 0.5408
2LU0 19 2.523 0.6107 0.7398
2LU0 20 2.688 0.4642 0.6633
2LU0 21 14.730 0.1670 0.2398
2LU0 22 14.630 0.1381 0.1990
2LU0 23 18.143 0.1920 0.2551
2LU0 24 15.199 0.1637 0.2092
2LU0 25 13.605 0.1233 0.1888
2LU0 26 16.574 0.1519 0.1990
2LU0 27 14.635 0.1276 0.1888
2LU0 28 13.249 0.1704 0.2296
2LU0 29 19.095 0.1443 0.2143
2LU0 30 20.148 0.1589 0.2194
2LU0 31 17.888 0.1546 0.2143
2LU0 32 19.783 0.1545 0.2143
2LU0 33 17.534 0.1339 0.2041
2LU0 34 17.235 0.1901 0.2245
2LU0 35 14.284 0.2159 0.2857
2LU0 36 18.128 0.1792 0.2296
2LU0 37 12.437 0.2330 0.2857
2LU0 38 18.097 0.1766 0.2398
2LU0 39 17.606 0.1854 0.2296
2LU0 40 14.274 0.1886 0.2449
2LU0 41 15.110 0.2192 0.2806
2LU0 42 17.027 0.1947 0.2500
2LU0 43 10.788 0.2105 0.2755
2LU0 44 11.390 0.1899 0.2806
2LU0 45 14.288 0.1437 0.2143
2LU0 46 14.603 0.2003 0.2500
2LU0 47 12.207 0.2147 0.2908
2LU0 48 14.603 0.1729 0.2347
2LU0 49 14.228 0.1910 0.2398
2LU0 50 17.160 0.2256 0.2653
2LU0 51 15.173 0.2156 0.2806
2LU0 52 16.210 0.2185 0.2857
2LU0 53 18.597 0.2165 0.3265
2LU0 54 15.875 0.2046 0.2449
2LU0 55 13.135 0.2148 0.2704
2LU0 56 19.593 0.1965 0.2653
2LU0 57 13.509 0.2072 0.2500
2LU0 58 15.842 0.2166 0.2602
2LU0 59 14.828 0.2125 0.2551
2LU0 60 10.355 0.2582 0.3316
2LU0 61 16.627 0.0925 0.1480
2LU0 62 12.697 0.1150 0.1684
2LU0 63 20.992 0.1143 0.1582
2LU0 64 15.455 0.1041 0.1531
2LU0 65 16.174 0.1025 0.1684
2LU0 66 15.894 0.1714 0.2143
2LU0 67 16.991 0.1830 0.2449
2LU0 68 15.564 0.1424 0.1939
2LU0 69 18.463 0.1049 0.1633
2LU0 70 15.356 0.1843 0.2398
2LU0 71 17.688 0.2097 0.2908
2LU0 72 17.053 0.1547 0.2245
2LU0 73 16.285 0.2058 0.2602
2LU0 74 18.298 0.2105 0.2755
2LU0 75 17.533 0.1912 0.2347
2LU0 76 21.928 0.1719 0.2245
2LU0 77 14.472 0.1963 0.2347
2LU0 78 16.023 0.2129 0.2653
2LU0 79 17.747 0.2119 0.2959
2LU0 80 15.721 0.2322 0.2908
2LU0 81 19.461 0.1484 0.1990
2LU0 82 19.005 0.2035 0.2398
2LU0 83 14.905 0.1938 0.2653
2LU0 84 18.408 0.1959 0.2449
2LU0 85 15.681 0.2207 0.2908
2LU0 86 18.727 0.2196 0.3367
2LU0 87 18.035 0.2148 0.2653
2LU0 88 16.972 0.2035 0.2755
2LU0 89 19.290 0.2010 0.2347
2LU0 90 15.022 0.1555 0.2500
2LU0 91 19.023 0.1865 0.2194
2LU0 92 16.036 0.2079 0.2704
2LU0 93 22.540 0.1836 0.2245
2LU0 94 20.384 0.1681 0.2143
2LU0 95 15.523 0.2957 0.3878
2LU0 96 13.924 0.2359 0.3163
2LU0 97 18.509 0.2129 0.2806
2LU0 98 15.648 0.2015 0.2653
2LU0 99 18.052 0.2219 0.2806
2LU0 100 18.805 0.2086 0.2908
2LU0 101 14.679 0.1311 0.2041
2LU0 102 15.390 0.1689 0.2092
2LU0 103 11.937 0.1561 0.2449
2LU0 104 14.642 0.2003 0.2653
2LU0 105 15.933 0.1648 0.2143
2LU0 106 14.868 0.2000 0.2755
2LU0 107 15.101 0.1712 0.2143
2LU0 108 16.212 0.2061 0.2908
2LU0 109 14.113 0.1651 0.2296
2LU0 110 18.532 0.1259 0.1633
2LU0 111 15.831 0.1551 0.2143
2LU0 112 16.180 0.1651 0.2296
2LU0 113 22.340 0.1614 0.2143
2LU0 114 16.128 0.2241 0.2806
2LU0 115 16.458 0.1158 0.1633
2LU0 116 13.571 0.1982 0.2500
2LU0 117 18.347 0.1917 0.2449
2LU0 118 20.193 0.1367 0.2092
2LU0 119 19.813 0.1478 0.2143
2LU0 120 21.130 0.1509 0.1786
2LU0 121 17.162 0.1513 0.2194
2LU0 122 16.731 0.1703 0.2092
2LU0 123 15.445 0.1955 0.2602
2LU0 124 15.324 0.1356 0.1786
2LU0 125 19.308 0.1336 0.1786
2LU0 126 18.334 0.1386 0.1888
2LU0 127 14.850 0.1773 0.2296
2LU0 128 19.066 0.1992 0.2704
2LU0 129 18.090 0.1514 0.2194
2LU0 130 15.759 0.1635 0.2194
2LU0 131 15.451 0.2059 0.2602
2LU0 132 17.119 0.2510 0.3112
2LU0 133 17.377 0.1627 0.2449
2LU0 134 16.260 0.2165 0.2653
2LU0 135 17.247 0.1854 0.2449
2LU0 136 13.241 0.1739 0.2500
2LU0 137 16.379 0.2731 0.3724
2LU0 138 20.857 0.1777 0.2500
2LU0 139 19.124 0.1726 0.2296
2LU0 140 15.596 0.1245 0.1837
2LU0 141 15.579 0.1007 0.1327
2LU0 142 17.838 0.1496 0.2041
2LU0 143 15.545 0.1496 0.2347
2LU0 144 16.440 0.2140 0.2755
2LU0 145 13.576 0.1373 0.1939
2LU0 146 15.650 0.1948 0.2500
2LU0 147 18.372 0.1694 0.2143
2LU0 148 16.777 0.1521 0.2296
2LU0 149 16.027 0.2205 0.2704
2LU0 150 18.615 0.1402 0.1939
2LU0 151 18.094 0.1713 0.2296
2LU0 152 17.365 0.1708 0.2296
2LU0 153 17.993 0.1321 0.2092
2LU0 154 17.571 0.1466 0.1990
2LU0 155 12.947 0.2193 0.2857
2LU0 156 16.750 0.1716 0.2143
2LU0 157 20.623 0.0971 0.1531
2LU0 158 16.971 0.1493 0.2347
2LU0 159 18.517 0.2219 0.3163
2LU0 160 17.086 0.1645 0.2194
2LU0 161 13.770 0.2448 0.3214
2LU0 162 18.030 0.2401 0.3112
2LU0 163 15.512 0.2359 0.3214
2LU0 164 16.796 0.1597 0.2347
2LU0 165 18.152 0.1458 0.1990
2LU0 166 17.103 0.1692 0.2296
2LU0 167 15.955 0.2015 0.2500
2LU0 168 16.019 0.2449 0.3061
2LU0 169 15.572 0.2020 0.2857
2LU0 170 17.584 0.1976 0.2296
2LU0 171 16.621 0.1954 0.2653
2LU0 172 13.265 0.1824 0.2551
2LU0 173 16.706 0.1535 0.2296
2LU0 174 13.459 0.1673 0.2551
2LU0 175 19.731 0.1573 0.1888
2LU0 176 15.061 0.1989 0.2653
2LU0 177 17.382 0.1435 0.2041
2LU0 178 17.846 0.1568 0.2194
2LU0 179 20.470 0.1371 0.1888
2LU0 180 14.121 0.2591 0.3163
2LU0 181 18.392 0.0959 0.1429
2LU0 182 15.558 0.1520 0.1939
2LU0 183 14.611 0.1322 0.1888
2LU0 184 16.776 0.1645 0.2500
2LU0 185 13.503 0.1131 0.1888
2LU0 186 14.641 0.1007 0.1582
2LU0 187 18.132 0.1214 0.1735
2LU0 188 16.719 0.2019 0.2704
2LU0 189 13.773 0.2035 0.2602
2LU0 190 13.529 0.2195 0.3010
2LU0 191 17.267 0.1985 0.2602
2LU0 192 17.658 0.1880 0.2500
2LU0 193 22.576 0.1516 0.1990
2LU0 194 14.619 0.2604 0.3520
2LU0 195 13.932 0.2228 0.3061
2LU0 196 19.025 0.1373 0.1684
2LU0 197 16.212 0.2138 0.2857
2LU0 198 15.633 0.2049 0.2704
2LU0 199 14.714 0.2278 0.3061
2LU0 200 15.141 0.2068 0.2908
2LU0 201 16.884 0.2223 0.3112
2LU0 202 17.524 0.1810 0.2194
2LU0 203 15.751 0.1967 0.2602
2LU0 204 15.538 0.1988 0.2347
2LU0 205 18.285 0.1988 0.2551
2LU0 206 16.303 0.1992 0.2704
2LU0 207 19.429 0.1343 0.1990
2LU0 208 14.667 0.1890 0.2653
2LU0 209 16.517 0.1642 0.2347
2LU0 210 16.238 0.1978 0.2908
2LU0 211 15.716 0.2147 0.2653
2LU0 212 17.444 0.2146 0.2449
2LU0 213 16.125 0.1867 0.2398
2LU0 214 17.333 0.1825 0.2347
2LU0 215 17.883 0.1660 0.2245
2LU0 216 13.768 0.2001 0.2908
2LU0 217 17.894 0.1844 0.2449
2LU0 218 17.656 0.2148 0.2857
2LU0 219 13.005 0.2291 0.3214
2LU0 220 15.743 0.2233 0.3061
2LU0 221 13.138 0.1500 0.2041
2LU0 222 14.325 0.1077 0.1531
2LU0 223 18.224 0.1467 0.2347
2LU0 224 14.452 0.1498 0.1990
2LU0 225 14.429 0.1753 0.2245
2LU0 226 14.574 0.1729 0.2398
2LU0 227 17.464 0.1883 0.2398
2LU0 228 17.694 0.1051 0.1735
2LU0 229 17.673 0.1237 0.1888
2LU0 230 14.241 0.1731 0.2296
2LU0 231 15.291 0.1714 0.2398
2LU0 232 17.698 0.1721 0.2347
2LU0 233 20.652 0.1572 0.2194
2LU0 234 14.789 0.2006 0.2449
2LU0 235 21.143 0.1427 0.1939
2LU0 236 20.093 0.1503 0.1837
2LU0 237 13.171 0.2195 0.2806
2LU0 238 16.411 0.1586 0.2296
2LU0 239 17.843 0.1823 0.2245
2LU0 240 18.278 0.1452 0.2041
2LU0 241 15.061 0.1923 0.2602
2LU0 242 16.443 0.1837 0.2347
2LU0 243 16.244 0.2393 0.3061
2LU0 244 13.426 0.2006 0.2959
2LU0 245 15.037 0.1635 0.2143
2LU0 246 17.446 0.1556 0.2245
2LU0 247 18.394 0.1440 0.1888
2LU0 248 14.500 0.1537 0.2194
2LU0 249 16.017 0.2075 0.2602
2LU0 250 15.237 0.1888 0.2245
2LU0 251 17.931 0.1639 0.2398
2LU0 252 13.878 0.1680 0.2347
2LU0 253 15.067 0.1947 0.2449
2LU0 254 16.603 0.2300 0.2908
2LU0 255 17.415 0.2077 0.2500
2LU0 256 17.629 0.1554 0.2143
2LU0 257 14.656 0.2307 0.2908
2LU0 258 15.968 0.1918 0.2551
2LU0 259 15.274 0.1991 0.2449
2LU0 260 19.198 0.1450 0.2092
2LU0 261 16.194 0.1141 0.1531
2LU0 262 14.646 0.1744 0.2347
2LU0 263 13.618 0.1958 0.2602
2LU0 264 16.883 0.1982 0.2449
2LU0 265 13.072 0.1744 0.2398
2LU0 266 19.300 0.1300 0.1786
2LU0 267 17.862 0.1288 0.1735
2LU0 268 19.197 0.1183 0.1735
2LU0 269 14.922 0.1873 0.2653
2LU0 270 16.069 0.1689 0.2296
2LU0 271 18.622 0.1829 0.2449
2LU0 272 19.087 0.1763 0.2347
2LU0 273 15.559 0.1560 0.1990
2LU0 274 18.095 0.1369 0.2143
2LU0 275 14.497 0.1228 0.1990
2LU0 276 17.045 0.1846 0.2857
2LU0 277 16.159 0.1301 0.1888
2LU0 278 16.437 0.1869 0.2398
2LU0 279 20.133 0.1411 0.1990
2LU0 280 17.528 0.1636 0.2245
2LU0 281 17.302 0.1523 0.1939
2LU0 282 20.646 0.1566 0.2245
2LU0 283 15.480 0.1314 0.1939
2LU0 284 16.737 0.1641 0.2245
2LU0 285 17.620 0.1629 0.2245
2LU0 286 15.357 0.1761 0.2398
2LU0 287 18.558 0.1515 0.2041
2LU0 288 16.998 0.1577 0.2449
2LU0 289 18.107 0.1536 0.2041
2LU0 290 17.338 0.1816 0.2398
2LU0 291 18.020 0.1811 0.2602
2LU0 292 14.945 0.2100 0.2704
2LU0 293 14.433 0.2001 0.3112
2LU0 294 16.154 0.2148 0.2755
2LU0 295 20.079 0.1366 0.2041
2LU0 296 15.562 0.2784 0.3571
2LU0 297 18.456 0.2053 0.2449
2LU0 298 15.390 0.2184 0.3010
2LU0 299 18.274 0.1929 0.2347
2LU0 300 16.468 0.1931 0.3010
2LU0 301 16.670 0.1344 0.1684
2LU0 302 13.939 0.1161 0.1633
2LU0 303 19.054 0.1171 0.1735
2LU0 304 12.608 0.1178 0.1837
2LU0 305 11.211 0.1827 0.2551
2LU0 306 17.418 0.1364 0.2092
2LU0 307 17.024 0.1669 0.2296
2LU0 308 18.316 0.2010 0.2653
2LU0 309 17.537 0.1309 0.1939
2LU0 310 18.160 0.1360 0.2092
2LU0 311 13.364 0.2031 0.3112
2LU0 312 16.795 0.2080 0.2704
2LU0 313 19.736 0.1375 0.2092
2LU0 314 15.890 0.2078 0.2602
2LU0 315 18.164 0.1681 0.2347
2LU0 316 16.421 0.2229 0.2857
2LU0 317 17.820 0.1816 0.2704
2LU0 318 14.425 0.2207 0.3061
2LU0 319 15.532 0.2104 0.2653
2LU0 320 15.134 0.1828 0.2449
2LU0 321 13.373 0.2210 0.2857
2LU0 322 17.086 0.1855 0.2551
2LU0 323 14.894 0.2299 0.2857
2LU0 324 12.672 0.1909 0.2908
2LU0 325 20.182 0.1438 0.1939
2LU0 326 17.750 0.1343 0.1939
2LU0 327 14.683 0.2097 0.2755
2LU0 328 18.394 0.1529 0.2296
2LU0 329 17.678 0.1612 0.2296
2LU0 330 17.301 0.1832 0.2551
2LU0 331 18.458 0.2052 0.2653
2LU0 332 13.800 0.2443 0.3061
2LU0 333 17.755 0.2332 0.2704
2LU0 334 15.711 0.1938 0.2908
2LU0 335 18.043 0.2406 0.3010
2LU0 336 19.644 0.1506 0.2041
2LU0 337 15.684 0.2180 0.2602
2LU0 338 17.760 0.1583 0.2143
2LU0 339 17.215 0.1943 0.2245
2LU0 340 14.754 0.2373 0.2959
2LU0 341 14.462 0.1136 0.1837
2LU0 342 15.799 0.1036 0.1582
2LU0 343 15.858 0.1193 0.1837
2LU0 344 18.500 0.1113 0.1735
2LU0 345 16.076 0.2169 0.2806
2LU0 346 14.527 0.2195 0.2959
2LU0 347 20.577 0.1453 0.1786
2LU0 348 16.616 0.1443 0.1888
2LU0 349 15.906 0.1940 0.2296
2LU0 350 15.767 0.1873 0.2449
2LU0 351 14.927 0.1138 0.1582
2LU0 352 15.350 0.2193 0.2908
2LU0 353 23.482 0.1477 0.1990
2LU0 354 19.252 0.2121 0.2551
2LU0 355 20.036 0.1504 0.1786
2LU0 356 13.775 0.2344 0.3010
2LU0 357 19.779 0.1261 0.1786
2LU0 358 16.447 0.2295 0.2704
2LU0 359 13.030 0.2045 0.2704
2LU0 360 17.284 0.1652 0.2245
2LU0 361 17.041 0.2007 0.2551
2LU0 362 15.316 0.1438 0.1837
2LU0 363 12.046 0.2343 0.3265
2LU0 364 17.288 0.1563 0.2296
2LU0 365 18.352 0.2206 0.2755
2LU0 366 13.464 0.2181 0.2908
2LU0 367 14.485 0.2301 0.3061
2LU0 368 14.711 0.1521 0.2041
2LU0 369 17.359 0.1880 0.2194
2LU0 370 17.072 0.1925 0.2245
2LU0 371 17.865 0.2034 0.2653
2LU0 372 18.277 0.2259 0.2704
2LU0 373 17.454 0.2126 0.2704
2LU0 374 18.494 0.2023 0.2398
2LU0 375 15.769 0.2160 0.2449
2LU0 376 12.138 0.1934 0.2398
2LU0 377 15.925 0.2012 0.2602
2LU0 378 15.454 0.2448 0.3367
2LU0 379 13.673 0.2301 0.3112
2LU0 380 18.067 0.1804 0.2398
2LU0 381 14.183 0.1658 0.2092
2LU0 382 13.436 0.1844 0.2551
2LU0 383 17.679 0.1606 0.2092
2LU0 384 16.406 0.1303 0.1990
2LU0 385 17.382 0.1889 0.2398
2LU0 386 16.185 0.1319 0.1990
2LU0 387 14.712 0.1146 0.1786
2LU0 388 17.441 0.1583 0.2092
2LU0 389 14.589 0.1776 0.2755
2LU0 390 14.318 0.1667 0.2194
2LU0 391 14.906 0.1888 0.2551
2LU0 392 15.176 0.2002 0.2653
2LU0 393 17.311 0.1717 0.2245
2LU0 394 15.404 0.1580 0.2398
2LU0 395 19.825 0.1373 0.1786
2LU0 396 19.047 0.2047 0.2551
2LU0 397 15.660 0.1402 0.2041
2LU0 398 16.795 0.1354 0.1837
2LU0 399 19.320 0.1333 0.1786
2LU0 400 15.203 0.2004 0.2500
2LU0 401 15.873 0.1438 0.1990
2LU0 402 17.959 0.1253 0.1735
2LU0 403 17.926 0.1636 0.2347
2LU0 404 14.819 0.1540 0.2500
2LU0 405 14.265 0.1535 0.2041
2LU0 406 17.876 0.1203 0.1786
2LU0 407 17.451 0.1466 0.2041
2LU0 408 15.551 0.2083 0.3061
2LU0 409 21.237 0.1412 0.1888
2LU0 410 17.075 0.1532 0.2041
2LU0 411 13.129 0.1358 0.2092
2LU0 412 17.126 0.1864 0.2296
2LU0 413 18.894 0.1894 0.2500
2LU0 414 17.834 0.1686 0.2398
2LU0 415 15.358 0.2027 0.2398
2LU0 416 14.733 0.1761 0.2347
2LU0 417 18.621 0.2231 0.2908
2LU0 418 17.423 0.1841 0.2398
2LU0 419 16.398 0.1672 0.2143
2LU0 420 15.865 0.2100 0.2704
2LU0 421 1.466 0.7218 0.8214
2LU0 422 1.732 0.6577 0.7602
2LU0 423 1.932 0.6229 0.7296
2LU0 424 1.863 0.6365 0.7347
2LU0 425 1.924 0.6196 0.7398
2LU0 426 1.850 0.6402 0.7602
2LU0 427 1.843 0.6412 0.7551
2LU0 428 1.901 0.6279 0.7500
2LU0 429 1.875 0.6339 0.7449
2LU0 430 1.878 0.6354 0.7449
2LU0 431 1.873 0.6346 0.7449
2LU0 432 1.871 0.6369 0.7551
2LU0 433 1.889 0.6328 0.7449
2LU0 434 1.894 0.6306 0.7398
2LU0 435 1.886 0.6324 0.7449
2LU0 436 1.886 0.6328 0.7449
2LU0 437 1.873 0.6357 0.7449
2LU0 438 1.895 0.6310 0.7449
2LU0 439 1.905 0.6277 0.7449
2LU0 440 1.891 0.6312 0.7500
2LU0 441 1.905 0.6287 0.7398
2LU0 442 1.881 0.6338 0.7449
2LU0 443 1.895 0.6313 0.7449
2LU0 444 1.883 0.6342 0.7449
2LU0 445 1.885 0.6329 0.7449
2LU0 446 1.891 0.6307 0.7500
2LU0 447 1.901 0.6281 0.7449
2LU0 448 1.891 0.6303 0.7449
2LU0 449 1.862 0.6369 0.7500
2LU0 450 1.901 0.6283 0.7449
2LU0 451 1.899 0.6293 0.7398
2LU0 452 1.910 0.6272 0.7449
2LU0 453 1.930 0.6230 0.7398
2LU0 454 1.899 0.6306 0.7398
2LU0 455 1.908 0.6280 0.7449
2LU0 456 1.903 0.6286 0.7449
2LU0 457 1.922 0.6253 0.7449
2LU0 458 1.897 0.6305 0.7500
2LU0 459 1.966 0.6142 0.7347
2LU0 460 1.945 0.6191 0.7347
2LU0 461 1.906 0.6269 0.7347
2LU0 462 1.961 0.6173 0.7449
2LU0 463 1.935 0.6214 0.7398
2LU0 464 1.938 0.6205 0.7398
2LU0 465 1.940 0.6198 0.7296
2LU0 466 1.965 0.6121 0.7347
2LU0 467 1.962 0.6112 0.7347
2LU0 468 1.961 0.6108 0.7296
2LU0 469 1.959 0.6131 0.7398
2LU0 470 1.978 0.6102 0.7296
2LU0 471 2.005 0.6048 0.7245
2LU0 472 1.966 0.6111 0.7296
2LU0 473 1.975 0.6067 0.7245
2LU0 474 2.077 0.5925 0.7194
2LU0 475 2.020 0.6013 0.7194
2LU0 476 2.038 0.5970 0.7194
2LU0 477 2.031 0.5992 0.7245
2LU0 478 2.023 0.5982 0.7143
2LU0 479 2.048 0.5947 0.7194
2LU0 480 2.002 0.6020 0.7194
2LU0 481 1.977 0.6076 0.7347
2LU0 482 2.018 0.5973 0.7245
2LU0 483 1.967 0.6089 0.7194
2LU0 484 1.973 0.6096 0.7296
2LU0 485 1.920 0.6226 0.7449
2LU0 486 1.969 0.6115 0.7296
2LU0 487 1.971 0.6082 0.7398
2LU0 488 1.979 0.6063 0.7245
2LU0 489 1.974 0.6096 0.7245
2LU0 490 1.979 0.6063 0.7245
2LU0 491 1.992 0.6052 0.7296
2LU0 492 2.050 0.5968 0.7245
2LU0 493 2.058 0.5937 0.7245
2LU0 494 1.988 0.6051 0.7194
2LU0 495 1.991 0.6061 0.7296
2LU0 496 2.001 0.6040 0.7245
2LU0 497 2.077 0.5876 0.7296
2LU0 498 2.041 0.5942 0.7143
2LU0 499 2.015 0.5998 0.7245
2LU0 500 2.017 0.6015 0.7245
2LU0 501 1.995 0.6075 0.7245
2LU0 502 2.017 0.5997 0.7245
2LU0 503 1.974 0.6077 0.7347
2LU0 504 2.005 0.6054 0.7296
2LU0 505 1.975 0.6136 0.7296
2LU0 506 1.997 0.6039 0.7245
2LU0 507 2.054 0.5942 0.7194
2LU0 508 2.054 0.5955 0.7194
2LU0 509 2.021 0.6003 0.7296
2LU0 510 2.042 0.5993 0.7245
2LU0 511 2.025 0.5996 0.7347
2LU0 512 2.047 0.5903 0.7245
2LU0 513 2.004 0.6048 0.7296
2LU0 514 2.060 0.5918 0.7296
2LU0 515 2.075 0.5852 0.7245
2LU0 516 2.083 0.5822 0.7194
2LU0 517 2.005 0.6019 0.7296
2LU0 518 2.004 0.6036 0.7296
2LU0 519 2.006 0.6044 0.7245
2LU0 520 1.992 0.6066 0.7296
2LU0 521 2.070 0.5920 0.7296
2LU0 522 2.017 0.5970 0.7245
2LU0 523 2.025 0.5954 0.7296
2LU0 524 2.056 0.5917 0.7245
2LU0 525 2.102 0.5834 0.7347
2LU0 526 2.021 0.5997 0.7296
2LU0 527 2.033 0.5967 0.7245
2LU0 528 2.137 0.5774 0.7194
2LU0 529 2.011 0.5999 0.7347
2LU0 530 2.011 0.6064 0.7194
2LU0 531 2.007 0.6012 0.7296
2LU0 532 2.120 0.5811 0.7245
2LU0 533 2.087 0.5812 0.7296
2LU0 534 2.074 0.5895 0.7245
2LU0 535 2.177 0.5695 0.7194
2LU0 536 2.110 0.5818 0.7296
2LU0 537 2.046 0.5928 0.7296
2LU0 538 2.072 0.5831 0.7245
2LU0 539 2.058 0.5923 0.7245
2LU0 540 1.984 0.6048 0.7347
2LU0 541 2.103 0.5834 0.7245
2LU0 542 2.148 0.5789 0.7296
2LU0 543 2.130 0.5743 0.7245
2LU0 544 2.159 0.5653 0.7296
2LU0 545 2.124 0.5769 0.7245
2LU0 546 2.073 0.5816 0.7245
2LU0 547 2.056 0.5941 0.7347
2LU0 548 2.051 0.5961 0.7296
2LU0 549 2.051 0.5926 0.7245
2LU0 550 2.200 0.5605 0.7092
2LU0 551 2.122 0.5827 0.7194
2LU0 552 2.250 0.5558 0.7143
2LU0 553 2.277 0.5595 0.7245
2LU0 554 2.152 0.5726 0.7245
2LU0 555 2.082 0.5882 0.7296
2LU0 556 2.116 0.5840 0.7296
2LU0 557 2.151 0.5707 0.7194
2LU0 558 2.163 0.5714 0.7245
2LU0 559 2.107 0.5825 0.7347
2LU0 560 2.107 0.5860 0.7245
2LU0 561 2.108 0.5805 0.7245
2LU0 562 2.111 0.5825 0.7143
2LU0 563 2.047 0.5958 0.7194
2LU0 564 2.075 0.5925 0.7245
2LU0 565 2.067 0.5901 0.7143
2LU0 566 2.059 0.5924 0.7245
2LU0 567 2.068 0.5906 0.7092
2LU0 568 2.127 0.5774 0.7041
2LU0 569 2.088 0.5814 0.7041
2LU0 570 2.150 0.5694 0.7041
2LU0 571 2.115 0.5814 0.7245
2LU0 572 2.046 0.5939 0.7092
2LU0 573 2.129 0.5775 0.7041
2LU0 574 2.153 0.5710 0.7092
2LU0 575 2.167 0.5688 0.7143
2LU0 576 2.164 0.5678 0.7092
2LU0 577 2.139 0.5740 0.6990
2LU0 578 2.119 0.5816 0.7041
2LU0 579 2.184 0.5582 0.7041
2LU0 580 2.135 0.5726 0.7092
2LU0 581 2.175 0.5626 0.6939
2LU0 582 2.190 0.5574 0.6939
2LU0 583 2.302 0.5369 0.6786
2LU0 584 2.249 0.5518 0.6837
2LU0 585 2.296 0.5460 0.6837
2LU0 586 2.293 0.5453 0.6939
2LU0 587 2.179 0.5630 0.6939
2LU0 588 2.212 0.5649 0.6837
2LU0 589 2.247 0.5585 0.6888
2LU0 590 2.338 0.5466 0.6786
2LU0 591 2.299 0.5469 0.6735
2LU0 592 2.279 0.5578 0.6888
2LU0 593 2.338 0.5458 0.6735
2LU0 594 2.310 0.5536 0.6786
2LU0 595 2.312 0.5526 0.6735
2LU0 596 2.364 0.5470 0.6735
2LU0 597 2.218 0.5702 0.6939
2LU0 598 2.282 0.5598 0.6939
2LU0 599 2.461 0.5271 0.6633
2LU0 600 2.349 0.5462 0.6786
2LU0 601 2.381 0.5442 0.6735
2LU0 602 2.426 0.5414 0.6735
2LU0 603 2.401 0.5434 0.6786
2LU0 604 2.463 0.5346 0.6735
2LU0 605 2.436 0.5426 0.6786
2LU0 606 2.503 0.5265 0.6684
2LU0 607 2.478 0.5456 0.6786
2LU0 608 2.503 0.5494 0.6735
2LU0 609 2.395 0.5559 0.6888
2LU0 610 2.427 0.5402 0.6735
2LU0 611 2.410 0.5513 0.6735
2LU0 612 2.478 0.5307 0.6633
2LU0 613 2.385 0.5465 0.6786
2LU0 614 2.397 0.5491 0.6735
2LU0 615 2.409 0.5437 0.6786
2LU0 616 2.474 0.5325 0.6684
2LU0 617 2.458 0.5362 0.6735
2LU0 618 2.393 0.5492 0.6837
2LU0 619 2.519 0.5322 0.6633
2LU0 620 2.491 0.5370 0.6735
2LU0 621 2.420 0.5467 0.6786
2LU0 622 2.406 0.5432 0.6735
2LU0 623 2.482 0.5328 0.6582
2LU0 624 2.458 0.5393 0.6684
2LU0 625 2.483 0.5381 0.6684
2LU0 626 2.429 0.5512 0.6888
2LU0 627 2.488 0.5384 0.6633
2LU0 628 2.471 0.5387 0.6735
2LU0 629 2.400 0.5482 0.6786
2LU0 630 2.315 0.5608 0.6837
2LU0 631 2.362 0.5492 0.6837
2LU0 632 2.271 0.5735 0.6990
2LU0 633 2.298 0.5644 0.6888
2LU0 634 2.387 0.5526 0.6735
2LU0 635 2.342 0.5593 0.6888
2LU0 636 2.383 0.5409 0.6684
2LU0 637 2.404 0.5425 0.6684
2LU0 638 2.445 0.5440 0.6684
2LU0 639 2.351 0.5536 0.6786
2LU0 640 2.378 0.5534 0.6735
2LU0 641 2.253 0.5705 0.6888
2LU0 642 2.253 0.5724 0.6939
2LU0 643 2.263 0.5689 0.6990
2LU0 644 2.347 0.5556 0.6837
2LU0 645 2.489 0.5387 0.6684
2LU0 646 2.312 0.5501 0.6786
2LU0 647 2.299 0.5620 0.6939
2LU0 648 2.272 0.5650 0.6888
2LU0 649 2.368 0.5442 0.6888
2LU0 650 2.360 0.5638 0.6786
2LU0 651 2.393 0.5539 0.6735
2LU0 652 2.224 0.5771 0.6990
2LU0 653 2.279 0.5728 0.7092
2LU0 654 2.394 0.5491 0.6735
2LU0 655 2.274 0.5705 0.6888
2LU0 656 2.462 0.5400 0.6837
2LU0 657 2.345 0.5604 0.6888
2LU0 658 2.314 0.5638 0.6735
2LU0 659 2.234 0.5748 0.6888
2LU0 660 2.260 0.5738 0.6990
2LU0 661 2.387 0.5463 0.6786
2LU0 662 2.365 0.5470 0.6837
2LU0 663 2.434 0.5366 0.6684
2LU0 664 2.519 0.5276 0.6531
2LU0 665 2.420 0.5395 0.6735
2LU0 666 2.623 0.5081 0.6480
2LU0 667 2.572 0.5295 0.6633
2LU0 668 2.549 0.5267 0.6633
2LU0 669 2.584 0.5224 0.6582
2LU0 670 2.473 0.5273 0.6735
2LU0 671 2.626 0.5201 0.6633
2LU0 672 2.465 0.5339 0.6684
2LU0 673 2.464 0.5405 0.6633
2LU0 674 2.552 0.5292 0.6735
2LU0 675 2.439 0.5448 0.6786
2LU0 676 2.532 0.5211 0.6633
2LU0 677 2.553 0.5222 0.6735
2LU0 678 2.470 0.5342 0.6786
2LU0 679 2.516 0.5258 0.6735
2LU0 680 2.499 0.5257 0.6684
2LU0 681 2.550 0.5239 0.6735
2LU0 682 2.636 0.5059 0.6633
2LU0 683 2.627 0.5156 0.6531
2LU0 684 2.576 0.5166 0.6684
2LU0 685 2.491 0.5339 0.6786
2LU0 686 2.567 0.5301 0.6837
2LU0 687 2.468 0.5337 0.6684
2LU0 688 2.392 0.5444 0.6684
2LU0 689 2.571 0.5154 0.6684
2LU0 690 2.535 0.5287 0.6735
2LU0 691 2.429 0.5456 0.6837
2LU0 692 2.452 0.5475 0.6786
2LU0 693 2.468 0.5313 0.6786
2LU0 694 2.380 0.5456 0.6837
2LU0 695 2.390 0.5546 0.6837
2LU0 696 2.461 0.5199 0.6735
2LU0 697 2.431 0.5247 0.6786
2LU0 698 2.398 0.5341 0.6684
2LU0 699 2.394 0.5399 0.6786
2LU0 700 2.248 0.5702 0.7143
2LU0 701 2.306 0.5527 0.6786
2LU0 702 2.328 0.5376 0.6786
2LU0 703 2.373 0.5366 0.6837
2LU0 704 2.508 0.5168 0.6684
2LU0 705 2.679 0.5005 0.6582
2LU0 706 2.665 0.4930 0.6582
2LU0 707 2.673 0.4960 0.6582
2LU0 708 2.841 0.4807 0.6327
2LU0 709 2.787 0.4990 0.6531
2LU0 710 2.818 0.4918 0.6378
2LU0 711 2.771 0.4940 0.6531
2LU0 712 2.808 0.4825 0.6429
2LU0 713 2.915 0.4772 0.6378
2LU0 714 2.799 0.4858 0.6531
2LU0 715 2.863 0.4895 0.6378
2LU0 716 2.797 0.4940 0.6531
2LU0 717 2.755 0.4903 0.6480
2LU0 718 2.873 0.4828 0.6378
2LU0 719 2.853 0.4961 0.6531
2LU0 720 2.692 0.4985 0.6582
2LU0 721 2.829 0.4861 0.6429
2LU0 722 2.898 0.4702 0.6378
2LU0 723 2.837 0.4750 0.6327
2LU0 724 2.893 0.4753 0.6531
2LU0 725 2.820 0.4911 0.6531
2LU0 726 2.984 0.4810 0.6276
2LU0 727 3.067 0.4765 0.6173
2LU0 728 2.855 0.4952 0.6531
2LU0 729 2.800 0.4969 0.6480
2LU0 730 2.717 0.5080 0.6531
2LU0 731 2.870 0.4777 0.6378
2LU0 732 2.846 0.4958 0.6480
2LU0 733 2.886 0.4818 0.6378
2LU0 734 2.944 0.4818 0.6378
2LU0 735 2.879 0.4868 0.6531
2LU0 736 2.894 0.4770 0.6276
2LU0 737 2.802 0.4944 0.6531
2LU0 738 2.852 0.4875 0.6429
2LU0 739 2.755 0.4973 0.6684
2LU0 740 2.715 0.5027 0.6582
2LU0 741 2.772 0.5012 0.6531
2LU0 742 2.873 0.5023 0.6480
2LU0 743 2.830 0.4891 0.6429
2LU0 744 2.830 0.4938 0.6429
2LU0 745 2.867 0.4796 0.6429
2LU0 746 2.892 0.4914 0.6429
2LU0 747 2.971 0.4852 0.6378
2LU0 748 2.919 0.4988 0.6480
2LU0 749 2.863 0.4956 0.6429
2LU0 750 2.786 0.4971 0.6480
2LU0 751 2.896 0.4913 0.6378
2LU0 752 2.855 0.4949 0.6582
2LU0 753 2.863 0.4987 0.6531
2LU0 754 2.659 0.4930 0.6684
2LU0 755 2.733 0.4948 0.6582
2LU0 756 2.744 0.4978 0.6531
2LU0 757 2.827 0.4927 0.6480
2LU0 758 2.800 0.5036 0.6531
2LU0 759 2.896 0.4894 0.6378
2LU0 760 2.833 0.4734 0.6480
2LU0 761 2.901 0.4774 0.6378
2LU0 762 2.971 0.4827 0.6276
2LU0 763 2.926 0.4719 0.6327
2LU0 764 2.954 0.4655 0.6122
2LU0 765 2.969 0.4610 0.6276
2LU0 766 3.071 0.4592 0.6173
2LU0 767 3.047 0.4563 0.6122
2LU0 768 3.071 0.4500 0.6020
2LU0 769 2.958 0.4733 0.6173
2LU0 770 3.013 0.4557 0.6020
2LU0 771 3.094 0.4481 0.5918
2LU0 772 2.972 0.4581 0.6173
2LU0 773 2.964 0.4527 0.6020
2LU0 774 3.120 0.4568 0.6071
2LU0 775 3.239 0.4441 0.5816
2LU0 776 3.043 0.4614 0.6020
2LU0 777 2.989 0.4640 0.6224
2LU0 778 3.138 0.4384 0.5918
2LU0 779 2.982 0.4573 0.6224
2LU0 780 2.890 0.4636 0.6173
2LU0 781 2.878 0.4583 0.6224
2LU0 782 2.844 0.4651 0.6480
2LU0 783 2.907 0.4634 0.6378
2LU0 784 2.933 0.4652 0.6173
2LU0 785 2.900 0.4676 0.6224
2LU0 786 2.694 0.4923 0.6429
2LU0 787 2.728 0.4802 0.6327
2LU0 788 2.758 0.4783 0.6378
2LU0 789 2.589 0.4995 0.6480
2LU0 790 2.660 0.4865 0.6429
2LU0 791 2.555 0.5014 0.6480
2LU0 792 2.517 0.5134 0.6582
2LU0 793 2.510 0.5055 0.6480
2LU0 794 2.637 0.5039 0.6429
2LU0 795 2.827 0.4637 0.6224
2LU0 796 2.849 0.4712 0.6224
2LU0 797 2.894 0.4687 0.6122
2LU0 798 2.964 0.4669 0.6173
2LU0 799 2.838 0.4679 0.6276
2LU0 800 2.677 0.4843 0.6429
2LU0 801 2.734 0.4739 0.6429
2LU0 802 2.635 0.4853 0.6378
2LU0 803 2.681 0.4800 0.6378
2LU0 804 2.778 0.4671 0.6378
2LU0 805 2.710 0.4749 0.6429
2LU0 806 2.828 0.4623 0.6224
2LU0 807 2.726 0.4696 0.6276
2LU0 808 3.011 0.4347 0.5918
2LU0 809 2.907 0.4496 0.6173
2LU0 810 2.825 0.4610 0.6122
2LU0 811 2.958 0.4539 0.6122
2LU0 812 3.127 0.4262 0.5867
2LU0 813 3.167 0.4238 0.5816
2LU0 814 2.917 0.4577 0.6020
2LU0 815 3.024 0.4566 0.6020
2LU0 816 3.111 0.4477 0.6071
2LU0 817 3.082 0.4489 0.6020
2LU0 818 2.960 0.4476 0.6020
2LU0 819 2.975 0.4558 0.6020
2LU0 820 3.054 0.4469 0.6071
2LU0 821 3.095 0.4454 0.6020
2LU0 822 2.989 0.4488 0.6122
2LU0 823 2.944 0.4503 0.6071
2LU0 824 2.980 0.4577 0.6224
2LU0 825 2.950 0.4640 0.6327
2LU0 826 2.885 0.4691 0.6276
2LU0 827 2.810 0.4730 0.6224
2LU0 828 2.909 0.4547 0.6071
2LU0 829 2.831 0.4648 0.6224
2LU0 830 2.689 0.4950 0.6327
2LU0 831 2.561 0.5102 0.6582
2LU0 832 2.699 0.4922 0.6378
2LU0 833 2.647 0.5013 0.6480
2LU0 834 2.701 0.4933 0.6429
2LU0 835 2.661 0.5004 0.6429
2LU0 836 2.628 0.4915 0.6276
2LU0 837 2.621 0.5133 0.6582
2LU0 838 2.655 0.5031 0.6480
2LU0 839 2.690 0.4873 0.6327
2LU0 840 2.818 0.4715 0.6224
2LU0 841 2.913 0.4654 0.6173
2LU0 842 2.761 0.4702 0.6276
2LU0 843 2.692 0.4957 0.6429
2LU0 844 2.585 0.5094 0.6684
2LU0 845 2.695 0.4936 0.6429
2LU0 846 2.719 0.4843 0.6429
2LU0 847 2.659 0.4779 0.6378
2LU0 848 2.796 0.4788 0.6173
2LU0 849 2.741 0.4814 0.6224
2LU0 850 2.789 0.4804 0.6327
2LU0 851 2.801 0.4946 0.6327
2LU0 852 2.691 0.5047 0.6429
2LU0 853 2.914 0.4881 0.6020
2LU0 854 2.777 0.4876 0.6224
2LU0 855 2.697 0.4910 0.6173
2LU0 856 2.796 0.4961 0.6276
2LU0 857 2.824 0.5022 0.6276
2LU0 858 2.869 0.5026 0.6173
2LU0 859 2.776 0.4926 0.6276
2LU0 860 2.933 0.4749 0.6122
2LU0 861 2.700 0.4946 0.6429
2LU0 862 2.753 0.5043 0.6224
2LU0 863 2.777 0.5081 0.6327
2LU0 864 2.754 0.5027 0.6327
2LU0 865 2.820 0.4858 0.6122
2LU0 866 2.945 0.4700 0.5969
2LU0 867 2.805 0.4978 0.6224
2LU0 868 2.773 0.5068 0.6327
2LU0 869 2.811 0.4848 0.6224
2LU0 870 2.860 0.4716 0.6122
2LU0 871 2.725 0.5064 0.6327
2LU0 872 2.773 0.4892 0.6378
2LU0 873 2.806 0.4963 0.6327
2LU0 874 2.882 0.4845 0.6173
2LU0 875 3.033 0.4609 0.5918
2LU0 876 2.822 0.4838 0.6276
2LU0 877 2.843 0.4868 0.6327
2LU0 878 2.857 0.4892 0.6327
2LU0 879 2.729 0.4973 0.6327
2LU0 880 2.945 0.4752 0.6173
2LU0 881 2.841 0.4774 0.6378
2LU0 882 2.863 0.4824 0.6327
2LU0 883 2.809 0.4902 0.6480
2LU0 884 3.026 0.4639 0.6122
2LU0 885 2.991 0.4760 0.6224
2LU0 886 2.812 0.4753 0.6173
2LU0 887 2.990 0.4703 0.6276
2LU0 888 3.093 0.4624 0.6224
2LU0 889 2.979 0.4658 0.6224
2LU0 890 3.018 0.4743 0.6071
2LU0 891 3.094 0.4559 0.6122
2LU0 892 3.083 0.4561 0.6122
2LU0 893 3.039 0.4727 0.6122
2LU0 894 3.065 0.4680 0.6173
2LU0 895 2.876 0.4847 0.6327
2LU0 896 3.017 0.4777 0.6122
2LU0 897 2.950 0.4785 0.6224
2LU0 898 2.939 0.4840 0.6327
2LU0 899 2.866 0.4880 0.6378
2LU0 900 2.953 0.4740 0.6071
2LU0 901 3.069 0.4761 0.6020
2LU0 902 2.981 0.4710 0.6122
2LU0 903 3.066 0.4710 0.6020
2LU0 904 3.011 0.4801 0.6224
2LU0 905 3.084 0.4683 0.6071
2LU0 906 3.113 0.4703 0.6276
2LU0 907 3.169 0.4661 0.6020
2LU0 908 3.167 0.4570 0.6020
2LU0 909 3.122 0.4748 0.6173
2LU0 910 3.149 0.4659 0.5918
2LU0 911 3.160 0.4645 0.5969
2LU0 912 3.192 0.4677 0.6020
2LU0 913 3.169 0.4651 0.6020
2LU0 914 2.983 0.4933 0.6224
2LU0 915 3.202 0.4655 0.5918
2LU0 916 2.992 0.4861 0.6173
2LU0 917 3.268 0.4703 0.6071
2LU0 918 3.085 0.4927 0.6276
2LU0 919 3.163 0.4790 0.6071
2LU0 920 3.115 0.4751 0.6122
2LU0 921 3.175 0.4657 0.5918
2LU0 922 3.199 0.4609 0.5969
2LU0 923 3.226 0.4601 0.5969
2LU0 924 3.163 0.4684 0.6020
2LU0 925 3.043 0.4767 0.6224
2LU0 926 3.208 0.4619 0.6020
2LU0 927 3.213 0.4637 0.6071
2LU0 928 3.207 0.4693 0.6020
2LU0 929 3.141 0.4777 0.6071
2LU0 930 3.217 0.4593 0.6020
2LU0 931 3.144 0.4654 0.6071
2LU0 932 3.163 0.4630 0.6071
2LU0 933 3.091 0.4654 0.6122
2LU0 934 3.251 0.4558 0.5969
2LU0 935 3.169 0.4618 0.6071
2LU0 936 3.149 0.4667 0.6122
2LU0 937 3.123 0.4743 0.6276
2LU0 938 3.361 0.4377 0.6020
2LU0 939 3.139 0.4632 0.6020
2LU0 940 3.214 0.4574 0.6020
2LU0 941 3.157 0.4615 0.6071
2LU0 942 3.390 0.4323 0.5765
2LU0 943 3.294 0.4550 0.6020
2LU0 944 3.153 0.4613 0.6071
2LU0 945 3.166 0.4591 0.5969
2LU0 946 3.169 0.4646 0.6071
2LU0 947 3.146 0.4660 0.6071
