2N2O 1 0.000 1.0000 1.0000
2N2O 2 4.606 0.3800 0.7500
2N2O 3 4.710 0.4582 0.7500
2N2O 4 3.817 0.5879 0.8587
2N2O 5 5.446 0.4516 0.7391
2N2O 6 4.831 0.3495 0.7283
2N2O 7 6.702 0.5118 0.7391
2N2O 8 5.998 0.4460 0.7065
2N2O 9 4.348 0.3985 0.7717
2N2O 10 4.926 0.4850 0.7717
2N2O 11 10.667 0.1312 0.3696
2N2O 12 8.315 0.2081 0.5543
2N2O 13 10.869 0.1454 0.4348
2N2O 14 8.388 0.2091 0.5870
2N2O 15 8.138 0.2609 0.5870
2N2O 16 8.519 0.2020 0.5870
2N2O 17 7.422 0.1935 0.5543
2N2O 18 8.410 0.2015 0.5000
2N2O 19 7.810 0.1652 0.5326
2N2O 20 7.903 0.1761 0.5217
2N2O 21 9.311 0.1782 0.4565
2N2O 22 8.293 0.1903 0.5652
2N2O 23 8.367 0.1868 0.5435
2N2O 24 7.081 0.2148 0.5652
2N2O 25 8.000 0.1939 0.5000
2N2O 26 8.786 0.1890 0.5109
2N2O 27 9.533 0.1520 0.4348
2N2O 28 8.532 0.1919 0.5000
2N2O 29 8.967 0.1860 0.5435
2N2O 30 6.602 0.1485 0.6196
2N2O 31 8.793 0.2175 0.5109
2N2O 32 8.084 0.2205 0.6087
2N2O 33 8.527 0.1368 0.4891
2N2O 34 8.225 0.2100 0.5326
2N2O 35 8.972 0.1982 0.5435
2N2O 36 7.869 0.1957 0.5326
2N2O 37 8.529 0.1854 0.5652
2N2O 38 8.900 0.1789 0.5217
2N2O 39 7.796 0.1830 0.5543
2N2O 40 8.141 0.1939 0.5326
2N2O 41 7.291 0.1963 0.5652
2N2O 42 9.109 0.1836 0.4674
2N2O 43 8.522 0.2072 0.5435
2N2O 44 8.356 0.2085 0.5435
2N2O 45 8.788 0.2073 0.5435
2N2O 46 8.379 0.2085 0.5652
2N2O 47 7.811 0.1966 0.5652
2N2O 48 7.579 0.1915 0.5217
2N2O 49 8.384 0.1876 0.5435
2N2O 50 8.453 0.1870 0.5000
2N2O 51 8.919 0.1411 0.4348
2N2O 52 7.582 0.1740 0.5326
2N2O 53 8.076 0.1182 0.4457
2N2O 54 7.917 0.1050 0.3913
2N2O 55 8.351 0.1208 0.4239
2N2O 56 9.542 0.1254 0.3696
2N2O 57 10.594 0.1689 0.4891
2N2O 58 11.086 0.1108 0.3913
2N2O 59 7.410 0.1673 0.5000
2N2O 60 8.813 0.1298 0.3696
2N2O 61 9.784 0.1258 0.3696
2N2O 62 11.411 0.1135 0.3261
2N2O 63 7.087 0.1338 0.4239
2N2O 64 8.464 0.2041 0.5109
2N2O 65 8.700 0.1794 0.4783
2N2O 66 8.365 0.2186 0.5217
2N2O 67 8.685 0.1857 0.5109
2N2O 68 7.202 0.2513 0.5870
2N2O 69 8.501 0.1382 0.4348
2N2O 70 9.017 0.1144 0.4130
2N2O 71 7.886 0.2277 0.5978
2N2O 72 8.561 0.1984 0.5326
2N2O 73 7.633 0.2108 0.5435
2N2O 74 7.894 0.1844 0.5435
2N2O 75 7.147 0.1801 0.5543
2N2O 76 7.390 0.1927 0.5652
2N2O 77 4.943 0.1942 0.6087
2N2O 78 9.062 0.1657 0.4348
2N2O 79 8.194 0.1717 0.5217
2N2O 80 9.062 0.1582 0.4783
2N2O 81 9.541 0.1858 0.5217
2N2O 82 7.957 0.1859 0.5326
2N2O 83 8.697 0.1771 0.4891
2N2O 84 8.272 0.2040 0.5217
2N2O 85 7.948 0.1684 0.5000
2N2O 86 7.964 0.1931 0.5326
2N2O 87 7.921 0.1932 0.5543
2N2O 88 7.884 0.1851 0.5435
2N2O 89 7.805 0.1551 0.5109
2N2O 90 8.175 0.1965 0.5217
2N2O 91 10.651 0.1123 0.3370
2N2O 92 9.481 0.1505 0.3587
2N2O 93 11.406 0.1416 0.4130
2N2O 94 9.633 0.1212 0.3478
2N2O 95 10.066 0.1612 0.4348
2N2O 96 7.525 0.1476 0.5000
2N2O 97 10.709 0.1426 0.3370
2N2O 98 9.181 0.1706 0.4348
2N2O 99 7.863 0.1293 0.4022
2N2O 100 7.677 0.2421 0.6087
2N2O 101 8.973 0.1784 0.4783
2N2O 102 10.478 0.1237 0.3478
2N2O 103 9.548 0.1445 0.4565
2N2O 104 9.418 0.2081 0.5543
2N2O 105 8.004 0.1783 0.5435
2N2O 106 8.869 0.1738 0.5109
2N2O 107 8.520 0.1997 0.5326
2N2O 108 8.327 0.1788 0.4348
2N2O 109 9.430 0.1624 0.4348
2N2O 110 8.481 0.1965 0.5543
2N2O 111 8.541 0.1899 0.5435
2N2O 112 8.050 0.1913 0.5543
2N2O 113 8.715 0.1967 0.5326
2N2O 114 7.746 0.1565 0.5652
2N2O 115 8.688 0.2016 0.5543
2N2O 116 7.581 0.2324 0.5217
2N2O 117 9.627 0.1320 0.4783
2N2O 118 7.962 0.1743 0.5326
2N2O 119 8.495 0.1593 0.4783
2N2O 120 7.918 0.1753 0.5326
2N2O 121 8.608 0.1538 0.4783
2N2O 122 11.779 0.1760 0.4457
2N2O 123 7.892 0.2049 0.6413
2N2O 124 8.176 0.1836 0.5326
2N2O 125 8.690 0.1879 0.5543
2N2O 126 9.091 0.1869 0.5217
2N2O 127 8.806 0.1810 0.5543
2N2O 128 8.481 0.2028 0.5543
2N2O 129 9.559 0.1918 0.4891
2N2O 130 8.371 0.1846 0.5652
2N2O 131 8.239 0.1043 0.4130
2N2O 132 10.107 0.0996 0.2717
2N2O 133 13.034 0.1049 0.2935
2N2O 134 10.577 0.1022 0.2826
2N2O 135 11.211 0.0966 0.2935
2N2O 136 10.310 0.1289 0.4130
2N2O 137 9.505 0.1189 0.3804
2N2O 138 11.401 0.1588 0.4891
2N2O 139 8.358 0.2471 0.5326
2N2O 140 9.737 0.1937 0.4457
2N2O 141 10.283 0.1224 0.3804
2N2O 142 6.612 0.1523 0.4891
2N2O 143 12.697 0.1330 0.3370
2N2O 144 7.059 0.1245 0.5000
2N2O 145 8.739 0.1190 0.3804
2N2O 146 7.865 0.1570 0.5000
2N2O 147 7.436 0.1723 0.5217
2N2O 148 5.973 0.1988 0.5543
2N2O 149 8.062 0.1798 0.5761
2N2O 150 9.075 0.1910 0.5109
2N2O 151 8.087 0.1993 0.5761
2N2O 152 7.417 0.1692 0.5652
2N2O 153 7.709 0.2079 0.5543
2N2O 154 6.793 0.2190 0.5870
2N2O 155 7.724 0.2108 0.5543
2N2O 156 8.059 0.1771 0.5543
2N2O 157 7.988 0.1848 0.5326
2N2O 158 8.412 0.1815 0.4783
2N2O 159 7.354 0.1602 0.5435
2N2O 160 7.877 0.1981 0.5652
2N2O 161 7.257 0.1762 0.5543
2N2O 162 8.417 0.1639 0.4457
2N2O 163 9.063 0.1756 0.4891
2N2O 164 9.252 0.1975 0.4891
2N2O 165 7.629 0.1731 0.5652
2N2O 166 7.848 0.2026 0.5000
2N2O 167 7.567 0.1543 0.5543
2N2O 168 8.332 0.2413 0.5109
2N2O 169 7.895 0.2043 0.5761
2N2O 170 8.316 0.1803 0.5109
2N2O 171 9.098 0.1418 0.5000
2N2O 172 7.426 0.1112 0.3587
2N2O 173 7.306 0.1107 0.4239
2N2O 174 9.013 0.1172 0.4239
2N2O 175 8.601 0.1203 0.3696
2N2O 176 10.488 0.1600 0.3478
2N2O 177 7.181 0.2170 0.5652
2N2O 178 9.070 0.1346 0.3587
2N2O 179 12.474 0.1315 0.3913
2N2O 180 8.178 0.1874 0.5217
2N2O 181 9.514 0.1711 0.4891
2N2O 182 8.746 0.1796 0.5109
2N2O 183 9.739 0.1470 0.4130
2N2O 184 8.675 0.1230 0.4239
2N2O 185 7.577 0.2217 0.5761
2N2O 186 8.993 0.1042 0.3696
2N2O 187 6.842 0.1534 0.5870
2N2O 188 7.608 0.1674 0.4130
2N2O 189 8.797 0.1893 0.5109
2N2O 190 7.723 0.1708 0.5435
2N2O 191 7.958 0.2008 0.5543
2N2O 192 7.919 0.2409 0.5870
2N2O 193 8.986 0.1911 0.5326
2N2O 194 9.537 0.1836 0.4891
2N2O 195 7.769 0.1119 0.4891
2N2O 196 8.710 0.1844 0.5217
2N2O 197 8.578 0.1772 0.5217
2N2O 198 8.856 0.2167 0.5326
2N2O 199 8.347 0.1924 0.5217
2N2O 200 8.700 0.2322 0.5326
2N2O 201 8.104 0.2052 0.5543
2N2O 202 9.528 0.1593 0.4783
2N2O 203 8.790 0.1908 0.5326
2N2O 204 9.221 0.1650 0.4565
2N2O 205 9.131 0.1720 0.5435
2N2O 206 8.398 0.1757 0.5543
2N2O 207 8.220 0.1859 0.5978
2N2O 208 7.588 0.1994 0.5652
2N2O 209 8.946 0.1878 0.5109
2N2O 210 7.561 0.1917 0.5435
2N2O 211 10.728 0.1190 0.3913
2N2O 212 9.121 0.1324 0.3696
2N2O 213 11.951 0.1278 0.3587
2N2O 214 8.926 0.1103 0.4022
2N2O 215 9.884 0.1363 0.4130
2N2O 216 10.385 0.1653 0.4239
2N2O 217 10.361 0.0895 0.3261
2N2O 218 7.445 0.1261 0.4130
2N2O 219 9.655 0.1278 0.4348
2N2O 220 7.250 0.1331 0.5217
2N2O 221 8.174 0.1589 0.5109
2N2O 222 9.179 0.1794 0.5326
2N2O 223 8.270 0.2224 0.5761
2N2O 224 8.539 0.1698 0.5109
2N2O 225 8.509 0.2387 0.5435
2N2O 226 9.132 0.1826 0.5326
2N2O 227 8.820 0.1901 0.5109
2N2O 228 8.732 0.1592 0.5109
2N2O 229 8.240 0.2021 0.5870
2N2O 230 7.527 0.2240 0.6196
2N2O 231 9.872 0.1572 0.4348
2N2O 232 7.846 0.1683 0.5761
2N2O 233 8.415 0.2666 0.5978
2N2O 234 8.984 0.1906 0.5435
2N2O 235 8.807 0.1933 0.5435
2N2O 236 9.040 0.1707 0.5326
2N2O 237 8.682 0.1847 0.5326
2N2O 238 8.464 0.1934 0.5543
2N2O 239 8.451 0.1666 0.5326
2N2O 240 8.798 0.1970 0.5326
2N2O 241 9.481 0.2221 0.5109
2N2O 242 8.658 0.2017 0.5435
2N2O 243 8.805 0.1964 0.5326
2N2O 244 8.642 0.2062 0.5761
2N2O 245 9.256 0.1657 0.4783
2N2O 246 8.709 0.1695 0.5326
2N2O 247 7.347 0.2081 0.5870
2N2O 248 8.706 0.1813 0.5217
2N2O 249 9.179 0.1721 0.4674
2N2O 250 8.327 0.1677 0.5109
2N2O 251 10.175 0.1159 0.3370
2N2O 252 6.297 0.1843 0.5326
2N2O 253 9.629 0.1367 0.3261
2N2O 254 8.864 0.1224 0.4130
2N2O 255 10.495 0.1054 0.3370
2N2O 256 9.383 0.1238 0.4783
2N2O 257 10.083 0.1544 0.4022
2N2O 258 9.820 0.1952 0.4565
2N2O 259 8.837 0.2093 0.5000
2N2O 260 8.595 0.1937 0.5326
2N2O 261 8.162 0.1231 0.3587
2N2O 262 10.243 0.1675 0.4457
2N2O 263 9.411 0.1179 0.3478
2N2O 264 10.230 0.1361 0.3261
2N2O 265 8.630 0.1413 0.4674
2N2O 266 8.680 0.1547 0.3696
2N2O 267 6.266 0.1661 0.5761
2N2O 268 4.866 0.2090 0.6087
2N2O 269 8.689 0.0973 0.3804
2N2O 270 8.628 0.2128 0.5543
2N2O 271 7.791 0.1175 0.4565
2N2O 272 11.328 0.2012 0.4565
2N2O 273 6.416 0.1905 0.5543
2N2O 274 8.780 0.1574 0.4674
2N2O 275 6.494 0.1533 0.5000
2N2O 276 8.009 0.1796 0.5109
2N2O 277 7.516 0.1744 0.5217
2N2O 278 8.325 0.2053 0.5326
2N2O 279 8.151 0.1905 0.5435
2N2O 280 7.960 0.2120 0.5326
2N2O 281 14.377 0.0846 0.3370
2N2O 282 5.438 0.1455 0.5543
2N2O 283 8.407 0.2024 0.5217
2N2O 284 8.754 0.1914 0.5217
2N2O 285 7.322 0.2014 0.5326
2N2O 286 8.092 0.2015 0.5326
2N2O 287 8.419 0.1525 0.4891
2N2O 288 7.708 0.1893 0.5870
2N2O 289 8.824 0.2037 0.5109
2N2O 290 8.677 0.1748 0.5000
2N2O 291 9.343 0.1342 0.4022
2N2O 292 9.820 0.0828 0.3587
2N2O 293 11.390 0.1211 0.3478
2N2O 294 11.496 0.1177 0.3913
2N2O 295 10.116 0.1223 0.3804
2N2O 296 9.364 0.1706 0.4674
2N2O 297 8.593 0.1283 0.4565
2N2O 298 9.156 0.1708 0.4891
2N2O 299 9.525 0.1453 0.3913
2N2O 300 11.492 0.1263 0.3696
2N2O 301 9.076 0.1889 0.4783
2N2O 302 8.927 0.2032 0.5326
2N2O 303 8.559 0.1948 0.5435
2N2O 304 7.997 0.2063 0.5761
2N2O 305 7.664 0.2031 0.6522
2N2O 306 9.949 0.1554 0.4674
2N2O 307 8.817 0.1934 0.4891
2N2O 308 8.336 0.2189 0.5652
2N2O 309 8.777 0.2334 0.5543
2N2O 310 8.885 0.2061 0.5543
2N2O 311 7.940 0.1861 0.5217
2N2O 312 8.600 0.2358 0.5978
2N2O 313 8.993 0.2015 0.5326
2N2O 314 9.039 0.1862 0.5217
2N2O 315 7.906 0.1642 0.5435
2N2O 316 6.883 0.1721 0.5435
2N2O 317 9.013 0.1819 0.4891
2N2O 318 9.159 0.2141 0.5326
2N2O 319 8.593 0.1977 0.5870
2N2O 320 8.759 0.2157 0.5326
2N2O 321 7.858 0.2032 0.5978
2N2O 322 8.313 0.2082 0.5652
2N2O 323 8.418 0.2175 0.5870
2N2O 324 7.576 0.2269 0.6087
2N2O 325 7.718 0.1956 0.5870
2N2O 326 8.529 0.1936 0.5000
2N2O 327 9.979 0.1393 0.4457
2N2O 328 7.585 0.2171 0.5761
2N2O 329 8.699 0.2299 0.5326
2N2O 330 8.203 0.1988 0.5435
2N2O 331 9.882 0.1481 0.3696
2N2O 332 8.591 0.1111 0.4130
2N2O 333 12.656 0.1249 0.3913
2N2O 334 7.265 0.1341 0.4783
2N2O 335 7.704 0.1566 0.5761
2N2O 336 7.885 0.1461 0.4457
2N2O 337 7.800 0.1687 0.5000
2N2O 338 8.337 0.1289 0.4783
2N2O 339 8.738 0.1410 0.3804
2N2O 340 9.754 0.1636 0.3587
2N2O 341 9.963 0.1146 0.3261
2N2O 342 8.195 0.2017 0.4891
2N2O 343 7.711 0.1750 0.4783
2N2O 344 6.836 0.1397 0.5435
2N2O 345 6.522 0.1638 0.5109
2N2O 346 10.740 0.1223 0.3261
2N2O 347 11.949 0.1531 0.3478
2N2O 348 8.363 0.1451 0.5000
2N2O 349 8.880 0.1561 0.5000
2N2O 350 6.905 0.1996 0.5435
2N2O 351 10.182 0.1193 0.2935
2N2O 352 8.521 0.1862 0.5109
2N2O 353 8.840 0.1714 0.4783
2N2O 354 7.548 0.1391 0.4239
2N2O 355 8.114 0.1750 0.5326
2N2O 356 6.990 0.2058 0.5543
2N2O 357 5.259 0.1966 0.5652
2N2O 358 9.169 0.1760 0.5217
2N2O 359 8.449 0.1424 0.4130
2N2O 360 8.614 0.1672 0.4891
2N2O 361 8.007 0.1799 0.5109
2N2O 362 7.966 0.2048 0.5435
2N2O 363 8.004 0.1889 0.5217
2N2O 364 8.766 0.2310 0.4783
2N2O 365 7.974 0.1950 0.4674
2N2O 366 8.643 0.1644 0.4783
2N2O 367 7.813 0.2000 0.5543
2N2O 368 7.919 0.1724 0.5217
2N2O 369 9.166 0.1507 0.4783
2N2O 370 7.733 0.1867 0.5543
2N2O 371 8.815 0.1727 0.5000
2N2O 372 9.310 0.1276 0.3261
2N2O 373 10.282 0.1080 0.3261
2N2O 374 9.005 0.1700 0.4674
2N2O 375 8.532 0.1387 0.3913
2N2O 376 9.049 0.1818 0.4891
2N2O 377 10.755 0.1503 0.4022
2N2O 378 8.801 0.1798 0.4891
2N2O 379 6.832 0.1127 0.4348
2N2O 380 9.216 0.1494 0.4022
2N2O 381 11.417 0.1314 0.3043
2N2O 382 7.926 0.2024 0.5761
2N2O 383 8.335 0.1797 0.5217
2N2O 384 8.233 0.1803 0.4891
2N2O 385 8.791 0.1675 0.5109
2N2O 386 7.866 0.1963 0.5761
2N2O 387 7.703 0.1901 0.5109
2N2O 388 8.851 0.2090 0.5326
2N2O 389 8.019 0.1987 0.5978
2N2O 390 8.113 0.2094 0.5652
2N2O 391 8.929 0.1385 0.4457
2N2O 392 8.857 0.1760 0.5000
2N2O 393 7.609 0.1856 0.5870
2N2O 394 8.369 0.1738 0.5217
2N2O 395 7.826 0.2029 0.5978
2N2O 396 9.719 0.1681 0.4348
2N2O 397 8.838 0.1872 0.5000
2N2O 398 8.018 0.1971 0.6196
2N2O 399 7.935 0.1965 0.5870
2N2O 400 8.970 0.1884 0.5543
2N2O 401 8.285 0.2280 0.5870
2N2O 402 8.364 0.2269 0.5435
2N2O 403 8.886 0.2167 0.5543
2N2O 404 8.985 0.1964 0.4891
2N2O 405 8.530 0.1569 0.4891
2N2O 406 8.374 0.1866 0.5435
2N2O 407 8.646 0.2177 0.5870
2N2O 408 8.864 0.1784 0.5435
2N2O 409 8.664 0.2217 0.5652
2N2O 410 8.610 0.1528 0.5326
2N2O 411 1.230 0.3579 0.8587
2N2O 412 1.624 0.3105 0.7826
2N2O 413 1.581 0.2908 0.8370
2N2O 414 1.557 0.2818 0.8043
2N2O 415 1.549 0.3080 0.8043
2N2O 416 1.562 0.2984 0.8261
2N2O 417 1.583 0.2923 0.8152
2N2O 418 1.563 0.3055 0.8370
2N2O 419 1.565 0.2961 0.8370
2N2O 420 1.551 0.3035 0.8261
2N2O 421 1.549 0.2981 0.8370
2N2O 422 1.555 0.2964 0.8261
2N2O 423 1.550 0.2965 0.8261
2N2O 424 1.551 0.2987 0.8370
2N2O 425 1.539 0.3020 0.8370
2N2O 426 1.548 0.2939 0.8370
2N2O 427 1.543 0.2941 0.8370
2N2O 428 1.545 0.2965 0.8478
2N2O 429 1.557 0.2882 0.8370
2N2O 430 1.550 0.2942 0.8261
2N2O 431 1.564 0.2938 0.8370
2N2O 432 1.563 0.2948 0.8261
2N2O 433 1.572 0.2902 0.8261
2N2O 434 1.548 0.2922 0.8261
2N2O 435 1.542 0.2876 0.8261
2N2O 436 1.556 0.2848 0.8261
2N2O 437 1.571 0.2940 0.8261
2N2O 438 1.560 0.2945 0.8261
2N2O 439 1.565 0.2867 0.8261
2N2O 440 1.545 0.2930 0.8370
2N2O 441 1.548 0.2920 0.8370
2N2O 442 1.550 0.2977 0.8261
2N2O 443 1.535 0.2918 0.8261
2N2O 444 1.548 0.2905 0.8261
2N2O 445 1.540 0.2896 0.8152
2N2O 446 1.563 0.2856 0.8261
2N2O 447 1.557 0.2925 0.8261
2N2O 448 1.570 0.2893 0.8152
2N2O 449 1.564 0.2889 0.8152
2N2O 450 1.556 0.2982 0.8261
2N2O 451 1.568 0.2830 0.8261
2N2O 452 1.549 0.2904 0.8261
2N2O 453 1.562 0.2887 0.8261
2N2O 454 1.547 0.2885 0.8261
2N2O 455 1.567 0.2892 0.8261
2N2O 456 1.574 0.2923 0.8261
2N2O 457 1.557 0.2922 0.8261
2N2O 458 1.555 0.2913 0.8261
2N2O 459 1.557 0.2957 0.8261
2N2O 460 1.575 0.2917 0.8261
2N2O 461 1.590 0.2887 0.8261
2N2O 462 1.586 0.2883 0.8261
2N2O 463 1.593 0.2784 0.8261
2N2O 464 1.590 0.2856 0.8261
2N2O 465 1.580 0.2943 0.8152
2N2O 466 1.630 0.2795 0.8152
2N2O 467 1.625 0.2822 0.8261
2N2O 468 1.612 0.2884 0.8152
2N2O 469 1.627 0.2820 0.8152
2N2O 470 1.605 0.2799 0.8261
2N2O 471 1.609 0.2852 0.8152
2N2O 472 1.628 0.2837 0.8152
2N2O 473 1.595 0.2877 0.8152
2N2O 474 1.630 0.2741 0.7826
2N2O 475 1.610 0.2902 0.8043
2N2O 476 1.643 0.2832 0.8043
2N2O 477 1.636 0.2822 0.8152
2N2O 478 1.672 0.2817 0.7826
2N2O 479 1.669 0.2886 0.7935
2N2O 480 1.615 0.2839 0.8043
2N2O 481 1.624 0.2817 0.8043
2N2O 482 1.610 0.2925 0.7935
2N2O 483 1.624 0.3032 0.8152
2N2O 484 1.579 0.2955 0.8152
2N2O 485 1.629 0.2870 0.8043
2N2O 486 1.634 0.2962 0.8043
2N2O 487 1.621 0.2894 0.8043
2N2O 488 1.617 0.2877 0.8043
2N2O 489 1.620 0.2966 0.7935
2N2O 490 1.674 0.2868 0.7935
2N2O 491 1.658 0.2873 0.7935
2N2O 492 1.672 0.2888 0.7935
2N2O 493 1.636 0.2870 0.7935
2N2O 494 1.621 0.2949 0.8043
2N2O 495 1.671 0.2890 0.8043
2N2O 496 1.617 0.2984 0.7935
2N2O 497 1.649 0.2853 0.7935
2N2O 498 1.666 0.2848 0.7935
2N2O 499 1.599 0.2994 0.8043
2N2O 500 1.628 0.2914 0.8043
2N2O 501 1.640 0.3012 0.7935
2N2O 502 1.672 0.2917 0.7826
2N2O 503 1.694 0.2674 0.7826
2N2O 504 1.626 0.2951 0.8043
2N2O 505 1.613 0.2815 0.8043
2N2O 506 1.622 0.2768 0.7935
2N2O 507 1.633 0.2866 0.7935
2N2O 508 1.626 0.2739 0.7935
2N2O 509 1.594 0.2805 0.8043
2N2O 510 1.575 0.2599 0.8152
2N2O 511 1.581 0.2793 0.8152
2N2O 512 1.681 0.2727 0.8043
2N2O 513 1.696 0.2732 0.7935
2N2O 514 1.833 0.2607 0.7717
2N2O 515 1.698 0.2567 0.7826
2N2O 516 1.748 0.2616 0.7717
2N2O 517 1.704 0.2660 0.8043
2N2O 518 1.730 0.2604 0.7826
2N2O 519 1.738 0.2643 0.7717
2N2O 520 1.719 0.2588 0.7826
2N2O 521 1.729 0.2632 0.7935
2N2O 522 1.741 0.2488 0.7826
2N2O 523 1.714 0.2504 0.7826
2N2O 524 1.698 0.2625 0.8043
2N2O 525 1.711 0.2642 0.7935
2N2O 526 1.752 0.2561 0.7717
2N2O 527 1.767 0.2716 0.7717
2N2O 528 1.733 0.2623 0.7935
2N2O 529 1.717 0.2595 0.7935
2N2O 530 1.720 0.2630 0.7826
2N2O 531 1.657 0.2742 0.7935
2N2O 532 1.728 0.2737 0.7826
2N2O 533 1.754 0.2789 0.7717
2N2O 534 1.768 0.2782 0.7717
2N2O 535 1.641 0.2751 0.8043
2N2O 536 1.713 0.2709 0.7826
2N2O 537 1.704 0.2653 0.7717
2N2O 538 1.698 0.2771 0.7826
2N2O 539 1.668 0.2736 0.7935
2N2O 540 1.731 0.2676 0.7826
2N2O 541 1.677 0.2718 0.7935
2N2O 542 1.706 0.2772 0.7935
2N2O 543 1.726 0.2775 0.7826
2N2O 544 1.699 0.2715 0.7717
2N2O 545 1.722 0.2581 0.7717
2N2O 546 1.816 0.2524 0.7717
2N2O 547 1.678 0.2652 0.7935
2N2O 548 1.622 0.2740 0.8043
2N2O 549 1.727 0.2664 0.7935
2N2O 550 1.585 0.2807 0.8261
2N2O 551 1.790 0.2624 0.7609
2N2O 552 1.649 0.2804 0.8152
2N2O 553 1.687 0.2678 0.7935
2N2O 554 1.788 0.2490 0.7717
2N2O 555 1.734 0.2666 0.7935
2N2O 556 1.787 0.2560 0.7717
2N2O 557 1.768 0.2497 0.7717
2N2O 558 1.753 0.2660 0.7935
2N2O 559 1.831 0.2434 0.7609
2N2O 560 1.755 0.2567 0.7826
2N2O 561 1.770 0.2792 0.7717
2N2O 562 1.670 0.2847 0.7826
2N2O 563 1.763 0.2766 0.7826
2N2O 564 1.722 0.2843 0.7826
2N2O 565 1.762 0.2890 0.7935
2N2O 566 1.728 0.2559 0.7826
2N2O 567 1.688 0.2538 0.8043
2N2O 568 1.722 0.2546 0.8152
2N2O 569 1.690 0.2617 0.8043
2N2O 570 1.703 0.2525 0.7935
2N2O 571 1.681 0.2766 0.7935
2N2O 572 1.724 0.2938 0.7935
2N2O 573 1.765 0.2707 0.7935
2N2O 574 1.740 0.2699 0.7935
2N2O 575 1.734 0.2519 0.7826
2N2O 576 1.850 0.2664 0.7826
2N2O 577 1.839 0.2777 0.7826
2N2O 578 1.780 0.2697 0.7826
2N2O 579 1.779 0.2452 0.7935
2N2O 580 1.801 0.2657 0.7826
2N2O 581 1.925 0.2827 0.8043
2N2O 582 1.834 0.2980 0.7935
2N2O 583 1.799 0.2672 0.7935
2N2O 584 1.978 0.2406 0.7717
2N2O 585 1.911 0.2801 0.7609
2N2O 586 1.865 0.2637 0.7935
2N2O 587 1.846 0.2857 0.7826
2N2O 588 1.918 0.2896 0.7609
2N2O 589 1.855 0.3056 0.7826
2N2O 590 1.875 0.2867 0.7609
2N2O 591 1.878 0.2900 0.7717
2N2O 592 1.959 0.2888 0.7609
2N2O 593 1.861 0.2681 0.7826
2N2O 594 1.929 0.2862 0.7609
2N2O 595 1.823 0.3048 0.7826
2N2O 596 1.910 0.3128 0.7609
2N2O 597 1.880 0.2798 0.7609
2N2O 598 1.842 0.2674 0.7717
2N2O 599 1.909 0.2894 0.7717
2N2O 600 1.844 0.2900 0.7826
2N2O 601 1.966 0.2816 0.7500
2N2O 602 1.796 0.2919 0.7935
2N2O 603 1.901 0.2823 0.7717
2N2O 604 1.944 0.2711 0.7391
2N2O 605 1.742 0.2889 0.7717
2N2O 606 1.911 0.2700 0.7609
2N2O 607 1.889 0.2756 0.7717
2N2O 608 1.855 0.2586 0.7609
2N2O 609 1.865 0.2666 0.7717
2N2O 610 1.861 0.2642 0.7826
2N2O 611 1.868 0.3017 0.7826
2N2O 612 1.860 0.2798 0.7609
2N2O 613 1.876 0.2419 0.7500
2N2O 614 1.896 0.2684 0.7717
2N2O 615 1.892 0.3038 0.7935
2N2O 616 1.759 0.3012 0.8043
2N2O 617 1.823 0.2879 0.7935
2N2O 618 1.908 0.2837 0.7935
2N2O 619 1.924 0.2889 0.7717
2N2O 620 2.037 0.2730 0.7826
2N2O 621 1.912 0.2936 0.7935
2N2O 622 2.022 0.2690 0.7717
2N2O 623 1.996 0.2695 0.7717
2N2O 624 1.853 0.2971 0.7935
2N2O 625 1.782 0.2883 0.8152
2N2O 626 1.881 0.2790 0.7717
2N2O 627 1.865 0.2894 0.7935
2N2O 628 1.785 0.2783 0.8152
2N2O 629 1.870 0.2938 0.7935
2N2O 630 1.877 0.3137 0.8261
2N2O 631 1.801 0.2865 0.8043
2N2O 632 1.879 0.2745 0.7935
2N2O 633 1.900 0.2780 0.7826
2N2O 634 1.799 0.2978 0.8043
2N2O 635 1.978 0.2824 0.7826
2N2O 636 1.829 0.3110 0.8043
2N2O 637 1.820 0.2978 0.8152
2N2O 638 1.876 0.2855 0.8043
2N2O 639 1.875 0.3068 0.8043
2N2O 640 1.901 0.2898 0.7935
2N2O 641 1.790 0.3013 0.8152
2N2O 642 1.895 0.2953 0.8043
2N2O 643 1.881 0.2744 0.8043
2N2O 644 1.802 0.2889 0.7935
2N2O 645 1.826 0.2861 0.8043
2N2O 646 1.871 0.2664 0.7935
2N2O 647 1.832 0.2971 0.8152
2N2O 648 1.951 0.2730 0.7935
2N2O 649 1.812 0.2995 0.8043
2N2O 650 1.876 0.2869 0.7935
2N2O 651 1.819 0.2932 0.8043
2N2O 652 1.874 0.2559 0.7935
2N2O 653 1.785 0.3135 0.8261
2N2O 654 1.892 0.2996 0.8043
2N2O 655 1.868 0.3026 0.7935
2N2O 656 1.869 0.2780 0.7826
2N2O 657 1.949 0.2739 0.7826
2N2O 658 1.878 0.3014 0.8152
2N2O 659 1.806 0.2941 0.8152
2N2O 660 1.864 0.3090 0.8152
2N2O 661 1.885 0.2776 0.8043
2N2O 662 1.881 0.2958 0.8043
2N2O 663 1.902 0.2877 0.8043
2N2O 664 1.877 0.2832 0.8043
2N2O 665 1.880 0.2679 0.8043
2N2O 666 1.847 0.2842 0.7935
2N2O 667 1.928 0.2674 0.8043
2N2O 668 1.740 0.2950 0.8043
2N2O 669 1.931 0.2856 0.7826
2N2O 670 1.885 0.2786 0.8043
2N2O 671 1.837 0.2826 0.8043
2N2O 672 1.743 0.2937 0.7935
2N2O 673 1.717 0.2895 0.8152
2N2O 674 1.922 0.2653 0.7826
2N2O 675 1.950 0.2666 0.7935
2N2O 676 1.874 0.2915 0.8043
2N2O 677 1.881 0.2746 0.7935
2N2O 678 1.912 0.2796 0.8043
2N2O 679 1.935 0.2894 0.8043
2N2O 680 1.919 0.2688 0.7826
2N2O 681 1.753 0.2936 0.8152
2N2O 682 2.010 0.2822 0.7935
2N2O 683 1.924 0.2709 0.7935
2N2O 684 1.767 0.3031 0.8152
2N2O 685 1.855 0.2921 0.7935
2N2O 686 1.860 0.2866 0.8043
2N2O 687 1.754 0.2954 0.8043
2N2O 688 1.788 0.3069 0.8261
2N2O 689 1.785 0.2812 0.8043
2N2O 690 1.808 0.3260 0.8043
2N2O 691 1.950 0.2854 0.7826
2N2O 692 1.885 0.2988 0.7826
2N2O 693 1.799 0.3015 0.8152
2N2O 694 1.822 0.2792 0.8152
2N2O 695 1.733 0.2811 0.8152
2N2O 696 1.943 0.2950 0.7826
2N2O 697 1.933 0.2557 0.7717
2N2O 698 1.763 0.3060 0.8043
2N2O 699 1.778 0.2878 0.8152
2N2O 700 1.918 0.2913 0.7935
2N2O 701 1.849 0.2879 0.8043
2N2O 702 1.876 0.2846 0.7935
2N2O 703 1.852 0.3028 0.8043
2N2O 704 1.934 0.2747 0.7935
2N2O 705 1.968 0.2685 0.7935
2N2O 706 1.926 0.2835 0.8043
2N2O 707 1.898 0.2757 0.8043
2N2O 708 1.982 0.2628 0.7826
2N2O 709 1.996 0.2323 0.8043
2N2O 710 1.923 0.2543 0.7935
2N2O 711 2.099 0.2355 0.7609
2N2O 712 1.955 0.2471 0.7935
2N2O 713 1.933 0.2689 0.8043
2N2O 714 2.124 0.2623 0.7500
2N2O 715 1.958 0.2899 0.8043
2N2O 716 2.073 0.2509 0.7717
2N2O 717 1.951 0.2720 0.8043
2N2O 718 1.928 0.2720 0.7935
2N2O 719 1.981 0.2775 0.7935
2N2O 720 2.026 0.2550 0.7717
2N2O 721 2.087 0.2215 0.7500
2N2O 722 2.078 0.2357 0.7609
2N2O 723 2.073 0.2209 0.7609
2N2O 724 1.988 0.2490 0.7717
2N2O 725 1.904 0.2798 0.7935
2N2O 726 1.910 0.2269 0.7717
2N2O 727 1.939 0.2494 0.7717
2N2O 728 1.941 0.2567 0.7826
2N2O 729 1.935 0.2894 0.7935
2N2O 730 1.933 0.2582 0.7826
2N2O 731 2.023 0.2512 0.7826
2N2O 732 1.929 0.2736 0.7935
2N2O 733 1.984 0.2698 0.7935
2N2O 734 1.936 0.2969 0.8043
2N2O 735 1.843 0.3201 0.8043
2N2O 736 1.990 0.2650 0.7717
2N2O 737 1.938 0.2664 0.7609
2N2O 738 1.838 0.3039 0.8043
2N2O 739 1.880 0.2934 0.7935
2N2O 740 1.795 0.2838 0.7717
2N2O 741 1.839 0.2896 0.8043
2N2O 742 1.768 0.3050 0.8152
2N2O 743 1.744 0.2862 0.8152
2N2O 744 1.842 0.2594 0.7935
2N2O 745 1.835 0.2849 0.8043
2N2O 746 1.926 0.2927 0.7826
2N2O 747 1.974 0.2766 0.7717
2N2O 748 1.949 0.2930 0.8043
2N2O 749 1.876 0.3031 0.8043
2N2O 750 1.912 0.2854 0.8043
2N2O 751 1.887 0.2936 0.8043
2N2O 752 1.988 0.2883 0.7826
2N2O 753 2.055 0.2756 0.7609
2N2O 754 1.870 0.2756 0.7935
2N2O 755 1.975 0.2694 0.7935
2N2O 756 2.168 0.2497 0.7500
2N2O 757 1.907 0.2862 0.7826
2N2O 758 1.823 0.2956 0.7935
2N2O 759 1.992 0.2825 0.7826
2N2O 760 1.887 0.2944 0.8043
2N2O 761 1.898 0.2643 0.8043
2N2O 762 1.831 0.2958 0.8152
2N2O 763 1.846 0.3190 0.8043
2N2O 764 1.898 0.2938 0.7935
2N2O 765 1.954 0.2860 0.7935
2N2O 766 1.766 0.3201 0.8261
2N2O 767 1.956 0.2727 0.7935
2N2O 768 1.960 0.2420 0.7717
2N2O 769 2.056 0.2515 0.7717
2N2O 770 1.990 0.2508 0.7826
2N2O 771 2.021 0.2571 0.7826
2N2O 772 2.018 0.2337 0.7609
2N2O 773 1.963 0.2438 0.7826
2N2O 774 2.026 0.2281 0.7717
2N2O 775 1.962 0.3014 0.7935
2N2O 776 2.107 0.2380 0.7609
2N2O 777 2.087 0.2465 0.7609
2N2O 778 2.122 0.2383 0.7500
2N2O 779 1.937 0.2277 0.7717
2N2O 780 1.921 0.2595 0.7935
2N2O 781 1.947 0.2392 0.7609
2N2O 782 2.093 0.2329 0.7500
2N2O 783 1.998 0.2287 0.7717
2N2O 784 1.942 0.2680 0.7935
2N2O 785 1.908 0.2721 0.8043
2N2O 786 1.860 0.2757 0.7935
2N2O 787 1.929 0.2914 0.7935
2N2O 788 1.877 0.2752 0.7935
2N2O 789 1.854 0.2715 0.7935
2N2O 790 1.995 0.2661 0.7609
2N2O 791 1.946 0.2559 0.7717
2N2O 792 1.833 0.2968 0.8043
2N2O 793 1.899 0.2922 0.7935
2N2O 794 2.005 0.2166 0.7609
2N2O 795 1.798 0.2956 0.8152
2N2O 796 1.830 0.2349 0.7717
2N2O 797 1.829 0.2567 0.8043
2N2O 798 1.775 0.2894 0.8043
2N2O 799 1.944 0.2408 0.7609
2N2O 800 1.896 0.2391 0.7717
2N2O 801 1.930 0.2489 0.7717
2N2O 802 1.970 0.2770 0.7826
2N2O 803 1.880 0.2771 0.7826
2N2O 804 1.942 0.2869 0.7935
2N2O 805 1.883 0.2434 0.7717
2N2O 806 1.877 0.2843 0.8152
2N2O 807 1.973 0.2858 0.8152
2N2O 808 1.878 0.2956 0.7935
2N2O 809 1.907 0.2939 0.8043
2N2O 810 2.082 0.2692 0.7717
2N2O 811 2.082 0.2922 0.7826
2N2O 812 1.905 0.3141 0.8152
2N2O 813 1.977 0.2867 0.8152
2N2O 814 2.041 0.2903 0.7935
2N2O 815 2.026 0.2828 0.8261
2N2O 816 2.052 0.2853 0.8043
2N2O 817 1.994 0.2820 0.8043
2N2O 818 1.969 0.3022 0.8261
2N2O 819 2.123 0.2949 0.7826
2N2O 820 2.082 0.2614 0.7717
2N2O 821 2.015 0.2852 0.8043
2N2O 822 2.114 0.2642 0.8043
2N2O 823 2.109 0.2719 0.7935
2N2O 824 2.015 0.2812 0.8152
2N2O 825 1.989 0.2785 0.7826
2N2O 826 2.044 0.2730 0.7935
2N2O 827 1.977 0.2823 0.7826
2N2O 828 1.994 0.2787 0.7826
2N2O 829 2.042 0.2395 0.7935
2N2O 830 1.998 0.2818 0.8152
2N2O 831 2.027 0.2643 0.7717
2N2O 832 2.039 0.2543 0.7826
2N2O 833 1.963 0.2911 0.8043
2N2O 834 1.996 0.2865 0.7826
2N2O 835 2.327 0.2386 0.7391
2N2O 836 2.057 0.2562 0.7826
2N2O 837 2.102 0.2296 0.7717
2N2O 838 2.191 0.2475 0.7609
2N2O 839 2.181 0.2545 0.7935
2N2O 840 2.023 0.2643 0.8043
2N2O 841 2.025 0.2773 0.7935
2N2O 842 2.122 0.2866 0.8152
2N2O 843 2.071 0.2924 0.8043
2N2O 844 2.099 0.2869 0.7935
2N2O 845 2.059 0.2842 0.7935
2N2O 846 2.034 0.2927 0.8043
2N2O 847 2.084 0.3103 0.8043
2N2O 848 2.095 0.2873 0.8043
2N2O 849 2.121 0.2833 0.7935
2N2O 850 1.991 0.2828 0.8152
2N2O 851 2.088 0.2550 0.7935
2N2O 852 2.116 0.2976 0.8043
2N2O 853 2.078 0.2865 0.8043
2N2O 854 1.986 0.2770 0.8043
2N2O 855 1.976 0.2476 0.7826
2N2O 856 2.052 0.2726 0.7826
2N2O 857 2.025 0.2989 0.8043
2N2O 858 2.049 0.2867 0.8152
2N2O 859 2.096 0.3056 0.7935
2N2O 860 2.137 0.2994 0.7826
2N2O 861 2.086 0.3207 0.8043
2N2O 862 2.132 0.2820 0.7935
2N2O 863 2.058 0.2912 0.7935
2N2O 864 2.116 0.2575 0.7826
2N2O 865 2.171 0.2356 0.8043
2N2O 866 2.151 0.2692 0.7935
2N2O 867 2.114 0.2587 0.8043
2N2O 868 2.146 0.3133 0.8043
2N2O 869 2.251 0.2812 0.7826
2N2O 870 2.002 0.2899 0.8152
2N2O 871 2.064 0.3002 0.8043
2N2O 872 2.032 0.2934 0.8261
2N2O 873 2.064 0.2790 0.7826
2N2O 874 1.881 0.3000 0.8261
2N2O 875 2.038 0.3330 0.8152
2N2O 876 2.007 0.3331 0.8152
2N2O 877 2.207 0.2868 0.7826
2N2O 878 2.064 0.2575 0.8043
2N2O 879 2.030 0.2777 0.8152
2N2O 880 2.224 0.2822 0.7935
2N2O 881 2.046 0.2581 0.7826
2N2O 882 2.033 0.2637 0.7826
2N2O 883 2.100 0.2308 0.7826
2N2O 884 2.104 0.2490 0.7717
2N2O 885 2.043 0.3048 0.8043
2N2O 886 2.089 0.2893 0.7935
2N2O 887 2.155 0.2500 0.7609
2N2O 888 2.081 0.2695 0.7935
2N2O 889 2.146 0.2468 0.7826
2N2O 890 2.307 0.2586 0.7500
2N2O 891 2.211 0.2380 0.7717
2N2O 892 2.147 0.3037 0.7935
2N2O 893 2.067 0.3044 0.7935
2N2O 894 2.101 0.2965 0.8261
2N2O 895 2.078 0.2515 0.7826
2N2O 896 2.046 0.3172 0.8043
2N2O 897 1.975 0.2756 0.8152
2N2O 898 1.963 0.2715 0.7935
2N2O 899 2.070 0.2406 0.7717
2N2O 900 2.171 0.2652 0.7826
2N2O 901 2.170 0.2724 0.7717
2N2O 902 2.172 0.2879 0.7826
2N2O 903 2.018 0.3031 0.7935
2N2O 904 1.927 0.3288 0.7935
2N2O 905 1.969 0.3011 0.7826
2N2O 906 2.008 0.2949 0.7935
2N2O 907 2.055 0.3049 0.7935
2N2O 908 2.171 0.2887 0.7826
2N2O 909 1.985 0.3010 0.7826
2N2O 910 2.042 0.2921 0.7826
2N2O 911 1.996 0.3232 0.8043
2N2O 912 2.123 0.2767 0.8043
2N2O 913 2.121 0.2864 0.7826
2N2O 914 2.055 0.2905 0.7717
2N2O 915 2.070 0.2961 0.7826
2N2O 916 2.144 0.2842 0.7717
2N2O 917 2.029 0.3066 0.7609
2N2O 918 2.028 0.2710 0.7609
2N2O 919 2.053 0.3029 0.7609
2N2O 920 2.115 0.2599 0.7500
2N2O 921 1.934 0.2870 0.7826
2N2O 922 2.077 0.2784 0.7935
2N2O 923 1.981 0.3112 0.8043
2N2O 924 1.954 0.3155 0.8043
2N2O 925 2.150 0.2401 0.7609
2N2O 926 2.099 0.2877 0.7826
2N2O 927 2.087 0.3217 0.7826
2N2O 928 2.105 0.3092 0.7826
2N2O 929 2.201 0.2941 0.7826
2N2O 930 1.991 0.3145 0.8043
2N2O 931 1.942 0.2586 0.7826
2N2O 932 2.094 0.2849 0.7717
2N2O 933 2.067 0.2915 0.7826
2N2O 934 2.151 0.2981 0.7826
2N2O 935 2.147 0.3309 0.7826
2N2O 936 2.237 0.2783 0.7283
2N2O 937 2.113 0.2704 0.7717
2N2O 938 2.104 0.2563 0.7717
2N2O 939 2.098 0.3131 0.7935
2N2O 940 1.903 0.2929 0.7935
2N2O 941 1.940 0.3002 0.7935
2N2O 942 2.080 0.2853 0.7826
2N2O 943 2.188 0.2626 0.7500
2N2O 944 1.930 0.2666 0.7717
2N2O 945 2.158 0.2805 0.7826
2N2O 946 2.189 0.2645 0.7826
2N2O 947 2.022 0.2997 0.8152
2N2O 948 2.083 0.2868 0.7826
2N2O 949 2.084 0.2177 0.7609
2N2O 950 2.203 0.2148 0.7391
2N2O 951 2.064 0.2374 0.7935
2N2O 952 2.059 0.2486 0.7717
2N2O 953 2.077 0.2493 0.7826
2N2O 954 2.006 0.2936 0.8261
2N2O 955 2.085 0.2788 0.7935
2N2O 956 2.122 0.2740 0.8043
2N2O 957 2.172 0.2785 0.8043
2N2O 958 2.157 0.2692 0.8043
2N2O 959 2.028 0.2895 0.8043
2N2O 960 2.023 0.3381 0.8152
2N2O 961 2.086 0.3018 0.7935
2N2O 962 2.304 0.2789 0.7826
2N2O 963 2.250 0.2469 0.7717
2N2O 964 1.965 0.2824 0.8043
2N2O 965 1.988 0.2859 0.7826
2N2O 966 2.280 0.3073 0.7935
2N2O 967 2.264 0.2446 0.7609
2N2O 968 2.204 0.2566 0.7717
2N2O 969 2.135 0.2656 0.7826
2N2O 970 2.050 0.3084 0.7935
2N2O 971 2.238 0.2912 0.7826
2N2O 972 2.228 0.2588 0.7500
2N2O 973 2.103 0.3038 0.7935
2N2O 974 2.154 0.2739 0.7717
2N2O 975 2.163 0.2270 0.7500
2N2O 976 2.067 0.2842 0.7826
2N2O 977 2.035 0.2972 0.7935
2N2O 978 2.126 0.2996 0.7935
2N2O 979 2.157 0.2754 0.7826
2N2O 980 1.970 0.2939 0.8043
2N2O 981 1.989 0.2981 0.7826
2N2O 982 2.204 0.3062 0.7826
2N2O 983 2.348 0.3056 0.7717
2N2O 984 2.090 0.2747 0.7935
2N2O 985 2.021 0.2778 0.7935
2N2O 986 2.180 0.2671 0.7717
2N2O 987 2.057 0.3274 0.8152
2N2O 988 2.006 0.2723 0.8043
2N2O 989 2.150 0.2608 0.7717
2N2O 990 1.952 0.2605 0.8043
2N2O 991 2.129 0.2606 0.7717
2N2O 992 1.952 0.3309 0.8261
2N2O 993 1.936 0.3177 0.7935
2N2O 994 2.059 0.2886 0.8043
2N2O 995 2.037 0.2937 0.8152
2N2O 996 1.990 0.2469 0.7717
2N2O 997 2.077 0.2345 0.7717
2N2O 998 2.087 0.2513 0.7826
2N2O 999 2.005 0.2418 0.7935
2N2O 1000 2.128 0.2418 0.7609
2N2O 1001 1.955 0.2737 0.7826
2N2O 1002 1.973 0.2231 0.7391
2N2O 1003 2.024 0.2196 0.7391
2N2O 1004 1.942 0.2787 0.7826
2N2O 1005 2.061 0.2393 0.7935
2N2O 1006 1.967 0.2643 0.7717
2N2O 1007 2.000 0.2838 0.7935
2N2O 1008 1.951 0.2946 0.7717
2N2O 1009 1.924 0.2840 0.7826
2N2O 1010 2.110 0.2824 0.7717
2N2O 1011 2.349 0.2141 0.7283
2N2O 1012 2.083 0.2692 0.7717
2N2O 1013 1.957 0.2846 0.7935
2N2O 1014 2.183 0.2557 0.7391
2N2O 1015 1.951 0.2864 0.7935
2N2O 1016 2.057 0.3102 0.8043
2N2O 1017 2.237 0.2199 0.7500
2N2O 1018 2.252 0.2251 0.7391
2N2O 1019 1.992 0.2566 0.7717
2N2O 1020 2.153 0.2397 0.7500
2N2O 1021 2.291 0.2261 0.7283
2N2O 1022 2.459 0.2128 0.6957
2N2O 1023 2.254 0.2038 0.7391
2N2O 1024 1.912 0.2645 0.7500
2N2O 1025 2.023 0.2619 0.7717
2N2O 1026 1.795 0.2719 0.7717
2N2O 1027 1.946 0.2437 0.7717
2N2O 1028 2.224 0.2118 0.7609
2N2O 1029 2.150 0.2117 0.7717
2N2O 1030 2.179 0.2687 0.7826
2N2O 1031 2.065 0.2985 0.7935
2N2O 1032 2.091 0.3054 0.7826
2N2O 1033 2.122 0.2852 0.7609
2N2O 1034 2.255 0.2396 0.7500
2N2O 1035 2.260 0.2377 0.7500
2N2O 1036 2.246 0.2304 0.7500
2N2O 1037 2.232 0.2551 0.7609
2N2O 1038 2.139 0.2827 0.7826
2N2O 1039 2.182 0.2854 0.7609
2N2O 1040 2.140 0.2792 0.7826
2N2O 1041 2.104 0.3113 0.7826
2N2O 1042 2.243 0.3024 0.7717
2N2O 1043 2.219 0.2614 0.7609
2N2O 1044 2.375 0.2583 0.7391
2N2O 1045 2.140 0.2940 0.7717
2N2O 1046 2.248 0.2819 0.7500
2N2O 1047 2.308 0.2388 0.7283
2N2O 1048 2.377 0.2748 0.7391
2N2O 1049 2.251 0.2319 0.7391
2N2O 1050 2.184 0.3022 0.7609
2N2O 1051 2.317 0.2457 0.7500
2N2O 1052 2.406 0.2516 0.7283
2N2O 1053 2.347 0.2347 0.7391
2N2O 1054 2.266 0.3118 0.7609
2N2O 1055 2.328 0.2851 0.7500
2N2O 1056 2.464 0.2909 0.7391
2N2O 1057 2.417 0.2858 0.7609
2N2O 1058 2.310 0.3132 0.7609
2N2O 1059 2.191 0.2954 0.7826
2N2O 1060 2.240 0.2683 0.7500
2N2O 1061 2.261 0.3198 0.7826
2N2O 1062 2.132 0.3108 0.7826
2N2O 1063 2.245 0.3132 0.7717
2N2O 1064 2.076 0.3374 0.7935
2N2O 1065 2.355 0.3368 0.7500
2N2O 1066 2.025 0.3552 0.8152
2N2O 1067 2.241 0.2575 0.7500
2N2O 1068 2.085 0.2902 0.7717
2N2O 1069 2.110 0.3332 0.8043
2N2O 1070 2.213 0.3787 0.7935
2N2O 1071 2.138 0.3479 0.7717
2N2O 1072 2.155 0.2939 0.7609
2N2O 1073 2.283 0.2828 0.7609
2N2O 1074 2.116 0.3409 0.7935
2N2O 1075 2.197 0.2672 0.7609
2N2O 1076 2.136 0.2694 0.7609
2N2O 1077 2.103 0.3287 0.7935
2N2O 1078 2.121 0.3610 0.7717
2N2O 1079 2.191 0.3355 0.7717
2N2O 1080 2.220 0.3266 0.7826
2N2O 1081 2.376 0.3207 0.7717
2N2O 1082 2.341 0.3036 0.7391
2N2O 1083 2.286 0.2739 0.7391
2N2O 1084 2.333 0.3143 0.7609
2N2O 1085 2.360 0.2999 0.7717
2N2O 1086 2.231 0.3186 0.7935
2N2O 1087 2.265 0.2582 0.7609
2N2O 1088 2.328 0.3103 0.7609
2N2O 1089 2.139 0.3139 0.7826
2N2O 1090 2.274 0.2765 0.7391
2N2O 1091 2.257 0.3345 0.7826
2N2O 1092 2.304 0.2671 0.7391
2N2O 1093 2.153 0.2742 0.7717
2N2O 1094 2.333 0.3111 0.7500
2N2O 1095 2.334 0.3412 0.7826
2N2O 1096 2.402 0.3118 0.7717
2N2O 1097 2.259 0.3076 0.7717
2N2O 1098 2.304 0.3288 0.7609
2N2O 1099 2.327 0.2889 0.7609
2N2O 1100 2.277 0.2954 0.7609
2N2O 1101 2.303 0.3012 0.7717
2N2O 1102 2.317 0.3253 0.7717
2N2O 1103 2.438 0.3116 0.7609
2N2O 1104 2.484 0.2929 0.7391
2N2O 1105 2.407 0.2849 0.7500
2N2O 1106 2.415 0.2965 0.7717
2N2O 1107 2.493 0.3001 0.7609
2N2O 1108 2.392 0.2981 0.7500
2N2O 1109 2.406 0.3165 0.7609
2N2O 1110 2.450 0.3229 0.7717
2N2O 1111 2.606 0.2452 0.7283
2N2O 1112 2.450 0.3051 0.7935
2N2O 1113 2.683 0.2966 0.7391
2N2O 1114 2.476 0.3059 0.7826
2N2O 1115 2.185 0.3200 0.8043
2N2O 1116 2.493 0.3274 0.7609
2N2O 1117 2.502 0.3211 0.7826
2N2O 1118 2.410 0.3428 0.7717
2N2O 1119 2.534 0.3054 0.7717
2N2O 1120 2.415 0.3482 0.7826
2N2O 1121 2.459 0.3014 0.7717
2N2O 1122 2.582 0.3204 0.7609
2N2O 1123 2.559 0.3271 0.7609
2N2O 1124 2.277 0.3333 0.7717
2N2O 1125 2.360 0.2345 0.7391
2N2O 1126 2.357 0.2512 0.7391
2N2O 1127 2.200 0.2944 0.7717
2N2O 1128 2.071 0.2818 0.7609
2N2O 1129 2.221 0.2910 0.7609
2N2O 1130 2.253 0.3137 0.7826
2N2O 1131 2.243 0.2913 0.7609
2N2O 1132 2.374 0.2770 0.7609
2N2O 1133 2.475 0.3355 0.7609
2N2O 1134 2.280 0.3089 0.7717
2N2O 1135 2.319 0.2612 0.7283
2N2O 1136 2.334 0.3257 0.7609
2N2O 1137 2.259 0.2780 0.7391
2N2O 1138 2.175 0.3150 0.7826
2N2O 1139 2.220 0.2754 0.7717
2N2O 1140 2.269 0.3050 0.7717
2N2O 1141 2.263 0.2901 0.7609
2N2O 1142 2.171 0.2867 0.7609
2N2O 1143 2.230 0.3323 0.7717
2N2O 1144 2.282 0.2895 0.7609
2N2O 1145 2.298 0.2701 0.7391
2N2O 1146 2.283 0.2934 0.7717
2N2O 1147 2.394 0.2883 0.7609
2N2O 1148 2.369 0.3300 0.7717
2N2O 1149 2.478 0.2845 0.7500
2N2O 1150 2.792 0.3184 0.7391
2N2O 1151 2.418 0.2865 0.7500
2N2O 1152 2.235 0.3474 0.7935
2N2O 1153 2.213 0.3295 0.7717
2N2O 1154 2.328 0.2759 0.7717
2N2O 1155 2.278 0.3275 0.7826
2N2O 1156 2.366 0.3043 0.7609
2N2O 1157 2.287 0.3310 0.7717
2N2O 1158 2.340 0.3080 0.7609
2N2O 1159 2.457 0.2693 0.7609
2N2O 1160 2.342 0.3250 0.7500
2N2O 1161 2.358 0.2718 0.7500
2N2O 1162 2.310 0.2851 0.7500
2N2O 1163 2.369 0.2665 0.7609
2N2O 1164 2.363 0.2569 0.7500
2N2O 1165 2.240 0.2897 0.7935
2N2O 1166 2.540 0.2843 0.7391
2N2O 1167 2.436 0.2919 0.7500
2N2O 1168 2.374 0.2712 0.7609
2N2O 1169 2.453 0.2872 0.7717
2N2O 1170 2.357 0.2969 0.7826
2N2O 1171 2.495 0.2772 0.7391
2N2O 1172 2.458 0.2940 0.7609
2N2O 1173 2.531 0.2393 0.7391
2N2O 1174 2.294 0.2548 0.7717
2N2O 1175 2.254 0.2460 0.7500
2N2O 1176 2.225 0.2821 0.7609
2N2O 1177 2.428 0.2801 0.7609
2N2O 1178 2.442 0.2773 0.7609
2N2O 1179 2.165 0.3054 0.7826
2N2O 1180 2.298 0.3083 0.7826
2N2O 1181 2.179 0.3286 0.8043
2N2O 1182 2.273 0.3121 0.7609
2N2O 1183 2.249 0.2895 0.7826
2N2O 1184 2.146 0.2561 0.7609
2N2O 1185 2.204 0.2709 0.7717
2N2O 1186 2.369 0.2330 0.7283
2N2O 1187 2.519 0.2919 0.7391
2N2O 1188 2.354 0.2124 0.7717
2N2O 1189 2.222 0.2718 0.7391
2N2O 1190 2.324 0.2353 0.7609
2N2O 1191 2.319 0.2708 0.7391
2N2O 1192 2.246 0.2344 0.7283
2N2O 1193 2.301 0.2180 0.7391
2N2O 1194 2.195 0.2308 0.7391
2N2O 1195 2.275 0.2084 0.7391
2N2O 1196 2.200 0.2539 0.7609
2N2O 1197 2.451 0.2259 0.7283
2N2O 1198 2.348 0.2393 0.7065
2N2O 1199 2.558 0.2160 0.7283
2N2O 1200 2.432 0.2203 0.7174
2N2O 1201 2.493 0.2111 0.7065
2N2O 1202 2.496 0.2385 0.7174
2N2O 1203 2.335 0.2295 0.7391
2N2O 1204 2.458 0.2113 0.7283
2N2O 1205 2.413 0.1853 0.7174
2N2O 1206 2.377 0.2167 0.7065
2N2O 1207 2.557 0.2345 0.7174
2N2O 1208 2.456 0.2162 0.7174
2N2O 1209 2.376 0.2067 0.7065
2N2O 1210 2.428 0.2991 0.7391
2N2O 1211 2.444 0.2321 0.7283
2N2O 1212 2.483 0.2245 0.7174
2N2O 1213 2.567 0.1920 0.6957
2N2O 1214 2.533 0.2266 0.7174
2N2O 1215 2.500 0.2634 0.7500
2N2O 1216 2.485 0.2608 0.7283
2N2O 1217 2.430 0.2246 0.7500
2N2O 1218 2.497 0.2387 0.7283
2N2O 1219 2.649 0.2429 0.7065
2N2O 1220 2.636 0.2391 0.7174
2N2O 1221 2.732 0.2486 0.7065
2N2O 1222 2.742 0.2283 0.7174
2N2O 1223 2.740 0.2450 0.7065
2N2O 1224 2.412 0.3073 0.7500
2N2O 1225 2.521 0.2065 0.7283
2N2O 1226 2.606 0.2512 0.7500
2N2O 1227 2.510 0.2135 0.7283
2N2O 1228 2.583 0.2615 0.7174
2N2O 1229 2.735 0.2337 0.7174
2N2O 1230 2.668 0.2734 0.7500
2N2O 1231 2.591 0.2703 0.7391
2N2O 1232 2.418 0.2131 0.7391
2N2O 1233 2.537 0.2524 0.7391
2N2O 1234 2.550 0.2943 0.7717
2N2O 1235 2.674 0.2243 0.7174
2N2O 1236 2.366 0.3212 0.7717
2N2O 1237 2.339 0.2630 0.7500
2N2O 1238 2.421 0.2968 0.7717
2N2O 1239 2.580 0.2933 0.7609
2N2O 1240 2.441 0.3164 0.7717
2N2O 1241 2.325 0.2549 0.7609
2N2O 1242 2.536 0.2541 0.7174
2N2O 1243 2.678 0.2892 0.7391
2N2O 1244 2.649 0.2404 0.7391
2N2O 1245 2.399 0.2222 0.7391
2N2O 1246 2.517 0.2548 0.7500
2N2O 1247 2.606 0.2497 0.7283
2N2O 1248 2.598 0.2624 0.7391
2N2O 1249 2.429 0.3310 0.7826
2N2O 1250 2.369 0.2697 0.7391
2N2O 1251 2.597 0.2649 0.7283
2N2O 1252 2.517 0.2630 0.7500
2N2O 1253 2.548 0.2731 0.7500
2N2O 1254 2.522 0.2951 0.7500
2N2O 1255 2.544 0.2717 0.7500
2N2O 1256 2.637 0.2465 0.7174
2N2O 1257 2.556 0.2807 0.7609
2N2O 1258 2.499 0.2272 0.7283
2N2O 1259 2.408 0.2887 0.7609
2N2O 1260 2.538 0.2497 0.7283
2N2O 1261 2.391 0.2960 0.7717
2N2O 1262 2.663 0.2844 0.7283
2N2O 1263 2.575 0.3078 0.7609
2N2O 1264 2.396 0.3249 0.8043
2N2O 1265 2.488 0.3394 0.7717
2N2O 1266 2.565 0.3313 0.7609
2N2O 1267 2.723 0.3084 0.7391
2N2O 1268 2.535 0.3407 0.7717
2N2O 1269 2.507 0.3646 0.7500
2N2O 1270 2.768 0.2900 0.7391
2N2O 1271 2.666 0.3033 0.7391
2N2O 1272 2.619 0.2617 0.7283
2N2O 1273 2.589 0.3232 0.7500
2N2O 1274 2.893 0.2873 0.7174
2N2O 1275 2.613 0.3143 0.7609
2N2O 1276 2.846 0.3119 0.7283
2N2O 1277 2.841 0.3341 0.7283
2N2O 1278 2.828 0.3329 0.7391
2N2O 1279 2.727 0.2545 0.7065
2N2O 1280 2.555 0.3179 0.7500
2N2O 1281 2.618 0.2877 0.7283
2N2O 1282 2.671 0.3218 0.7283
2N2O 1283 2.635 0.2944 0.7174
2N2O 1284 2.539 0.3114 0.7609
2N2O 1285 2.711 0.2413 0.7174
2N2O 1286 2.397 0.2773 0.7500
2N2O 1287 2.668 0.2475 0.7391
2N2O 1288 2.709 0.2976 0.7283
2N2O 1289 2.693 0.2813 0.7391
2N2O 1290 2.422 0.2811 0.7500
2N2O 1291 2.545 0.2760 0.7391
2N2O 1292 2.740 0.2848 0.7174
2N2O 1293 2.760 0.2978 0.7609
2N2O 1294 2.575 0.2742 0.7391
2N2O 1295 2.539 0.3051 0.7609
2N2O 1296 2.484 0.3135 0.7391
2N2O 1297 2.679 0.2506 0.7174
2N2O 1298 2.574 0.2640 0.7283
2N2O 1299 2.602 0.2859 0.7283
2N2O 1300 2.643 0.2653 0.7283
2N2O 1301 2.766 0.2870 0.7283
2N2O 1302 2.628 0.3134 0.7609
2N2O 1303 2.642 0.2977 0.7609
2N2O 1304 2.859 0.2241 0.7065
2N2O 1305 2.782 0.2430 0.7391
2N2O 1306 2.846 0.3127 0.7283
2N2O 1307 2.858 0.2838 0.7391
2N2O 1308 2.728 0.2714 0.7391
2N2O 1309 2.753 0.2186 0.6957
2N2O 1310 2.773 0.2475 0.6957
2N2O 1311 2.833 0.2256 0.6957
2N2O 1312 2.810 0.2188 0.6739
2N2O 1313 2.814 0.2409 0.6848
2N2O 1314 2.754 0.2591 0.7065
2N2O 1315 2.889 0.2519 0.7283
2N2O 1316 2.859 0.2809 0.7174
2N2O 1317 2.985 0.2231 0.6739
2N2O 1318 2.790 0.2918 0.7391
2N2O 1319 2.753 0.2565 0.7065
2N2O 1320 2.542 0.2249 0.7174
2N2O 1321 2.610 0.2490 0.7065
2N2O 1322 2.909 0.1986 0.6739
2N2O 1323 2.775 0.2414 0.7174
2N2O 1324 2.765 0.2312 0.6848
2N2O 1325 2.699 0.2520 0.7174
2N2O 1326 2.448 0.2797 0.7391
2N2O 1327 2.607 0.2512 0.7391
2N2O 1328 2.578 0.2605 0.7174
2N2O 1329 2.532 0.2970 0.7500
2N2O 1330 2.505 0.2336 0.7391
2N2O 1331 2.742 0.2795 0.7391
2N2O 1332 2.772 0.2605 0.7174
2N2O 1333 2.918 0.1999 0.6739
2N2O 1334 2.763 0.2365 0.7174
2N2O 1335 2.493 0.2241 0.7283
2N2O 1336 2.674 0.2177 0.7283
2N2O 1337 2.612 0.2375 0.7174
2N2O 1338 2.744 0.2202 0.6957
2N2O 1339 2.574 0.1960 0.7065
2N2O 1340 2.568 0.2138 0.7174
2N2O 1341 2.792 0.2094 0.7065
2N2O 1342 2.528 0.2529 0.7174
2N2O 1343 2.509 0.2204 0.7391
2N2O 1344 2.624 0.2327 0.7283
2N2O 1345 2.505 0.2485 0.7609
2N2O 1346 2.458 0.2640 0.7391
2N2O 1347 2.534 0.2595 0.7500
2N2O 1348 2.477 0.2684 0.7283
2N2O 1349 2.553 0.2779 0.7500
2N2O 1350 2.858 0.2821 0.7174
2N2O 1351 2.723 0.2645 0.7391
2N2O 1352 2.580 0.2782 0.7391
2N2O 1353 2.653 0.2222 0.7283
2N2O 1354 2.660 0.2042 0.7065
2N2O 1355 2.640 0.2415 0.7065
2N2O 1356 2.670 0.2460 0.7065
2N2O 1357 2.494 0.2616 0.7500
2N2O 1358 2.664 0.2423 0.7174
2N2O 1359 2.590 0.2608 0.7283
2N2O 1360 2.721 0.2043 0.7065
2N2O 1361 2.718 0.2159 0.7065
2N2O 1362 2.660 0.2493 0.7174
2N2O 1363 2.626 0.2432 0.7283
2N2O 1364 2.666 0.2249 0.7174
2N2O 1365 2.474 0.2418 0.7391
2N2O 1366 2.572 0.2847 0.7500
2N2O 1367 2.738 0.2198 0.7174
2N2O 1368 2.793 0.2271 0.7283
2N2O 1369 2.576 0.2542 0.7500
2N2O 1370 2.512 0.2738 0.7283
2N2O 1371 2.687 0.2382 0.7065
2N2O 1372 2.704 0.2651 0.7500
2N2O 1373 2.576 0.2647 0.7391
2N2O 1374 2.709 0.2546 0.7500
2N2O 1375 2.623 0.2687 0.7609
2N2O 1376 2.733 0.2660 0.7391
2N2O 1377 2.556 0.2432 0.7500
2N2O 1378 2.638 0.2351 0.7500
2N2O 1379 2.549 0.2626 0.7391
2N2O 1380 2.609 0.2620 0.7500
2N2O 1381 2.477 0.2752 0.7391
2N2O 1382 2.447 0.2739 0.7391
2N2O 1383 2.575 0.2799 0.7391
2N2O 1384 2.504 0.2441 0.7609
2N2O 1385 2.567 0.2544 0.7391
2N2O 1386 2.573 0.2472 0.7391
2N2O 1387 2.568 0.2156 0.7174
2N2O 1388 2.626 0.2963 0.7391
2N2O 1389 2.693 0.2906 0.7283
2N2O 1390 2.558 0.2209 0.7065
2N2O 1391 2.691 0.2557 0.7283
2N2O 1392 2.702 0.2788 0.7500
2N2O 1393 2.666 0.2344 0.7283
2N2O 1394 2.619 0.2565 0.7174
2N2O 1395 2.582 0.3018 0.7826
2N2O 1396 2.569 0.2327 0.7174
2N2O 1397 2.420 0.3043 0.7826
2N2O 1398 2.519 0.2815 0.7717
2N2O 1399 2.537 0.2347 0.7391
2N2O 1400 2.497 0.2353 0.7500
2N2O 1401 2.441 0.2533 0.7391
2N2O 1402 2.523 0.2633 0.7500
2N2O 1403 2.570 0.2770 0.7283
2N2O 1404 2.530 0.2527 0.7500
2N2O 1405 2.452 0.2434 0.7283
2N2O 1406 2.596 0.2144 0.7065
2N2O 1407 2.725 0.2584 0.7065
2N2O 1408 2.591 0.2144 0.7391
2N2O 1409 2.585 0.2639 0.7174
2N2O 1410 2.707 0.2447 0.7500
2N2O 1411 2.624 0.2301 0.7065
2N2O 1412 2.798 0.2199 0.7065
2N2O 1413 2.670 0.2131 0.7065
2N2O 1414 2.700 0.2047 0.6848
2N2O 1415 2.688 0.2352 0.6957
2N2O 1416 2.660 0.2100 0.6848
2N2O 1417 2.824 0.2296 0.6957
2N2O 1418 2.647 0.2440 0.7174
2N2O 1419 2.660 0.2249 0.6848
2N2O 1420 2.583 0.2630 0.7609
2N2O 1421 2.680 0.2004 0.7174
2N2O 1422 2.599 0.2205 0.7065
2N2O 1423 2.477 0.2198 0.7283
2N2O 1424 2.581 0.2612 0.7283
2N2O 1425 2.713 0.1802 0.7065
2N2O 1426 2.629 0.2826 0.7283
2N2O 1427 2.671 0.2299 0.6739
2N2O 1428 2.634 0.2202 0.7065
2N2O 1429 2.377 0.2263 0.7500
2N2O 1430 2.273 0.2238 0.7283
2N2O 1431 2.438 0.2478 0.7391
2N2O 1432 2.412 0.2399 0.7283
2N2O 1433 2.376 0.2255 0.7500
2N2O 1434 2.410 0.2358 0.7391
2N2O 1435 2.464 0.2548 0.7500
2N2O 1436 2.562 0.2770 0.7500
2N2O 1437 2.515 0.2569 0.7391
2N2O 1438 2.331 0.2461 0.7717
2N2O 1439 2.540 0.2881 0.7500
2N2O 1440 2.589 0.2441 0.7391
2N2O 1441 2.658 0.2129 0.7283
2N2O 1442 2.488 0.2549 0.7391
2N2O 1443 2.622 0.2562 0.7283
2N2O 1444 2.655 0.2516 0.7391
2N2O 1445 2.646 0.2886 0.7391
2N2O 1446 2.580 0.2247 0.7174
2N2O 1447 2.572 0.2306 0.7283
2N2O 1448 2.440 0.2163 0.7391
2N2O 1449 2.530 0.2487 0.7609
2N2O 1450 2.759 0.2277 0.7283
2N2O 1451 2.679 0.2230 0.7283
2N2O 1452 2.611 0.2382 0.7065
2N2O 1453 2.505 0.2556 0.7391
2N2O 1454 2.798 0.3046 0.7174
2N2O 1455 2.856 0.2611 0.7065
2N2O 1456 2.756 0.2527 0.7283
2N2O 1457 2.737 0.2034 0.7174
2N2O 1458 2.482 0.2405 0.7500
2N2O 1459 2.602 0.2570 0.7283
2N2O 1460 2.483 0.2794 0.7283
2N2O 1461 2.705 0.2351 0.7065
2N2O 1462 2.696 0.2224 0.7174
2N2O 1463 2.649 0.2726 0.7283
2N2O 1464 2.771 0.3089 0.7391
2N2O 1465 2.426 0.2886 0.7609
2N2O 1466 2.768 0.2621 0.7283
2N2O 1467 2.691 0.1973 0.6957
2N2O 1468 2.366 0.2922 0.7500
2N2O 1469 2.330 0.2920 0.7717
2N2O 1470 2.368 0.2670 0.7717
2N2O 1471 2.445 0.2654 0.7500
2N2O 1472 2.388 0.2313 0.7500
2N2O 1473 2.584 0.2626 0.7174
2N2O 1474 2.329 0.2698 0.7500
2N2O 1475 2.414 0.2398 0.7283
2N2O 1476 2.186 0.2418 0.7391
2N2O 1477 2.416 0.2540 0.7391
2N2O 1478 2.673 0.2625 0.7500
2N2O 1479 2.442 0.2407 0.7391
2N2O 1480 2.220 0.2261 0.7391
2N2O 1481 2.411 0.2579 0.7391
2N2O 1482 2.687 0.2464 0.7174
2N2O 1483 2.644 0.2946 0.7283
2N2O 1484 2.397 0.2427 0.7391
2N2O 1485 2.440 0.2099 0.7283
2N2O 1486 2.591 0.2081 0.6957
2N2O 1487 2.772 0.2573 0.7065
2N2O 1488 2.759 0.2569 0.7283
2N2O 1489 2.447 0.2726 0.7391
2N2O 1490 2.592 0.2309 0.7283
2N2O 1491 2.529 0.2402 0.7283
2N2O 1492 2.353 0.2854 0.7283
2N2O 1493 2.377 0.2347 0.7283
2N2O 1494 2.647 0.2321 0.7174
2N2O 1495 2.125 0.2486 0.7717
2N2O 1496 2.306 0.2237 0.7283
2N2O 1497 2.443 0.2306 0.7174
2N2O 1498 2.541 0.2242 0.7174
2N2O 1499 2.139 0.2515 0.7609
2N2O 1500 2.372 0.2322 0.7283
2N2O 1501 2.277 0.2500 0.7500
2N2O 1502 2.382 0.1920 0.7174
2N2O 1503 2.593 0.1885 0.6848
2N2O 1504 2.450 0.1976 0.7065
2N2O 1505 2.428 0.2092 0.7283
2N2O 1506 2.400 0.2131 0.7391
2N2O 1507 2.385 0.2335 0.7283
2N2O 1508 2.540 0.1752 0.7065
2N2O 1509 3.066 0.1632 0.6522
2N2O 1510 2.897 0.2385 0.6957
2N2O 1511 2.716 0.1847 0.6848
2N2O 1512 2.657 0.2097 0.7174
2N2O 1513 2.435 0.2355 0.6957
2N2O 1514 2.436 0.2357 0.7065
2N2O 1515 2.647 0.2630 0.6957
2N2O 1516 2.654 0.1513 0.6739
2N2O 1517 2.436 0.2185 0.7065
2N2O 1518 2.513 0.2131 0.7065
2N2O 1519 2.424 0.1693 0.6957
2N2O 1520 2.639 0.1513 0.6848
2N2O 1521 2.427 0.1963 0.6848
2N2O 1522 2.416 0.1823 0.6957
2N2O 1523 2.330 0.1759 0.7174
2N2O 1524 2.312 0.1918 0.7391
2N2O 1525 2.444 0.1970 0.7391
2N2O 1526 2.443 0.2119 0.7174
2N2O 1527 2.024 0.1917 0.7174
2N2O 1528 2.094 0.2011 0.7174
2N2O 1529 2.234 0.1692 0.6957
2N2O 1530 2.024 0.2365 0.7500
2N2O 1531 2.003 0.1851 0.7500
2N2O 1532 2.098 0.1976 0.7500
2N2O 1533 2.079 0.2129 0.7500
2N2O 1534 2.329 0.2186 0.7283
2N2O 1535 2.319 0.2059 0.6957
2N2O 1536 2.202 0.2832 0.7391
2N2O 1537 2.448 0.2206 0.7065
2N2O 1538 2.355 0.1870 0.6848
2N2O 1539 2.382 0.2016 0.6957
2N2O 1540 2.440 0.1627 0.7065
2N2O 1541 2.499 0.1999 0.7174
2N2O 1542 2.264 0.2058 0.7065
2N2O 1543 2.536 0.1856 0.6739
2N2O 1544 2.581 0.1960 0.6848
2N2O 1545 2.555 0.2090 0.6848
2N2O 1546 2.640 0.1794 0.6848
2N2O 1547 2.514 0.1642 0.6413
2N2O 1548 2.720 0.1491 0.6522
2N2O 1549 2.501 0.1546 0.6739
2N2O 1550 2.438 0.1694 0.6957
2N2O 1551 2.452 0.2023 0.6848
2N2O 1552 2.509 0.1628 0.6630
2N2O 1553 2.488 0.1800 0.6522
2N2O 1554 2.407 0.1849 0.6957
2N2O 1555 2.367 0.1835 0.7065
2N2O 1556 2.408 0.1980 0.7065
2N2O 1557 2.369 0.2252 0.6957
2N2O 1558 2.529 0.1621 0.6630
2N2O 1559 2.255 0.1754 0.7174
2N2O 1560 2.417 0.1827 0.6848
2N2O 1561 2.324 0.1887 0.7065
2N2O 1562 2.390 0.2109 0.7065
2N2O 1563 2.481 0.1908 0.7065
2N2O 1564 2.551 0.1491 0.6739
2N2O 1565 2.543 0.1792 0.6739
2N2O 1566 2.649 0.2047 0.6848
2N2O 1567 2.746 0.1793 0.6739
2N2O 1568 2.524 0.2270 0.7174
2N2O 1569 2.561 0.1905 0.6848
2N2O 1570 2.657 0.1497 0.6522
2N2O 1571 2.611 0.1730 0.6630
2N2O 1572 2.393 0.2127 0.6848
2N2O 1573 2.407 0.2165 0.7283
2N2O 1574 2.410 0.2628 0.7065
2N2O 1575 2.446 0.2207 0.7174
2N2O 1576 2.319 0.2305 0.7283
2N2O 1577 2.197 0.2423 0.7500
2N2O 1578 2.288 0.2291 0.7283
2N2O 1579 2.270 0.2551 0.7283
2N2O 1580 2.412 0.1847 0.7065
2N2O 1581 2.330 0.2055 0.7065
2N2O 1582 2.561 0.1827 0.6739
2N2O 1583 2.505 0.1830 0.6848
2N2O 1584 2.225 0.2030 0.7283
2N2O 1585 2.435 0.1954 0.6848
2N2O 1586 2.573 0.2126 0.7065
2N2O 1587 2.251 0.1938 0.7174
2N2O 1588 2.275 0.2114 0.7065
2N2O 1589 2.487 0.2593 0.7174
2N2O 1590 2.336 0.2365 0.7174
2N2O 1591 2.446 0.2860 0.7391
2N2O 1592 2.437 0.2152 0.7283
2N2O 1593 2.785 0.1960 0.6848
2N2O 1594 2.284 0.2621 0.7391
2N2O 1595 2.030 0.1978 0.7283
2N2O 1596 2.328 0.2145 0.7174
2N2O 1597 2.414 0.1854 0.6957
2N2O 1598 2.529 0.1858 0.6848
2N2O 1599 2.566 0.1936 0.6848
2N2O 1600 2.404 0.2036 0.6957
2N2O 1601 2.702 0.1490 0.6522
2N2O 1602 2.411 0.1741 0.6739
2N2O 1603 2.727 0.1466 0.6413
2N2O 1604 2.353 0.1985 0.7065
2N2O 1605 2.503 0.1911 0.7065
2N2O 1606 2.477 0.2204 0.6957
2N2O 1607 2.340 0.2001 0.7065
2N2O 1608 2.585 0.1734 0.6739
2N2O 1609 2.416 0.1676 0.6848
2N2O 1610 2.386 0.2458 0.7391
2N2O 1611 2.303 0.1717 0.6848
2N2O 1612 2.881 0.1723 0.6630
2N2O 1613 2.464 0.2105 0.6957
2N2O 1614 2.547 0.1922 0.6848
2N2O 1615 2.380 0.1703 0.6848
2N2O 1616 2.743 0.2070 0.7065
2N2O 1617 2.361 0.1568 0.6739
2N2O 1618 2.414 0.1703 0.6739
2N2O 1619 2.480 0.2021 0.7065
2N2O 1620 2.707 0.1999 0.6848
2N2O 1621 2.624 0.1871 0.6957
2N2O 1622 2.484 0.1886 0.7065
2N2O 1623 2.615 0.1738 0.6630
2N2O 1624 2.303 0.2138 0.7391
2N2O 1625 2.247 0.1665 0.6957
2N2O 1626 2.233 0.2114 0.7283
2N2O 1627 2.411 0.2014 0.7065
2N2O 1628 2.633 0.1656 0.6630
2N2O 1629 2.677 0.1635 0.6739
2N2O 1630 2.614 0.1824 0.6739
2N2O 1631 2.648 0.1921 0.6630
2N2O 1632 2.459 0.1624 0.6522
2N2O 1633 2.433 0.1748 0.6848
2N2O 1634 2.442 0.1788 0.6848
2N2O 1635 2.325 0.1971 0.6739
2N2O 1636 2.402 0.1753 0.6957
2N2O 1637 2.672 0.2068 0.6957
2N2O 1638 2.536 0.1633 0.6957
2N2O 1639 2.693 0.1364 0.6522
2N2O 1640 2.551 0.2092 0.6957
2N2O 1641 2.631 0.1826 0.6848
2N2O 1642 2.742 0.1894 0.6739
2N2O 1643 2.548 0.2052 0.7174
2N2O 1644 2.766 0.2476 0.7174
2N2O 1645 2.932 0.2012 0.6848
2N2O 1646 2.524 0.1949 0.7065
2N2O 1647 2.423 0.2060 0.7283
2N2O 1648 2.552 0.1901 0.6848
2N2O 1649 2.495 0.1820 0.6957
2N2O 1650 2.848 0.1553 0.6522
2N2O 1651 2.789 0.1848 0.6739
2N2O 1652 2.493 0.2309 0.6957
2N2O 1653 2.810 0.2317 0.7283
2N2O 1654 2.718 0.2025 0.7065
2N2O 1655 2.982 0.1858 0.6522
2N2O 1656 2.734 0.2542 0.7065
2N2O 1657 2.582 0.2105 0.7500
2N2O 1658 2.691 0.2072 0.7065
2N2O 1659 2.811 0.1562 0.6739
2N2O 1660 3.155 0.1957 0.6413
2N2O 1661 2.947 0.1765 0.6739
2N2O 1662 2.673 0.1700 0.6957
2N2O 1663 2.732 0.1550 0.6630
2N2O 1664 2.484 0.2073 0.7283
2N2O 1665 2.712 0.1905 0.6848
2N2O 1666 2.765 0.1559 0.6522
2N2O 1667 2.768 0.1695 0.6630
2N2O 1668 2.990 0.1726 0.6522
2N2O 1669 3.139 0.1684 0.6304
2N2O 1670 3.193 0.1562 0.6413
2N2O 1671 2.805 0.1909 0.6739
2N2O 1672 2.941 0.1593 0.6630
2N2O 1673 2.919 0.1599 0.6413
2N2O 1674 3.187 0.1756 0.6196
2N2O 1675 3.009 0.1506 0.6304
2N2O 1676 3.228 0.1514 0.5978
2N2O 1677 2.803 0.1565 0.6522
2N2O 1678 2.749 0.1613 0.6413
2N2O 1679 3.009 0.2229 0.6413
2N2O 1680 2.941 0.2043 0.6413
2N2O 1681 3.015 0.2017 0.6196
2N2O 1682 3.216 0.1582 0.6087
2N2O 1683 2.974 0.1517 0.6413
2N2O 1684 2.894 0.1799 0.6413
2N2O 1685 2.835 0.1865 0.6630
2N2O 1686 2.676 0.2006 0.6957
2N2O 1687 2.832 0.1783 0.6630
2N2O 1688 2.790 0.1852 0.6630
2N2O 1689 2.814 0.1742 0.6522
2N2O 1690 3.193 0.1776 0.6413
2N2O 1691 3.027 0.1722 0.6630
2N2O 1692 2.938 0.1589 0.6304
2N2O 1693 2.780 0.2032 0.6739
2N2O 1694 2.979 0.2146 0.6957
2N2O 1695 2.683 0.1732 0.6739
2N2O 1696 2.776 0.1752 0.6630
2N2O 1697 2.738 0.2011 0.6848
2N2O 1698 3.001 0.1951 0.6630
2N2O 1699 2.735 0.2139 0.6848
2N2O 1700 2.927 0.2146 0.6957
2N2O 1701 2.781 0.1899 0.6739
2N2O 1702 2.984 0.1749 0.6413
2N2O 1703 3.040 0.1716 0.6522
2N2O 1704 3.083 0.1739 0.6304
2N2O 1705 3.416 0.2136 0.6630
2N2O 1706 2.951 0.2280 0.6848
2N2O 1707 2.755 0.2075 0.6957
2N2O 1708 2.589 0.1660 0.6848
2N2O 1709 2.826 0.2125 0.6739
2N2O 1710 2.874 0.1993 0.6848
