2N6W 1 0.000 1.0000 1.0000
2N6W 2 2.165 0.6939 0.8015
2N6W 3 4.545 0.5172 0.6324
2N6W 4 3.502 0.5919 0.6581
2N6W 5 3.768 0.5678 0.6618
2N6W 6 4.720 0.5004 0.6176
2N6W 7 2.386 0.7244 0.8051
2N6W 8 3.002 0.6144 0.7096
2N6W 9 2.651 0.7028 0.8125
2N6W 10 3.577 0.5908 0.6875
2N6W 11 21.784 0.1050 0.1287
2N6W 12 20.914 0.1437 0.1581
2N6W 13 18.684 0.1983 0.2353
2N6W 14 18.183 0.1597 0.2096
2N6W 15 20.183 0.2999 0.3125
2N6W 16 17.019 0.1346 0.1654
2N6W 17 26.442 0.1971 0.2243
2N6W 18 18.241 0.2183 0.2426
2N6W 19 13.125 0.2607 0.3162
2N6W 20 18.685 0.1673 0.1875
2N6W 21 18.231 0.1606 0.1838
2N6W 22 19.570 0.1969 0.2132
2N6W 23 18.886 0.1724 0.1838
2N6W 24 19.723 0.1502 0.2022
2N6W 25 23.007 0.1199 0.1544
2N6W 26 13.320 0.2110 0.2243
2N6W 27 12.984 0.1973 0.2279
2N6W 28 14.204 0.2064 0.2243
2N6W 29 21.460 0.1541 0.1765
2N6W 30 21.305 0.2544 0.2757
2N6W 31 17.315 0.2121 0.2279
2N6W 32 14.822 0.1652 0.2059
2N6W 33 13.491 0.1745 0.2206
2N6W 34 12.723 0.3091 0.3346
2N6W 35 18.253 0.1844 0.2279
2N6W 36 19.236 0.2103 0.2574
2N6W 37 22.012 0.2213 0.2353
2N6W 38 19.944 0.2546 0.2684
2N6W 39 14.123 0.2924 0.3346
2N6W 40 20.699 0.1821 0.2059
2N6W 41 22.736 0.2255 0.2868
2N6W 42 17.194 0.2904 0.3235
2N6W 43 28.354 0.1980 0.2132
2N6W 44 22.501 0.2399 0.2757
2N6W 45 20.300 0.3075 0.3309
2N6W 46 16.724 0.1792 0.2022
2N6W 47 24.022 0.2746 0.2978
2N6W 48 15.834 0.3182 0.3493
2N6W 49 16.579 0.2813 0.3199
2N6W 50 14.774 0.2946 0.3199
2N6W 51 20.980 0.0925 0.1103
2N6W 52 18.677 0.1016 0.1140
2N6W 53 22.351 0.1050 0.1471
2N6W 54 18.869 0.1805 0.2059
2N6W 55 15.643 0.1551 0.1949
2N6W 56 10.625 0.2725 0.3162
2N6W 57 12.467 0.1171 0.1397
2N6W 58 12.281 0.1637 0.2132
2N6W 59 20.712 0.1972 0.2243
2N6W 60 13.856 0.2042 0.2463
2N6W 61 16.562 0.2372 0.2610
2N6W 62 20.174 0.1763 0.1985
2N6W 63 20.485 0.1361 0.1507
2N6W 64 14.459 0.1931 0.2096
2N6W 65 13.641 0.3394 0.3640
2N6W 66 15.581 0.2436 0.2757
2N6W 67 17.290 0.3059 0.3272
2N6W 68 15.865 0.2539 0.2941
2N6W 69 16.497 0.1622 0.1985
2N6W 70 16.467 0.2594 0.2941
2N6W 71 14.537 0.1926 0.2206
2N6W 72 12.670 0.1891 0.2169
2N6W 73 21.256 0.2644 0.2904
2N6W 74 13.673 0.1982 0.2169
2N6W 75 23.899 0.2687 0.2978
2N6W 76 21.823 0.1780 0.2169
2N6W 77 15.686 0.2206 0.2574
2N6W 78 17.428 0.1779 0.2132
2N6W 79 17.179 0.2155 0.2390
2N6W 80 15.324 0.1885 0.2316
2N6W 81 15.995 0.3186 0.3566
2N6W 82 14.256 0.2003 0.2463
2N6W 83 19.197 0.2964 0.3272
2N6W 84 15.504 0.2861 0.3125
2N6W 85 9.725 0.3420 0.3750
2N6W 86 15.974 0.2821 0.3346
2N6W 87 15.529 0.2706 0.3272
2N6W 88 15.363 0.2876 0.3162
2N6W 89 17.028 0.3006 0.3199
2N6W 90 9.837 0.2940 0.3640
2N6W 91 26.763 0.0788 0.1029
2N6W 92 26.177 0.1334 0.1507
2N6W 93 20.573 0.1269 0.1618
2N6W 94 21.467 0.1204 0.1471
2N6W 95 17.236 0.1017 0.1140
2N6W 96 16.899 0.0962 0.1250
2N6W 97 18.549 0.1774 0.2316
2N6W 98 20.026 0.1441 0.1691
2N6W 99 16.485 0.1319 0.1507
2N6W 100 16.600 0.2416 0.2574
2N6W 101 18.759 0.3199 0.3309
2N6W 102 16.547 0.2994 0.3235
2N6W 103 14.290 0.1459 0.1544
2N6W 104 20.004 0.1988 0.2243
2N6W 105 17.493 0.2793 0.2831
2N6W 106 15.132 0.2073 0.2243
2N6W 107 19.625 0.2301 0.2537
2N6W 108 24.115 0.2483 0.2721
2N6W 109 26.946 0.1806 0.2022
2N6W 110 12.229 0.2378 0.3015
2N6W 111 19.175 0.2312 0.2500
2N6W 112 21.359 0.2051 0.2316
2N6W 113 16.569 0.2231 0.2463
2N6W 114 12.671 0.2969 0.3309
2N6W 115 13.692 0.3252 0.3456
2N6W 116 21.727 0.2151 0.2500
2N6W 117 13.867 0.3211 0.3456
2N6W 118 13.016 0.1846 0.2279
2N6W 119 15.035 0.2316 0.2647
2N6W 120 15.093 0.2950 0.3199
2N6W 121 27.571 0.2024 0.2537
2N6W 122 15.928 0.3215 0.3529
2N6W 123 11.391 0.2441 0.3015
2N6W 124 15.231 0.2839 0.3382
2N6W 125 11.913 0.2506 0.2831
2N6W 126 24.810 0.2094 0.2500
2N6W 127 10.800 0.2964 0.3603
2N6W 128 12.746 0.3470 0.3897
2N6W 129 20.305 0.3094 0.3419
2N6W 130 10.166 0.3258 0.3971
2N6W 131 20.357 0.1069 0.1324
2N6W 132 22.055 0.0896 0.1066
2N6W 133 18.424 0.0940 0.1176
2N6W 134 22.723 0.0924 0.1103
2N6W 135 23.168 0.1016 0.1213
2N6W 136 20.794 0.1065 0.1324
2N6W 137 18.516 0.1516 0.1728
2N6W 138 15.984 0.1500 0.1765
2N6W 139 17.615 0.1546 0.1949
2N6W 140 23.492 0.1348 0.1581
2N6W 141 16.492 0.2556 0.2904
2N6W 142 13.249 0.2223 0.2647
2N6W 143 27.005 0.1853 0.2132
2N6W 144 15.310 0.2417 0.2610
2N6W 145 22.211 0.1854 0.2353
2N6W 146 20.085 0.2077 0.2353
2N6W 147 20.724 0.1972 0.2500
2N6W 148 21.401 0.1222 0.1287
2N6W 149 18.002 0.1038 0.1324
2N6W 150 21.395 0.1165 0.1544
2N6W 151 20.269 0.2643 0.2684
2N6W 152 15.830 0.2196 0.2426
2N6W 153 18.844 0.1712 0.2096
2N6W 154 21.043 0.2185 0.2610
2N6W 155 14.806 0.3031 0.3382
2N6W 156 19.077 0.3352 0.3971
2N6W 157 24.534 0.1908 0.2206
2N6W 158 13.677 0.2987 0.3199
2N6W 159 14.488 0.3029 0.3456
2N6W 160 12.097 0.3079 0.3346
2N6W 161 16.682 0.1709 0.2059
2N6W 162 21.497 0.2049 0.2243
2N6W 163 13.656 0.2873 0.3419
2N6W 164 16.069 0.3163 0.3309
2N6W 165 10.556 0.3167 0.3713
2N6W 166 17.709 0.3280 0.3529
2N6W 167 14.865 0.2613 0.2978
2N6W 168 12.973 0.2949 0.3456
2N6W 169 15.082 0.2828 0.3125
2N6W 170 7.987 0.3261 0.3934
2N6W 171 24.997 0.1162 0.1324
2N6W 172 26.050 0.1251 0.1360
2N6W 173 24.212 0.1232 0.1471
2N6W 174 19.156 0.0993 0.1213
2N6W 175 15.959 0.1619 0.1912
2N6W 176 20.659 0.1721 0.2022
2N6W 177 12.651 0.2462 0.3088
2N6W 178 15.228 0.1592 0.2059
2N6W 179 12.802 0.1690 0.1912
2N6W 180 17.918 0.1803 0.1985
2N6W 181 11.689 0.3265 0.3603
2N6W 182 10.556 0.2793 0.3162
2N6W 183 22.269 0.1953 0.2169
2N6W 184 17.762 0.1243 0.1618
2N6W 185 19.738 0.1787 0.2022
2N6W 186 21.474 0.2802 0.2941
2N6W 187 14.766 0.2251 0.2500
2N6W 188 14.896 0.2682 0.3309
2N6W 189 16.730 0.2101 0.2316
2N6W 190 16.235 0.2494 0.2794
2N6W 191 12.628 0.2816 0.3272
2N6W 192 16.479 0.1849 0.2022
2N6W 193 14.412 0.2789 0.3162
2N6W 194 26.080 0.1538 0.1765
2N6W 195 14.918 0.2216 0.2537
2N6W 196 15.845 0.2298 0.2537
2N6W 197 16.918 0.2403 0.2574
2N6W 198 18.560 0.2781 0.2941
2N6W 199 14.080 0.2083 0.2426
2N6W 200 15.291 0.1935 0.2426
2N6W 201 15.599 0.2928 0.3235
2N6W 202 18.244 0.2951 0.3272
2N6W 203 17.847 0.2847 0.3309
2N6W 204 8.812 0.2865 0.3787
2N6W 205 9.397 0.2960 0.3713
2N6W 206 22.290 0.2858 0.3162
2N6W 207 10.996 0.3094 0.3640
2N6W 208 13.501 0.2956 0.3346
2N6W 209 6.502 0.3600 0.4338
2N6W 210 14.098 0.2689 0.3125
2N6W 211 22.076 0.1073 0.1360
2N6W 212 12.025 0.2344 0.2831
2N6W 213 16.040 0.1158 0.1471
2N6W 214 17.484 0.1497 0.1765
2N6W 215 17.680 0.1685 0.1985
2N6W 216 18.354 0.1688 0.1912
2N6W 217 12.074 0.2352 0.2574
2N6W 218 22.082 0.2777 0.3162
2N6W 219 20.516 0.1665 0.1949
2N6W 220 13.898 0.2305 0.2647
2N6W 221 14.961 0.2269 0.2684
2N6W 222 11.490 0.3254 0.3640
2N6W 223 23.146 0.2120 0.2500
2N6W 224 22.707 0.2699 0.2978
2N6W 225 15.859 0.2686 0.2868
2N6W 226 21.287 0.1828 0.1949
2N6W 227 17.955 0.2054 0.2206
2N6W 228 16.257 0.1957 0.2574
2N6W 229 14.538 0.2585 0.2978
2N6W 230 17.347 0.1587 0.1691
2N6W 231 15.649 0.1288 0.1581
2N6W 232 17.864 0.1958 0.2022
2N6W 233 14.291 0.2565 0.2978
2N6W 234 17.228 0.1823 0.2169
2N6W 235 23.840 0.2369 0.2794
2N6W 236 12.861 0.2701 0.3162
2N6W 237 14.985 0.2967 0.3235
2N6W 238 13.668 0.2624 0.2831
2N6W 239 23.433 0.3083 0.3603
2N6W 240 17.837 0.3068 0.3309
2N6W 241 12.275 0.1720 0.2279
2N6W 242 19.372 0.2810 0.3419
2N6W 243 13.486 0.2621 0.3125
2N6W 244 19.042 0.2571 0.2831
2N6W 245 8.621 0.3175 0.3897
2N6W 246 14.087 0.2914 0.3456
2N6W 247 7.566 0.3864 0.4596
2N6W 248 9.459 0.3057 0.3529
2N6W 249 18.118 0.2077 0.2463
2N6W 250 8.734 0.3612 0.4338
2N6W 251 15.202 0.1135 0.1397
2N6W 252 19.468 0.1289 0.1434
2N6W 253 20.750 0.1153 0.1324
2N6W 254 16.894 0.1612 0.1838
2N6W 255 11.570 0.1595 0.1765
2N6W 256 17.017 0.2216 0.2574
2N6W 257 14.391 0.2185 0.2721
2N6W 258 13.613 0.2160 0.2390
2N6W 259 15.979 0.1448 0.1618
2N6W 260 16.144 0.2289 0.2537
2N6W 261 20.361 0.2367 0.2978
2N6W 262 11.702 0.3453 0.4044
2N6W 263 17.095 0.1768 0.1949
2N6W 264 25.953 0.1990 0.2059
2N6W 265 24.429 0.2234 0.2537
2N6W 266 11.599 0.3165 0.3566
2N6W 267 11.064 0.2698 0.3272
2N6W 268 16.377 0.2722 0.2904
2N6W 269 24.361 0.2215 0.2426
2N6W 270 20.835 0.1651 0.2169
2N6W 271 13.698 0.3789 0.4081
2N6W 272 16.870 0.2059 0.2316
2N6W 273 15.480 0.3498 0.3713
2N6W 274 13.455 0.2010 0.2463
2N6W 275 7.825 0.3154 0.3934
2N6W 276 14.301 0.2806 0.3125
2N6W 277 11.858 0.3482 0.3750
2N6W 278 22.581 0.2827 0.3309
2N6W 279 11.462 0.3364 0.3603
2N6W 280 19.259 0.2196 0.2537
2N6W 281 10.918 0.2909 0.3272
2N6W 282 14.405 0.1877 0.2279
2N6W 283 13.226 0.2531 0.3015
2N6W 284 13.847 0.3113 0.3493
2N6W 285 12.492 0.2791 0.3272
2N6W 286 23.877 0.1907 0.1985
2N6W 287 11.897 0.3006 0.3566
2N6W 288 10.127 0.3468 0.4007
2N6W 289 9.822 0.3549 0.4265
2N6W 290 9.015 0.3776 0.4449
2N6W 291 17.188 0.1144 0.1434
2N6W 292 20.316 0.1232 0.1507
2N6W 293 14.296 0.1798 0.1949
2N6W 294 14.624 0.2133 0.2279
2N6W 295 21.713 0.1973 0.2537
2N6W 296 13.272 0.2120 0.2426
2N6W 297 14.285 0.1512 0.1654
2N6W 298 19.852 0.2236 0.2500
2N6W 299 15.952 0.2412 0.2794
2N6W 300 11.425 0.2638 0.3125
2N6W 301 9.594 0.2649 0.3125
2N6W 302 17.799 0.2112 0.2206
2N6W 303 16.272 0.3543 0.3897
2N6W 304 19.156 0.2152 0.2206
2N6W 305 10.267 0.2214 0.2831
2N6W 306 14.917 0.2378 0.2794
2N6W 307 11.745 0.1908 0.2169
2N6W 308 21.373 0.2477 0.3015
2N6W 309 16.104 0.1737 0.2059
2N6W 310 18.314 0.2973 0.3346
2N6W 311 20.251 0.3239 0.3640
2N6W 312 22.151 0.2565 0.2978
2N6W 313 15.805 0.2153 0.2500
2N6W 314 15.793 0.2205 0.2390
2N6W 315 22.085 0.2775 0.3125
2N6W 316 17.305 0.2576 0.2757
2N6W 317 22.297 0.2469 0.2794
2N6W 318 9.593 0.4165 0.4596
2N6W 319 14.973 0.1772 0.2022
2N6W 320 13.833 0.2413 0.2574
2N6W 321 9.159 0.3088 0.3750
2N6W 322 21.175 0.2285 0.2537
2N6W 323 18.279 0.2632 0.3309
2N6W 324 16.528 0.2682 0.2978
2N6W 325 22.179 0.2289 0.2684
2N6W 326 11.791 0.2758 0.3272
2N6W 327 12.687 0.2717 0.3015
2N6W 328 14.080 0.2949 0.3529
2N6W 329 8.712 0.2941 0.3346
2N6W 330 8.057 0.3297 0.3750
2N6W 331 19.131 0.1149 0.1434
2N6W 332 19.971 0.1145 0.1324
2N6W 333 15.450 0.1011 0.1213
2N6W 334 17.786 0.1255 0.1544
2N6W 335 13.410 0.1318 0.1618
2N6W 336 13.203 0.2047 0.2353
2N6W 337 20.014 0.1528 0.1728
2N6W 338 13.295 0.1276 0.1360
2N6W 339 21.753 0.1607 0.1838
2N6W 340 20.242 0.1380 0.1618
2N6W 341 18.196 0.1829 0.2206
2N6W 342 18.964 0.1285 0.1544
2N6W 343 22.272 0.2636 0.2757
2N6W 344 15.187 0.2252 0.2463
2N6W 345 17.297 0.3025 0.3382
2N6W 346 25.441 0.1534 0.1765
2N6W 347 15.067 0.1763 0.2206
2N6W 348 18.676 0.2397 0.2794
2N6W 349 24.319 0.1895 0.2059
2N6W 350 14.666 0.2251 0.2904
2N6W 351 22.212 0.1596 0.1949
2N6W 352 15.682 0.1867 0.2574
2N6W 353 15.866 0.2278 0.2500
2N6W 354 20.611 0.1605 0.1875
2N6W 355 12.842 0.3073 0.3787
2N6W 356 16.539 0.2337 0.2721
2N6W 357 15.821 0.1603 0.2132
2N6W 358 18.516 0.2596 0.3088
2N6W 359 21.685 0.2728 0.2941
2N6W 360 21.229 0.2901 0.3456
2N6W 361 13.449 0.2569 0.2904
2N6W 362 11.156 0.2629 0.3199
2N6W 363 13.840 0.2688 0.3088
2N6W 364 19.839 0.2867 0.3272
2N6W 365 14.337 0.3017 0.3125
2N6W 366 13.370 0.2521 0.3088
2N6W 367 20.787 0.3097 0.3382
2N6W 368 13.377 0.2575 0.2978
2N6W 369 7.190 0.3854 0.4412
2N6W 370 16.677 0.2532 0.2757
2N6W 371 18.174 0.1095 0.1434
2N6W 372 21.636 0.1002 0.1250
2N6W 373 18.915 0.0981 0.1250
2N6W 374 21.444 0.1115 0.1544
2N6W 375 24.716 0.1334 0.1618
2N6W 376 19.260 0.2067 0.2390
2N6W 377 17.325 0.2302 0.2463
2N6W 378 17.479 0.3092 0.3199
2N6W 379 21.514 0.1362 0.1691
2N6W 380 21.886 0.2874 0.3235
2N6W 381 13.399 0.2677 0.2978
2N6W 382 25.079 0.1632 0.1838
2N6W 383 21.079 0.1900 0.2169
2N6W 384 27.895 0.2172 0.2390
2N6W 385 17.631 0.1803 0.1949
2N6W 386 22.932 0.1750 0.1985
2N6W 387 17.193 0.1868 0.2059
2N6W 388 19.180 0.2108 0.2353
2N6W 389 14.367 0.2647 0.2904
2N6W 390 25.094 0.3092 0.3162
2N6W 391 11.039 0.3445 0.3824
2N6W 392 15.578 0.3102 0.3713
2N6W 393 18.735 0.2794 0.3125
2N6W 394 12.895 0.2995 0.3309
2N6W 395 13.164 0.3397 0.4007
2N6W 396 15.133 0.2518 0.2831
2N6W 397 12.376 0.3501 0.3897
2N6W 398 21.151 0.1681 0.1838
2N6W 399 21.514 0.1371 0.1581
2N6W 400 22.163 0.2828 0.3162
2N6W 401 10.525 0.3036 0.3750
2N6W 402 9.279 0.2897 0.3529
2N6W 403 15.738 0.2154 0.2684
2N6W 404 18.748 0.3198 0.3529
2N6W 405 12.541 0.3052 0.3493
2N6W 406 14.805 0.2850 0.3272
2N6W 407 10.621 0.2355 0.2978
2N6W 408 15.827 0.3057 0.3235
2N6W 409 12.342 0.2800 0.3456
2N6W 410 16.027 0.2377 0.2868
2N6W 411 1.622 0.7805 0.7794
2N6W 412 2.138 0.6824 0.7132
2N6W 413 2.357 0.6448 0.7059
2N6W 414 2.227 0.6661 0.7022
2N6W 415 2.282 0.6576 0.6985
2N6W 416 2.355 0.6421 0.6949
2N6W 417 2.491 0.6169 0.6875
2N6W 418 2.490 0.6160 0.6801
2N6W 419 2.487 0.6155 0.6838
2N6W 420 2.511 0.6116 0.6838
2N6W 421 2.471 0.6205 0.6912
2N6W 422 2.515 0.6129 0.6838
2N6W 423 2.497 0.6158 0.6838
2N6W 424 2.483 0.6183 0.6801
2N6W 425 2.505 0.6139 0.6875
2N6W 426 2.499 0.6161 0.6838
2N6W 427 2.481 0.6186 0.6838
2N6W 428 2.471 0.6201 0.6801
2N6W 429 2.488 0.6177 0.6801
2N6W 430 2.493 0.6165 0.6838
2N6W 431 2.486 0.6175 0.6838
2N6W 432 2.500 0.6153 0.6838
2N6W 433 2.502 0.6154 0.6801
2N6W 434 2.483 0.6187 0.6838
2N6W 435 2.501 0.6153 0.6875
2N6W 436 2.483 0.6188 0.6838
2N6W 437 2.484 0.6173 0.6838
2N6W 438 2.483 0.6180 0.6801
2N6W 439 2.481 0.6182 0.6838
2N6W 440 2.483 0.6185 0.6838
2N6W 441 2.485 0.6174 0.6838
2N6W 442 2.483 0.6182 0.6838
2N6W 443 2.473 0.6197 0.6838
2N6W 444 2.505 0.6141 0.6838
2N6W 445 2.482 0.6190 0.6838
2N6W 446 2.523 0.6112 0.6838
2N6W 447 2.494 0.6162 0.6838
2N6W 448 2.495 0.6175 0.6838
2N6W 449 2.539 0.6074 0.6765
2N6W 450 2.525 0.6114 0.6801
2N6W 451 2.524 0.6104 0.6801
2N6W 452 2.502 0.6150 0.6838
2N6W 453 2.522 0.6114 0.6838
2N6W 454 2.541 0.6080 0.6801
2N6W 455 2.507 0.6134 0.6838
2N6W 456 2.529 0.6107 0.6801
2N6W 457 2.500 0.6140 0.6838
2N6W 458 2.501 0.6148 0.6838
2N6W 459 2.527 0.6107 0.6838
2N6W 460 2.519 0.6125 0.6838
2N6W 461 2.527 0.6108 0.6765
2N6W 462 2.517 0.6119 0.6912
2N6W 463 2.519 0.6129 0.6801
2N6W 464 2.549 0.6093 0.6838
2N6W 465 2.517 0.6101 0.6838
2N6W 466 2.541 0.6112 0.6801
2N6W 467 2.528 0.6097 0.6838
2N6W 468 2.525 0.6114 0.6765
2N6W 469 2.539 0.6100 0.6765
2N6W 470 2.500 0.6175 0.6838
2N6W 471 2.527 0.6100 0.6875
2N6W 472 2.565 0.6103 0.6949
2N6W 473 2.576 0.6099 0.6765
2N6W 474 2.581 0.6079 0.6765
2N6W 475 2.571 0.6132 0.6801
2N6W 476 2.596 0.6094 0.6728
2N6W 477 2.619 0.6121 0.6728
2N6W 478 2.631 0.6091 0.6801
2N6W 479 2.587 0.6084 0.6765
2N6W 480 2.585 0.6119 0.6838
2N6W 481 2.581 0.6144 0.6838
2N6W 482 2.593 0.6206 0.6912
2N6W 483 2.557 0.6272 0.6912
2N6W 484 2.550 0.6250 0.6765
2N6W 485 2.624 0.6119 0.6691
2N6W 486 2.588 0.6184 0.6801
2N6W 487 2.587 0.6148 0.6801
2N6W 488 2.581 0.6145 0.6728
2N6W 489 2.601 0.6187 0.6801
2N6W 490 2.561 0.6216 0.6801
2N6W 491 2.537 0.6264 0.6838
2N6W 492 2.592 0.6191 0.6875
2N6W 493 2.554 0.6241 0.6985
2N6W 494 2.535 0.6235 0.6949
2N6W 495 2.619 0.6147 0.6949
2N6W 496 2.597 0.6135 0.6654
2N6W 497 2.610 0.6139 0.6838
2N6W 498 2.600 0.6158 0.6765
2N6W 499 2.550 0.6207 0.6801
2N6W 500 2.612 0.6171 0.6838
2N6W 501 2.631 0.6093 0.6728
2N6W 502 2.683 0.6062 0.6654
2N6W 503 2.655 0.6086 0.6765
2N6W 504 2.673 0.6067 0.6654
2N6W 505 2.690 0.6088 0.6691
2N6W 506 2.712 0.6029 0.6654
2N6W 507 2.675 0.5992 0.6654
2N6W 508 2.669 0.6014 0.6654
2N6W 509 2.618 0.6145 0.6765
2N6W 510 2.603 0.6169 0.6801
2N6W 511 2.585 0.6143 0.6801
2N6W 512 2.636 0.6077 0.6654
2N6W 513 2.663 0.6059 0.6765
2N6W 514 2.600 0.6199 0.6728
2N6W 515 2.637 0.6135 0.6765
2N6W 516 2.729 0.5951 0.6471
2N6W 517 2.719 0.5903 0.6507
2N6W 518 2.651 0.6068 0.6618
2N6W 519 2.725 0.5975 0.6618
2N6W 520 2.759 0.5978 0.6581
2N6W 521 2.672 0.6081 0.6581
2N6W 522 2.730 0.5930 0.6544
2N6W 523 2.761 0.5909 0.6471
2N6W 524 2.704 0.5973 0.6581
2N6W 525 2.704 0.5973 0.6507
2N6W 526 2.660 0.6049 0.6581
2N6W 527 2.661 0.5962 0.6544
2N6W 528 2.626 0.5969 0.6581
2N6W 529 2.698 0.5905 0.6618
2N6W 530 2.719 0.5865 0.6544
2N6W 531 2.821 0.5734 0.6471
2N6W 532 2.671 0.5956 0.6581
2N6W 533 2.717 0.5824 0.6507
2N6W 534 2.725 0.5848 0.6507
2N6W 535 2.656 0.5930 0.6581
2N6W 536 2.692 0.5910 0.6507
2N6W 537 2.635 0.5947 0.6618
2N6W 538 2.743 0.5799 0.6544
2N6W 539 2.709 0.5856 0.6507
2N6W 540 2.694 0.5901 0.6581
2N6W 541 2.719 0.5841 0.6507
2N6W 542 2.674 0.5888 0.6581
2N6W 543 2.621 0.5965 0.6544
2N6W 544 2.771 0.5860 0.6507
2N6W 545 2.791 0.5920 0.6471
2N6W 546 2.812 0.5820 0.6507
2N6W 547 2.770 0.5841 0.6471
2N6W 548 2.728 0.5904 0.6507
2N6W 549 2.836 0.5866 0.6507
2N6W 550 2.817 0.5906 0.6507
2N6W 551 2.730 0.5937 0.6654
2N6W 552 2.704 0.5977 0.6654
2N6W 553 2.771 0.5930 0.6544
2N6W 554 2.804 0.5968 0.6581
2N6W 555 2.830 0.5891 0.6581
2N6W 556 2.742 0.5994 0.6654
2N6W 557 2.596 0.6175 0.6618
2N6W 558 2.537 0.6266 0.6654
2N6W 559 2.652 0.6034 0.6581
2N6W 560 2.762 0.5862 0.6618
2N6W 561 2.792 0.5818 0.6581
2N6W 562 2.865 0.5882 0.6654
2N6W 563 2.798 0.5937 0.6728
2N6W 564 2.717 0.5942 0.6691
2N6W 565 2.751 0.5869 0.6691
2N6W 566 2.793 0.5871 0.6728
2N6W 567 2.791 0.5946 0.6654
2N6W 568 2.781 0.6001 0.6618
2N6W 569 2.809 0.5981 0.6581
2N6W 570 2.801 0.5826 0.6618
2N6W 571 2.834 0.5890 0.6581
2N6W 572 2.859 0.5911 0.6618
2N6W 573 2.812 0.6056 0.6581
2N6W 574 2.736 0.6006 0.6544
2N6W 575 2.712 0.5963 0.6581
2N6W 576 2.695 0.5989 0.6691
2N6W 577 2.695 0.6008 0.6581
2N6W 578 2.695 0.6030 0.6581
2N6W 579 2.652 0.6123 0.6691
2N6W 580 2.665 0.6000 0.6765
2N6W 581 2.764 0.5994 0.6654
2N6W 582 2.794 0.6100 0.6654
2N6W 583 2.788 0.6076 0.6544
2N6W 584 2.644 0.6169 0.6691
2N6W 585 2.630 0.6130 0.6728
2N6W 586 2.777 0.6022 0.6544
2N6W 587 2.694 0.6143 0.6618
2N6W 588 2.700 0.6092 0.6544
2N6W 589 2.750 0.6011 0.6618
2N6W 590 2.760 0.6042 0.6544
2N6W 591 2.716 0.5958 0.6618
2N6W 592 2.766 0.5769 0.6544
2N6W 593 2.741 0.5818 0.6544
2N6W 594 2.617 0.6066 0.6618
2N6W 595 2.682 0.6030 0.6691
2N6W 596 2.487 0.6298 0.6691
2N6W 597 2.604 0.6123 0.6618
2N6W 598 2.677 0.6042 0.6618
2N6W 599 2.588 0.6127 0.6581
2N6W 600 2.629 0.6109 0.6691
2N6W 601 2.719 0.5947 0.6618
2N6W 602 2.659 0.6005 0.6544
2N6W 603 2.687 0.5978 0.6618
2N6W 604 2.609 0.6167 0.6581
2N6W 605 2.667 0.5995 0.6691
2N6W 606 2.533 0.6129 0.6691
2N6W 607 2.574 0.6169 0.6654
2N6W 608 2.653 0.6020 0.6691
2N6W 609 2.580 0.6121 0.6654
2N6W 610 2.615 0.6128 0.6618
2N6W 611 2.550 0.6118 0.6691
2N6W 612 2.692 0.5965 0.6728
2N6W 613 2.639 0.5998 0.6691
2N6W 614 2.446 0.6306 0.6765
2N6W 615 2.568 0.6096 0.6691
2N6W 616 2.618 0.5997 0.6691
2N6W 617 2.747 0.5794 0.6618
2N6W 618 2.703 0.5886 0.6728
2N6W 619 2.780 0.5824 0.6654
2N6W 620 2.780 0.5849 0.6581
2N6W 621 2.797 0.5808 0.6581
2N6W 622 2.771 0.5780 0.6544
2N6W 623 2.758 0.5779 0.6618
2N6W 624 2.785 0.5770 0.6581
2N6W 625 2.862 0.5709 0.6618
2N6W 626 2.874 0.5631 0.6618
2N6W 627 2.802 0.5712 0.6618
2N6W 628 2.716 0.5855 0.6654
2N6W 629 2.735 0.5739 0.6654
2N6W 630 2.817 0.5742 0.6544
2N6W 631 2.880 0.5720 0.6581
2N6W 632 2.862 0.5697 0.6618
2N6W 633 2.769 0.5825 0.6618
2N6W 634 2.812 0.5647 0.6507
2N6W 635 2.756 0.5803 0.6507
2N6W 636 2.647 0.5900 0.6618
2N6W 637 2.758 0.5777 0.6618
2N6W 638 2.827 0.5722 0.6618
2N6W 639 2.787 0.5724 0.6544
2N6W 640 2.751 0.5820 0.6581
2N6W 641 2.802 0.5743 0.6544
2N6W 642 2.735 0.5974 0.6654
2N6W 643 2.731 0.5945 0.6654
2N6W 644 2.846 0.5694 0.6618
2N6W 645 2.786 0.5906 0.6507
2N6W 646 2.694 0.5957 0.6691
2N6W 647 2.592 0.6066 0.6654
2N6W 648 2.637 0.5949 0.6618
2N6W 649 2.781 0.5742 0.6544
2N6W 650 2.771 0.5865 0.6471
2N6W 651 2.715 0.5993 0.6544
2N6W 652 2.689 0.6033 0.6544
2N6W 653 2.645 0.6138 0.6654
2N6W 654 2.737 0.5982 0.6618
2N6W 655 2.786 0.5804 0.6581
2N6W 656 2.641 0.6013 0.6581
2N6W 657 2.685 0.6026 0.6618
2N6W 658 2.771 0.5957 0.6544
2N6W 659 2.854 0.5720 0.6471
2N6W 660 2.643 0.6018 0.6507
2N6W 661 2.834 0.5761 0.6544
2N6W 662 2.959 0.5665 0.6471
2N6W 663 2.859 0.5812 0.6618
2N6W 664 2.747 0.6007 0.6544
2N6W 665 2.767 0.5874 0.6618
2N6W 666 2.790 0.5896 0.6544
2N6W 667 2.747 0.5951 0.6581
2N6W 668 2.751 0.5891 0.6581
2N6W 669 2.730 0.5991 0.6507
2N6W 670 2.680 0.5927 0.6618
2N6W 671 2.712 0.6016 0.6471
2N6W 672 2.841 0.5957 0.6691
2N6W 673 2.718 0.6085 0.6581
2N6W 674 2.675 0.6003 0.6507
2N6W 675 2.637 0.6040 0.6618
2N6W 676 2.671 0.6007 0.6581
2N6W 677 2.628 0.6086 0.6801
2N6W 678 2.772 0.5915 0.6581
2N6W 679 2.726 0.5903 0.6581
2N6W 680 2.787 0.5768 0.6544
2N6W 681 2.747 0.5825 0.6544
2N6W 682 2.682 0.5886 0.6544
2N6W 683 2.642 0.5992 0.6581
2N6W 684 2.728 0.5872 0.6507
2N6W 685 2.830 0.5742 0.6434
2N6W 686 2.771 0.5833 0.6507
2N6W 687 2.684 0.5942 0.6507
2N6W 688 2.719 0.5971 0.6544
2N6W 689 2.787 0.5941 0.6544
2N6W 690 2.756 0.5911 0.6654
2N6W 691 2.747 0.5903 0.6581
2N6W 692 2.706 0.5969 0.6654
2N6W 693 2.682 0.5970 0.6618
2N6W 694 2.687 0.5948 0.6654
2N6W 695 2.696 0.5884 0.6544
2N6W 696 2.658 0.6087 0.6581
2N6W 697 2.689 0.5938 0.6471
2N6W 698 2.657 0.6020 0.6654
2N6W 699 2.662 0.6048 0.6581
2N6W 700 2.643 0.6020 0.6654
2N6W 701 2.567 0.6122 0.6544
2N6W 702 2.587 0.6066 0.6618
2N6W 703 2.638 0.6041 0.6544
2N6W 704 2.630 0.6077 0.6654
2N6W 705 2.633 0.6036 0.6544
2N6W 706 2.833 0.5713 0.6397
2N6W 707 2.713 0.5908 0.6581
2N6W 708 2.703 0.5949 0.6507
2N6W 709 2.845 0.5734 0.6434
2N6W 710 2.675 0.5997 0.6544
2N6W 711 2.728 0.5820 0.6544
2N6W 712 2.690 0.6008 0.6544
2N6W 713 2.661 0.5982 0.6581
2N6W 714 2.759 0.5742 0.6434
2N6W 715 2.677 0.5902 0.6544
2N6W 716 2.720 0.5906 0.6471
2N6W 717 2.842 0.5856 0.6507
2N6W 718 2.889 0.5827 0.6360
2N6W 719 2.737 0.5972 0.6397
2N6W 720 2.612 0.6153 0.6581
2N6W 721 2.631 0.6144 0.6397
2N6W 722 2.834 0.5800 0.6397
2N6W 723 2.860 0.5804 0.6397
2N6W 724 2.661 0.5989 0.6544
2N6W 725 2.701 0.5879 0.6471
2N6W 726 2.768 0.5859 0.6360
2N6W 727 2.755 0.5911 0.6471
2N6W 728 2.756 0.5878 0.6471
2N6W 729 2.763 0.5804 0.6471
2N6W 730 2.812 0.5753 0.6360
2N6W 731 2.762 0.5810 0.6397
2N6W 732 2.743 0.5860 0.6507
2N6W 733 2.816 0.5767 0.6471
2N6W 734 2.718 0.5974 0.6471
2N6W 735 2.732 0.6013 0.6397
2N6W 736 2.730 0.5969 0.6507
2N6W 737 2.732 0.5960 0.6581
2N6W 738 2.669 0.6039 0.6324
2N6W 739 2.827 0.5800 0.6360
2N6W 740 2.979 0.5631 0.6287
2N6W 741 2.814 0.5770 0.6434
2N6W 742 2.612 0.6019 0.6581
2N6W 743 2.637 0.5977 0.6397
2N6W 744 2.613 0.6000 0.6434
2N6W 745 2.836 0.5729 0.6397
2N6W 746 2.891 0.5683 0.6324
2N6W 747 2.861 0.5685 0.6250
2N6W 748 2.831 0.5722 0.6360
2N6W 749 2.856 0.5725 0.6324
2N6W 750 2.884 0.5724 0.6250
2N6W 751 2.936 0.5608 0.6287
2N6W 752 2.949 0.5641 0.6213
2N6W 753 2.945 0.5604 0.6103
2N6W 754 2.924 0.5730 0.6176
2N6W 755 2.992 0.5498 0.6029
2N6W 756 2.989 0.5565 0.6176
2N6W 757 3.102 0.5479 0.5919
2N6W 758 3.125 0.5383 0.5772
2N6W 759 3.062 0.5597 0.5919
2N6W 760 3.130 0.5510 0.5882
2N6W 761 3.067 0.5534 0.5919
2N6W 762 3.183 0.5385 0.5772
2N6W 763 3.149 0.5438 0.5846
2N6W 764 3.088 0.5623 0.5919
2N6W 765 3.085 0.5577 0.5919
2N6W 766 3.168 0.5468 0.5809
2N6W 767 3.231 0.5317 0.5772
2N6W 768 3.179 0.5386 0.5956
2N6W 769 3.044 0.5664 0.6029
2N6W 770 3.161 0.5533 0.5919
2N6W 771 3.073 0.5709 0.5919
2N6W 772 3.120 0.5535 0.5772
2N6W 773 3.057 0.5686 0.5993
2N6W 774 3.204 0.5476 0.5882
2N6W 775 3.205 0.5451 0.5846
2N6W 776 3.198 0.5480 0.5919
2N6W 777 2.958 0.5804 0.6029
2N6W 778 3.007 0.5680 0.6029
2N6W 779 3.077 0.5741 0.6066
2N6W 780 3.181 0.5587 0.5882
2N6W 781 3.120 0.5658 0.5993
2N6W 782 3.052 0.5696 0.5993
2N6W 783 3.083 0.5635 0.6029
2N6W 784 3.217 0.5495 0.5919
