2L3E 1 0.000 1.0000 1.0000
2L3E 2 1.506 0.6331 0.8714
2L3E 3 1.369 0.6853 0.8857
2L3E 4 0.945 0.7724 0.9143
2L3E 5 1.290 0.6873 0.9071
2L3E 6 0.940 0.7799 0.9643
2L3E 7 1.397 0.6829 0.8714
2L3E 8 2.142 0.5506 0.7929
2L3E 9 1.694 0.6235 0.8571
2L3E 10 1.790 0.6700 0.8786
2L3E 11 1.212 0.6698 0.8786
2L3E 12 1.869 0.5325 0.7929
2L3E 13 1.670 0.5711 0.8357
2L3E 14 1.537 0.6270 0.8500
2L3E 15 1.423 0.6342 0.8500
2L3E 16 2.824 0.4824 0.7357
2L3E 17 1.467 0.6171 0.8500
2L3E 18 2.030 0.5136 0.7929
2L3E 19 1.375 0.6389 0.8643
2L3E 20 1.893 0.5856 0.8286
2L3E 21 14.263 0.0943 0.1857
2L3E 22 12.197 0.1474 0.2786
2L3E 23 10.315 0.2935 0.4357
2L3E 24 11.926 0.2773 0.3929
2L3E 25 9.842 0.1905 0.3429
2L3E 26 11.143 0.2970 0.4000
2L3E 27 8.046 0.2017 0.3643
2L3E 28 11.768 0.1817 0.3714
2L3E 29 14.943 0.2442 0.3500
2L3E 30 7.389 0.2738 0.4429
2L3E 31 10.652 0.2321 0.3714
2L3E 32 15.797 0.1973 0.3429
2L3E 33 9.314 0.2884 0.4143
2L3E 34 7.745 0.2411 0.4357
2L3E 35 4.790 0.3273 0.5643
2L3E 36 10.759 0.2754 0.3857
2L3E 37 10.124 0.2567 0.3714
2L3E 38 7.140 0.2871 0.4714
2L3E 39 12.703 0.2639 0.4214
2L3E 40 12.391 0.2789 0.4357
2L3E 41 8.017 0.2108 0.3714
2L3E 42 10.146 0.2908 0.4286
2L3E 43 11.119 0.2564 0.4286
2L3E 44 12.158 0.1990 0.3286
2L3E 45 10.224 0.3049 0.4357
2L3E 46 10.734 0.2642 0.4000
2L3E 47 12.398 0.2719 0.3786
2L3E 48 12.236 0.2938 0.4071
2L3E 49 9.718 0.2264 0.3786
2L3E 50 11.023 0.2927 0.4214
2L3E 51 12.671 0.2390 0.3643
2L3E 52 9.645 0.2257 0.3571
2L3E 53 10.665 0.3026 0.4286
2L3E 54 11.576 0.3076 0.4429
2L3E 55 9.080 0.3040 0.4643
2L3E 56 15.772 0.1767 0.3357
2L3E 57 12.549 0.2030 0.3286
2L3E 58 8.211 0.2749 0.4429
2L3E 59 6.363 0.2611 0.4571
2L3E 60 9.226 0.3045 0.4500
2L3E 61 16.236 0.1352 0.1929
2L3E 62 12.958 0.1122 0.2000
2L3E 63 9.388 0.2221 0.3786
2L3E 64 12.550 0.3219 0.4929
2L3E 65 12.516 0.1413 0.2643
2L3E 66 10.813 0.2912 0.4357
2L3E 67 13.236 0.1388 0.2571
2L3E 68 9.430 0.2169 0.3643
2L3E 69 11.268 0.1759 0.2857
2L3E 70 13.551 0.2316 0.3429
2L3E 71 8.978 0.2460 0.4000
2L3E 72 11.117 0.2307 0.3357
2L3E 73 10.756 0.3151 0.4500
2L3E 74 16.606 0.1749 0.2714
2L3E 75 12.018 0.1581 0.3071
2L3E 76 11.483 0.3144 0.4357
2L3E 77 15.396 0.3316 0.4714
2L3E 78 12.094 0.2573 0.3571
2L3E 79 12.899 0.1985 0.3500
2L3E 80 12.566 0.2441 0.3571
2L3E 81 12.946 0.2350 0.3714
2L3E 82 14.729 0.2824 0.4143
2L3E 83 13.219 0.2695 0.3786
2L3E 84 13.399 0.3033 0.4429
2L3E 85 12.973 0.3240 0.4500
2L3E 86 9.823 0.2555 0.3786
2L3E 87 13.060 0.2448 0.3857
2L3E 88 10.577 0.3286 0.4786
2L3E 89 15.257 0.3277 0.4714
2L3E 90 9.332 0.2451 0.4143
2L3E 91 16.498 0.2659 0.3929
2L3E 92 11.661 0.2328 0.3929
2L3E 93 9.928 0.2931 0.4143
2L3E 94 11.583 0.2947 0.4286
2L3E 95 11.616 0.3212 0.4571
2L3E 96 9.876 0.3327 0.4786
2L3E 97 12.204 0.3066 0.4571
2L3E 98 12.198 0.3251 0.4786
2L3E 99 13.732 0.2968 0.4429
2L3E 100 11.507 0.3225 0.4714
2L3E 101 12.505 0.2530 0.3929
2L3E 102 10.034 0.2325 0.3429
2L3E 103 11.206 0.2932 0.4143
2L3E 104 12.851 0.1228 0.2143
2L3E 105 12.333 0.2193 0.3714
2L3E 106 10.068 0.2476 0.3714
2L3E 107 10.731 0.2913 0.4500
2L3E 108 15.576 0.3482 0.4714
2L3E 109 13.139 0.2506 0.3714
2L3E 110 11.858 0.2736 0.4357
2L3E 111 13.051 0.2969 0.4286
2L3E 112 10.208 0.1888 0.3571
2L3E 113 12.187 0.1827 0.2571
2L3E 114 12.018 0.2310 0.3143
2L3E 115 13.751 0.2948 0.4143
2L3E 116 14.846 0.3011 0.4357
2L3E 117 15.546 0.1987 0.2786
2L3E 118 9.174 0.2785 0.4714
2L3E 119 11.783 0.1915 0.2643
2L3E 120 11.380 0.2149 0.3214
2L3E 121 14.519 0.3409 0.4786
2L3E 122 10.191 0.2750 0.4214
2L3E 123 12.347 0.2797 0.4143
2L3E 124 15.673 0.3164 0.4500
2L3E 125 12.551 0.2276 0.3714
2L3E 126 9.240 0.3279 0.5357
2L3E 127 12.890 0.2846 0.4357
2L3E 128 15.641 0.2734 0.4143
2L3E 129 10.950 0.2976 0.4429
2L3E 130 13.744 0.2940 0.4571
2L3E 131 11.287 0.2331 0.3643
2L3E 132 11.507 0.3119 0.4286
2L3E 133 11.589 0.3227 0.4643
2L3E 134 14.704 0.3320 0.4571
2L3E 135 9.416 0.2893 0.4357
2L3E 136 9.046 0.2844 0.4286
2L3E 137 11.315 0.2773 0.4214
2L3E 138 13.465 0.2913 0.4357
2L3E 139 12.433 0.3107 0.4429
2L3E 140 10.415 0.2840 0.4429
2L3E 141 9.745 0.3629 0.5071
2L3E 142 11.507 0.2241 0.3214
2L3E 143 12.589 0.1456 0.2643
2L3E 144 12.673 0.1718 0.2929
2L3E 145 12.005 0.2589 0.4143
2L3E 146 12.090 0.2438 0.3571
2L3E 147 14.160 0.2690 0.3857
2L3E 148 14.411 0.2746 0.3857
2L3E 149 12.495 0.2976 0.3857
2L3E 150 11.626 0.2437 0.3786
2L3E 151 10.899 0.3097 0.4500
2L3E 152 12.573 0.3198 0.4500
2L3E 153 10.486 0.2068 0.3357
2L3E 154 12.325 0.2160 0.3000
2L3E 155 9.302 0.3359 0.4643
2L3E 156 7.596 0.2984 0.4714
2L3E 157 10.609 0.1924 0.3071
2L3E 158 16.499 0.2346 0.3429
2L3E 159 10.030 0.3080 0.4500
2L3E 160 15.104 0.2932 0.4429
2L3E 161 14.630 0.2478 0.3643
2L3E 162 10.219 0.3072 0.4500
2L3E 163 9.930 0.2211 0.3857
2L3E 164 10.310 0.2561 0.4000
2L3E 165 12.213 0.2816 0.4357
2L3E 166 13.861 0.2440 0.4071
2L3E 167 13.188 0.3046 0.4571
2L3E 168 10.741 0.2922 0.4143
2L3E 169 14.050 0.2801 0.4071
2L3E 170 15.275 0.2457 0.4143
2L3E 171 12.682 0.2784 0.4286
2L3E 172 13.509 0.2503 0.3929
2L3E 173 12.330 0.2308 0.3643
2L3E 174 9.003 0.2971 0.4214
2L3E 175 13.198 0.2981 0.4429
2L3E 176 10.453 0.2909 0.4357
2L3E 177 11.632 0.2957 0.4214
2L3E 178 17.062 0.3192 0.4571
2L3E 179 12.040 0.3285 0.4643
2L3E 180 10.707 0.2749 0.4786
2L3E 181 13.361 0.1166 0.2286
2L3E 182 13.998 0.3176 0.4357
2L3E 183 10.220 0.2225 0.3786
2L3E 184 13.923 0.2420 0.3786
2L3E 185 10.776 0.2517 0.3929
2L3E 186 10.349 0.1516 0.2286
2L3E 187 10.435 0.1898 0.3000
2L3E 188 12.833 0.2751 0.4286
2L3E 189 10.767 0.2904 0.4500
2L3E 190 12.871 0.3251 0.4429
2L3E 191 12.431 0.2934 0.4214
2L3E 192 13.336 0.1457 0.2429
2L3E 193 16.227 0.2066 0.3214
2L3E 194 12.773 0.3150 0.4429
2L3E 195 12.425 0.2482 0.3429
2L3E 196 10.447 0.2794 0.4357
2L3E 197 13.181 0.2531 0.4071
2L3E 198 14.536 0.1674 0.2714
2L3E 199 9.741 0.2621 0.4429
2L3E 200 13.400 0.2159 0.4000
2L3E 201 12.184 0.2864 0.4071
2L3E 202 12.370 0.1914 0.3071
2L3E 203 12.085 0.2375 0.4000
2L3E 204 11.991 0.1819 0.3500
2L3E 205 14.427 0.3160 0.4643
2L3E 206 14.456 0.1680 0.2571
2L3E 207 13.968 0.3113 0.4429
2L3E 208 14.129 0.3079 0.4429
2L3E 209 13.324 0.3113 0.4500
2L3E 210 12.476 0.2669 0.4071
2L3E 211 15.714 0.2868 0.4286
2L3E 212 14.928 0.2569 0.3714
2L3E 213 14.275 0.3407 0.4786
2L3E 214 13.587 0.2411 0.4000
2L3E 215 14.056 0.3100 0.4500
2L3E 216 14.908 0.2846 0.4357
2L3E 217 14.781 0.2852 0.4286
2L3E 218 14.908 0.2813 0.4429
2L3E 219 12.785 0.2525 0.4000
2L3E 220 10.779 0.2982 0.4500
2L3E 221 14.806 0.1223 0.2214
2L3E 222 15.873 0.1828 0.3071
2L3E 223 11.244 0.1596 0.2429
2L3E 224 12.746 0.2280 0.3500
2L3E 225 14.182 0.2461 0.3929
2L3E 226 13.585 0.1281 0.2786
2L3E 227 10.473 0.3203 0.4286
2L3E 228 15.255 0.1242 0.2000
2L3E 229 11.434 0.2069 0.2857
2L3E 230 12.081 0.2179 0.3000
2L3E 231 13.884 0.1643 0.2857
2L3E 232 8.356 0.2676 0.4357
2L3E 233 13.823 0.2623 0.3857
2L3E 234 9.801 0.2973 0.4643
2L3E 235 10.444 0.2056 0.3143
2L3E 236 12.881 0.1705 0.2714
2L3E 237 15.021 0.3491 0.4857
2L3E 238 10.934 0.2462 0.3214
2L3E 239 14.869 0.2921 0.4357
2L3E 240 12.223 0.2984 0.4643
2L3E 241 12.652 0.2652 0.3857
2L3E 242 10.923 0.2209 0.3929
2L3E 243 13.116 0.3096 0.4286
2L3E 244 14.244 0.2918 0.4357
2L3E 245 13.381 0.2807 0.3786
2L3E 246 10.342 0.2864 0.4286
2L3E 247 14.259 0.1980 0.2857
2L3E 248 10.761 0.3204 0.4571
2L3E 249 12.352 0.2855 0.4500
2L3E 250 15.110 0.2708 0.4071
2L3E 251 11.961 0.2952 0.4357
2L3E 252 13.526 0.3050 0.4500
2L3E 253 10.996 0.3188 0.4500
2L3E 254 14.515 0.3017 0.4357
2L3E 255 11.341 0.3392 0.4643
2L3E 256 10.601 0.1923 0.3071
2L3E 257 14.586 0.3064 0.4429
2L3E 258 12.129 0.3174 0.4643
2L3E 259 14.113 0.2936 0.4357
2L3E 260 14.250 0.3424 0.4714
2L3E 261 12.038 0.1114 0.2286
2L3E 262 11.617 0.2623 0.3714
2L3E 263 15.691 0.1823 0.3000
2L3E 264 13.502 0.1973 0.3643
2L3E 265 14.524 0.1328 0.2500
2L3E 266 13.061 0.1187 0.2357
2L3E 267 11.462 0.2911 0.4071
2L3E 268 9.914 0.2542 0.4071
2L3E 269 12.073 0.2173 0.3500
2L3E 270 10.106 0.2433 0.4000
2L3E 271 13.462 0.2202 0.3429
2L3E 272 12.274 0.2870 0.4071
2L3E 273 13.319 0.2061 0.3286
2L3E 274 14.748 0.2866 0.4429
2L3E 275 7.983 0.2544 0.3857
2L3E 276 10.564 0.3198 0.4571
2L3E 277 10.910 0.2264 0.3714
2L3E 278 13.287 0.1407 0.2786
2L3E 279 15.063 0.2929 0.4286
2L3E 280 13.225 0.3049 0.4429
2L3E 281 13.127 0.2597 0.3500
2L3E 282 13.270 0.2987 0.4429
2L3E 283 13.469 0.2549 0.3429
2L3E 284 12.379 0.2855 0.4214
2L3E 285 9.050 0.3187 0.4929
2L3E 286 9.994 0.2985 0.4286
2L3E 287 10.386 0.2774 0.4214
2L3E 288 12.207 0.2519 0.3857
2L3E 289 12.869 0.2075 0.3429
2L3E 290 14.802 0.1364 0.2857
2L3E 291 13.365 0.2793 0.4071
2L3E 292 8.191 0.2997 0.4714
2L3E 293 10.071 0.3025 0.4500
2L3E 294 9.276 0.2129 0.3643
2L3E 295 11.465 0.1999 0.3214
2L3E 296 9.253 0.3323 0.5000
2L3E 297 9.692 0.2718 0.3929
2L3E 298 11.252 0.3077 0.4357
2L3E 299 14.640 0.3181 0.4643
2L3E 300 12.524 0.2782 0.4286
2L3E 301 11.992 0.1554 0.3000
2L3E 302 12.707 0.2455 0.3214
2L3E 303 15.210 0.1903 0.2500
2L3E 304 11.500 0.1563 0.3000
2L3E 305 9.560 0.2843 0.4500
2L3E 306 10.603 0.2961 0.4429
2L3E 307 8.846 0.2490 0.4143
2L3E 308 11.003 0.2899 0.4071
2L3E 309 12.409 0.2871 0.4071
2L3E 310 9.227 0.2201 0.3857
2L3E 311 14.742 0.2328 0.3714
2L3E 312 12.299 0.1291 0.2643
2L3E 313 12.307 0.1571 0.2286
2L3E 314 14.763 0.3083 0.4571
2L3E 315 13.342 0.2957 0.4286
2L3E 316 11.030 0.2512 0.3500
2L3E 317 13.489 0.1693 0.2571
2L3E 318 13.906 0.2907 0.3929
2L3E 319 15.307 0.2791 0.3786
2L3E 320 9.794 0.3015 0.4500
2L3E 321 7.286 0.2684 0.4714
2L3E 322 12.660 0.2114 0.3071
2L3E 323 9.958 0.2768 0.4214
2L3E 324 12.575 0.1744 0.2714
2L3E 325 12.249 0.2527 0.3786
2L3E 326 11.715 0.2894 0.4429
2L3E 327 11.253 0.2963 0.4286
2L3E 328 13.586 0.3044 0.4500
2L3E 329 14.058 0.1852 0.2571
2L3E 330 12.372 0.2829 0.4214
2L3E 331 11.820 0.3115 0.4857
2L3E 332 10.072 0.2516 0.4286
2L3E 333 12.036 0.2301 0.3286
2L3E 334 14.921 0.3170 0.4500
2L3E 335 14.012 0.1330 0.2286
2L3E 336 15.050 0.3093 0.4500
2L3E 337 15.720 0.3057 0.4429
2L3E 338 13.604 0.2884 0.4429
2L3E 339 11.857 0.2959 0.4286
2L3E 340 13.623 0.3086 0.4429
2L3E 341 13.427 0.1028 0.2000
2L3E 342 12.144 0.1012 0.2000
2L3E 343 12.876 0.1252 0.2143
2L3E 344 11.919 0.2192 0.3786
2L3E 345 8.937 0.2153 0.3643
2L3E 346 9.420 0.2604 0.3714
2L3E 347 10.519 0.1268 0.2214
2L3E 348 13.479 0.2263 0.3429
2L3E 349 7.555 0.2066 0.3929
2L3E 350 9.713 0.2325 0.3571
2L3E 351 11.531 0.2806 0.4286
2L3E 352 12.633 0.2622 0.4000
2L3E 353 14.043 0.1879 0.3143
2L3E 354 6.879 0.3140 0.5000
2L3E 355 7.673 0.2988 0.4500
2L3E 356 10.655 0.3105 0.4357
2L3E 357 14.800 0.1793 0.3071
2L3E 358 7.820 0.2947 0.4286
2L3E 359 10.404 0.2280 0.3643
2L3E 360 9.775 0.2397 0.3857
2L3E 361 12.389 0.2430 0.3500
2L3E 362 9.327 0.3135 0.4429
2L3E 363 10.402 0.2217 0.3786
2L3E 364 9.701 0.3091 0.4429
2L3E 365 11.785 0.2659 0.3929
2L3E 366 9.836 0.3034 0.4214
2L3E 367 10.654 0.3124 0.4357
2L3E 368 16.704 0.2387 0.3929
2L3E 369 13.122 0.2861 0.4286
2L3E 370 10.680 0.2057 0.3500
2L3E 371 7.653 0.2730 0.4357
2L3E 372 9.864 0.2332 0.4071
2L3E 373 8.587 0.2895 0.4214
2L3E 374 10.159 0.2440 0.3929
2L3E 375 5.641 0.2995 0.5286
2L3E 376 8.573 0.3013 0.4571
2L3E 377 13.132 0.2660 0.4071
2L3E 378 7.975 0.3270 0.4714
2L3E 379 5.530 0.3302 0.5500
2L3E 380 11.601 0.2557 0.3571
2L3E 381 14.310 0.1955 0.2929
2L3E 382 7.524 0.2876 0.4929
2L3E 383 14.556 0.2670 0.3286
2L3E 384 7.677 0.3038 0.4929
2L3E 385 11.569 0.1276 0.2500
2L3E 386 13.106 0.2861 0.4429
2L3E 387 12.411 0.1442 0.2500
2L3E 388 10.615 0.1995 0.3500
2L3E 389 10.335 0.3065 0.4500
2L3E 390 7.770 0.3308 0.5500
2L3E 391 11.308 0.3049 0.4143
2L3E 392 11.319 0.2054 0.3500
2L3E 393 10.341 0.2666 0.4429
2L3E 394 15.324 0.2620 0.3786
2L3E 395 14.524 0.2459 0.3857
2L3E 396 9.835 0.2509 0.4000
2L3E 397 12.670 0.1874 0.3071
2L3E 398 13.614 0.1356 0.2643
2L3E 399 13.388 0.2591 0.3857
2L3E 400 12.513 0.2318 0.3857
2L3E 401 10.874 0.2808 0.4143
2L3E 402 9.740 0.2447 0.4500
2L3E 403 11.131 0.2904 0.4571
2L3E 404 12.077 0.3216 0.4500
2L3E 405 8.745 0.2542 0.4000
2L3E 406 7.329 0.2728 0.4429
2L3E 407 14.234 0.1976 0.3143
2L3E 408 6.970 0.3102 0.4929
2L3E 409 12.757 0.3621 0.4786
2L3E 410 13.487 0.2606 0.4143
2L3E 411 10.915 0.3064 0.4357
2L3E 412 10.579 0.2907 0.4286
2L3E 413 7.326 0.3201 0.4714
2L3E 414 8.470 0.3270 0.4714
2L3E 415 8.714 0.3033 0.4429
2L3E 416 10.654 0.2046 0.3429
2L3E 417 6.266 0.3203 0.5429
2L3E 418 7.216 0.3405 0.4786
2L3E 419 7.829 0.3352 0.4643
2L3E 420 7.412 0.2537 0.4143
2L3E 421 2.031 0.5121 0.7643
2L3E 422 2.355 0.4223 0.7286
2L3E 423 2.316 0.4532 0.7286
2L3E 424 2.287 0.4500 0.7357
2L3E 425 2.228 0.4487 0.7357
2L3E 426 2.234 0.4536 0.7500
2L3E 427 2.226 0.4693 0.7357
2L3E 428 2.226 0.4597 0.7357
2L3E 429 2.207 0.4653 0.7429
2L3E 430 2.212 0.4615 0.7357
2L3E 431 2.202 0.4697 0.7500
2L3E 432 2.210 0.4675 0.7429
2L3E 433 2.203 0.4679 0.7357
2L3E 434 2.196 0.4718 0.7429
2L3E 435 2.212 0.4649 0.7357
2L3E 436 2.200 0.4677 0.7500
2L3E 437 2.203 0.4692 0.7357
2L3E 438 2.213 0.4660 0.7357
2L3E 439 2.198 0.4688 0.7429
2L3E 440 2.203 0.4675 0.7357
2L3E 441 2.196 0.4706 0.7500
2L3E 442 2.209 0.4680 0.7286
2L3E 443 2.213 0.4650 0.7429
2L3E 444 2.197 0.4715 0.7357
2L3E 445 2.211 0.4651 0.7286
2L3E 446 2.206 0.4655 0.7429
2L3E 447 2.211 0.4655 0.7357
2L3E 448 2.214 0.4651 0.7357
2L3E 449 2.201 0.4667 0.7357
2L3E 450 2.228 0.4609 0.7357
2L3E 451 2.205 0.4690 0.7357
2L3E 452 2.199 0.4673 0.7357
2L3E 453 2.216 0.4640 0.7286
2L3E 454 2.224 0.4663 0.7429
2L3E 455 2.207 0.4663 0.7357
2L3E 456 2.194 0.4717 0.7357
2L3E 457 2.209 0.4630 0.7357
2L3E 458 2.179 0.4708 0.7500
2L3E 459 2.216 0.4631 0.7286
2L3E 460 2.202 0.4646 0.7357
2L3E 461 2.192 0.4668 0.7500
2L3E 462 2.163 0.4701 0.7429
2L3E 463 2.215 0.4613 0.7429
2L3E 464 2.226 0.4578 0.7357
2L3E 465 2.224 0.4662 0.7357
2L3E 466 2.213 0.4680 0.7357
2L3E 467 2.212 0.4688 0.7286
2L3E 468 2.214 0.4658 0.7357
2L3E 469 2.242 0.4588 0.7286
2L3E 470 2.247 0.4500 0.7214
2L3E 471 2.242 0.4569 0.7286
2L3E 472 2.230 0.4581 0.7500
2L3E 473 2.262 0.4524 0.7214
2L3E 474 2.245 0.4550 0.7214
2L3E 475 2.248 0.4505 0.7357
2L3E 476 2.254 0.4603 0.7357
2L3E 477 2.239 0.4572 0.7357
2L3E 478 2.266 0.4528 0.7429
2L3E 479 2.207 0.4614 0.7571
2L3E 480 2.250 0.4591 0.7214
2L3E 481 2.237 0.4582 0.7286
2L3E 482 2.251 0.4559 0.7286
2L3E 483 2.215 0.4637 0.7286
2L3E 484 2.194 0.4629 0.7286
2L3E 485 2.251 0.4654 0.7286
2L3E 486 2.250 0.4530 0.7214
2L3E 487 2.225 0.4681 0.7286
2L3E 488 2.237 0.4698 0.7357
2L3E 489 2.224 0.4556 0.7357
2L3E 490 2.227 0.4546 0.7429
2L3E 491 2.230 0.4549 0.7286
2L3E 492 2.246 0.4708 0.7286
2L3E 493 2.252 0.4615 0.7286
2L3E 494 2.254 0.4579 0.7286
2L3E 495 2.275 0.4546 0.7214
2L3E 496 2.274 0.4558 0.7286
2L3E 497 2.214 0.4757 0.7357
2L3E 498 2.212 0.4778 0.7286
2L3E 499 2.232 0.4724 0.7286
2L3E 500 2.268 0.4520 0.7214
2L3E 501 2.211 0.4667 0.7357
2L3E 502 2.238 0.4595 0.7357
2L3E 503 2.196 0.4729 0.7286
2L3E 504 2.267 0.4582 0.7286
2L3E 505 2.242 0.4654 0.7357
2L3E 506 2.187 0.4664 0.7357
2L3E 507 2.257 0.4642 0.7429
2L3E 508 2.264 0.4576 0.7286
2L3E 509 2.238 0.4681 0.7429
2L3E 510 2.151 0.4834 0.7357
2L3E 511 2.233 0.4617 0.7429
2L3E 512 2.191 0.4733 0.7429
2L3E 513 2.205 0.4759 0.7429
2L3E 514 2.187 0.4804 0.7286
2L3E 515 2.275 0.4473 0.7286
2L3E 516 2.240 0.4611 0.7286
2L3E 517 2.231 0.4661 0.7286
2L3E 518 2.269 0.4560 0.7429
2L3E 519 2.245 0.4658 0.7286
2L3E 520 2.233 0.4609 0.7357
2L3E 521 2.272 0.4491 0.7429
2L3E 522 2.226 0.4693 0.7286
2L3E 523 2.244 0.4634 0.7357
2L3E 524 2.206 0.4713 0.7286
2L3E 525 2.209 0.4749 0.7357
2L3E 526 2.234 0.4669 0.7357
2L3E 527 2.270 0.4529 0.7429
2L3E 528 2.195 0.4742 0.7214
2L3E 529 2.243 0.4597 0.7286
2L3E 530 2.259 0.4644 0.7357
2L3E 531 2.187 0.4820 0.7429
2L3E 532 2.194 0.4701 0.7429
2L3E 533 2.227 0.4611 0.7286
2L3E 534 2.265 0.4581 0.7429
2L3E 535 2.228 0.4620 0.7214
2L3E 536 2.262 0.4531 0.7286
2L3E 537 2.260 0.4515 0.7286
2L3E 538 2.188 0.4684 0.7357
2L3E 539 2.218 0.4677 0.7429
2L3E 540 2.240 0.4645 0.7214
2L3E 541 2.270 0.4574 0.7357
2L3E 542 2.212 0.4640 0.7286
2L3E 543 2.213 0.4735 0.7286
2L3E 544 2.273 0.4517 0.7571
2L3E 545 2.237 0.4591 0.7429
2L3E 546 2.249 0.4704 0.7286
2L3E 547 2.230 0.4642 0.7286
2L3E 548 2.184 0.4836 0.7429
2L3E 549 2.211 0.4586 0.7357
2L3E 550 2.266 0.4522 0.7214
2L3E 551 2.270 0.4589 0.7286
2L3E 552 2.209 0.4698 0.7286
2L3E 553 2.235 0.4611 0.7143
2L3E 554 2.268 0.4587 0.7214
2L3E 555 2.261 0.4580 0.7286
2L3E 556 2.177 0.4737 0.7429
2L3E 557 2.194 0.4588 0.7357
2L3E 558 2.196 0.4661 0.7214
2L3E 559 2.160 0.4787 0.7357
2L3E 560 2.205 0.4628 0.7214
2L3E 561 2.203 0.4672 0.7429
2L3E 562 2.172 0.4627 0.7143
2L3E 563 2.256 0.4618 0.7214
2L3E 564 2.253 0.4638 0.7143
2L3E 565 2.212 0.4640 0.7071
2L3E 566 2.280 0.4434 0.7214
2L3E 567 2.221 0.4511 0.7214
2L3E 568 2.234 0.4539 0.7214
2L3E 569 2.265 0.4399 0.7286
2L3E 570 2.373 0.4220 0.7000
2L3E 571 2.284 0.4467 0.7143
2L3E 572 2.236 0.4549 0.7214
2L3E 573 2.389 0.4239 0.7071
2L3E 574 2.385 0.4165 0.7000
2L3E 575 2.337 0.4309 0.7214
2L3E 576 2.240 0.4492 0.7286
2L3E 577 2.434 0.4102 0.7143
2L3E 578 2.403 0.4073 0.7000
2L3E 579 2.346 0.4220 0.7071
2L3E 580 2.469 0.4050 0.7071
2L3E 581 2.424 0.4197 0.7143
2L3E 582 2.415 0.4056 0.7000
2L3E 583 2.402 0.4029 0.6857
2L3E 584 2.460 0.4105 0.7071
2L3E 585 2.421 0.4121 0.7000
2L3E 586 2.483 0.3868 0.6929
2L3E 587 2.455 0.3901 0.7000
2L3E 588 2.439 0.3940 0.6929
2L3E 589 2.419 0.4064 0.7143
2L3E 590 2.482 0.3891 0.6929
2L3E 591 2.379 0.4114 0.7143
2L3E 592 2.464 0.3880 0.7000
2L3E 593 2.464 0.3916 0.7000
2L3E 594 2.409 0.4124 0.7071
2L3E 595 2.429 0.4081 0.7000
2L3E 596 2.463 0.3898 0.6929
2L3E 597 2.414 0.3970 0.7071
2L3E 598 2.434 0.4064 0.7000
2L3E 599 2.487 0.4028 0.7000
2L3E 600 2.491 0.3849 0.6857
2L3E 601 2.424 0.4206 0.7000
2L3E 602 2.426 0.4038 0.7000
2L3E 603 2.467 0.3993 0.7000
2L3E 604 2.456 0.4019 0.7000
2L3E 605 2.416 0.4112 0.7000
2L3E 606 2.458 0.4045 0.6857
2L3E 607 2.573 0.3808 0.7000
2L3E 608 2.477 0.4085 0.7143
2L3E 609 2.462 0.3997 0.7071
2L3E 610 2.421 0.4162 0.7143
2L3E 611 2.454 0.4042 0.6929
2L3E 612 2.410 0.4214 0.7143
2L3E 613 2.475 0.4036 0.7214
2L3E 614 2.430 0.4145 0.7071
2L3E 615 2.428 0.4047 0.6929
2L3E 616 2.486 0.4069 0.6929
2L3E 617 2.382 0.4310 0.7143
2L3E 618 2.419 0.4170 0.7143
2L3E 619 2.550 0.3901 0.6857
2L3E 620 2.476 0.4176 0.7000
2L3E 621 2.515 0.4102 0.7000
2L3E 622 2.407 0.4297 0.7143
2L3E 623 2.470 0.4139 0.7071
2L3E 624 2.469 0.4114 0.6929
2L3E 625 2.531 0.4008 0.6929
2L3E 626 2.424 0.4256 0.7071
2L3E 627 2.411 0.4277 0.7071
2L3E 628 2.448 0.4172 0.7071
2L3E 629 2.427 0.4182 0.7071
2L3E 630 2.451 0.4169 0.7071
2L3E 631 2.471 0.4171 0.7071
2L3E 632 2.491 0.4118 0.7000
2L3E 633 2.537 0.4115 0.7000
2L3E 634 2.387 0.4264 0.7214
2L3E 635 2.453 0.4166 0.7143
2L3E 636 2.462 0.4173 0.7143
2L3E 637 2.459 0.4245 0.7143
2L3E 638 2.514 0.4202 0.7143
2L3E 639 2.420 0.4071 0.7000
2L3E 640 2.473 0.4168 0.7071
2L3E 641 2.332 0.4309 0.7071
2L3E 642 2.461 0.4218 0.7000
2L3E 643 2.373 0.4399 0.7214
2L3E 644 2.471 0.4140 0.7071
2L3E 645 2.419 0.4163 0.7000
2L3E 646 2.465 0.4163 0.7143
2L3E 647 2.422 0.4317 0.7071
2L3E 648 2.460 0.4233 0.7071
2L3E 649 2.404 0.4366 0.7071
2L3E 650 2.431 0.4197 0.6929
2L3E 651 2.350 0.4483 0.7143
2L3E 652 2.493 0.4150 0.6929
2L3E 653 2.458 0.4238 0.7000
2L3E 654 2.469 0.4208 0.7071
2L3E 655 2.433 0.4232 0.7000
2L3E 656 2.345 0.4506 0.7143
2L3E 657 2.538 0.4162 0.7000
2L3E 658 2.455 0.4233 0.6857
2L3E 659 2.400 0.4270 0.7143
2L3E 660 2.377 0.4391 0.7071
2L3E 661 2.525 0.4067 0.7000
2L3E 662 2.413 0.4274 0.7143
2L3E 663 2.395 0.4309 0.7000
2L3E 664 2.413 0.4302 0.7143
2L3E 665 2.500 0.4148 0.6929
2L3E 666 2.343 0.4350 0.7071
2L3E 667 2.554 0.4069 0.7000
2L3E 668 2.482 0.4281 0.7214
2L3E 669 2.496 0.4202 0.6929
2L3E 670 2.480 0.4304 0.7071
2L3E 671 2.524 0.4158 0.6929
2L3E 672 2.611 0.4157 0.6929
2L3E 673 2.585 0.3988 0.6929
2L3E 674 2.596 0.4154 0.7000
2L3E 675 2.610 0.4119 0.6929
2L3E 676 2.633 0.3998 0.6929
2L3E 677 2.555 0.4145 0.6929
2L3E 678 2.540 0.4101 0.6857
2L3E 679 2.549 0.4120 0.6929
2L3E 680 2.530 0.3940 0.6929
2L3E 681 2.606 0.4120 0.6929
2L3E 682 2.506 0.4349 0.6929
2L3E 683 2.568 0.4112 0.6929
2L3E 684 2.489 0.4272 0.7214
2L3E 685 2.682 0.3816 0.6857
2L3E 686 2.510 0.4248 0.6929
2L3E 687 2.576 0.4071 0.6929
2L3E 688 2.546 0.4087 0.7000
2L3E 689 2.552 0.4139 0.7000
2L3E 690 2.616 0.4002 0.6929
2L3E 691 2.515 0.4181 0.7000
2L3E 692 2.555 0.4084 0.7000
2L3E 693 2.593 0.3961 0.6857
2L3E 694 2.465 0.4427 0.7143
2L3E 695 2.603 0.3974 0.7000
2L3E 696 2.514 0.4255 0.6929
2L3E 697 2.502 0.4230 0.6929
2L3E 698 2.601 0.4173 0.6786
2L3E 699 2.480 0.4484 0.7143
2L3E 700 2.538 0.4265 0.7143
2L3E 701 2.498 0.4295 0.7000
2L3E 702 2.418 0.4426 0.7000
2L3E 703 2.356 0.4414 0.7071
2L3E 704 2.427 0.4246 0.6929
2L3E 705 2.586 0.3926 0.6786
2L3E 706 2.411 0.4453 0.7214
2L3E 707 2.522 0.4251 0.7071
2L3E 708 2.498 0.4271 0.6929
2L3E 709 2.429 0.4500 0.7071
2L3E 710 2.532 0.4134 0.7000
2L3E 711 2.367 0.4557 0.7143
2L3E 712 2.542 0.4196 0.7000
2L3E 713 2.419 0.4383 0.7071
2L3E 714 2.356 0.4388 0.6929
2L3E 715 2.538 0.3913 0.6857
2L3E 716 2.376 0.4403 0.7143
2L3E 717 2.482 0.4092 0.6857
2L3E 718 2.552 0.4075 0.6786
2L3E 719 2.522 0.4293 0.7000
2L3E 720 2.430 0.4468 0.7071
2L3E 721 2.526 0.4137 0.6857
2L3E 722 2.473 0.4081 0.6786
2L3E 723 2.438 0.4348 0.7214
2L3E 724 2.549 0.4252 0.7000
2L3E 725 2.464 0.4265 0.7071
2L3E 726 2.392 0.4388 0.7143
2L3E 727 2.477 0.4128 0.6929
2L3E 728 2.428 0.4240 0.7143
2L3E 729 2.503 0.4467 0.7143
2L3E 730 2.523 0.4286 0.6857
2L3E 731 2.466 0.4387 0.7071
2L3E 732 2.477 0.4265 0.6929
2L3E 733 2.449 0.4267 0.7000
2L3E 734 2.545 0.3975 0.6857
2L3E 735 2.488 0.4027 0.6929
2L3E 736 2.496 0.4030 0.6929
2L3E 737 2.461 0.4277 0.7000
2L3E 738 2.474 0.4516 0.7214
2L3E 739 2.461 0.4280 0.6929
2L3E 740 2.527 0.4028 0.6857
2L3E 741 2.559 0.4117 0.6857
2L3E 742 2.498 0.4172 0.6929
2L3E 743 2.545 0.4067 0.6929
2L3E 744 2.599 0.3919 0.6786
2L3E 745 2.515 0.4161 0.6929
2L3E 746 2.517 0.4180 0.7071
2L3E 747 2.477 0.4310 0.7071
2L3E 748 2.646 0.4220 0.6929
2L3E 749 2.599 0.4141 0.6929
2L3E 750 2.417 0.4571 0.7143
2L3E 751 2.488 0.4496 0.7286
2L3E 752 2.586 0.4200 0.6929
2L3E 753 2.683 0.4224 0.7000
2L3E 754 2.664 0.4213 0.6929
2L3E 755 2.658 0.4261 0.7000
2L3E 756 2.706 0.4136 0.6929
2L3E 757 2.755 0.3948 0.6714
2L3E 758 2.699 0.4071 0.6929
2L3E 759 2.626 0.4362 0.6929
2L3E 760 2.729 0.4318 0.7000
2L3E 761 2.622 0.4211 0.6857
2L3E 762 2.762 0.4143 0.6857
2L3E 763 2.701 0.4152 0.7000
2L3E 764 2.692 0.3879 0.6714
2L3E 765 2.598 0.4338 0.6929
2L3E 766 2.642 0.4090 0.6786
2L3E 767 2.711 0.4103 0.6929
2L3E 768 2.673 0.4250 0.6857
2L3E 769 2.573 0.4259 0.7071
2L3E 770 2.643 0.4168 0.6786
2L3E 771 2.670 0.4284 0.6857
2L3E 772 2.722 0.4288 0.7000
2L3E 773 2.626 0.4263 0.6929
2L3E 774 2.427 0.4537 0.7071
2L3E 775 2.534 0.4408 0.7000
2L3E 776 2.728 0.3981 0.6857
2L3E 777 2.648 0.4163 0.6857
2L3E 778 2.636 0.4207 0.6929
2L3E 779 2.707 0.3992 0.6786
2L3E 780 2.574 0.3984 0.7000
2L3E 781 2.728 0.3848 0.6786
2L3E 782 2.580 0.4215 0.6929
2L3E 783 2.529 0.4195 0.6929
2L3E 784 2.784 0.3773 0.6786
2L3E 785 2.602 0.4214 0.7000
2L3E 786 2.779 0.4006 0.6857
2L3E 787 2.478 0.4479 0.7214
2L3E 788 2.557 0.4385 0.7214
2L3E 789 2.585 0.4155 0.7357
2L3E 790 2.616 0.4342 0.6929
2L3E 791 2.685 0.4108 0.7000
2L3E 792 2.436 0.4378 0.7143
2L3E 793 2.700 0.4028 0.6786
2L3E 794 2.578 0.4164 0.7000
2L3E 795 2.647 0.3987 0.7000
2L3E 796 2.518 0.4304 0.7000
2L3E 797 2.693 0.4074 0.7000
2L3E 798 2.577 0.4136 0.7000
2L3E 799 2.496 0.4318 0.7071
2L3E 800 2.638 0.4280 0.7143
2L3E 801 2.641 0.4209 0.6857
2L3E 802 2.639 0.4389 0.7071
2L3E 803 2.686 0.4328 0.7071
2L3E 804 2.649 0.4272 0.6929
2L3E 805 2.730 0.4300 0.7000
2L3E 806 2.693 0.4422 0.7071
2L3E 807 2.564 0.4466 0.7143
2L3E 808 2.642 0.4282 0.7000
2L3E 809 2.663 0.4353 0.7214
2L3E 810 2.721 0.4402 0.7071
2L3E 811 2.736 0.4328 0.7071
2L3E 812 2.586 0.4569 0.7143
2L3E 813 2.594 0.4419 0.7357
2L3E 814 2.598 0.4438 0.7143
2L3E 815 2.688 0.4209 0.6929
2L3E 816 2.607 0.4043 0.6857
2L3E 817 2.561 0.4118 0.6929
2L3E 818 2.618 0.3833 0.6857
2L3E 819 2.622 0.3946 0.6857
2L3E 820 2.620 0.3950 0.6714
2L3E 821 2.628 0.4082 0.6929
2L3E 822 2.734 0.3800 0.6714
2L3E 823 2.575 0.4040 0.7000
2L3E 824 2.675 0.4297 0.6857
2L3E 825 2.753 0.4145 0.7000
2L3E 826 2.489 0.4366 0.6929
2L3E 827 2.504 0.4311 0.7071
2L3E 828 2.635 0.3984 0.7000
2L3E 829 2.735 0.3879 0.6786
2L3E 830 2.650 0.4038 0.6786
2L3E 831 2.619 0.4295 0.6929
2L3E 832 2.619 0.4292 0.6929
2L3E 833 2.799 0.3958 0.6929
2L3E 834 2.576 0.4013 0.6929
2L3E 835 2.582 0.4157 0.7143
2L3E 836 2.605 0.4175 0.6857
2L3E 837 2.715 0.4017 0.6786
2L3E 838 2.595 0.4235 0.6857
2L3E 839 2.707 0.4143 0.7000
2L3E 840 2.718 0.4226 0.7071
2L3E 841 2.471 0.4549 0.7143
2L3E 842 2.688 0.4160 0.6857
2L3E 843 2.655 0.4324 0.6929
2L3E 844 2.576 0.4235 0.7000
2L3E 845 2.677 0.4257 0.6929
2L3E 846 2.678 0.4080 0.6857
2L3E 847 2.675 0.4046 0.6857
2L3E 848 2.496 0.4305 0.7000
2L3E 849 2.642 0.3931 0.6857
2L3E 850 2.690 0.4162 0.7071
2L3E 851 2.679 0.4204 0.6857
2L3E 852 2.569 0.4498 0.7071
2L3E 853 2.528 0.4677 0.7143
2L3E 854 2.764 0.3994 0.6857
2L3E 855 2.648 0.4232 0.6929
2L3E 856 2.638 0.4275 0.7000
2L3E 857 2.614 0.4160 0.6929
2L3E 858 2.684 0.4036 0.6786
2L3E 859 2.697 0.4157 0.6786
2L3E 860 2.850 0.3722 0.6786
2L3E 861 2.494 0.4488 0.7000
2L3E 862 2.733 0.3857 0.6714
2L3E 863 2.668 0.4032 0.7143
2L3E 864 2.643 0.3920 0.6786
2L3E 865 2.553 0.4238 0.6929
2L3E 866 2.675 0.3979 0.6929
2L3E 867 2.643 0.4285 0.7000
2L3E 868 2.692 0.4381 0.7000
2L3E 869 2.850 0.4211 0.6929
2L3E 870 2.679 0.4347 0.7071
2L3E 871 2.592 0.4505 0.7143
2L3E 872 2.534 0.4497 0.7214
2L3E 873 2.582 0.4282 0.7000
2L3E 874 2.628 0.4170 0.7071
2L3E 875 2.525 0.4366 0.7071
2L3E 876 2.318 0.4720 0.7357
2L3E 877 2.469 0.4451 0.7214
2L3E 878 2.487 0.4496 0.7214
2L3E 879 2.426 0.5102 0.7643
2L3E 880 2.475 0.4789 0.7429
2L3E 881 2.471 0.4772 0.7214
2L3E 882 2.652 0.4529 0.7143
2L3E 883 2.500 0.4813 0.7286
2L3E 884 2.474 0.4926 0.7429
2L3E 885 2.583 0.4701 0.7357
2L3E 886 2.463 0.4996 0.7500
2L3E 887 2.573 0.4578 0.7286
2L3E 888 2.684 0.4330 0.7143
2L3E 889 2.568 0.4660 0.7357
2L3E 890 2.570 0.4355 0.7286
2L3E 891 2.639 0.4357 0.7000
2L3E 892 2.409 0.4808 0.7357
2L3E 893 2.485 0.4581 0.7286
2L3E 894 2.529 0.4400 0.6929
2L3E 895 2.363 0.4974 0.7357
2L3E 896 2.345 0.4995 0.7357
2L3E 897 2.494 0.4605 0.6929
2L3E 898 2.400 0.4770 0.7143
2L3E 899 2.384 0.4654 0.7143
2L3E 900 2.512 0.4618 0.7143
2L3E 901 2.456 0.4811 0.7214
2L3E 902 2.391 0.4876 0.7143
2L3E 903 2.530 0.4450 0.7000
2L3E 904 2.475 0.4427 0.6929
2L3E 905 2.532 0.4538 0.7000
2L3E 906 2.506 0.4530 0.7000
2L3E 907 2.295 0.5158 0.7357
2L3E 908 2.481 0.4644 0.7286
2L3E 909 2.538 0.4729 0.7143
2L3E 910 2.481 0.4315 0.6929
2L3E 911 2.605 0.4382 0.7000
2L3E 912 2.380 0.4706 0.7429
2L3E 913 2.450 0.4606 0.7286
2L3E 914 2.662 0.4236 0.6929
2L3E 915 2.541 0.4352 0.7000
2L3E 916 2.626 0.4262 0.6857
2L3E 917 2.576 0.4312 0.6857
2L3E 918 2.613 0.4187 0.6929
2L3E 919 2.655 0.4319 0.6857
2L3E 920 2.646 0.4181 0.6929
2L3E 921 2.765 0.3866 0.6714
2L3E 922 2.438 0.4693 0.7000
2L3E 923 2.596 0.4437 0.7071
2L3E 924 2.806 0.4161 0.6714
2L3E 925 2.774 0.3830 0.6500
2L3E 926 2.753 0.3900 0.6643
2L3E 927 2.890 0.3863 0.6786
2L3E 928 2.987 0.3606 0.6500
2L3E 929 2.910 0.3742 0.6714
2L3E 930 2.782 0.3525 0.6643
2L3E 931 2.849 0.3485 0.6571
2L3E 932 2.628 0.3691 0.6643
2L3E 933 2.727 0.3741 0.6643
2L3E 934 2.845 0.3669 0.6571
2L3E 935 2.841 0.3590 0.6500
2L3E 936 2.775 0.3728 0.6500
2L3E 937 2.663 0.3601 0.6786
2L3E 938 2.818 0.3703 0.6643
2L3E 939 2.762 0.3819 0.6571
2L3E 940 2.698 0.3830 0.6714
2L3E 941 2.835 0.3601 0.6571
2L3E 942 2.589 0.3818 0.6786
2L3E 943 2.692 0.3711 0.6643
2L3E 944 2.673 0.3710 0.6714
2L3E 945 2.784 0.3759 0.6714
2L3E 946 2.784 0.3743 0.6643
2L3E 947 2.741 0.3694 0.6571
2L3E 948 2.882 0.3554 0.6571
2L3E 949 2.739 0.3839 0.6857
2L3E 950 2.978 0.3718 0.6500
2L3E 951 2.784 0.3836 0.6714
2L3E 952 2.791 0.3784 0.6786
2L3E 953 2.803 0.3770 0.6714
2L3E 954 2.781 0.3786 0.6643
2L3E 955 2.715 0.3794 0.6500
2L3E 956 3.039 0.3542 0.6500
2L3E 957 2.596 0.3918 0.6786
2L3E 958 2.397 0.4349 0.7000
2L3E 959 2.532 0.4119 0.7071
2L3E 960 2.631 0.3920 0.6857
2L3E 961 2.654 0.4037 0.6857
2L3E 962 2.425 0.4231 0.7143
2L3E 963 2.495 0.4127 0.7071
2L3E 964 2.647 0.3823 0.6643
2L3E 965 2.588 0.3868 0.6643
2L3E 966 2.657 0.4164 0.6786
2L3E 967 2.724 0.3875 0.6714
2L3E 968 2.602 0.3939 0.6714
2L3E 969 2.571 0.4374 0.7000
2L3E 970 2.459 0.4335 0.6929
2L3E 971 2.531 0.4148 0.6857
2L3E 972 2.500 0.4235 0.6857
2L3E 973 2.728 0.4035 0.6929
2L3E 974 2.856 0.3724 0.6643
2L3E 975 2.593 0.4216 0.7071
2L3E 976 2.956 0.3572 0.6643
2L3E 977 2.617 0.4059 0.6929
2L3E 978 2.525 0.4085 0.6929
2L3E 979 2.809 0.3594 0.6643
2L3E 980 2.696 0.3842 0.6857
2L3E 981 3.061 0.3580 0.6571
2L3E 982 2.781 0.3796 0.6643
2L3E 983 2.569 0.3894 0.6857
2L3E 984 2.769 0.3698 0.6643
2L3E 985 2.570 0.4028 0.6786
2L3E 986 2.707 0.4020 0.6786
2L3E 987 2.996 0.3561 0.6571
2L3E 988 2.735 0.3858 0.6571
2L3E 989 2.744 0.3893 0.6786
2L3E 990 2.741 0.3659 0.6786
2L3E 991 2.844 0.3678 0.6714
2L3E 992 2.662 0.3876 0.6786
2L3E 993 2.765 0.3704 0.6571
2L3E 994 2.869 0.3635 0.6571
2L3E 995 2.969 0.3511 0.6643
2L3E 996 2.624 0.3888 0.6714
2L3E 997 2.666 0.3975 0.6857
2L3E 998 2.831 0.3419 0.6500
2L3E 999 2.824 0.3458 0.6571
2L3E 1000 2.723 0.3813 0.6786
2L3E 1001 2.912 0.3554 0.6500
2L3E 1002 2.820 0.3667 0.6643
2L3E 1003 2.967 0.3631 0.6643
2L3E 1004 2.852 0.3475 0.6643
2L3E 1005 2.679 0.3844 0.6714
2L3E 1006 2.683 0.3744 0.6786
2L3E 1007 2.712 0.3730 0.6714
2L3E 1008 2.921 0.3615 0.6571
2L3E 1009 2.639 0.3953 0.6857
2L3E 1010 2.739 0.3733 0.6643
2L3E 1011 2.619 0.3894 0.6857
2L3E 1012 2.715 0.3874 0.6857
2L3E 1013 2.716 0.3641 0.6714
2L3E 1014 2.774 0.3902 0.6714
2L3E 1015 3.041 0.3492 0.6429
2L3E 1016 2.820 0.3746 0.6643
2L3E 1017 2.705 0.3946 0.6571
2L3E 1018 2.780 0.3729 0.6571
2L3E 1019 2.981 0.3672 0.6571
2L3E 1020 2.928 0.3632 0.6643
2L3E 1021 2.950 0.3451 0.6500
2L3E 1022 2.731 0.3620 0.6643
2L3E 1023 2.942 0.3476 0.6500
2L3E 1024 2.921 0.3705 0.6357
2L3E 1025 2.836 0.3574 0.6643
2L3E 1026 2.667 0.3907 0.7000
2L3E 1027 2.782 0.3795 0.6786
2L3E 1028 2.872 0.3635 0.6643
2L3E 1029 2.643 0.4084 0.6786
2L3E 1030 2.689 0.3788 0.6857
2L3E 1031 2.698 0.3862 0.6786
2L3E 1032 2.888 0.3583 0.6429
2L3E 1033 2.770 0.3577 0.6500
2L3E 1034 2.571 0.3857 0.6929
2L3E 1035 2.422 0.4395 0.7214
2L3E 1036 2.769 0.4064 0.6786
2L3E 1037 2.579 0.4300 0.7000
2L3E 1038 2.641 0.4215 0.6929
2L3E 1039 2.711 0.4157 0.6786
2L3E 1040 2.829 0.3860 0.6714
2L3E 1041 2.612 0.4324 0.7071
2L3E 1042 2.642 0.4494 0.7000
2L3E 1043 2.633 0.4399 0.6929
2L3E 1044 2.663 0.4030 0.6786
2L3E 1045 2.761 0.3697 0.6714
2L3E 1046 2.787 0.3709 0.6500
2L3E 1047 2.864 0.3654 0.6714
2L3E 1048 2.750 0.3723 0.6643
2L3E 1049 2.735 0.3554 0.6571
2L3E 1050 2.835 0.3764 0.6643
2L3E 1051 2.715 0.4000 0.6857
2L3E 1052 2.610 0.4146 0.7000
2L3E 1053 2.693 0.3869 0.6929
2L3E 1054 2.551 0.4010 0.7000
2L3E 1055 2.887 0.3724 0.6643
2L3E 1056 2.817 0.4016 0.6643
2L3E 1057 2.789 0.3914 0.6643
2L3E 1058 2.996 0.3620 0.6571
2L3E 1059 2.788 0.3699 0.6500
2L3E 1060 2.681 0.4123 0.6786
2L3E 1061 2.840 0.3860 0.6714
2L3E 1062 2.857 0.3775 0.6643
2L3E 1063 2.868 0.3979 0.6714
2L3E 1064 2.905 0.3751 0.6571
2L3E 1065 2.852 0.3641 0.6500
2L3E 1066 2.865 0.3518 0.6571
2L3E 1067 2.856 0.3687 0.6429
2L3E 1068 2.931 0.3941 0.6643
2L3E 1069 2.651 0.3870 0.6786
2L3E 1070 2.806 0.3907 0.6571
2L3E 1071 2.825 0.3728 0.6500
2L3E 1072 2.476 0.4323 0.6857
2L3E 1073 2.527 0.4054 0.6714
2L3E 1074 2.830 0.3541 0.6500
2L3E 1075 2.903 0.3663 0.6500
2L3E 1076 2.777 0.3725 0.6571
2L3E 1077 2.708 0.4098 0.6714
2L3E 1078 2.952 0.3852 0.6786
2L3E 1079 2.664 0.3786 0.6714
2L3E 1080 2.976 0.3509 0.6643
2L3E 1081 2.914 0.3664 0.6500
2L3E 1082 2.627 0.3995 0.6929
2L3E 1083 2.649 0.3814 0.6929
2L3E 1084 2.839 0.3635 0.6643
2L3E 1085 2.887 0.3680 0.6571
2L3E 1086 2.813 0.3726 0.6500
2L3E 1087 2.917 0.3588 0.6786
2L3E 1088 2.808 0.3847 0.6857
2L3E 1089 2.803 0.3633 0.6643
2L3E 1090 2.969 0.3556 0.6643
2L3E 1091 2.677 0.3750 0.6786
2L3E 1092 2.824 0.3566 0.6714
2L3E 1093 2.836 0.3651 0.6714
2L3E 1094 2.708 0.3893 0.6929
2L3E 1095 2.607 0.3971 0.6786
2L3E 1096 2.864 0.3864 0.6643
2L3E 1097 2.875 0.3964 0.6643
2L3E 1098 2.916 0.3995 0.6643
2L3E 1099 2.668 0.4291 0.6857
2L3E 1100 2.633 0.3994 0.7000
2L3E 1101 2.738 0.4331 0.6786
2L3E 1102 2.668 0.4045 0.7143
2L3E 1103 2.659 0.4310 0.7071
2L3E 1104 2.410 0.4418 0.7071
2L3E 1105 2.559 0.4117 0.6929
2L3E 1106 2.357 0.4621 0.7214
2L3E 1107 2.552 0.4159 0.7000
2L3E 1108 2.701 0.3910 0.6714
2L3E 1109 2.850 0.3952 0.6643
2L3E 1110 2.665 0.4232 0.6857
2L3E 1111 2.746 0.3801 0.6786
2L3E 1112 2.561 0.4296 0.7071
2L3E 1113 2.822 0.3896 0.6786
2L3E 1114 2.512 0.4204 0.6929
2L3E 1115 2.658 0.4112 0.6786
2L3E 1116 2.596 0.4198 0.7143
2L3E 1117 2.778 0.3794 0.6643
2L3E 1118 3.017 0.3863 0.6786
2L3E 1119 2.877 0.3948 0.6714
2L3E 1120 2.907 0.3487 0.6571
2L3E 1121 2.563 0.4258 0.6857
2L3E 1122 2.715 0.4125 0.7071
2L3E 1123 2.671 0.4320 0.7000
2L3E 1124 2.802 0.4175 0.7000
2L3E 1125 2.685 0.4137 0.6929
2L3E 1126 2.543 0.4101 0.7000
2L3E 1127 2.635 0.3966 0.6857
2L3E 1128 2.609 0.4225 0.6786
2L3E 1129 2.563 0.4154 0.7000
2L3E 1130 2.915 0.3932 0.6643
2L3E 1131 2.821 0.3838 0.6643
2L3E 1132 2.530 0.4044 0.6786
2L3E 1133 2.749 0.3994 0.6857
2L3E 1134 2.919 0.3912 0.6857
2L3E 1135 2.530 0.4308 0.6857
2L3E 1136 2.868 0.4049 0.6643
2L3E 1137 2.626 0.4312 0.6929
2L3E 1138 2.623 0.4325 0.6857
2L3E 1139 2.687 0.3914 0.6857
2L3E 1140 2.562 0.4017 0.6929
2L3E 1141 2.591 0.4151 0.7000
2L3E 1142 2.630 0.4251 0.6857
2L3E 1143 2.531 0.4418 0.7000
2L3E 1144 2.461 0.4336 0.7000
2L3E 1145 2.400 0.4534 0.7214
2L3E 1146 2.673 0.3879 0.6929
2L3E 1147 2.802 0.3523 0.6643
2L3E 1148 2.471 0.4191 0.7214
2L3E 1149 2.458 0.4226 0.6929
2L3E 1150 2.591 0.3804 0.6857
2L3E 1151 2.609 0.4077 0.6714
2L3E 1152 2.498 0.4221 0.7000
2L3E 1153 2.547 0.4234 0.7071
2L3E 1154 2.658 0.4086 0.6857
2L3E 1155 2.288 0.4462 0.7357
2L3E 1156 2.498 0.4019 0.7000
2L3E 1157 2.669 0.3968 0.6786
2L3E 1158 2.633 0.4115 0.7000
2L3E 1159 2.610 0.3852 0.6714
2L3E 1160 2.484 0.4103 0.6929
2L3E 1161 2.576 0.3726 0.6643
2L3E 1162 2.368 0.4068 0.7143
2L3E 1163 2.594 0.4167 0.7000
2L3E 1164 2.438 0.3990 0.7071
2L3E 1165 2.487 0.4159 0.7071
2L3E 1166 2.619 0.3832 0.6929
2L3E 1167 2.457 0.4152 0.7071
2L3E 1168 2.346 0.4459 0.7357
2L3E 1169 2.548 0.4238 0.7143
2L3E 1170 2.480 0.4240 0.7071
2L3E 1171 2.464 0.4445 0.7357
2L3E 1172 2.526 0.4574 0.7143
2L3E 1173 2.550 0.4543 0.7000
2L3E 1174 2.488 0.4156 0.6929
2L3E 1175 2.374 0.4217 0.7143
2L3E 1176 2.584 0.3962 0.6857
2L3E 1177 2.523 0.4229 0.6929
2L3E 1178 2.506 0.4056 0.7000
2L3E 1179 2.548 0.3964 0.6929
2L3E 1180 2.453 0.4350 0.7071
2L3E 1181 2.517 0.3920 0.7000
2L3E 1182 2.389 0.4277 0.7143
2L3E 1183 2.496 0.4256 0.7214
2L3E 1184 2.547 0.4119 0.6929
2L3E 1185 2.687 0.3921 0.6786
2L3E 1186 2.571 0.4035 0.7071
2L3E 1187 2.400 0.4231 0.7286
2L3E 1188 2.396 0.4481 0.7286
2L3E 1189 2.748 0.3708 0.6714
2L3E 1190 2.363 0.4221 0.7000
2L3E 1191 2.445 0.4258 0.7071
2L3E 1192 2.548 0.4030 0.7000
2L3E 1193 2.619 0.4053 0.7000
2L3E 1194 2.785 0.3780 0.6714
2L3E 1195 2.552 0.3966 0.7071
2L3E 1196 2.531 0.4344 0.7143
2L3E 1197 2.694 0.3716 0.6857
2L3E 1198 2.912 0.3442 0.6357
2L3E 1199 2.406 0.4159 0.7286
2L3E 1200 2.669 0.4077 0.6857
2L3E 1201 2.668 0.3936 0.6929
2L3E 1202 2.759 0.3694 0.6714
2L3E 1203 2.492 0.4072 0.7071
2L3E 1204 2.370 0.4036 0.7071
2L3E 1205 2.564 0.3966 0.6643
2L3E 1206 2.341 0.4233 0.7143
2L3E 1207 2.315 0.4083 0.7143
2L3E 1208 2.325 0.4165 0.7214
2L3E 1209 2.480 0.3827 0.7000
2L3E 1210 2.544 0.3937 0.6929
2L3E 1211 2.321 0.4639 0.7286
2L3E 1212 2.660 0.3858 0.6786
2L3E 1213 2.548 0.4180 0.6857
2L3E 1214 2.549 0.3918 0.7071
2L3E 1215 2.771 0.3762 0.6714
2L3E 1216 2.498 0.4400 0.7071
2L3E 1217 2.399 0.4464 0.7357
2L3E 1218 2.360 0.4551 0.7357
2L3E 1219 2.622 0.3900 0.6714
2L3E 1220 2.532 0.4009 0.6714
2L3E 1221 2.543 0.4099 0.7071
2L3E 1222 2.564 0.4117 0.7071
2L3E 1223 2.560 0.3871 0.6857
2L3E 1224 2.364 0.4392 0.7214
2L3E 1225 2.290 0.4646 0.7143
2L3E 1226 2.596 0.4150 0.7000
2L3E 1227 2.666 0.3772 0.6643
2L3E 1228 2.476 0.3963 0.7071
2L3E 1229 2.412 0.4251 0.7000
2L3E 1230 2.211 0.4891 0.7500
2L3E 1231 2.615 0.4073 0.7143
