5KQE 1 0.000 1.0000 1.0000
5KQE 2 0.991 0.8116 0.9375
5KQE 3 0.367 0.9584 0.9931
5KQE 4 1.765 0.7925 0.9375
5KQE 5 0.342 0.9586 1.0000
5KQE 6 1.838 0.8140 0.9375
5KQE 7 1.672 0.7053 0.8750
5KQE 8 1.772 0.7766 0.9167
5KQE 9 0.289 0.9701 1.0000
5KQE 10 1.211 0.7702 0.9236
5KQE 11 0.472 0.9298 0.9931
5KQE 12 1.243 0.8569 0.9375
5KQE 13 0.703 0.8952 0.9792
5KQE 14 0.498 0.9413 0.9931
5KQE 15 2.058 0.7644 0.9167
5KQE 16 1.335 0.7953 0.9236
5KQE 17 1.827 0.7540 0.9167
5KQE 18 1.356 0.7582 0.8958
5KQE 19 2.047 0.8272 0.9444
5KQE 20 0.530 0.9151 0.9931
5KQE 21 12.682 0.2078 0.3403
5KQE 22 8.326 0.1870 0.3681
5KQE 23 11.667 0.2361 0.3403
5KQE 24 12.487 0.1032 0.2153
5KQE 25 15.658 0.1076 0.2431
5KQE 26 11.229 0.2974 0.3819
5KQE 27 13.240 0.2393 0.3056
5KQE 28 9.253 0.2091 0.3125
5KQE 29 12.382 0.3070 0.4028
5KQE 30 9.138 0.2893 0.4306
5KQE 31 15.966 0.2456 0.3472
5KQE 32 15.682 0.2184 0.3264
5KQE 33 13.487 0.2021 0.3333
5KQE 34 15.033 0.1515 0.2500
5KQE 35 14.586 0.2968 0.4375
5KQE 36 15.967 0.1576 0.3194
5KQE 37 10.537 0.1990 0.3681
5KQE 38 13.322 0.2073 0.3542
5KQE 39 6.689 0.2279 0.4236
5KQE 40 7.088 0.2674 0.4514
5KQE 41 9.981 0.2166 0.3472
5KQE 42 9.834 0.2076 0.3611
5KQE 43 12.789 0.1901 0.2708
5KQE 44 11.806 0.2411 0.3542
5KQE 45 12.517 0.2712 0.3889
5KQE 46 15.835 0.2111 0.3194
5KQE 47 11.700 0.2745 0.3681
5KQE 48 11.535 0.2461 0.3542
5KQE 49 15.688 0.1561 0.2431
5KQE 50 5.569 0.3498 0.5556
5KQE 51 14.168 0.1709 0.3056
5KQE 52 13.759 0.2553 0.3611
5KQE 53 11.221 0.3101 0.4514
5KQE 54 12.268 0.2642 0.3819
5KQE 55 9.055 0.2660 0.4444
5KQE 56 14.020 0.2289 0.3403
5KQE 57 7.902 0.3025 0.4861
5KQE 58 8.225 0.2980 0.4653
5KQE 59 7.267 0.3168 0.4861
5KQE 60 8.224 0.3578 0.5139
5KQE 61 13.811 0.1782 0.2708
5KQE 62 10.730 0.1488 0.3125
5KQE 63 10.626 0.1303 0.2292
5KQE 64 11.045 0.1112 0.2222
5KQE 65 11.679 0.2680 0.3889
5KQE 66 12.283 0.2197 0.2917
5KQE 67 14.223 0.1513 0.2292
5KQE 68 14.347 0.1829 0.2639
5KQE 69 14.041 0.2925 0.4028
5KQE 70 15.838 0.2933 0.4028
5KQE 71 12.737 0.1641 0.2500
5KQE 72 11.974 0.2845 0.3958
5KQE 73 13.090 0.2274 0.3750
5KQE 74 14.844 0.2318 0.3681
5KQE 75 14.648 0.2596 0.3889
5KQE 76 13.399 0.2872 0.3958
5KQE 77 14.902 0.2014 0.2708
5KQE 78 12.273 0.2065 0.2778
5KQE 79 13.376 0.3069 0.4097
5KQE 80 11.535 0.2995 0.4097
5KQE 81 15.125 0.2724 0.3958
5KQE 82 10.669 0.2511 0.3819
5KQE 83 12.186 0.2183 0.3264
5KQE 84 13.134 0.1675 0.2708
5KQE 85 15.689 0.1944 0.2847
5KQE 86 15.462 0.2502 0.3750
5KQE 87 11.928 0.1827 0.2500
5KQE 88 15.414 0.2995 0.3819
5KQE 89 13.891 0.2948 0.3958
5KQE 90 15.511 0.2478 0.3542
5KQE 91 13.545 0.2999 0.4167
5KQE 92 12.480 0.2752 0.3889
5KQE 93 11.620 0.3096 0.4167
5KQE 94 15.644 0.2002 0.3264
5KQE 95 14.289 0.2755 0.3889
5KQE 96 14.180 0.2763 0.3958
5KQE 97 11.983 0.3108 0.4236
5KQE 98 14.465 0.2940 0.3889
5KQE 99 14.293 0.2235 0.3056
5KQE 100 12.348 0.2830 0.3958
5KQE 101 15.488 0.1337 0.2153
5KQE 102 11.330 0.1975 0.3194
5KQE 103 11.546 0.2140 0.3333
5KQE 104 13.830 0.2032 0.2917
5KQE 105 10.655 0.1545 0.2778
5KQE 106 14.614 0.1520 0.2361
5KQE 107 14.667 0.2284 0.3194
5KQE 108 10.797 0.2570 0.3750
5KQE 109 15.295 0.2610 0.3750
5KQE 110 12.430 0.1770 0.2847
5KQE 111 12.058 0.2286 0.3125
5KQE 112 10.320 0.2628 0.3611
5KQE 113 12.835 0.2652 0.3819
5KQE 114 15.199 0.1681 0.2986
5KQE 115 12.798 0.2357 0.3611
5KQE 116 13.759 0.2660 0.3889
5KQE 117 11.824 0.3139 0.4097
5KQE 118 14.259 0.1208 0.2361
5KQE 119 9.505 0.2553 0.3889
5KQE 120 13.094 0.2555 0.3611
5KQE 121 12.348 0.2508 0.3889
5KQE 122 14.736 0.2678 0.3819
5KQE 123 15.392 0.2733 0.3750
5KQE 124 9.613 0.3059 0.4028
5KQE 125 15.377 0.2712 0.3750
5KQE 126 15.584 0.3089 0.4097
5KQE 127 13.060 0.2480 0.3889
5KQE 128 11.516 0.2973 0.4306
5KQE 129 14.792 0.3154 0.4306
5KQE 130 12.229 0.2626 0.3750
5KQE 131 14.420 0.2794 0.3611
5KQE 132 14.119 0.2285 0.3403
5KQE 133 13.568 0.2220 0.3403
5KQE 134 14.042 0.3030 0.3958
5KQE 135 14.915 0.3032 0.4097
5KQE 136 14.603 0.2702 0.3819
5KQE 137 15.875 0.2831 0.4236
5KQE 138 11.731 0.2799 0.3819
5KQE 139 14.930 0.2759 0.3819
5KQE 140 12.866 0.2874 0.3958
5KQE 141 14.678 0.2664 0.3819
5KQE 142 8.624 0.1943 0.3611
5KQE 143 13.357 0.2074 0.3194
5KQE 144 12.448 0.2179 0.3125
5KQE 145 10.768 0.1698 0.3264
5KQE 146 13.979 0.2012 0.2778
5KQE 147 9.234 0.2566 0.4097
5KQE 148 10.236 0.1271 0.2778
5KQE 149 14.353 0.2580 0.3611
5KQE 150 17.763 0.1521 0.2361
5KQE 151 12.108 0.2803 0.3889
5KQE 152 14.446 0.2656 0.3264
5KQE 153 13.272 0.1822 0.2569
5KQE 154 12.819 0.3161 0.4444
5KQE 155 14.873 0.2434 0.3681
5KQE 156 11.648 0.2316 0.3125
5KQE 157 14.125 0.1205 0.2083
5KQE 158 11.448 0.2529 0.3889
5KQE 159 14.437 0.2335 0.3681
5KQE 160 13.295 0.2396 0.3403
5KQE 161 13.910 0.2560 0.3889
5KQE 162 14.989 0.3021 0.4167
5KQE 163 11.295 0.3176 0.4236
5KQE 164 15.557 0.1650 0.2639
5KQE 165 13.373 0.2878 0.3958
5KQE 166 11.138 0.2436 0.3681
5KQE 167 13.436 0.2238 0.3125
5KQE 168 13.721 0.2703 0.3819
5KQE 169 14.178 0.1245 0.2153
5KQE 170 13.487 0.2732 0.4097
5KQE 171 14.386 0.2249 0.3333
5KQE 172 15.636 0.2917 0.4167
5KQE 173 11.186 0.2707 0.4028
5KQE 174 13.180 0.1611 0.2292
5KQE 175 11.301 0.2965 0.4028
5KQE 176 15.658 0.2718 0.3889
5KQE 177 13.940 0.2497 0.3681
5KQE 178 13.340 0.2396 0.3819
5KQE 179 15.253 0.2398 0.3750
5KQE 180 14.454 0.2629 0.3819
5KQE 181 14.410 0.0938 0.1667
5KQE 182 12.123 0.1320 0.2361
5KQE 183 11.301 0.2886 0.3889
5KQE 184 12.171 0.1767 0.3125
5KQE 185 15.188 0.2403 0.3194
5KQE 186 14.264 0.2529 0.3194
5KQE 187 14.488 0.2092 0.3194
5KQE 188 15.272 0.1397 0.2708
5KQE 189 14.342 0.1580 0.2500
5KQE 190 11.220 0.1487 0.2500
5KQE 191 16.353 0.2120 0.3125
5KQE 192 13.033 0.2918 0.3889
5KQE 193 15.255 0.2462 0.3333
5KQE 194 11.952 0.2907 0.3958
5KQE 195 13.553 0.2879 0.3819
5KQE 196 12.597 0.2479 0.3264
5KQE 197 13.449 0.2976 0.3958
5KQE 198 12.066 0.2407 0.3333
5KQE 199 14.486 0.1350 0.2083
5KQE 200 13.391 0.2836 0.3889
5KQE 201 14.812 0.1664 0.2708
5KQE 202 12.131 0.1510 0.3403
5KQE 203 12.257 0.2307 0.2986
5KQE 204 13.421 0.2823 0.3889
5KQE 205 12.467 0.2023 0.3194
5KQE 206 14.252 0.3139 0.4236
5KQE 207 14.440 0.2237 0.3056
5KQE 208 11.491 0.2440 0.3194
5KQE 209 14.380 0.3165 0.4236
5KQE 210 12.494 0.2544 0.3611
5KQE 211 14.133 0.2794 0.3958
5KQE 212 12.263 0.2488 0.3542
5KQE 213 14.277 0.3158 0.4306
5KQE 214 17.054 0.2300 0.3125
5KQE 215 12.344 0.3008 0.3958
5KQE 216 13.612 0.2616 0.3125
5KQE 217 14.670 0.2668 0.3819
5KQE 218 15.439 0.2961 0.4167
5KQE 219 14.277 0.2454 0.3611
5KQE 220 12.505 0.3025 0.4028
5KQE 221 12.375 0.1322 0.2292
5KQE 222 11.082 0.1019 0.2292
5KQE 223 16.586 0.1879 0.2778
5KQE 224 9.393 0.2224 0.3403
5KQE 225 17.419 0.1424 0.2569
5KQE 226 10.703 0.1920 0.2847
5KQE 227 10.097 0.2281 0.3264
5KQE 228 15.990 0.1159 0.2153
5KQE 229 12.660 0.2696 0.3750
5KQE 230 10.026 0.1703 0.3125
5KQE 231 17.308 0.2124 0.3194
5KQE 232 11.531 0.2251 0.3472
5KQE 233 15.785 0.2778 0.3889
5KQE 234 13.335 0.1120 0.2153
5KQE 235 17.520 0.2162 0.3125
5KQE 236 14.896 0.1596 0.2361
5KQE 237 9.167 0.2554 0.3681
5KQE 238 12.820 0.2365 0.3333
5KQE 239 14.158 0.2625 0.3750
5KQE 240 12.204 0.1395 0.2431
5KQE 241 10.322 0.2769 0.4028
5KQE 242 13.677 0.2484 0.3542
5KQE 243 9.805 0.2343 0.3472
5KQE 244 11.144 0.2530 0.4028
5KQE 245 12.527 0.2659 0.3472
5KQE 246 14.212 0.2311 0.3472
5KQE 247 15.403 0.2865 0.3889
5KQE 248 14.971 0.2374 0.3750
5KQE 249 16.302 0.2886 0.4097
5KQE 250 11.888 0.2751 0.3819
5KQE 251 12.458 0.2401 0.3333
5KQE 252 10.691 0.2467 0.3750
5KQE 253 14.222 0.2910 0.3958
5KQE 254 14.748 0.2997 0.4028
5KQE 255 12.037 0.2854 0.4028
5KQE 256 12.850 0.2833 0.3889
5KQE 257 12.229 0.2674 0.3750
5KQE 258 11.654 0.2900 0.3958
5KQE 259 13.585 0.2960 0.4097
5KQE 260 14.507 0.3055 0.4097
5KQE 261 10.356 0.2017 0.3194
5KQE 262 11.171 0.1736 0.3056
5KQE 263 12.063 0.2406 0.3472
5KQE 264 13.007 0.1476 0.2222
5KQE 265 12.639 0.1225 0.2292
5KQE 266 12.061 0.1656 0.2708
5KQE 267 8.281 0.2393 0.3681
5KQE 268 13.591 0.2940 0.4028
5KQE 269 15.492 0.2523 0.3403
5KQE 270 15.086 0.2667 0.4097
5KQE 271 12.473 0.1495 0.2569
5KQE 272 12.052 0.2508 0.3403
5KQE 273 13.812 0.2463 0.3403
5KQE 274 13.232 0.2409 0.3403
5KQE 275 15.003 0.1309 0.2292
5KQE 276 11.303 0.1397 0.2500
5KQE 277 15.529 0.2302 0.3333
5KQE 278 11.244 0.1491 0.2986
5KQE 279 14.770 0.1793 0.3542
5KQE 280 15.686 0.2307 0.3333
5KQE 281 13.516 0.2684 0.4028
5KQE 282 12.950 0.2816 0.3958
5KQE 283 16.820 0.2372 0.3264
5KQE 284 12.832 0.2387 0.3611
5KQE 285 12.325 0.3035 0.4306
5KQE 286 14.620 0.2921 0.3958
5KQE 287 11.598 0.2905 0.3958
5KQE 288 9.905 0.2964 0.4167
5KQE 289 15.469 0.2805 0.4028
5KQE 290 11.673 0.1462 0.2708
5KQE 291 11.353 0.2642 0.3889
5KQE 292 11.179 0.2823 0.3750
5KQE 293 12.128 0.2202 0.3542
5KQE 294 15.412 0.2589 0.3889
5KQE 295 10.884 0.2688 0.3889
5KQE 296 11.578 0.2443 0.3750
5KQE 297 15.234 0.2506 0.3681
5KQE 298 12.835 0.2677 0.3542
5KQE 299 12.972 0.2888 0.3889
5KQE 300 13.822 0.2201 0.3611
5KQE 301 15.761 0.2124 0.3403
5KQE 302 11.538 0.1265 0.2222
5KQE 303 13.324 0.1307 0.2153
5KQE 304 13.267 0.2987 0.4097
5KQE 305 12.019 0.1830 0.2778
5KQE 306 14.769 0.2446 0.3681
5KQE 307 12.982 0.1778 0.2431
5KQE 308 13.252 0.2869 0.4583
5KQE 309 13.380 0.2354 0.3472
5KQE 310 12.748 0.2421 0.3750
5KQE 311 11.587 0.1744 0.2986
5KQE 312 15.307 0.2860 0.4167
5KQE 313 11.132 0.2645 0.3819
5KQE 314 13.250 0.2804 0.3889
5KQE 315 12.988 0.2291 0.3611
5KQE 316 15.839 0.3163 0.4444
5KQE 317 15.507 0.2783 0.3958
5KQE 318 13.795 0.3009 0.4097
5KQE 319 12.559 0.2600 0.3819
5KQE 320 10.240 0.2561 0.3542
5KQE 321 13.939 0.1656 0.2778
5KQE 322 14.712 0.2766 0.4028
5KQE 323 14.871 0.2911 0.4236
5KQE 324 13.417 0.2701 0.3958
5KQE 325 12.963 0.2336 0.3194
5KQE 326 15.656 0.2316 0.3264
5KQE 327 12.177 0.2571 0.3750
5KQE 328 13.216 0.2407 0.3403
5KQE 329 15.161 0.3053 0.4375
5KQE 330 13.081 0.2155 0.3125
5KQE 331 12.855 0.2435 0.3542
5KQE 332 12.824 0.1497 0.2500
5KQE 333 10.490 0.3024 0.4167
5KQE 334 11.578 0.2805 0.3889
5KQE 335 14.535 0.2812 0.3889
5KQE 336 12.402 0.2690 0.3889
5KQE 337 9.454 0.2807 0.3889
5KQE 338 13.685 0.2844 0.3819
5KQE 339 14.822 0.2284 0.3611
5KQE 340 14.786 0.3024 0.4028
5KQE 341 14.441 0.2252 0.3333
5KQE 342 12.062 0.1275 0.2431
5KQE 343 11.823 0.1915 0.2917
5KQE 344 12.295 0.1275 0.2500
5KQE 345 10.669 0.2941 0.4028
5KQE 346 13.032 0.2045 0.2917
5KQE 347 14.841 0.2609 0.3681
5KQE 348 12.795 0.2204 0.3333
5KQE 349 14.717 0.2493 0.3819
5KQE 350 13.357 0.2691 0.3750
5KQE 351 12.357 0.1701 0.2500
5KQE 352 13.656 0.2825 0.4375
5KQE 353 11.897 0.2050 0.2847
5KQE 354 13.171 0.2230 0.3125
5KQE 355 12.844 0.2663 0.3611
5KQE 356 12.269 0.1668 0.3194
5KQE 357 13.319 0.2621 0.3681
5KQE 358 15.401 0.2844 0.4028
5KQE 359 14.165 0.2400 0.3403
5KQE 360 13.856 0.2194 0.3194
5KQE 361 10.549 0.2428 0.3611
5KQE 362 12.583 0.2659 0.3819
5KQE 363 14.875 0.2550 0.3611
5KQE 364 10.451 0.2316 0.3472
5KQE 365 13.567 0.2212 0.3194
5KQE 366 12.156 0.2609 0.3958
5KQE 367 12.889 0.2764 0.3958
5KQE 368 12.216 0.2723 0.3958
5KQE 369 13.711 0.2901 0.3889
5KQE 370 12.829 0.3114 0.4236
5KQE 371 13.900 0.2375 0.3750
5KQE 372 13.158 0.2832 0.3889
5KQE 373 10.878 0.2692 0.3681
5KQE 374 14.675 0.2616 0.3750
5KQE 375 13.376 0.2741 0.3819
5KQE 376 14.380 0.2624 0.3819
5KQE 377 11.381 0.2709 0.3819
5KQE 378 10.102 0.2962 0.4028
5KQE 379 12.964 0.2911 0.4097
5KQE 380 13.219 0.2875 0.4028
5KQE 381 11.188 0.1237 0.2292
5KQE 382 11.415 0.1214 0.2153
5KQE 383 13.630 0.2327 0.3611
5KQE 384 11.612 0.1732 0.3125
5KQE 385 12.352 0.1488 0.2708
5KQE 386 11.258 0.3064 0.4375
5KQE 387 14.765 0.2223 0.3264
5KQE 388 13.549 0.1915 0.2708
5KQE 389 11.721 0.1351 0.2431
5KQE 390 14.557 0.1915 0.2847
5KQE 391 12.107 0.1424 0.2500
5KQE 392 13.859 0.1583 0.2639
5KQE 393 10.506 0.2726 0.3889
5KQE 394 13.453 0.1496 0.2708
5KQE 395 11.406 0.2453 0.3333
5KQE 396 14.092 0.1991 0.2639
5KQE 397 11.417 0.2428 0.3403
5KQE 398 15.052 0.1961 0.3125
5KQE 399 11.676 0.2220 0.3194
5KQE 400 16.005 0.2399 0.3264
5KQE 401 17.836 0.1483 0.2847
5KQE 402 14.265 0.3059 0.4514
5KQE 403 15.026 0.2195 0.2986
5KQE 404 12.209 0.2678 0.3681
5KQE 405 13.810 0.2104 0.2778
5KQE 406 15.615 0.2561 0.3750
5KQE 407 12.658 0.1602 0.2500
5KQE 408 7.393 0.2865 0.4167
5KQE 409 14.145 0.2483 0.3333
5KQE 410 12.403 0.2896 0.3958
5KQE 411 12.260 0.2819 0.3958
5KQE 412 15.354 0.2669 0.3819
5KQE 413 9.955 0.2647 0.4306
5KQE 414 15.460 0.2904 0.4097
5KQE 415 15.250 0.2907 0.4097
5KQE 416 14.121 0.2665 0.3958
5KQE 417 14.869 0.2514 0.3681
5KQE 418 13.713 0.2553 0.3681
5KQE 419 14.543 0.2762 0.3819
5KQE 420 14.841 0.3034 0.4028
5KQE 421 1.596 0.5540 0.7986
5KQE 422 1.949 0.5256 0.7708
5KQE 423 1.972 0.5374 0.7917
5KQE 424 1.938 0.5566 0.7917
5KQE 425 1.877 0.5775 0.7917
5KQE 426 1.903 0.5636 0.7917
5KQE 427 1.906 0.5672 0.7917
5KQE 428 1.902 0.5631 0.7986
5KQE 429 1.898 0.5648 0.7917
5KQE 430 1.922 0.5652 0.7986
5KQE 431 1.901 0.5658 0.7917
5KQE 432 1.894 0.5681 0.7917
5KQE 433 1.904 0.5673 0.7917
5KQE 434 1.890 0.5685 0.7917
5KQE 435 1.892 0.5694 0.7917
5KQE 436 1.895 0.5712 0.7917
5KQE 437 1.892 0.5682 0.7986
5KQE 438 1.900 0.5666 0.7986
5KQE 439 1.908 0.5667 0.7917
5KQE 440 1.896 0.5680 0.7917
5KQE 441 1.890 0.5674 0.7917
5KQE 442 1.904 0.5674 0.7986
5KQE 443 1.900 0.5655 0.7917
5KQE 444 1.885 0.5687 0.7847
5KQE 445 1.890 0.5683 0.7847
5KQE 446 1.907 0.5642 0.7917
5KQE 447 1.908 0.5665 0.7917
5KQE 448 1.910 0.5631 0.7847
5KQE 449 1.903 0.5647 0.7917
5KQE 450 1.891 0.5679 0.7986
5KQE 451 1.893 0.5669 0.7986
5KQE 452 1.900 0.5644 0.7917
5KQE 453 1.889 0.5656 0.7917
5KQE 454 1.902 0.5696 0.7986
5KQE 455 1.891 0.5641 0.7847
5KQE 456 1.901 0.5628 0.7847
5KQE 457 1.895 0.5686 0.7917
5KQE 458 1.910 0.5647 0.7847
5KQE 459 1.911 0.5636 0.7847
5KQE 460 1.896 0.5659 0.7917
5KQE 461 1.886 0.5683 0.7986
5KQE 462 1.883 0.5693 0.8056
5KQE 463 1.901 0.5687 0.7917
5KQE 464 1.879 0.5713 0.7986
5KQE 465 1.908 0.5700 0.7917
5KQE 466 1.908 0.5667 0.7847
5KQE 467 1.899 0.5639 0.7847
5KQE 468 1.865 0.5656 0.7847
5KQE 469 1.901 0.5712 0.7986
5KQE 470 1.905 0.5628 0.7778
5KQE 471 1.886 0.5732 0.7986
5KQE 472 1.877 0.5733 0.7986
5KQE 473 1.897 0.5676 0.7917
5KQE 474 1.898 0.5722 0.7986
5KQE 475 1.894 0.5747 0.8056
5KQE 476 1.901 0.5668 0.7917
5KQE 477 1.908 0.5632 0.7986
5KQE 478 1.915 0.5571 0.7917
5KQE 479 1.935 0.5598 0.7917
5KQE 480 1.909 0.5602 0.7847
5KQE 481 1.922 0.5590 0.7917
5KQE 482 1.928 0.5577 0.7847
5KQE 483 1.905 0.5571 0.7847
5KQE 484 1.927 0.5712 0.7986
5KQE 485 1.913 0.5725 0.7986
5KQE 486 1.912 0.5716 0.7986
5KQE 487 1.909 0.5647 0.7847
5KQE 488 1.914 0.5615 0.7917
5KQE 489 1.923 0.5612 0.7778
5KQE 490 1.930 0.5655 0.7847
5KQE 491 1.940 0.5693 0.7917
5KQE 492 1.913 0.5677 0.7917
5KQE 493 1.915 0.5673 0.7917
5KQE 494 1.891 0.5702 0.7917
5KQE 495 1.936 0.5546 0.7708
5KQE 496 1.925 0.5631 0.7778
5KQE 497 1.930 0.5506 0.7708
5KQE 498 1.901 0.5583 0.7778
5KQE 499 1.888 0.5703 0.7986
5KQE 500 1.876 0.5752 0.8056
5KQE 501 1.890 0.5641 0.7847
5KQE 502 1.930 0.5616 0.7917
5KQE 503 1.938 0.5606 0.7847
5KQE 504 1.879 0.5646 0.7917
5KQE 505 1.946 0.5592 0.7847
5KQE 506 1.936 0.5581 0.7778
5KQE 507 1.911 0.5611 0.7917
5KQE 508 1.951 0.5556 0.7847
5KQE 509 1.901 0.5702 0.7917
5KQE 510 1.899 0.5743 0.8056
5KQE 511 1.912 0.5721 0.7847
5KQE 512 1.933 0.5609 0.7847
5KQE 513 1.928 0.5654 0.7917
5KQE 514 1.905 0.5696 0.7847
5KQE 515 1.888 0.5675 0.7917
5KQE 516 1.898 0.5692 0.7847
5KQE 517 1.886 0.5675 0.7986
5KQE 518 1.905 0.5632 0.7847
5KQE 519 1.924 0.5688 0.7917
5KQE 520 1.899 0.5669 0.7917
5KQE 521 1.939 0.5673 0.7847
5KQE 522 1.912 0.5677 0.7917
5KQE 523 1.916 0.5702 0.7917
5KQE 524 1.898 0.5632 0.7778
5KQE 525 1.892 0.5729 0.8056
5KQE 526 1.942 0.5565 0.7778
5KQE 527 1.866 0.5824 0.8194
5KQE 528 1.900 0.5821 0.8056
5KQE 529 1.923 0.5658 0.7917
5KQE 530 1.903 0.5680 0.7847
5KQE 531 1.913 0.5671 0.7986
5KQE 532 1.934 0.5608 0.7778
5KQE 533 1.951 0.5570 0.7847
5KQE 534 1.918 0.5675 0.7917
5KQE 535 1.946 0.5494 0.7778
5KQE 536 1.903 0.5692 0.7917
5KQE 537 1.890 0.5746 0.8056
5KQE 538 1.854 0.5763 0.7917
5KQE 539 1.927 0.5598 0.7847
5KQE 540 1.929 0.5580 0.7917
5KQE 541 1.929 0.5514 0.7708
5KQE 542 1.910 0.5711 0.7917
5KQE 543 1.916 0.5701 0.7917
5KQE 544 1.909 0.5629 0.7778
5KQE 545 1.928 0.5708 0.7847
5KQE 546 1.907 0.5701 0.7847
5KQE 547 1.882 0.5785 0.7917
5KQE 548 1.910 0.5653 0.7778
5KQE 549 1.854 0.5766 0.7986
5KQE 550 1.898 0.5759 0.7917
5KQE 551 1.902 0.5792 0.7917
5KQE 552 1.902 0.5776 0.7917
5KQE 553 1.946 0.5687 0.7847
5KQE 554 1.852 0.5830 0.8056
5KQE 555 1.954 0.5475 0.7708
5KQE 556 1.886 0.5655 0.7986
5KQE 557 1.861 0.5699 0.7986
5KQE 558 1.886 0.5738 0.7917
5KQE 559 1.941 0.5713 0.7917
5KQE 560 1.908 0.5736 0.8056
5KQE 561 1.923 0.5695 0.7986
5KQE 562 1.885 0.5599 0.7847
5KQE 563 1.920 0.5559 0.7847
5KQE 564 1.866 0.5681 0.7986
5KQE 565 1.876 0.5793 0.8125
5KQE 566 1.915 0.5661 0.7917
5KQE 567 1.893 0.5734 0.7917
5KQE 568 1.847 0.5746 0.7986
5KQE 569 1.905 0.5469 0.7778
5KQE 570 1.884 0.5627 0.7778
5KQE 571 1.937 0.5323 0.7639
5KQE 572 1.957 0.5491 0.7847
5KQE 573 1.923 0.5647 0.7778
5KQE 574 1.904 0.5494 0.7778
5KQE 575 1.905 0.5636 0.7847
5KQE 576 1.871 0.5592 0.7847
5KQE 577 1.880 0.5698 0.8056
5KQE 578 1.866 0.5773 0.8056
5KQE 579 1.829 0.5760 0.7986
5KQE 580 1.871 0.5572 0.7847
5KQE 581 1.912 0.5703 0.7778
5KQE 582 1.903 0.5802 0.7986
5KQE 583 1.879 0.5709 0.7917
5KQE 584 1.901 0.5571 0.7847
5KQE 585 1.928 0.5483 0.7778
5KQE 586 1.915 0.5459 0.7778
5KQE 587 1.970 0.5489 0.7778
5KQE 588 1.988 0.5416 0.7708
5KQE 589 2.005 0.5299 0.7569
5KQE 590 1.970 0.5408 0.7847
5KQE 591 1.928 0.5498 0.7917
5KQE 592 1.924 0.5448 0.7847
5KQE 593 1.976 0.5371 0.7708
5KQE 594 1.983 0.5389 0.7778
5KQE 595 1.920 0.5592 0.7847
5KQE 596 2.000 0.5425 0.7778
5KQE 597 1.950 0.5550 0.7917
5KQE 598 1.990 0.5549 0.7778
5KQE 599 2.015 0.5308 0.7708
5KQE 600 1.920 0.5562 0.7778
5KQE 601 1.962 0.5477 0.7778
5KQE 602 1.989 0.5399 0.7708
5KQE 603 1.955 0.5446 0.7778
5KQE 604 2.011 0.5300 0.7778
5KQE 605 1.907 0.5558 0.7917
5KQE 606 1.964 0.5444 0.7708
5KQE 607 2.049 0.5152 0.7639
5KQE 608 2.010 0.5410 0.7847
5KQE 609 2.001 0.5315 0.7847
5KQE 610 1.906 0.5536 0.7847
5KQE 611 1.909 0.5412 0.7778
5KQE 612 2.041 0.5234 0.7639
5KQE 613 2.128 0.5199 0.7708
5KQE 614 2.217 0.5193 0.7639
5KQE 615 2.207 0.5011 0.7639
5KQE 616 2.252 0.5057 0.7639
5KQE 617 2.222 0.5245 0.7639
5KQE 618 2.217 0.5089 0.7708
5KQE 619 2.214 0.5173 0.7639
5KQE 620 2.069 0.5132 0.7708
5KQE 621 2.214 0.5062 0.7431
5KQE 622 2.180 0.5118 0.7500
5KQE 623 2.121 0.5247 0.7639
5KQE 624 2.159 0.5306 0.7639
5KQE 625 2.120 0.5211 0.7569
5KQE 626 2.181 0.5203 0.7639
5KQE 627 2.052 0.5432 0.7847
5KQE 628 1.996 0.5313 0.7778
5KQE 629 2.075 0.5208 0.7708
5KQE 630 2.123 0.5170 0.7639
5KQE 631 2.065 0.5453 0.7847
5KQE 632 2.147 0.5246 0.7639
5KQE 633 2.181 0.5003 0.7500
5KQE 634 2.033 0.5563 0.7847
5KQE 635 2.166 0.5131 0.7500
5KQE 636 2.085 0.5353 0.7708
5KQE 637 2.092 0.5164 0.7708
5KQE 638 2.109 0.4998 0.7778
5KQE 639 2.281 0.4968 0.7639
5KQE 640 2.225 0.4943 0.7569
5KQE 641 2.298 0.4782 0.7500
5KQE 642 2.199 0.4834 0.7500
5KQE 643 2.298 0.4832 0.7500
5KQE 644 2.204 0.4885 0.7639
5KQE 645 2.317 0.4744 0.7500
5KQE 646 2.314 0.4573 0.7222
5KQE 647 2.267 0.4810 0.7500
5KQE 648 2.261 0.4882 0.7500
5KQE 649 2.218 0.4781 0.7569
5KQE 650 2.251 0.4753 0.7361
5KQE 651 2.358 0.4507 0.7361
5KQE 652 2.320 0.4632 0.7222
5KQE 653 2.228 0.4748 0.7361
5KQE 654 2.375 0.4659 0.7361
5KQE 655 2.241 0.4847 0.7569
5KQE 656 2.260 0.4456 0.7292
5KQE 657 2.309 0.4590 0.7292
5KQE 658 2.196 0.4904 0.7569
5KQE 659 2.285 0.4765 0.7500
5KQE 660 2.269 0.4612 0.7292
5KQE 661 2.212 0.4874 0.7569
5KQE 662 2.144 0.4981 0.7708
5KQE 663 2.185 0.5124 0.7639
5KQE 664 2.138 0.5170 0.7708
5KQE 665 2.185 0.4951 0.7569
5KQE 666 2.245 0.5088 0.7639
5KQE 667 2.178 0.5215 0.7778
5KQE 668 2.258 0.5032 0.7569
5KQE 669 2.153 0.5074 0.7639
5KQE 670 2.169 0.5056 0.7500
5KQE 671 2.148 0.5225 0.7708
5KQE 672 2.197 0.5147 0.7569
5KQE 673 2.167 0.5006 0.7569
5KQE 674 2.052 0.5159 0.7847
5KQE 675 2.089 0.5144 0.7569
5KQE 676 2.221 0.5044 0.7569
5KQE 677 2.199 0.5138 0.7569
5KQE 678 2.134 0.5323 0.7847
5KQE 679 2.283 0.4958 0.7431
5KQE 680 2.199 0.4715 0.7361
5KQE 681 2.172 0.5268 0.7708
5KQE 682 2.159 0.5118 0.7639
5KQE 683 2.265 0.5051 0.7569
5KQE 684 2.269 0.4571 0.7431
5KQE 685 2.185 0.4749 0.7431
5KQE 686 2.160 0.4883 0.7361
5KQE 687 2.234 0.4921 0.7292
5KQE 688 2.161 0.5094 0.7500
5KQE 689 2.158 0.4936 0.7500
5KQE 690 2.166 0.5055 0.7500
5KQE 691 2.105 0.5256 0.7639
5KQE 692 2.129 0.5242 0.7708
5KQE 693 2.178 0.5065 0.7569
5KQE 694 2.203 0.4792 0.7153
5KQE 695 2.138 0.5027 0.7639
5KQE 696 2.140 0.4932 0.7500
5KQE 697 2.248 0.4730 0.7361
5KQE 698 2.256 0.4748 0.7361
5KQE 699 2.155 0.5089 0.7569
5KQE 700 2.129 0.5000 0.7431
5KQE 701 2.373 0.4761 0.7361
5KQE 702 2.254 0.4734 0.7292
5KQE 703 2.125 0.4886 0.7431
5KQE 704 2.221 0.4891 0.7500
5KQE 705 2.149 0.5194 0.7569
5KQE 706 2.233 0.4767 0.7222
5KQE 707 2.171 0.4950 0.7500
5KQE 708 2.165 0.5010 0.7431
5KQE 709 2.202 0.5124 0.7500
5KQE 710 2.178 0.4877 0.7431
5KQE 711 2.177 0.5151 0.7569
5KQE 712 2.238 0.4786 0.7361
5KQE 713 2.245 0.4875 0.7292
5KQE 714 2.297 0.4913 0.7292
5KQE 715 2.201 0.4905 0.7292
5KQE 716 2.472 0.4741 0.7153
5KQE 717 2.473 0.4687 0.7153
5KQE 718 2.404 0.4806 0.7431
5KQE 719 2.339 0.4667 0.7292
5KQE 720 2.386 0.4628 0.7153
5KQE 721 2.338 0.4633 0.7222
5KQE 722 2.161 0.4987 0.7431
5KQE 723 2.199 0.4940 0.7361
5KQE 724 2.171 0.4987 0.7431
5KQE 725 2.208 0.5191 0.7569
5KQE 726 2.308 0.5012 0.7431
5KQE 727 2.268 0.4646 0.7153
5KQE 728 2.250 0.4795 0.7361
5KQE 729 2.172 0.4814 0.7361
5KQE 730 2.190 0.4904 0.7361
5KQE 731 2.299 0.4764 0.7361
5KQE 732 2.370 0.4776 0.7153
5KQE 733 2.356 0.4784 0.7361
5KQE 734 2.374 0.4867 0.7222
5KQE 735 2.302 0.4733 0.7222
5KQE 736 2.340 0.5041 0.7431
5KQE 737 2.330 0.4685 0.7222
5KQE 738 2.275 0.4839 0.7361
5KQE 739 2.421 0.4805 0.7222
5KQE 740 2.414 0.4682 0.7361
5KQE 741 2.518 0.4423 0.7014
5KQE 742 2.585 0.4504 0.6944
5KQE 743 2.364 0.4857 0.7361
5KQE 744 2.462 0.4741 0.7292
5KQE 745 2.420 0.4619 0.7222
5KQE 746 2.407 0.4686 0.7083
5KQE 747 2.420 0.4706 0.7292
5KQE 748 2.442 0.4842 0.7292
5KQE 749 2.410 0.4759 0.7361
5KQE 750 2.523 0.4543 0.7222
5KQE 751 2.482 0.4519 0.7153
5KQE 752 2.289 0.4968 0.7431
5KQE 753 2.423 0.4669 0.7292
5KQE 754 2.504 0.4448 0.7014
5KQE 755 2.555 0.4704 0.7222
5KQE 756 2.501 0.4601 0.7083
5KQE 757 2.470 0.4502 0.7153
5KQE 758 2.472 0.4581 0.7153
5KQE 759 2.501 0.4654 0.7083
5KQE 760 2.467 0.4572 0.7222
5KQE 761 2.420 0.4256 0.7014
5KQE 762 2.500 0.4325 0.6944
5KQE 763 2.444 0.4466 0.7083
5KQE 764 2.419 0.4661 0.7222
5KQE 765 2.485 0.4253 0.7014
5KQE 766 2.422 0.4583 0.7153
5KQE 767 2.396 0.4387 0.7083
5KQE 768 2.458 0.4416 0.7014
5KQE 769 2.477 0.4442 0.7083
5KQE 770 2.506 0.4244 0.6875
5KQE 771 2.528 0.4301 0.6944
5KQE 772 2.452 0.4354 0.7083
5KQE 773 2.451 0.4262 0.7014
5KQE 774 2.421 0.4484 0.7222
5KQE 775 2.327 0.4367 0.7153
5KQE 776 2.443 0.4494 0.7153
5KQE 777 2.535 0.4314 0.7014
5KQE 778 2.512 0.4350 0.7014
5KQE 779 2.455 0.4172 0.7083
5KQE 780 2.588 0.4170 0.6875
5KQE 781 2.406 0.4410 0.7153
5KQE 782 2.500 0.4303 0.7014
5KQE 783 2.654 0.4012 0.6875
5KQE 784 2.382 0.4243 0.7014
5KQE 785 2.372 0.4628 0.7222
5KQE 786 2.336 0.4539 0.7292
5KQE 787 2.510 0.4333 0.6875
5KQE 788 2.479 0.4294 0.7083
5KQE 789 2.338 0.4417 0.7292
5KQE 790 2.328 0.4631 0.7153
5KQE 791 2.253 0.4734 0.7292
5KQE 792 2.390 0.4410 0.7014
5KQE 793 2.487 0.4499 0.7153
5KQE 794 2.404 0.4611 0.7222
5KQE 795 2.497 0.4308 0.7014
5KQE 796 2.408 0.4500 0.7083
5KQE 797 2.614 0.4066 0.6875
5KQE 798 2.592 0.4239 0.6944
5KQE 799 2.425 0.4397 0.7083
5KQE 800 2.325 0.4803 0.7361
5KQE 801 2.338 0.4524 0.7292
5KQE 802 2.476 0.4476 0.7083
5KQE 803 2.449 0.4340 0.7153
5KQE 804 2.315 0.4626 0.7153
5KQE 805 2.356 0.4408 0.7014
5KQE 806 2.590 0.4306 0.6944
5KQE 807 2.475 0.4499 0.7153
5KQE 808 2.458 0.4516 0.7083
5KQE 809 2.362 0.4553 0.7153
5KQE 810 2.508 0.4484 0.7222
5KQE 811 2.380 0.4309 0.7083
5KQE 812 2.349 0.4438 0.7083
5KQE 813 2.466 0.4371 0.7014
5KQE 814 2.443 0.4806 0.7361
5KQE 815 2.422 0.4892 0.7431
5KQE 816 2.395 0.4640 0.7292
5KQE 817 2.355 0.4598 0.7153
5KQE 818 2.467 0.4402 0.7014
5KQE 819 2.436 0.4409 0.7083
5KQE 820 2.424 0.4447 0.7292
5KQE 821 2.527 0.4393 0.7014
5KQE 822 2.474 0.4548 0.7153
5KQE 823 2.404 0.4605 0.7083
5KQE 824 2.457 0.4515 0.6944
5KQE 825 2.450 0.4451 0.7014
5KQE 826 2.142 0.5130 0.7500
5KQE 827 2.305 0.4764 0.7222
5KQE 828 2.325 0.4846 0.7292
5KQE 829 2.273 0.5046 0.7361
5KQE 830 2.337 0.4829 0.7153
5KQE 831 2.225 0.5052 0.7361
5KQE 832 2.302 0.4965 0.7292
5KQE 833 2.227 0.4804 0.7222
5KQE 834 2.262 0.4862 0.7361
5KQE 835 2.293 0.4704 0.7292
5KQE 836 2.369 0.4562 0.7153
5KQE 837 2.205 0.4924 0.7431
5KQE 838 2.336 0.4768 0.7222
5KQE 839 2.393 0.4725 0.7083
5KQE 840 2.239 0.4968 0.7500
5KQE 841 2.290 0.4684 0.7292
5KQE 842 2.324 0.4601 0.7222
5KQE 843 2.537 0.4564 0.7083
5KQE 844 2.345 0.4579 0.7222
5KQE 845 2.241 0.4778 0.7431
5KQE 846 2.144 0.4850 0.7569
5KQE 847 2.325 0.4743 0.7361
5KQE 848 2.353 0.5023 0.7222
5KQE 849 2.313 0.4754 0.7361
5KQE 850 2.383 0.4586 0.7083
5KQE 851 2.442 0.4749 0.7083
5KQE 852 2.390 0.4868 0.7292
5KQE 853 2.331 0.4808 0.7361
5KQE 854 2.218 0.5105 0.7500
5KQE 855 2.380 0.4939 0.7361
5KQE 856 2.319 0.4661 0.7153
5KQE 857 2.496 0.4215 0.7014
5KQE 858 2.285 0.4785 0.7292
5KQE 859 2.392 0.4973 0.7500
5KQE 860 2.237 0.5217 0.7500
5KQE 861 2.218 0.4981 0.7292
5KQE 862 2.315 0.4854 0.7222
5KQE 863 2.346 0.4965 0.7361
5KQE 864 2.329 0.4605 0.7292
5KQE 865 2.348 0.4706 0.7361
5KQE 866 2.392 0.4801 0.7222
5KQE 867 2.537 0.4502 0.7083
5KQE 868 2.431 0.4610 0.7083
5KQE 869 2.404 0.4781 0.7292
5KQE 870 2.431 0.4772 0.7361
5KQE 871 2.429 0.4916 0.7431
5KQE 872 2.395 0.5158 0.7500
5KQE 873 2.437 0.4819 0.7361
5KQE 874 2.468 0.4789 0.7431
5KQE 875 2.555 0.4676 0.7361
5KQE 876 2.388 0.4662 0.7292
5KQE 877 2.515 0.4631 0.7222
5KQE 878 2.660 0.4378 0.7014
5KQE 879 2.475 0.4764 0.7222
5KQE 880 2.613 0.4404 0.6944
5KQE 881 2.474 0.4629 0.7153
5KQE 882 2.659 0.4554 0.6944
5KQE 883 2.555 0.4958 0.7153
5KQE 884 2.711 0.4704 0.7014
5KQE 885 2.519 0.4680 0.7222
5KQE 886 2.652 0.4683 0.7153
5KQE 887 2.309 0.4998 0.7708
5KQE 888 2.351 0.5026 0.7500
5KQE 889 2.318 0.4901 0.7361
5KQE 890 2.552 0.4629 0.7292
5KQE 891 2.403 0.4791 0.7292
5KQE 892 2.271 0.4933 0.7500
5KQE 893 2.346 0.5159 0.7639
5KQE 894 2.547 0.4527 0.7153
5KQE 895 2.683 0.4347 0.6944
5KQE 896 2.689 0.4507 0.7153
5KQE 897 2.383 0.4867 0.7361
5KQE 898 2.354 0.5001 0.7639
5KQE 899 2.412 0.4905 0.7431
5KQE 900 2.483 0.4479 0.7153
5KQE 901 2.330 0.4809 0.7222
5KQE 902 2.319 0.4752 0.7431
5KQE 903 2.336 0.4751 0.7361
5KQE 904 2.360 0.4527 0.7014
5KQE 905 2.462 0.4592 0.7153
5KQE 906 2.387 0.4701 0.7292
5KQE 907 2.391 0.4555 0.7222
5KQE 908 2.491 0.4494 0.7153
5KQE 909 2.478 0.4696 0.7153
5KQE 910 2.576 0.4591 0.7153
5KQE 911 2.424 0.4847 0.7292
5KQE 912 2.556 0.4398 0.7014
5KQE 913 2.648 0.4450 0.6875
5KQE 914 2.613 0.4934 0.7292
5KQE 915 2.589 0.4893 0.7361
5KQE 916 2.791 0.4673 0.7153
5KQE 917 2.492 0.4829 0.7361
5KQE 918 2.453 0.4619 0.7222
5KQE 919 2.646 0.4182 0.6875
5KQE 920 2.711 0.4327 0.6944
5KQE 921 2.641 0.4239 0.6875
5KQE 922 2.481 0.4392 0.7222
5KQE 923 2.606 0.4256 0.7014
5KQE 924 2.559 0.4281 0.6944
5KQE 925 2.611 0.4370 0.6875
5KQE 926 2.668 0.4272 0.6944
5KQE 927 2.532 0.4345 0.7153
5KQE 928 2.732 0.3946 0.6736
5KQE 929 2.598 0.4385 0.7153
5KQE 930 2.471 0.4280 0.6875
5KQE 931 2.671 0.4217 0.6944
5KQE 932 2.810 0.3960 0.6667
5KQE 933 2.596 0.4215 0.6806
5KQE 934 2.620 0.4179 0.6806
5KQE 935 2.715 0.4184 0.6806
5KQE 936 2.569 0.4293 0.6806
5KQE 937 2.383 0.4554 0.7153
5KQE 938 2.618 0.4406 0.7083
5KQE 939 2.478 0.4233 0.7014
5KQE 940 2.668 0.4409 0.6875
5KQE 941 2.628 0.4278 0.6875
5KQE 942 2.567 0.4300 0.6875
5KQE 943 2.535 0.4462 0.7153
5KQE 944 2.613 0.4307 0.6875
5KQE 945 2.587 0.4450 0.7083
5KQE 946 2.612 0.4336 0.6944
5KQE 947 2.780 0.4032 0.6736
5KQE 948 2.688 0.4158 0.6806
5KQE 949 2.633 0.4071 0.6875
5KQE 950 2.654 0.4546 0.7222
5KQE 951 2.635 0.4395 0.6944
5KQE 952 2.766 0.4212 0.6806
5KQE 953 2.644 0.4272 0.6875
5KQE 954 2.531 0.4275 0.6875
5KQE 955 2.561 0.4181 0.6944
5KQE 956 2.560 0.4287 0.7083
5KQE 957 2.694 0.4052 0.6875
5KQE 958 2.599 0.4269 0.7014
5KQE 959 2.665 0.4213 0.6875
5KQE 960 2.615 0.4274 0.6944
5KQE 961 2.722 0.4135 0.6875
5KQE 962 2.545 0.4374 0.7083
5KQE 963 2.536 0.4111 0.6806
5KQE 964 2.695 0.4392 0.7083
5KQE 965 2.596 0.4341 0.7014
5KQE 966 2.708 0.4143 0.6875
5KQE 967 2.527 0.4399 0.7014
5KQE 968 2.712 0.4307 0.6944
5KQE 969 2.659 0.4208 0.6944
5KQE 970 2.486 0.4431 0.7153
5KQE 971 2.615 0.4020 0.6875
5KQE 972 2.686 0.4344 0.7153
5KQE 973 2.661 0.4259 0.6875
5KQE 974 2.671 0.4397 0.7083
5KQE 975 2.524 0.4473 0.7153
5KQE 976 2.581 0.4342 0.7083
5KQE 977 2.634 0.4108 0.6806
5KQE 978 2.552 0.4246 0.6806
5KQE 979 2.549 0.4451 0.7153
5KQE 980 2.602 0.4434 0.6875
5KQE 981 2.554 0.4316 0.7014
5KQE 982 2.805 0.4023 0.6597
5KQE 983 2.751 0.4092 0.6736
5KQE 984 2.670 0.4287 0.7014
5KQE 985 2.638 0.4100 0.6806
5KQE 986 2.740 0.4201 0.6875
5KQE 987 2.654 0.3945 0.6806
5KQE 988 2.454 0.4204 0.6944
5KQE 989 2.888 0.3979 0.6875
5KQE 990 2.876 0.3995 0.6528
5KQE 991 2.726 0.4151 0.6944
5KQE 992 2.545 0.4140 0.7014
5KQE 993 2.649 0.4156 0.7014
5KQE 994 2.629 0.3860 0.6667
5KQE 995 2.647 0.4101 0.7014
5KQE 996 2.782 0.4198 0.7014
5KQE 997 2.656 0.4320 0.7014
5KQE 998 2.659 0.4218 0.6875
5KQE 999 2.541 0.4375 0.7083
5KQE 1000 2.647 0.4460 0.7083
5KQE 1001 2.634 0.4226 0.6944
5KQE 1002 2.643 0.4170 0.6875
5KQE 1003 2.518 0.4292 0.7014
5KQE 1004 2.777 0.3918 0.6806
5KQE 1005 2.634 0.4066 0.7014
5KQE 1006 2.666 0.4050 0.6875
5KQE 1007 2.464 0.4319 0.7014
5KQE 1008 2.580 0.4330 0.6944
5KQE 1009 2.627 0.4382 0.6944
5KQE 1010 2.566 0.4247 0.6944
5KQE 1011 2.655 0.4129 0.6875
5KQE 1012 2.536 0.4345 0.7222
5KQE 1013 2.671 0.4384 0.7153
5KQE 1014 2.611 0.4066 0.6806
5KQE 1015 2.554 0.4091 0.6875
5KQE 1016 2.579 0.4203 0.6875
5KQE 1017 2.612 0.4164 0.6944
5KQE 1018 2.386 0.4342 0.7014
5KQE 1019 2.712 0.3919 0.6736
5KQE 1020 2.594 0.4345 0.7014
5KQE 1021 2.517 0.4355 0.7083
5KQE 1022 2.495 0.4150 0.7014
5KQE 1023 2.521 0.3978 0.6736
5KQE 1024 2.630 0.4285 0.6875
5KQE 1025 2.708 0.4244 0.6875
5KQE 1026 2.629 0.4195 0.6944
5KQE 1027 2.695 0.4100 0.6736
5KQE 1028 2.503 0.4163 0.7083
5KQE 1029 2.846 0.4079 0.6597
5KQE 1030 2.568 0.4290 0.7014
5KQE 1031 2.639 0.4368 0.7083
5KQE 1032 2.759 0.4102 0.6597
5KQE 1033 2.601 0.4298 0.7014
5KQE 1034 2.630 0.4455 0.7292
5KQE 1035 2.834 0.4304 0.7014
5KQE 1036 2.574 0.4450 0.7083
5KQE 1037 2.688 0.4390 0.7014
5KQE 1038 2.631 0.4308 0.6944
5KQE 1039 2.574 0.4400 0.7153
5KQE 1040 2.597 0.4626 0.7292
5KQE 1041 2.574 0.4393 0.7014
5KQE 1042 2.620 0.4521 0.7222
5KQE 1043 2.638 0.4061 0.6875
5KQE 1044 2.600 0.4204 0.7153
5KQE 1045 2.401 0.4371 0.7222
5KQE 1046 2.614 0.4043 0.6875
5KQE 1047 2.549 0.4184 0.7014
5KQE 1048 2.358 0.4507 0.7361
5KQE 1049 2.672 0.4460 0.7083
5KQE 1050 2.746 0.4272 0.7014
5KQE 1051 2.649 0.4360 0.7083
5KQE 1052 2.453 0.4046 0.6875
5KQE 1053 2.701 0.3964 0.6736
5KQE 1054 2.593 0.4461 0.7292
5KQE 1055 2.685 0.4625 0.7153
5KQE 1056 2.574 0.4332 0.7014
5KQE 1057 2.673 0.4353 0.6944
5KQE 1058 2.477 0.4315 0.7014
5KQE 1059 2.552 0.4197 0.6944
5KQE 1060 2.600 0.3959 0.6736
5KQE 1061 2.572 0.4177 0.6944
5KQE 1062 2.613 0.4272 0.6944
5KQE 1063 2.622 0.4072 0.6806
5KQE 1064 2.617 0.4413 0.7083
5KQE 1065 2.712 0.4288 0.6875
5KQE 1066 2.575 0.4323 0.7083
5KQE 1067 2.521 0.4016 0.6944
5KQE 1068 2.412 0.4279 0.7014
5KQE 1069 2.746 0.4487 0.7083
5KQE 1070 2.521 0.4070 0.6944
5KQE 1071 2.682 0.4328 0.7153
5KQE 1072 2.595 0.4469 0.7083
5KQE 1073 2.664 0.4159 0.6944
5KQE 1074 2.658 0.4555 0.7292
5KQE 1075 2.545 0.4548 0.7222
5KQE 1076 2.507 0.4333 0.7014
5KQE 1077 2.636 0.4298 0.7083
5KQE 1078 2.702 0.4236 0.6736
5KQE 1079 2.729 0.4071 0.6736
5KQE 1080 2.623 0.3955 0.6667
5KQE 1081 2.735 0.4088 0.6806
5KQE 1082 2.604 0.4226 0.7014
5KQE 1083 2.581 0.4497 0.7292
5KQE 1084 2.715 0.4368 0.7153
5KQE 1085 2.523 0.4623 0.7361
5KQE 1086 2.524 0.4531 0.7014
5KQE 1087 2.438 0.4459 0.7153
5KQE 1088 2.556 0.4256 0.6944
5KQE 1089 2.449 0.4505 0.7153
5KQE 1090 2.377 0.4617 0.7361
5KQE 1091 2.308 0.4535 0.7222
5KQE 1092 2.291 0.4450 0.7083
5KQE 1093 2.489 0.4297 0.6944
5KQE 1094 2.656 0.4279 0.7083
5KQE 1095 2.699 0.4225 0.7014
5KQE 1096 2.773 0.4006 0.6875
5KQE 1097 2.681 0.4482 0.7083
5KQE 1098 2.727 0.4092 0.6875
5KQE 1099 2.491 0.4344 0.6944
5KQE 1100 2.582 0.4724 0.7292
5KQE 1101 2.284 0.4770 0.7431
5KQE 1102 2.687 0.4298 0.7014
5KQE 1103 2.415 0.4560 0.7222
5KQE 1104 2.651 0.4191 0.6944
5KQE 1105 2.673 0.4541 0.7083
5KQE 1106 2.617 0.4490 0.7153
5KQE 1107 2.649 0.4222 0.6944
5KQE 1108 2.481 0.4139 0.6944
5KQE 1109 2.597 0.4204 0.7083
5KQE 1110 2.696 0.4126 0.6736
5KQE 1111 2.585 0.4207 0.6944
5KQE 1112 2.347 0.4727 0.7361
5KQE 1113 2.458 0.4656 0.7361
5KQE 1114 2.453 0.4611 0.7222
5KQE 1115 2.369 0.4545 0.7222
5KQE 1116 2.232 0.4847 0.7431
5KQE 1117 2.336 0.4787 0.7500
5KQE 1118 2.359 0.4743 0.7500
5KQE 1119 2.479 0.4503 0.7222
5KQE 1120 2.408 0.4273 0.7014
5KQE 1121 2.564 0.4477 0.7083
5KQE 1122 2.697 0.4047 0.6806
5KQE 1123 2.532 0.4366 0.7083
5KQE 1124 2.420 0.4634 0.7292
5KQE 1125 2.580 0.4358 0.6944
5KQE 1126 2.603 0.4440 0.7014
5KQE 1127 2.347 0.4502 0.7222
5KQE 1128 2.452 0.4491 0.7014
5KQE 1129 2.295 0.4570 0.7222
5KQE 1130 2.378 0.4420 0.7014
5KQE 1131 2.757 0.4251 0.7083
5KQE 1132 2.513 0.4183 0.7014
5KQE 1133 2.515 0.4241 0.7014
5KQE 1134 2.414 0.4626 0.7292
5KQE 1135 2.671 0.4388 0.7222
5KQE 1136 2.454 0.4538 0.7083
5KQE 1137 2.552 0.4215 0.6944
5KQE 1138 2.640 0.4550 0.7083
5KQE 1139 2.545 0.4316 0.6944
5KQE 1140 2.644 0.4442 0.7083
5KQE 1141 2.604 0.4331 0.7153
5KQE 1142 2.680 0.4143 0.7014
5KQE 1143 2.685 0.4129 0.6667
5KQE 1144 2.348 0.4386 0.7083
5KQE 1145 2.460 0.4622 0.7222
5KQE 1146 2.513 0.4816 0.7361
5KQE 1147 2.606 0.4410 0.7083
5KQE 1148 2.642 0.4326 0.6875
5KQE 1149 2.540 0.4685 0.7222
5KQE 1150 2.591 0.4680 0.7222
5KQE 1151 2.434 0.4579 0.7292
5KQE 1152 2.227 0.4590 0.7153
5KQE 1153 2.479 0.4414 0.6875
5KQE 1154 2.399 0.4487 0.7153
5KQE 1155 2.602 0.4375 0.6944
5KQE 1156 2.697 0.4541 0.7153
5KQE 1157 2.544 0.4182 0.7014
5KQE 1158 2.590 0.4183 0.7014
5KQE 1159 2.565 0.4238 0.6944
5KQE 1160 2.280 0.4825 0.7361
5KQE 1161 2.521 0.4199 0.6944
5KQE 1162 2.590 0.4242 0.7014
5KQE 1163 2.447 0.4358 0.7153
5KQE 1164 2.535 0.4334 0.7014
5KQE 1165 2.409 0.4467 0.7153
5KQE 1166 2.469 0.4531 0.7153
5KQE 1167 2.647 0.4646 0.7222
5KQE 1168 2.599 0.4741 0.7361
5KQE 1169 2.493 0.4665 0.7292
5KQE 1170 2.544 0.4233 0.6806
5KQE 1171 2.624 0.4585 0.7292
5KQE 1172 2.674 0.4360 0.7083
5KQE 1173 2.590 0.4213 0.6944
5KQE 1174 2.386 0.4675 0.7500
5KQE 1175 2.500 0.4669 0.7500
5KQE 1176 2.482 0.4315 0.6944
5KQE 1177 2.376 0.4766 0.7431
5KQE 1178 2.428 0.4585 0.7153
5KQE 1179 2.277 0.4339 0.7014
5KQE 1180 2.580 0.3955 0.6736
5KQE 1181 2.158 0.4652 0.7153
5KQE 1182 2.255 0.4607 0.7153
5KQE 1183 2.388 0.4612 0.7153
5KQE 1184 2.442 0.4353 0.7083
5KQE 1185 2.457 0.4466 0.6806
5KQE 1186 2.401 0.4247 0.7083
5KQE 1187 2.644 0.4197 0.6944
5KQE 1188 2.586 0.3899 0.6806
5KQE 1189 2.316 0.4188 0.6875
5KQE 1190 2.391 0.4436 0.6944
5KQE 1191 2.459 0.4308 0.7014
5KQE 1192 2.617 0.4186 0.6806
5KQE 1193 2.705 0.4068 0.6875
5KQE 1194 2.558 0.4390 0.6944
5KQE 1195 2.210 0.4872 0.7431
5KQE 1196 2.360 0.4597 0.7153
5KQE 1197 2.674 0.4020 0.6736
5KQE 1198 2.696 0.3939 0.6736
5KQE 1199 2.418 0.4597 0.7014
5KQE 1200 2.159 0.4915 0.7292
5KQE 1201 2.267 0.4827 0.7431
5KQE 1202 2.432 0.4490 0.7153
5KQE 1203 2.459 0.4539 0.7222
5KQE 1204 2.269 0.4496 0.7153
5KQE 1205 2.418 0.4374 0.6875
