2MFD 1 0.000 1.0000 1.0000
2MFD 2 1.269 0.3250 0.8947
2MFD 3 1.580 0.3491 0.8684
2MFD 4 1.239 0.3501 0.9079
2MFD 5 1.090 0.3338 0.9211
2MFD 6 1.186 0.3448 0.9079
2MFD 7 0.904 0.4024 0.9605
2MFD 8 1.096 0.3593 0.9211
2MFD 9 1.035 0.3666 0.9342
2MFD 10 1.048 0.3494 0.8947
2MFD 11 1.030 0.3493 0.9211
2MFD 12 0.915 0.3894 0.9342
2MFD 13 1.436 0.3467 0.8553
2MFD 14 1.802 0.3450 0.8158
2MFD 15 0.959 0.3798 0.9342
2MFD 16 1.570 0.3528 0.8553
2MFD 17 0.969 0.4393 0.9474
2MFD 18 0.622 0.5456 0.9868
2MFD 19 1.323 0.3316 0.8816
2MFD 20 1.043 0.3894 0.9079
2MFD 21 9.997 0.1344 0.4079
2MFD 22 9.463 0.1343 0.3421
2MFD 23 4.441 0.1168 0.5263
2MFD 24 6.280 0.1469 0.5132
2MFD 25 7.459 0.1288 0.4737
2MFD 26 9.352 0.1246 0.4079
2MFD 27 5.996 0.1697 0.5263
2MFD 28 9.132 0.1603 0.4211
2MFD 29 9.888 0.0654 0.3553
2MFD 30 8.323 0.1158 0.5000
2MFD 31 3.270 0.1696 0.6184
2MFD 32 5.829 0.1261 0.5395
2MFD 33 6.565 0.1293 0.5132
2MFD 34 6.522 0.1882 0.5263
2MFD 35 7.429 0.1152 0.4737
2MFD 36 3.972 0.2179 0.6579
2MFD 37 5.389 0.1808 0.6184
2MFD 38 3.994 0.1666 0.6447
2MFD 39 4.072 0.2185 0.6711
2MFD 40 7.059 0.1926 0.6053
2MFD 41 10.303 0.1516 0.3816
2MFD 42 4.687 0.2139 0.6316
2MFD 43 4.348 0.1845 0.6184
2MFD 44 2.803 0.2074 0.7368
2MFD 45 4.607 0.1777 0.5921
2MFD 46 4.436 0.1965 0.6711
2MFD 47 4.798 0.2231 0.6447
2MFD 48 4.396 0.2075 0.6447
2MFD 49 3.560 0.2132 0.7237
2MFD 50 5.119 0.1713 0.6053
2MFD 51 4.726 0.1675 0.6316
2MFD 52 5.613 0.2200 0.6316
2MFD 53 3.859 0.1755 0.6184
2MFD 54 5.194 0.2095 0.6053
2MFD 55 4.769 0.2393 0.6842
2MFD 56 5.320 0.1736 0.6184
2MFD 57 5.839 0.1574 0.5395
2MFD 58 5.026 0.2503 0.6316
2MFD 59 4.499 0.2229 0.6579
2MFD 60 3.902 0.2197 0.6842
2MFD 61 3.404 0.1900 0.6711
2MFD 62 7.707 0.1756 0.4474
2MFD 63 8.212 0.1310 0.5132
2MFD 64 3.410 0.2044 0.6842
2MFD 65 6.562 0.1264 0.4474
2MFD 66 2.980 0.2562 0.7237
2MFD 67 5.000 0.1917 0.5921
2MFD 68 6.487 0.2269 0.5263
2MFD 69 3.568 0.1787 0.6316
2MFD 70 4.110 0.1805 0.6711
2MFD 71 6.106 0.1779 0.5132
2MFD 72 2.987 0.2111 0.7105
2MFD 73 5.047 0.2081 0.6316
2MFD 74 4.017 0.1960 0.6447
2MFD 75 5.221 0.2120 0.6579
2MFD 76 4.878 0.2244 0.6316
2MFD 77 3.652 0.1940 0.6447
2MFD 78 4.753 0.2178 0.6711
2MFD 79 6.082 0.1794 0.6053
2MFD 80 4.388 0.1939 0.6711
2MFD 81 4.083 0.1916 0.6184
2MFD 82 4.701 0.1974 0.6447
2MFD 83 4.131 0.1690 0.6447
2MFD 84 4.869 0.1691 0.6184
2MFD 85 5.302 0.1968 0.6447
2MFD 86 3.594 0.1914 0.6579
2MFD 87 3.718 0.1844 0.6579
2MFD 88 6.193 0.1779 0.6053
2MFD 89 6.388 0.2085 0.5921
2MFD 90 3.261 0.2279 0.6842
2MFD 91 5.388 0.1916 0.5921
2MFD 92 5.653 0.2180 0.6316
2MFD 93 5.985 0.2139 0.6316
2MFD 94 2.673 0.2637 0.7895
2MFD 95 4.166 0.2445 0.6579
2MFD 96 4.365 0.2036 0.6447
2MFD 97 4.701 0.1993 0.6184
2MFD 98 5.317 0.1999 0.6579
2MFD 99 3.784 0.2296 0.6974
2MFD 100 5.252 0.1893 0.5789
2MFD 101 6.467 0.1290 0.5263
2MFD 102 7.003 0.1243 0.5000
2MFD 103 7.345 0.1433 0.5132
2MFD 104 7.150 0.1199 0.4605
2MFD 105 7.441 0.1921 0.4868
2MFD 106 8.796 0.1241 0.3947
2MFD 107 6.889 0.1464 0.4737
2MFD 108 3.052 0.1736 0.6579
2MFD 109 8.245 0.1507 0.4211
2MFD 110 4.282 0.2060 0.5921
2MFD 111 3.698 0.2119 0.6711
2MFD 112 7.366 0.0837 0.4605
2MFD 113 4.098 0.2090 0.6316
2MFD 114 3.184 0.1841 0.6579
2MFD 115 3.045 0.1932 0.7105
2MFD 116 4.845 0.1957 0.6053
2MFD 117 3.594 0.1916 0.6447
2MFD 118 4.965 0.1743 0.6184
2MFD 119 3.549 0.2072 0.6579
2MFD 120 3.539 0.2295 0.6974
2MFD 121 4.691 0.1648 0.5789
2MFD 122 6.208 0.1657 0.6053
2MFD 123 5.844 0.2000 0.6184
2MFD 124 4.072 0.1862 0.6711
2MFD 125 3.361 0.2042 0.6579
2MFD 126 5.912 0.1536 0.5921
2MFD 127 3.941 0.2026 0.6184
2MFD 128 4.570 0.1612 0.6053
2MFD 129 4.185 0.2222 0.6974
2MFD 130 3.666 0.1923 0.6842
2MFD 131 4.473 0.1948 0.6711
2MFD 132 4.044 0.2113 0.6579
2MFD 133 3.849 0.1924 0.6711
2MFD 134 4.817 0.2334 0.6579
2MFD 135 4.413 0.1448 0.6053
2MFD 136 4.322 0.2069 0.6579
2MFD 137 3.133 0.2235 0.7237
2MFD 138 5.259 0.1942 0.6316
2MFD 139 5.797 0.1946 0.6316
2MFD 140 4.363 0.1662 0.6053
2MFD 141 7.471 0.1141 0.4868
2MFD 142 7.543 0.1057 0.4737
2MFD 143 6.112 0.1747 0.6184
2MFD 144 6.532 0.1082 0.4474
2MFD 145 10.147 0.1572 0.4474
2MFD 146 3.599 0.1777 0.6579
2MFD 147 3.201 0.1968 0.7105
2MFD 148 3.632 0.1984 0.6711
2MFD 149 3.222 0.1935 0.7368
2MFD 150 6.116 0.1729 0.5921
2MFD 151 6.042 0.1499 0.5263
2MFD 152 5.183 0.1979 0.6316
2MFD 153 3.230 0.1963 0.6711
2MFD 154 4.347 0.2068 0.6579
2MFD 155 4.129 0.1828 0.6053
2MFD 156 5.402 0.1540 0.5921
2MFD 157 3.460 0.1988 0.6447
2MFD 158 6.666 0.2279 0.5921
2MFD 159 4.570 0.1726 0.6053
2MFD 160 4.925 0.1738 0.6053
2MFD 161 6.382 0.1914 0.6053
2MFD 162 5.234 0.1582 0.5658
2MFD 163 4.561 0.2163 0.6184
2MFD 164 3.748 0.1670 0.6842
2MFD 165 3.472 0.2086 0.6711
2MFD 166 4.202 0.2042 0.6184
2MFD 167 5.226 0.1350 0.5789
2MFD 168 4.588 0.1730 0.6053
2MFD 169 4.830 0.1973 0.6316
2MFD 170 5.471 0.1927 0.6184
2MFD 171 3.863 0.2054 0.6711
2MFD 172 3.622 0.1657 0.6447
2MFD 173 3.858 0.1952 0.6842
2MFD 174 3.574 0.2015 0.6842
2MFD 175 4.102 0.1772 0.6316
2MFD 176 5.242 0.1857 0.5921
2MFD 177 4.548 0.1755 0.6316
2MFD 178 5.187 0.1941 0.6184
2MFD 179 4.736 0.1715 0.6184
2MFD 180 5.337 0.1783 0.6053
2MFD 181 9.573 0.1201 0.4079
2MFD 182 4.477 0.1280 0.5658
2MFD 183 6.316 0.1332 0.5263
2MFD 184 9.043 0.1327 0.4079
2MFD 185 5.033 0.1955 0.6184
2MFD 186 9.049 0.0926 0.3421
2MFD 187 7.934 0.0811 0.3947
2MFD 188 5.082 0.1937 0.6316
2MFD 189 5.618 0.1154 0.5132
2MFD 190 7.648 0.0834 0.3947
2MFD 191 5.392 0.1816 0.6053
2MFD 192 10.836 0.1302 0.4211
2MFD 193 7.485 0.1532 0.4211
2MFD 194 4.320 0.1016 0.5789
2MFD 195 5.798 0.1285 0.5395
2MFD 196 3.666 0.2162 0.6711
2MFD 197 10.328 0.1365 0.3947
2MFD 198 4.490 0.1809 0.6447
2MFD 199 3.659 0.1489 0.6184
2MFD 200 6.052 0.2007 0.6053
2MFD 201 5.330 0.2037 0.6316
2MFD 202 5.259 0.1585 0.5789
2MFD 203 6.693 0.1989 0.5132
2MFD 204 4.981 0.1810 0.6184
2MFD 205 5.521 0.2043 0.6447
2MFD 206 5.752 0.1846 0.6053
2MFD 207 4.269 0.2305 0.6711
2MFD 208 2.014 0.2480 0.8026
2MFD 209 4.175 0.2726 0.6842
2MFD 210 6.076 0.2150 0.6184
2MFD 211 3.617 0.2224 0.6974
2MFD 212 5.325 0.1999 0.6316
2MFD 213 4.092 0.1884 0.6447
2MFD 214 4.880 0.1950 0.6579
2MFD 215 4.954 0.1919 0.6447
2MFD 216 3.433 0.1958 0.6842
2MFD 217 5.267 0.2708 0.6184
2MFD 218 5.309 0.1861 0.6579
2MFD 219 3.462 0.2006 0.6711
2MFD 220 4.709 0.2091 0.6184
2MFD 221 6.663 0.1970 0.5395
2MFD 222 8.204 0.1706 0.4737
2MFD 223 7.206 0.2235 0.5000
2MFD 224 9.887 0.1267 0.4211
2MFD 225 7.396 0.1739 0.4605
2MFD 226 9.184 0.1111 0.4211
2MFD 227 7.454 0.1561 0.4737
2MFD 228 6.720 0.1365 0.5000
2MFD 229 4.397 0.2120 0.6579
2MFD 230 9.087 0.1234 0.3947
2MFD 231 2.910 0.2027 0.7500
2MFD 232 8.986 0.1843 0.4605
2MFD 233 6.371 0.1778 0.5921
2MFD 234 5.252 0.2814 0.6842
2MFD 235 5.379 0.2284 0.6184
2MFD 236 3.562 0.2247 0.7237
2MFD 237 5.879 0.1698 0.6184
2MFD 238 4.430 0.1816 0.6053
2MFD 239 6.148 0.2570 0.5789
2MFD 240 2.702 0.1401 0.6842
2MFD 241 8.324 0.1364 0.4737
2MFD 242 6.522 0.2137 0.6447
2MFD 243 3.892 0.1971 0.6711
2MFD 244 3.078 0.2096 0.6842
2MFD 245 6.014 0.1936 0.5658
2MFD 246 3.807 0.2471 0.6842
2MFD 247 4.214 0.2097 0.6447
2MFD 248 3.013 0.1820 0.6842
2MFD 249 2.693 0.1953 0.7368
2MFD 250 4.082 0.2267 0.6842
2MFD 251 3.782 0.2013 0.6447
2MFD 252 2.695 0.2105 0.7368
2MFD 253 4.242 0.2287 0.6579
2MFD 254 5.554 0.2222 0.6711
2MFD 255 3.591 0.2015 0.6447
2MFD 256 4.168 0.2294 0.6711
2MFD 257 3.947 0.1874 0.6316
2MFD 258 3.662 0.1813 0.6184
2MFD 259 3.356 0.1620 0.6316
2MFD 260 3.809 0.1960 0.6447
2MFD 261 9.215 0.0911 0.3816
2MFD 262 3.448 0.1425 0.6316
2MFD 263 8.395 0.0781 0.4079
2MFD 264 9.657 0.0696 0.3684
2MFD 265 7.899 0.1393 0.4737
2MFD 266 8.971 0.1161 0.4868
2MFD 267 10.306 0.1238 0.4079
2MFD 268 7.462 0.1804 0.4342
2MFD 269 3.207 0.1804 0.6974
2MFD 270 4.651 0.2180 0.6447
2MFD 271 3.726 0.2072 0.6316
2MFD 272 4.161 0.2147 0.6842
2MFD 273 2.314 0.2423 0.7763
2MFD 274 5.291 0.2599 0.6447
2MFD 275 5.892 0.1766 0.5789
2MFD 276 3.655 0.1673 0.6447
2MFD 277 3.511 0.2239 0.6711
2MFD 278 2.595 0.1917 0.7237
2MFD 279 3.697 0.1853 0.6447
2MFD 280 5.480 0.1758 0.6184
2MFD 281 3.568 0.1654 0.6579
2MFD 282 4.600 0.1761 0.6053
2MFD 283 4.853 0.2184 0.6579
2MFD 284 6.085 0.2014 0.6053
2MFD 285 3.298 0.2041 0.7105
2MFD 286 3.336 0.1869 0.6579
2MFD 287 5.852 0.2044 0.6316
2MFD 288 5.251 0.2106 0.5789
2MFD 289 3.207 0.1863 0.6711
2MFD 290 5.108 0.2089 0.6842
2MFD 291 4.010 0.1948 0.6316
2MFD 292 3.845 0.1562 0.6316
2MFD 293 4.240 0.1901 0.6974
2MFD 294 5.198 0.1855 0.5658
2MFD 295 3.664 0.2500 0.6974
2MFD 296 4.696 0.1801 0.6053
2MFD 297 4.739 0.2207 0.6579
2MFD 298 2.795 0.2074 0.7368
2MFD 299 3.776 0.1986 0.6447
2MFD 300 5.009 0.2148 0.7105
2MFD 301 6.639 0.1482 0.4605
2MFD 302 8.002 0.0964 0.4342
2MFD 303 6.843 0.2166 0.5921
2MFD 304 4.277 0.2346 0.6974
2MFD 305 9.225 0.1404 0.4868
2MFD 306 10.207 0.1471 0.4868
2MFD 307 6.822 0.2036 0.6184
2MFD 308 4.345 0.2047 0.6053
2MFD 309 4.613 0.2067 0.6316
2MFD 310 5.887 0.1750 0.6053
2MFD 311 3.440 0.1943 0.6447
2MFD 312 2.711 0.2240 0.7368
2MFD 313 3.921 0.2096 0.6711
2MFD 314 3.628 0.1979 0.7105
2MFD 315 6.274 0.1649 0.4868
2MFD 316 5.717 0.2477 0.6447
2MFD 317 3.736 0.2014 0.6711
2MFD 318 3.252 0.2020 0.6711
2MFD 319 5.538 0.1791 0.6053
2MFD 320 3.331 0.2153 0.6974
2MFD 321 6.284 0.1621 0.6184
2MFD 322 4.812 0.1770 0.6184
2MFD 323 5.438 0.1846 0.5658
2MFD 324 4.392 0.1970 0.6447
2MFD 325 5.460 0.2025 0.6184
2MFD 326 5.506 0.1830 0.6053
2MFD 327 5.216 0.1804 0.6316
2MFD 328 5.489 0.2126 0.6053
2MFD 329 4.797 0.1644 0.6316
2MFD 330 3.982 0.1963 0.6579
2MFD 331 5.999 0.1905 0.6184
2MFD 332 4.936 0.1879 0.6053
2MFD 333 4.851 0.2011 0.6579
2MFD 334 4.023 0.1940 0.6579
2MFD 335 3.672 0.2079 0.7105
2MFD 336 4.577 0.1585 0.6184
2MFD 337 5.457 0.1912 0.6053
2MFD 338 5.023 0.1857 0.6316
2MFD 339 4.459 0.2024 0.6711
2MFD 340 4.889 0.1809 0.6316
2MFD 341 8.174 0.1114 0.4342
2MFD 342 6.905 0.0872 0.4079
2MFD 343 8.051 0.1175 0.4211
2MFD 344 5.827 0.1507 0.5263
2MFD 345 5.241 0.1740 0.6053
2MFD 346 5.506 0.1583 0.5658
2MFD 347 5.018 0.1199 0.5526
2MFD 348 4.654 0.1710 0.6053
2MFD 349 6.087 0.1341 0.4868
2MFD 350 3.693 0.1887 0.6447
2MFD 351 4.474 0.2043 0.6316
2MFD 352 4.110 0.1832 0.6447
2MFD 353 5.010 0.1789 0.6053
2MFD 354 4.558 0.1846 0.5526
2MFD 355 8.500 0.1579 0.5132
2MFD 356 3.394 0.1874 0.6842
2MFD 357 5.126 0.1480 0.5921
2MFD 358 4.181 0.2043 0.6447
2MFD 359 4.540 0.1793 0.6447
2MFD 360 5.928 0.1775 0.5789
2MFD 361 4.676 0.1237 0.5526
2MFD 362 4.377 0.1521 0.6184
2MFD 363 4.654 0.1769 0.6053
2MFD 364 4.490 0.1992 0.6579
2MFD 365 4.043 0.2214 0.6711
2MFD 366 5.268 0.1798 0.5789
2MFD 367 4.091 0.2210 0.6447
2MFD 368 5.724 0.1838 0.5921
2MFD 369 3.996 0.1588 0.5921
2MFD 370 3.888 0.1795 0.6447
2MFD 371 4.971 0.1978 0.6316
2MFD 372 4.023 0.2181 0.6579
2MFD 373 2.397 0.2527 0.7500
2MFD 374 3.940 0.1886 0.6316
2MFD 375 4.094 0.2072 0.6579
2MFD 376 4.409 0.2303 0.6974
2MFD 377 3.346 0.1856 0.6711
2MFD 378 5.778 0.2285 0.6579
2MFD 379 2.162 0.2219 0.7895
2MFD 380 4.951 0.1546 0.5789
2MFD 381 1.138 0.3462 0.8947
2MFD 382 1.176 0.3192 0.9079
2MFD 383 1.421 0.2593 0.8553
2MFD 384 1.356 0.2445 0.8684
2MFD 385 1.366 0.2568 0.8816
2MFD 386 1.410 0.2381 0.8553
2MFD 387 1.362 0.2448 0.8816
2MFD 388 1.373 0.2418 0.8553
2MFD 389 1.388 0.2420 0.8684
2MFD 390 1.402 0.2420 0.8553
2MFD 391 1.374 0.2468 0.8684
2MFD 392 1.395 0.2416 0.8684
2MFD 393 1.405 0.2381 0.8553
2MFD 394 1.411 0.2401 0.8553
2MFD 395 1.413 0.2421 0.8553
2MFD 396 1.405 0.2392 0.8553
2MFD 397 1.396 0.2421 0.8553
2MFD 398 1.408 0.2415 0.8553
2MFD 399 1.399 0.2371 0.8553
2MFD 400 1.406 0.2431 0.8553
2MFD 401 1.409 0.2401 0.8553
2MFD 402 1.380 0.2471 0.8684
2MFD 403 1.394 0.2420 0.8553
2MFD 404 1.390 0.2485 0.8684
2MFD 405 1.405 0.2409 0.8553
2MFD 406 1.412 0.2392 0.8553
2MFD 407 1.396 0.2454 0.8684
2MFD 408 1.384 0.2416 0.8684
2MFD 409 1.375 0.2483 0.8684
2MFD 410 1.412 0.2455 0.8684
2MFD 411 1.406 0.2430 0.8553
2MFD 412 1.375 0.2491 0.8684
2MFD 413 1.367 0.2448 0.8684
2MFD 414 1.360 0.2500 0.8553
2MFD 415 1.397 0.2404 0.8553
2MFD 416 1.412 0.2537 0.8553
2MFD 417 1.370 0.2442 0.8553
2MFD 418 1.371 0.2415 0.8553
2MFD 419 1.370 0.2433 0.8553
2MFD 420 1.373 0.2457 0.8553
2MFD 421 1.367 0.2477 0.8553
2MFD 422 1.384 0.2408 0.8553
2MFD 423 1.373 0.2458 0.8553
2MFD 424 1.336 0.2618 0.8816
2MFD 425 1.381 0.2482 0.8553
2MFD 426 1.324 0.2509 0.8816
2MFD 427 1.387 0.2466 0.8553
2MFD 428 1.391 0.2493 0.8553
2MFD 429 1.366 0.2447 0.8684
2MFD 430 1.398 0.2536 0.8553
2MFD 431 1.389 0.2440 0.8553
2MFD 432 1.409 0.2500 0.8553
2MFD 433 1.413 0.2468 0.8553
2MFD 434 1.422 0.2483 0.8553
2MFD 435 1.424 0.2505 0.8684
2MFD 436 1.410 0.2504 0.8553
2MFD 437 1.418 0.2441 0.8553
2MFD 438 1.394 0.2446 0.8553
2MFD 439 1.479 0.2188 0.8289
2MFD 440 1.475 0.2311 0.8421
2MFD 441 1.474 0.2283 0.8289
2MFD 442 1.494 0.2265 0.8289
2MFD 443 1.451 0.2240 0.8289
2MFD 444 1.431 0.2289 0.8553
2MFD 445 1.471 0.2391 0.8421
2MFD 446 1.479 0.2268 0.8421
2MFD 447 1.433 0.2247 0.8421
2MFD 448 1.452 0.2241 0.8421
2MFD 449 1.423 0.2391 0.8421
2MFD 450 1.455 0.2429 0.8421
2MFD 451 1.440 0.2352 0.8553
2MFD 452 1.447 0.2266 0.8553
2MFD 453 1.429 0.2276 0.8421
2MFD 454 1.433 0.2274 0.8421
2MFD 455 1.466 0.2243 0.8421
2MFD 456 1.472 0.2250 0.8421
2MFD 457 1.504 0.2381 0.8421
2MFD 458 1.461 0.2336 0.8421
2MFD 459 1.401 0.2322 0.8553
2MFD 460 1.483 0.2332 0.8421
2MFD 461 1.436 0.2404 0.8421
2MFD 462 1.439 0.2407 0.8684
2MFD 463 1.410 0.2385 0.8553
2MFD 464 1.470 0.2260 0.8421
2MFD 465 1.494 0.2258 0.8421
2MFD 466 1.531 0.2197 0.8421
2MFD 467 1.505 0.2221 0.8289
2MFD 468 1.478 0.2261 0.8421
2MFD 469 1.502 0.2254 0.8421
2MFD 470 1.484 0.2179 0.8421
2MFD 471 1.521 0.2191 0.8421
2MFD 472 1.467 0.2294 0.8421
2MFD 473 1.443 0.2290 0.8421
2MFD 474 1.521 0.2204 0.8289
2MFD 475 1.486 0.2307 0.8421
2MFD 476 1.502 0.2157 0.8421
2MFD 477 1.490 0.2264 0.8421
2MFD 478 1.504 0.2234 0.8421
2MFD 479 1.527 0.2170 0.8421
2MFD 480 1.528 0.2277 0.8421
2MFD 481 1.544 0.2261 0.8289
2MFD 482 1.535 0.2224 0.8289
2MFD 483 1.584 0.2140 0.8289
2MFD 484 1.482 0.2254 0.8421
2MFD 485 1.507 0.2179 0.8421
2MFD 486 1.507 0.2279 0.8289
2MFD 487 1.490 0.2346 0.8421
2MFD 488 1.513 0.2246 0.8421
2MFD 489 1.524 0.2183 0.8421
2MFD 490 1.502 0.2175 0.8421
2MFD 491 1.474 0.2232 0.8421
2MFD 492 1.498 0.2324 0.8421
2MFD 493 1.468 0.2270 0.8421
2MFD 494 1.522 0.2103 0.8421
2MFD 495 1.461 0.2175 0.8684
2MFD 496 1.504 0.2191 0.8553
2MFD 497 1.509 0.2166 0.8553
2MFD 498 1.450 0.2070 0.8421
2MFD 499 1.476 0.2315 0.8421
2MFD 500 1.435 0.2286 0.8684
2MFD 501 1.476 0.2411 0.8421
2MFD 502 1.479 0.2247 0.8421
2MFD 503 1.468 0.2278 0.8421
2MFD 504 1.453 0.2250 0.8421
2MFD 505 1.431 0.2457 0.8421
2MFD 506 1.478 0.2148 0.8421
2MFD 507 1.416 0.2264 0.8421
2MFD 508 1.462 0.2143 0.8421
2MFD 509 1.466 0.2196 0.8421
2MFD 510 1.439 0.2143 0.8684
2MFD 511 1.474 0.2018 0.8289
2MFD 512 1.486 0.2172 0.8421
2MFD 513 1.457 0.2186 0.8553
2MFD 514 1.466 0.2133 0.8421
2MFD 515 1.445 0.2103 0.8553
2MFD 516 1.457 0.2130 0.8553
2MFD 517 1.476 0.2107 0.8421
2MFD 518 1.468 0.2129 0.8421
2MFD 519 1.444 0.2275 0.8421
2MFD 520 1.510 0.2106 0.8421
2MFD 521 1.537 0.2090 0.8289
2MFD 522 1.484 0.2205 0.8289
2MFD 523 1.406 0.2275 0.8553
2MFD 524 1.474 0.2202 0.8421
2MFD 525 1.463 0.2107 0.8289
2MFD 526 1.443 0.2308 0.8684
2MFD 527 1.454 0.2574 0.8553
2MFD 528 1.404 0.2614 0.8553
2MFD 529 1.556 0.2066 0.8421
2MFD 530 1.470 0.2380 0.8421
2MFD 531 1.506 0.2202 0.8553
2MFD 532 1.601 0.2179 0.8289
2MFD 533 1.551 0.2253 0.8289
2MFD 534 1.468 0.2335 0.8421
2MFD 535 1.421 0.2432 0.8553
2MFD 536 1.387 0.2536 0.8684
2MFD 537 1.479 0.2332 0.8421
2MFD 538 1.395 0.2419 0.8421
2MFD 539 1.466 0.2026 0.8553
2MFD 540 1.465 0.2164 0.8421
2MFD 541 1.464 0.2292 0.8553
2MFD 542 1.547 0.1997 0.8421
2MFD 543 1.519 0.2330 0.8421
2MFD 544 1.471 0.2377 0.8421
2MFD 545 1.463 0.2383 0.8421
2MFD 546 1.500 0.2295 0.8421
2MFD 547 1.525 0.2232 0.8421
2MFD 548 1.545 0.2258 0.8289
2MFD 549 1.466 0.2494 0.8421
2MFD 550 1.556 0.2054 0.8158
2MFD 551 1.457 0.2633 0.8421
2MFD 552 1.649 0.2116 0.8289
2MFD 553 1.539 0.2390 0.8421
2MFD 554 1.446 0.2341 0.8553
2MFD 555 1.558 0.2360 0.8421
2MFD 556 1.478 0.2316 0.8421
2MFD 557 1.515 0.2352 0.8421
2MFD 558 1.501 0.2256 0.8421
2MFD 559 1.514 0.2258 0.8421
2MFD 560 1.490 0.2023 0.8421
2MFD 561 1.543 0.2287 0.8289
2MFD 562 1.501 0.2308 0.8421
2MFD 563 1.492 0.2210 0.8421
2MFD 564 1.473 0.2188 0.8421
2MFD 565 1.489 0.2388 0.8553
2MFD 566 1.524 0.2269 0.8289
2MFD 567 1.569 0.2163 0.8289
2MFD 568 1.578 0.2227 0.8289
2MFD 569 1.379 0.2424 0.8684
2MFD 570 1.452 0.2340 0.8421
2MFD 571 1.372 0.2531 0.8684
2MFD 572 1.545 0.2318 0.8421
2MFD 573 1.437 0.2420 0.8553
2MFD 574 1.516 0.2312 0.8289
2MFD 575 1.480 0.2532 0.8553
2MFD 576 1.577 0.2237 0.8421
2MFD 577 1.484 0.2023 0.8421
2MFD 578 1.487 0.2379 0.8421
2MFD 579 1.582 0.2300 0.8421
2MFD 580 1.472 0.2508 0.8421
2MFD 581 1.570 0.2067 0.8289
2MFD 582 1.502 0.2342 0.8421
2MFD 583 1.507 0.2378 0.8553
2MFD 584 1.574 0.2444 0.8421
2MFD 585 1.450 0.2393 0.8421
2MFD 586 1.678 0.2109 0.8158
2MFD 587 1.727 0.1994 0.8158
2MFD 588 1.594 0.2314 0.8421
2MFD 589 1.725 0.2086 0.8158
2MFD 590 1.555 0.2167 0.8421
2MFD 591 1.474 0.2516 0.8421
2MFD 592 1.484 0.2332 0.8421
2MFD 593 1.496 0.2487 0.8421
2MFD 594 1.627 0.2011 0.8421
2MFD 595 1.617 0.2317 0.8289
2MFD 596 1.577 0.2184 0.8289
2MFD 597 1.474 0.2234 0.8421
2MFD 598 1.460 0.2373 0.8553
2MFD 599 1.538 0.2396 0.8421
2MFD 600 1.688 0.2229 0.8289
2MFD 601 1.772 0.2094 0.8026
2MFD 602 1.612 0.2132 0.8289
2MFD 603 1.506 0.2408 0.8421
2MFD 604 1.495 0.2230 0.8421
2MFD 605 1.610 0.2475 0.8289
2MFD 606 1.553 0.2195 0.8421
2MFD 607 1.614 0.2200 0.8158
2MFD 608 1.690 0.2182 0.8158
2MFD 609 1.515 0.2428 0.8289
2MFD 610 1.751 0.2354 0.8026
2MFD 611 1.912 0.2278 0.7895
2MFD 612 1.988 0.2141 0.7763
2MFD 613 2.064 0.2228 0.7763
2MFD 614 2.032 0.2274 0.7895
2MFD 615 2.026 0.2136 0.7763
2MFD 616 2.084 0.2771 0.7763
2MFD 617 2.049 0.2394 0.7763
2MFD 618 2.019 0.2093 0.7763
2MFD 619 2.096 0.2267 0.7763
2MFD 620 2.057 0.2311 0.7895
2MFD 621 2.076 0.1983 0.7763
2MFD 622 2.152 0.2303 0.7763
2MFD 623 2.244 0.2168 0.7763
2MFD 624 2.264 0.1920 0.7763
2MFD 625 1.990 0.2159 0.7895
2MFD 626 2.013 0.2788 0.7895
2MFD 627 2.024 0.2346 0.7763
2MFD 628 2.038 0.2204 0.7763
2MFD 629 2.059 0.2400 0.7763
2MFD 630 1.956 0.2198 0.7895
2MFD 631 2.284 0.2083 0.7632
2MFD 632 2.251 0.1977 0.7632
2MFD 633 2.129 0.2210 0.7763
2MFD 634 2.093 0.2360 0.7763
2MFD 635 2.104 0.1985 0.7763
2MFD 636 2.194 0.2108 0.7763
2MFD 637 2.067 0.2088 0.7895
2MFD 638 2.168 0.2042 0.7763
2MFD 639 1.976 0.2172 0.7895
2MFD 640 2.175 0.2138 0.7763
2MFD 641 2.054 0.2216 0.7895
2MFD 642 2.273 0.2022 0.7763
2MFD 643 2.158 0.2067 0.7895
2MFD 644 1.932 0.2194 0.8026
2MFD 645 2.136 0.2304 0.7763
2MFD 646 2.110 0.2204 0.7763
2MFD 647 2.044 0.2017 0.7895
2MFD 648 2.116 0.2214 0.8026
2MFD 649 2.180 0.2515 0.7895
2MFD 650 2.083 0.2263 0.7895
2MFD 651 2.149 0.2443 0.8026
2MFD 652 2.170 0.2065 0.8026
2MFD 653 2.146 0.2149 0.8026
2MFD 654 2.248 0.2188 0.8026
2MFD 655 2.237 0.2104 0.7763
2MFD 656 2.158 0.2118 0.7763
2MFD 657 2.127 0.2161 0.8026
2MFD 658 2.244 0.2133 0.7763
2MFD 659 1.955 0.2524 0.8289
2MFD 660 2.205 0.2041 0.7763
2MFD 661 2.105 0.2249 0.7895
2MFD 662 2.160 0.1885 0.7763
2MFD 663 2.197 0.2238 0.8026
2MFD 664 2.088 0.2000 0.7763
2MFD 665 2.215 0.2097 0.7895
2MFD 666 2.131 0.1987 0.7895
2MFD 667 2.122 0.2042 0.7763
2MFD 668 2.136 0.2140 0.7763
2MFD 669 2.208 0.2186 0.7632
2MFD 670 2.195 0.2126 0.7763
2MFD 671 2.214 0.2056 0.7763
2MFD 672 2.208 0.2062 0.7763
2MFD 673 1.978 0.2374 0.8026
2MFD 674 2.241 0.1966 0.7763
2MFD 675 2.053 0.2369 0.8026
2MFD 676 2.273 0.1950 0.7763
2MFD 677 2.092 0.2282 0.8026
2MFD 678 2.081 0.2144 0.7895
2MFD 679 2.176 0.2016 0.7895
2MFD 680 2.109 0.2274 0.7763
2MFD 681 2.048 0.2197 0.8026
2MFD 682 2.305 0.2129 0.7632
2MFD 683 2.191 0.2116 0.7763
2MFD 684 2.192 0.2005 0.7763
2MFD 685 2.138 0.2759 0.8158
2MFD 686 2.187 0.2257 0.8158
2MFD 687 2.108 0.1957 0.7763
2MFD 688 2.088 0.2156 0.7895
2MFD 689 2.154 0.2229 0.7895
2MFD 690 2.116 0.2319 0.7763
2MFD 691 2.191 0.2578 0.7895
2MFD 692 2.108 0.2401 0.8026
2MFD 693 2.001 0.2191 0.8026
2MFD 694 2.200 0.2062 0.7632
2MFD 695 2.003 0.2000 0.8026
2MFD 696 2.174 0.1997 0.7895
2MFD 697 2.173 0.2183 0.8026
2MFD 698 2.170 0.2331 0.8026
2MFD 699 2.113 0.2093 0.8026
2MFD 700 2.315 0.1986 0.7763
2MFD 701 1.949 0.2177 0.8158
2MFD 702 2.131 0.2113 0.7763
2MFD 703 2.188 0.2422 0.8158
2MFD 704 2.096 0.2214 0.7895
2MFD 705 2.230 0.2048 0.7895
2MFD 706 2.215 0.2048 0.7632
2MFD 707 2.040 0.2394 0.8026
2MFD 708 2.112 0.1949 0.7895
2MFD 709 2.094 0.2095 0.7895
2MFD 710 2.177 0.2183 0.8026
2MFD 711 2.216 0.2048 0.7632
2MFD 712 2.258 0.2077 0.7763
2MFD 713 2.217 0.2112 0.7895
2MFD 714 2.140 0.2579 0.8026
2MFD 715 2.194 0.2229 0.7763
2MFD 716 2.071 0.2242 0.8026
2MFD 717 2.096 0.2153 0.8158
2MFD 718 2.056 0.2756 0.8158
2MFD 719 2.246 0.2326 0.7895
2MFD 720 2.219 0.2363 0.8026
2MFD 721 2.152 0.2104 0.7895
2MFD 722 2.149 0.2137 0.8026
2MFD 723 2.141 0.2096 0.7763
2MFD 724 2.198 0.2272 0.7895
2MFD 725 2.126 0.2298 0.7895
2MFD 726 2.106 0.2054 0.7763
2MFD 727 2.239 0.2225 0.7500
2MFD 728 2.158 0.2220 0.7632
2MFD 729 2.120 0.2249 0.7763
2MFD 730 2.612 0.2090 0.7368
2MFD 731 2.252 0.2322 0.7632
2MFD 732 2.612 0.2163 0.7105
2MFD 733 2.775 0.2129 0.7237
2MFD 734 2.340 0.2138 0.7632
2MFD 735 2.338 0.2123 0.7368
2MFD 736 2.175 0.2120 0.7632
2MFD 737 2.305 0.1854 0.7500
2MFD 738 2.383 0.2108 0.7368
2MFD 739 2.413 0.2240 0.7368
2MFD 740 2.295 0.2347 0.7500
2MFD 741 2.326 0.2042 0.7368
2MFD 742 2.271 0.2201 0.7368
2MFD 743 2.060 0.2053 0.7763
2MFD 744 2.229 0.2234 0.7500
2MFD 745 2.093 0.1938 0.7763
2MFD 746 2.194 0.2039 0.7500
2MFD 747 2.148 0.2176 0.7632
2MFD 748 2.180 0.1909 0.7500
2MFD 749 2.299 0.2191 0.7500
2MFD 750 2.561 0.2024 0.7368
2MFD 751 2.067 0.1966 0.7763
2MFD 752 2.020 0.1986 0.7632
2MFD 753 2.196 0.2107 0.7632
2MFD 754 2.083 0.2126 0.7500
2MFD 755 2.420 0.2092 0.7368
2MFD 756 2.106 0.2047 0.7632
2MFD 757 2.458 0.2003 0.7368
2MFD 758 2.339 0.2015 0.7368
2MFD 759 2.245 0.1790 0.7500
2MFD 760 2.410 0.2158 0.7237
2MFD 761 2.297 0.2319 0.7368
2MFD 762 2.244 0.2329 0.7368
2MFD 763 2.295 0.2011 0.7500
2MFD 764 2.121 0.2022 0.7763
2MFD 765 2.428 0.2147 0.7368
2MFD 766 2.248 0.2090 0.7500
2MFD 767 2.192 0.2214 0.7500
2MFD 768 2.049 0.1767 0.7763
2MFD 769 2.333 0.1875 0.7500
2MFD 770 2.278 0.2120 0.7500
2MFD 771 2.241 0.2075 0.7500
2MFD 772 2.153 0.2076 0.7763
2MFD 773 2.244 0.2087 0.7763
2MFD 774 2.284 0.2166 0.7632
2MFD 775 2.295 0.2287 0.7368
2MFD 776 2.259 0.2070 0.7500
2MFD 777 2.211 0.2075 0.7368
2MFD 778 2.369 0.2165 0.7368
2MFD 779 2.196 0.2038 0.7500
2MFD 780 2.331 0.2277 0.7763
2MFD 781 2.194 0.2067 0.7763
2MFD 782 2.352 0.2170 0.7368
2MFD 783 2.217 0.2100 0.7500
2MFD 784 2.178 0.2105 0.7500
2MFD 785 2.308 0.2080 0.7500
2MFD 786 2.378 0.2134 0.7368
2MFD 787 2.264 0.2000 0.7368
2MFD 788 2.092 0.1947 0.7500
2MFD 789 2.183 0.2413 0.7500
2MFD 790 2.395 0.2235 0.7368
2MFD 791 2.218 0.2192 0.7632
2MFD 792 2.192 0.1958 0.7500
2MFD 793 2.377 0.2015 0.7368
2MFD 794 2.385 0.1971 0.7237
2MFD 795 2.087 0.2231 0.7632
2MFD 796 2.348 0.1861 0.7237
2MFD 797 2.325 0.1910 0.7237
2MFD 798 2.368 0.2168 0.7237
2MFD 799 2.484 0.1933 0.7237
2MFD 800 2.139 0.2315 0.7763
2MFD 801 2.493 0.1970 0.7237
2MFD 802 2.069 0.2024 0.7763
2MFD 803 1.981 0.2200 0.7895
2MFD 804 2.394 0.1990 0.7237
2MFD 805 2.340 0.2061 0.7237
2MFD 806 2.235 0.2096 0.7368
2MFD 807 2.088 0.1944 0.7763
2MFD 808 2.104 0.2115 0.7632
2MFD 809 2.299 0.2082 0.7237
2MFD 810 2.173 0.1930 0.7632
2MFD 811 2.303 0.1867 0.7500
2MFD 812 2.187 0.2092 0.7763
2MFD 813 2.360 0.1936 0.7368
2MFD 814 2.230 0.1956 0.7500
2MFD 815 2.263 0.2049 0.7368
2MFD 816 2.066 0.1986 0.7632
2MFD 817 2.246 0.2182 0.7500
2MFD 818 2.185 0.2199 0.7500
2MFD 819 2.152 0.1879 0.7368
2MFD 820 2.279 0.1842 0.7368
2MFD 821 2.233 0.2297 0.7368
2MFD 822 2.175 0.2114 0.7632
2MFD 823 2.138 0.2388 0.7632
2MFD 824 2.575 0.2076 0.7237
2MFD 825 2.147 0.2047 0.7632
2MFD 826 2.345 0.2219 0.7500
2MFD 827 2.207 0.2217 0.7368
2MFD 828 2.276 0.2174 0.7368
2MFD 829 2.239 0.2118 0.7500
2MFD 830 2.149 0.2071 0.7632
2MFD 831 2.265 0.2109 0.7500
2MFD 832 2.296 0.2293 0.7237
2MFD 833 2.167 0.1974 0.7368
2MFD 834 2.484 0.2067 0.7105
2MFD 835 2.322 0.2130 0.7500
2MFD 836 2.397 0.1994 0.7368
2MFD 837 2.099 0.2076 0.7763
2MFD 838 2.174 0.2201 0.7632
2MFD 839 2.477 0.1946 0.7237
2MFD 840 2.188 0.2116 0.7500
2MFD 841 2.412 0.2230 0.7237
2MFD 842 2.361 0.2245 0.7368
2MFD 843 2.113 0.1893 0.7632
2MFD 844 2.565 0.1850 0.7237
2MFD 845 2.205 0.2175 0.7895
2MFD 846 2.168 0.2187 0.7632
2MFD 847 2.316 0.2148 0.7368
2MFD 848 2.183 0.2319 0.7500
2MFD 849 2.296 0.2256 0.7368
2MFD 850 2.611 0.2007 0.7237
2MFD 851 2.225 0.1957 0.7500
2MFD 852 2.410 0.1779 0.7368
2MFD 853 2.451 0.1866 0.7237
2MFD 854 2.191 0.2237 0.7895
2MFD 855 2.554 0.2064 0.7237
2MFD 856 2.324 0.2551 0.7500
2MFD 857 2.556 0.1901 0.7237
2MFD 858 2.426 0.1835 0.7237
2MFD 859 2.518 0.1911 0.7237
2MFD 860 2.241 0.1863 0.7500
2MFD 861 2.346 0.1927 0.7368
2MFD 862 2.526 0.1927 0.7105
2MFD 863 2.406 0.1689 0.7237
2MFD 864 2.286 0.1895 0.7500
2MFD 865 2.442 0.1903 0.7105
2MFD 866 2.486 0.1819 0.7237
2MFD 867 2.371 0.1806 0.7500
2MFD 868 2.280 0.1742 0.7237
2MFD 869 2.515 0.1988 0.7237
2MFD 870 2.546 0.2256 0.7105
2MFD 871 2.427 0.2249 0.7368
2MFD 872 2.394 0.1705 0.7368
2MFD 873 2.472 0.1840 0.7105
2MFD 874 2.355 0.2009 0.7500
2MFD 875 2.350 0.1997 0.7237
2MFD 876 2.435 0.1788 0.7368
2MFD 877 2.470 0.1936 0.7237
2MFD 878 2.491 0.1928 0.7237
2MFD 879 2.344 0.2158 0.7368
2MFD 880 2.317 0.2281 0.7500
2MFD 881 2.417 0.2236 0.7368
2MFD 882 2.475 0.1897 0.7105
2MFD 883 2.486 0.1866 0.7105
2MFD 884 2.564 0.1869 0.7237
2MFD 885 2.335 0.2046 0.7368
2MFD 886 2.571 0.2211 0.7237
2MFD 887 2.370 0.2015 0.7500
2MFD 888 2.516 0.1765 0.7368
2MFD 889 2.364 0.1688 0.7368
2MFD 890 2.418 0.1919 0.7237
2MFD 891 2.142 0.1949 0.7632
2MFD 892 2.558 0.1945 0.7105
2MFD 893 2.439 0.2162 0.7368
2MFD 894 2.282 0.2218 0.7500
2MFD 895 2.331 0.2004 0.7368
2MFD 896 2.353 0.1934 0.7368
2MFD 897 2.558 0.1835 0.7237
2MFD 898 2.591 0.1986 0.7237
2MFD 899 2.310 0.2010 0.7632
2MFD 900 2.428 0.2113 0.7237
2MFD 901 2.341 0.1991 0.7237
2MFD 902 2.409 0.2149 0.7368
2MFD 903 2.380 0.2008 0.7368
2MFD 904 2.393 0.1896 0.7368
2MFD 905 2.369 0.1831 0.7105
2MFD 906 2.387 0.2094 0.7368
2MFD 907 2.259 0.1826 0.7237
2MFD 908 2.422 0.2142 0.7237
2MFD 909 2.582 0.2378 0.7105
2MFD 910 2.364 0.2405 0.7368
2MFD 911 2.521 0.2250 0.7368
2MFD 912 2.574 0.1849 0.7105
2MFD 913 2.266 0.1895 0.7237
2MFD 914 2.432 0.1992 0.7500
2MFD 915 2.474 0.2040 0.7237
2MFD 916 2.601 0.1902 0.7237
2MFD 917 2.396 0.1811 0.7368
2MFD 918 2.529 0.1709 0.7237
2MFD 919 2.493 0.1919 0.7237
2MFD 920 2.439 0.1907 0.7368
2MFD 921 2.334 0.1768 0.7500
2MFD 922 2.712 0.2102 0.7105
2MFD 923 2.515 0.1648 0.7237
2MFD 924 2.437 0.2012 0.7368
2MFD 925 2.454 0.2430 0.7237
2MFD 926 2.478 0.2385 0.7237
2MFD 927 2.340 0.1989 0.7368
2MFD 928 2.605 0.1896 0.7237
2MFD 929 2.228 0.1976 0.7763
2MFD 930 2.498 0.1838 0.7105
2MFD 931 2.498 0.1903 0.7105
2MFD 932 2.506 0.2079 0.7237
2MFD 933 2.496 0.1968 0.7237
2MFD 934 2.350 0.1972 0.7500
2MFD 935 2.426 0.2020 0.7237
2MFD 936 2.526 0.1931 0.7105
2MFD 937 2.680 0.2046 0.6974
2MFD 938 2.827 0.1722 0.6974
2MFD 939 2.289 0.2022 0.7500
2MFD 940 2.368 0.2010 0.7368
2MFD 941 2.340 0.1872 0.7237
2MFD 942 2.399 0.2594 0.7500
2MFD 943 2.379 0.1924 0.7368
2MFD 944 2.459 0.1751 0.7105
2MFD 945 2.253 0.2165 0.7763
2MFD 946 2.360 0.1934 0.7105
2MFD 947 2.494 0.2192 0.7368
2MFD 948 2.600 0.2133 0.7105
2MFD 949 2.240 0.1822 0.7500
2MFD 950 2.712 0.1766 0.7105
2MFD 951 2.317 0.1965 0.7500
2MFD 952 2.509 0.2132 0.7237
2MFD 953 2.310 0.1935 0.7368
2MFD 954 2.371 0.1871 0.7237
2MFD 955 2.486 0.1737 0.7368
2MFD 956 2.443 0.1953 0.7237
2MFD 957 2.550 0.1996 0.7105
2MFD 958 2.321 0.1971 0.7105
2MFD 959 2.461 0.2702 0.7237
2MFD 960 2.458 0.1897 0.7237
2MFD 961 2.421 0.2108 0.7237
2MFD 962 2.543 0.1930 0.6974
2MFD 963 2.450 0.2080 0.7237
2MFD 964 2.634 0.2021 0.7105
2MFD 965 2.415 0.2254 0.7368
2MFD 966 2.505 0.2150 0.7237
2MFD 967 2.368 0.2029 0.7368
2MFD 968 2.357 0.1858 0.7632
2MFD 969 2.697 0.2237 0.7368
2MFD 970 2.367 0.1908 0.7368
2MFD 971 2.487 0.2009 0.7368
2MFD 972 2.520 0.1715 0.6842
2MFD 973 2.289 0.2074 0.7500
2MFD 974 2.424 0.1920 0.7368
2MFD 975 2.401 0.2073 0.7368
2MFD 976 2.682 0.1840 0.7105
2MFD 977 2.439 0.1851 0.7237
2MFD 978 2.310 0.2179 0.7500
2MFD 979 2.642 0.2091 0.6974
2MFD 980 2.204 0.2111 0.7632
2MFD 981 2.394 0.1892 0.7368
2MFD 982 2.604 0.1997 0.7105
2MFD 983 2.591 0.2109 0.7237
2MFD 984 2.472 0.2258 0.7237
2MFD 985 2.545 0.1773 0.7105
2MFD 986 2.554 0.1850 0.7237
2MFD 987 2.475 0.2276 0.7105
2MFD 988 2.559 0.1971 0.7105
2MFD 989 2.364 0.1969 0.7500
2MFD 990 2.591 0.2125 0.7237
2MFD 991 2.287 0.2024 0.7500
2MFD 992 2.625 0.2123 0.7105
2MFD 993 2.693 0.1963 0.7105
2MFD 994 2.219 0.2173 0.7632
2MFD 995 2.584 0.2214 0.7105
2MFD 996 2.297 0.2028 0.7368
2MFD 997 2.510 0.1836 0.6974
2MFD 998 2.382 0.2037 0.7368
2MFD 999 2.159 0.2722 0.7763
2MFD 1000 2.313 0.2350 0.7763
2MFD 1001 2.447 0.1806 0.7763
2MFD 1002 2.554 0.2322 0.7500
2MFD 1003 2.604 0.2272 0.7632
2MFD 1004 2.464 0.2230 0.7368
2MFD 1005 2.208 0.2037 0.7500
2MFD 1006 2.227 0.2051 0.7632
2MFD 1007 2.320 0.2123 0.7237
2MFD 1008 2.412 0.1952 0.7237
2MFD 1009 2.231 0.2288 0.7632
2MFD 1010 2.558 0.2354 0.7368
2MFD 1011 2.279 0.1853 0.7500
2MFD 1012 2.271 0.1928 0.7368
2MFD 1013 2.210 0.2061 0.7500
2MFD 1014 2.282 0.1934 0.7500
2MFD 1015 2.541 0.2186 0.7500
2MFD 1016 2.441 0.2343 0.7500
2MFD 1017 2.295 0.2424 0.7632
2MFD 1018 2.371 0.1781 0.7237
2MFD 1019 2.097 0.2162 0.7763
2MFD 1020 2.331 0.1838 0.7368
2MFD 1021 2.476 0.1982 0.7105
2MFD 1022 2.423 0.2294 0.7500
2MFD 1023 2.395 0.2317 0.7632
2MFD 1024 2.325 0.2026 0.7368
2MFD 1025 2.470 0.2158 0.7237
2MFD 1026 2.526 0.1906 0.7105
2MFD 1027 2.303 0.2258 0.7895
2MFD 1028 2.426 0.1919 0.7368
2MFD 1029 2.488 0.2149 0.6974
2MFD 1030 2.540 0.1926 0.6974
2MFD 1031 2.483 0.1832 0.7237
2MFD 1032 2.232 0.2339 0.7500
2MFD 1033 2.213 0.2548 0.7763
2MFD 1034 2.460 0.1915 0.7500
2MFD 1035 2.602 0.2103 0.7237
2MFD 1036 2.625 0.1891 0.6974
2MFD 1037 2.473 0.2171 0.7368
2MFD 1038 2.320 0.2320 0.7237
2MFD 1039 2.684 0.1716 0.7105
2MFD 1040 2.299 0.1834 0.7368
2MFD 1041 2.389 0.1939 0.7500
2MFD 1042 2.377 0.2101 0.7632
2MFD 1043 2.149 0.2020 0.7500
2MFD 1044 2.323 0.2181 0.7368
2MFD 1045 2.241 0.1750 0.7368
2MFD 1046 2.287 0.1998 0.7237
2MFD 1047 2.274 0.1814 0.7105
2MFD 1048 2.294 0.1713 0.6974
2MFD 1049 2.431 0.2141 0.7368
2MFD 1050 2.246 0.2462 0.7763
2MFD 1051 2.496 0.1880 0.7237
2MFD 1052 2.149 0.2316 0.7763
2MFD 1053 2.266 0.2482 0.7500
2MFD 1054 2.456 0.1684 0.6974
2MFD 1055 2.499 0.2162 0.7237
2MFD 1056 2.235 0.2023 0.7500
2MFD 1057 2.554 0.2055 0.7632
2MFD 1058 2.122 0.1845 0.7632
2MFD 1059 2.266 0.2155 0.7632
2MFD 1060 2.656 0.1932 0.7368
2MFD 1061 2.396 0.2119 0.7368
2MFD 1062 2.339 0.2405 0.7500
2MFD 1063 2.318 0.2490 0.7368
2MFD 1064 2.303 0.2622 0.7368
2MFD 1065 2.521 0.2407 0.7500
2MFD 1066 2.479 0.1927 0.7500
2MFD 1067 2.724 0.1993 0.6842
2MFD 1068 2.929 0.1862 0.6974
2MFD 1069 2.475 0.2094 0.7368
2MFD 1070 2.558 0.1951 0.6974
2MFD 1071 2.497 0.1785 0.7105
2MFD 1072 2.482 0.1982 0.7105
2MFD 1073 2.514 0.1958 0.7237
2MFD 1074 2.498 0.2092 0.7368
2MFD 1075 2.830 0.2328 0.6974
2MFD 1076 2.633 0.2174 0.7237
2MFD 1077 2.339 0.2148 0.7500
2MFD 1078 2.487 0.2087 0.7500
2MFD 1079 2.734 0.2034 0.7237
2MFD 1080 2.602 0.2118 0.7368
2MFD 1081 2.615 0.1943 0.7105
2MFD 1082 2.729 0.1884 0.7105
2MFD 1083 2.372 0.1949 0.7500
2MFD 1084 2.713 0.2426 0.7237
2MFD 1085 2.506 0.1764 0.6974
2MFD 1086 2.669 0.2108 0.7237
2MFD 1087 2.668 0.1909 0.7237
2MFD 1088 2.578 0.1743 0.6974
2MFD 1089 2.501 0.1853 0.7105
2MFD 1090 2.877 0.1803 0.6974
2MFD 1091 2.571 0.2206 0.7237
2MFD 1092 2.900 0.2008 0.6974
2MFD 1093 2.822 0.1723 0.7105
2MFD 1094 2.636 0.2033 0.7105
2MFD 1095 2.519 0.2073 0.7368
2MFD 1096 2.611 0.1814 0.7237
2MFD 1097 2.757 0.1861 0.7105
2MFD 1098 2.950 0.1950 0.7237
2MFD 1099 2.603 0.2024 0.7237
2MFD 1100 2.613 0.1874 0.7368
2MFD 1101 2.493 0.2020 0.7105
2MFD 1102 2.567 0.2057 0.7500
2MFD 1103 2.469 0.2354 0.7368
2MFD 1104 2.597 0.2059 0.7237
2MFD 1105 2.695 0.2192 0.7237
2MFD 1106 2.502 0.2162 0.7237
2MFD 1107 2.598 0.2010 0.7105
2MFD 1108 2.619 0.1815 0.7105
2MFD 1109 2.655 0.1935 0.7105
2MFD 1110 2.889 0.2246 0.7105
2MFD 1111 2.851 0.1833 0.6974
2MFD 1112 2.594 0.1991 0.7237
2MFD 1113 2.526 0.2374 0.7237
2MFD 1114 2.663 0.2117 0.7105
2MFD 1115 2.422 0.2049 0.7500
2MFD 1116 2.531 0.2040 0.7368
2MFD 1117 2.274 0.2040 0.7368
2MFD 1118 2.163 0.2020 0.7763
2MFD 1119 2.806 0.2066 0.7105
2MFD 1120 2.488 0.1817 0.7368
2MFD 1121 2.421 0.1749 0.7368
2MFD 1122 2.843 0.1894 0.6974
2MFD 1123 2.293 0.2439 0.7368
2MFD 1124 2.581 0.1915 0.6974
2MFD 1125 2.446 0.2093 0.7368
2MFD 1126 2.584 0.2168 0.7237
2MFD 1127 2.530 0.2379 0.7368
2MFD 1128 2.289 0.2175 0.7632
2MFD 1129 2.247 0.2001 0.7237
2MFD 1130 2.466 0.2253 0.7237
2MFD 1131 2.493 0.1919 0.7105
2MFD 1132 2.615 0.1966 0.7500
2MFD 1133 2.843 0.2010 0.6842
2MFD 1134 2.661 0.2073 0.6974
2MFD 1135 2.394 0.1960 0.7237
2MFD 1136 2.433 0.1859 0.7105
2MFD 1137 2.576 0.2266 0.7368
2MFD 1138 2.731 0.2201 0.7500
2MFD 1139 2.219 0.2179 0.7368
2MFD 1140 2.139 0.1876 0.7500
2MFD 1141 2.755 0.1675 0.6842
2MFD 1142 2.741 0.1986 0.6974
2MFD 1143 2.625 0.1843 0.6842
2MFD 1144 2.457 0.1946 0.7368
2MFD 1145 2.455 0.1735 0.7105
2MFD 1146 2.725 0.2176 0.7368
2MFD 1147 2.500 0.2292 0.7500
2MFD 1148 2.616 0.1776 0.7237
2MFD 1149 2.597 0.1803 0.7237
2MFD 1150 2.792 0.1778 0.6842
2MFD 1151 2.632 0.2117 0.7105
2MFD 1152 2.768 0.1792 0.6974
2MFD 1153 2.488 0.1827 0.7237
2MFD 1154 2.610 0.1856 0.6974
2MFD 1155 2.503 0.1803 0.7500
2MFD 1156 2.385 0.1961 0.7368
2MFD 1157 2.944 0.1719 0.6842
2MFD 1158 2.704 0.2088 0.7368
2MFD 1159 2.525 0.1929 0.7500
2MFD 1160 2.788 0.1716 0.7105
2MFD 1161 2.509 0.1939 0.7500
2MFD 1162 2.840 0.2187 0.6842
2MFD 1163 2.841 0.1978 0.6974
2MFD 1164 2.515 0.2097 0.7237
2MFD 1165 2.692 0.2063 0.7368
2MFD 1166 2.739 0.1974 0.6842
2MFD 1167 2.559 0.1788 0.7105
2MFD 1168 2.627 0.1937 0.7105
2MFD 1169 2.679 0.1963 0.6974
2MFD 1170 2.668 0.1984 0.7237
2MFD 1171 2.462 0.2196 0.7368
2MFD 1172 2.776 0.2018 0.7105
2MFD 1173 2.706 0.2217 0.7237
2MFD 1174 2.617 0.2023 0.6974
2MFD 1175 2.754 0.1597 0.6974
2MFD 1176 3.152 0.2013 0.6579
2MFD 1177 2.400 0.2234 0.7632
2MFD 1178 2.358 0.2146 0.7632
2MFD 1179 2.916 0.1760 0.6711
2MFD 1180 2.385 0.2032 0.7632
2MFD 1181 2.762 0.2183 0.6842
2MFD 1182 2.753 0.2079 0.7237
2MFD 1183 2.609 0.2377 0.7237
2MFD 1184 2.726 0.1690 0.6842
2MFD 1185 2.369 0.1763 0.6974
2MFD 1186 2.697 0.1727 0.6974
2MFD 1187 2.919 0.1639 0.6842
2MFD 1188 2.839 0.1697 0.6974
2MFD 1189 2.441 0.1866 0.7237
2MFD 1190 2.610 0.1598 0.6842
2MFD 1191 2.239 0.1620 0.7632
2MFD 1192 2.495 0.1835 0.7500
2MFD 1193 2.620 0.2058 0.7368
2MFD 1194 2.301 0.2217 0.7763
2MFD 1195 2.541 0.2119 0.7368
2MFD 1196 2.857 0.1992 0.7105
2MFD 1197 2.376 0.2777 0.7763
2MFD 1198 2.568 0.2130 0.6974
2MFD 1199 2.747 0.2102 0.7105
2MFD 1200 2.669 0.1884 0.7237
2MFD 1201 2.552 0.2150 0.7500
2MFD 1202 2.502 0.2021 0.7500
2MFD 1203 2.569 0.1754 0.7105
2MFD 1204 2.577 0.2446 0.7368
2MFD 1205 2.875 0.1724 0.6711
2MFD 1206 2.459 0.2393 0.7500
2MFD 1207 2.247 0.1885 0.7632
2MFD 1208 2.464 0.2091 0.7500
2MFD 1209 2.376 0.2393 0.7500
2MFD 1210 2.913 0.1799 0.7105
2MFD 1211 2.330 0.2782 0.7632
2MFD 1212 2.577 0.2122 0.7105
2MFD 1213 2.883 0.2222 0.7105
2MFD 1214 2.477 0.2116 0.7105
2MFD 1215 2.935 0.1517 0.6842
2MFD 1216 2.291 0.2288 0.7895
2MFD 1217 2.712 0.2070 0.7237
2MFD 1218 2.690 0.2010 0.7105
2MFD 1219 2.600 0.2216 0.7500
2MFD 1220 2.979 0.1928 0.6974
2MFD 1221 2.641 0.2064 0.7237
2MFD 1222 2.939 0.1960 0.6974
2MFD 1223 2.706 0.2025 0.7105
2MFD 1224 2.474 0.1827 0.7237
2MFD 1225 2.848 0.1772 0.6974
2MFD 1226 2.424 0.1615 0.7105
2MFD 1227 2.671 0.1841 0.6974
2MFD 1228 2.994 0.1784 0.6974
2MFD 1229 2.749 0.2513 0.7368
2MFD 1230 2.698 0.1818 0.7368
2MFD 1231 2.927 0.1732 0.7237
2MFD 1232 2.880 0.1856 0.6974
2MFD 1233 2.980 0.2421 0.6842
2MFD 1234 2.673 0.1857 0.7105
2MFD 1235 2.567 0.1727 0.7105
2MFD 1236 2.640 0.2457 0.7368
2MFD 1237 2.968 0.1584 0.7105
2MFD 1238 2.704 0.2132 0.6974
2MFD 1239 2.446 0.2048 0.7237
2MFD 1240 2.637 0.1833 0.6974
2MFD 1241 2.622 0.2347 0.7237
2MFD 1242 2.669 0.2392 0.7237
2MFD 1243 2.800 0.1439 0.6842
2MFD 1244 2.406 0.2057 0.6974
2MFD 1245 2.679 0.2096 0.7368
2MFD 1246 2.616 0.2975 0.7500
2MFD 1247 2.517 0.2250 0.7237
2MFD 1248 2.510 0.2023 0.7105
2MFD 1249 2.459 0.2001 0.7237
2MFD 1250 2.167 0.2985 0.7763
2MFD 1251 2.356 0.2358 0.7500
2MFD 1252 2.290 0.2167 0.7632
2MFD 1253 2.339 0.2725 0.7368
2MFD 1254 2.659 0.1731 0.6842
2MFD 1255 2.954 0.1800 0.6579
2MFD 1256 2.525 0.2284 0.6842
2MFD 1257 2.476 0.2228 0.7105
2MFD 1258 2.292 0.2506 0.7368
2MFD 1259 2.353 0.1370 0.7368
2MFD 1260 2.418 0.2289 0.7105
2MFD 1261 2.796 0.2083 0.6842
2MFD 1262 2.252 0.2408 0.7500
2MFD 1263 2.520 0.1689 0.7105
2MFD 1264 2.343 0.1685 0.7237
2MFD 1265 2.210 0.1717 0.7237
2MFD 1266 2.349 0.2136 0.7632
2MFD 1267 3.058 0.1679 0.6579
2MFD 1268 2.896 0.1674 0.6579
2MFD 1269 2.467 0.1923 0.6974
2MFD 1270 2.263 0.1930 0.7368
2MFD 1271 2.267 0.2625 0.7895
2MFD 1272 2.863 0.2027 0.7105
2MFD 1273 2.786 0.2223 0.6974
2MFD 1274 2.556 0.2007 0.6974
2MFD 1275 2.480 0.2365 0.7368
2MFD 1276 2.575 0.2571 0.7105
2MFD 1277 2.806 0.2339 0.7105
2MFD 1278 2.716 0.2176 0.6842
2MFD 1279 2.640 0.2429 0.7237
2MFD 1280 2.698 0.2210 0.6974
2MFD 1281 2.386 0.2203 0.7368
2MFD 1282 2.768 0.2556 0.7105
2MFD 1283 2.729 0.2169 0.6842
2MFD 1284 2.123 0.2578 0.7763
2MFD 1285 2.735 0.2016 0.6974
2MFD 1286 2.516 0.2236 0.7237
2MFD 1287 2.371 0.1880 0.7237
2MFD 1288 2.456 0.1739 0.7237
2MFD 1289 2.824 0.2122 0.6842
2MFD 1290 2.890 0.1886 0.6842
2MFD 1291 2.506 0.2565 0.7368
2MFD 1292 2.419 0.2334 0.7368
2MFD 1293 2.382 0.2350 0.6974
2MFD 1294 2.872 0.2361 0.6842
2MFD 1295 2.398 0.1991 0.7500
2MFD 1296 2.859 0.1982 0.6974
2MFD 1297 2.661 0.2567 0.6842
2MFD 1298 2.514 0.2123 0.6974
2MFD 1299 2.676 0.1602 0.6974
2MFD 1300 2.314 0.1867 0.7368
2MFD 1301 2.649 0.1641 0.7105
2MFD 1302 2.550 0.2079 0.7237
2MFD 1303 2.574 0.1805 0.6974
2MFD 1304 2.357 0.2012 0.7237
2MFD 1305 2.420 0.2451 0.7500
2MFD 1306 2.658 0.2056 0.6974
2MFD 1307 2.688 0.1745 0.6711
2MFD 1308 2.397 0.2202 0.7368
2MFD 1309 2.613 0.1888 0.7105
2MFD 1310 2.500 0.1804 0.7237
2MFD 1311 3.058 0.2082 0.6842
2MFD 1312 2.603 0.1911 0.7368
2MFD 1313 2.395 0.2320 0.7105
2MFD 1314 2.871 0.1631 0.6711
2MFD 1315 2.326 0.2004 0.7500
2MFD 1316 2.660 0.2082 0.7105
2MFD 1317 2.638 0.2138 0.6974
2MFD 1318 2.081 0.2226 0.7632
2MFD 1319 2.294 0.2255 0.7500
2MFD 1320 2.941 0.2207 0.6974
2MFD 1321 2.344 0.1681 0.7368
2MFD 1322 2.308 0.2377 0.7237
2MFD 1323 2.616 0.2430 0.7500
2MFD 1324 2.514 0.1845 0.7105
2MFD 1325 2.365 0.2321 0.7368
2MFD 1326 2.635 0.1999 0.7105
2MFD 1327 2.431 0.2457 0.7237
2MFD 1328 2.269 0.2437 0.7500
2MFD 1329 2.812 0.2013 0.6842
2MFD 1330 2.628 0.1957 0.7105
2MFD 1331 2.309 0.2145 0.7368
2MFD 1332 2.721 0.1597 0.6842
2MFD 1333 2.597 0.2279 0.7368
2MFD 1334 2.440 0.2283 0.7500
2MFD 1335 2.607 0.1989 0.7105
2MFD 1336 2.373 0.2441 0.7500
2MFD 1337 2.595 0.2731 0.7368
2MFD 1338 2.423 0.2206 0.7500
2MFD 1339 2.372 0.2403 0.7368
2MFD 1340 3.418 0.1756 0.6447
2MFD 1341 2.581 0.2388 0.7105
2MFD 1342 2.592 0.2317 0.7237
2MFD 1343 2.687 0.1883 0.6842
2MFD 1344 2.393 0.1634 0.6842
2MFD 1345 2.636 0.2006 0.7237
2MFD 1346 2.908 0.1384 0.6842
2MFD 1347 2.697 0.1670 0.7237
2MFD 1348 2.905 0.1962 0.6842
2MFD 1349 2.647 0.1691 0.6974
2MFD 1350 2.663 0.1751 0.6974
2MFD 1351 2.531 0.1821 0.6974
2MFD 1352 2.618 0.2264 0.6974
2MFD 1353 2.702 0.1753 0.6974
2MFD 1354 2.872 0.2704 0.7237
2MFD 1355 2.454 0.2866 0.7500
2MFD 1356 2.231 0.2174 0.7368
2MFD 1357 2.448 0.2205 0.7368
2MFD 1358 2.408 0.2247 0.7368
2MFD 1359 2.423 0.2341 0.7237
2MFD 1360 2.551 0.2269 0.7237
2MFD 1361 2.414 0.1945 0.7368
2MFD 1362 2.615 0.2280 0.7368
2MFD 1363 2.406 0.2604 0.7500
2MFD 1364 2.566 0.2470 0.7237
2MFD 1365 3.231 0.1961 0.6447
2MFD 1366 2.181 0.2229 0.7632
2MFD 1367 2.337 0.1991 0.7500
2MFD 1368 2.346 0.2081 0.7237
2MFD 1369 2.802 0.1910 0.6711
2MFD 1370 2.428 0.1895 0.7105
2MFD 1371 2.457 0.1980 0.7105
2MFD 1372 2.762 0.1714 0.6974
2MFD 1373 2.703 0.1965 0.7368
2MFD 1374 2.381 0.1829 0.7500
2MFD 1375 2.952 0.1797 0.6974
2MFD 1376 2.263 0.2058 0.7895
2MFD 1377 2.344 0.2143 0.7500
2MFD 1378 2.557 0.2010 0.7105
2MFD 1379 2.334 0.2149 0.7632
2MFD 1380 2.724 0.1896 0.7105
2MFD 1381 2.308 0.2441 0.7632
2MFD 1382 2.224 0.2470 0.7368
2MFD 1383 2.487 0.1897 0.7368
2MFD 1384 2.531 0.2128 0.7237
2MFD 1385 2.682 0.2387 0.7237
2MFD 1386 2.669 0.2420 0.7105
2MFD 1387 2.286 0.2370 0.7500
2MFD 1388 2.458 0.2101 0.7368
2MFD 1389 2.242 0.2014 0.7500
2MFD 1390 2.482 0.2284 0.7368
2MFD 1391 2.362 0.2032 0.7105
2MFD 1392 2.573 0.1771 0.6974
2MFD 1393 2.726 0.1875 0.6842
2MFD 1394 2.174 0.1544 0.7368
2MFD 1395 2.541 0.1749 0.7237
2MFD 1396 1.837 0.2227 0.7895
2MFD 1397 2.121 0.2038 0.7500
2MFD 1398 2.228 0.2414 0.7500
2MFD 1399 2.336 0.2000 0.7237
2MFD 1400 2.971 0.1698 0.6711
2MFD 1401 2.298 0.2153 0.7500
2MFD 1402 2.398 0.2311 0.7632
2MFD 1403 2.432 0.2194 0.6974
2MFD 1404 2.593 0.2087 0.7237
2MFD 1405 2.532 0.2197 0.6974
2MFD 1406 2.346 0.2230 0.7368
2MFD 1407 2.118 0.2277 0.7632
2MFD 1408 2.197 0.2131 0.7368
2MFD 1409 2.469 0.2023 0.7105
2MFD 1410 2.676 0.2143 0.7105
2MFD 1411 2.383 0.2494 0.7237
2MFD 1412 2.309 0.2095 0.7368
2MFD 1413 2.308 0.2639 0.7500
2MFD 1414 2.391 0.1994 0.7105
2MFD 1415 2.764 0.1748 0.6842
2MFD 1416 2.284 0.1746 0.7237
2MFD 1417 2.349 0.2060 0.7105
2MFD 1418 2.408 0.1799 0.7237
2MFD 1419 2.771 0.2165 0.7105
2MFD 1420 2.592 0.2228 0.7237
2MFD 1421 2.368 0.2275 0.7500
2MFD 1422 2.361 0.2022 0.7500
2MFD 1423 2.314 0.2190 0.7368
2MFD 1424 2.205 0.2084 0.7632
2MFD 1425 2.858 0.2277 0.6711
2MFD 1426 2.356 0.2330 0.7632
2MFD 1427 2.359 0.1801 0.7237
2MFD 1428 2.340 0.1748 0.7237
2MFD 1429 2.269 0.2158 0.7632
2MFD 1430 2.629 0.1598 0.6974
2MFD 1431 2.259 0.1939 0.7368
2MFD 1432 2.422 0.1724 0.7105
2MFD 1433 2.809 0.2118 0.6711
2MFD 1434 2.717 0.2061 0.7368
2MFD 1435 2.522 0.2014 0.7368
2MFD 1436 2.777 0.1955 0.6842
2MFD 1437 2.295 0.2544 0.7763
2MFD 1438 2.101 0.2997 0.8026
2MFD 1439 2.451 0.1978 0.7368
2MFD 1440 2.936 0.1579 0.6842
2MFD 1441 2.934 0.1597 0.6711
2MFD 1442 2.741 0.2091 0.6974
2MFD 1443 2.573 0.2051 0.7500
2MFD 1444 2.408 0.1671 0.7105
2MFD 1445 2.544 0.2341 0.7105
2MFD 1446 2.718 0.2084 0.7237
2MFD 1447 2.670 0.1936 0.7237
2MFD 1448 2.515 0.1761 0.6842
2MFD 1449 2.376 0.1742 0.6974
2MFD 1450 2.368 0.1984 0.7237
2MFD 1451 2.675 0.2080 0.7105
2MFD 1452 2.384 0.2203 0.7368
2MFD 1453 2.261 0.2314 0.7500
2MFD 1454 2.522 0.2432 0.7237
2MFD 1455 2.641 0.2093 0.6842
2MFD 1456 2.876 0.1746 0.6842
2MFD 1457 2.629 0.1658 0.6974
2MFD 1458 2.639 0.1567 0.6711
2MFD 1459 2.541 0.1987 0.7105
2MFD 1460 2.789 0.1641 0.6974
2MFD 1461 2.644 0.1871 0.7105
2MFD 1462 2.715 0.1704 0.7105
2MFD 1463 2.778 0.2498 0.7237
2MFD 1464 2.544 0.2006 0.6842
2MFD 1465 2.328 0.2038 0.7368
2MFD 1466 2.171 0.2483 0.7237
2MFD 1467 2.468 0.2297 0.7368
2MFD 1468 2.480 0.2261 0.7368
2MFD 1469 2.509 0.1422 0.6974
2MFD 1470 2.563 0.1751 0.7105
2MFD 1471 2.468 0.1692 0.7105
2MFD 1472 2.409 0.2388 0.7368
2MFD 1473 2.506 0.2332 0.7237
2MFD 1474 2.294 0.2147 0.7368
2MFD 1475 2.363 0.1644 0.6974
2MFD 1476 2.589 0.2213 0.6842
2MFD 1477 2.916 0.2103 0.7105
2MFD 1478 2.829 0.2115 0.6974
2MFD 1479 2.093 0.1755 0.7237
2MFD 1480 2.218 0.2125 0.7632
2MFD 1481 2.383 0.1978 0.7368
2MFD 1482 2.581 0.2191 0.7237
2MFD 1483 3.104 0.1545 0.6711
2MFD 1484 2.560 0.1940 0.6974
2MFD 1485 2.406 0.2025 0.7368
2MFD 1486 2.574 0.2527 0.7105
2MFD 1487 2.514 0.1990 0.7105
2MFD 1488 2.446 0.1811 0.7237
2MFD 1489 2.592 0.2051 0.7237
2MFD 1490 2.669 0.2418 0.6974
2MFD 1491 3.158 0.1800 0.6447
2MFD 1492 2.641 0.1912 0.7105
2MFD 1493 2.792 0.2068 0.6842
2MFD 1494 3.055 0.1655 0.6711
2MFD 1495 2.975 0.1663 0.6579
2MFD 1496 2.884 0.1854 0.7237
2MFD 1497 2.256 0.1856 0.7632
2MFD 1498 2.475 0.2000 0.7105
2MFD 1499 3.067 0.1870 0.6974
2MFD 1500 2.752 0.1834 0.7237
2MFD 1501 2.963 0.1866 0.6974
2MFD 1502 2.765 0.2203 0.7237
2MFD 1503 2.715 0.2219 0.7237
2MFD 1504 2.848 0.2097 0.7237
2MFD 1505 2.856 0.2234 0.7237
2MFD 1506 2.835 0.1769 0.7237
2MFD 1507 2.667 0.1659 0.7368
2MFD 1508 2.873 0.2171 0.7105
2MFD 1509 2.651 0.2313 0.7237
2MFD 1510 2.813 0.1874 0.7105
2MFD 1511 2.853 0.1753 0.6842
2MFD 1512 2.655 0.2395 0.7500
2MFD 1513 2.846 0.1669 0.7105
2MFD 1514 3.090 0.1765 0.6316
2MFD 1515 2.592 0.2171 0.6842
2MFD 1516 2.468 0.2194 0.7368
2MFD 1517 2.652 0.1952 0.6974
2MFD 1518 2.626 0.1813 0.6974
2MFD 1519 2.632 0.1967 0.6974
2MFD 1520 2.691 0.1719 0.7105
2MFD 1521 2.569 0.1756 0.7105
2MFD 1522 2.618 0.1819 0.6842
2MFD 1523 2.851 0.1894 0.6974
2MFD 1524 2.960 0.2450 0.6974
2MFD 1525 2.691 0.2227 0.7237
2MFD 1526 2.500 0.2904 0.7105
2MFD 1527 2.713 0.2354 0.6974
2MFD 1528 2.818 0.1497 0.6974
2MFD 1529 2.693 0.1784 0.7368
2MFD 1530 2.873 0.2239 0.7105
2MFD 1531 2.636 0.2022 0.7237
2MFD 1532 2.815 0.2204 0.7105
2MFD 1533 2.574 0.2036 0.7500
2MFD 1534 2.810 0.1846 0.6842
2MFD 1535 2.514 0.2577 0.7105
2MFD 1536 2.567 0.2244 0.7500
2MFD 1537 2.338 0.2203 0.7500
2MFD 1538 2.334 0.2166 0.7500
2MFD 1539 2.855 0.2292 0.7105
2MFD 1540 2.615 0.1604 0.6974
2MFD 1541 2.631 0.1726 0.6974
2MFD 1542 2.529 0.2414 0.7237
2MFD 1543 2.919 0.1522 0.6711
2MFD 1544 2.880 0.2038 0.7105
2MFD 1545 2.524 0.1911 0.6711
2MFD 1546 2.548 0.1890 0.7105
2MFD 1547 2.852 0.1609 0.6842
2MFD 1548 2.649 0.2148 0.7368
2MFD 1549 2.502 0.2067 0.7237
2MFD 1550 2.646 0.1672 0.7237
2MFD 1551 2.905 0.2025 0.7105
2MFD 1552 2.366 0.1645 0.7237
2MFD 1553 2.542 0.2048 0.7368
2MFD 1554 2.046 0.2156 0.7500
2MFD 1555 2.405 0.1963 0.7500
2MFD 1556 2.714 0.1958 0.6974
2MFD 1557 2.898 0.1884 0.7105
2MFD 1558 2.523 0.1533 0.7105
2MFD 1559 2.266 0.2245 0.7632
2MFD 1560 2.548 0.1509 0.7237
2MFD 1561 2.073 0.2481 0.7763
2MFD 1562 2.494 0.2430 0.7237
2MFD 1563 2.632 0.2233 0.7237
2MFD 1564 2.055 0.2271 0.7368
2MFD 1565 2.331 0.2019 0.7500
2MFD 1566 2.364 0.2326 0.7237
2MFD 1567 2.284 0.1903 0.7237
2MFD 1568 2.551 0.1663 0.6974
2MFD 1569 2.056 0.1855 0.7368
2MFD 1570 2.477 0.1754 0.7105
2MFD 1571 2.392 0.1820 0.7105
2MFD 1572 2.411 0.2118 0.7105
2MFD 1573 2.374 0.1655 0.7105
2MFD 1574 2.211 0.1661 0.7237
2MFD 1575 2.251 0.1648 0.7237
2MFD 1576 2.983 0.1531 0.6711
2MFD 1577 2.934 0.1973 0.7105
2MFD 1578 2.446 0.1700 0.7237
2MFD 1579 2.064 0.1817 0.7368
2MFD 1580 2.475 0.1482 0.6974
2MFD 1581 2.415 0.1563 0.7368
2MFD 1582 2.553 0.1448 0.7237
2MFD 1583 2.726 0.1598 0.6974
2MFD 1584 2.909 0.1570 0.6974
2MFD 1585 2.605 0.1646 0.7237
2MFD 1586 2.253 0.1403 0.7105
2MFD 1587 2.452 0.1961 0.6974
2MFD 1588 2.365 0.1687 0.6974
2MFD 1589 2.631 0.1498 0.7105
2MFD 1590 2.639 0.1574 0.6974
2MFD 1591 2.176 0.1813 0.7368
2MFD 1592 2.331 0.1923 0.7632
2MFD 1593 2.408 0.2241 0.7632
2MFD 1594 2.230 0.2020 0.7368
2MFD 1595 2.392 0.1775 0.6974
2MFD 1596 2.235 0.1572 0.7237
2MFD 1597 3.033 0.1727 0.6447
2MFD 1598 2.576 0.2006 0.6974
2MFD 1599 2.480 0.1870 0.7105
2MFD 1600 2.503 0.1423 0.6974
2MFD 1601 2.489 0.2260 0.7368
2MFD 1602 2.363 0.1540 0.7500
2MFD 1603 2.197 0.2096 0.7500
2MFD 1604 2.782 0.1558 0.6711
2MFD 1605 3.046 0.1573 0.6447
2MFD 1606 2.685 0.1776 0.6842
2MFD 1607 2.627 0.1846 0.6842
2MFD 1608 2.500 0.1804 0.6842
2MFD 1609 2.828 0.1808 0.6711
2MFD 1610 2.765 0.2064 0.7237
2MFD 1611 2.383 0.1519 0.7368
2MFD 1612 2.478 0.1730 0.6842
2MFD 1613 2.392 0.1663 0.6974
2MFD 1614 2.512 0.1766 0.6842
2MFD 1615 2.927 0.2204 0.6711
2MFD 1616 2.642 0.1604 0.6974
2MFD 1617 2.310 0.1997 0.7500
2MFD 1618 2.361 0.1858 0.7105
2MFD 1619 2.421 0.2087 0.6974
2MFD 1620 1.983 0.2078 0.8026
2MFD 1621 2.262 0.1651 0.7237
2MFD 1622 2.594 0.1833 0.6842
2MFD 1623 2.289 0.1843 0.7368
2MFD 1624 2.225 0.1629 0.7368
2MFD 1625 2.730 0.2000 0.7237
2MFD 1626 2.254 0.1782 0.7237
2MFD 1627 2.737 0.2555 0.7105
2MFD 1628 2.660 0.2171 0.6974
2MFD 1629 2.634 0.1543 0.6974
2MFD 1630 2.895 0.1987 0.7237
2MFD 1631 2.467 0.1709 0.7105
2MFD 1632 2.447 0.1892 0.6974
2MFD 1633 2.113 0.2023 0.7632
2MFD 1634 2.772 0.1858 0.6974
2MFD 1635 2.867 0.1415 0.6711
2MFD 1636 2.375 0.1998 0.7237
2MFD 1637 2.640 0.1812 0.6842
2MFD 1638 2.879 0.1982 0.6842
2MFD 1639 2.335 0.1842 0.7632
2MFD 1640 2.324 0.1725 0.7237
2MFD 1641 2.310 0.1425 0.7237
2MFD 1642 2.731 0.1560 0.6842
2MFD 1643 2.489 0.1811 0.7500
2MFD 1644 2.464 0.1694 0.7237
2MFD 1645 2.563 0.1910 0.6842
2MFD 1646 2.286 0.1952 0.7368
2MFD 1647 2.323 0.1633 0.7368
2MFD 1648 2.347 0.1934 0.6974
2MFD 1649 2.401 0.2084 0.7368
2MFD 1650 2.384 0.1712 0.7500
2MFD 1651 2.276 0.1892 0.7500
2MFD 1652 2.220 0.1743 0.7105
2MFD 1653 2.269 0.2099 0.7895
2MFD 1654 2.362 0.1717 0.7500
2MFD 1655 2.147 0.1592 0.7500
2MFD 1656 2.224 0.1914 0.7500
2MFD 1657 2.442 0.1499 0.7237
2MFD 1658 2.190 0.1413 0.7105
2MFD 1659 2.153 0.1768 0.7632
2MFD 1660 2.456 0.1910 0.7368
2MFD 1661 2.398 0.2098 0.7763
2MFD 1662 2.376 0.1714 0.7368
2MFD 1663 2.312 0.1785 0.7500
2MFD 1664 2.639 0.1387 0.6974
2MFD 1665 2.646 0.1734 0.6974
2MFD 1666 2.252 0.1491 0.7237
2MFD 1667 2.361 0.1453 0.6842
2MFD 1668 2.007 0.1920 0.7763
2MFD 1669 2.420 0.1399 0.7105
2MFD 1670 2.187 0.1406 0.7105
2MFD 1671 2.146 0.1850 0.7368
2MFD 1672 2.374 0.1444 0.7237
2MFD 1673 2.455 0.1436 0.7105
2MFD 1674 2.644 0.1586 0.6974
2MFD 1675 2.325 0.2022 0.7368
2MFD 1676 2.556 0.1136 0.6974
2MFD 1677 2.710 0.1784 0.6974
2MFD 1678 2.291 0.1999 0.7368
2MFD 1679 2.159 0.1571 0.7237
2MFD 1680 2.226 0.1969 0.7237
2MFD 1681 2.427 0.2514 0.7632
2MFD 1682 2.261 0.1728 0.7368
2MFD 1683 2.455 0.1596 0.7237
2MFD 1684 2.396 0.2309 0.7368
2MFD 1685 2.593 0.2315 0.7237
2MFD 1686 2.254 0.2446 0.7763
2MFD 1687 2.422 0.1948 0.7237
2MFD 1688 2.621 0.1381 0.6974
2MFD 1689 2.477 0.1872 0.7368
2MFD 1690 2.604 0.1489 0.6974
2MFD 1691 2.393 0.2374 0.7500
2MFD 1692 2.441 0.1853 0.7368
2MFD 1693 2.518 0.2180 0.7632
2MFD 1694 2.513 0.1756 0.7105
2MFD 1695 2.675 0.1354 0.6842
2MFD 1696 2.502 0.1489 0.6711
2MFD 1697 2.459 0.1515 0.6974
2MFD 1698 2.307 0.2143 0.7632
2MFD 1699 2.522 0.2032 0.6974
2MFD 1700 2.318 0.2212 0.7500
2MFD 1701 2.355 0.2058 0.7237
2MFD 1702 2.438 0.1787 0.7500
2MFD 1703 2.549 0.2114 0.7368
2MFD 1704 2.305 0.2172 0.7500
2MFD 1705 2.650 0.1433 0.6842
2MFD 1706 2.490 0.2362 0.7632
2MFD 1707 2.674 0.1505 0.7237
2MFD 1708 2.814 0.1547 0.6711
2MFD 1709 2.351 0.2265 0.7632
2MFD 1710 2.503 0.2341 0.7105
2MFD 1711 2.268 0.2174 0.7368
2MFD 1712 2.157 0.2103 0.7763
2MFD 1713 2.176 0.2038 0.7500
2MFD 1714 2.706 0.2051 0.7105
2MFD 1715 2.327 0.1818 0.7368
2MFD 1716 2.384 0.1750 0.7368
2MFD 1717 2.385 0.1517 0.7368
2MFD 1718 2.384 0.1972 0.7500
2MFD 1719 2.075 0.1987 0.7632
2MFD 1720 2.540 0.2218 0.7500
2MFD 1721 2.680 0.2413 0.7500
2MFD 1722 2.647 0.1890 0.7105
2MFD 1723 2.622 0.1827 0.6711
2MFD 1724 2.438 0.2021 0.7105
2MFD 1725 2.560 0.2265 0.7368
2MFD 1726 2.495 0.1816 0.7105
2MFD 1727 2.367 0.2155 0.7105
2MFD 1728 2.461 0.1936 0.6974
2MFD 1729 2.649 0.1758 0.7105
2MFD 1730 2.982 0.1624 0.6842
2MFD 1731 2.492 0.1997 0.6974
2MFD 1732 2.548 0.1969 0.7105
2MFD 1733 2.391 0.1980 0.7368
2MFD 1734 2.479 0.2235 0.7105
2MFD 1735 2.535 0.1811 0.6842
2MFD 1736 2.401 0.1807 0.7105
2MFD 1737 2.476 0.1769 0.7105
2MFD 1738 2.383 0.2235 0.7237
2MFD 1739 2.364 0.1936 0.7500
2MFD 1740 2.466 0.1963 0.6974
2MFD 1741 2.524 0.1660 0.6974
2MFD 1742 2.563 0.1739 0.6711
2MFD 1743 2.451 0.2166 0.7105
2MFD 1744 2.267 0.2040 0.7500
2MFD 1745 2.607 0.1877 0.6842
2MFD 1746 2.588 0.1994 0.6842
2MFD 1747 2.577 0.1641 0.7105
2MFD 1748 2.695 0.1585 0.6579
2MFD 1749 2.245 0.2124 0.7500
2MFD 1750 2.768 0.1755 0.6711
2MFD 1751 2.361 0.1806 0.6974
2MFD 1752 2.270 0.1550 0.7368
2MFD 1753 2.361 0.1827 0.7237
2MFD 1754 2.565 0.1906 0.6974
2MFD 1755 2.576 0.2031 0.7105
2MFD 1756 2.548 0.1994 0.7105
2MFD 1757 2.402 0.1738 0.6974
2MFD 1758 2.381 0.1577 0.7105
2MFD 1759 2.425 0.1872 0.7237
2MFD 1760 2.601 0.1882 0.7237
2MFD 1761 2.336 0.2016 0.7105
2MFD 1762 2.708 0.1931 0.6842
2MFD 1763 2.353 0.1842 0.7368
2MFD 1764 2.536 0.1734 0.6842
2MFD 1765 2.668 0.1964 0.7105
2MFD 1766 2.536 0.1903 0.7368
2MFD 1767 2.320 0.1916 0.7632
2MFD 1768 2.260 0.1802 0.7237
2MFD 1769 2.638 0.2063 0.7368
2MFD 1770 2.287 0.1698 0.7237
2MFD 1771 2.491 0.1756 0.7237
2MFD 1772 2.451 0.1908 0.7105
2MFD 1773 2.808 0.1600 0.6974
2MFD 1774 2.400 0.1807 0.6842
2MFD 1775 2.386 0.1424 0.7105
2MFD 1776 2.253 0.2122 0.7368
2MFD 1777 2.449 0.1791 0.6974
2MFD 1778 2.131 0.1832 0.7368
2MFD 1779 2.228 0.1808 0.7105
2MFD 1780 1.986 0.2015 0.7500
2MFD 1781 2.258 0.1555 0.7237
2MFD 1782 2.318 0.1981 0.7105
2MFD 1783 2.383 0.2204 0.7237
2MFD 1784 2.212 0.2025 0.7500
2MFD 1785 2.094 0.1706 0.7500
2MFD 1786 2.410 0.2200 0.6974
2MFD 1787 2.493 0.1801 0.6842
2MFD 1788 2.782 0.1693 0.6711
2MFD 1789 2.188 0.1970 0.7237
2MFD 1790 2.462 0.1611 0.7237
2MFD 1791 2.748 0.1601 0.6974
2MFD 1792 2.932 0.1679 0.6974
2MFD 1793 2.695 0.1629 0.6711
2MFD 1794 2.570 0.1613 0.6974
2MFD 1795 2.602 0.1654 0.7368
2MFD 1796 2.176 0.1693 0.7237
2MFD 1797 2.291 0.1297 0.7105
2MFD 1798 2.373 0.1563 0.6842
2MFD 1799 2.389 0.1553 0.7105
2MFD 1800 2.224 0.1803 0.7237
2MFD 1801 2.500 0.1568 0.7237
2MFD 1802 2.209 0.1804 0.7500
2MFD 1803 2.270 0.1875 0.7500
2MFD 1804 2.641 0.1316 0.6974
2MFD 1805 2.626 0.1743 0.6974
2MFD 1806 2.362 0.1489 0.7105
2MFD 1807 2.386 0.1123 0.6974
2MFD 1808 2.167 0.1351 0.7368
2MFD 1809 2.574 0.1124 0.6842
2MFD 1810 2.515 0.1438 0.6974
2MFD 1811 2.370 0.1483 0.7105
2MFD 1812 2.419 0.1836 0.7237
2MFD 1813 2.505 0.1593 0.7237
2MFD 1814 2.267 0.1407 0.7500
2MFD 1815 2.053 0.1719 0.7500
2MFD 1816 2.375 0.1511 0.7105
2MFD 1817 2.512 0.1495 0.7105
2MFD 1818 2.185 0.1439 0.6974
2MFD 1819 2.332 0.1379 0.6842
2MFD 1820 2.214 0.1641 0.7368
2MFD 1821 2.012 0.1687 0.7763
2MFD 1822 2.159 0.1378 0.7237
2MFD 1823 2.269 0.1609 0.7368
2MFD 1824 2.458 0.1323 0.6711
2MFD 1825 2.480 0.1543 0.7237
2MFD 1826 2.272 0.1473 0.6974
2MFD 1827 2.660 0.1315 0.6711
2MFD 1828 2.521 0.1528 0.6974
2MFD 1829 2.221 0.1638 0.7500
2MFD 1830 2.301 0.1923 0.7368
2MFD 1831 2.264 0.1760 0.7500
2MFD 1832 2.484 0.1448 0.7237
2MFD 1833 2.432 0.1529 0.7105
2MFD 1834 2.306 0.1882 0.7105
2MFD 1835 2.098 0.1761 0.7105
2MFD 1836 2.580 0.1808 0.6579
2MFD 1837 2.933 0.1201 0.6447
2MFD 1838 2.547 0.1341 0.6842
2MFD 1839 2.445 0.1462 0.6711
2MFD 1840 2.321 0.1797 0.7105
2MFD 1841 2.529 0.1344 0.6842
2MFD 1842 2.386 0.1358 0.6974
2MFD 1843 2.380 0.1569 0.7237
2MFD 1844 2.323 0.1482 0.7237
2MFD 1845 2.431 0.1696 0.6974
2MFD 1846 2.373 0.1803 0.7368
2MFD 1847 2.643 0.1586 0.6842
2MFD 1848 2.720 0.1236 0.6711
2MFD 1849 2.178 0.1951 0.7368
2MFD 1850 2.245 0.1620 0.7368
2MFD 1851 2.487 0.1568 0.6711
2MFD 1852 2.572 0.1339 0.6447
2MFD 1853 2.550 0.1250 0.6711
2MFD 1854 2.701 0.1242 0.6711
2MFD 1855 2.701 0.1464 0.7368
2MFD 1856 2.293 0.1498 0.6974
2MFD 1857 2.519 0.1648 0.6842
2MFD 1858 2.789 0.1476 0.6711
2MFD 1859 2.558 0.1254 0.6711
2MFD 1860 2.070 0.1307 0.7237
2MFD 1861 2.103 0.1322 0.7368
2MFD 1862 2.349 0.1487 0.6842
2MFD 1863 2.447 0.1639 0.6842
2MFD 1864 2.271 0.1783 0.7105
2MFD 1865 2.167 0.1991 0.7500
2MFD 1866 2.327 0.1250 0.6974
2MFD 1867 2.235 0.1248 0.7500
2MFD 1868 2.248 0.1386 0.7237
2MFD 1869 2.303 0.1208 0.7237
2MFD 1870 2.371 0.2086 0.7105
2MFD 1871 2.147 0.1727 0.7237
2MFD 1872 2.207 0.1955 0.7368
2MFD 1873 2.243 0.1559 0.7237
2MFD 1874 2.180 0.1794 0.7500
2MFD 1875 2.135 0.1679 0.7763
2MFD 1876 2.376 0.1521 0.6974
2MFD 1877 2.275 0.1243 0.6974
2MFD 1878 2.454 0.1634 0.7368
2MFD 1879 2.445 0.1562 0.7237
2MFD 1880 2.741 0.1936 0.7237
2MFD 1881 2.453 0.1314 0.6974
2MFD 1882 2.717 0.1916 0.7237
2MFD 1883 2.421 0.1583 0.7105
2MFD 1884 2.051 0.1983 0.7500
2MFD 1885 2.124 0.1432 0.7368
2MFD 1886 2.086 0.1879 0.7368
2MFD 1887 2.280 0.1390 0.7105
2MFD 1888 2.456 0.1812 0.7368
2MFD 1889 1.922 0.1666 0.7500
2MFD 1890 2.659 0.1577 0.6974
2MFD 1891 1.957 0.1673 0.7368
2MFD 1892 2.282 0.1734 0.7763
2MFD 1893 2.355 0.1943 0.7632
2MFD 1894 2.234 0.1460 0.7368
2MFD 1895 2.400 0.2188 0.7763
2MFD 1896 2.055 0.2088 0.7763
2MFD 1897 1.979 0.1753 0.7632
2MFD 1898 2.109 0.1940 0.7895
2MFD 1899 2.291 0.1538 0.7105
2MFD 1900 2.600 0.1617 0.7105
2MFD 1901 2.411 0.1490 0.6974
2MFD 1902 2.331 0.1537 0.7368
2MFD 1903 2.246 0.2053 0.7500
2MFD 1904 2.289 0.1784 0.7368
2MFD 1905 2.239 0.1692 0.7237
2MFD 1906 2.489 0.1725 0.6974
2MFD 1907 2.301 0.1667 0.7237
2MFD 1908 2.102 0.1603 0.7500
2MFD 1909 2.104 0.1664 0.7500
2MFD 1910 2.272 0.1725 0.7105
2MFD 1911 1.867 0.2304 0.7895
2MFD 1912 1.954 0.2638 0.7895
2MFD 1913 2.202 0.1841 0.7500
2MFD 1914 1.921 0.2148 0.7763
2MFD 1915 1.894 0.1808 0.7632
2MFD 1916 2.269 0.1818 0.7500
2MFD 1917 2.366 0.2138 0.7895
2MFD 1918 2.205 0.1914 0.7500
2MFD 1919 2.297 0.1607 0.6842
2MFD 1920 2.456 0.1072 0.6711
2MFD 1921 2.508 0.1395 0.6711
2MFD 1922 2.682 0.1221 0.6711
2MFD 1923 2.666 0.1362 0.6711
2MFD 1924 2.821 0.1324 0.6579
2MFD 1925 2.493 0.1460 0.6842
2MFD 1926 3.006 0.1286 0.6447
2MFD 1927 2.722 0.1305 0.6579
2MFD 1928 2.682 0.1474 0.6974
2MFD 1929 2.590 0.1758 0.7237
2MFD 1930 2.762 0.1385 0.7105
2MFD 1931 2.872 0.1863 0.6711
2MFD 1932 2.382 0.1424 0.7105
2MFD 1933 2.434 0.1518 0.7105
2MFD 1934 2.398 0.1220 0.7237
2MFD 1935 2.401 0.1473 0.6974
2MFD 1936 2.364 0.1540 0.7105
2MFD 1937 2.507 0.1308 0.7237
2MFD 1938 2.524 0.1473 0.6842
2MFD 1939 2.798 0.1345 0.6974
2MFD 1940 2.660 0.1587 0.6711
2MFD 1941 2.734 0.1312 0.6447
2MFD 1942 2.755 0.1474 0.6711
2MFD 1943 2.764 0.1590 0.6974
2MFD 1944 2.861 0.1413 0.6711
2MFD 1945 2.595 0.1432 0.6974
2MFD 1946 2.895 0.1644 0.6842
2MFD 1947 2.771 0.1588 0.6842
2MFD 1948 2.767 0.1180 0.6842
2MFD 1949 2.880 0.1589 0.6711
2MFD 1950 3.045 0.1541 0.6711
2MFD 1951 2.479 0.1446 0.6974
2MFD 1952 2.088 0.1707 0.7368
2MFD 1953 2.542 0.1371 0.6974
2MFD 1954 2.349 0.1334 0.7237
2MFD 1955 2.386 0.1302 0.6974
2MFD 1956 2.423 0.1757 0.7105
2MFD 1957 2.360 0.1414 0.7237
