2MEQ 1 0.000 1.0000 1.0000
2MEQ 2 0.962 0.6018 0.9474
2MEQ 3 1.097 0.4165 0.9211
2MEQ 4 0.784 0.5867 0.9737
2MEQ 5 0.861 0.5785 0.9605
2MEQ 6 1.176 0.5174 0.9342
2MEQ 7 0.986 0.5263 0.9737
2MEQ 8 0.486 0.6987 1.0000
2MEQ 9 1.087 0.5092 0.9342
2MEQ 10 0.613 0.5249 0.9868
2MEQ 11 7.076 0.1556 0.5132
2MEQ 12 8.747 0.1078 0.4079
2MEQ 13 7.489 0.1722 0.5263
2MEQ 14 6.362 0.0947 0.4737
2MEQ 15 8.189 0.1428 0.4474
2MEQ 16 8.822 0.1164 0.4079
2MEQ 17 11.735 0.1269 0.4737
2MEQ 18 10.497 0.0884 0.3553
2MEQ 19 7.740 0.1219 0.4342
2MEQ 20 6.722 0.1516 0.5132
2MEQ 21 10.178 0.1494 0.4605
2MEQ 22 6.122 0.1497 0.5526
2MEQ 23 5.891 0.2148 0.5658
2MEQ 24 8.951 0.1817 0.5132
2MEQ 25 5.784 0.1386 0.5263
2MEQ 26 7.526 0.1157 0.4605
2MEQ 27 7.686 0.1274 0.4474
2MEQ 28 8.433 0.1455 0.5000
2MEQ 29 7.826 0.1078 0.4737
2MEQ 30 7.238 0.1127 0.4605
2MEQ 31 8.560 0.1687 0.4605
2MEQ 32 8.256 0.1508 0.3947
2MEQ 33 8.308 0.1418 0.4868
2MEQ 34 4.192 0.2221 0.6316
2MEQ 35 6.638 0.1525 0.4868
2MEQ 36 3.256 0.1774 0.6711
2MEQ 37 6.949 0.1368 0.4737
2MEQ 38 4.664 0.1017 0.5526
2MEQ 39 9.725 0.1474 0.5395
2MEQ 40 10.846 0.1717 0.4342
2MEQ 41 6.762 0.1357 0.5000
2MEQ 42 6.841 0.1558 0.4605
2MEQ 43 5.427 0.1759 0.5921
2MEQ 44 7.349 0.1545 0.5132
2MEQ 45 7.382 0.1348 0.5000
2MEQ 46 6.844 0.1506 0.4868
2MEQ 47 7.079 0.1649 0.4868
2MEQ 48 8.394 0.1446 0.4079
2MEQ 49 5.854 0.0982 0.4737
2MEQ 50 4.150 0.1354 0.5789
2MEQ 51 7.376 0.1836 0.4474
2MEQ 52 8.066 0.1852 0.5132
2MEQ 53 10.997 0.1087 0.3553
2MEQ 54 10.958 0.1435 0.3816
2MEQ 55 8.681 0.1257 0.3947
2MEQ 56 6.947 0.1401 0.4342
2MEQ 57 8.968 0.1414 0.3816
2MEQ 58 7.976 0.1803 0.5132
2MEQ 59 8.919 0.1520 0.4342
2MEQ 60 9.778 0.0733 0.3158
2MEQ 61 6.821 0.1587 0.5132
2MEQ 62 7.204 0.1810 0.5132
2MEQ 63 6.973 0.1591 0.5395
2MEQ 64 6.940 0.1060 0.4737
2MEQ 65 7.060 0.1865 0.5658
2MEQ 66 5.832 0.2096 0.5658
2MEQ 67 6.825 0.1656 0.5395
2MEQ 68 9.537 0.1484 0.5132
2MEQ 69 5.888 0.1662 0.5000
2MEQ 70 9.167 0.1735 0.4474
2MEQ 71 6.999 0.1031 0.5000
2MEQ 72 8.590 0.1650 0.4737
2MEQ 73 7.842 0.1408 0.5395
2MEQ 74 4.385 0.1557 0.5789
2MEQ 75 5.845 0.1905 0.5132
2MEQ 76 6.599 0.1562 0.5000
2MEQ 77 8.018 0.1668 0.4474
2MEQ 78 5.962 0.1859 0.5132
2MEQ 79 6.499 0.1524 0.5132
2MEQ 80 7.658 0.1367 0.3947
2MEQ 81 6.740 0.1952 0.4868
2MEQ 82 7.837 0.0993 0.3947
2MEQ 83 6.896 0.1708 0.4737
2MEQ 84 9.642 0.1465 0.4079
2MEQ 85 6.952 0.2094 0.5395
2MEQ 86 3.951 0.1309 0.5789
2MEQ 87 5.179 0.1432 0.5789
2MEQ 88 6.170 0.1296 0.5658
2MEQ 89 8.326 0.1299 0.4737
2MEQ 90 4.972 0.1506 0.5526
2MEQ 91 12.371 0.1516 0.3289
2MEQ 92 12.449 0.1233 0.3816
2MEQ 93 8.693 0.1230 0.4474
2MEQ 94 9.388 0.1365 0.4079
2MEQ 95 9.143 0.2042 0.3816
2MEQ 96 4.624 0.1827 0.5921
2MEQ 97 6.840 0.1376 0.5526
2MEQ 98 10.982 0.1670 0.3816
2MEQ 99 8.917 0.1479 0.4868
2MEQ 100 6.360 0.1161 0.4868
2MEQ 101 10.769 0.0992 0.3553
2MEQ 102 6.591 0.1626 0.5000
2MEQ 103 7.466 0.1693 0.4868
2MEQ 104 6.008 0.1483 0.5132
2MEQ 105 5.988 0.1846 0.5658
2MEQ 106 6.750 0.1365 0.5263
2MEQ 107 5.198 0.1422 0.5789
2MEQ 108 6.550 0.1350 0.4474
2MEQ 109 6.642 0.1907 0.5658
2MEQ 110 5.432 0.1604 0.5658
2MEQ 111 4.180 0.1324 0.6053
2MEQ 112 9.358 0.1775 0.5000
2MEQ 113 4.365 0.0832 0.5789
2MEQ 114 6.059 0.1496 0.5263
2MEQ 115 7.066 0.1804 0.4474
2MEQ 116 9.303 0.1178 0.4211
2MEQ 117 4.548 0.1541 0.5658
2MEQ 118 7.540 0.1901 0.4342
2MEQ 119 7.641 0.1845 0.5000
2MEQ 120 6.428 0.1828 0.5132
2MEQ 121 7.707 0.1774 0.4474
2MEQ 122 4.454 0.1931 0.6316
2MEQ 123 7.791 0.1406 0.5263
2MEQ 124 8.160 0.1689 0.4737
2MEQ 125 5.487 0.1305 0.5263
2MEQ 126 8.052 0.1984 0.4605
2MEQ 127 4.142 0.1696 0.6447
2MEQ 128 5.659 0.2273 0.5395
2MEQ 129 7.448 0.1868 0.4737
2MEQ 130 4.381 0.1540 0.5658
2MEQ 131 5.546 0.1786 0.4868
2MEQ 132 6.802 0.1562 0.5395
2MEQ 133 6.795 0.1241 0.4737
2MEQ 134 8.552 0.2053 0.4868
2MEQ 135 7.776 0.1498 0.4868
2MEQ 136 10.226 0.1382 0.3684
2MEQ 137 4.288 0.1838 0.6316
2MEQ 138 8.981 0.1398 0.5000
2MEQ 139 5.006 0.1381 0.5263
2MEQ 140 7.088 0.1586 0.5658
2MEQ 141 9.749 0.1389 0.4342
2MEQ 142 10.765 0.0933 0.3553
2MEQ 143 6.529 0.1408 0.5526
2MEQ 144 7.657 0.1264 0.5263
2MEQ 145 7.595 0.1240 0.5132
2MEQ 146 7.972 0.1427 0.4737
2MEQ 147 6.224 0.1578 0.5000
2MEQ 148 9.234 0.1569 0.4474
2MEQ 149 8.815 0.1878 0.4474
2MEQ 150 5.680 0.1837 0.5132
2MEQ 151 6.561 0.1203 0.5000
2MEQ 152 7.424 0.1795 0.4868
2MEQ 153 7.967 0.1366 0.3947
2MEQ 154 7.188 0.2127 0.5000
2MEQ 155 7.071 0.1714 0.4868
2MEQ 156 7.479 0.1720 0.4737
2MEQ 157 6.674 0.1685 0.4868
2MEQ 158 6.438 0.1479 0.5263
2MEQ 159 5.295 0.1596 0.5132
2MEQ 160 8.723 0.1541 0.4605
2MEQ 161 8.640 0.1425 0.4737
2MEQ 162 5.203 0.1297 0.5658
2MEQ 163 7.549 0.1935 0.5132
2MEQ 164 7.880 0.1548 0.4342
2MEQ 165 7.552 0.1960 0.4868
2MEQ 166 6.560 0.1782 0.5395
2MEQ 167 7.330 0.1800 0.4737
2MEQ 168 6.556 0.1066 0.5000
2MEQ 169 7.731 0.1657 0.4737
2MEQ 170 8.074 0.1936 0.4737
2MEQ 171 9.701 0.1192 0.3947
2MEQ 172 9.426 0.1285 0.4079
2MEQ 173 7.062 0.1335 0.5395
2MEQ 174 8.238 0.1354 0.5000
2MEQ 175 6.855 0.1441 0.5000
2MEQ 176 9.978 0.0963 0.4211
2MEQ 177 9.736 0.1189 0.3816
2MEQ 178 6.714 0.1168 0.4605
2MEQ 179 4.437 0.1761 0.6184
2MEQ 180 6.898 0.1939 0.6053
2MEQ 181 8.461 0.1793 0.4211
2MEQ 182 6.402 0.1588 0.6053
2MEQ 183 8.964 0.1605 0.4737
2MEQ 184 5.357 0.1380 0.5132
2MEQ 185 5.630 0.1635 0.5395
2MEQ 186 4.053 0.1343 0.6053
2MEQ 187 4.587 0.1675 0.6316
2MEQ 188 4.908 0.2451 0.6184
2MEQ 189 6.172 0.1603 0.5263
2MEQ 190 5.660 0.1435 0.5395
2MEQ 191 12.311 0.1984 0.4737
2MEQ 192 6.558 0.1800 0.5263
2MEQ 193 4.263 0.1914 0.5921
2MEQ 194 5.428 0.1135 0.5526
2MEQ 195 7.535 0.1749 0.4737
2MEQ 196 6.494 0.1517 0.5263
2MEQ 197 5.170 0.1662 0.5526
2MEQ 198 6.750 0.1816 0.5395
2MEQ 199 6.415 0.1429 0.5132
2MEQ 200 6.032 0.1777 0.5395
2MEQ 201 7.121 0.1317 0.4868
2MEQ 202 7.574 0.1782 0.4737
2MEQ 203 9.467 0.1860 0.5000
2MEQ 204 6.490 0.1884 0.5263
2MEQ 205 7.971 0.1794 0.4737
2MEQ 206 8.065 0.1307 0.4605
2MEQ 207 7.744 0.1637 0.4342
2MEQ 208 8.084 0.1795 0.4737
2MEQ 209 6.455 0.1770 0.5263
2MEQ 210 6.656 0.1750 0.5000
2MEQ 211 8.367 0.1043 0.4342
2MEQ 212 7.055 0.1530 0.5526
2MEQ 213 7.025 0.1493 0.5526
2MEQ 214 8.872 0.0879 0.4211
2MEQ 215 6.843 0.1057 0.4868
2MEQ 216 8.422 0.1556 0.4868
2MEQ 217 7.704 0.1793 0.5000
2MEQ 218 7.815 0.1983 0.4605
2MEQ 219 7.822 0.1549 0.5000
2MEQ 220 7.859 0.1242 0.4342
2MEQ 221 5.965 0.1221 0.5263
2MEQ 222 5.877 0.1696 0.5526
2MEQ 223 4.829 0.1706 0.5658
2MEQ 224 5.720 0.1958 0.5000
2MEQ 225 5.731 0.1640 0.5000
2MEQ 226 7.908 0.1160 0.4605
2MEQ 227 8.622 0.1328 0.5000
2MEQ 228 7.762 0.1787 0.4868
2MEQ 229 5.066 0.2021 0.5526
2MEQ 230 7.806 0.1725 0.4737
2MEQ 231 6.324 0.1584 0.4868
2MEQ 232 6.802 0.1804 0.5132
2MEQ 233 7.422 0.1675 0.4342
2MEQ 234 9.755 0.1467 0.4079
2MEQ 235 7.036 0.1365 0.5000
2MEQ 236 7.008 0.1608 0.5000
2MEQ 237 7.694 0.1577 0.4342
2MEQ 238 5.264 0.2168 0.6053
2MEQ 239 7.659 0.1959 0.5526
2MEQ 240 5.354 0.1331 0.5263
2MEQ 241 6.745 0.1827 0.4737
2MEQ 242 7.450 0.1902 0.5132
2MEQ 243 6.878 0.1524 0.5132
2MEQ 244 8.632 0.1709 0.4737
2MEQ 245 6.311 0.1732 0.5132
2MEQ 246 8.937 0.2073 0.4474
2MEQ 247 6.685 0.1667 0.4868
2MEQ 248 7.728 0.1744 0.4868
2MEQ 249 7.537 0.1629 0.4737
2MEQ 250 5.954 0.1933 0.5263
2MEQ 251 9.750 0.1306 0.3421
2MEQ 252 7.535 0.1691 0.5000
2MEQ 253 9.508 0.1776 0.4211
2MEQ 254 9.188 0.1464 0.3553
2MEQ 255 4.467 0.1238 0.5526
2MEQ 256 10.436 0.1011 0.4211
2MEQ 257 6.414 0.1473 0.5263
2MEQ 258 7.401 0.1871 0.4474
2MEQ 259 6.784 0.1052 0.4737
2MEQ 260 10.650 0.1674 0.4079
2MEQ 261 6.303 0.1876 0.5263
2MEQ 262 9.924 0.1067 0.4474
2MEQ 263 5.273 0.1662 0.5526
2MEQ 264 5.049 0.1383 0.5395
2MEQ 265 5.213 0.1459 0.5658
2MEQ 266 8.232 0.1164 0.4605
2MEQ 267 8.602 0.1484 0.4342
2MEQ 268 5.774 0.1483 0.5263
2MEQ 269 8.388 0.1792 0.4474
2MEQ 270 5.391 0.1285 0.5395
2MEQ 271 7.710 0.1773 0.5000
2MEQ 272 5.139 0.1428 0.5263
2MEQ 273 8.113 0.1799 0.5395
2MEQ 274 5.363 0.1302 0.5395
2MEQ 275 6.891 0.1079 0.4342
2MEQ 276 4.655 0.1393 0.5395
2MEQ 277 4.307 0.1644 0.5921
2MEQ 278 5.954 0.1617 0.5789
2MEQ 279 8.398 0.1515 0.4605
2MEQ 280 5.912 0.1247 0.5000
2MEQ 281 7.587 0.1479 0.4605
2MEQ 282 6.704 0.1812 0.4737
2MEQ 283 8.037 0.1748 0.4342
2MEQ 284 6.381 0.1701 0.5263
2MEQ 285 5.952 0.1692 0.5000
2MEQ 286 6.412 0.1596 0.4868
2MEQ 287 5.418 0.1757 0.5526
2MEQ 288 6.916 0.1764 0.5000
2MEQ 289 7.990 0.1621 0.5000
2MEQ 290 9.327 0.1363 0.4211
2MEQ 291 8.228 0.1966 0.4474
2MEQ 292 9.921 0.0982 0.3816
2MEQ 293 10.650 0.1131 0.4079
2MEQ 294 6.149 0.1131 0.5263
2MEQ 295 4.867 0.1132 0.5658
2MEQ 296 7.564 0.1714 0.4737
2MEQ 297 8.183 0.1291 0.5000
2MEQ 298 13.049 0.1054 0.3553
2MEQ 299 8.705 0.1871 0.4737
2MEQ 300 7.774 0.1342 0.4737
2MEQ 301 8.771 0.1340 0.3947
2MEQ 302 9.222 0.1647 0.5526
2MEQ 303 7.788 0.1965 0.5263
2MEQ 304 7.109 0.2119 0.4737
2MEQ 305 5.447 0.0828 0.5263
2MEQ 306 8.704 0.1235 0.5000
2MEQ 307 5.283 0.1492 0.5263
2MEQ 308 8.456 0.0941 0.4474
2MEQ 309 8.274 0.1603 0.4342
2MEQ 310 9.353 0.1146 0.3816
2MEQ 311 3.640 0.1486 0.6316
2MEQ 312 5.104 0.1563 0.5526
2MEQ 313 8.224 0.1404 0.4474
2MEQ 314 5.383 0.1908 0.5263
2MEQ 315 4.543 0.1563 0.5921
2MEQ 316 8.497 0.1474 0.5000
2MEQ 317 7.037 0.1584 0.4211
2MEQ 318 4.269 0.1377 0.5789
2MEQ 319 4.962 0.1819 0.5921
2MEQ 320 8.814 0.1541 0.4079
2MEQ 321 4.419 0.1228 0.5789
2MEQ 322 6.772 0.1539 0.4737
2MEQ 323 7.936 0.1684 0.5000
2MEQ 324 5.830 0.1801 0.5263
2MEQ 325 4.914 0.1644 0.5789
2MEQ 326 6.901 0.1465 0.5132
2MEQ 327 5.732 0.1509 0.5263
2MEQ 328 7.048 0.1716 0.4605
2MEQ 329 6.864 0.1783 0.4211
2MEQ 330 7.511 0.1449 0.4342
2MEQ 331 13.806 0.1280 0.3421
2MEQ 332 7.105 0.1336 0.3947
2MEQ 333 6.219 0.1076 0.4868
2MEQ 334 10.191 0.0906 0.3816
2MEQ 335 11.517 0.1624 0.4211
2MEQ 336 8.438 0.1193 0.4737
2MEQ 337 10.325 0.0865 0.3553
2MEQ 338 10.092 0.0970 0.4079
2MEQ 339 5.632 0.1564 0.5526
2MEQ 340 8.209 0.1777 0.4474
2MEQ 341 5.333 0.1333 0.4868
2MEQ 342 8.654 0.1735 0.5658
2MEQ 343 8.313 0.1604 0.5526
2MEQ 344 4.491 0.1554 0.6184
2MEQ 345 8.856 0.1233 0.4211
2MEQ 346 6.820 0.1629 0.4605
2MEQ 347 6.631 0.1381 0.5000
2MEQ 348 5.738 0.1802 0.5526
2MEQ 349 8.363 0.1159 0.4474
2MEQ 350 6.043 0.1761 0.5658
2MEQ 351 5.616 0.1462 0.5000
2MEQ 352 5.312 0.1622 0.5395
2MEQ 353 8.861 0.1716 0.5263
2MEQ 354 6.609 0.1848 0.5000
2MEQ 355 5.959 0.1903 0.5395
2MEQ 356 4.548 0.1340 0.5395
2MEQ 357 7.588 0.1573 0.4737
2MEQ 358 6.270 0.1497 0.5000
2MEQ 359 5.150 0.1155 0.5263
2MEQ 360 4.718 0.1793 0.5658
2MEQ 361 7.715 0.1351 0.4737
2MEQ 362 5.569 0.1619 0.5658
2MEQ 363 5.506 0.2024 0.5000
2MEQ 364 6.210 0.1658 0.4868
2MEQ 365 6.669 0.1792 0.5263
2MEQ 366 7.809 0.1835 0.4605
2MEQ 367 5.249 0.1347 0.5263
2MEQ 368 5.933 0.1739 0.5000
2MEQ 369 4.318 0.1496 0.6053
2MEQ 370 8.350 0.1545 0.5263
2MEQ 371 10.944 0.1209 0.3816
2MEQ 372 10.803 0.1167 0.4342
2MEQ 373 9.922 0.1116 0.4079
2MEQ 374 11.859 0.1111 0.3816
2MEQ 375 8.734 0.1280 0.3421
2MEQ 376 8.772 0.0770 0.3553
2MEQ 377 5.457 0.1045 0.5000
2MEQ 378 7.598 0.1371 0.4605
2MEQ 379 6.749 0.2745 0.6053
2MEQ 380 7.363 0.2175 0.5395
2MEQ 381 7.284 0.1507 0.4605
2MEQ 382 7.419 0.1718 0.5526
2MEQ 383 7.720 0.1334 0.4737
2MEQ 384 8.277 0.1227 0.4474
2MEQ 385 7.846 0.1491 0.4868
2MEQ 386 8.963 0.1379 0.4079
2MEQ 387 6.209 0.1436 0.5132
2MEQ 388 10.344 0.1077 0.4342
2MEQ 389 7.739 0.1574 0.4474
2MEQ 390 5.635 0.1306 0.5132
2MEQ 391 6.894 0.1924 0.4737
2MEQ 392 4.090 0.1328 0.6184
2MEQ 393 6.424 0.1705 0.4737
2MEQ 394 7.170 0.1580 0.4474
2MEQ 395 4.023 0.1841 0.6447
2MEQ 396 7.446 0.1538 0.4868
2MEQ 397 5.738 0.1522 0.5658
2MEQ 398 3.380 0.1988 0.6447
2MEQ 399 6.305 0.1586 0.5395
2MEQ 400 7.812 0.1717 0.4211
2MEQ 401 6.069 0.1886 0.5000
2MEQ 402 6.833 0.1693 0.5658
2MEQ 403 5.371 0.2007 0.5263
2MEQ 404 7.122 0.1910 0.4474
2MEQ 405 5.416 0.1208 0.5658
2MEQ 406 7.743 0.1545 0.5263
2MEQ 407 7.227 0.1994 0.4737
2MEQ 408 6.531 0.1511 0.4868
2MEQ 409 7.105 0.1792 0.4605
2MEQ 410 4.331 0.1573 0.6053
2MEQ 411 1.470 0.2685 0.8421
2MEQ 412 2.264 0.2191 0.7632
2MEQ 413 2.399 0.2250 0.7632
2MEQ 414 2.283 0.2599 0.7632
2MEQ 415 2.441 0.2236 0.7500
2MEQ 416 2.431 0.2260 0.7368
2MEQ 417 2.496 0.2204 0.7368
2MEQ 418 2.411 0.2224 0.7500
2MEQ 419 2.365 0.2266 0.7632
2MEQ 420 2.488 0.2190 0.7500
2MEQ 421 2.368 0.2282 0.7632
2MEQ 422 2.375 0.2288 0.7632
2MEQ 423 2.388 0.2297 0.7500
2MEQ 424 2.379 0.2233 0.7632
2MEQ 425 2.373 0.2283 0.7632
2MEQ 426 2.376 0.2330 0.7632
2MEQ 427 2.378 0.2278 0.7632
2MEQ 428 2.396 0.2295 0.7632
2MEQ 429 2.374 0.2273 0.7632
2MEQ 430 2.385 0.2261 0.7632
2MEQ 431 2.366 0.2266 0.7632
2MEQ 432 2.399 0.2282 0.7632
2MEQ 433 2.377 0.2225 0.7632
2MEQ 434 2.356 0.2313 0.7632
2MEQ 435 2.375 0.2288 0.7632
2MEQ 436 2.366 0.2309 0.7632
2MEQ 437 2.378 0.2265 0.7500
2MEQ 438 2.372 0.2265 0.7632
2MEQ 439 2.378 0.2276 0.7632
2MEQ 440 2.368 0.2355 0.7632
2MEQ 441 2.392 0.2229 0.7500
2MEQ 442 2.392 0.2255 0.7632
2MEQ 443 2.398 0.2270 0.7632
2MEQ 444 2.386 0.2329 0.7632
2MEQ 445 2.394 0.2304 0.7763
2MEQ 446 2.413 0.2239 0.7632
2MEQ 447 2.417 0.2219 0.7500
2MEQ 448 2.417 0.2230 0.7500
2MEQ 449 2.435 0.2255 0.7500
2MEQ 450 2.383 0.2273 0.7632
2MEQ 451 2.432 0.2249 0.7500
2MEQ 452 2.431 0.2231 0.7368
2MEQ 453 2.436 0.2260 0.7368
2MEQ 454 2.390 0.2299 0.7632
2MEQ 455 2.415 0.2411 0.7632
2MEQ 456 2.405 0.2227 0.7500
2MEQ 457 2.419 0.2273 0.7632
2MEQ 458 2.430 0.2257 0.7632
2MEQ 459 2.408 0.2221 0.7500
2MEQ 460 2.407 0.2233 0.7632
2MEQ 461 2.400 0.2265 0.7500
2MEQ 462 2.409 0.2253 0.7632
2MEQ 463 2.420 0.2234 0.7500
2MEQ 464 2.400 0.2179 0.7500
2MEQ 465 2.377 0.2260 0.7632
2MEQ 466 2.426 0.2196 0.7500
2MEQ 467 2.529 0.2261 0.7368
2MEQ 468 2.466 0.2229 0.7368
2MEQ 469 2.494 0.2174 0.7368
2MEQ 470 2.451 0.2228 0.7500
2MEQ 471 2.479 0.2189 0.7500
2MEQ 472 2.451 0.2231 0.7368
2MEQ 473 2.504 0.2205 0.7500
2MEQ 474 2.503 0.2220 0.7237
2MEQ 475 2.485 0.2140 0.7500
2MEQ 476 2.511 0.2200 0.7500
2MEQ 477 2.504 0.2156 0.7500
2MEQ 478 2.509 0.2232 0.7237
2MEQ 479 2.449 0.2256 0.7500
2MEQ 480 2.581 0.2217 0.7237
2MEQ 481 2.458 0.2162 0.7500
2MEQ 482 2.583 0.2203 0.7368
2MEQ 483 2.462 0.2199 0.7500
2MEQ 484 2.458 0.2221 0.7368
2MEQ 485 2.524 0.2204 0.7237
2MEQ 486 2.431 0.2266 0.7500
2MEQ 487 2.497 0.2193 0.7368
2MEQ 488 2.511 0.2244 0.7368
2MEQ 489 2.416 0.2169 0.7500
2MEQ 490 2.485 0.2140 0.7368
2MEQ 491 2.440 0.2163 0.7368
2MEQ 492 2.408 0.2181 0.7632
2MEQ 493 2.445 0.2210 0.7368
2MEQ 494 2.364 0.2245 0.7763
2MEQ 495 2.487 0.2205 0.7368
2MEQ 496 2.379 0.2272 0.7500
2MEQ 497 2.454 0.2202 0.7368
2MEQ 498 2.451 0.2189 0.7368
2MEQ 499 2.402 0.2140 0.7500
2MEQ 500 2.415 0.2258 0.7632
2MEQ 501 2.511 0.2190 0.7368
2MEQ 502 2.392 0.2212 0.7368
2MEQ 503 2.465 0.2193 0.7500
2MEQ 504 2.369 0.2302 0.7632
2MEQ 505 2.366 0.2327 0.7632
2MEQ 506 2.377 0.2300 0.7368
2MEQ 507 2.373 0.2232 0.7500
2MEQ 508 2.314 0.2272 0.7763
2MEQ 509 2.443 0.2193 0.7500
2MEQ 510 2.386 0.2139 0.7368
2MEQ 511 2.409 0.2211 0.7368
2MEQ 512 2.451 0.2217 0.7500
2MEQ 513 2.383 0.2229 0.7632
2MEQ 514 2.358 0.2293 0.7500
2MEQ 515 2.407 0.2289 0.7368
2MEQ 516 2.379 0.2246 0.7368
2MEQ 517 2.411 0.2251 0.7368
2MEQ 518 2.450 0.2225 0.7368
2MEQ 519 2.303 0.2176 0.7763
2MEQ 520 2.400 0.2267 0.7368
2MEQ 521 2.413 0.2150 0.7500
2MEQ 522 2.464 0.2281 0.7368
2MEQ 523 2.487 0.2209 0.7368
2MEQ 524 2.483 0.2263 0.7368
2MEQ 525 2.422 0.2210 0.7368
2MEQ 526 2.465 0.2261 0.7500
2MEQ 527 2.448 0.2246 0.7500
2MEQ 528 2.392 0.2226 0.7368
2MEQ 529 2.297 0.2545 0.7763
2MEQ 530 2.421 0.2220 0.7368
2MEQ 531 2.322 0.2298 0.7632
2MEQ 532 2.306 0.2268 0.7500
2MEQ 533 2.293 0.2297 0.7632
2MEQ 534 2.316 0.2283 0.7632
2MEQ 535 2.403 0.2227 0.7368
2MEQ 536 2.359 0.2182 0.7500
2MEQ 537 2.352 0.2198 0.7500
2MEQ 538 2.361 0.2215 0.7368
2MEQ 539 2.474 0.2269 0.7368
2MEQ 540 2.407 0.2161 0.7368
2MEQ 541 2.443 0.2239 0.7500
2MEQ 542 2.343 0.2204 0.7500
2MEQ 543 2.394 0.2195 0.7500
2MEQ 544 2.537 0.2302 0.7237
2MEQ 545 2.404 0.2200 0.7500
2MEQ 546 2.364 0.2253 0.7632
2MEQ 547 2.382 0.2299 0.7500
2MEQ 548 2.386 0.2148 0.7368
2MEQ 549 2.408 0.2159 0.7500
2MEQ 550 2.388 0.2229 0.7632
2MEQ 551 2.451 0.2189 0.7368
2MEQ 552 2.327 0.2170 0.7500
2MEQ 553 2.381 0.2189 0.7368
2MEQ 554 2.426 0.2329 0.7500
2MEQ 555 2.361 0.2057 0.7500
2MEQ 556 2.414 0.2218 0.7368
2MEQ 557 2.391 0.2204 0.7500
2MEQ 558 2.417 0.2202 0.7368
2MEQ 559 2.422 0.2124 0.7368
2MEQ 560 2.429 0.2218 0.7500
2MEQ 561 2.412 0.2181 0.7500
2MEQ 562 2.322 0.2226 0.7763
2MEQ 563 2.407 0.2173 0.7500
2MEQ 564 2.324 0.2337 0.7500
2MEQ 565 2.397 0.2185 0.7500
2MEQ 566 2.410 0.2189 0.7368
2MEQ 567 2.374 0.2188 0.7500
2MEQ 568 2.374 0.2337 0.7500
2MEQ 569 2.332 0.2157 0.7632
2MEQ 570 2.370 0.2191 0.7368
2MEQ 571 2.433 0.2180 0.7500
2MEQ 572 2.363 0.2247 0.7368
2MEQ 573 2.365 0.2309 0.7500
2MEQ 574 2.424 0.2203 0.7500
2MEQ 575 2.239 0.2343 0.7895
2MEQ 576 2.428 0.2257 0.7368
2MEQ 577 2.384 0.2257 0.7500
2MEQ 578 2.218 0.2193 0.7632
2MEQ 579 2.140 0.2190 0.7895
2MEQ 580 2.268 0.2177 0.7632
2MEQ 581 2.287 0.2244 0.7763
2MEQ 582 2.113 0.2293 0.7763
2MEQ 583 2.174 0.2120 0.7895
2MEQ 584 2.241 0.2272 0.7895
2MEQ 585 2.267 0.2231 0.7632
2MEQ 586 2.269 0.2213 0.7763
2MEQ 587 2.273 0.2165 0.7763
2MEQ 588 2.251 0.2219 0.7763
2MEQ 589 2.222 0.2184 0.7763
2MEQ 590 2.255 0.2096 0.7632
2MEQ 591 2.252 0.2126 0.7763
2MEQ 592 2.264 0.2210 0.7763
2MEQ 593 2.287 0.2111 0.7763
2MEQ 594 2.215 0.2298 0.7763
2MEQ 595 2.234 0.2222 0.7500
2MEQ 596 2.268 0.2173 0.7763
2MEQ 597 2.317 0.2167 0.7763
2MEQ 598 2.279 0.2214 0.7632
2MEQ 599 2.368 0.2280 0.7500
2MEQ 600 2.365 0.2170 0.7368
2MEQ 601 2.391 0.2189 0.7632
2MEQ 602 2.344 0.2107 0.7368
2MEQ 603 2.302 0.2198 0.7632
2MEQ 604 2.448 0.2278 0.7368
2MEQ 605 2.419 0.2208 0.7500
2MEQ 606 2.401 0.2190 0.7368
2MEQ 607 2.332 0.2156 0.7500
2MEQ 608 2.323 0.2222 0.7500
2MEQ 609 2.422 0.2168 0.7368
2MEQ 610 2.439 0.2156 0.7368
2MEQ 611 2.456 0.2224 0.7368
2MEQ 612 2.427 0.2223 0.7500
2MEQ 613 2.264 0.2312 0.7763
2MEQ 614 2.309 0.2340 0.7368
2MEQ 615 2.420 0.2136 0.7500
2MEQ 616 2.365 0.2094 0.7632
2MEQ 617 2.266 0.2234 0.7632
2MEQ 618 2.310 0.2304 0.7632
2MEQ 619 2.463 0.2227 0.7368
2MEQ 620 2.377 0.2375 0.7632
2MEQ 621 2.494 0.2166 0.7368
2MEQ 622 2.454 0.2342 0.7368
2MEQ 623 2.482 0.2094 0.7368
2MEQ 624 2.371 0.2163 0.7368
2MEQ 625 2.510 0.2102 0.7368
2MEQ 626 2.397 0.2233 0.7368
2MEQ 627 2.382 0.2207 0.7632
2MEQ 628 2.344 0.2227 0.7500
2MEQ 629 2.408 0.2308 0.7500
2MEQ 630 2.416 0.2186 0.7500
2MEQ 631 2.428 0.2210 0.7500
2MEQ 632 2.323 0.2225 0.7632
2MEQ 633 2.345 0.2089 0.7500
2MEQ 634 2.313 0.2111 0.7632
2MEQ 635 2.316 0.2211 0.7632
2MEQ 636 2.300 0.2176 0.7632
2MEQ 637 2.328 0.2177 0.7368
2MEQ 638 2.367 0.2242 0.7500
2MEQ 639 2.299 0.2341 0.7632
2MEQ 640 2.530 0.2194 0.7237
2MEQ 641 2.188 0.2680 0.7763
2MEQ 642 2.327 0.2125 0.7895
2MEQ 643 2.255 0.2212 0.7632
2MEQ 644 2.506 0.2254 0.7368
2MEQ 645 2.355 0.2170 0.7500
2MEQ 646 2.300 0.2145 0.7632
2MEQ 647 2.288 0.2561 0.7632
2MEQ 648 2.388 0.2391 0.7368
2MEQ 649 2.302 0.2333 0.7500
2MEQ 650 2.365 0.2340 0.7632
2MEQ 651 2.301 0.2091 0.7500
2MEQ 652 2.481 0.1938 0.7368
2MEQ 653 2.345 0.2427 0.7500
2MEQ 654 2.385 0.2345 0.7632
2MEQ 655 2.159 0.2368 0.7763
2MEQ 656 2.442 0.2339 0.7632
2MEQ 657 2.404 0.2080 0.7368
2MEQ 658 2.459 0.2356 0.7500
2MEQ 659 2.249 0.2415 0.7632
2MEQ 660 2.393 0.2219 0.7500
2MEQ 661 2.314 0.2447 0.7500
2MEQ 662 2.378 0.2529 0.7368
2MEQ 663 2.342 0.2420 0.7632
2MEQ 664 2.245 0.2252 0.7500
2MEQ 665 2.292 0.2397 0.7763
2MEQ 666 2.390 0.2467 0.7500
2MEQ 667 2.402 0.2359 0.7500
2MEQ 668 2.422 0.2374 0.7368
2MEQ 669 2.419 0.2429 0.7500
2MEQ 670 2.380 0.2493 0.7368
2MEQ 671 2.348 0.2327 0.7763
2MEQ 672 2.395 0.2515 0.7500
2MEQ 673 2.202 0.2345 0.7632
2MEQ 674 2.146 0.2460 0.7763
2MEQ 675 2.237 0.2333 0.7763
2MEQ 676 2.370 0.2425 0.7632
2MEQ 677 2.329 0.2206 0.7500
2MEQ 678 2.284 0.2381 0.7632
2MEQ 679 2.392 0.2327 0.7763
2MEQ 680 2.238 0.2452 0.7632
2MEQ 681 2.179 0.2359 0.7632
2MEQ 682 2.056 0.2228 0.7763
2MEQ 683 2.298 0.2230 0.7500
2MEQ 684 2.076 0.2073 0.8026
2MEQ 685 2.347 0.2210 0.7632
2MEQ 686 2.096 0.2033 0.7763
2MEQ 687 2.280 0.2301 0.7368
2MEQ 688 2.138 0.2513 0.7763
2MEQ 689 2.005 0.2324 0.7763
2MEQ 690 1.906 0.2220 0.7895
2MEQ 691 2.111 0.2293 0.7763
2MEQ 692 1.961 0.2047 0.7763
2MEQ 693 1.926 0.1807 0.7632
2MEQ 694 2.108 0.1567 0.7500
2MEQ 695 2.289 0.1793 0.7368
2MEQ 696 2.100 0.1541 0.7368
2MEQ 697 2.063 0.1824 0.7500
2MEQ 698 2.143 0.1654 0.7368
2MEQ 699 2.368 0.1389 0.7368
2MEQ 700 2.426 0.1597 0.7105
2MEQ 701 2.505 0.1443 0.6974
2MEQ 702 2.486 0.1513 0.6974
2MEQ 703 2.598 0.1363 0.6842
2MEQ 704 2.396 0.1651 0.7368
2MEQ 705 2.460 0.1478 0.7237
2MEQ 706 2.404 0.1577 0.7105
2MEQ 707 2.410 0.1489 0.7237
2MEQ 708 2.386 0.1521 0.7368
2MEQ 709 2.330 0.1449 0.7237
2MEQ 710 2.197 0.1468 0.7500
2MEQ 711 2.388 0.1655 0.6974
2MEQ 712 2.351 0.1331 0.6974
2MEQ 713 2.355 0.1616 0.7105
2MEQ 714 2.646 0.1454 0.7237
2MEQ 715 2.391 0.1634 0.7237
2MEQ 716 2.581 0.1393 0.6974
2MEQ 717 2.348 0.1460 0.7105
2MEQ 718 2.417 0.1459 0.7105
2MEQ 719 2.387 0.1432 0.7237
2MEQ 720 2.375 0.1599 0.7368
2MEQ 721 2.196 0.1526 0.7500
2MEQ 722 2.285 0.1928 0.7368
2MEQ 723 2.416 0.1550 0.7368
2MEQ 724 2.476 0.1349 0.7105
2MEQ 725 2.353 0.1416 0.7237
2MEQ 726 2.414 0.1486 0.7237
2MEQ 727 2.403 0.1558 0.6974
2MEQ 728 2.432 0.1573 0.7237
2MEQ 729 2.425 0.1645 0.7237
2MEQ 730 2.397 0.1574 0.7105
2MEQ 731 2.444 0.1568 0.7237
2MEQ 732 2.578 0.1361 0.7105
2MEQ 733 2.487 0.1472 0.7105
2MEQ 734 2.459 0.1499 0.7368
2MEQ 735 2.511 0.1779 0.7105
2MEQ 736 2.530 0.1473 0.7105
2MEQ 737 2.455 0.1495 0.6974
2MEQ 738 2.453 0.1484 0.6974
2MEQ 739 2.596 0.1351 0.7105
2MEQ 740 2.347 0.1527 0.7237
2MEQ 741 2.397 0.1476 0.7105
2MEQ 742 2.261 0.1923 0.7368
2MEQ 743 2.354 0.1869 0.7237
2MEQ 744 2.403 0.1393 0.6974
2MEQ 745 2.437 0.1585 0.6974
2MEQ 746 2.316 0.1526 0.7237
2MEQ 747 2.425 0.1539 0.7105
2MEQ 748 2.419 0.1382 0.7105
2MEQ 749 2.346 0.1551 0.7368
2MEQ 750 2.563 0.1592 0.6842
2MEQ 751 2.449 0.1476 0.6974
2MEQ 752 2.448 0.1543 0.7105
2MEQ 753 2.474 0.1514 0.7237
2MEQ 754 2.447 0.1470 0.7105
2MEQ 755 2.535 0.1539 0.6974
2MEQ 756 2.275 0.1622 0.7368
2MEQ 757 2.526 0.1670 0.6842
2MEQ 758 2.315 0.1570 0.7368
2MEQ 759 2.585 0.1645 0.6842
2MEQ 760 2.598 0.1636 0.7105
2MEQ 761 2.469 0.1462 0.7105
2MEQ 762 2.541 0.1575 0.6974
2MEQ 763 2.507 0.1599 0.7105
2MEQ 764 2.482 0.1499 0.6974
2MEQ 765 2.537 0.1633 0.6974
2MEQ 766 2.454 0.1396 0.6974
2MEQ 767 2.427 0.1457 0.7237
2MEQ 768 2.488 0.1374 0.6974
2MEQ 769 2.406 0.1562 0.7105
2MEQ 770 2.493 0.1335 0.6974
2MEQ 771 2.288 0.1962 0.7500
2MEQ 772 2.323 0.1551 0.7105
2MEQ 773 2.347 0.1843 0.7368
2MEQ 774 2.409 0.1380 0.7105
2MEQ 775 2.409 0.1452 0.7105
2MEQ 776 2.268 0.1587 0.7500
2MEQ 777 2.234 0.1692 0.7237
2MEQ 778 2.308 0.1675 0.7105
2MEQ 779 2.374 0.1745 0.7237
2MEQ 780 2.248 0.1699 0.7500
2MEQ 781 2.501 0.1345 0.7105
2MEQ 782 2.400 0.1560 0.7105
2MEQ 783 2.550 0.1643 0.7105
2MEQ 784 2.343 0.1482 0.7368
2MEQ 785 2.530 0.1445 0.7105
2MEQ 786 2.473 0.1483 0.6974
2MEQ 787 2.464 0.1516 0.7237
2MEQ 788 2.481 0.1436 0.7105
2MEQ 789 2.704 0.1229 0.6842
2MEQ 790 2.466 0.1395 0.6974
2MEQ 791 2.444 0.1539 0.6974
2MEQ 792 2.353 0.1613 0.7237
2MEQ 793 2.435 0.1754 0.7105
2MEQ 794 2.456 0.1476 0.6974
2MEQ 795 2.426 0.1562 0.7500
2MEQ 796 2.275 0.1558 0.7368
2MEQ 797 2.520 0.1690 0.6974
2MEQ 798 2.438 0.1513 0.7105
2MEQ 799 2.426 0.1391 0.6974
2MEQ 800 2.645 0.1494 0.7237
2MEQ 801 2.521 0.1511 0.6974
2MEQ 802 2.791 0.1339 0.6711
2MEQ 803 2.703 0.1526 0.6842
2MEQ 804 2.371 0.2018 0.7105
2MEQ 805 2.270 0.1517 0.7368
2MEQ 806 2.239 0.1818 0.7237
2MEQ 807 2.331 0.1737 0.7368
2MEQ 808 2.222 0.1537 0.7368
2MEQ 809 2.323 0.1785 0.7105
2MEQ 810 2.445 0.1567 0.7237
2MEQ 811 2.523 0.1514 0.7105
2MEQ 812 2.357 0.1572 0.7368
2MEQ 813 2.071 0.2053 0.7763
2MEQ 814 2.176 0.1591 0.7632
2MEQ 815 2.537 0.1778 0.7368
2MEQ 816 2.477 0.1991 0.7368
2MEQ 817 2.129 0.1693 0.7632
2MEQ 818 2.219 0.1704 0.7500
2MEQ 819 2.385 0.1568 0.7368
2MEQ 820 2.297 0.1748 0.7237
2MEQ 821 2.294 0.1456 0.7368
2MEQ 822 2.312 0.1804 0.7237
2MEQ 823 2.418 0.1534 0.6974
2MEQ 824 2.159 0.1607 0.7500
2MEQ 825 2.273 0.1609 0.7237
2MEQ 826 2.332 0.1436 0.7105
2MEQ 827 2.288 0.1695 0.7237
2MEQ 828 2.165 0.1705 0.7368
2MEQ 829 2.280 0.1531 0.7368
2MEQ 830 2.256 0.1743 0.7368
2MEQ 831 2.321 0.1687 0.7368
2MEQ 832 2.281 0.1552 0.7237
2MEQ 833 2.088 0.1650 0.7632
2MEQ 834 2.264 0.1492 0.7500
2MEQ 835 2.274 0.1611 0.7500
2MEQ 836 2.309 0.1574 0.7368
2MEQ 837 2.342 0.1513 0.7500
2MEQ 838 2.279 0.1660 0.7500
2MEQ 839 2.306 0.1942 0.7632
2MEQ 840 2.205 0.2019 0.7632
2MEQ 841 2.424 0.1456 0.7105
2MEQ 842 2.128 0.1605 0.7500
2MEQ 843 2.069 0.1743 0.7500
2MEQ 844 2.357 0.1741 0.7368
2MEQ 845 2.446 0.1849 0.7368
2MEQ 846 2.473 0.1747 0.7105
2MEQ 847 2.328 0.1721 0.7237
2MEQ 848 2.606 0.1630 0.7105
2MEQ 849 2.376 0.1631 0.7368
2MEQ 850 2.496 0.1833 0.7368
2MEQ 851 2.439 0.1649 0.7105
2MEQ 852 2.528 0.1796 0.7105
2MEQ 853 2.715 0.1561 0.7368
2MEQ 854 2.423 0.1997 0.7500
2MEQ 855 2.478 0.1862 0.7105
2MEQ 856 2.284 0.1631 0.7368
2MEQ 857 2.308 0.1629 0.7105
2MEQ 858 2.299 0.1502 0.7368
2MEQ 859 2.304 0.1513 0.7105
2MEQ 860 2.263 0.1580 0.7368
2MEQ 861 2.225 0.1594 0.7237
2MEQ 862 2.313 0.1571 0.7368
2MEQ 863 2.356 0.1596 0.7237
2MEQ 864 2.359 0.1523 0.7368
2MEQ 865 2.554 0.1545 0.7105
2MEQ 866 2.341 0.1578 0.7368
2MEQ 867 2.309 0.1502 0.7368
2MEQ 868 2.359 0.1486 0.7368
2MEQ 869 2.364 0.1468 0.7368
2MEQ 870 2.316 0.1481 0.7237
2MEQ 871 2.209 0.1479 0.7368
2MEQ 872 2.370 0.1607 0.7105
2MEQ 873 2.346 0.1585 0.7237
2MEQ 874 2.316 0.1572 0.7368
2MEQ 875 2.314 0.1700 0.7105
2MEQ 876 2.116 0.1676 0.7632
2MEQ 877 2.310 0.1731 0.7500
2MEQ 878 2.255 0.1567 0.7237
2MEQ 879 2.322 0.1443 0.7368
2MEQ 880 2.331 0.1376 0.7105
2MEQ 881 2.372 0.1631 0.7105
2MEQ 882 2.333 0.1490 0.7368
2MEQ 883 2.396 0.1652 0.7368
2MEQ 884 2.310 0.1383 0.7368
2MEQ 885 2.552 0.1464 0.7105
2MEQ 886 2.447 0.1497 0.7237
2MEQ 887 2.229 0.1601 0.7368
2MEQ 888 2.351 0.1653 0.7237
2MEQ 889 2.319 0.1621 0.7237
2MEQ 890 2.280 0.1545 0.7237
2MEQ 891 2.357 0.1539 0.7237
2MEQ 892 2.173 0.1536 0.7368
2MEQ 893 2.334 0.1633 0.7237
2MEQ 894 2.424 0.1412 0.7237
2MEQ 895 2.252 0.1693 0.7105
2MEQ 896 2.223 0.1492 0.7237
2MEQ 897 2.526 0.1435 0.6842
2MEQ 898 2.319 0.1500 0.7368
2MEQ 899 2.481 0.1578 0.7105
2MEQ 900 2.453 0.1660 0.6974
2MEQ 901 2.739 0.1536 0.6842
2MEQ 902 2.331 0.1623 0.7368
2MEQ 903 2.473 0.1572 0.7105
2MEQ 904 2.663 0.1591 0.6842
2MEQ 905 2.485 0.1608 0.7237
2MEQ 906 2.564 0.1428 0.7105
2MEQ 907 2.586 0.1677 0.7368
2MEQ 908 2.663 0.1478 0.7105
2MEQ 909 2.867 0.1592 0.7105
2MEQ 910 2.627 0.1666 0.7237
2MEQ 911 2.780 0.1529 0.6974
2MEQ 912 2.920 0.1407 0.6974
2MEQ 913 2.667 0.1507 0.7237
2MEQ 914 2.636 0.1570 0.7237
2MEQ 915 2.435 0.1760 0.7237
2MEQ 916 2.327 0.1451 0.7632
2MEQ 917 2.447 0.1599 0.7368
2MEQ 918 2.564 0.1573 0.7105
2MEQ 919 2.315 0.1797 0.7632
2MEQ 920 2.375 0.1884 0.7368
2MEQ 921 2.471 0.1650 0.7368
2MEQ 922 2.464 0.1621 0.7368
2MEQ 923 2.364 0.1501 0.7237
2MEQ 924 2.330 0.1793 0.7632
2MEQ 925 2.352 0.1705 0.7632
2MEQ 926 2.392 0.1511 0.7237
2MEQ 927 2.451 0.1459 0.7500
2MEQ 928 2.480 0.1646 0.7368
2MEQ 929 2.420 0.1753 0.7368
2MEQ 930 2.652 0.1637 0.6974
2MEQ 931 2.571 0.1528 0.7368
2MEQ 932 2.362 0.1790 0.7368
2MEQ 933 2.499 0.1630 0.7632
2MEQ 934 2.432 0.1620 0.7237
2MEQ 935 2.473 0.1429 0.7368
2MEQ 936 2.361 0.1681 0.7368
2MEQ 937 2.677 0.1337 0.6842
2MEQ 938 2.631 0.1844 0.7368
2MEQ 939 2.371 0.1790 0.7500
2MEQ 940 2.703 0.1475 0.7105
2MEQ 941 2.614 0.1599 0.7368
2MEQ 942 2.396 0.1614 0.7500
2MEQ 943 2.496 0.1688 0.7237
2MEQ 944 2.579 0.1909 0.7500
2MEQ 945 2.160 0.1582 0.7632
2MEQ 946 2.207 0.2243 0.7895
2MEQ 947 2.511 0.1308 0.7105
2MEQ 948 2.496 0.2159 0.7368
2MEQ 949 2.952 0.1979 0.7105
2MEQ 950 2.770 0.1758 0.7368
2MEQ 951 2.720 0.1472 0.6974
2MEQ 952 2.563 0.1640 0.7105
2MEQ 953 2.679 0.1347 0.6974
2MEQ 954 2.712 0.1560 0.6842
2MEQ 955 2.638 0.1413 0.7105
2MEQ 956 2.607 0.1215 0.7105
2MEQ 957 2.536 0.1223 0.6842
2MEQ 958 2.574 0.1636 0.6974
2MEQ 959 2.435 0.1465 0.7105
2MEQ 960 2.547 0.1561 0.7237
2MEQ 961 2.465 0.1645 0.7237
2MEQ 962 2.580 0.1242 0.6974
2MEQ 963 2.715 0.1419 0.7105
2MEQ 964 2.876 0.1229 0.6711
2MEQ 965 2.994 0.1299 0.6579
2MEQ 966 2.836 0.1414 0.6842
2MEQ 967 2.916 0.1278 0.6711
2MEQ 968 3.022 0.1371 0.6579
2MEQ 969 2.824 0.1440 0.6711
2MEQ 970 2.938 0.1122 0.6579
2MEQ 971 2.722 0.1235 0.6711
2MEQ 972 2.693 0.1276 0.7105
2MEQ 973 2.953 0.1107 0.6579
2MEQ 974 2.883 0.1330 0.6711
2MEQ 975 2.924 0.1627 0.6974
2MEQ 976 2.705 0.1328 0.6842
2MEQ 977 2.564 0.1628 0.7368
2MEQ 978 2.577 0.1420 0.7105
2MEQ 979 2.621 0.1468 0.7105
2MEQ 980 2.597 0.1404 0.7105
2MEQ 981 2.579 0.1523 0.7632
2MEQ 982 2.508 0.1718 0.7368
2MEQ 983 2.506 0.1358 0.7105
2MEQ 984 2.635 0.1686 0.7105
2MEQ 985 2.699 0.1376 0.7105
2MEQ 986 2.517 0.1696 0.7237
2MEQ 987 2.460 0.1747 0.7237
2MEQ 988 2.526 0.1495 0.7237
2MEQ 989 2.663 0.1533 0.7237
2MEQ 990 2.652 0.1660 0.6974
2MEQ 991 2.554 0.1435 0.7105
2MEQ 992 2.601 0.1364 0.7105
2MEQ 993 2.587 0.1363 0.6974
2MEQ 994 2.838 0.1430 0.6842
2MEQ 995 2.641 0.1911 0.7368
2MEQ 996 2.842 0.1468 0.6974
2MEQ 997 2.858 0.1585 0.6974
2MEQ 998 2.586 0.1607 0.7237
2MEQ 999 2.801 0.1368 0.6974
2MEQ 1000 2.926 0.1443 0.6974
2MEQ 1001 2.906 0.1453 0.7368
2MEQ 1002 3.117 0.1597 0.6842
2MEQ 1003 3.196 0.1656 0.6842
2MEQ 1004 2.828 0.1755 0.7237
2MEQ 1005 2.742 0.1428 0.7105
2MEQ 1006 2.769 0.1438 0.7105
2MEQ 1007 2.814 0.1283 0.6711
2MEQ 1008 2.735 0.1231 0.6842
2MEQ 1009 2.777 0.1411 0.6974
2MEQ 1010 2.613 0.2068 0.7237
2MEQ 1011 2.791 0.1241 0.6711
2MEQ 1012 2.903 0.1453 0.6711
2MEQ 1013 2.878 0.1378 0.6579
2MEQ 1014 2.891 0.1475 0.6842
2MEQ 1015 2.851 0.1366 0.6711
2MEQ 1016 2.972 0.1689 0.6579
2MEQ 1017 2.688 0.1400 0.7105
2MEQ 1018 2.754 0.1468 0.6974
2MEQ 1019 2.667 0.1116 0.6974
2MEQ 1020 2.712 0.1937 0.7368
2MEQ 1021 2.793 0.1544 0.6842
2MEQ 1022 2.874 0.1523 0.6711
2MEQ 1023 2.689 0.1573 0.6974
2MEQ 1024 2.615 0.1292 0.6974
2MEQ 1025 2.670 0.1593 0.6842
2MEQ 1026 2.781 0.1360 0.6579
2MEQ 1027 2.538 0.1509 0.7105
2MEQ 1028 2.642 0.1444 0.6974
2MEQ 1029 2.604 0.1514 0.7237
2MEQ 1030 2.594 0.1649 0.7237
2MEQ 1031 2.729 0.1362 0.6711
2MEQ 1032 2.592 0.1347 0.6842
2MEQ 1033 2.585 0.1544 0.6842
2MEQ 1034 2.467 0.1154 0.7105
2MEQ 1035 2.641 0.1382 0.6842
2MEQ 1036 2.683 0.1507 0.7237
2MEQ 1037 2.518 0.1450 0.7237
2MEQ 1038 2.530 0.2077 0.7500
2MEQ 1039 2.703 0.1553 0.6974
2MEQ 1040 2.887 0.1352 0.6711
2MEQ 1041 2.607 0.1749 0.7237
2MEQ 1042 2.578 0.1300 0.6974
2MEQ 1043 2.799 0.1647 0.6711
2MEQ 1044 3.050 0.1147 0.6711
2MEQ 1045 2.775 0.1217 0.6842
2MEQ 1046 2.761 0.1272 0.6842
2MEQ 1047 2.799 0.1633 0.6842
2MEQ 1048 2.671 0.1766 0.6974
2MEQ 1049 2.760 0.1581 0.6711
2MEQ 1050 2.718 0.1210 0.6842
2MEQ 1051 2.598 0.1322 0.7105
2MEQ 1052 2.427 0.1593 0.7237
2MEQ 1053 2.454 0.1634 0.7500
2MEQ 1054 2.324 0.2113 0.7632
2MEQ 1055 2.538 0.1686 0.7105
2MEQ 1056 2.295 0.1726 0.7632
2MEQ 1057 2.160 0.1670 0.7632
2MEQ 1058 2.448 0.1269 0.7105
2MEQ 1059 2.271 0.1500 0.7105
2MEQ 1060 2.524 0.1492 0.6974
2MEQ 1061 2.524 0.1280 0.6974
2MEQ 1062 2.866 0.1241 0.6579
2MEQ 1063 2.662 0.1889 0.7237
2MEQ 1064 2.497 0.1745 0.7237
2MEQ 1065 2.508 0.1541 0.6974
2MEQ 1066 2.417 0.1752 0.7237
2MEQ 1067 2.386 0.1526 0.7105
2MEQ 1068 2.430 0.1584 0.7368
2MEQ 1069 2.472 0.1483 0.7237
2MEQ 1070 2.510 0.1691 0.7368
2MEQ 1071 2.400 0.1440 0.7105
2MEQ 1072 2.501 0.1499 0.6974
2MEQ 1073 2.756 0.1499 0.6974
2MEQ 1074 2.710 0.1724 0.7237
2MEQ 1075 2.800 0.1756 0.7237
2MEQ 1076 2.695 0.1357 0.6974
2MEQ 1077 2.943 0.1552 0.6842
2MEQ 1078 2.819 0.1789 0.7105
2MEQ 1079 2.428 0.1393 0.7368
2MEQ 1080 2.589 0.1543 0.7105
2MEQ 1081 2.613 0.1718 0.7105
2MEQ 1082 2.826 0.1446 0.6842
2MEQ 1083 2.702 0.1581 0.6711
2MEQ 1084 2.780 0.1796 0.7105
2MEQ 1085 3.001 0.1483 0.6842
2MEQ 1086 2.368 0.1575 0.7500
2MEQ 1087 2.521 0.1711 0.6842
2MEQ 1088 2.557 0.1754 0.7368
2MEQ 1089 2.669 0.1558 0.7105
2MEQ 1090 2.842 0.1594 0.7105
2MEQ 1091 2.794 0.1666 0.6711
2MEQ 1092 2.599 0.1929 0.7105
2MEQ 1093 2.857 0.1535 0.6842
2MEQ 1094 2.685 0.1723 0.6711
2MEQ 1095 2.650 0.1702 0.7368
2MEQ 1096 2.762 0.1309 0.6842
2MEQ 1097 2.792 0.1567 0.7105
2MEQ 1098 2.946 0.1609 0.6711
2MEQ 1099 2.830 0.1465 0.7105
2MEQ 1100 2.678 0.1870 0.7237
2MEQ 1101 2.937 0.1416 0.6579
2MEQ 1102 2.994 0.1454 0.6842
2MEQ 1103 2.738 0.1619 0.7105
2MEQ 1104 2.637 0.1767 0.7105
2MEQ 1105 2.962 0.1661 0.6974
2MEQ 1106 2.839 0.1729 0.7105
2MEQ 1107 2.529 0.1681 0.7237
2MEQ 1108 2.580 0.1431 0.7105
2MEQ 1109 2.638 0.1589 0.7105
2MEQ 1110 2.729 0.1591 0.6842
2MEQ 1111 2.885 0.1419 0.6579
2MEQ 1112 2.696 0.1705 0.6974
2MEQ 1113 2.646 0.1295 0.6842
2MEQ 1114 2.860 0.1422 0.6579
2MEQ 1115 2.610 0.1557 0.6842
2MEQ 1116 2.740 0.1697 0.6842
2MEQ 1117 2.563 0.1704 0.7105
2MEQ 1118 2.514 0.1504 0.7237
2MEQ 1119 2.774 0.1644 0.6842
2MEQ 1120 2.579 0.1238 0.6974
2MEQ 1121 2.580 0.1576 0.7237
2MEQ 1122 2.739 0.1681 0.6974
2MEQ 1123 2.781 0.1450 0.6842
2MEQ 1124 2.630 0.1535 0.7237
2MEQ 1125 2.695 0.1374 0.6974
2MEQ 1126 2.898 0.1370 0.6842
2MEQ 1127 2.703 0.1346 0.6842
2MEQ 1128 2.777 0.1093 0.6711
2MEQ 1129 2.774 0.1380 0.6842
2MEQ 1130 2.916 0.1303 0.6974
2MEQ 1131 2.628 0.1380 0.6842
2MEQ 1132 2.823 0.1274 0.6842
2MEQ 1133 2.844 0.1328 0.6711
2MEQ 1134 2.194 0.1663 0.7368
2MEQ 1135 2.938 0.2084 0.7237
2MEQ 1136 2.592 0.1577 0.7237
2MEQ 1137 2.627 0.1519 0.7105
2MEQ 1138 2.561 0.1382 0.6974
2MEQ 1139 2.707 0.1374 0.6711
2MEQ 1140 2.755 0.1459 0.6711
2MEQ 1141 2.526 0.1387 0.6974
2MEQ 1142 2.921 0.1368 0.6447
2MEQ 1143 2.585 0.1472 0.6842
2MEQ 1144 2.707 0.1483 0.6711
2MEQ 1145 2.736 0.1598 0.6974
2MEQ 1146 2.680 0.1433 0.6579
2MEQ 1147 2.527 0.1788 0.6842
2MEQ 1148 2.563 0.1503 0.6974
2MEQ 1149 2.524 0.1651 0.6711
2MEQ 1150 2.457 0.1579 0.6842
2MEQ 1151 2.274 0.1807 0.7237
2MEQ 1152 2.191 0.1502 0.7368
2MEQ 1153 2.370 0.1575 0.6842
2MEQ 1154 2.104 0.1683 0.7368
2MEQ 1155 2.376 0.1755 0.7237
2MEQ 1156 2.283 0.1726 0.7237
2MEQ 1157 2.393 0.1712 0.7105
2MEQ 1158 2.411 0.1704 0.7237
2MEQ 1159 2.437 0.1451 0.7105
2MEQ 1160 2.291 0.1596 0.7237
2MEQ 1161 1.915 0.1549 0.7500
2MEQ 1162 2.496 0.1214 0.6974
2MEQ 1163 2.393 0.1250 0.6974
2MEQ 1164 2.122 0.1838 0.7237
2MEQ 1165 2.392 0.1330 0.7237
2MEQ 1166 2.351 0.1243 0.6974
2MEQ 1167 2.172 0.1343 0.7237
2MEQ 1168 2.395 0.1322 0.6974
2MEQ 1169 2.562 0.1425 0.6974
2MEQ 1170 2.398 0.1214 0.6974
2MEQ 1171 2.619 0.1463 0.6974
2MEQ 1172 2.495 0.1404 0.6974
2MEQ 1173 2.499 0.1240 0.6974
2MEQ 1174 2.224 0.1397 0.7105
2MEQ 1175 2.666 0.1190 0.6711
2MEQ 1176 2.177 0.2057 0.7368
2MEQ 1177 2.619 0.1282 0.7105
2MEQ 1178 2.504 0.1636 0.6842
2MEQ 1179 2.757 0.1293 0.6711
2MEQ 1180 2.567 0.1720 0.6842
2MEQ 1181 2.909 0.1493 0.6711
2MEQ 1182 2.657 0.1297 0.6842
2MEQ 1183 2.375 0.1160 0.7105
2MEQ 1184 2.568 0.1575 0.7105
2MEQ 1185 1.828 0.2073 0.7632
2MEQ 1186 1.823 0.2048 0.7763
2MEQ 1187 1.746 0.2398 0.7895
2MEQ 1188 1.829 0.2001 0.7763
2MEQ 1189 1.804 0.2518 0.8026
2MEQ 1190 1.927 0.2351 0.7500
2MEQ 1191 1.946 0.2311 0.7632
2MEQ 1192 1.809 0.1813 0.7895
2MEQ 1193 2.185 0.1669 0.7237
2MEQ 1194 2.180 0.2155 0.7237
2MEQ 1195 1.881 0.1789 0.7632
2MEQ 1196 2.353 0.1596 0.6974
2MEQ 1197 2.601 0.2169 0.7237
2MEQ 1198 2.566 0.1622 0.6974
2MEQ 1199 2.327 0.1881 0.7105
2MEQ 1200 2.706 0.1614 0.7105
2MEQ 1201 2.330 0.1576 0.6974
2MEQ 1202 2.423 0.1563 0.6842
2MEQ 1203 2.632 0.1482 0.7105
2MEQ 1204 2.157 0.1808 0.7368
2MEQ 1205 2.415 0.1882 0.7105
2MEQ 1206 2.124 0.1419 0.7237
2MEQ 1207 1.966 0.1706 0.7500
2MEQ 1208 1.968 0.1309 0.7237
2MEQ 1209 2.374 0.1435 0.6842
2MEQ 1210 2.697 0.1324 0.6579
2MEQ 1211 2.365 0.2184 0.7237
2MEQ 1212 2.274 0.1677 0.7237
2MEQ 1213 2.464 0.2316 0.7237
2MEQ 1214 2.325 0.1948 0.7368
2MEQ 1215 2.278 0.2316 0.7105
2MEQ 1216 2.834 0.1426 0.6842
2MEQ 1217 2.471 0.1706 0.7237
2MEQ 1218 2.196 0.1670 0.7237
2MEQ 1219 2.158 0.1791 0.7237
2MEQ 1220 2.478 0.1473 0.6974
2MEQ 1221 2.408 0.1743 0.6974
2MEQ 1222 2.130 0.1685 0.7500
2MEQ 1223 2.075 0.1868 0.7500
2MEQ 1224 2.597 0.2200 0.6974
2MEQ 1225 2.634 0.1683 0.6974
2MEQ 1226 2.421 0.1287 0.7105
2MEQ 1227 2.281 0.1637 0.6974
2MEQ 1228 2.410 0.1672 0.7105
2MEQ 1229 2.528 0.1356 0.6974
2MEQ 1230 2.519 0.1389 0.6842
2MEQ 1231 2.784 0.1402 0.6711
2MEQ 1232 2.705 0.1327 0.6711
2MEQ 1233 2.552 0.1457 0.6842
2MEQ 1234 2.987 0.1135 0.6316
2MEQ 1235 2.638 0.1218 0.6842
2MEQ 1236 2.902 0.1316 0.6711
2MEQ 1237 2.719 0.1338 0.6842
2MEQ 1238 2.207 0.1617 0.7105
2MEQ 1239 2.377 0.1404 0.6842
2MEQ 1240 2.623 0.1535 0.6842
2MEQ 1241 2.724 0.1270 0.6579
2MEQ 1242 2.350 0.1083 0.7105
2MEQ 1243 2.452 0.1303 0.6974
2MEQ 1244 2.535 0.1715 0.7105
2MEQ 1245 2.513 0.2334 0.7237
2MEQ 1246 2.419 0.2050 0.7368
2MEQ 1247 1.878 0.2128 0.7895
2MEQ 1248 1.953 0.2096 0.7763
2MEQ 1249 2.223 0.1632 0.7500
2MEQ 1250 2.262 0.2134 0.7237
2MEQ 1251 2.528 0.1849 0.6842
2MEQ 1252 2.152 0.1916 0.7237
2MEQ 1253 2.086 0.1937 0.7500
2MEQ 1254 2.229 0.1840 0.7237
2MEQ 1255 2.597 0.1658 0.7105
2MEQ 1256 2.406 0.1891 0.7105
2MEQ 1257 2.345 0.1776 0.7237
2MEQ 1258 2.558 0.2113 0.7105
2MEQ 1259 2.224 0.1423 0.7368
2MEQ 1260 2.246 0.1783 0.7237
2MEQ 1261 2.199 0.1627 0.7500
2MEQ 1262 2.081 0.2177 0.7500
2MEQ 1263 2.189 0.1664 0.7500
2MEQ 1264 2.166 0.1818 0.7500
2MEQ 1265 2.475 0.1738 0.7105
2MEQ 1266 2.164 0.1598 0.7237
2MEQ 1267 2.165 0.1845 0.7368
2MEQ 1268 2.216 0.1756 0.7237
2MEQ 1269 1.998 0.2124 0.7500
2MEQ 1270 2.373 0.1715 0.7368
2MEQ 1271 2.098 0.2156 0.7632
2MEQ 1272 2.306 0.1882 0.7105
2MEQ 1273 2.194 0.2024 0.7500
2MEQ 1274 2.482 0.1633 0.6974
2MEQ 1275 2.299 0.1582 0.7105
2MEQ 1276 2.639 0.1620 0.6974
2MEQ 1277 2.496 0.1474 0.7368
2MEQ 1278 2.468 0.1985 0.7105
2MEQ 1279 2.746 0.1689 0.6974
2MEQ 1280 2.241 0.1681 0.7105
2MEQ 1281 2.495 0.1255 0.6974
2MEQ 1282 2.416 0.1596 0.7105
2MEQ 1283 2.174 0.1544 0.7368
2MEQ 1284 2.326 0.1685 0.7105
2MEQ 1285 2.249 0.1960 0.7237
2MEQ 1286 2.461 0.1413 0.6711
2MEQ 1287 2.400 0.1732 0.7105
2MEQ 1288 2.434 0.1580 0.7105
2MEQ 1289 2.252 0.1589 0.7237
2MEQ 1290 2.329 0.1279 0.7105
2MEQ 1291 2.472 0.1839 0.6974
2MEQ 1292 2.681 0.1688 0.6711
2MEQ 1293 2.596 0.1455 0.6711
2MEQ 1294 3.009 0.1526 0.6447
2MEQ 1295 2.435 0.1353 0.6842
2MEQ 1296 2.771 0.1841 0.6842
2MEQ 1297 2.934 0.1997 0.6447
2MEQ 1298 3.043 0.1863 0.6579
2MEQ 1299 2.739 0.1525 0.6711
2MEQ 1300 2.448 0.1669 0.6974
2MEQ 1301 2.474 0.1464 0.6974
2MEQ 1302 2.525 0.1652 0.6974
2MEQ 1303 2.669 0.1274 0.6974
2MEQ 1304 2.711 0.1303 0.6842
2MEQ 1305 2.705 0.1524 0.6711
2MEQ 1306 2.558 0.1498 0.6842
2MEQ 1307 2.611 0.1312 0.6842
2MEQ 1308 2.764 0.1327 0.6711
2MEQ 1309 2.968 0.1478 0.6579
2MEQ 1310 2.766 0.1422 0.6974
2MEQ 1311 2.566 0.1728 0.6711
2MEQ 1312 2.625 0.1706 0.6974
2MEQ 1313 2.610 0.1959 0.7105
2MEQ 1314 2.533 0.1597 0.6974
2MEQ 1315 2.744 0.1539 0.6842
2MEQ 1316 2.528 0.1461 0.6974
2MEQ 1317 2.632 0.1332 0.6579
2MEQ 1318 2.508 0.1479 0.6974
2MEQ 1319 2.527 0.1289 0.6842
2MEQ 1320 2.614 0.1414 0.6974
2MEQ 1321 2.359 0.1461 0.7105
2MEQ 1322 2.737 0.1490 0.6842
2MEQ 1323 2.738 0.1428 0.6711
2MEQ 1324 2.485 0.1479 0.6842
2MEQ 1325 2.561 0.1751 0.6974
2MEQ 1326 2.483 0.1609 0.6974
2MEQ 1327 2.602 0.1239 0.6711
2MEQ 1328 2.851 0.1292 0.6579
2MEQ 1329 2.507 0.1439 0.6842
2MEQ 1330 2.524 0.1653 0.6974
2MEQ 1331 2.630 0.1829 0.6974
2MEQ 1332 2.367 0.1253 0.6974
2MEQ 1333 2.586 0.1366 0.6711
2MEQ 1334 2.639 0.1584 0.6974
2MEQ 1335 2.835 0.1524 0.6711
2MEQ 1336 2.679 0.1347 0.6711
2MEQ 1337 2.627 0.1282 0.6974
2MEQ 1338 2.686 0.1494 0.6842
2MEQ 1339 2.610 0.1551 0.6842
2MEQ 1340 2.605 0.1539 0.6842
2MEQ 1341 2.702 0.1507 0.6842
2MEQ 1342 2.249 0.1927 0.7368
2MEQ 1343 2.875 0.1668 0.6842
2MEQ 1344 2.319 0.1570 0.7105
2MEQ 1345 2.796 0.1643 0.6711
2MEQ 1346 2.566 0.1596 0.6842
2MEQ 1347 2.994 0.1946 0.6447
2MEQ 1348 2.454 0.1448 0.6974
2MEQ 1349 2.625 0.1343 0.6842
2MEQ 1350 2.833 0.1793 0.6842
2MEQ 1351 2.430 0.1294 0.6974
2MEQ 1352 2.488 0.1601 0.6711
2MEQ 1353 2.561 0.1675 0.6842
2MEQ 1354 2.530 0.1748 0.6711
2MEQ 1355 2.825 0.1306 0.6579
2MEQ 1356 2.687 0.1270 0.6711
2MEQ 1357 2.616 0.1175 0.6842
2MEQ 1358 2.552 0.1243 0.6974
2MEQ 1359 2.883 0.1100 0.6579
2MEQ 1360 2.796 0.1176 0.6579
2MEQ 1361 2.534 0.1625 0.6842
2MEQ 1362 2.691 0.1236 0.6711
2MEQ 1363 2.493 0.1726 0.6842
2MEQ 1364 2.396 0.1332 0.6974
2MEQ 1365 2.646 0.1958 0.6711
2MEQ 1366 2.723 0.1640 0.6711
2MEQ 1367 2.637 0.1616 0.6579
2MEQ 1368 2.641 0.2009 0.6711
2MEQ 1369 2.690 0.1329 0.6711
2MEQ 1370 2.810 0.1465 0.6579
2MEQ 1371 2.498 0.1928 0.7105
2MEQ 1372 2.703 0.1498 0.6711
2MEQ 1373 2.565 0.1651 0.6842
2MEQ 1374 2.930 0.1152 0.6579
2MEQ 1375 2.339 0.1625 0.6974
2MEQ 1376 2.707 0.1217 0.6579
2MEQ 1377 2.597 0.1769 0.7105
2MEQ 1378 2.559 0.1503 0.6842
2MEQ 1379 2.659 0.1907 0.6842
2MEQ 1380 2.351 0.1728 0.7237
2MEQ 1381 2.437 0.1420 0.6974
2MEQ 1382 2.525 0.1604 0.6711
2MEQ 1383 2.631 0.1777 0.6842
2MEQ 1384 1.909 0.1603 0.7763
2MEQ 1385 2.437 0.1491 0.6711
2MEQ 1386 2.070 0.1824 0.7368
2MEQ 1387 2.073 0.1674 0.7368
2MEQ 1388 1.805 0.2274 0.7763
2MEQ 1389 2.093 0.1523 0.7237
2MEQ 1390 2.333 0.1525 0.7368
2MEQ 1391 2.193 0.1871 0.7237
2MEQ 1392 2.503 0.1536 0.6842
2MEQ 1393 2.520 0.1658 0.6842
2MEQ 1394 2.301 0.1918 0.7105
2MEQ 1395 2.183 0.2100 0.7500
2MEQ 1396 2.200 0.1838 0.7368
2MEQ 1397 2.249 0.1564 0.7237
2MEQ 1398 2.447 0.1515 0.6974
2MEQ 1399 2.285 0.1562 0.7368
2MEQ 1400 1.996 0.1785 0.7632
2MEQ 1401 2.153 0.1510 0.7368
2MEQ 1402 2.210 0.1697 0.7237
2MEQ 1403 2.217 0.1780 0.7105
2MEQ 1404 2.066 0.2192 0.7368
2MEQ 1405 2.612 0.1217 0.6711
2MEQ 1406 2.591 0.1575 0.6711
2MEQ 1407 2.786 0.1558 0.6711
2MEQ 1408 2.941 0.1582 0.6579
2MEQ 1409 2.559 0.1897 0.7105
2MEQ 1410 2.365 0.1389 0.7237
2MEQ 1411 2.721 0.1491 0.6711
2MEQ 1412 2.480 0.1297 0.6974
2MEQ 1413 2.429 0.1448 0.7105
2MEQ 1414 2.368 0.1185 0.7368
2MEQ 1415 2.627 0.1315 0.6842
2MEQ 1416 2.395 0.1856 0.7237
2MEQ 1417 2.400 0.1458 0.7105
2MEQ 1418 2.323 0.1678 0.7105
2MEQ 1419 2.208 0.1770 0.7237
2MEQ 1420 2.094 0.1634 0.7237
2MEQ 1421 2.280 0.1649 0.7237
2MEQ 1422 2.393 0.1599 0.6974
2MEQ 1423 2.606 0.1677 0.7105
2MEQ 1424 2.409 0.1459 0.6974
2MEQ 1425 2.349 0.1716 0.7237
2MEQ 1426 2.824 0.1921 0.6974
2MEQ 1427 2.694 0.1895 0.6842
2MEQ 1428 2.726 0.2211 0.6842
2MEQ 1429 2.514 0.1894 0.6974
2MEQ 1430 3.245 0.1946 0.6579
2MEQ 1431 2.952 0.1703 0.6579
2MEQ 1432 2.616 0.2112 0.6974
2MEQ 1433 2.360 0.1795 0.7105
2MEQ 1434 2.642 0.2017 0.6974
2MEQ 1435 2.321 0.1847 0.7105
2MEQ 1436 2.450 0.1867 0.7105
2MEQ 1437 2.406 0.1809 0.7368
2MEQ 1438 2.201 0.2014 0.7500
2MEQ 1439 2.173 0.2535 0.7763
2MEQ 1440 2.856 0.1872 0.6711
2MEQ 1441 2.675 0.1430 0.6974
2MEQ 1442 2.713 0.2087 0.7105
2MEQ 1443 2.725 0.1732 0.7105
2MEQ 1444 2.828 0.1738 0.6711
2MEQ 1445 2.541 0.2083 0.7368
2MEQ 1446 2.257 0.2535 0.7763
2MEQ 1447 2.208 0.2169 0.7895
2MEQ 1448 2.388 0.2249 0.7763
2MEQ 1449 2.424 0.2062 0.7368
2MEQ 1450 2.193 0.2292 0.7632
2MEQ 1451 2.425 0.1690 0.7237
2MEQ 1452 2.427 0.1777 0.7237
2MEQ 1453 2.350 0.1810 0.7237
2MEQ 1454 2.245 0.2084 0.7105
2MEQ 1455 2.320 0.1926 0.7500
2MEQ 1456 2.384 0.1697 0.7105
2MEQ 1457 2.450 0.2179 0.7237
2MEQ 1458 2.505 0.1913 0.6974
2MEQ 1459 2.222 0.2246 0.7500
2MEQ 1460 2.070 0.2798 0.7632
2MEQ 1461 2.001 0.1860 0.7632
2MEQ 1462 2.117 0.1802 0.7500
2MEQ 1463 2.281 0.2246 0.7632
2MEQ 1464 2.630 0.1894 0.6842
2MEQ 1465 2.468 0.1955 0.6974
2MEQ 1466 2.295 0.2106 0.7500
2MEQ 1467 2.395 0.2455 0.7500
2MEQ 1468 2.755 0.2147 0.7368
2MEQ 1469 2.602 0.1509 0.6974
2MEQ 1470 2.661 0.2256 0.6974
2MEQ 1471 2.250 0.2038 0.7237
2MEQ 1472 2.496 0.1982 0.7105
2MEQ 1473 2.657 0.1640 0.7105
2MEQ 1474 2.242 0.1731 0.7237
2MEQ 1475 2.371 0.1761 0.7237
2MEQ 1476 2.335 0.1630 0.7500
2MEQ 1477 2.366 0.1328 0.7105
2MEQ 1478 2.429 0.1376 0.6974
2MEQ 1479 2.170 0.1844 0.7368
2MEQ 1480 2.211 0.1576 0.6974
2MEQ 1481 2.277 0.1646 0.7237
2MEQ 1482 2.533 0.1472 0.6842
2MEQ 1483 2.631 0.1286 0.6711
2MEQ 1484 2.426 0.1648 0.6974
2MEQ 1485 2.449 0.1832 0.7105
2MEQ 1486 2.420 0.1988 0.7105
2MEQ 1487 2.477 0.1616 0.7237
2MEQ 1488 2.466 0.1537 0.7105
2MEQ 1489 2.501 0.1857 0.7105
2MEQ 1490 2.458 0.1709 0.7237
2MEQ 1491 2.268 0.1575 0.7500
2MEQ 1492 1.981 0.1547 0.7500
2MEQ 1493 2.093 0.1947 0.7632
2MEQ 1494 2.436 0.1887 0.6974
2MEQ 1495 2.308 0.1541 0.7105
2MEQ 1496 2.275 0.1608 0.7105
2MEQ 1497 1.991 0.1690 0.7500
2MEQ 1498 1.959 0.2195 0.8026
2MEQ 1499 2.416 0.1880 0.7368
2MEQ 1500 2.246 0.1496 0.7500
2MEQ 1501 2.348 0.1752 0.7105
2MEQ 1502 2.239 0.2304 0.7500
2MEQ 1503 2.267 0.1561 0.7368
2MEQ 1504 2.267 0.1649 0.7237
2MEQ 1505 3.086 0.1904 0.6447
2MEQ 1506 2.290 0.1524 0.6974
2MEQ 1507 2.279 0.2063 0.7500
2MEQ 1508 2.611 0.1821 0.6974
2MEQ 1509 2.548 0.1761 0.7105
2MEQ 1510 2.684 0.1950 0.6842
2MEQ 1511 2.161 0.1880 0.7237
2MEQ 1512 2.193 0.1948 0.7237
2MEQ 1513 2.166 0.1872 0.7105
2MEQ 1514 2.845 0.1824 0.6711
2MEQ 1515 3.047 0.1683 0.6711
2MEQ 1516 2.904 0.1460 0.6579
2MEQ 1517 2.026 0.1676 0.7763
2MEQ 1518 2.228 0.1583 0.7237
2MEQ 1519 2.617 0.1749 0.7237
2MEQ 1520 2.809 0.1850 0.7237
2MEQ 1521 2.704 0.1827 0.6842
2MEQ 1522 2.271 0.2040 0.7368
2MEQ 1523 2.090 0.1474 0.7368
2MEQ 1524 2.491 0.1018 0.6842
2MEQ 1525 2.644 0.1627 0.6842
2MEQ 1526 2.548 0.1327 0.6579
2MEQ 1527 2.561 0.1701 0.6974
2MEQ 1528 2.686 0.1628 0.6842
2MEQ 1529 3.230 0.1362 0.6579
2MEQ 1530 2.731 0.1430 0.6579
2MEQ 1531 3.099 0.1133 0.6447
2MEQ 1532 2.460 0.0929 0.6711
2MEQ 1533 2.512 0.1382 0.6974
2MEQ 1534 2.161 0.1271 0.7368
2MEQ 1535 2.321 0.1549 0.7105
2MEQ 1536 2.703 0.1471 0.6974
2MEQ 1537 2.670 0.1651 0.6842
2MEQ 1538 2.463 0.1323 0.7105
2MEQ 1539 2.766 0.1491 0.6974
2MEQ 1540 2.935 0.2228 0.7368
2MEQ 1541 2.840 0.1387 0.6842
2MEQ 1542 2.408 0.1112 0.6974
2MEQ 1543 2.450 0.1308 0.6842
2MEQ 1544 2.860 0.1179 0.6579
2MEQ 1545 2.269 0.1760 0.7368
2MEQ 1546 2.468 0.1488 0.7105
2MEQ 1547 2.658 0.1535 0.6974
2MEQ 1548 2.467 0.1387 0.6974
2MEQ 1549 2.664 0.1085 0.7105
2MEQ 1550 2.510 0.1545 0.6974
2MEQ 1551 2.437 0.1840 0.7368
2MEQ 1552 2.402 0.2028 0.7500
2MEQ 1553 2.391 0.1442 0.6974
2MEQ 1554 2.567 0.1863 0.7237
2MEQ 1555 2.546 0.1672 0.7105
2MEQ 1556 2.169 0.1350 0.7368
2MEQ 1557 2.360 0.1068 0.6974
2MEQ 1558 2.376 0.1288 0.6711
2MEQ 1559 2.584 0.1826 0.6842
2MEQ 1560 2.235 0.1638 0.7237
2MEQ 1561 2.397 0.1476 0.6974
2MEQ 1562 2.156 0.1957 0.7500
2MEQ 1563 2.249 0.1472 0.7105
2MEQ 1564 2.307 0.1945 0.6842
2MEQ 1565 2.610 0.1609 0.6974
2MEQ 1566 2.597 0.1696 0.6579
2MEQ 1567 2.509 0.1340 0.6842
2MEQ 1568 2.670 0.1272 0.6447
2MEQ 1569 2.611 0.1564 0.6711
2MEQ 1570 2.259 0.2005 0.7105
2MEQ 1571 2.113 0.1339 0.7368
2MEQ 1572 2.330 0.1637 0.7237
2MEQ 1573 2.379 0.1139 0.7105
2MEQ 1574 2.310 0.1756 0.6842
2MEQ 1575 2.045 0.2003 0.7237
2MEQ 1576 2.164 0.1622 0.7105
2MEQ 1577 2.138 0.2092 0.6974
2MEQ 1578 2.103 0.1923 0.7368
2MEQ 1579 2.250 0.1239 0.7237
2MEQ 1580 2.139 0.1601 0.7237
2MEQ 1581 2.148 0.1745 0.7237
2MEQ 1582 2.575 0.1504 0.6842
2MEQ 1583 2.174 0.1333 0.6974
2MEQ 1584 2.288 0.1399 0.7105
2MEQ 1585 2.543 0.1358 0.6711
2MEQ 1586 2.433 0.1534 0.6842
2MEQ 1587 2.339 0.1275 0.6974
2MEQ 1588 2.182 0.1536 0.7237
2MEQ 1589 2.362 0.1247 0.6974
2MEQ 1590 2.632 0.1152 0.6711
2MEQ 1591 2.414 0.1497 0.7105
2MEQ 1592 2.401 0.1668 0.6974
2MEQ 1593 2.059 0.1429 0.7105
2MEQ 1594 2.033 0.1697 0.7237
2MEQ 1595 2.224 0.1799 0.7500
2MEQ 1596 2.289 0.1809 0.6842
2MEQ 1597 2.109 0.1231 0.7237
2MEQ 1598 1.933 0.1456 0.7368
2MEQ 1599 2.213 0.1629 0.7368
2MEQ 1600 2.327 0.2035 0.6842
2MEQ 1601 2.098 0.1578 0.7237
2MEQ 1602 2.121 0.1810 0.7368
2MEQ 1603 2.230 0.1669 0.7237
2MEQ 1604 2.289 0.1269 0.6974
2MEQ 1605 2.110 0.1813 0.7763
2MEQ 1606 2.057 0.2195 0.7632
2MEQ 1607 2.118 0.1738 0.7237
2MEQ 1608 2.109 0.1876 0.7895
2MEQ 1609 1.863 0.1794 0.7763
2MEQ 1610 2.630 0.1720 0.6711
2MEQ 1611 2.074 0.1978 0.7368
2MEQ 1612 2.405 0.1622 0.7105
2MEQ 1613 2.242 0.1229 0.7237
2MEQ 1614 2.562 0.1552 0.6711
2MEQ 1615 2.667 0.1701 0.6842
2MEQ 1616 2.459 0.1942 0.6974
2MEQ 1617 2.543 0.1680 0.6974
2MEQ 1618 2.374 0.1885 0.6842
2MEQ 1619 2.391 0.1716 0.6974
2MEQ 1620 2.508 0.1381 0.6842
2MEQ 1621 2.308 0.1848 0.6842
2MEQ 1622 2.526 0.1748 0.6974
2MEQ 1623 2.373 0.1569 0.6842
2MEQ 1624 2.362 0.2087 0.7237
2MEQ 1625 2.070 0.1787 0.7500
2MEQ 1626 2.144 0.1691 0.7368
2MEQ 1627 2.456 0.1798 0.6711
2MEQ 1628 2.313 0.1331 0.6842
2MEQ 1629 1.968 0.1477 0.7368
2MEQ 1630 2.530 0.1192 0.6711
2MEQ 1631 2.262 0.1337 0.7105
2MEQ 1632 1.980 0.2003 0.7500
2MEQ 1633 2.378 0.1601 0.7105
2MEQ 1634 1.985 0.1905 0.7368
2MEQ 1635 2.389 0.1496 0.7105
2MEQ 1636 2.459 0.1371 0.6842
2MEQ 1637 2.242 0.1424 0.7237
2MEQ 1638 2.436 0.1399 0.6842
2MEQ 1639 2.665 0.1324 0.6974
2MEQ 1640 2.642 0.1398 0.6842
2MEQ 1641 2.510 0.1200 0.6842
2MEQ 1642 2.624 0.1441 0.6711
2MEQ 1643 2.570 0.1327 0.6711
2MEQ 1644 2.511 0.1184 0.6711
2MEQ 1645 2.545 0.1470 0.6842
2MEQ 1646 2.288 0.1569 0.7105
2MEQ 1647 2.168 0.2000 0.7895
2MEQ 1648 2.347 0.1569 0.6974
2MEQ 1649 2.437 0.1855 0.7237
2MEQ 1650 2.231 0.1359 0.7237
2MEQ 1651 2.037 0.1485 0.7368
2MEQ 1652 2.269 0.1692 0.7368
2MEQ 1653 2.177 0.1670 0.7237
2MEQ 1654 2.318 0.1794 0.7500
2MEQ 1655 2.388 0.2000 0.7368
2MEQ 1656 2.429 0.1665 0.6974
2MEQ 1657 1.562 0.1893 0.7895
2MEQ 1658 1.633 0.2091 0.8289
2MEQ 1659 1.820 0.1437 0.7368
2MEQ 1660 2.047 0.1444 0.7105
2MEQ 1661 1.792 0.2004 0.7763
2MEQ 1662 1.654 0.2061 0.8158
2MEQ 1663 1.952 0.1790 0.7895
2MEQ 1664 2.130 0.1398 0.7237
2MEQ 1665 2.125 0.1533 0.7105
2MEQ 1666 2.261 0.1478 0.6974
2MEQ 1667 2.079 0.1592 0.7237
2MEQ 1668 2.104 0.1470 0.7105
2MEQ 1669 2.344 0.1472 0.6974
2MEQ 1670 2.316 0.1583 0.6974
2MEQ 1671 2.364 0.1432 0.7105
2MEQ 1672 2.522 0.1161 0.6842
2MEQ 1673 2.702 0.1349 0.6842
2MEQ 1674 3.185 0.1856 0.6711
2MEQ 1675 2.928 0.1729 0.6974
2MEQ 1676 2.786 0.2035 0.6842
2MEQ 1677 2.682 0.1388 0.6974
2MEQ 1678 2.972 0.1169 0.6579
2MEQ 1679 2.791 0.1670 0.6974
2MEQ 1680 2.446 0.1881 0.6974
2MEQ 1681 2.653 0.1397 0.6711
2MEQ 1682 2.414 0.1827 0.6974
2MEQ 1683 2.444 0.1588 0.7105
2MEQ 1684 2.462 0.1556 0.7105
2MEQ 1685 2.310 0.1918 0.7105
2MEQ 1686 2.259 0.1843 0.6974
2MEQ 1687 2.170 0.1464 0.7237
2MEQ 1688 2.624 0.1168 0.6579
2MEQ 1689 2.625 0.1374 0.6842
2MEQ 1690 2.504 0.1510 0.7105
2MEQ 1691 2.710 0.1604 0.6842
2MEQ 1692 2.462 0.1162 0.6974
2MEQ 1693 2.255 0.1318 0.7237
2MEQ 1694 2.448 0.1495 0.6974
2MEQ 1695 2.209 0.2015 0.7237
2MEQ 1696 2.329 0.2220 0.7105
2MEQ 1697 2.016 0.1607 0.7500
2MEQ 1698 2.263 0.1701 0.7500
2MEQ 1699 2.167 0.1505 0.7105
2MEQ 1700 2.494 0.1958 0.6974
2MEQ 1701 2.275 0.1535 0.6974
2MEQ 1702 2.187 0.1500 0.7368
2MEQ 1703 2.222 0.1626 0.7368
2MEQ 1704 2.195 0.1566 0.7237
2MEQ 1705 2.211 0.1705 0.7237
2MEQ 1706 2.307 0.1454 0.7237
2MEQ 1707 2.236 0.1766 0.7500
2MEQ 1708 2.238 0.1578 0.7368
2MEQ 1709 2.417 0.1496 0.7237
2MEQ 1710 2.244 0.1223 0.7105
2MEQ 1711 2.204 0.1846 0.7368
2MEQ 1712 2.302 0.1763 0.7105
2MEQ 1713 2.716 0.1684 0.7105
2MEQ 1714 2.333 0.1712 0.7368
2MEQ 1715 2.402 0.1686 0.6711
2MEQ 1716 2.483 0.1727 0.7237
2MEQ 1717 2.209 0.1438 0.7237
2MEQ 1718 2.370 0.1410 0.7105
2MEQ 1719 2.485 0.1330 0.6842
2MEQ 1720 2.415 0.1551 0.6842
2MEQ 1721 2.356 0.1240 0.6974
2MEQ 1722 2.230 0.1899 0.7237
2MEQ 1723 2.102 0.2038 0.7632
2MEQ 1724 2.075 0.1648 0.7237
2MEQ 1725 2.522 0.1549 0.6711
2MEQ 1726 2.669 0.1607 0.6842
2MEQ 1727 2.779 0.1957 0.6711
2MEQ 1728 2.525 0.1525 0.6711
2MEQ 1729 2.486 0.1408 0.7105
2MEQ 1730 2.207 0.1375 0.7500
2MEQ 1731 2.386 0.1861 0.7105
2MEQ 1732 2.426 0.1085 0.6842
2MEQ 1733 2.148 0.1709 0.7237
2MEQ 1734 2.359 0.2153 0.7237
2MEQ 1735 2.409 0.1897 0.6974
2MEQ 1736 2.517 0.1383 0.6842
2MEQ 1737 2.525 0.1484 0.6711
2MEQ 1738 2.229 0.1658 0.7237
2MEQ 1739 2.065 0.1739 0.7500
2MEQ 1740 2.299 0.1653 0.7237
2MEQ 1741 2.222 0.1693 0.7632
2MEQ 1742 2.299 0.1264 0.6974
2MEQ 1743 2.287 0.1499 0.7632
2MEQ 1744 2.381 0.1373 0.6711
2MEQ 1745 2.670 0.1668 0.6447
2MEQ 1746 2.212 0.1656 0.7237
2MEQ 1747 1.966 0.1653 0.7632
2MEQ 1748 2.027 0.1772 0.7237
2MEQ 1749 2.277 0.1704 0.7105
2MEQ 1750 2.209 0.1495 0.7237
2MEQ 1751 2.263 0.1979 0.7237
2MEQ 1752 2.247 0.1724 0.7368
2MEQ 1753 1.836 0.1775 0.7763
2MEQ 1754 2.442 0.1204 0.6842
2MEQ 1755 2.501 0.1659 0.6974
2MEQ 1756 2.697 0.2212 0.7368
2MEQ 1757 2.318 0.1766 0.6974
2MEQ 1758 2.087 0.1650 0.7500
2MEQ 1759 2.052 0.1657 0.7237
2MEQ 1760 2.456 0.1552 0.6974
2MEQ 1761 2.014 0.1710 0.7368
2MEQ 1762 1.974 0.1218 0.7237
2MEQ 1763 1.835 0.1614 0.7763
2MEQ 1764 1.999 0.1338 0.7632
2MEQ 1765 2.002 0.1606 0.7368
2MEQ 1766 1.918 0.1724 0.7895
2MEQ 1767 2.593 0.1331 0.6447
2MEQ 1768 2.208 0.1629 0.7237
2MEQ 1769 1.774 0.1454 0.7763
2MEQ 1770 2.017 0.1562 0.7368
2MEQ 1771 1.857 0.1878 0.7368
2MEQ 1772 2.701 0.1997 0.6974
2MEQ 1773 2.867 0.1569 0.6842
2MEQ 1774 2.792 0.1448 0.6974
2MEQ 1775 2.626 0.1559 0.6842
2MEQ 1776 2.604 0.2113 0.7500
2MEQ 1777 2.710 0.2276 0.7105
2MEQ 1778 2.444 0.1583 0.7105
2MEQ 1779 2.678 0.1901 0.7105
2MEQ 1780 2.791 0.1644 0.6974
2MEQ 1781 2.795 0.1524 0.6974
2MEQ 1782 2.831 0.1725 0.7237
2MEQ 1783 3.054 0.1573 0.7105
2MEQ 1784 2.980 0.1630 0.6842
2MEQ 1785 2.766 0.1604 0.6974
2MEQ 1786 2.890 0.1463 0.6447
2MEQ 1787 2.901 0.1334 0.6842
2MEQ 1788 2.799 0.1392 0.7105
2MEQ 1789 2.374 0.1423 0.6974
2MEQ 1790 2.619 0.1974 0.7237
2MEQ 1791 2.379 0.1533 0.7105
2MEQ 1792 2.778 0.1721 0.7105
2MEQ 1793 2.729 0.2143 0.6974
2MEQ 1794 2.487 0.1715 0.7237
2MEQ 1795 2.790 0.1475 0.6842
2MEQ 1796 2.507 0.2039 0.7237
2MEQ 1797 2.540 0.2034 0.7368
2MEQ 1798 2.577 0.2027 0.7763
2MEQ 1799 2.758 0.1981 0.6974
2MEQ 1800 2.814 0.2130 0.6974
2MEQ 1801 3.141 0.1880 0.6974
2MEQ 1802 3.153 0.1237 0.6711
2MEQ 1803 2.835 0.1717 0.6974
2MEQ 1804 3.135 0.1344 0.6316
2MEQ 1805 2.827 0.1118 0.6711
2MEQ 1806 2.952 0.1552 0.6711
2MEQ 1807 3.169 0.1038 0.6316
2MEQ 1808 3.169 0.1833 0.7105
2MEQ 1809 3.001 0.1190 0.6447
2MEQ 1810 2.512 0.2219 0.7632
2MEQ 1811 2.909 0.1286 0.6974
2MEQ 1812 2.709 0.1963 0.7368
2MEQ 1813 2.899 0.1855 0.7105
2MEQ 1814 2.866 0.1617 0.6842
2MEQ 1815 3.044 0.1699 0.7237
2MEQ 1816 2.991 0.1403 0.6579
2MEQ 1817 3.173 0.1590 0.6579
2MEQ 1818 2.743 0.1455 0.7368
2MEQ 1819 3.148 0.1407 0.6711
2MEQ 1820 3.209 0.1622 0.6842
2MEQ 1821 2.539 0.1956 0.7632
2MEQ 1822 2.826 0.1918 0.6974
2MEQ 1823 3.024 0.1468 0.6974
2MEQ 1824 2.911 0.2046 0.7237
2MEQ 1825 2.879 0.2067 0.7368
2MEQ 1826 2.783 0.2426 0.7895
2MEQ 1827 2.873 0.1980 0.7237
2MEQ 1828 2.874 0.1532 0.7105
2MEQ 1829 2.844 0.2181 0.6842
2MEQ 1830 3.263 0.2313 0.6842
2MEQ 1831 2.740 0.2019 0.7763
2MEQ 1832 3.064 0.1277 0.6711
2MEQ 1833 3.299 0.1712 0.6711
2MEQ 1834 2.946 0.1780 0.7368
2MEQ 1835 2.929 0.2053 0.6842
2MEQ 1836 3.108 0.1963 0.6974
2MEQ 1837 2.914 0.2023 0.6974
2MEQ 1838 2.881 0.2060 0.7105
2MEQ 1839 3.195 0.1770 0.6711
2MEQ 1840 2.726 0.1351 0.7105
2MEQ 1841 3.146 0.1301 0.6579
2MEQ 1842 2.878 0.2002 0.7500
2MEQ 1843 2.917 0.2116 0.7105
2MEQ 1844 2.886 0.1252 0.6974
2MEQ 1845 3.021 0.1448 0.6447
2MEQ 1846 2.917 0.1739 0.7105
2MEQ 1847 3.080 0.1204 0.6579
2MEQ 1848 2.976 0.1156 0.6711
2MEQ 1849 2.914 0.1876 0.6974
2MEQ 1850 3.321 0.1452 0.6447
2MEQ 1851 2.810 0.1765 0.7237
2MEQ 1852 2.588 0.2037 0.7500
2MEQ 1853 2.575 0.1729 0.7500
2MEQ 1854 3.256 0.2089 0.6711
2MEQ 1855 2.479 0.1559 0.7368
2MEQ 1856 2.969 0.1776 0.7105
2MEQ 1857 2.987 0.2074 0.6447
2MEQ 1858 3.017 0.2237 0.6974
2MEQ 1859 2.829 0.1829 0.7368
2MEQ 1860 3.185 0.2222 0.6711
2MEQ 1861 3.049 0.1894 0.6842
2MEQ 1862 2.825 0.1949 0.6842
2MEQ 1863 2.956 0.2010 0.7105
2MEQ 1864 2.752 0.1810 0.7368
2MEQ 1865 3.071 0.1649 0.6842
2MEQ 1866 3.063 0.1931 0.7105
2MEQ 1867 3.138 0.1947 0.6842
2MEQ 1868 3.025 0.2101 0.6711
2MEQ 1869 3.275 0.1291 0.6579
2MEQ 1870 2.845 0.1725 0.7237
2MEQ 1871 3.342 0.2173 0.6842
2MEQ 1872 2.764 0.1818 0.6974
2MEQ 1873 3.074 0.1777 0.6974
2MEQ 1874 2.950 0.1745 0.6842
2MEQ 1875 2.915 0.2671 0.7105
2MEQ 1876 2.978 0.1815 0.6711
2MEQ 1877 2.911 0.2036 0.6842
2MEQ 1878 2.878 0.1884 0.7105
2MEQ 1879 3.047 0.1581 0.6447
2MEQ 1880 2.915 0.2026 0.7237
2MEQ 1881 3.020 0.1690 0.6711
2MEQ 1882 3.113 0.1172 0.6579
2MEQ 1883 2.971 0.1550 0.6711
2MEQ 1884 2.878 0.1876 0.7105
2MEQ 1885 3.081 0.1763 0.6711
2MEQ 1886 2.819 0.1941 0.7237
2MEQ 1887 2.928 0.1805 0.6842
2MEQ 1888 2.644 0.1763 0.7237
2MEQ 1889 2.595 0.1851 0.7237
2MEQ 1890 2.926 0.1997 0.7105
2MEQ 1891 2.953 0.1671 0.7237
2MEQ 1892 2.820 0.1779 0.6974
2MEQ 1893 2.975 0.1764 0.6842
2MEQ 1894 2.749 0.1422 0.6974
2MEQ 1895 3.056 0.1511 0.6711
2MEQ 1896 2.877 0.1733 0.6842
2MEQ 1897 3.095 0.1530 0.6447
2MEQ 1898 3.010 0.0979 0.6447
2MEQ 1899 2.893 0.1345 0.6842
2MEQ 1900 2.617 0.1481 0.7237
2MEQ 1901 2.933 0.2018 0.7105
2MEQ 1902 3.358 0.1688 0.6447
2MEQ 1903 2.915 0.2027 0.6974
2MEQ 1904 2.569 0.1741 0.7368
2MEQ 1905 3.098 0.2108 0.6842
2MEQ 1906 2.767 0.2064 0.7368
2MEQ 1907 2.896 0.1894 0.7368
2MEQ 1908 3.067 0.1640 0.6842
2MEQ 1909 3.346 0.2062 0.6711
2MEQ 1910 3.013 0.1867 0.6974
2MEQ 1911 3.036 0.1771 0.6974
2MEQ 1912 3.165 0.1949 0.6974
2MEQ 1913 3.035 0.1793 0.6579
2MEQ 1914 2.965 0.2128 0.7105
2MEQ 1915 2.893 0.1833 0.6842
2MEQ 1916 2.917 0.2070 0.7500
2MEQ 1917 3.020 0.2372 0.6974
2MEQ 1918 2.932 0.2239 0.7368
2MEQ 1919 2.870 0.1717 0.6842
2MEQ 1920 3.065 0.1006 0.6316
2MEQ 1921 3.023 0.1670 0.6711
2MEQ 1922 2.593 0.1706 0.7368
2MEQ 1923 2.937 0.2065 0.7105
2MEQ 1924 2.783 0.2074 0.6974
2MEQ 1925 2.734 0.1465 0.7237
2MEQ 1926 2.395 0.1624 0.7632
2MEQ 1927 2.975 0.1535 0.6447
2MEQ 1928 2.996 0.2691 0.7237
2MEQ 1929 2.762 0.1869 0.7368
2MEQ 1930 3.132 0.1337 0.6579
2MEQ 1931 2.716 0.1735 0.7500
2MEQ 1932 2.485 0.1946 0.7105
2MEQ 1933 2.943 0.1988 0.6974
2MEQ 1934 3.187 0.1136 0.6579
2MEQ 1935 2.934 0.1083 0.6711
2MEQ 1936 2.794 0.1338 0.6974
2MEQ 1937 2.936 0.2140 0.7368
2MEQ 1938 2.672 0.1987 0.7763
2MEQ 1939 2.616 0.2064 0.7237
2MEQ 1940 3.444 0.1823 0.6447
2MEQ 1941 2.728 0.1913 0.6974
2MEQ 1942 2.664 0.2022 0.7237
2MEQ 1943 2.815 0.1771 0.7237
2MEQ 1944 2.611 0.1862 0.7105
2MEQ 1945 2.934 0.2460 0.6974
2MEQ 1946 2.953 0.1765 0.7237
2MEQ 1947 2.967 0.2164 0.7500
2MEQ 1948 2.914 0.1538 0.6842
2MEQ 1949 3.216 0.1525 0.6447
2MEQ 1950 3.148 0.1498 0.6447
2MEQ 1951 2.834 0.1541 0.6842
2MEQ 1952 3.135 0.1835 0.6842
2MEQ 1953 3.027 0.1429 0.6579
2MEQ 1954 2.547 0.1886 0.7632
2MEQ 1955 2.931 0.1517 0.6711
2MEQ 1956 2.653 0.1571 0.6974
2MEQ 1957 2.667 0.1996 0.7237
2MEQ 1958 2.553 0.2054 0.7632
2MEQ 1959 2.815 0.1739 0.7368
2MEQ 1960 3.095 0.1791 0.7105
2MEQ 1961 2.951 0.1808 0.7368
2MEQ 1962 2.556 0.1350 0.7105
2MEQ 1963 2.569 0.1459 0.7368
2MEQ 1964 3.108 0.1775 0.7105
2MEQ 1965 3.026 0.1380 0.6579
2MEQ 1966 2.934 0.1551 0.6842
2MEQ 1967 2.780 0.1594 0.6974
2MEQ 1968 3.218 0.1292 0.6053
2MEQ 1969 3.081 0.1036 0.6447
2MEQ 1970 3.376 0.1145 0.6579
2MEQ 1971 3.255 0.1554 0.6711
2MEQ 1972 3.198 0.1304 0.6447
2MEQ 1973 3.272 0.1263 0.6579
2MEQ 1974 3.176 0.1291 0.6447
2MEQ 1975 3.137 0.1459 0.6447
2MEQ 1976 3.314 0.1218 0.6447
2MEQ 1977 2.949 0.1415 0.6447
2MEQ 1978 3.031 0.1164 0.6316
2MEQ 1979 3.578 0.1332 0.6316
2MEQ 1980 3.554 0.1207 0.6184
2MEQ 1981 2.751 0.1116 0.6711
2MEQ 1982 3.148 0.1138 0.6184
2MEQ 1983 3.116 0.1169 0.6447
2MEQ 1984 3.027 0.1311 0.6711
2MEQ 1985 3.063 0.1129 0.6447
