1UUU 1 0.000 1.0000 1.0000
1UUU 2 1.285 0.2999 0.8684
1UUU 3 0.737 0.5238 0.9737
1UUU 4 0.978 0.4373 0.9342
1UUU 5 1.320 0.4307 0.8816
1UUU 6 0.982 0.4331 0.9342
1UUU 7 0.570 0.6460 0.9737
1UUU 8 1.132 0.4192 0.9079
1UUU 9 0.734 0.5292 0.9605
1UUU 10 1.002 0.3977 0.9474
1UUU 11 0.817 0.4657 0.9342
1UUU 12 1.742 0.3351 0.8684
1UUU 13 1.034 0.4467 0.9342
1UUU 14 0.851 0.4805 0.9474
1UUU 15 2.317 0.4079 0.8158
1UUU 16 8.412 0.1196 0.4474
1UUU 17 6.413 0.1116 0.4737
1UUU 18 8.850 0.0673 0.3684
1UUU 19 5.757 0.0972 0.4737
1UUU 20 3.174 0.1782 0.6842
1UUU 21 4.669 0.1303 0.5526
1UUU 22 9.936 0.1027 0.3947
1UUU 23 3.162 0.1736 0.6711
1UUU 24 3.212 0.1581 0.6447
1UUU 25 3.381 0.1549 0.6579
1UUU 26 4.145 0.1418 0.6053
1UUU 27 5.178 0.1603 0.5263
1UUU 28 6.347 0.0872 0.4605
1UUU 29 3.655 0.1422 0.6316
1UUU 30 3.910 0.1688 0.6184
1UUU 31 5.079 0.1403 0.5263
1UUU 32 6.808 0.1097 0.5395
1UUU 33 3.392 0.1898 0.6974
1UUU 34 4.192 0.1551 0.6447
1UUU 35 3.547 0.1556 0.6842
1UUU 36 3.393 0.1510 0.6447
1UUU 37 4.299 0.1537 0.6316
1UUU 38 3.394 0.1528 0.6579
1UUU 39 5.159 0.1240 0.5789
1UUU 40 3.184 0.1838 0.6974
1UUU 41 4.572 0.1655 0.5921
1UUU 42 4.474 0.1566 0.6184
1UUU 43 5.542 0.1432 0.5263
1UUU 44 3.469 0.1586 0.6579
1UUU 45 4.376 0.1484 0.5921
1UUU 46 3.610 0.1412 0.6447
1UUU 47 3.633 0.1567 0.6579
1UUU 48 4.550 0.1545 0.6053
1UUU 49 4.785 0.1447 0.5921
1UUU 50 4.414 0.1885 0.6053
1UUU 51 3.892 0.1669 0.6579
1UUU 52 4.433 0.1444 0.6184
1UUU 53 6.109 0.1150 0.5132
1UUU 54 4.463 0.1506 0.6053
1UUU 55 3.989 0.1289 0.6053
1UUU 56 4.960 0.1165 0.5132
1UUU 57 6.838 0.1564 0.4474
1UUU 58 9.638 0.1431 0.3947
1UUU 59 7.956 0.0990 0.3947
1UUU 60 4.915 0.0789 0.5658
1UUU 61 5.765 0.1462 0.5132
1UUU 62 6.777 0.1930 0.5000
1UUU 63 7.553 0.0716 0.4079
1UUU 64 5.617 0.1268 0.5921
1UUU 65 3.861 0.2029 0.7105
1UUU 66 4.910 0.1845 0.5526
1UUU 67 4.645 0.1519 0.5395
1UUU 68 3.558 0.2646 0.7763
1UUU 69 6.333 0.0982 0.4605
1UUU 70 3.244 0.1969 0.7632
1UUU 71 9.863 0.1783 0.4474
1UUU 72 3.697 0.1386 0.6842
1UUU 73 2.388 0.3167 0.8421
1UUU 74 3.516 0.1693 0.6842
1UUU 75 3.679 0.1984 0.6842
1UUU 76 2.450 0.2833 0.8553
1UUU 77 3.233 0.2114 0.7105
1UUU 78 2.830 0.2867 0.8026
1UUU 79 2.636 0.2681 0.8158
1UUU 80 2.842 0.2065 0.7500
1UUU 81 2.664 0.2202 0.8026
1UUU 82 2.814 0.2550 0.8026
1UUU 83 4.343 0.1743 0.6447
1UUU 84 2.371 0.2617 0.8421
1UUU 85 2.537 0.2567 0.8026
1UUU 86 2.646 0.2208 0.7895
1UUU 87 2.407 0.2786 0.8289
1UUU 88 2.573 0.2579 0.8158
1UUU 89 2.954 0.2420 0.8026
1UUU 90 2.458 0.2947 0.8553
1UUU 91 2.434 0.3516 0.8421
1UUU 92 2.300 0.2545 0.8421
1UUU 93 2.694 0.2250 0.7763
1UUU 94 2.584 0.2855 0.8158
1UUU 95 2.473 0.2277 0.8158
1UUU 96 6.919 0.1425 0.5263
1UUU 97 3.574 0.2172 0.6842
1UUU 98 6.151 0.1626 0.4737
1UUU 99 8.717 0.0958 0.4079
1UUU 100 4.591 0.1856 0.6579
1UUU 101 3.696 0.1298 0.6053
1UUU 102 9.049 0.1312 0.4079
1UUU 103 6.174 0.2303 0.5789
1UUU 104 2.952 0.1618 0.7237
1UUU 105 3.167 0.2234 0.7632
1UUU 106 3.698 0.2038 0.6842
1UUU 107 3.413 0.2919 0.7500
1UUU 108 3.249 0.2493 0.8289
1UUU 109 2.570 0.2345 0.7895
1UUU 110 3.766 0.2334 0.7105
1UUU 111 3.079 0.2143 0.7500
1UUU 112 2.652 0.3478 0.8158
1UUU 113 3.090 0.2548 0.8026
1UUU 114 5.809 0.1358 0.5000
1UUU 115 3.136 0.2131 0.7895
1UUU 116 2.892 0.2801 0.8421
1UUU 117 3.343 0.2210 0.7632
1UUU 118 2.778 0.2576 0.8158
1UUU 119 2.805 0.1975 0.7368
1UUU 120 2.945 0.2640 0.7895
1UUU 121 3.301 0.2432 0.7632
1UUU 122 2.983 0.2604 0.7895
1UUU 123 3.175 0.2392 0.7763
1UUU 124 3.260 0.1965 0.7632
1UUU 125 3.682 0.2825 0.7632
1UUU 126 2.915 0.2442 0.8158
1UUU 127 3.157 0.2955 0.8158
1UUU 128 3.204 0.1954 0.7763
1UUU 129 2.828 0.2128 0.7632
1UUU 130 3.094 0.2639 0.7632
1UUU 131 3.161 0.2342 0.7763
1UUU 132 2.991 0.3086 0.7895
1UUU 133 2.974 0.2733 0.8421
1UUU 134 3.002 0.2739 0.8289
1UUU 135 3.135 0.2093 0.7763
1UUU 136 3.549 0.2050 0.7105
1UUU 137 8.779 0.0794 0.4342
1UUU 138 9.538 0.0950 0.3816
1UUU 139 2.468 0.2032 0.7763
1UUU 140 6.804 0.0908 0.4211
1UUU 141 7.934 0.1395 0.4737
1UUU 142 3.260 0.1654 0.6974
1UUU 143 4.740 0.1407 0.6053
1UUU 144 2.928 0.3045 0.8026
1UUU 145 5.090 0.1295 0.5263
1UUU 146 6.953 0.1568 0.5263
1UUU 147 5.569 0.2181 0.6579
1UUU 148 2.972 0.2637 0.7763
1UUU 149 2.762 0.2674 0.7763
1UUU 150 2.798 0.2815 0.8289
1UUU 151 3.566 0.2076 0.7500
1UUU 152 2.771 0.2696 0.8289
1UUU 153 2.736 0.3348 0.8553
1UUU 154 2.768 0.2757 0.8158
1UUU 155 2.612 0.3254 0.8553
1UUU 156 2.922 0.2281 0.7632
1UUU 157 2.640 0.2779 0.8289
1UUU 158 2.630 0.3084 0.8289
1UUU 159 2.459 0.3079 0.8553
1UUU 160 2.735 0.2604 0.8158
1UUU 161 2.978 0.2194 0.7368
1UUU 162 2.231 0.2725 0.8553
1UUU 163 3.062 0.2013 0.7368
1UUU 164 2.859 0.1925 0.7500
1UUU 165 3.338 0.2353 0.7895
1UUU 166 2.731 0.3359 0.8421
1UUU 167 2.714 0.2204 0.7632
1UUU 168 2.385 0.3092 0.8421
1UUU 169 2.321 0.3457 0.8421
1UUU 170 2.421 0.2947 0.8421
1UUU 171 2.545 0.3248 0.8421
1UUU 172 2.781 0.3137 0.8421
1UUU 173 2.676 0.2367 0.8026
1UUU 174 2.832 0.1984 0.7500
1UUU 175 2.859 0.2314 0.7763
1UUU 176 12.492 0.1683 0.3816
1UUU 177 8.798 0.1341 0.3553
1UUU 178 7.669 0.1411 0.4342
1UUU 179 4.714 0.2211 0.6579
1UUU 180 6.111 0.0764 0.4474
1UUU 181 4.922 0.1667 0.5789
1UUU 182 10.440 0.2013 0.3947
1UUU 183 5.270 0.0952 0.5000
1UUU 184 4.709 0.1232 0.5789
1UUU 185 9.607 0.1686 0.3816
1UUU 186 10.132 0.1446 0.3816
1UUU 187 6.155 0.1164 0.5263
1UUU 188 6.007 0.1247 0.5000
1UUU 189 5.193 0.1509 0.5395
1UUU 190 8.298 0.1828 0.4737
1UUU 191 3.772 0.1512 0.6711
1UUU 192 4.959 0.1323 0.5921
1UUU 193 2.803 0.2541 0.7763
1UUU 194 8.462 0.1423 0.4342
1UUU 195 4.175 0.2352 0.7237
1UUU 196 3.296 0.2281 0.7763
1UUU 197 3.534 0.2785 0.7632
1UUU 198 5.395 0.1143 0.5263
1UUU 199 4.859 0.1414 0.6053
1UUU 200 2.278 0.2771 0.8289
1UUU 201 4.111 0.2368 0.7237
1UUU 202 3.175 0.2945 0.7895
1UUU 203 2.592 0.2808 0.8289
1UUU 204 3.162 0.2086 0.7105
1UUU 205 3.196 0.2225 0.7237
1UUU 206 3.674 0.2462 0.7632
1UUU 207 4.587 0.1470 0.5921
1UUU 208 3.689 0.2023 0.7105
1UUU 209 3.229 0.2565 0.8289
1UUU 210 2.971 0.2088 0.7895
1UUU 211 2.613 0.3132 0.8553
1UUU 212 2.472 0.2031 0.7895
1UUU 213 3.278 0.2357 0.7632
1UUU 214 3.174 0.2310 0.8026
1UUU 215 2.627 0.2573 0.8289
1UUU 216 8.745 0.1427 0.4474
1UUU 217 9.769 0.0874 0.3947
1UUU 218 6.486 0.1153 0.3947
1UUU 219 5.525 0.2064 0.5921
1UUU 220 8.098 0.2167 0.5000
1UUU 221 7.502 0.1812 0.5658
1UUU 222 6.785 0.1072 0.4342
1UUU 223 9.342 0.1234 0.4211
1UUU 224 7.959 0.0864 0.3816
1UUU 225 4.799 0.1341 0.6184
1UUU 226 7.662 0.0937 0.4737
1UUU 227 3.448 0.2381 0.6974
1UUU 228 7.676 0.1305 0.4605
1UUU 229 2.966 0.2459 0.7632
1UUU 230 7.201 0.1115 0.4474
1UUU 231 4.504 0.1180 0.5658
1UUU 232 5.631 0.1786 0.5789
1UUU 233 3.508 0.1544 0.7368
1UUU 234 3.285 0.1950 0.7368
1UUU 235 7.152 0.1025 0.4605
1UUU 236 2.881 0.2243 0.7895
1UUU 237 4.907 0.1640 0.6184
1UUU 238 4.604 0.2199 0.6711
1UUU 239 2.851 0.2026 0.7368
1UUU 240 3.233 0.2505 0.7895
1UUU 241 2.587 0.3069 0.8026
1UUU 242 2.504 0.2476 0.8026
1UUU 243 2.651 0.2466 0.8158
1UUU 244 2.687 0.2740 0.8158
1UUU 245 2.671 0.2442 0.8158
1UUU 246 2.589 0.1705 0.7632
1UUU 247 2.492 0.2602 0.8026
1UUU 248 2.557 0.2578 0.8421
1UUU 249 2.316 0.2818 0.8289
1UUU 250 2.687 0.2436 0.8158
1UUU 251 2.878 0.1968 0.7500
1UUU 252 2.389 0.2915 0.8289
1UUU 253 2.677 0.2802 0.8289
1UUU 254 2.777 0.2566 0.8158
1UUU 255 2.967 0.2350 0.7368
1UUU 256 7.184 0.1280 0.4211
1UUU 257 9.751 0.0910 0.3421
1UUU 258 10.279 0.1237 0.4079
1UUU 259 9.700 0.1204 0.3553
1UUU 260 8.903 0.1322 0.3289
1UUU 261 8.392 0.1348 0.4079
1UUU 262 5.517 0.1667 0.5658
1UUU 263 4.561 0.1666 0.5658
1UUU 264 9.299 0.1397 0.3947
1UUU 265 8.227 0.1124 0.4079
1UUU 266 4.902 0.1528 0.6184
1UUU 267 7.437 0.1324 0.5000
1UUU 268 3.461 0.1857 0.7368
1UUU 269 4.509 0.2731 0.6974
1UUU 270 3.125 0.1589 0.6711
1UUU 271 3.470 0.2347 0.7500
1UUU 272 1.923 0.2156 0.7895
1UUU 273 2.564 0.3031 0.8421
1UUU 274 4.063 0.2123 0.7368
1UUU 275 5.147 0.1829 0.5789
1UUU 276 3.098 0.2779 0.8026
1UUU 277 3.150 0.2465 0.7500
1UUU 278 3.304 0.2587 0.7895
1UUU 279 2.655 0.2439 0.8026
1UUU 280 2.927 0.2523 0.7500
1UUU 281 3.449 0.2481 0.7763
1UUU 282 3.778 0.2083 0.6842
1UUU 283 3.542 0.1948 0.7105
1UUU 284 3.123 0.2618 0.8026
1UUU 285 3.202 0.2010 0.7368
1UUU 286 2.641 0.2890 0.8158
1UUU 287 2.922 0.2600 0.7632
1UUU 288 3.007 0.2385 0.7895
1UUU 289 2.212 0.2729 0.8421
1UUU 290 2.943 0.2995 0.8158
1UUU 291 3.074 0.2900 0.8289
1UUU 292 3.072 0.2721 0.8289
1UUU 293 2.672 0.3182 0.8421
1UUU 294 3.027 0.3040 0.8158
1UUU 295 3.106 0.2786 0.7632
1UUU 296 9.926 0.0927 0.3158
1UUU 297 8.333 0.0984 0.3816
1UUU 298 5.888 0.2327 0.5789
1UUU 299 10.892 0.0960 0.3684
1UUU 300 3.972 0.1551 0.6974
1UUU 301 5.599 0.1237 0.5263
1UUU 302 3.892 0.1612 0.6316
1UUU 303 10.447 0.0808 0.3684
1UUU 304 5.956 0.1174 0.5000
1UUU 305 3.982 0.2015 0.6711
1UUU 306 4.082 0.2458 0.6711
1UUU 307 2.885 0.2845 0.7632
1UUU 308 2.869 0.2330 0.7500
1UUU 309 2.744 0.3121 0.8289
1UUU 310 2.653 0.2412 0.8158
1UUU 311 2.841 0.2314 0.7763
1UUU 312 3.276 0.2573 0.7368
1UUU 313 2.363 0.2832 0.8026
1UUU 314 2.678 0.2062 0.7763
1UUU 315 4.109 0.2259 0.7632
1UUU 316 4.052 0.2108 0.7237
1UUU 317 3.163 0.2404 0.7632
1UUU 318 2.633 0.2751 0.8289
1UUU 319 2.480 0.3051 0.8158
1UUU 320 2.619 0.2721 0.8026
1UUU 321 2.362 0.3066 0.8289
1UUU 322 2.708 0.1888 0.7632
1UUU 323 2.775 0.2904 0.8289
1UUU 324 2.506 0.2747 0.8421
1UUU 325 2.496 0.2416 0.8158
1UUU 326 2.562 0.3069 0.8421
1UUU 327 2.388 0.3009 0.8289
1UUU 328 2.592 0.3416 0.8421
1UUU 329 2.704 0.2838 0.8421
1UUU 330 2.870 0.1846 0.7105
1UUU 331 2.453 0.3257 0.8816
1UUU 332 2.618 0.2489 0.8158
1UUU 333 2.603 0.3184 0.8158
1UUU 334 2.556 0.2459 0.8026
1UUU 335 2.737 0.2713 0.8158
1UUU 336 7.833 0.0466 0.3289
1UUU 337 5.446 0.1482 0.5921
1UUU 338 6.195 0.1064 0.4605
1UUU 339 6.084 0.1503 0.5789
1UUU 340 5.362 0.2130 0.6711
1UUU 341 10.188 0.1132 0.3684
1UUU 342 8.921 0.0725 0.3684
1UUU 343 3.202 0.1797 0.7368
1UUU 344 5.878 0.1438 0.5526
1UUU 345 9.159 0.0936 0.4211
1UUU 346 5.051 0.1638 0.6316
1UUU 347 2.647 0.1706 0.7105
1UUU 348 7.382 0.1797 0.5395
1UUU 349 5.637 0.1490 0.5658
1UUU 350 5.093 0.1997 0.6711
1UUU 351 5.000 0.1937 0.6579
1UUU 352 4.532 0.1424 0.6447
1UUU 353 4.186 0.1316 0.6053
1UUU 354 2.592 0.2882 0.8026
1UUU 355 3.113 0.2153 0.7368
1UUU 356 4.703 0.1605 0.6053
1UUU 357 3.260 0.2154 0.7500
1UUU 358 3.324 0.3036 0.8158
1UUU 359 3.476 0.3035 0.7632
1UUU 360 4.182 0.1923 0.7237
1UUU 361 2.696 0.2787 0.8158
1UUU 362 3.654 0.2879 0.7500
1UUU 363 7.800 0.1616 0.4342
1UUU 364 3.212 0.2343 0.7368
1UUU 365 3.721 0.1158 0.6184
1UUU 366 2.946 0.2357 0.7895
1UUU 367 3.050 0.2706 0.8158
1UUU 368 3.717 0.2264 0.7237
1UUU 369 3.205 0.2930 0.7895
1UUU 370 2.072 0.3294 0.8816
1UUU 371 2.686 0.2261 0.7500
1UUU 372 3.244 0.2236 0.7895
1UUU 373 2.958 0.2525 0.7895
1UUU 374 2.437 0.2233 0.8158
1UUU 375 2.649 0.2547 0.7632
1UUU 376 1.036 0.3187 0.8816
1UUU 377 1.119 0.3469 0.9211
1UUU 378 1.211 0.3478 0.9079
1UUU 379 1.223 0.3277 0.9079
1UUU 380 1.207 0.3177 0.9211
1UUU 381 1.201 0.3216 0.9211
1UUU 382 1.200 0.3173 0.9211
1UUU 383 1.209 0.3328 0.9211
1UUU 384 1.200 0.3193 0.9211
1UUU 385 1.203 0.3312 0.9211
1UUU 386 1.197 0.3276 0.9211
1UUU 387 1.203 0.3339 0.9211
1UUU 388 1.206 0.3326 0.9211
1UUU 389 1.210 0.3307 0.9211
1UUU 390 1.196 0.3311 0.9211
1UUU 391 1.207 0.3309 0.9211
1UUU 392 1.208 0.3321 0.9211
1UUU 393 1.205 0.3292 0.9211
1UUU 394 1.194 0.3363 0.9211
1UUU 395 1.204 0.3269 0.9211
1UUU 396 1.198 0.3359 0.9211
1UUU 397 1.204 0.3325 0.9211
1UUU 398 1.206 0.3204 0.9211
1UUU 399 1.199 0.3242 0.9211
1UUU 400 1.201 0.3330 0.9211
1UUU 401 1.203 0.3314 0.9211
1UUU 402 1.198 0.3373 0.9211
1UUU 403 1.196 0.3312 0.9211
1UUU 404 1.209 0.3254 0.9211
1UUU 405 1.210 0.3257 0.9211
1UUU 406 1.201 0.3264 0.9211
1UUU 407 1.195 0.3331 0.9211
1UUU 408 1.198 0.3312 0.9211
1UUU 409 1.185 0.3350 0.9211
1UUU 410 1.199 0.3370 0.9211
1UUU 411 1.197 0.3319 0.9211
1UUU 412 1.215 0.3249 0.9079
1UUU 413 1.199 0.3280 0.9211
1UUU 414 1.209 0.3231 0.9211
1UUU 415 1.209 0.3258 0.9211
1UUU 416 1.200 0.3154 0.9211
1UUU 417 1.205 0.3212 0.9211
1UUU 418 1.210 0.3383 0.9211
1UUU 419 1.208 0.3298 0.9211
1UUU 420 1.179 0.3355 0.9211
1UUU 421 1.202 0.3295 0.9211
1UUU 422 1.201 0.3339 0.9211
1UUU 423 1.180 0.3426 0.9211
1UUU 424 1.199 0.3356 0.9211
1UUU 425 1.191 0.3341 0.9211
1UUU 426 1.208 0.3275 0.9211
1UUU 427 1.203 0.3256 0.9211
1UUU 428 1.192 0.3271 0.9211
1UUU 429 1.213 0.3239 0.9211
1UUU 430 1.202 0.3408 0.9211
1UUU 431 1.200 0.3248 0.9211
1UUU 432 1.201 0.3272 0.9211
1UUU 433 1.187 0.3387 0.9211
1UUU 434 1.211 0.3403 0.9211
1UUU 435 1.191 0.3317 0.9211
1UUU 436 1.189 0.3390 0.9211
1UUU 437 1.215 0.3250 0.9211
1UUU 438 1.207 0.3258 0.9211
1UUU 439 1.192 0.3286 0.9211
1UUU 440 1.195 0.3387 0.9211
1UUU 441 1.190 0.3285 0.9211
1UUU 442 1.202 0.3288 0.9211
1UUU 443 1.211 0.3209 0.9211
1UUU 444 1.215 0.3239 0.9211
1UUU 445 1.194 0.3351 0.9211
1UUU 446 1.211 0.3291 0.9211
1UUU 447 1.193 0.3221 0.9211
1UUU 448 1.172 0.3467 0.9211
1UUU 449 1.211 0.3108 0.9211
1UUU 450 1.190 0.3304 0.9211
1UUU 451 1.191 0.3290 0.9211
1UUU 452 1.201 0.3406 0.9211
1UUU 453 1.209 0.3437 0.9211
1UUU 454 1.211 0.3288 0.9211
1UUU 455 1.180 0.3240 0.9211
1UUU 456 1.179 0.3398 0.9211
1UUU 457 1.176 0.3535 0.9211
1UUU 458 1.184 0.3536 0.9211
1UUU 459 1.174 0.3531 0.9079
1UUU 460 1.164 0.3341 0.9211
1UUU 461 1.187 0.3335 0.9211
1UUU 462 1.187 0.3399 0.9211
1UUU 463 1.201 0.3495 0.9211
1UUU 464 1.181 0.3274 0.9211
1UUU 465 1.178 0.3422 0.9211
1UUU 466 1.189 0.3240 0.9211
1UUU 467 1.213 0.3276 0.9211
1UUU 468 1.200 0.3319 0.9211
1UUU 469 1.216 0.3014 0.9211
1UUU 470 1.212 0.3106 0.9211
1UUU 471 1.206 0.3020 0.9079
1UUU 472 1.194 0.3382 0.9079
1UUU 473 1.217 0.3143 0.9211
1UUU 474 1.219 0.2922 0.9211
1UUU 475 1.220 0.2790 0.9079
1UUU 476 1.198 0.3038 0.9211
1UUU 477 1.198 0.2984 0.9211
1UUU 478 1.192 0.3114 0.9211
1UUU 479 1.196 0.3072 0.9211
1UUU 480 1.195 0.3053 0.9211
1UUU 481 1.196 0.3065 0.9079
1UUU 482 1.234 0.2847 0.9079
1UUU 483 1.231 0.2886 0.9079
1UUU 484 1.244 0.2991 0.9211
1UUU 485 1.226 0.3125 0.9211
1UUU 486 1.242 0.2832 0.9079
1UUU 487 1.219 0.3076 0.9211
1UUU 488 1.221 0.2954 0.9211
1UUU 489 1.208 0.3138 0.9211
1UUU 490 1.240 0.3119 0.9211
1UUU 491 1.233 0.3054 0.9211
1UUU 492 1.187 0.3130 0.9211
1UUU 493 1.185 0.3449 0.9211
1UUU 494 1.221 0.2995 0.9211
1UUU 495 1.233 0.3077 0.9211
1UUU 496 1.201 0.3193 0.9211
1UUU 497 1.260 0.3028 0.9211
1UUU 498 1.235 0.3151 0.9211
1UUU 499 1.226 0.3287 0.9079
1UUU 500 1.230 0.3293 0.9211
1UUU 501 1.210 0.3319 0.9079
1UUU 502 1.159 0.3519 0.9079
1UUU 503 1.235 0.3158 0.9211
1UUU 504 1.175 0.3325 0.9211
1UUU 505 1.185 0.3319 0.9211
1UUU 506 1.226 0.3057 0.9211
1UUU 507 1.213 0.3032 0.9211
1UUU 508 1.253 0.3057 0.9211
1UUU 509 1.220 0.3093 0.9211
1UUU 510 1.197 0.3242 0.9211
1UUU 511 1.184 0.3294 0.9079
1UUU 512 1.185 0.3287 0.9211
1UUU 513 1.139 0.3473 0.9211
1UUU 514 1.256 0.3189 0.9079
1UUU 515 1.205 0.3056 0.9211
1UUU 516 1.201 0.3222 0.9211
1UUU 517 1.237 0.2981 0.8947
1UUU 518 1.228 0.3017 0.9079
1UUU 519 1.203 0.3364 0.9211
1UUU 520 1.160 0.3540 0.9342
1UUU 521 1.236 0.3120 0.9079
1UUU 522 1.202 0.3339 0.9079
1UUU 523 1.205 0.3567 0.9211
1UUU 524 1.223 0.3520 0.8947
1UUU 525 1.207 0.3773 0.9079
1UUU 526 1.187 0.3693 0.9211
1UUU 527 1.295 0.3515 0.8947
1UUU 528 1.388 0.3450 0.8816
1UUU 529 1.355 0.3157 0.8816
1UUU 530 1.252 0.3658 0.8816
1UUU 531 1.304 0.3477 0.8684
1UUU 532 1.406 0.3531 0.8684
1UUU 533 1.422 0.3298 0.8684
1UUU 534 1.289 0.3560 0.8684
1UUU 535 1.344 0.3184 0.8684
1UUU 536 1.369 0.3073 0.8684
1UUU 537 1.379 0.3441 0.8684
1UUU 538 1.405 0.3382 0.8684
1UUU 539 1.404 0.3426 0.8816
1UUU 540 1.327 0.3710 0.8816
1UUU 541 1.367 0.3327 0.8684
1UUU 542 1.344 0.3622 0.8684
1UUU 543 1.340 0.3574 0.8816
1UUU 544 1.268 0.3459 0.8947
1UUU 545 1.344 0.3148 0.8553
1UUU 546 1.317 0.3426 0.8816
1UUU 547 1.304 0.3584 0.8684
1UUU 548 1.290 0.3435 0.8816
1UUU 549 1.352 0.3389 0.8684
1UUU 550 1.330 0.3398 0.8816
1UUU 551 1.318 0.3660 0.8816
1UUU 552 1.346 0.3272 0.8684
1UUU 553 1.336 0.3317 0.8816
1UUU 554 1.339 0.3499 0.8684
1UUU 555 1.312 0.3181 0.8684
1UUU 556 1.335 0.3439 0.8816
1UUU 557 1.351 0.3586 0.8684
1UUU 558 1.310 0.3700 0.8816
1UUU 559 1.322 0.3766 0.8684
1UUU 560 1.341 0.3515 0.8816
1UUU 561 1.346 0.2986 0.8684
1UUU 562 1.356 0.3028 0.8684
1UUU 563 1.334 0.3248 0.8816
1UUU 564 1.415 0.3367 0.8684
1UUU 565 1.262 0.3403 0.8816
1UUU 566 1.313 0.3596 0.8816
1UUU 567 1.324 0.3169 0.8553
1UUU 568 1.300 0.3315 0.8816
1UUU 569 1.243 0.3305 0.8947
1UUU 570 1.307 0.3407 0.8684
1UUU 571 1.348 0.3419 0.8553
1UUU 572 1.300 0.3288 0.8684
1UUU 573 1.315 0.3476 0.8816
1UUU 574 1.390 0.3687 0.8684
1UUU 575 1.417 0.3119 0.8816
1UUU 576 1.337 0.3462 0.8684
1UUU 577 1.361 0.3391 0.8684
1UUU 578 1.339 0.3370 0.8816
1UUU 579 1.385 0.3308 0.8684
1UUU 580 1.364 0.3116 0.8684
1UUU 581 1.400 0.3675 0.8947
1UUU 582 1.351 0.3339 0.8684
1UUU 583 1.308 0.3475 0.8684
1UUU 584 1.268 0.3732 0.9079
1UUU 585 1.392 0.3230 0.8684
1UUU 586 1.335 0.3325 0.8947
1UUU 587 1.386 0.3587 0.8816
1UUU 588 1.301 0.3644 0.8816
1UUU 589 1.432 0.3140 0.8684
1UUU 590 1.436 0.3264 0.8684
1UUU 591 1.356 0.3477 0.8816
1UUU 592 1.509 0.3272 0.8816
1UUU 593 1.463 0.3278 0.8684
1UUU 594 1.425 0.3398 0.8816
1UUU 595 1.356 0.3143 0.8684
1UUU 596 1.381 0.3149 0.8816
1UUU 597 1.323 0.3001 0.8684
1UUU 598 1.350 0.3073 0.8684
1UUU 599 1.339 0.3103 0.8816
1UUU 600 1.360 0.3300 0.8553
1UUU 601 1.302 0.3396 0.8684
1UUU 602 1.330 0.3177 0.8684
1UUU 603 1.330 0.3253 0.8684
1UUU 604 1.362 0.3087 0.8816
1UUU 605 1.350 0.3263 0.8684
1UUU 606 1.326 0.2940 0.8684
1UUU 607 1.391 0.3433 0.8684
1UUU 608 1.332 0.3123 0.8947
1UUU 609 1.339 0.3240 0.8816
1UUU 610 1.352 0.3503 0.8816
1UUU 611 1.331 0.3371 0.8816
1UUU 612 1.315 0.3276 0.8684
1UUU 613 1.281 0.3483 0.8947
1UUU 614 1.371 0.3417 0.8684
1UUU 615 1.274 0.3424 0.8947
1UUU 616 1.396 0.3237 0.8684
1UUU 617 1.355 0.3093 0.8947
1UUU 618 1.391 0.3295 0.8684
1UUU 619 1.432 0.3303 0.8684
1UUU 620 1.592 0.3104 0.8684
1UUU 621 1.651 0.3147 0.8684
1UUU 622 1.596 0.3244 0.8816
1UUU 623 1.576 0.3231 0.8553
1UUU 624 1.579 0.3133 0.8816
1UUU 625 1.600 0.2855 0.8684
1UUU 626 1.467 0.2882 0.8816
1UUU 627 1.486 0.3027 0.8816
1UUU 628 1.457 0.2956 0.8816
1UUU 629 1.562 0.3272 0.8947
1UUU 630 1.514 0.2949 0.8947
1UUU 631 1.516 0.2987 0.8816
1UUU 632 1.528 0.2975 0.8816
1UUU 633 1.477 0.3020 0.8684
1UUU 634 1.468 0.2993 0.8684
1UUU 635 1.429 0.3292 0.8947
1UUU 636 1.571 0.3426 0.8816
1UUU 637 1.497 0.3040 0.8816
1UUU 638 1.474 0.3083 0.8684
1UUU 639 1.557 0.3172 0.8684
1UUU 640 1.495 0.2956 0.8684
1UUU 641 1.454 0.3258 0.8947
1UUU 642 1.445 0.3181 0.8816
1UUU 643 1.524 0.3115 0.8816
1UUU 644 1.455 0.3385 0.8816
1UUU 645 1.460 0.3391 0.9079
1UUU 646 1.492 0.3271 0.8684
1UUU 647 1.571 0.2780 0.8684
1UUU 648 1.556 0.2932 0.8684
1UUU 649 1.524 0.3281 0.8816
1UUU 650 1.502 0.2783 0.8684
1UUU 651 1.515 0.3216 0.8816
1UUU 652 1.475 0.3074 0.8816
1UUU 653 1.560 0.3022 0.8816
1UUU 654 1.519 0.3017 0.8684
1UUU 655 1.465 0.3370 0.8816
1UUU 656 1.460 0.3062 0.8947
1UUU 657 1.435 0.3200 0.8816
1UUU 658 1.567 0.3255 0.8684
1UUU 659 1.475 0.2946 0.8684
1UUU 660 1.511 0.2712 0.8816
1UUU 661 1.475 0.3030 0.8816
1UUU 662 1.472 0.3125 0.8816
1UUU 663 1.429 0.3186 0.8947
1UUU 664 1.483 0.3173 0.9079
1UUU 665 1.516 0.3061 0.8684
1UUU 666 1.488 0.3064 0.8684
1UUU 667 1.505 0.2949 0.8684
1UUU 668 1.507 0.3192 0.8816
1UUU 669 1.453 0.2934 0.8684
1UUU 670 1.567 0.3119 0.8947
1UUU 671 1.510 0.3303 0.8684
1UUU 672 1.489 0.2954 0.8947
1UUU 673 1.507 0.2966 0.8816
1UUU 674 1.514 0.3068 0.8816
1UUU 675 1.542 0.3002 0.8684
1UUU 676 1.580 0.3105 0.8947
1UUU 677 1.626 0.3161 0.8684
1UUU 678 1.611 0.3130 0.8684
1UUU 679 1.556 0.3226 0.8684
1UUU 680 1.571 0.3083 0.8684
1UUU 681 1.724 0.3119 0.8553
1UUU 682 1.697 0.3378 0.8553
1UUU 683 1.556 0.3695 0.8947
1UUU 684 1.661 0.3232 0.8684
1UUU 685 1.535 0.3099 0.8553
1UUU 686 1.692 0.3226 0.8684
1UUU 687 1.427 0.3881 0.8947
1UUU 688 1.561 0.2963 0.8816
1UUU 689 1.678 0.3191 0.8553
1UUU 690 1.639 0.3599 0.8684
1UUU 691 1.559 0.3450 0.8684
1UUU 692 1.695 0.3341 0.8684
1UUU 693 1.534 0.3252 0.8684
1UUU 694 1.470 0.3435 0.8816
1UUU 695 1.538 0.3045 0.8947
1UUU 696 1.396 0.3327 0.8816
1UUU 697 1.459 0.3289 0.8947
1UUU 698 1.539 0.2965 0.8947
1UUU 699 1.521 0.3391 0.8947
1UUU 700 1.450 0.3237 0.9079
1UUU 701 1.544 0.2957 0.8947
1UUU 702 1.450 0.2978 0.8816
1UUU 703 1.515 0.3359 0.8684
1UUU 704 1.596 0.3172 0.8947
1UUU 705 1.454 0.3202 0.8816
1UUU 706 1.449 0.3491 0.9079
1UUU 707 1.414 0.3078 0.8684
1UUU 708 1.453 0.3269 0.8816
1UUU 709 1.550 0.3236 0.9211
1UUU 710 1.536 0.3414 0.8684
1UUU 711 1.565 0.3138 0.8816
1UUU 712 1.408 0.3193 0.8947
1UUU 713 1.474 0.3362 0.9079
1UUU 714 1.483 0.3154 0.8816
1UUU 715 1.442 0.3204 0.8947
1UUU 716 1.563 0.3059 0.8684
1UUU 717 1.425 0.3299 0.8947
1UUU 718 1.498 0.2997 0.8816
1UUU 719 1.480 0.3156 0.8816
1UUU 720 1.490 0.3102 0.8816
1UUU 721 1.393 0.3305 0.8816
1UUU 722 1.513 0.2991 0.8684
1UUU 723 1.462 0.2936 0.8816
1UUU 724 1.502 0.3273 0.8816
1UUU 725 1.478 0.2875 0.8816
1UUU 726 1.583 0.3048 0.8947
1UUU 727 1.555 0.2878 0.8816
1UUU 728 1.524 0.3175 0.8947
1UUU 729 1.526 0.2914 0.8684
1UUU 730 1.520 0.3195 0.8947
1UUU 731 1.497 0.3109 0.8684
1UUU 732 1.509 0.3195 0.8816
1UUU 733 1.511 0.3224 0.8947
1UUU 734 1.548 0.2914 0.8947
1UUU 735 1.494 0.3168 0.8947
1UUU 736 1.488 0.2897 0.8816
1UUU 737 1.527 0.2888 0.8816
1UUU 738 1.461 0.2949 0.8816
1UUU 739 1.576 0.3074 0.8816
1UUU 740 1.526 0.2850 0.8684
1UUU 741 1.560 0.3133 0.8684
1UUU 742 1.566 0.2742 0.8684
1UUU 743 1.492 0.3139 0.8816
1UUU 744 1.541 0.3175 0.8684
1UUU 745 1.565 0.3113 0.8816
1UUU 746 1.490 0.3076 0.8947
1UUU 747 1.533 0.2760 0.8684
1UUU 748 1.558 0.3045 0.8816
1UUU 749 1.453 0.3293 0.8947
1UUU 750 1.485 0.3271 0.8816
1UUU 751 1.467 0.3078 0.8816
1UUU 752 1.566 0.2900 0.8816
1UUU 753 1.578 0.2912 0.8684
1UUU 754 1.527 0.2896 0.8816
1UUU 755 1.523 0.3183 0.8947
1UUU 756 1.516 0.2764 0.8816
1UUU 757 1.541 0.2865 0.8816
1UUU 758 1.499 0.3166 0.8947
1UUU 759 1.445 0.3121 0.8947
1UUU 760 1.495 0.2984 0.8947
1UUU 761 1.505 0.2914 0.8816
1UUU 762 1.491 0.3446 0.8947
1UUU 763 1.486 0.3309 0.8947
1UUU 764 1.552 0.3599 0.8816
1UUU 765 1.553 0.2873 0.8816
1UUU 766 1.519 0.3035 0.8947
1UUU 767 1.591 0.2732 0.8553
1UUU 768 1.525 0.3182 0.8816
1UUU 769 1.548 0.2818 0.8816
1UUU 770 1.343 0.3334 0.8816
1UUU 771 1.272 0.2989 0.8816
1UUU 772 1.289 0.2817 0.8553
1UUU 773 1.334 0.3104 0.8816
1UUU 774 1.600 0.2490 0.8421
1UUU 775 1.577 0.2805 0.8421
1UUU 776 1.381 0.3155 0.8421
1UUU 777 1.467 0.2976 0.8421
1UUU 778 1.497 0.2717 0.8289
1UUU 779 1.379 0.2804 0.8289
1UUU 780 1.456 0.2739 0.8553
1UUU 781 1.292 0.3108 0.8816
1UUU 782 1.340 0.2850 0.8553
1UUU 783 1.323 0.2964 0.8684
1UUU 784 1.412 0.3375 0.8684
1UUU 785 1.299 0.3039 0.8684
1UUU 786 1.367 0.2779 0.8553
1UUU 787 1.348 0.3304 0.8816
1UUU 788 1.400 0.3244 0.8421
1UUU 789 1.526 0.3111 0.8421
1UUU 790 1.510 0.3104 0.8684
1UUU 791 1.573 0.2980 0.8289
1UUU 792 1.455 0.3084 0.8421
1UUU 793 1.455 0.3110 0.8684
1UUU 794 1.741 0.2485 0.8158
1UUU 795 1.572 0.2863 0.8553
1UUU 796 1.791 0.2402 0.8289
1UUU 797 1.791 0.2755 0.8421
1UUU 798 1.552 0.2513 0.8553
1UUU 799 1.547 0.2531 0.8421
1UUU 800 1.541 0.2703 0.8289
1UUU 801 1.569 0.3051 0.8289
1UUU 802 1.605 0.2914 0.8421
1UUU 803 1.562 0.3254 0.8553
1UUU 804 1.707 0.2934 0.8158
1UUU 805 1.510 0.2891 0.8421
1UUU 806 1.640 0.2686 0.8421
1UUU 807 1.488 0.2895 0.8421
1UUU 808 1.583 0.2393 0.8158
1UUU 809 1.578 0.2235 0.8158
1UUU 810 1.570 0.2788 0.8289
1UUU 811 1.567 0.2369 0.8421
1UUU 812 1.533 0.2317 0.8158
1UUU 813 1.510 0.2405 0.8421
1UUU 814 1.613 0.2540 0.8553
1UUU 815 1.483 0.2398 0.8289
1UUU 816 1.498 0.3388 0.8553
1UUU 817 1.786 0.2610 0.8158
1UUU 818 1.590 0.2392 0.8289
1UUU 819 1.492 0.2612 0.8421
1UUU 820 1.572 0.2587 0.8289
1UUU 821 1.606 0.2389 0.8158
1UUU 822 1.503 0.2454 0.8553
1UUU 823 1.549 0.2093 0.8158
1UUU 824 1.660 0.2667 0.8026
1UUU 825 1.579 0.2408 0.8289
1UUU 826 1.595 0.2349 0.8421
1UUU 827 1.530 0.2497 0.8289
1UUU 828 1.708 0.2317 0.8026
1UUU 829 1.494 0.2311 0.8026
1UUU 830 1.763 0.2369 0.7895
1UUU 831 1.558 0.2350 0.8289
1UUU 832 1.634 0.2172 0.8026
1UUU 833 1.637 0.2117 0.8026
1UUU 834 1.665 0.2314 0.8158
1UUU 835 1.685 0.2369 0.8026
1UUU 836 1.801 0.2553 0.8026
1UUU 837 1.759 0.2537 0.7895
1UUU 838 1.673 0.2698 0.8289
1UUU 839 1.812 0.2664 0.8289
1UUU 840 1.464 0.3219 0.8684
1UUU 841 1.535 0.3090 0.8684
1UUU 842 1.396 0.2612 0.8421
1UUU 843 1.606 0.2571 0.8421
1UUU 844 1.585 0.2930 0.8684
1UUU 845 1.480 0.3286 0.8684
1UUU 846 1.606 0.2589 0.8553
1UUU 847 1.639 0.2782 0.8553
1UUU 848 1.732 0.2516 0.8158
1UUU 849 1.640 0.2009 0.8158
1UUU 850 1.503 0.3082 0.8553
1UUU 851 1.589 0.2698 0.8289
1UUU 852 1.766 0.2192 0.8026
1UUU 853 1.722 0.2093 0.8289
1UUU 854 1.684 0.2234 0.8158
1UUU 855 1.758 0.2461 0.8026
1UUU 856 1.587 0.3132 0.8421
1UUU 857 1.720 0.2599 0.8026
1UUU 858 1.684 0.2726 0.8289
1UUU 859 1.589 0.2607 0.8421
1UUU 860 1.702 0.2507 0.8158
1UUU 861 1.661 0.2622 0.8158
1UUU 862 1.690 0.2077 0.8158
1UUU 863 1.763 0.2339 0.7895
1UUU 864 1.775 0.2558 0.8026
1UUU 865 1.622 0.2432 0.8289
1UUU 866 1.547 0.2553 0.8553
1UUU 867 1.812 0.2870 0.8289
1UUU 868 1.759 0.2556 0.8158
1UUU 869 1.532 0.2473 0.8289
1UUU 870 1.756 0.2142 0.8026
1UUU 871 1.640 0.2322 0.8158
1UUU 872 1.517 0.2670 0.8553
1UUU 873 1.592 0.2592 0.8289
1UUU 874 1.766 0.2437 0.8158
1UUU 875 1.722 0.2268 0.8158
1UUU 876 1.672 0.2733 0.8026
1UUU 877 1.729 0.2288 0.8026
1UUU 878 1.579 0.2419 0.8289
1UUU 879 1.721 0.2600 0.8289
1UUU 880 1.988 0.2923 0.7895
1UUU 881 1.889 0.2217 0.8421
1UUU 882 1.817 0.1983 0.8158
1UUU 883 1.974 0.2316 0.7895
1UUU 884 1.779 0.2553 0.8289
1UUU 885 1.905 0.2347 0.8026
1UUU 886 1.857 0.2143 0.8289
1UUU 887 1.838 0.2014 0.7895
1UUU 888 1.924 0.2459 0.8026
1UUU 889 1.752 0.2277 0.8158
1UUU 890 1.951 0.2361 0.7895
1UUU 891 1.761 0.2319 0.8026
1UUU 892 1.816 0.1971 0.8026
1UUU 893 1.889 0.1845 0.7895
1UUU 894 1.777 0.2753 0.8421
1UUU 895 1.596 0.2809 0.8553
1UUU 896 1.617 0.3187 0.8947
1UUU 897 1.586 0.2981 0.8816
1UUU 898 1.602 0.2882 0.8684
1UUU 899 1.501 0.3186 0.8816
1UUU 900 1.555 0.2726 0.8421
1UUU 901 1.469 0.2940 0.8421
1UUU 902 1.593 0.2798 0.8684
1UUU 903 1.674 0.3199 0.8684
1UUU 904 1.510 0.3226 0.8684
1UUU 905 1.525 0.3257 0.8816
1UUU 906 1.536 0.2525 0.8289
1UUU 907 1.626 0.3309 0.8684
1UUU 908 1.709 0.2674 0.8289
1UUU 909 1.704 0.2703 0.8158
1UUU 910 1.874 0.2566 0.7895
1UUU 911 1.642 0.3004 0.8553
1UUU 912 1.647 0.2689 0.8158
1UUU 913 1.613 0.2781 0.8553
1UUU 914 1.523 0.3603 0.8684
1UUU 915 1.669 0.2380 0.8158
1UUU 916 1.762 0.2504 0.8026
1UUU 917 1.664 0.2543 0.8289
1UUU 918 1.536 0.2870 0.8553
1UUU 919 1.675 0.3022 0.8289
1UUU 920 1.716 0.2731 0.8289
1UUU 921 1.725 0.2572 0.8158
1UUU 922 1.640 0.2566 0.8289
1UUU 923 1.714 0.2818 0.8421
1UUU 924 1.800 0.2754 0.8421
1UUU 925 1.702 0.2759 0.8684
1UUU 926 1.869 0.2418 0.8421
1UUU 927 1.736 0.2254 0.8158
1UUU 928 1.690 0.2426 0.8421
1UUU 929 1.684 0.2833 0.8421
1UUU 930 1.674 0.2878 0.8421
1UUU 931 1.773 0.2447 0.8158
1UUU 932 1.766 0.2437 0.8289
1UUU 933 1.798 0.2609 0.8026
1UUU 934 1.568 0.3102 0.8816
1UUU 935 1.733 0.2680 0.8289
1UUU 936 1.619 0.2461 0.8421
1UUU 937 1.649 0.2616 0.8684
1UUU 938 1.665 0.3015 0.8158
1UUU 939 1.557 0.2689 0.8421
1UUU 940 1.674 0.2777 0.8421
1UUU 941 1.664 0.2637 0.8289
1UUU 942 1.567 0.2863 0.8421
1UUU 943 1.753 0.2286 0.8158
1UUU 944 1.795 0.2640 0.8289
1UUU 945 1.848 0.2317 0.8158
1UUU 946 1.905 0.2368 0.7895
1UUU 947 1.749 0.3298 0.8684
1UUU 948 1.642 0.2727 0.8684
1UUU 949 1.679 0.2861 0.8158
1UUU 950 1.751 0.2528 0.8289
1UUU 951 1.809 0.2521 0.8158
1UUU 952 1.680 0.2804 0.8158
1UUU 953 1.623 0.2673 0.8421
1UUU 954 1.468 0.3076 0.8684
1UUU 955 1.716 0.3082 0.8289
1UUU 956 1.628 0.2824 0.8553
1UUU 957 1.707 0.2504 0.8421
1UUU 958 1.659 0.1848 0.8026
1UUU 959 1.755 0.2066 0.8026
1UUU 960 1.681 0.2606 0.8158
1UUU 961 1.693 0.2602 0.8421
1UUU 962 1.829 0.2385 0.8026
1UUU 963 1.688 0.2806 0.8289
1UUU 964 1.561 0.3130 0.8684
1UUU 965 1.721 0.2431 0.8421
1UUU 966 1.727 0.2607 0.8289
1UUU 967 1.850 0.2878 0.8421
1UUU 968 1.724 0.2566 0.8553
1UUU 969 1.702 0.2857 0.8553
1UUU 970 1.706 0.2789 0.8421
1UUU 971 1.673 0.3348 0.8684
1UUU 972 1.622 0.2697 0.8289
1UUU 973 1.693 0.2830 0.8289
1UUU 974 1.666 0.2953 0.8421
1UUU 975 1.640 0.2605 0.8553
1UUU 976 1.993 0.2485 0.8289
1UUU 977 1.745 0.2980 0.8289
1UUU 978 1.736 0.3005 0.8553
1UUU 979 1.744 0.2326 0.8158
1UUU 980 1.685 0.2616 0.8289
1UUU 981 1.740 0.2483 0.8421
1UUU 982 1.658 0.2556 0.8553
1UUU 983 1.658 0.2671 0.8289
1UUU 984 1.680 0.2077 0.8158
1UUU 985 1.773 0.2382 0.8289
1UUU 986 1.639 0.2330 0.8289
1UUU 987 1.584 0.2178 0.8158
1UUU 988 1.643 0.2428 0.8421
1UUU 989 1.741 0.3342 0.8553
1UUU 990 1.572 0.2739 0.8553
1UUU 991 1.398 0.3486 0.8684
1UUU 992 1.543 0.2279 0.8553
1UUU 993 1.531 0.2507 0.8553
1UUU 994 1.422 0.2646 0.8421
1UUU 995 1.444 0.2784 0.8553
1UUU 996 1.362 0.3378 0.9079
1UUU 997 1.417 0.2892 0.8684
1UUU 998 1.580 0.2741 0.8684
1UUU 999 1.439 0.3278 0.8684
1UUU 1000 1.494 0.2613 0.8684
1UUU 1001 1.515 0.2302 0.8421
1UUU 1002 1.587 0.2963 0.8553
1UUU 1003 1.495 0.2821 0.8684
1UUU 1004 1.498 0.3191 0.8553
1UUU 1005 1.676 0.2341 0.8421
1UUU 1006 1.862 0.2487 0.8289
1UUU 1007 1.601 0.2607 0.8553
1UUU 1008 1.610 0.2452 0.8553
1UUU 1009 1.514 0.3444 0.8947
1UUU 1010 1.476 0.2836 0.8947
1UUU 1011 1.451 0.3060 0.8816
1UUU 1012 1.573 0.2372 0.8158
1UUU 1013 1.482 0.2601 0.8684
1UUU 1014 1.532 0.3026 0.8947
1UUU 1015 1.574 0.2551 0.8289
1UUU 1016 1.482 0.2714 0.8289
1UUU 1017 1.524 0.2751 0.8421
1UUU 1018 1.344 0.3587 0.8816
1UUU 1019 1.491 0.2739 0.8421
1UUU 1020 1.591 0.3167 0.8553
1UUU 1021 1.510 0.3194 0.8816
1UUU 1022 1.579 0.2629 0.8553
1UUU 1023 1.682 0.2943 0.8553
1UUU 1024 1.381 0.2508 0.8684
1UUU 1025 1.370 0.3007 0.8947
1UUU 1026 1.396 0.2847 0.8816
1UUU 1027 1.518 0.2735 0.8289
1UUU 1028 1.474 0.2841 0.8684
1UUU 1029 1.423 0.2986 0.8684
1UUU 1030 1.243 0.2946 0.8816
1UUU 1031 1.518 0.2560 0.8553
1UUU 1032 1.435 0.2653 0.8553
1UUU 1033 1.360 0.3100 0.8816
1UUU 1034 1.564 0.2657 0.8421
1UUU 1035 1.382 0.2532 0.8684
1UUU 1036 1.635 0.3165 0.8553
1UUU 1037 1.581 0.2345 0.8158
1UUU 1038 1.583 0.2859 0.8421
1UUU 1039 1.543 0.3057 0.8684
1UUU 1040 1.457 0.3385 0.8684
1UUU 1041 1.547 0.2532 0.8553
1UUU 1042 1.472 0.2991 0.8684
1UUU 1043 1.614 0.2602 0.8553
1UUU 1044 1.476 0.3256 0.8816
1UUU 1045 1.490 0.2793 0.8553
1UUU 1046 1.528 0.2783 0.8553
1UUU 1047 1.600 0.2720 0.8553
1UUU 1048 1.537 0.3139 0.8684
1UUU 1049 1.448 0.2590 0.8816
1UUU 1050 1.454 0.2963 0.8553
1UUU 1051 1.407 0.2707 0.8553
1UUU 1052 1.499 0.2836 0.8816
1UUU 1053 1.545 0.3137 0.8421
1UUU 1054 1.635 0.2460 0.8158
1UUU 1055 1.514 0.3000 0.8684
1UUU 1056 1.455 0.2656 0.8421
1UUU 1057 1.553 0.2788 0.8553
1UUU 1058 1.551 0.3162 0.8816
1UUU 1059 1.442 0.2795 0.8947
1UUU 1060 1.708 0.2843 0.8553
1UUU 1061 1.253 0.3672 0.9079
1UUU 1062 1.716 0.2715 0.8421
1UUU 1063 1.470 0.3145 0.8816
1UUU 1064 1.447 0.2801 0.8553
1UUU 1065 1.632 0.2985 0.8684
1UUU 1066 1.415 0.3498 0.8947
1UUU 1067 1.547 0.2909 0.8684
1UUU 1068 1.358 0.2887 0.8947
1UUU 1069 1.471 0.3209 0.8816
1UUU 1070 1.383 0.2831 0.8553
1UUU 1071 1.363 0.2748 0.8684
1UUU 1072 1.440 0.2559 0.8421
1UUU 1073 1.693 0.2200 0.8289
1UUU 1074 1.582 0.2716 0.8553
1UUU 1075 1.510 0.3210 0.8816
1UUU 1076 1.446 0.3381 0.8816
1UUU 1077 1.873 0.2112 0.7895
1UUU 1078 1.681 0.2493 0.8158
1UUU 1079 1.718 0.2598 0.8421
1UUU 1080 1.681 0.2584 0.8158
1UUU 1081 1.744 0.2885 0.8158
1UUU 1082 1.641 0.2805 0.8421
1UUU 1083 1.740 0.2447 0.8553
1UUU 1084 1.688 0.2502 0.8289
1UUU 1085 1.713 0.2456 0.8158
1UUU 1086 1.711 0.2995 0.8553
1UUU 1087 1.801 0.2662 0.8158
1UUU 1088 1.835 0.2534 0.8026
1UUU 1089 1.872 0.2044 0.8026
1UUU 1090 1.655 0.3180 0.8421
1UUU 1091 1.709 0.2412 0.8158
1UUU 1092 2.031 0.2377 0.7895
1UUU 1093 1.722 0.2487 0.8421
1UUU 1094 1.709 0.2655 0.8421
1UUU 1095 1.393 0.3070 0.8816
1UUU 1096 1.444 0.3197 0.8684
1UUU 1097 1.371 0.2791 0.8553
1UUU 1098 1.417 0.2669 0.8684
1UUU 1099 1.554 0.2322 0.8289
1UUU 1100 1.417 0.2355 0.8553
1UUU 1101 1.481 0.2655 0.8421
1UUU 1102 1.478 0.2244 0.8289
1UUU 1103 1.312 0.2789 0.8816
1UUU 1104 1.482 0.2784 0.8553
1UUU 1105 1.388 0.3468 0.8553
1UUU 1106 1.336 0.4073 0.8947
1UUU 1107 1.358 0.3369 0.9079
1UUU 1108 1.555 0.2939 0.8816
1UUU 1109 1.461 0.2469 0.8684
1UUU 1110 1.563 0.3539 0.8816
1UUU 1111 1.433 0.2760 0.8947
1UUU 1112 1.438 0.2288 0.8553
1UUU 1113 1.400 0.2687 0.8553
1UUU 1114 1.599 0.2994 0.8684
1UUU 1115 1.576 0.2800 0.8553
1UUU 1116 1.370 0.2921 0.8947
1UUU 1117 1.483 0.2529 0.8421
1UUU 1118 1.349 0.3035 0.8816
1UUU 1119 1.785 0.2741 0.8158
1UUU 1120 1.685 0.2788 0.8421
1UUU 1121 1.734 0.2665 0.8289
1UUU 1122 1.496 0.2889 0.8553
1UUU 1123 1.464 0.2732 0.8684
1UUU 1124 1.566 0.2765 0.8553
1UUU 1125 1.512 0.2987 0.9079
1UUU 1126 1.445 0.2565 0.8421
1UUU 1127 1.460 0.2702 0.8553
1UUU 1128 1.561 0.2715 0.8553
1UUU 1129 1.719 0.2711 0.8158
1UUU 1130 1.609 0.3091 0.8289
1UUU 1131 1.648 0.2382 0.8289
1UUU 1132 1.616 0.2687 0.8289
1UUU 1133 1.628 0.2540 0.8289
1UUU 1134 1.516 0.3274 0.8816
1UUU 1135 1.614 0.2603 0.8421
1UUU 1136 1.582 0.3081 0.8684
1UUU 1137 1.500 0.3025 0.8684
1UUU 1138 1.563 0.2727 0.8289
1UUU 1139 1.467 0.2579 0.8816
1UUU 1140 1.581 0.2701 0.8289
1UUU 1141 1.435 0.2731 0.8684
1UUU 1142 1.374 0.2731 0.8816
1UUU 1143 1.352 0.3294 0.8816
1UUU 1144 1.312 0.2965 0.8684
1UUU 1145 1.655 0.2665 0.8553
1UUU 1146 1.362 0.2722 0.8684
1UUU 1147 1.482 0.2639 0.8289
1UUU 1148 1.537 0.2358 0.8289
1UUU 1149 1.492 0.2808 0.8553
1UUU 1150 1.624 0.2231 0.8158
1UUU 1151 1.393 0.3281 0.8684
1UUU 1152 1.372 0.2747 0.8421
1UUU 1153 1.516 0.2803 0.8289
1UUU 1154 1.706 0.2489 0.8421
1UUU 1155 1.706 0.2582 0.8553
1UUU 1156 1.625 0.2399 0.8289
1UUU 1157 1.747 0.3134 0.8553
1UUU 1158 1.776 0.3009 0.8158
1UUU 1159 2.016 0.3189 0.8289
1UUU 1160 1.648 0.2345 0.8421
1UUU 1161 1.741 0.2724 0.8421
1UUU 1162 1.871 0.2728 0.8026
1UUU 1163 1.871 0.2042 0.7895
1UUU 1164 1.857 0.2339 0.8026
1UUU 1165 1.907 0.2443 0.8158
1UUU 1166 1.529 0.2706 0.8421
1UUU 1167 1.490 0.2630 0.8553
1UUU 1168 1.528 0.2593 0.8421
1UUU 1169 1.846 0.2339 0.8158
1UUU 1170 1.969 0.2663 0.8026
1UUU 1171 1.845 0.2039 0.8026
1UUU 1172 2.052 0.2087 0.7632
1UUU 1173 1.937 0.2464 0.8026
1UUU 1174 1.546 0.3263 0.8553
1UUU 1175 1.539 0.2361 0.8026
1UUU 1176 1.785 0.2348 0.8026
1UUU 1177 1.834 0.2235 0.8158
1UUU 1178 2.026 0.2022 0.7763
1UUU 1179 1.722 0.2785 0.8158
1UUU 1180 1.903 0.2750 0.8158
1UUU 1181 1.537 0.2955 0.8684
1UUU 1182 1.674 0.2603 0.8421
1UUU 1183 1.702 0.2312 0.8289
1UUU 1184 1.579 0.2453 0.8289
1UUU 1185 1.954 0.2904 0.8026
1UUU 1186 1.625 0.3049 0.8158
1UUU 1187 2.022 0.2221 0.7763
1UUU 1188 1.859 0.2500 0.8289
1UUU 1189 1.854 0.2628 0.8289
1UUU 1190 1.680 0.2564 0.8553
1UUU 1191 1.510 0.2009 0.8158
1UUU 1192 1.770 0.2618 0.8158
1UUU 1193 1.851 0.2353 0.8158
1UUU 1194 1.625 0.2654 0.8289
1UUU 1195 1.806 0.2318 0.8026
1UUU 1196 1.809 0.2474 0.8158
1UUU 1197 2.001 0.2278 0.8026
1UUU 1198 1.686 0.3395 0.8421
1UUU 1199 1.420 0.2339 0.8553
1UUU 1200 1.544 0.2562 0.8289
1UUU 1201 1.409 0.2279 0.8421
1UUU 1202 1.374 0.2240 0.8421
1UUU 1203 1.778 0.2181 0.8026
1UUU 1204 1.891 0.2493 0.7763
1UUU 1205 1.992 0.1767 0.7763
1UUU 1206 1.888 0.2555 0.7763
1UUU 1207 1.898 0.2386 0.7895
1UUU 1208 1.896 0.1700 0.7895
1UUU 1209 1.956 0.2321 0.7895
1UUU 1210 1.937 0.2269 0.7895
1UUU 1211 1.726 0.2464 0.7895
1UUU 1212 1.944 0.2643 0.7895
1UUU 1213 1.860 0.2508 0.8026
1UUU 1214 1.808 0.2173 0.7763
1UUU 1215 1.641 0.2518 0.8553
1UUU 1216 1.682 0.2524 0.8026
1UUU 1217 1.831 0.2255 0.8421
1UUU 1218 1.815 0.2057 0.8421
1UUU 1219 1.811 0.2050 0.7763
1UUU 1220 2.171 0.1964 0.7500
1UUU 1221 1.978 0.2110 0.7763
1UUU 1222 1.906 0.2598 0.8026
1UUU 1223 1.887 0.2087 0.7632
1UUU 1224 2.221 0.2295 0.7763
1UUU 1225 2.143 0.2188 0.7500
1UUU 1226 2.317 0.2162 0.7500
1UUU 1227 2.030 0.2310 0.7763
1UUU 1228 1.943 0.1950 0.7763
1UUU 1229 1.865 0.2506 0.8026
1UUU 1230 1.871 0.2675 0.8026
1UUU 1231 1.769 0.2389 0.8158
1UUU 1232 1.756 0.2137 0.8158
1UUU 1233 1.634 0.2650 0.8421
1UUU 1234 1.886 0.2170 0.8026
1UUU 1235 1.820 0.2106 0.8158
1UUU 1236 1.869 0.2238 0.8026
1UUU 1237 1.587 0.3006 0.8947
1UUU 1238 1.660 0.2347 0.8158
1UUU 1239 1.561 0.3178 0.8421
1UUU 1240 1.706 0.3094 0.8553
1UUU 1241 1.877 0.2418 0.8158
1UUU 1242 1.738 0.3028 0.8158
1UUU 1243 1.768 0.2569 0.8553
1UUU 1244 2.007 0.1987 0.7895
1UUU 1245 1.646 0.2586 0.8289
1UUU 1246 1.874 0.1800 0.8026
1UUU 1247 1.740 0.2669 0.8158
1UUU 1248 1.783 0.2303 0.8026
1UUU 1249 1.903 0.2030 0.7895
1UUU 1250 1.647 0.2377 0.8026
1UUU 1251 1.655 0.2062 0.8026
1UUU 1252 1.875 0.2332 0.7895
1UUU 1253 2.143 0.2203 0.7763
1UUU 1254 1.911 0.2188 0.7895
1UUU 1255 1.687 0.2866 0.8158
1UUU 1256 1.741 0.2421 0.8158
1UUU 1257 1.757 0.2399 0.8026
1UUU 1258 1.831 0.2165 0.7895
1UUU 1259 1.554 0.2674 0.8421
1UUU 1260 1.761 0.2253 0.7895
1UUU 1261 1.717 0.2397 0.8289
1UUU 1262 1.864 0.2073 0.8289
1UUU 1263 1.932 0.2354 0.7763
1UUU 1264 1.503 0.2459 0.8816
1UUU 1265 1.768 0.2606 0.8158
1UUU 1266 1.512 0.2220 0.8289
1UUU 1267 1.602 0.2760 0.8289
1UUU 1268 1.690 0.2186 0.8289
1UUU 1269 1.517 0.2617 0.8816
1UUU 1270 1.767 0.2364 0.8158
1UUU 1271 1.915 0.2000 0.8026
1UUU 1272 2.105 0.2242 0.7763
1UUU 1273 1.995 0.2264 0.7500
1UUU 1274 1.661 0.2632 0.8289
1UUU 1275 2.008 0.2146 0.7763
1UUU 1276 1.694 0.2474 0.8553
1UUU 1277 1.872 0.1783 0.7500
1UUU 1278 1.892 0.2481 0.7763
1UUU 1279 1.728 0.2519 0.7763
1UUU 1280 1.987 0.2077 0.7763
1UUU 1281 1.823 0.2009 0.7763
1UUU 1282 1.907 0.2436 0.8158
1UUU 1283 1.912 0.2435 0.8158
1UUU 1284 1.932 0.1689 0.7500
1UUU 1285 1.921 0.2169 0.8158
1UUU 1286 1.789 0.1802 0.8158
1UUU 1287 1.703 0.2303 0.8816
1UUU 1288 1.709 0.2364 0.8289
1UUU 1289 1.913 0.1815 0.7763
1UUU 1290 1.568 0.2232 0.8421
1UUU 1291 1.463 0.2599 0.8684
1UUU 1292 2.100 0.2075 0.7237
1UUU 1293 2.031 0.1937 0.7500
1UUU 1294 1.851 0.1736 0.7763
1UUU 1295 1.863 0.1893 0.7632
1UUU 1296 2.086 0.1957 0.7632
1UUU 1297 1.625 0.1933 0.8289
1UUU 1298 1.751 0.2130 0.7763
1UUU 1299 2.105 0.2010 0.7368
1UUU 1300 2.110 0.2283 0.7500
1UUU 1301 2.020 0.2388 0.7500
1UUU 1302 1.980 0.2009 0.7895
1UUU 1303 1.666 0.2310 0.8421
1UUU 1304 1.939 0.1783 0.7500
1UUU 1305 1.622 0.2493 0.8289
1UUU 1306 1.601 0.1931 0.8158
1UUU 1307 1.695 0.2688 0.8289
1UUU 1308 1.842 0.2393 0.8158
1UUU 1309 1.804 0.2226 0.7895
1UUU 1310 1.954 0.1856 0.7763
1UUU 1311 1.727 0.2144 0.8026
1UUU 1312 1.835 0.2327 0.8289
1UUU 1313 1.863 0.2454 0.8026
1UUU 1314 1.979 0.2122 0.7895
1UUU 1315 1.876 0.2085 0.8289
1UUU 1316 2.357 0.2321 0.7500
1UUU 1317 2.554 0.1940 0.7368
1UUU 1318 2.350 0.1527 0.7237
1UUU 1319 1.885 0.2142 0.7895
1UUU 1320 1.813 0.2782 0.8553
1UUU 1321 1.636 0.2722 0.8289
1UUU 1322 1.750 0.2244 0.8289
1UUU 1323 1.907 0.2002 0.8026
1UUU 1324 1.587 0.2119 0.8289
1UUU 1325 1.558 0.2263 0.8289
1UUU 1326 1.736 0.2188 0.8158
1UUU 1327 1.588 0.2417 0.8289
1UUU 1328 1.862 0.2606 0.7895
1UUU 1329 1.750 0.1957 0.8289
1UUU 1330 1.847 0.2089 0.7895
1UUU 1331 1.482 0.2382 0.8553
1UUU 1332 1.583 0.2486 0.7895
1UUU 1333 1.536 0.2427 0.8421
1UUU 1334 1.504 0.2480 0.8421
1UUU 1335 1.709 0.2158 0.8026
1UUU 1336 1.662 0.2473 0.8158
1UUU 1337 1.880 0.2033 0.7895
1UUU 1338 2.002 0.2289 0.7763
1UUU 1339 1.827 0.2179 0.7895
1UUU 1340 1.852 0.2353 0.7895
1UUU 1341 1.569 0.3022 0.8289
1UUU 1342 2.090 0.2380 0.7632
1UUU 1343 1.854 0.1775 0.7895
1UUU 1344 2.309 0.2418 0.7500
1UUU 1345 2.184 0.1687 0.7500
1UUU 1346 2.147 0.1976 0.7500
1UUU 1347 2.171 0.1674 0.7368
1UUU 1348 2.189 0.1828 0.7237
1UUU 1349 2.226 0.1971 0.7632
1UUU 1350 2.219 0.2257 0.7632
1UUU 1351 2.113 0.2177 0.7632
1UUU 1352 2.464 0.1829 0.7368
1UUU 1353 2.394 0.2184 0.7105
1UUU 1354 2.287 0.2258 0.7368
1UUU 1355 2.332 0.1899 0.7237
1UUU 1356 2.236 0.2357 0.7500
1UUU 1357 2.266 0.1991 0.7632
1UUU 1358 2.281 0.2117 0.7632
1UUU 1359 2.181 0.2082 0.7500
1UUU 1360 2.646 0.1686 0.6842
1UUU 1361 1.985 0.1871 0.7632
1UUU 1362 2.614 0.1637 0.7105
1UUU 1363 2.396 0.1993 0.7500
1UUU 1364 2.349 0.2149 0.7500
1UUU 1365 2.336 0.1940 0.7368
1UUU 1366 2.291 0.2226 0.7632
1UUU 1367 2.350 0.2080 0.7763
1UUU 1368 2.442 0.2181 0.7368
1UUU 1369 2.333 0.1979 0.7368
1UUU 1370 2.151 0.1912 0.7763
1UUU 1371 2.138 0.2504 0.7763
1UUU 1372 2.117 0.2293 0.7632
1UUU 1373 2.115 0.2000 0.7632
1UUU 1374 2.372 0.1966 0.7368
1UUU 1375 2.159 0.1950 0.7368
1UUU 1376 2.420 0.1756 0.7368
1UUU 1377 2.286 0.2006 0.7632
1UUU 1378 2.185 0.1948 0.7368
1UUU 1379 2.388 0.2400 0.7500
1UUU 1380 1.915 0.2546 0.7895
1UUU 1381 2.241 0.1964 0.7500
1UUU 1382 2.371 0.1904 0.7368
1UUU 1383 2.297 0.2068 0.7500
1UUU 1384 2.205 0.2381 0.7632
1UUU 1385 2.296 0.2100 0.7368
1UUU 1386 2.129 0.2290 0.7500
1UUU 1387 2.113 0.2320 0.7895
1UUU 1388 2.570 0.2344 0.7368
1UUU 1389 2.192 0.1965 0.7368
1UUU 1390 2.065 0.1972 0.7237
1UUU 1391 2.504 0.2377 0.7368
1UUU 1392 2.072 0.3042 0.7500
1UUU 1393 2.319 0.2019 0.7500
1UUU 1394 2.255 0.2324 0.7500
1UUU 1395 2.220 0.2409 0.7632
1UUU 1396 2.410 0.1673 0.7368
1UUU 1397 2.426 0.1922 0.7632
1UUU 1398 2.404 0.2042 0.7500
1UUU 1399 2.397 0.2033 0.7632
1UUU 1400 2.455 0.2238 0.7368
1UUU 1401 2.261 0.2114 0.7763
1UUU 1402 2.085 0.2002 0.7632
1UUU 1403 2.036 0.2845 0.7895
1UUU 1404 2.312 0.2526 0.7895
1UUU 1405 2.172 0.2332 0.7632
1UUU 1406 2.363 0.2281 0.7368
1UUU 1407 2.429 0.1820 0.7237
1UUU 1408 2.071 0.2435 0.7500
1UUU 1409 2.196 0.2065 0.7368
1UUU 1410 2.209 0.1800 0.7368
1UUU 1411 2.397 0.2172 0.7368
1UUU 1412 2.480 0.1677 0.7237
1UUU 1413 1.940 0.1577 0.7632
1UUU 1414 2.051 0.1847 0.7368
1UUU 1415 2.046 0.1742 0.7500
1UUU 1416 2.205 0.1605 0.7500
1UUU 1417 2.193 0.1690 0.7237
1UUU 1418 2.052 0.2191 0.7500
1UUU 1419 2.174 0.2102 0.7632
1UUU 1420 2.438 0.1706 0.7368
1UUU 1421 2.362 0.1890 0.7105
1UUU 1422 2.211 0.1851 0.7500
1UUU 1423 2.383 0.1956 0.7368
1UUU 1424 2.184 0.1710 0.7368
1UUU 1425 2.197 0.2405 0.7368
1UUU 1426 2.360 0.1816 0.7237
1UUU 1427 2.126 0.2048 0.7500
1UUU 1428 2.089 0.1940 0.7500
1UUU 1429 2.213 0.1742 0.7368
1UUU 1430 2.114 0.1680 0.7632
1UUU 1431 2.066 0.2277 0.7895
1UUU 1432 2.220 0.1722 0.7500
1UUU 1433 2.252 0.1923 0.7105
1UUU 1434 2.160 0.1672 0.7763
1UUU 1435 2.186 0.1690 0.7500
1UUU 1436 2.138 0.2321 0.7632
1UUU 1437 1.965 0.1870 0.7763
1UUU 1438 2.158 0.2005 0.7368
1UUU 1439 1.980 0.2602 0.8026
1UUU 1440 2.139 0.2407 0.7763
1UUU 1441 1.766 0.2278 0.8158
1UUU 1442 1.804 0.2252 0.8158
1UUU 1443 1.969 0.1931 0.7895
1UUU 1444 1.728 0.2201 0.8158
1UUU 1445 1.860 0.2308 0.8026
1UUU 1446 1.869 0.1940 0.8026
1UUU 1447 2.363 0.2261 0.7632
1UUU 1448 2.072 0.2021 0.7763
1UUU 1449 2.127 0.2213 0.7632
1UUU 1450 1.998 0.2250 0.7632
1UUU 1451 2.284 0.2156 0.7500
1UUU 1452 1.833 0.2026 0.7895
1UUU 1453 1.906 0.1946 0.7763
1UUU 1454 2.295 0.2005 0.7763
1UUU 1455 2.100 0.1822 0.7632
1UUU 1456 2.187 0.2371 0.7632
1UUU 1457 2.086 0.2108 0.7763
1UUU 1458 2.005 0.2132 0.7763
1UUU 1459 2.094 0.2054 0.7763
1UUU 1460 2.022 0.1799 0.7763
1UUU 1461 1.991 0.2165 0.8026
1UUU 1462 1.707 0.2562 0.8158
1UUU 1463 1.837 0.2233 0.8026
1UUU 1464 1.771 0.2267 0.8158
1UUU 1465 2.312 0.1959 0.7500
1UUU 1466 1.982 0.2433 0.7632
1UUU 1467 2.126 0.1931 0.7500
1UUU 1468 2.415 0.2079 0.7763
1UUU 1469 2.152 0.1936 0.7895
1UUU 1470 2.357 0.1745 0.7500
1UUU 1471 2.087 0.2041 0.7632
1UUU 1472 2.373 0.1655 0.7500
1UUU 1473 2.035 0.2698 0.7763
1UUU 1474 1.884 0.1972 0.8026
1UUU 1475 2.290 0.1984 0.7105
1UUU 1476 2.171 0.2025 0.7237
1UUU 1477 1.921 0.1709 0.7632
1UUU 1478 2.139 0.2073 0.7500
1UUU 1479 2.188 0.2257 0.7500
1UUU 1480 2.066 0.2555 0.7763
1UUU 1481 2.284 0.2237 0.7105
1UUU 1482 2.061 0.2307 0.7368
1UUU 1483 2.295 0.1951 0.7237
1UUU 1484 2.398 0.1937 0.7368
1UUU 1485 2.564 0.1867 0.7105
1UUU 1486 2.039 0.1971 0.7632
1UUU 1487 2.157 0.2218 0.7368
1UUU 1488 2.338 0.1654 0.7368
1UUU 1489 2.313 0.1813 0.7500
1UUU 1490 2.328 0.1868 0.7368
1UUU 1491 2.146 0.2110 0.7500
1UUU 1492 2.189 0.2032 0.7632
1UUU 1493 2.262 0.1483 0.7368
1UUU 1494 2.125 0.1925 0.7237
1UUU 1495 2.339 0.2124 0.7368
1UUU 1496 2.294 0.1622 0.7500
1UUU 1497 2.217 0.1690 0.7237
1UUU 1498 2.201 0.1852 0.7368
1UUU 1499 1.996 0.2006 0.7237
1UUU 1500 2.291 0.2007 0.7368
1UUU 1501 2.012 0.2161 0.7632
1UUU 1502 2.127 0.1666 0.7105
1UUU 1503 2.235 0.1801 0.7237
1UUU 1504 1.851 0.2638 0.7763
1UUU 1505 1.948 0.1904 0.7895
1UUU 1506 1.860 0.2343 0.7895
1UUU 1507 2.046 0.1662 0.7500
1UUU 1508 2.188 0.1775 0.7368
1UUU 1509 2.036 0.1859 0.7632
1UUU 1510 1.943 0.1702 0.7500
1UUU 1511 2.184 0.2050 0.7763
1UUU 1512 2.145 0.1580 0.7368
1UUU 1513 2.261 0.1875 0.7368
1UUU 1514 2.357 0.1909 0.7368
1UUU 1515 2.400 0.1548 0.7237
1UUU 1516 2.219 0.1790 0.7368
1UUU 1517 2.122 0.1924 0.7368
1UUU 1518 2.376 0.1707 0.7105
1UUU 1519 2.399 0.2317 0.7368
1UUU 1520 2.378 0.1617 0.6842
1UUU 1521 2.407 0.1614 0.7105
1UUU 1522 2.251 0.1704 0.7105
1UUU 1523 2.379 0.1773 0.7237
1UUU 1524 2.369 0.1754 0.7105
1UUU 1525 2.214 0.1969 0.7368
1UUU 1526 2.224 0.1647 0.7237
1UUU 1527 2.206 0.1595 0.7500
1UUU 1528 2.242 0.1697 0.7105
1UUU 1529 2.164 0.1795 0.7763
1UUU 1530 2.351 0.1649 0.7105
1UUU 1531 2.163 0.1840 0.7500
1UUU 1532 2.284 0.1950 0.7237
1UUU 1533 2.531 0.1745 0.6974
1UUU 1534 2.323 0.1556 0.7237
1UUU 1535 2.313 0.1697 0.7237
1UUU 1536 2.232 0.1396 0.7105
1UUU 1537 2.286 0.1894 0.7105
1UUU 1538 2.210 0.1583 0.7105
1UUU 1539 2.106 0.1841 0.7895
1UUU 1540 2.235 0.1927 0.7368
1UUU 1541 2.138 0.1514 0.7500
1UUU 1542 2.327 0.1521 0.6974
1UUU 1543 2.449 0.1358 0.6842
1UUU 1544 2.085 0.1679 0.7632
1UUU 1545 2.474 0.1624 0.7237
1UUU 1546 2.416 0.1727 0.7105
1UUU 1547 2.232 0.1782 0.7368
1UUU 1548 2.390 0.1775 0.7105
1UUU 1549 2.328 0.1894 0.7237
1UUU 1550 2.284 0.1936 0.7500
1UUU 1551 2.235 0.1847 0.7500
1UUU 1552 2.439 0.1547 0.7237
1UUU 1553 2.303 0.1527 0.7237
1UUU 1554 2.353 0.1690 0.7237
1UUU 1555 2.444 0.1690 0.7105
1UUU 1556 2.366 0.1611 0.7368
1UUU 1557 2.444 0.1469 0.7368
1UUU 1558 2.605 0.1823 0.7368
1UUU 1559 2.553 0.1654 0.7105
1UUU 1560 2.500 0.1798 0.7105
1UUU 1561 3.004 0.1635 0.6974
1UUU 1562 2.848 0.1695 0.7105
1UUU 1563 2.880 0.2014 0.6974
1UUU 1564 2.966 0.2052 0.7105
1UUU 1565 2.667 0.2285 0.7237
1UUU 1566 2.760 0.2278 0.7237
1UUU 1567 2.901 0.2079 0.7105
1UUU 1568 2.723 0.2197 0.7105
1UUU 1569 2.875 0.2168 0.7105
1UUU 1570 2.816 0.2228 0.7237
1UUU 1571 2.938 0.1984 0.7105
1UUU 1572 2.736 0.2325 0.7237
1UUU 1573 2.733 0.2020 0.7237
1UUU 1574 2.788 0.2007 0.7105
1UUU 1575 2.834 0.1981 0.6974
1UUU 1576 2.665 0.2071 0.7237
1UUU 1577 2.862 0.2047 0.6974
1UUU 1578 2.852 0.1738 0.7237
1UUU 1579 2.850 0.1826 0.6842
1UUU 1580 2.717 0.1961 0.7237
1UUU 1581 2.978 0.2134 0.6711
1UUU 1582 2.736 0.1912 0.7105
1UUU 1583 2.741 0.1835 0.6974
1UUU 1584 2.722 0.2106 0.7237
1UUU 1585 2.641 0.2165 0.7368
1UUU 1586 2.712 0.2022 0.7237
1UUU 1587 2.816 0.1668 0.7105
1UUU 1588 2.818 0.2357 0.7237
1UUU 1589 2.767 0.2016 0.7237
1UUU 1590 2.616 0.1723 0.7105
1UUU 1591 3.056 0.1690 0.6711
1UUU 1592 2.612 0.1587 0.7237
1UUU 1593 2.571 0.1811 0.7368
1UUU 1594 2.538 0.1665 0.7368
1UUU 1595 2.692 0.2045 0.7105
1UUU 1596 2.753 0.1848 0.7368
1UUU 1597 2.586 0.2202 0.7237
1UUU 1598 2.555 0.1471 0.7368
1UUU 1599 2.634 0.2007 0.7237
1UUU 1600 2.684 0.1329 0.7105
1UUU 1601 2.568 0.1763 0.7368
1UUU 1602 2.782 0.1557 0.7105
1UUU 1603 2.714 0.1857 0.7500
1UUU 1604 3.119 0.1429 0.6711
1UUU 1605 2.705 0.1807 0.7237
1UUU 1606 2.611 0.1833 0.7368
1UUU 1607 2.584 0.1613 0.7368
1UUU 1608 2.686 0.1503 0.7105
1UUU 1609 2.649 0.1609 0.7368
1UUU 1610 2.775 0.1414 0.6842
1UUU 1611 2.612 0.1371 0.7237
1UUU 1612 2.742 0.1563 0.7105
1UUU 1613 2.753 0.1450 0.7105
1UUU 1614 2.647 0.1633 0.6974
1UUU 1615 2.756 0.1816 0.7105
1UUU 1616 2.695 0.1586 0.7237
1UUU 1617 2.725 0.1378 0.7105
1UUU 1618 2.703 0.1814 0.7237
1UUU 1619 2.551 0.1635 0.7368
1UUU 1620 2.790 0.1675 0.7105
1UUU 1621 2.581 0.2095 0.7368
1UUU 1622 2.670 0.1687 0.7105
1UUU 1623 2.717 0.1895 0.7237
1UUU 1624 2.669 0.1766 0.7237
1UUU 1625 2.644 0.1719 0.7105
1UUU 1626 2.721 0.1776 0.6974
1UUU 1627 2.801 0.1529 0.7105
1UUU 1628 2.654 0.1879 0.7368
1UUU 1629 2.791 0.1867 0.7105
1UUU 1630 2.626 0.1608 0.6974
1UUU 1631 2.753 0.1839 0.6974
1UUU 1632 2.734 0.1755 0.7237
1UUU 1633 2.560 0.1529 0.7368
1UUU 1634 2.686 0.1579 0.7237
1UUU 1635 2.464 0.1643 0.7500
1UUU 1636 2.623 0.1635 0.7237
1UUU 1637 2.588 0.1782 0.7237
1UUU 1638 2.585 0.1721 0.7368
1UUU 1639 2.864 0.1598 0.7105
1UUU 1640 2.568 0.1540 0.7368
1UUU 1641 2.688 0.1374 0.7105
1UUU 1642 2.692 0.1695 0.7105
1UUU 1643 2.560 0.1495 0.7237
1UUU 1644 2.472 0.2033 0.7632
1UUU 1645 2.579 0.1621 0.7368
1UUU 1646 2.505 0.1851 0.7500
1UUU 1647 2.632 0.1587 0.7237
1UUU 1648 2.852 0.1962 0.7105
1UUU 1649 2.671 0.1792 0.7105
1UUU 1650 2.766 0.1643 0.6842
1UUU 1651 2.545 0.1569 0.6974
1UUU 1652 2.453 0.1627 0.7500
1UUU 1653 2.275 0.1860 0.7500
1UUU 1654 2.394 0.1966 0.7368
1UUU 1655 2.460 0.1407 0.7105
1UUU 1656 2.490 0.2049 0.7500
1UUU 1657 2.479 0.1736 0.7237
1UUU 1658 2.855 0.1636 0.6974
1UUU 1659 2.864 0.2024 0.7237
1UUU 1660 2.692 0.1523 0.7105
1UUU 1661 2.574 0.1782 0.7368
1UUU 1662 2.652 0.1504 0.6974
1UUU 1663 2.618 0.1780 0.6974
1UUU 1664 2.608 0.1437 0.7237
1UUU 1665 2.578 0.1940 0.7105
1UUU 1666 2.470 0.1847 0.7105
1UUU 1667 2.723 0.1330 0.6974
1UUU 1668 2.653 0.1476 0.7237
1UUU 1669 2.571 0.1523 0.7237
1UUU 1670 2.526 0.2104 0.7500
1UUU 1671 2.563 0.1845 0.7763
1UUU 1672 2.572 0.1669 0.7500
1UUU 1673 2.591 0.1874 0.7368
1UUU 1674 2.620 0.1811 0.7105
1UUU 1675 2.534 0.1802 0.7500
1UUU 1676 2.450 0.1671 0.7105
1UUU 1677 2.509 0.1858 0.7368
1UUU 1678 2.650 0.1625 0.6974
1UUU 1679 2.570 0.1541 0.7500
1UUU 1680 2.426 0.1846 0.7500
1UUU 1681 2.490 0.1929 0.7500
1UUU 1682 2.697 0.1841 0.7237
1UUU 1683 2.834 0.1355 0.6842
1UUU 1684 2.973 0.1689 0.6842
1UUU 1685 2.779 0.1608 0.7105
1UUU 1686 2.555 0.1691 0.7237
1UUU 1687 2.552 0.1543 0.6974
1UUU 1688 2.675 0.1581 0.6842
1UUU 1689 2.801 0.1876 0.7105
1UUU 1690 2.786 0.1593 0.6974
1UUU 1691 2.747 0.1924 0.7105
1UUU 1692 2.645 0.1841 0.7105
1UUU 1693 2.790 0.2086 0.7105
1UUU 1694 2.783 0.2063 0.7105
1UUU 1695 2.715 0.1375 0.6842
1UUU 1696 2.544 0.1356 0.7237
1UUU 1697 2.535 0.1613 0.7500
1UUU 1698 2.617 0.1391 0.7105
1UUU 1699 2.602 0.1444 0.7105
1UUU 1700 2.579 0.1549 0.7105
1UUU 1701 2.509 0.1580 0.7237
1UUU 1702 2.422 0.1680 0.7500
1UUU 1703 2.681 0.1717 0.7105
1UUU 1704 2.537 0.1488 0.7237
1UUU 1705 2.681 0.1752 0.7105
1UUU 1706 2.996 0.1547 0.6711
1UUU 1707 3.001 0.1566 0.6711
1UUU 1708 2.868 0.1364 0.6842
1UUU 1709 2.680 0.1425 0.6974
1UUU 1710 2.502 0.1743 0.7632
1UUU 1711 2.514 0.2283 0.7500
1UUU 1712 2.477 0.1667 0.7368
1UUU 1713 2.681 0.1766 0.7105
1UUU 1714 2.520 0.1747 0.7237
1UUU 1715 2.608 0.1412 0.6974
1UUU 1716 2.673 0.1813 0.6974
1UUU 1717 2.691 0.1413 0.7105
1UUU 1718 2.719 0.1473 0.7105
1UUU 1719 2.825 0.1472 0.6842
1UUU 1720 2.648 0.1868 0.7237
1UUU 1721 2.715 0.2063 0.7105
1UUU 1722 2.696 0.1831 0.7105
1UUU 1723 2.601 0.1915 0.7105
1UUU 1724 2.563 0.1584 0.7368
1UUU 1725 2.548 0.1695 0.7237
1UUU 1726 2.750 0.1550 0.6711
1UUU 1727 2.433 0.1622 0.7500
1UUU 1728 2.632 0.1645 0.7368
1UUU 1729 2.541 0.1719 0.7237
1UUU 1730 2.670 0.1639 0.7105
1UUU 1731 2.581 0.1928 0.7237
1UUU 1732 2.384 0.1593 0.7500
1UUU 1733 2.557 0.1502 0.7237
1UUU 1734 2.713 0.2028 0.7237
1UUU 1735 2.620 0.2105 0.7368
1UUU 1736 3.008 0.1456 0.6711
1UUU 1737 2.916 0.1364 0.7105
1UUU 1738 2.723 0.1735 0.7105
1UUU 1739 3.050 0.2064 0.6974
1UUU 1740 2.830 0.1285 0.6974
1UUU 1741 2.961 0.1458 0.7105
1UUU 1742 2.892 0.1652 0.7237
1UUU 1743 3.014 0.1302 0.6711
1UUU 1744 2.834 0.1377 0.7105
1UUU 1745 2.714 0.1779 0.7105
1UUU 1746 2.609 0.1439 0.7105
1UUU 1747 2.806 0.1427 0.6974
1UUU 1748 2.849 0.1421 0.6842
1UUU 1749 2.635 0.1800 0.7237
1UUU 1750 2.783 0.1754 0.7105
1UUU 1751 2.787 0.1918 0.7105
1UUU 1752 2.899 0.1372 0.6842
1UUU 1753 3.272 0.1363 0.6579
1UUU 1754 2.989 0.1318 0.6974
1UUU 1755 3.031 0.1464 0.6842
1UUU 1756 3.084 0.1482 0.6842
1UUU 1757 3.091 0.1569 0.6842
1UUU 1758 3.157 0.1594 0.6711
1UUU 1759 2.997 0.1747 0.6974
1UUU 1760 2.946 0.1701 0.6842
1UUU 1761 2.875 0.1469 0.6974
1UUU 1762 2.824 0.1540 0.7237
1UUU 1763 2.801 0.1629 0.7237
1UUU 1764 3.143 0.1570 0.6974
1UUU 1765 2.962 0.1508 0.7105
1UUU 1766 2.606 0.1560 0.7237
1UUU 1767 3.308 0.1487 0.6842
1UUU 1768 3.209 0.1496 0.6842
1UUU 1769 2.802 0.2125 0.7105
1UUU 1770 2.880 0.1772 0.7105
1UUU 1771 2.933 0.1455 0.6842
1UUU 1772 2.674 0.1702 0.7237
1UUU 1773 2.876 0.1741 0.6974
1UUU 1774 2.922 0.1481 0.6974
1UUU 1775 2.923 0.1630 0.7237
1UUU 1776 3.103 0.1406 0.6711
1UUU 1777 2.885 0.1411 0.7237
1UUU 1778 2.901 0.1325 0.6974
1UUU 1779 2.951 0.1706 0.7368
1UUU 1780 2.959 0.1674 0.6711
1UUU 1781 2.871 0.1648 0.7105
1UUU 1782 2.892 0.1584 0.6579
1UUU 1783 2.921 0.1562 0.6842
1UUU 1784 3.044 0.1544 0.6711
1UUU 1785 2.920 0.1583 0.6974
1UUU 1786 3.071 0.1879 0.6974
1UUU 1787 2.984 0.1585 0.6974
1UUU 1788 3.041 0.1474 0.6842
1UUU 1789 3.112 0.1555 0.7105
1UUU 1790 3.001 0.1587 0.7105
1UUU 1791 3.060 0.1580 0.6842
1UUU 1792 2.949 0.1924 0.6842
1UUU 1793 2.775 0.1493 0.6711
1UUU 1794 2.770 0.1538 0.6974
1UUU 1795 3.044 0.1415 0.6974
1UUU 1796 2.990 0.1371 0.6711
1UUU 1797 3.196 0.1333 0.6711
1UUU 1798 3.014 0.1375 0.6974
1UUU 1799 2.871 0.1465 0.7105
1UUU 1800 2.724 0.1411 0.7237
1UUU 1801 3.035 0.1479 0.6711
1UUU 1802 2.728 0.1538 0.7105
1UUU 1803 2.736 0.1438 0.7237
1UUU 1804 2.779 0.1409 0.7105
1UUU 1805 2.770 0.1888 0.7237
1UUU 1806 2.733 0.1638 0.7237
1UUU 1807 3.049 0.1474 0.6842
1UUU 1808 2.867 0.1532 0.7237
1UUU 1809 3.103 0.1550 0.6711
1UUU 1810 3.013 0.1942 0.7237
1UUU 1811 3.206 0.1638 0.6711
1UUU 1812 3.097 0.1589 0.7105
1UUU 1813 3.317 0.1645 0.7237
1UUU 1814 3.205 0.1426 0.6974
1UUU 1815 3.152 0.1637 0.6842
1UUU 1816 2.903 0.1553 0.6974
1UUU 1817 2.671 0.1555 0.7105
1UUU 1818 2.569 0.1594 0.7237
1UUU 1819 2.673 0.1637 0.7237
1UUU 1820 2.749 0.1442 0.6711
1UUU 1821 2.895 0.1594 0.6842
1UUU 1822 2.530 0.1749 0.7237
1UUU 1823 2.820 0.1595 0.6974
1UUU 1824 2.718 0.2091 0.7237
1UUU 1825 2.468 0.1536 0.7368
1UUU 1826 2.436 0.1848 0.7237
1UUU 1827 2.720 0.1537 0.6842
1UUU 1828 2.602 0.1452 0.7368
1UUU 1829 2.846 0.1573 0.6974
1UUU 1830 2.484 0.1869 0.7368
1UUU 1831 2.536 0.1480 0.7237
1UUU 1832 2.780 0.1548 0.7237
1UUU 1833 2.608 0.1757 0.7237
1UUU 1834 2.627 0.1765 0.7368
1UUU 1835 2.401 0.1772 0.7632
1UUU 1836 2.709 0.1347 0.7105
1UUU 1837 2.612 0.1513 0.7368
1UUU 1838 2.538 0.1550 0.7237
1UUU 1839 2.571 0.1693 0.7500
1UUU 1840 2.699 0.1577 0.7237
1UUU 1841 2.612 0.1527 0.7237
1UUU 1842 2.678 0.1410 0.7237
1UUU 1843 2.564 0.1689 0.7105
1UUU 1844 2.584 0.1706 0.6974
1UUU 1845 2.518 0.1940 0.7500
1UUU 1846 2.634 0.1869 0.7105
1UUU 1847 2.647 0.1630 0.7105
1UUU 1848 2.760 0.1750 0.7105
1UUU 1849 2.828 0.1607 0.7237
1UUU 1850 2.538 0.1468 0.7500
1UUU 1851 2.650 0.1922 0.7237
1UUU 1852 2.801 0.1862 0.7105
1UUU 1853 2.636 0.2023 0.7237
1UUU 1854 2.568 0.1894 0.6974
1UUU 1855 2.664 0.1408 0.6974
1UUU 1856 2.702 0.1717 0.7105
1UUU 1857 2.750 0.1531 0.7105
1UUU 1858 2.945 0.1824 0.6842
1UUU 1859 3.141 0.1563 0.6842
1UUU 1860 3.080 0.1834 0.6711
1UUU 1861 3.077 0.1635 0.6974
1UUU 1862 3.203 0.1832 0.6711
1UUU 1863 3.195 0.1485 0.6711
1UUU 1864 3.099 0.1614 0.6711
1UUU 1865 3.082 0.1421 0.6974
1UUU 1866 3.081 0.1474 0.6842
1UUU 1867 2.735 0.1710 0.7368
1UUU 1868 2.818 0.1991 0.6974
1UUU 1869 2.833 0.1761 0.6974
1UUU 1870 2.591 0.1614 0.7500
1UUU 1871 2.732 0.1700 0.7105
1UUU 1872 2.622 0.1752 0.7237
1UUU 1873 2.734 0.1664 0.7105
1UUU 1874 2.637 0.1852 0.7237
1UUU 1875 2.719 0.1798 0.6974
1UUU 1876 2.564 0.1759 0.7237
1UUU 1877 2.488 0.1598 0.7368
1UUU 1878 2.790 0.1912 0.6974
1UUU 1879 2.556 0.1412 0.7105
1UUU 1880 2.732 0.1729 0.7237
1UUU 1881 2.583 0.2102 0.7368
1UUU 1882 2.481 0.1510 0.7368
1UUU 1883 2.535 0.1446 0.7368
1UUU 1884 2.598 0.1719 0.7105
1UUU 1885 2.747 0.1900 0.7368
1UUU 1886 2.593 0.1677 0.7237
1UUU 1887 2.563 0.1635 0.7105
1UUU 1888 2.690 0.1848 0.7237
1UUU 1889 2.802 0.1363 0.6974
1UUU 1890 3.162 0.1521 0.6842
1UUU 1891 2.995 0.1355 0.6842
1UUU 1892 3.111 0.1277 0.6842
1UUU 1893 3.052 0.1525 0.6842
1UUU 1894 2.936 0.1723 0.6974
1UUU 1895 2.829 0.1806 0.6974
1UUU 1896 2.721 0.1596 0.7237
