2M12 1 0.000 1.0000 1.0000
2M12 2 2.308 0.4086 0.8152
2M12 3 2.126 0.4605 0.8370
2M12 4 0.999 0.5070 0.9348
2M12 5 1.918 0.4025 0.8261
2M12 6 1.306 0.4629 0.9022
2M12 7 2.915 0.4575 0.7609
2M12 8 1.485 0.4571 0.8478
2M12 9 2.367 0.4207 0.7717
2M12 10 1.725 0.4592 0.8370
2M12 11 9.675 0.1174 0.3043
2M12 12 11.094 0.1108 0.2935
2M12 13 7.932 0.1164 0.3587
2M12 14 8.451 0.1229 0.4022
2M12 15 10.391 0.0994 0.3696
2M12 16 9.502 0.1017 0.3913
2M12 17 13.721 0.1072 0.3587
2M12 18 8.024 0.1314 0.4130
2M12 19 5.922 0.1712 0.5217
2M12 20 5.437 0.2973 0.6630
2M12 21 6.281 0.2134 0.5435
2M12 22 10.294 0.1320 0.3478
2M12 23 10.002 0.2676 0.5217
2M12 24 4.365 0.2233 0.6413
2M12 25 9.137 0.1231 0.3696
2M12 26 9.247 0.1983 0.4891
2M12 27 4.779 0.2342 0.6304
2M12 28 4.348 0.1661 0.5652
2M12 29 5.227 0.2523 0.5870
2M12 30 11.292 0.1443 0.5000
2M12 31 7.716 0.2652 0.5978
2M12 32 6.725 0.2655 0.5543
2M12 33 8.810 0.2326 0.5326
2M12 34 5.565 0.2263 0.6413
2M12 35 3.401 0.2209 0.6304
2M12 36 6.723 0.2885 0.6196
2M12 37 10.439 0.1858 0.5217
2M12 38 7.366 0.3174 0.6087
2M12 39 8.400 0.1963 0.5326
2M12 40 7.296 0.2624 0.5543
2M12 41 5.364 0.2499 0.6087
2M12 42 5.105 0.2524 0.6304
2M12 43 6.908 0.2263 0.6304
2M12 44 7.868 0.2383 0.5000
2M12 45 7.523 0.2741 0.5870
2M12 46 6.169 0.2383 0.6087
2M12 47 8.673 0.2448 0.5435
2M12 48 6.625 0.2391 0.5652
2M12 49 4.274 0.2545 0.6522
2M12 50 5.458 0.2722 0.6304
2M12 51 6.671 0.1950 0.5435
2M12 52 10.002 0.1210 0.3696
2M12 53 10.287 0.1224 0.4239
2M12 54 5.277 0.2199 0.5761
2M12 55 9.442 0.1609 0.4348
2M12 56 8.800 0.1349 0.3913
2M12 57 7.428 0.1547 0.4783
2M12 58 10.826 0.1086 0.3587
2M12 59 10.145 0.1416 0.3696
2M12 60 9.279 0.2421 0.5652
2M12 61 5.069 0.2320 0.5978
2M12 62 5.627 0.2860 0.6304
2M12 63 6.776 0.2436 0.5326
2M12 64 5.451 0.2022 0.5652
2M12 65 5.210 0.2476 0.6304
2M12 66 6.457 0.2073 0.5326
2M12 67 7.133 0.2822 0.5761
2M12 68 6.640 0.2516 0.5652
2M12 69 8.688 0.2534 0.5326
2M12 70 4.692 0.2148 0.5652
2M12 71 5.306 0.2113 0.5870
2M12 72 5.215 0.1700 0.5652
2M12 73 7.062 0.1943 0.4565
2M12 74 5.891 0.2909 0.6304
2M12 75 5.740 0.1890 0.5870
2M12 76 5.568 0.2464 0.5978
2M12 77 6.333 0.2551 0.6087
2M12 78 7.448 0.2773 0.5761
2M12 79 3.663 0.2590 0.6848
2M12 80 5.719 0.2539 0.5978
2M12 81 6.621 0.2651 0.5978
2M12 82 5.720 0.2109 0.5326
2M12 83 4.377 0.2492 0.6413
2M12 84 4.775 0.2602 0.6413
2M12 85 6.392 0.2518 0.5761
2M12 86 6.626 0.2604 0.5978
2M12 87 6.023 0.2735 0.5870
2M12 88 6.128 0.2608 0.6196
2M12 89 6.932 0.2505 0.5652
2M12 90 6.796 0.2558 0.5761
2M12 91 9.255 0.1294 0.3804
2M12 92 11.473 0.0903 0.2717
2M12 93 9.261 0.1364 0.3696
2M12 94 5.501 0.2049 0.5326
2M12 95 9.568 0.1626 0.4348
2M12 96 6.806 0.1268 0.4674
2M12 97 7.515 0.1667 0.4674
2M12 98 5.207 0.1904 0.5326
2M12 99 8.684 0.1707 0.4783
2M12 100 7.682 0.2451 0.5435
2M12 101 11.811 0.1179 0.3478
2M12 102 9.400 0.1825 0.4348
2M12 103 8.596 0.1863 0.5217
2M12 104 11.391 0.1582 0.3804
2M12 105 10.402 0.1610 0.4022
2M12 106 8.134 0.2951 0.5978
2M12 107 11.060 0.1641 0.4565
2M12 108 7.818 0.2640 0.5652
2M12 109 11.925 0.1213 0.3587
2M12 110 6.818 0.2747 0.6087
2M12 111 9.026 0.2321 0.5435
2M12 112 7.158 0.2732 0.5978
2M12 113 6.524 0.2670 0.5761
2M12 114 12.407 0.1401 0.3913
2M12 115 10.050 0.1137 0.4457
2M12 116 5.539 0.2011 0.5543
2M12 117 7.250 0.2040 0.5217
2M12 118 4.704 0.2703 0.6413
2M12 119 7.650 0.2115 0.5000
2M12 120 7.103 0.2333 0.5652
2M12 121 8.949 0.2423 0.5217
2M12 122 9.034 0.2511 0.5543
2M12 123 5.677 0.2422 0.5761
2M12 124 7.172 0.3284 0.6304
2M12 125 5.341 0.2136 0.5978
2M12 126 8.569 0.2473 0.5326
2M12 127 8.614 0.2512 0.5217
2M12 128 7.276 0.2878 0.6087
2M12 129 8.751 0.2453 0.6196
2M12 130 9.711 0.2297 0.4674
2M12 131 10.299 0.1347 0.3261
2M12 132 5.515 0.1345 0.5000
2M12 133 9.082 0.1888 0.4783
2M12 134 7.962 0.2414 0.5870
2M12 135 9.875 0.1630 0.4022
2M12 136 9.191 0.1500 0.3804
2M12 137 10.406 0.1769 0.4022
2M12 138 11.651 0.1750 0.4565
2M12 139 10.947 0.1004 0.2935
2M12 140 5.911 0.2589 0.5326
2M12 141 9.147 0.1182 0.3587
2M12 142 6.850 0.2527 0.5870
2M12 143 9.551 0.1660 0.4239
2M12 144 10.406 0.2422 0.5543
2M12 145 7.600 0.2330 0.5109
2M12 146 6.245 0.2217 0.5761
2M12 147 7.569 0.2338 0.5326
2M12 148 5.900 0.2335 0.5543
2M12 149 9.060 0.1382 0.3696
2M12 150 9.077 0.2294 0.5326
2M12 151 8.681 0.1841 0.4674
2M12 152 4.373 0.2443 0.6522
2M12 153 5.698 0.2081 0.5435
2M12 154 7.412 0.2359 0.5326
2M12 155 8.933 0.1971 0.4565
2M12 156 6.209 0.1861 0.5326
2M12 157 7.602 0.2650 0.5761
2M12 158 7.377 0.2752 0.6087
2M12 159 9.205 0.2527 0.5109
2M12 160 6.262 0.2476 0.5652
2M12 161 8.543 0.2369 0.5109
2M12 162 7.474 0.2331 0.5435
2M12 163 6.230 0.2604 0.6196
2M12 164 7.618 0.2409 0.5543
2M12 165 4.863 0.2348 0.5978
2M12 166 6.769 0.2580 0.5652
2M12 167 8.134 0.2634 0.5652
2M12 168 6.823 0.1390 0.4783
2M12 169 5.469 0.2352 0.6196
2M12 170 7.296 0.2156 0.4783
2M12 171 7.342 0.1688 0.4130
2M12 172 9.912 0.1438 0.3804
2M12 173 8.177 0.0878 0.3043
2M12 174 9.298 0.2143 0.4783
2M12 175 10.473 0.1924 0.3696
2M12 176 8.052 0.1351 0.3696
2M12 177 6.498 0.1728 0.4457
2M12 178 9.336 0.2065 0.5000
2M12 179 12.139 0.1509 0.3478
2M12 180 6.646 0.2344 0.5870
2M12 181 7.904 0.2253 0.5217
2M12 182 9.538 0.1373 0.3478
2M12 183 6.622 0.2331 0.5761
2M12 184 11.347 0.1715 0.4022
2M12 185 6.339 0.2475 0.6087
2M12 186 4.612 0.2542 0.6413
2M12 187 11.140 0.1813 0.4022
2M12 188 8.732 0.1827 0.4783
2M12 189 8.733 0.2192 0.5217
2M12 190 8.181 0.1460 0.3804
2M12 191 6.433 0.2253 0.5761
2M12 192 7.771 0.2312 0.5109
2M12 193 7.161 0.2331 0.5652
2M12 194 9.796 0.3036 0.5761
2M12 195 2.988 0.2406 0.6957
2M12 196 7.170 0.2085 0.5652
2M12 197 6.903 0.2633 0.5543
2M12 198 9.101 0.2793 0.5652
2M12 199 11.555 0.2308 0.4674
2M12 200 6.794 0.1430 0.4783
2M12 201 9.484 0.2656 0.5217
2M12 202 10.361 0.1927 0.4565
2M12 203 10.833 0.1473 0.3696
2M12 204 4.535 0.2141 0.6087
2M12 205 9.863 0.2781 0.5326
2M12 206 10.015 0.3003 0.5435
2M12 207 8.470 0.2339 0.4891
2M12 208 9.347 0.2466 0.5326
2M12 209 9.685 0.2378 0.5435
2M12 210 4.872 0.2226 0.6087
2M12 211 6.075 0.2391 0.5978
2M12 212 9.393 0.1329 0.3696
2M12 213 9.786 0.2444 0.5000
2M12 214 8.735 0.1843 0.4674
2M12 215 6.918 0.1282 0.4348
2M12 216 6.605 0.2165 0.4891
2M12 217 7.008 0.1909 0.4674
2M12 218 5.621 0.2418 0.5978
2M12 219 8.408 0.1664 0.4239
2M12 220 5.326 0.1959 0.5870
2M12 221 4.846 0.2821 0.6630
2M12 222 7.934 0.1637 0.4565
2M12 223 7.354 0.2530 0.5543
2M12 224 5.510 0.2580 0.6087
2M12 225 7.549 0.1481 0.4348
2M12 226 6.436 0.2897 0.6087
2M12 227 8.206 0.1844 0.5326
2M12 228 4.708 0.3090 0.6957
2M12 229 8.012 0.2459 0.5435
2M12 230 6.536 0.2665 0.6087
2M12 231 9.217 0.1671 0.4457
2M12 232 6.516 0.2622 0.6087
2M12 233 7.114 0.2308 0.5543
2M12 234 7.827 0.2402 0.5109
2M12 235 7.817 0.2659 0.5326
2M12 236 9.566 0.2292 0.5543
2M12 237 7.865 0.2419 0.5543
2M12 238 4.414 0.2577 0.6630
2M12 239 6.644 0.2582 0.5761
2M12 240 6.717 0.2361 0.5761
2M12 241 6.928 0.2226 0.5435
2M12 242 7.401 0.2384 0.5217
2M12 243 4.916 0.2727 0.6413
2M12 244 6.132 0.2557 0.5652
2M12 245 6.626 0.3064 0.6304
2M12 246 6.482 0.2764 0.5870
2M12 247 6.431 0.2202 0.5652
2M12 248 4.996 0.2240 0.6304
2M12 249 7.311 0.2685 0.5761
2M12 250 6.936 0.2667 0.5326
2M12 251 10.590 0.1343 0.3587
2M12 252 10.777 0.1113 0.3370
2M12 253 9.649 0.1355 0.4565
2M12 254 10.679 0.1182 0.3696
2M12 255 9.669 0.1875 0.5000
2M12 256 8.391 0.3009 0.6196
2M12 257 7.116 0.1238 0.4674
2M12 258 8.050 0.2113 0.5000
2M12 259 11.536 0.1270 0.3370
2M12 260 4.389 0.1790 0.5543
2M12 261 6.746 0.1219 0.4348
2M12 262 6.747 0.2742 0.5978
2M12 263 7.540 0.2252 0.5000
2M12 264 7.758 0.2083 0.5435
2M12 265 7.431 0.2724 0.5652
2M12 266 4.076 0.2093 0.6522
2M12 267 5.643 0.2514 0.6304
2M12 268 6.787 0.2292 0.5435
2M12 269 9.807 0.2193 0.4891
2M12 270 8.947 0.1844 0.4565
2M12 271 10.683 0.2270 0.4674
2M12 272 3.900 0.2292 0.6304
2M12 273 8.230 0.2488 0.5435
2M12 274 7.346 0.1919 0.4783
2M12 275 7.652 0.3470 0.5978
2M12 276 9.235 0.2494 0.5326
2M12 277 7.837 0.2449 0.5109
2M12 278 6.487 0.2474 0.5652
2M12 279 6.637 0.2285 0.5652
2M12 280 8.229 0.2789 0.5543
2M12 281 8.885 0.2015 0.5435
2M12 282 8.815 0.1935 0.4783
2M12 283 6.882 0.2730 0.5870
2M12 284 8.173 0.2918 0.5870
2M12 285 7.888 0.2634 0.5761
2M12 286 9.877 0.2062 0.5000
2M12 287 7.190 0.2559 0.5761
2M12 288 8.957 0.2651 0.5543
2M12 289 6.553 0.2693 0.5870
2M12 290 6.918 0.2475 0.5761
2M12 291 10.116 0.1843 0.4891
2M12 292 7.845 0.1445 0.4130
2M12 293 11.104 0.1537 0.3370
2M12 294 12.602 0.1557 0.3913
2M12 295 8.935 0.0980 0.3913
2M12 296 8.032 0.1661 0.5109
2M12 297 14.251 0.1107 0.3478
2M12 298 10.565 0.0917 0.3261
2M12 299 7.223 0.1233 0.4348
2M12 300 8.353 0.2315 0.5326
2M12 301 10.922 0.1774 0.4022
2M12 302 9.350 0.1211 0.3587
2M12 303 7.009 0.2513 0.5652
2M12 304 8.602 0.2562 0.5652
2M12 305 7.827 0.2554 0.5435
2M12 306 9.288 0.1574 0.4022
2M12 307 8.886 0.3985 0.5652
2M12 308 4.153 0.2364 0.6304
2M12 309 9.076 0.2161 0.4891
2M12 310 7.971 0.2454 0.5000
2M12 311 6.733 0.1885 0.4783
2M12 312 10.006 0.1545 0.4239
2M12 313 9.024 0.1639 0.4565
2M12 314 7.441 0.2338 0.5000
2M12 315 6.477 0.2097 0.5543
2M12 316 8.533 0.2564 0.5217
2M12 317 9.229 0.1770 0.4348
2M12 318 9.212 0.2382 0.5326
2M12 319 7.034 0.2029 0.5109
2M12 320 7.272 0.2008 0.5326
2M12 321 7.229 0.2798 0.5870
2M12 322 5.888 0.2208 0.5652
2M12 323 9.238 0.2392 0.5109
2M12 324 8.459 0.2750 0.5326
2M12 325 5.598 0.2523 0.5978
2M12 326 8.825 0.2626 0.5652
2M12 327 6.871 0.2567 0.5543
2M12 328 8.889 0.2323 0.5652
2M12 329 10.136 0.2712 0.5326
2M12 330 3.144 0.2154 0.6848
2M12 331 7.968 0.1847 0.4565
2M12 332 10.813 0.1667 0.3587
2M12 333 10.110 0.1634 0.3587
2M12 334 8.641 0.1183 0.4457
2M12 335 9.019 0.1712 0.4891
2M12 336 10.704 0.1352 0.4130
2M12 337 8.613 0.2215 0.4891
2M12 338 9.035 0.1658 0.5000
2M12 339 12.884 0.1130 0.3478
2M12 340 12.144 0.1986 0.4348
2M12 341 5.960 0.2881 0.6413
2M12 342 10.221 0.1296 0.3696
2M12 343 4.075 0.2093 0.6413
2M12 344 5.704 0.1863 0.5435
2M12 345 9.319 0.2359 0.5652
2M12 346 7.602 0.2613 0.5435
2M12 347 7.426 0.2291 0.5326
2M12 348 9.917 0.3269 0.5978
2M12 349 8.281 0.2770 0.5761
2M12 350 7.303 0.2218 0.5326
2M12 351 5.660 0.1968 0.6196
2M12 352 3.955 0.2368 0.6630
2M12 353 6.854 0.2396 0.5761
2M12 354 6.888 0.2107 0.5435
2M12 355 9.406 0.2693 0.5652
2M12 356 9.573 0.2314 0.5109
2M12 357 8.346 0.2427 0.5435
2M12 358 9.636 0.2290 0.5000
2M12 359 10.573 0.2360 0.5217
2M12 360 8.757 0.2702 0.5543
2M12 361 8.347 0.1990 0.5217
2M12 362 8.057 0.2299 0.5326
2M12 363 7.244 0.2260 0.5326
2M12 364 8.334 0.2342 0.5217
2M12 365 8.475 0.2463 0.5543
2M12 366 7.517 0.2065 0.4565
2M12 367 7.773 0.2741 0.5652
2M12 368 5.524 0.2433 0.6087
2M12 369 5.134 0.2314 0.6196
2M12 370 7.122 0.2719 0.5870
2M12 371 6.041 0.2232 0.5435
2M12 372 11.564 0.1536 0.4348
2M12 373 5.973 0.1711 0.5109
2M12 374 12.278 0.1096 0.3261
2M12 375 9.134 0.1150 0.3696
2M12 376 7.890 0.2105 0.5435
2M12 377 11.138 0.1060 0.4022
2M12 378 7.281 0.2362 0.5978
2M12 379 9.468 0.1210 0.3587
2M12 380 5.239 0.1928 0.5435
2M12 381 7.602 0.1909 0.5000
2M12 382 10.264 0.1321 0.3913
2M12 383 10.101 0.2144 0.5000
2M12 384 8.082 0.2535 0.5761
2M12 385 9.596 0.1352 0.4130
2M12 386 8.218 0.1796 0.5000
2M12 387 4.764 0.3022 0.6739
2M12 388 9.614 0.1909 0.4891
2M12 389 6.146 0.3063 0.6413
2M12 390 6.055 0.2434 0.6413
2M12 391 5.269 0.2481 0.6087
2M12 392 7.798 0.2246 0.5217
2M12 393 5.675 0.2561 0.6196
2M12 394 4.475 0.2366 0.6087
2M12 395 7.979 0.1479 0.4783
2M12 396 6.960 0.2545 0.6087
2M12 397 5.721 0.2523 0.6196
2M12 398 5.945 0.2007 0.5326
2M12 399 9.044 0.2618 0.5217
2M12 400 6.846 0.2847 0.5978
2M12 401 7.474 0.2289 0.5217
2M12 402 8.704 0.2019 0.4674
2M12 403 7.864 0.2688 0.5978
2M12 404 7.228 0.2994 0.5870
2M12 405 7.673 0.2773 0.5652
2M12 406 8.920 0.3032 0.5652
2M12 407 7.571 0.2107 0.5109
2M12 408 6.475 0.2754 0.6196
2M12 409 7.277 0.2450 0.5326
2M12 410 7.202 0.2860 0.5761
2M12 411 1.156 0.3848 0.9130
2M12 412 1.527 0.3108 0.8043
2M12 413 1.731 0.2543 0.7826
2M12 414 1.911 0.2718 0.7717
2M12 415 2.009 0.2512 0.7717
2M12 416 1.975 0.2599 0.7609
2M12 417 1.967 0.2458 0.7826
2M12 418 1.978 0.2657 0.7609
2M12 419 1.991 0.2455 0.7609
2M12 420 1.979 0.2677 0.7826
2M12 421 1.964 0.2635 0.7717
2M12 422 1.957 0.2642 0.7826
2M12 423 1.980 0.2627 0.7609
2M12 424 1.963 0.2676 0.7609
2M12 425 1.971 0.2600 0.7717
2M12 426 1.957 0.2608 0.7717
2M12 427 1.980 0.2618 0.7500
2M12 428 1.977 0.2649 0.7609
2M12 429 1.971 0.2634 0.7717
2M12 430 1.979 0.2604 0.7609
2M12 431 1.983 0.2662 0.7609
2M12 432 2.004 0.2629 0.7609
2M12 433 1.985 0.2626 0.7609
2M12 434 1.997 0.2638 0.7609
2M12 435 1.992 0.2625 0.7609
2M12 436 2.001 0.2658 0.7609
2M12 437 1.991 0.2606 0.7609
2M12 438 1.985 0.2653 0.7609
2M12 439 1.983 0.2659 0.7609
2M12 440 1.973 0.2609 0.7826
2M12 441 1.963 0.2652 0.7717
2M12 442 1.947 0.2625 0.7717
2M12 443 1.954 0.2645 0.7717
2M12 444 1.951 0.2635 0.7826
2M12 445 1.951 0.2620 0.7826
2M12 446 1.931 0.2582 0.7826
2M12 447 1.967 0.2693 0.7609
2M12 448 1.995 0.2636 0.7500
2M12 449 1.977 0.2471 0.7609
2M12 450 1.957 0.2510 0.7609
2M12 451 1.953 0.2407 0.7500
2M12 452 1.932 0.2588 0.7717
2M12 453 1.932 0.2491 0.7609
2M12 454 1.928 0.2676 0.7717
2M12 455 1.968 0.2632 0.7717
2M12 456 1.951 0.2631 0.7826
2M12 457 1.943 0.2620 0.7826
2M12 458 1.961 0.2651 0.7609
2M12 459 1.963 0.2537 0.7826
2M12 460 1.929 0.2671 0.7609
2M12 461 1.914 0.2766 0.7717
2M12 462 1.908 0.2603 0.7826
2M12 463 1.954 0.2556 0.7717
2M12 464 1.932 0.2541 0.7826
2M12 465 1.983 0.2695 0.7826
2M12 466 1.947 0.2506 0.7609
2M12 467 1.947 0.2692 0.7717
2M12 468 1.927 0.2606 0.7717
2M12 469 1.941 0.2570 0.7826
2M12 470 1.929 0.2462 0.7826
2M12 471 1.935 0.2532 0.7609
2M12 472 1.948 0.2496 0.7717
2M12 473 1.970 0.2615 0.7609
2M12 474 2.032 0.2515 0.7609
2M12 475 2.022 0.2520 0.7717
2M12 476 1.995 0.2401 0.7717
2M12 477 2.005 0.2425 0.7609
2M12 478 2.054 0.2420 0.7609
2M12 479 1.947 0.2465 0.7609
2M12 480 1.952 0.2481 0.7717
2M12 481 1.930 0.2596 0.7500
2M12 482 1.957 0.2591 0.7609
2M12 483 1.951 0.2629 0.7609
2M12 484 1.973 0.2585 0.7609
2M12 485 1.945 0.2811 0.7717
2M12 486 1.966 0.2685 0.7717
2M12 487 1.972 0.2705 0.7717
2M12 488 2.016 0.2707 0.7717
2M12 489 1.967 0.2693 0.7717
2M12 490 2.048 0.2488 0.7609
2M12 491 2.039 0.2581 0.7717
2M12 492 2.060 0.2600 0.7717
2M12 493 2.000 0.2573 0.7826
2M12 494 2.050 0.2527 0.7609
2M12 495 1.962 0.2635 0.7826
2M12 496 2.025 0.2580 0.7609
2M12 497 1.953 0.2692 0.7717
2M12 498 1.937 0.2639 0.7717
2M12 499 1.967 0.2744 0.7717
2M12 500 1.968 0.2629 0.7717
2M12 501 1.966 0.2693 0.7717
2M12 502 1.951 0.2749 0.7717
2M12 503 2.021 0.2653 0.7609
2M12 504 1.984 0.2641 0.7826
2M12 505 1.948 0.2657 0.7717
2M12 506 1.937 0.2667 0.7717
2M12 507 1.949 0.2731 0.7717
2M12 508 2.006 0.2662 0.7826
2M12 509 1.993 0.2675 0.7826
2M12 510 1.986 0.2614 0.7609
2M12 511 2.009 0.2674 0.7826
2M12 512 1.947 0.2729 0.7717
2M12 513 1.957 0.2761 0.7717
2M12 514 1.965 0.2705 0.7717
2M12 515 1.991 0.2677 0.7717
2M12 516 1.930 0.2768 0.7717
2M12 517 1.969 0.2708 0.7717
2M12 518 1.975 0.2691 0.7717
2M12 519 1.895 0.2742 0.7826
2M12 520 1.932 0.2590 0.7826
2M12 521 1.930 0.2805 0.7826
2M12 522 1.993 0.2598 0.7609
2M12 523 1.889 0.2936 0.7935
2M12 524 1.869 0.2953 0.7935
2M12 525 1.882 0.3006 0.7935
2M12 526 1.850 0.2913 0.7935
2M12 527 1.855 0.2988 0.8043
2M12 528 1.851 0.2932 0.7935
2M12 529 1.906 0.2982 0.7826
2M12 530 1.913 0.3040 0.7826
2M12 531 1.957 0.2954 0.7826
2M12 532 1.954 0.2881 0.7717
2M12 533 1.963 0.2825 0.7826
2M12 534 1.960 0.2887 0.7826
2M12 535 1.933 0.2834 0.7717
2M12 536 1.961 0.2570 0.7935
2M12 537 1.997 0.2598 0.7826
2M12 538 2.068 0.2640 0.7717
2M12 539 1.982 0.2693 0.7935
2M12 540 1.921 0.2831 0.7935
2M12 541 2.021 0.2739 0.7826
2M12 542 1.952 0.2653 0.7717
2M12 543 1.950 0.2807 0.7717
2M12 544 1.971 0.2742 0.7717
2M12 545 1.972 0.2766 0.7717
2M12 546 1.940 0.2785 0.7935
2M12 547 1.986 0.2661 0.7717
2M12 548 2.008 0.2704 0.7717
2M12 549 2.040 0.2655 0.7609
2M12 550 2.066 0.2539 0.7717
2M12 551 1.994 0.2619 0.7935
2M12 552 1.941 0.2774 0.7717
2M12 553 1.956 0.2630 0.7717
2M12 554 1.929 0.2640 0.7826
2M12 555 1.961 0.2530 0.7717
2M12 556 1.958 0.2510 0.7717
2M12 557 1.889 0.2845 0.7826
2M12 558 1.968 0.2561 0.7717
2M12 559 1.985 0.2621 0.7826
2M12 560 1.934 0.2781 0.7717
2M12 561 2.102 0.2402 0.7717
2M12 562 2.021 0.2623 0.7609
2M12 563 1.967 0.2688 0.7935
2M12 564 1.870 0.2615 0.7935
2M12 565 1.944 0.2744 0.7826
2M12 566 1.865 0.2809 0.7826
2M12 567 1.972 0.2689 0.7717
2M12 568 2.002 0.2603 0.7717
2M12 569 2.062 0.2487 0.7609
2M12 570 2.126 0.2551 0.7609
2M12 571 1.928 0.2623 0.7935
2M12 572 1.968 0.2787 0.7826
2M12 573 1.878 0.2672 0.7935
2M12 574 1.915 0.2857 0.7826
2M12 575 1.959 0.2796 0.7935
2M12 576 2.000 0.2796 0.7826
2M12 577 2.005 0.2933 0.7935
2M12 578 1.978 0.2850 0.7826
2M12 579 2.056 0.2765 0.7826
2M12 580 1.962 0.2978 0.7826
2M12 581 1.990 0.2942 0.7826
2M12 582 2.010 0.2754 0.7826
2M12 583 1.997 0.2719 0.7826
2M12 584 2.068 0.2654 0.7609
2M12 585 2.012 0.2431 0.7826
2M12 586 1.918 0.2707 0.7935
2M12 587 1.953 0.2814 0.7826
2M12 588 1.896 0.2908 0.7935
2M12 589 2.003 0.2658 0.7609
2M12 590 1.958 0.2929 0.7826
2M12 591 2.012 0.2828 0.7826
2M12 592 2.053 0.3042 0.7717
2M12 593 2.000 0.2816 0.7717
2M12 594 2.011 0.2634 0.7717
2M12 595 2.011 0.2929 0.7826
2M12 596 2.027 0.2715 0.7609
2M12 597 2.076 0.2816 0.7609
2M12 598 2.108 0.2789 0.7609
2M12 599 2.031 0.2656 0.7609
2M12 600 1.931 0.2822 0.7935
2M12 601 1.961 0.2537 0.7717
2M12 602 1.990 0.2711 0.7826
2M12 603 2.152 0.2640 0.7717
2M12 604 2.026 0.3000 0.7717
2M12 605 2.040 0.2753 0.7826
2M12 606 1.922 0.3046 0.7717
2M12 607 2.037 0.2942 0.7717
2M12 608 2.066 0.2612 0.7609
2M12 609 1.967 0.2565 0.7717
2M12 610 1.941 0.2758 0.7826
2M12 611 2.011 0.2744 0.7609
2M12 612 2.022 0.2895 0.7826
2M12 613 1.944 0.2794 0.7826
2M12 614 1.896 0.2757 0.7935
2M12 615 2.039 0.2612 0.7717
2M12 616 1.964 0.2924 0.7717
2M12 617 1.995 0.2640 0.7609
2M12 618 1.926 0.2873 0.7826
2M12 619 1.917 0.2775 0.7826
2M12 620 1.971 0.2742 0.7826
2M12 621 1.971 0.2872 0.7935
2M12 622 2.101 0.2580 0.7717
2M12 623 2.031 0.2928 0.7717
2M12 624 2.058 0.2636 0.7717
2M12 625 2.097 0.2681 0.7717
2M12 626 1.997 0.2817 0.8043
2M12 627 1.882 0.2693 0.7826
2M12 628 1.912 0.2711 0.7826
2M12 629 2.009 0.2885 0.7826
2M12 630 1.929 0.2696 0.7826
2M12 631 1.855 0.2898 0.7826
2M12 632 1.869 0.2822 0.7935
2M12 633 1.804 0.2743 0.7935
2M12 634 1.981 0.2933 0.7935
2M12 635 1.878 0.3090 0.7935
2M12 636 1.888 0.2822 0.7935
2M12 637 1.834 0.3040 0.8043
2M12 638 1.721 0.2792 0.7935
2M12 639 1.750 0.2660 0.8043
2M12 640 1.685 0.2902 0.7935
2M12 641 1.698 0.2858 0.8043
2M12 642 1.934 0.2842 0.8043
2M12 643 1.796 0.3087 0.8043
2M12 644 1.659 0.2839 0.8152
2M12 645 1.617 0.2963 0.8152
2M12 646 1.650 0.2934 0.7935
2M12 647 1.627 0.2960 0.8152
2M12 648 1.554 0.2994 0.8261
2M12 649 1.475 0.3134 0.8261
2M12 650 1.699 0.2794 0.8152
2M12 651 1.547 0.2888 0.8152
2M12 652 1.668 0.2847 0.8261
2M12 653 1.737 0.2914 0.8043
2M12 654 1.528 0.3090 0.8261
2M12 655 1.375 0.3219 0.8478
2M12 656 1.387 0.3104 0.8478
2M12 657 1.461 0.3277 0.8478
2M12 658 1.623 0.3092 0.8152
2M12 659 1.427 0.3278 0.8478
2M12 660 1.472 0.3470 0.8261
2M12 661 1.439 0.3330 0.8370
2M12 662 1.490 0.3036 0.8152
2M12 663 1.613 0.2854 0.8152
2M12 664 1.469 0.2879 0.8261
2M12 665 1.709 0.2996 0.7826
2M12 666 1.691 0.2806 0.7935
2M12 667 1.843 0.2718 0.7826
2M12 668 1.904 0.2677 0.7717
2M12 669 1.766 0.2784 0.8043
2M12 670 1.832 0.2717 0.7935
2M12 671 1.934 0.2829 0.7717
2M12 672 1.724 0.3003 0.7826
2M12 673 1.724 0.2954 0.8152
2M12 674 1.903 0.2718 0.7826
2M12 675 2.049 0.2653 0.7609
2M12 676 1.915 0.2734 0.7826
2M12 677 1.931 0.2733 0.7609
2M12 678 1.886 0.3038 0.7826
2M12 679 1.814 0.2787 0.7826
2M12 680 1.969 0.2800 0.7717
2M12 681 2.006 0.3063 0.7717
2M12 682 2.165 0.2806 0.7609
2M12 683 2.069 0.2770 0.7717
2M12 684 1.992 0.2779 0.7826
2M12 685 1.934 0.2938 0.7935
2M12 686 1.995 0.3147 0.7826
2M12 687 2.014 0.2773 0.7935
2M12 688 1.923 0.2824 0.7935
2M12 689 1.999 0.2892 0.7826
2M12 690 1.969 0.3082 0.7826
2M12 691 2.045 0.2944 0.7717
2M12 692 1.947 0.2760 0.7826
2M12 693 1.922 0.3108 0.7826
2M12 694 1.964 0.2890 0.7717
2M12 695 1.958 0.3025 0.7717
2M12 696 1.931 0.2903 0.7826
2M12 697 2.082 0.2632 0.7500
2M12 698 1.984 0.2888 0.7609
2M12 699 1.937 0.3135 0.7717
2M12 700 1.881 0.2673 0.7717
2M12 701 1.898 0.2981 0.7717
2M12 702 2.096 0.2693 0.7609
2M12 703 2.057 0.2800 0.7826
2M12 704 1.948 0.2719 0.7717
2M12 705 1.947 0.2790 0.7826
2M12 706 1.994 0.2882 0.7826
2M12 707 1.894 0.2704 0.7826
2M12 708 2.003 0.2726 0.7717
2M12 709 1.948 0.2996 0.7826
2M12 710 1.947 0.2766 0.7826
2M12 711 2.053 0.2674 0.7609
2M12 712 1.848 0.2756 0.7935
2M12 713 1.954 0.2797 0.7717
2M12 714 2.007 0.2889 0.7717
2M12 715 2.129 0.2895 0.7609
2M12 716 2.010 0.2731 0.7717
2M12 717 2.215 0.2773 0.7500
2M12 718 2.175 0.2565 0.7500
2M12 719 1.908 0.2663 0.7826
2M12 720 2.116 0.2548 0.7500
2M12 721 2.115 0.2437 0.7609
2M12 722 2.195 0.2427 0.7391
2M12 723 2.210 0.2583 0.7717
2M12 724 2.254 0.2289 0.7283
2M12 725 2.039 0.2412 0.7500
2M12 726 2.069 0.2760 0.7717
2M12 727 2.102 0.2684 0.7717
2M12 728 2.000 0.2843 0.7935
2M12 729 1.847 0.2575 0.7826
2M12 730 1.880 0.3053 0.7935
2M12 731 1.880 0.2730 0.7826
2M12 732 1.993 0.2402 0.7500
2M12 733 1.844 0.2951 0.7826
2M12 734 1.942 0.2673 0.7717
2M12 735 1.897 0.2672 0.7717
2M12 736 2.065 0.2695 0.7500
2M12 737 2.036 0.2580 0.7717
2M12 738 2.059 0.2646 0.7609
2M12 739 2.138 0.2388 0.7391
2M12 740 2.037 0.2801 0.7500
2M12 741 1.928 0.2528 0.7609
2M12 742 2.081 0.2671 0.7609
2M12 743 2.052 0.2587 0.7609
2M12 744 1.946 0.2702 0.7935
2M12 745 2.020 0.2289 0.7609
2M12 746 2.020 0.2592 0.7717
2M12 747 1.927 0.2899 0.8152
2M12 748 2.005 0.2591 0.7826
2M12 749 2.044 0.2855 0.7717
2M12 750 2.029 0.2678 0.7717
2M12 751 1.961 0.2794 0.7717
2M12 752 1.812 0.2357 0.7609
2M12 753 1.839 0.2757 0.7826
2M12 754 1.959 0.2870 0.7717
2M12 755 2.000 0.2907 0.7717
2M12 756 1.971 0.2664 0.7717
2M12 757 1.859 0.2569 0.7826
2M12 758 1.856 0.2741 0.7717
2M12 759 2.043 0.2993 0.7717
2M12 760 1.988 0.2871 0.7717
2M12 761 1.990 0.2630 0.7609
2M12 762 2.039 0.2621 0.7500
2M12 763 2.050 0.2547 0.7391
2M12 764 2.059 0.3145 0.7717
2M12 765 2.030 0.2956 0.7609
2M12 766 1.920 0.2846 0.7609
2M12 767 2.004 0.2777 0.7609
2M12 768 1.997 0.2865 0.7609
2M12 769 2.066 0.2767 0.7609
2M12 770 2.010 0.2666 0.7609
2M12 771 2.154 0.2671 0.7609
2M12 772 1.965 0.2643 0.7609
2M12 773 1.948 0.2568 0.7609
2M12 774 2.031 0.2925 0.7826
2M12 775 2.046 0.2587 0.7609
2M12 776 2.010 0.2630 0.7609
2M12 777 2.120 0.2465 0.7500
2M12 778 2.154 0.2687 0.7391
2M12 779 1.856 0.2644 0.7609
2M12 780 2.199 0.2622 0.7391
2M12 781 2.069 0.2772 0.7500
2M12 782 1.990 0.2487 0.7391
2M12 783 2.102 0.2738 0.7500
2M12 784 2.199 0.2799 0.7609
2M12 785 1.902 0.2907 0.7717
2M12 786 2.127 0.2705 0.7609
2M12 787 2.093 0.2805 0.7500
2M12 788 2.094 0.2893 0.7609
2M12 789 1.926 0.2925 0.7717
2M12 790 1.854 0.2796 0.7609
2M12 791 2.176 0.2589 0.7609
2M12 792 2.104 0.2529 0.7500
2M12 793 2.209 0.2553 0.7391
2M12 794 2.045 0.2700 0.7609
2M12 795 1.883 0.3065 0.7826
2M12 796 2.026 0.2751 0.7609
2M12 797 2.200 0.2391 0.7391
2M12 798 1.972 0.2519 0.7391
2M12 799 1.819 0.2908 0.7935
2M12 800 1.802 0.2596 0.7717
2M12 801 1.935 0.2447 0.7609
2M12 802 1.936 0.2478 0.7609
2M12 803 1.872 0.2552 0.7717
2M12 804 1.996 0.2368 0.7500
2M12 805 1.995 0.2370 0.7391
2M12 806 1.905 0.2263 0.7500
2M12 807 2.012 0.2407 0.7283
2M12 808 2.070 0.2526 0.7500
2M12 809 1.850 0.2550 0.7935
2M12 810 1.844 0.2669 0.7609
2M12 811 1.939 0.2446 0.7500
2M12 812 1.780 0.2696 0.7826
2M12 813 1.767 0.2648 0.7826
2M12 814 2.060 0.2564 0.7500
2M12 815 2.001 0.2629 0.7717
2M12 816 1.778 0.2887 0.8152
2M12 817 1.889 0.3115 0.7935
2M12 818 1.871 0.2978 0.8043
2M12 819 2.024 0.2796 0.7500
2M12 820 1.988 0.2954 0.7717
2M12 821 2.018 0.3172 0.7826
2M12 822 1.729 0.3338 0.8370
2M12 823 1.715 0.3259 0.8261
2M12 824 2.035 0.2612 0.7609
2M12 825 1.895 0.2896 0.7826
2M12 826 2.127 0.2962 0.7500
2M12 827 1.739 0.3108 0.8043
2M12 828 1.851 0.2766 0.7935
2M12 829 2.222 0.2981 0.7609
2M12 830 1.936 0.2945 0.7935
2M12 831 1.947 0.3259 0.7935
2M12 832 2.265 0.2733 0.7391
2M12 833 2.139 0.2951 0.7717
2M12 834 1.864 0.2811 0.7935
2M12 835 2.011 0.2884 0.7391
2M12 836 1.710 0.3185 0.8152
2M12 837 1.949 0.2861 0.7826
2M12 838 1.996 0.2822 0.7717
2M12 839 1.881 0.3193 0.7935
2M12 840 1.900 0.2855 0.7935
2M12 841 1.914 0.2818 0.7826
2M12 842 1.719 0.2894 0.8152
2M12 843 1.839 0.3008 0.7935
2M12 844 1.925 0.2659 0.7935
2M12 845 1.979 0.3024 0.7826
2M12 846 1.899 0.2932 0.7826
2M12 847 1.931 0.2536 0.7717
2M12 848 2.008 0.3204 0.7826
2M12 849 2.021 0.2910 0.7826
2M12 850 1.908 0.2830 0.7717
2M12 851 2.116 0.2980 0.7500
2M12 852 2.130 0.3272 0.7609
2M12 853 2.154 0.2951 0.7609
2M12 854 2.001 0.2967 0.7826
2M12 855 2.155 0.2532 0.7500
2M12 856 2.018 0.2701 0.7826
2M12 857 2.009 0.2937 0.7826
2M12 858 1.992 0.2887 0.7500
2M12 859 2.113 0.2909 0.7826
2M12 860 1.846 0.2880 0.7935
2M12 861 2.030 0.2518 0.7826
2M12 862 2.084 0.2612 0.7717
2M12 863 2.198 0.2730 0.7500
2M12 864 2.111 0.2860 0.7717
2M12 865 1.898 0.2923 0.7935
2M12 866 2.102 0.2706 0.7717
2M12 867 2.167 0.2963 0.7826
2M12 868 2.101 0.2722 0.7609
2M12 869 1.965 0.3134 0.7717
2M12 870 2.156 0.2630 0.7609
2M12 871 2.100 0.2826 0.7609
2M12 872 2.036 0.3168 0.7717
2M12 873 1.907 0.2795 0.7935
2M12 874 2.006 0.2966 0.7826
2M12 875 1.913 0.3111 0.7717
2M12 876 2.154 0.2924 0.7717
2M12 877 2.016 0.2801 0.7935
2M12 878 2.061 0.2722 0.7717
2M12 879 2.224 0.2569 0.7391
2M12 880 1.885 0.3151 0.7935
2M12 881 1.905 0.2778 0.7826
2M12 882 1.994 0.3260 0.7826
2M12 883 1.907 0.3035 0.7826
2M12 884 2.016 0.2756 0.7826
2M12 885 2.072 0.2884 0.7717
2M12 886 2.002 0.2981 0.7717
2M12 887 1.941 0.2903 0.7935
2M12 888 1.892 0.3032 0.8043
2M12 889 1.936 0.2875 0.7826
2M12 890 1.983 0.2900 0.7826
2M12 891 2.146 0.3056 0.7717
2M12 892 2.066 0.2559 0.7609
2M12 893 2.075 0.2503 0.7500
2M12 894 1.933 0.2960 0.7935
2M12 895 1.936 0.2583 0.7717
2M12 896 1.933 0.3135 0.7717
2M12 897 1.992 0.2989 0.7609
2M12 898 2.096 0.2622 0.7500
2M12 899 2.136 0.2345 0.7500
2M12 900 1.943 0.2685 0.7717
2M12 901 1.903 0.2669 0.7935
2M12 902 1.918 0.2563 0.7826
2M12 903 1.877 0.2863 0.7935
2M12 904 2.002 0.2480 0.7717
2M12 905 1.937 0.2716 0.7609
2M12 906 2.173 0.2874 0.7500
2M12 907 2.168 0.2553 0.7500
2M12 908 1.826 0.3041 0.7826
2M12 909 1.892 0.2693 0.7826
2M12 910 2.129 0.2585 0.7609
2M12 911 2.065 0.2698 0.7717
2M12 912 1.849 0.3300 0.8152
2M12 913 2.023 0.3175 0.7826
2M12 914 1.905 0.2943 0.7717
2M12 915 2.039 0.3011 0.7609
2M12 916 1.931 0.3098 0.7826
2M12 917 2.119 0.2925 0.7717
2M12 918 2.014 0.2791 0.7609
2M12 919 1.798 0.2956 0.8043
2M12 920 1.930 0.2598 0.7826
2M12 921 1.936 0.3237 0.7826
2M12 922 2.033 0.2866 0.7717
2M12 923 2.023 0.2933 0.7717
2M12 924 1.806 0.3276 0.7935
2M12 925 2.096 0.2932 0.7609
2M12 926 2.080 0.2773 0.7609
2M12 927 1.746 0.2997 0.8043
2M12 928 1.900 0.2677 0.7609
2M12 929 2.421 0.2872 0.7283
2M12 930 2.140 0.2939 0.7391
2M12 931 2.314 0.2352 0.7065
2M12 932 2.284 0.2557 0.7391
2M12 933 2.114 0.2785 0.7500
2M12 934 2.018 0.2453 0.7500
2M12 935 2.173 0.2887 0.7717
2M12 936 2.095 0.3077 0.7826
2M12 937 2.166 0.2720 0.7500
2M12 938 2.233 0.2841 0.7500
2M12 939 2.367 0.2885 0.7500
2M12 940 2.488 0.2756 0.7391
2M12 941 2.361 0.3034 0.7609
2M12 942 2.316 0.2779 0.7391
2M12 943 2.467 0.2743 0.7391
2M12 944 2.416 0.2619 0.7500
2M12 945 2.309 0.2420 0.7391
2M12 946 2.481 0.2457 0.7500
2M12 947 2.635 0.2893 0.7500
2M12 948 2.456 0.2950 0.7500
2M12 949 2.441 0.3000 0.7717
2M12 950 2.421 0.2569 0.7391
2M12 951 2.458 0.2543 0.7500
2M12 952 2.419 0.2611 0.7391
2M12 953 2.571 0.2526 0.7391
2M12 954 2.404 0.2882 0.7500
2M12 955 2.457 0.2806 0.7717
2M12 956 2.428 0.3060 0.7826
2M12 957 2.440 0.3340 0.7826
2M12 958 2.571 0.3169 0.7609
2M12 959 2.671 0.3108 0.7391
2M12 960 2.397 0.2881 0.7717
2M12 961 2.568 0.2612 0.7283
2M12 962 2.587 0.2704 0.7391
2M12 963 2.425 0.3658 0.8043
2M12 964 2.631 0.3490 0.7609
2M12 965 2.487 0.3162 0.7826
2M12 966 2.543 0.3085 0.7717
2M12 967 2.543 0.3502 0.7826
2M12 968 2.336 0.3211 0.8043
2M12 969 2.584 0.3087 0.7717
2M12 970 2.537 0.3166 0.7935
2M12 971 2.829 0.2637 0.7391
2M12 972 2.551 0.3193 0.7717
2M12 973 2.567 0.3056 0.7717
2M12 974 2.659 0.3046 0.7717
2M12 975 2.562 0.2807 0.7500
2M12 976 2.554 0.2929 0.7717
2M12 977 2.492 0.3341 0.7717
2M12 978 2.497 0.3000 0.7609
2M12 979 2.535 0.2865 0.7500
2M12 980 2.554 0.3043 0.7717
2M12 981 2.523 0.2689 0.7500
2M12 982 2.531 0.3167 0.7717
2M12 983 2.396 0.3334 0.7826
2M12 984 2.746 0.2923 0.7500
2M12 985 2.557 0.3134 0.7717
2M12 986 2.559 0.3274 0.7500
2M12 987 2.618 0.2649 0.7609
2M12 988 2.550 0.2961 0.7609
2M12 989 2.604 0.3511 0.7826
2M12 990 2.650 0.3420 0.7717
2M12 991 2.690 0.2841 0.7283
2M12 992 2.498 0.3061 0.7717
2M12 993 2.338 0.3599 0.8043
2M12 994 2.387 0.2891 0.7826
2M12 995 2.288 0.2755 0.7935
2M12 996 2.211 0.3488 0.8043
2M12 997 2.355 0.2944 0.7826
2M12 998 2.370 0.2792 0.7826
2M12 999 2.245 0.3086 0.7935
2M12 1000 2.465 0.3025 0.7826
2M12 1001 2.332 0.2907 0.8043
2M12 1002 2.311 0.2817 0.7935
2M12 1003 2.339 0.2953 0.7935
2M12 1004 2.174 0.3414 0.8152
2M12 1005 2.257 0.2996 0.7826
2M12 1006 2.506 0.2839 0.7717
2M12 1007 2.264 0.2562 0.7609
2M12 1008 2.225 0.3125 0.7935
2M12 1009 2.305 0.3248 0.8152
2M12 1010 2.456 0.2956 0.7717
2M12 1011 2.383 0.3068 0.7826
2M12 1012 2.513 0.3053 0.7826
2M12 1013 2.367 0.3489 0.8043
2M12 1014 2.323 0.3016 0.7826
2M12 1015 2.363 0.2760 0.7609
2M12 1016 2.314 0.3068 0.8152
2M12 1017 2.479 0.3233 0.7826
2M12 1018 2.383 0.2968 0.7717
2M12 1019 2.357 0.2655 0.7826
2M12 1020 2.461 0.3442 0.8152
2M12 1021 2.353 0.2706 0.7935
2M12 1022 2.465 0.2830 0.7826
2M12 1023 2.506 0.3258 0.7500
2M12 1024 2.307 0.2660 0.7935
2M12 1025 2.245 0.2982 0.7826
2M12 1026 2.535 0.2888 0.7717
2M12 1027 2.301 0.3195 0.8152
2M12 1028 2.332 0.3385 0.8043
2M12 1029 2.383 0.3449 0.7935
2M12 1030 2.479 0.3120 0.7717
2M12 1031 2.407 0.3606 0.8043
2M12 1032 2.240 0.3138 0.8043
2M12 1033 2.402 0.2961 0.7826
2M12 1034 2.227 0.3097 0.7935
2M12 1035 2.376 0.3410 0.7826
2M12 1036 2.172 0.3234 0.7935
2M12 1037 2.380 0.2686 0.7609
2M12 1038 2.414 0.3253 0.7717
2M12 1039 2.256 0.3800 0.8152
2M12 1040 2.643 0.2910 0.7826
2M12 1041 2.480 0.2737 0.7717
2M12 1042 2.276 0.3222 0.8043
2M12 1043 2.199 0.3161 0.8043
2M12 1044 2.628 0.2988 0.7717
2M12 1045 2.459 0.2756 0.7717
2M12 1046 2.435 0.2560 0.7609
2M12 1047 2.226 0.2402 0.7500
2M12 1048 2.205 0.3256 0.8043
2M12 1049 2.284 0.3020 0.7935
2M12 1050 2.469 0.2936 0.7826
2M12 1051 2.444 0.2973 0.7717
2M12 1052 2.390 0.3010 0.7826
2M12 1053 2.318 0.2754 0.7717
2M12 1054 2.563 0.3164 0.7826
2M12 1055 2.240 0.3022 0.7826
2M12 1056 2.450 0.3209 0.7826
2M12 1057 2.320 0.2725 0.7826
2M12 1058 2.369 0.2380 0.7500
2M12 1059 2.336 0.3366 0.7935
2M12 1060 2.134 0.2940 0.7935
2M12 1061 2.374 0.2661 0.7826
2M12 1062 2.305 0.2382 0.7609
2M12 1063 2.280 0.2737 0.7717
2M12 1064 2.318 0.2517 0.7500
2M12 1065 2.504 0.2696 0.7500
2M12 1066 2.445 0.2799 0.7609
2M12 1067 2.298 0.3135 0.7826
2M12 1068 2.505 0.2580 0.7717
2M12 1069 2.416 0.3114 0.7935
2M12 1070 2.411 0.2713 0.7935
2M12 1071 2.495 0.2686 0.7609
2M12 1072 2.329 0.3205 0.7935
2M12 1073 2.362 0.2684 0.7609
2M12 1074 2.544 0.2691 0.7717
2M12 1075 2.311 0.2946 0.7717
2M12 1076 2.370 0.2439 0.7609
2M12 1077 2.335 0.2682 0.7935
2M12 1078 2.257 0.2705 0.8152
2M12 1079 2.153 0.3260 0.8152
2M12 1080 2.286 0.3295 0.8261
2M12 1081 2.427 0.2569 0.7609
2M12 1082 2.397 0.2833 0.7609
2M12 1083 2.370 0.2549 0.7717
2M12 1084 2.385 0.2764 0.8043
2M12 1085 2.275 0.3334 0.8152
2M12 1086 2.458 0.2834 0.7717
2M12 1087 2.162 0.3026 0.8152
2M12 1088 2.230 0.2862 0.7826
2M12 1089 2.218 0.2604 0.7717
2M12 1090 2.297 0.2633 0.7609
2M12 1091 2.282 0.2707 0.7609
2M12 1092 2.452 0.3017 0.7500
2M12 1093 2.439 0.2886 0.7609
2M12 1094 2.181 0.2965 0.8043
2M12 1095 2.267 0.2611 0.7935
2M12 1096 2.333 0.3130 0.8043
2M12 1097 2.328 0.2937 0.8152
2M12 1098 2.504 0.2978 0.7826
2M12 1099 2.422 0.2507 0.7609
2M12 1100 2.562 0.2669 0.7717
2M12 1101 2.274 0.2730 0.7826
2M12 1102 2.009 0.3072 0.8152
2M12 1103 2.212 0.3315 0.8261
2M12 1104 2.258 0.3437 0.8043
2M12 1105 2.270 0.2846 0.8152
2M12 1106 2.335 0.3006 0.7826
2M12 1107 2.328 0.2401 0.7391
2M12 1108 2.076 0.2750 0.8043
2M12 1109 2.258 0.3269 0.8043
2M12 1110 2.190 0.3209 0.8261
2M12 1111 2.290 0.2690 0.7826
2M12 1112 2.384 0.2273 0.7717
2M12 1113 2.172 0.2715 0.7935
2M12 1114 2.258 0.2518 0.7935
2M12 1115 2.431 0.3039 0.8152
2M12 1116 2.259 0.2861 0.7935
2M12 1117 2.239 0.2466 0.7717
2M12 1118 2.077 0.2975 0.8043
2M12 1119 2.310 0.2764 0.7935
2M12 1120 2.442 0.2745 0.7717
2M12 1121 2.306 0.3079 0.7826
2M12 1122 2.148 0.2862 0.7935
2M12 1123 2.140 0.2771 0.7717
2M12 1124 2.233 0.3146 0.7935
2M12 1125 2.247 0.3153 0.7935
2M12 1126 2.325 0.2984 0.8043
2M12 1127 2.486 0.2728 0.7717
2M12 1128 2.412 0.2757 0.7717
2M12 1129 2.226 0.2626 0.8043
2M12 1130 2.304 0.2563 0.7500
2M12 1131 2.387 0.2706 0.7717
2M12 1132 2.490 0.2899 0.7826
2M12 1133 2.539 0.2994 0.7826
2M12 1134 2.333 0.3091 0.8043
2M12 1135 2.588 0.2141 0.7283
2M12 1136 2.240 0.3032 0.7935
2M12 1137 2.329 0.2558 0.7500
2M12 1138 2.387 0.2622 0.7826
2M12 1139 2.491 0.2685 0.7826
2M12 1140 2.423 0.2503 0.7500
2M12 1141 2.364 0.2472 0.7500
2M12 1142 2.280 0.3220 0.8043
2M12 1143 2.565 0.2539 0.7609
2M12 1144 2.419 0.2785 0.8043
2M12 1145 2.461 0.2761 0.7609
2M12 1146 2.173 0.2713 0.8152
2M12 1147 2.458 0.2364 0.7500
2M12 1148 2.480 0.2805 0.7609
2M12 1149 2.336 0.2579 0.7826
2M12 1150 2.474 0.2646 0.7609
2M12 1151 2.520 0.2959 0.7826
2M12 1152 2.509 0.2795 0.7717
2M12 1153 2.339 0.3329 0.7826
2M12 1154 2.466 0.2398 0.7609
2M12 1155 2.349 0.3111 0.8152
2M12 1156 2.499 0.2961 0.7826
2M12 1157 2.239 0.3272 0.8043
2M12 1158 2.127 0.3199 0.7935
2M12 1159 2.383 0.3253 0.7935
2M12 1160 2.228 0.3208 0.7826
2M12 1161 2.456 0.2844 0.7717
2M12 1162 2.140 0.2977 0.8043
2M12 1163 2.395 0.2533 0.7500
2M12 1164 2.546 0.2445 0.7609
2M12 1165 2.348 0.2865 0.7826
2M12 1166 2.291 0.2945 0.7717
2M12 1167 2.537 0.2479 0.7283
2M12 1168 2.221 0.3176 0.7826
2M12 1169 2.186 0.2573 0.7717
2M12 1170 2.413 0.3144 0.7826
2M12 1171 2.153 0.3141 0.7826
2M12 1172 2.563 0.2929 0.7500
2M12 1173 2.549 0.2347 0.7174
2M12 1174 1.941 0.2947 0.7717
2M12 1175 2.373 0.2692 0.7609
2M12 1176 2.205 0.2634 0.7826
2M12 1177 2.271 0.3094 0.7826
2M12 1178 2.326 0.2757 0.7717
2M12 1179 2.266 0.2753 0.7500
2M12 1180 2.353 0.2481 0.7609
2M12 1181 2.303 0.2765 0.7500
2M12 1182 2.573 0.2087 0.7174
2M12 1183 2.512 0.2612 0.7500
2M12 1184 2.432 0.2732 0.7609
2M12 1185 2.530 0.2866 0.7826
2M12 1186 2.410 0.2642 0.7717
2M12 1187 2.096 0.2654 0.7500
2M12 1188 2.191 0.2937 0.8043
2M12 1189 2.210 0.3151 0.8043
2M12 1190 2.515 0.2500 0.7500
2M12 1191 2.323 0.3089 0.7609
2M12 1192 2.145 0.3185 0.7935
2M12 1193 2.255 0.3152 0.7609
2M12 1194 2.383 0.2661 0.7609
2M12 1195 2.044 0.2591 0.7717
2M12 1196 2.153 0.2591 0.7717
2M12 1197 2.241 0.3283 0.7935
2M12 1198 2.342 0.3002 0.7609
2M12 1199 2.225 0.2667 0.7717
2M12 1200 2.222 0.2338 0.7500
2M12 1201 2.332 0.2646 0.8043
2M12 1202 2.364 0.2682 0.7717
2M12 1203 2.434 0.2464 0.7283
2M12 1204 2.159 0.3455 0.8152
2M12 1205 2.429 0.2394 0.7391
2M12 1206 2.278 0.2697 0.7826
2M12 1207 2.355 0.2580 0.7826
2M12 1208 2.320 0.2741 0.7826
2M12 1209 2.469 0.2570 0.7609
2M12 1210 2.317 0.2489 0.7500
2M12 1211 2.442 0.2516 0.7609
2M12 1212 2.406 0.2717 0.7826
2M12 1213 2.442 0.2656 0.7717
2M12 1214 2.451 0.2440 0.7500
2M12 1215 2.422 0.3197 0.8043
2M12 1216 2.373 0.2620 0.7826
2M12 1217 2.261 0.2858 0.7826
2M12 1218 2.408 0.2484 0.7717
2M12 1219 2.386 0.2912 0.7717
2M12 1220 2.473 0.2581 0.7826
2M12 1221 2.426 0.2637 0.7717
2M12 1222 2.236 0.2588 0.7717
2M12 1223 2.415 0.2620 0.7609
2M12 1224 2.387 0.2484 0.7500
2M12 1225 2.535 0.2611 0.7500
2M12 1226 2.562 0.2896 0.8152
2M12 1227 2.527 0.2878 0.7717
2M12 1228 2.502 0.2466 0.7500
2M12 1229 2.328 0.2592 0.7500
2M12 1230 2.400 0.2650 0.7391
2M12 1231 2.444 0.2157 0.7391
2M12 1232 2.281 0.3369 0.8043
2M12 1233 2.406 0.2431 0.7826
2M12 1234 2.221 0.2957 0.7826
2M12 1235 2.089 0.2697 0.7717
2M12 1236 2.556 0.2697 0.7609
2M12 1237 2.577 0.2476 0.7500
2M12 1238 2.292 0.2624 0.7826
2M12 1239 2.587 0.2640 0.7717
2M12 1240 2.624 0.2260 0.7500
2M12 1241 2.182 0.2299 0.7609
2M12 1242 2.461 0.2663 0.7283
2M12 1243 2.419 0.2792 0.7391
2M12 1244 2.186 0.2951 0.8043
2M12 1245 2.502 0.3025 0.7717
2M12 1246 2.518 0.2312 0.7609
2M12 1247 2.385 0.2896 0.7609
2M12 1248 2.437 0.2790 0.7391
2M12 1249 2.696 0.2731 0.7391
2M12 1250 2.803 0.2215 0.7174
2M12 1251 2.373 0.2923 0.7609
2M12 1252 2.392 0.2787 0.7717
2M12 1253 2.386 0.2667 0.7609
2M12 1254 2.062 0.2616 0.7717
2M12 1255 2.400 0.2549 0.7391
2M12 1256 2.250 0.2592 0.7717
2M12 1257 2.446 0.2797 0.7717
2M12 1258 2.376 0.2615 0.7717
2M12 1259 2.373 0.3132 0.7391
2M12 1260 2.547 0.3189 0.7609
2M12 1261 2.405 0.2666 0.7391
2M12 1262 2.317 0.2262 0.7283
2M12 1263 2.489 0.2103 0.7174
2M12 1264 2.719 0.2100 0.7174
2M12 1265 2.430 0.2667 0.7717
2M12 1266 2.300 0.2770 0.7717
2M12 1267 2.450 0.2921 0.7500
2M12 1268 2.391 0.2427 0.7391
2M12 1269 2.333 0.2409 0.7717
2M12 1270 2.434 0.2684 0.7609
2M12 1271 2.337 0.2446 0.7717
2M12 1272 2.459 0.2603 0.7609
2M12 1273 2.417 0.2732 0.7609
2M12 1274 2.577 0.2999 0.7500
2M12 1275 2.120 0.2619 0.7826
2M12 1276 2.365 0.2528 0.7609
2M12 1277 2.513 0.2299 0.7391
2M12 1278 2.367 0.2073 0.7283
2M12 1279 1.979 0.3159 0.8043
2M12 1280 2.013 0.3333 0.7935
2M12 1281 1.965 0.2632 0.8152
2M12 1282 2.028 0.2941 0.8043
2M12 1283 1.930 0.3044 0.8043
2M12 1284 2.123 0.2088 0.7391
2M12 1285 2.019 0.2875 0.7935
2M12 1286 1.774 0.2899 0.7935
2M12 1287 2.001 0.3045 0.8043
2M12 1288 1.773 0.3197 0.8261
2M12 1289 1.845 0.3178 0.8043
2M12 1290 1.999 0.2960 0.7826
2M12 1291 2.049 0.3179 0.7826
2M12 1292 1.949 0.2911 0.7717
2M12 1293 1.923 0.2833 0.7935
2M12 1294 2.006 0.3051 0.7826
2M12 1295 1.898 0.2523 0.7826
2M12 1296 1.736 0.3142 0.8152
2M12 1297 1.725 0.3424 0.8370
2M12 1298 1.708 0.3481 0.8261
2M12 1299 1.712 0.3392 0.8370
2M12 1300 1.951 0.2582 0.7717
2M12 1301 1.903 0.2454 0.7826
2M12 1302 1.842 0.3351 0.8152
2M12 1303 1.970 0.2704 0.7935
2M12 1304 1.865 0.2957 0.8043
2M12 1305 1.681 0.3202 0.7935
2M12 1306 1.966 0.2560 0.7717
2M12 1307 1.803 0.2948 0.8043
2M12 1308 1.778 0.3257 0.8043
2M12 1309 1.824 0.2651 0.7826
2M12 1310 1.870 0.2950 0.7826
2M12 1311 1.892 0.2561 0.7826
2M12 1312 1.785 0.3278 0.8043
2M12 1313 1.983 0.2342 0.7717
2M12 1314 2.012 0.2424 0.7717
2M12 1315 1.882 0.2743 0.7717
2M12 1316 1.942 0.2937 0.7609
2M12 1317 1.707 0.2495 0.8043
2M12 1318 1.702 0.2791 0.8152
2M12 1319 2.166 0.2599 0.7609
2M12 1320 2.249 0.2430 0.7500
2M12 1321 2.022 0.2145 0.7717
2M12 1322 1.788 0.3350 0.8043
2M12 1323 1.951 0.2926 0.7609
2M12 1324 1.872 0.3291 0.8152
2M12 1325 1.669 0.3037 0.7935
2M12 1326 1.900 0.2898 0.7935
2M12 1327 1.888 0.2677 0.7717
2M12 1328 1.838 0.3035 0.7717
2M12 1329 2.126 0.2509 0.7500
2M12 1330 1.864 0.2786 0.7935
2M12 1331 1.990 0.2866 0.7935
2M12 1332 2.094 0.2998 0.7500
2M12 1333 1.922 0.3047 0.7826
2M12 1334 1.855 0.3041 0.7935
2M12 1335 1.657 0.3774 0.8370
2M12 1336 1.816 0.3076 0.7826
2M12 1337 1.747 0.3089 0.8043
2M12 1338 1.837 0.3133 0.8043
2M12 1339 1.931 0.3171 0.7826
2M12 1340 2.008 0.2752 0.7609
2M12 1341 1.859 0.3021 0.8043
2M12 1342 1.945 0.2732 0.7935
2M12 1343 1.887 0.3438 0.8261
2M12 1344 1.737 0.3228 0.8152
2M12 1345 1.741 0.3375 0.8370
2M12 1346 1.928 0.2732 0.7609
2M12 1347 1.860 0.2931 0.8043
2M12 1348 1.926 0.2476 0.7609
2M12 1349 1.851 0.2711 0.7717
2M12 1350 1.896 0.2410 0.7609
2M12 1351 2.046 0.2380 0.7500
2M12 1352 2.383 0.1899 0.7065
2M12 1353 2.264 0.1833 0.7065
2M12 1354 2.173 0.2157 0.7174
2M12 1355 2.348 0.2220 0.7500
2M12 1356 2.103 0.1955 0.7500
2M12 1357 1.942 0.2393 0.7609
2M12 1358 1.954 0.2673 0.7717
2M12 1359 2.343 0.1932 0.7174
2M12 1360 2.140 0.2418 0.7391
2M12 1361 2.302 0.2407 0.7283
2M12 1362 2.434 0.2154 0.6848
2M12 1363 2.038 0.2500 0.7500
2M12 1364 2.135 0.2247 0.7500
2M12 1365 2.114 0.2086 0.7283
2M12 1366 2.107 0.2263 0.7391
2M12 1367 1.891 0.2562 0.7935
2M12 1368 2.000 0.2288 0.7717
2M12 1369 2.163 0.2045 0.7283
2M12 1370 2.054 0.2113 0.7283
2M12 1371 2.051 0.2336 0.7609
2M12 1372 1.986 0.2251 0.7826
2M12 1373 1.888 0.2458 0.7826
2M12 1374 2.281 0.2037 0.7174
2M12 1375 2.239 0.2022 0.7283
2M12 1376 2.425 0.2176 0.7174
2M12 1377 2.102 0.1880 0.7283
2M12 1378 2.298 0.2212 0.6957
2M12 1379 2.153 0.2387 0.7283
2M12 1380 2.219 0.2115 0.7283
2M12 1381 2.620 0.2056 0.6957
2M12 1382 2.246 0.2216 0.7065
2M12 1383 2.048 0.2758 0.7609
2M12 1384 2.250 0.2372 0.7283
2M12 1385 2.361 0.2260 0.7283
2M12 1386 2.283 0.2229 0.7174
2M12 1387 2.358 0.2329 0.7283
2M12 1388 2.420 0.2171 0.6957
2M12 1389 2.297 0.2510 0.7391
2M12 1390 2.335 0.2146 0.7283
2M12 1391 2.233 0.2088 0.7283
2M12 1392 2.510 0.1935 0.6957
2M12 1393 2.460 0.1893 0.6739
2M12 1394 2.269 0.2525 0.7283
2M12 1395 2.244 0.2272 0.7174
2M12 1396 2.210 0.2232 0.7283
2M12 1397 2.163 0.1865 0.7174
2M12 1398 2.250 0.2133 0.7283
2M12 1399 2.464 0.2629 0.7609
2M12 1400 2.770 0.2499 0.7065
2M12 1401 2.574 0.2463 0.7391
2M12 1402 2.722 0.2052 0.7283
2M12 1403 2.427 0.2161 0.7065
2M12 1404 2.427 0.2432 0.7609
2M12 1405 2.666 0.2160 0.7065
2M12 1406 2.200 0.2182 0.7391
2M12 1407 2.402 0.3135 0.7826
2M12 1408 2.280 0.2765 0.7609
2M12 1409 2.373 0.2283 0.7283
2M12 1410 2.367 0.2974 0.7609
2M12 1411 2.151 0.2385 0.7609
2M12 1412 2.408 0.2245 0.7283
2M12 1413 2.222 0.2124 0.7391
2M12 1414 2.198 0.2902 0.7826
2M12 1415 2.383 0.2673 0.7717
2M12 1416 2.452 0.3011 0.7500
2M12 1417 2.607 0.2800 0.7609
2M12 1418 2.185 0.2426 0.7717
2M12 1419 2.477 0.2475 0.7500
2M12 1420 2.156 0.2760 0.7717
2M12 1421 2.438 0.2768 0.7500
2M12 1422 2.610 0.1931 0.7174
2M12 1423 2.613 0.2602 0.7283
2M12 1424 2.319 0.2448 0.7500
2M12 1425 2.443 0.2576 0.7609
2M12 1426 2.498 0.2333 0.7174
2M12 1427 2.293 0.2724 0.7935
2M12 1428 2.334 0.2382 0.7391
2M12 1429 2.601 0.2102 0.7174
2M12 1430 2.287 0.2214 0.7283
2M12 1431 2.350 0.2492 0.7500
2M12 1432 2.290 0.3036 0.7717
2M12 1433 2.467 0.3222 0.8043
2M12 1434 2.472 0.2506 0.7500
2M12 1435 2.210 0.3027 0.7717
2M12 1436 2.274 0.2603 0.7391
2M12 1437 2.414 0.2828 0.7717
2M12 1438 2.583 0.2705 0.7609
2M12 1439 2.636 0.2327 0.7391
2M12 1440 2.584 0.2839 0.7283
2M12 1441 2.529 0.2246 0.7500
2M12 1442 2.407 0.2399 0.7609
2M12 1443 2.420 0.2712 0.7609
2M12 1444 2.392 0.2429 0.7391
2M12 1445 2.228 0.2997 0.7717
2M12 1446 2.428 0.2204 0.7500
2M12 1447 2.274 0.2600 0.7826
2M12 1448 2.506 0.2312 0.7283
2M12 1449 2.391 0.2656 0.7500
2M12 1450 2.638 0.3094 0.7935
2M12 1451 2.381 0.2689 0.7717
2M12 1452 2.339 0.2394 0.7717
2M12 1453 2.389 0.2646 0.7500
2M12 1454 2.337 0.2275 0.7283
2M12 1455 2.286 0.3012 0.7717
2M12 1456 2.508 0.3073 0.7609
2M12 1457 2.395 0.2483 0.7500
2M12 1458 2.620 0.2070 0.7391
2M12 1459 2.594 0.2054 0.7174
2M12 1460 2.199 0.2801 0.8043
2M12 1461 2.401 0.3349 0.8152
2M12 1462 2.476 0.2152 0.7391
2M12 1463 2.441 0.2642 0.7500
2M12 1464 2.512 0.2806 0.7391
2M12 1465 2.190 0.2128 0.7283
2M12 1466 2.254 0.2224 0.7174
2M12 1467 2.436 0.2712 0.7500
2M12 1468 2.372 0.2261 0.7391
2M12 1469 2.308 0.2193 0.7174
2M12 1470 2.581 0.2402 0.7283
2M12 1471 2.637 0.2513 0.7065
2M12 1472 2.501 0.2314 0.7283
2M12 1473 2.382 0.2336 0.7500
2M12 1474 2.502 0.2243 0.7609
2M12 1475 2.425 0.2705 0.7609
2M12 1476 2.418 0.2584 0.7500
2M12 1477 2.442 0.2236 0.7717
2M12 1478 2.242 0.2281 0.7609
2M12 1479 2.325 0.2049 0.7500
2M12 1480 2.536 0.2493 0.7283
2M12 1481 2.353 0.2989 0.8043
2M12 1482 2.194 0.3144 0.7717
2M12 1483 2.353 0.2261 0.7609
2M12 1484 2.605 0.2238 0.7174
2M12 1485 2.263 0.2522 0.7826
2M12 1486 2.538 0.2120 0.7174
2M12 1487 2.473 0.2995 0.7935
2M12 1488 2.298 0.2554 0.7391
2M12 1489 2.511 0.2311 0.7174
2M12 1490 2.378 0.3291 0.7826
2M12 1491 2.435 0.2435 0.7391
2M12 1492 2.457 0.3063 0.7826
2M12 1493 2.428 0.2592 0.7609
2M12 1494 2.333 0.2661 0.7391
2M12 1495 2.579 0.2085 0.7174
2M12 1496 2.495 0.2600 0.7391
2M12 1497 2.323 0.2184 0.7283
2M12 1498 2.120 0.2501 0.7609
2M12 1499 2.340 0.2509 0.7391
2M12 1500 2.524 0.2818 0.7500
2M12 1501 2.200 0.2410 0.7609
2M12 1502 2.244 0.2792 0.7609
2M12 1503 2.374 0.1887 0.7174
2M12 1504 2.482 0.2227 0.7174
2M12 1505 2.050 0.2634 0.7826
2M12 1506 2.355 0.2888 0.7717
2M12 1507 2.442 0.2630 0.7391
2M12 1508 2.213 0.2952 0.7609
2M12 1509 2.223 0.2577 0.7391
2M12 1510 1.983 0.3134 0.8152
2M12 1511 2.071 0.2175 0.7500
2M12 1512 2.187 0.2578 0.7717
2M12 1513 2.056 0.2176 0.7717
2M12 1514 1.999 0.3036 0.7717
2M12 1515 2.072 0.3092 0.7717
2M12 1516 2.027 0.2762 0.7717
2M12 1517 2.043 0.2555 0.7826
2M12 1518 2.170 0.2926 0.7717
2M12 1519 2.074 0.2268 0.7500
2M12 1520 2.257 0.2558 0.7391
2M12 1521 2.227 0.2863 0.7826
2M12 1522 2.357 0.2454 0.7500
2M12 1523 2.359 0.2725 0.7500
2M12 1524 2.405 0.2552 0.7065
2M12 1525 2.502 0.2194 0.6957
2M12 1526 2.225 0.2925 0.7500
2M12 1527 2.438 0.2286 0.7283
2M12 1528 2.401 0.2428 0.7609
2M12 1529 2.306 0.2142 0.7174
2M12 1530 2.547 0.2038 0.6957
2M12 1531 2.276 0.2669 0.7391
2M12 1532 2.634 0.2550 0.7391
2M12 1533 2.533 0.2393 0.7283
2M12 1534 2.634 0.2359 0.7174
2M12 1535 2.361 0.2509 0.7500
2M12 1536 2.617 0.2322 0.7174
2M12 1537 2.907 0.2080 0.6848
2M12 1538 2.786 0.2368 0.7065
2M12 1539 2.171 0.2276 0.7174
2M12 1540 2.275 0.2091 0.7391
2M12 1541 2.236 0.2642 0.7609
2M12 1542 2.303 0.2312 0.7391
2M12 1543 2.212 0.3019 0.7500
2M12 1544 2.065 0.2702 0.7826
2M12 1545 2.067 0.2529 0.7717
2M12 1546 2.304 0.2326 0.7391
2M12 1547 2.506 0.2618 0.7174
2M12 1548 2.497 0.2117 0.7174
2M12 1549 2.837 0.1896 0.6848
2M12 1550 2.145 0.2846 0.7609
2M12 1551 2.252 0.3444 0.8152
2M12 1552 2.130 0.2471 0.7500
2M12 1553 2.200 0.2208 0.7283
2M12 1554 2.306 0.2629 0.7500
2M12 1555 2.827 0.2160 0.6848
2M12 1556 2.212 0.2542 0.7391
2M12 1557 2.308 0.2926 0.7826
2M12 1558 2.286 0.2390 0.7609
2M12 1559 2.331 0.2611 0.7391
2M12 1560 2.509 0.2447 0.7174
2M12 1561 2.362 0.2506 0.7391
2M12 1562 2.079 0.2942 0.7935
2M12 1563 2.136 0.2510 0.7391
2M12 1564 2.194 0.2143 0.7609
2M12 1565 2.131 0.2083 0.7500
2M12 1566 2.272 0.2383 0.7717
2M12 1567 2.391 0.2036 0.7065
2M12 1568 2.248 0.2423 0.7283
2M12 1569 2.266 0.2025 0.7174
2M12 1570 2.217 0.1722 0.7065
2M12 1571 2.460 0.2727 0.7391
2M12 1572 2.573 0.1862 0.6957
2M12 1573 1.981 0.3145 0.7826
2M12 1574 2.576 0.2018 0.7174
2M12 1575 2.374 0.2194 0.6957
2M12 1576 2.267 0.2480 0.7283
2M12 1577 2.307 0.2496 0.7500
2M12 1578 2.403 0.2423 0.6957
2M12 1579 2.057 0.2422 0.7500
2M12 1580 2.145 0.2569 0.7500
2M12 1581 1.988 0.2437 0.7391
2M12 1582 2.160 0.2996 0.7717
2M12 1583 2.476 0.2845 0.7391
2M12 1584 2.249 0.2803 0.7609
2M12 1585 2.244 0.2390 0.7391
2M12 1586 2.615 0.2454 0.7174
2M12 1587 2.530 0.1971 0.7174
2M12 1588 2.571 0.2297 0.6848
2M12 1589 2.405 0.2418 0.7283
2M12 1590 2.520 0.2014 0.6957
2M12 1591 2.495 0.2392 0.7283
2M12 1592 2.438 0.2094 0.7391
2M12 1593 2.498 0.2071 0.6957
2M12 1594 2.578 0.1894 0.6848
2M12 1595 2.744 0.2387 0.6739
2M12 1596 2.629 0.2452 0.7065
2M12 1597 2.715 0.1796 0.6957
2M12 1598 2.383 0.2836 0.7500
2M12 1599 2.628 0.2161 0.6957
2M12 1600 2.575 0.2190 0.6957
2M12 1601 2.702 0.2228 0.7065
2M12 1602 2.755 0.1765 0.6739
2M12 1603 2.568 0.2195 0.7065
2M12 1604 2.534 0.2476 0.7391
2M12 1605 2.291 0.2195 0.7283
2M12 1606 2.160 0.2109 0.7391
2M12 1607 2.299 0.2640 0.7500
2M12 1608 2.492 0.2215 0.7174
2M12 1609 2.348 0.2101 0.7065
2M12 1610 2.288 0.2007 0.7283
2M12 1611 2.421 0.2551 0.7500
2M12 1612 2.239 0.2409 0.7609
2M12 1613 2.463 0.2544 0.7283
2M12 1614 2.610 0.2505 0.7065
2M12 1615 2.382 0.1925 0.7283
2M12 1616 2.303 0.2503 0.7500
2M12 1617 2.403 0.2166 0.7283
2M12 1618 2.556 0.2363 0.7283
2M12 1619 2.384 0.2196 0.7391
2M12 1620 2.416 0.2253 0.7065
2M12 1621 2.403 0.2303 0.7174
2M12 1622 2.389 0.2279 0.6957
2M12 1623 2.587 0.2172 0.6848
2M12 1624 2.340 0.2444 0.7283
2M12 1625 1.968 0.2714 0.7717
2M12 1626 2.112 0.2857 0.7609
2M12 1627 2.151 0.2683 0.7500
2M12 1628 2.289 0.2437 0.7391
2M12 1629 2.492 0.1888 0.7065
2M12 1630 2.779 0.2273 0.6739
2M12 1631 2.602 0.1972 0.6739
2M12 1632 2.383 0.1733 0.6848
2M12 1633 2.313 0.2436 0.7065
2M12 1634 2.124 0.2729 0.7717
2M12 1635 2.464 0.2234 0.6957
2M12 1636 2.135 0.2472 0.7391
2M12 1637 2.656 0.2185 0.6848
2M12 1638 2.847 0.1909 0.6522
2M12 1639 2.331 0.2344 0.7174
2M12 1640 2.483 0.2185 0.7174
2M12 1641 2.739 0.1694 0.6522
2M12 1642 2.748 0.1804 0.6630
2M12 1643 2.646 0.1828 0.6739
2M12 1644 2.458 0.2040 0.7174
2M12 1645 2.500 0.1974 0.7283
2M12 1646 2.591 0.2323 0.6848
2M12 1647 2.267 0.2166 0.7283
2M12 1648 2.179 0.2478 0.7609
2M12 1649 2.509 0.2197 0.7065
2M12 1650 2.318 0.1877 0.7283
2M12 1651 2.381 0.2278 0.7174
2M12 1652 2.094 0.2221 0.7609
2M12 1653 2.535 0.2205 0.6957
2M12 1654 2.353 0.2494 0.7174
2M12 1655 2.327 0.1897 0.7065
2M12 1656 2.353 0.1960 0.6848
2M12 1657 2.627 0.2058 0.6739
2M12 1658 2.860 0.1971 0.6304
2M12 1659 2.990 0.1730 0.6304
2M12 1660 2.566 0.1994 0.6957
2M12 1661 2.678 0.1973 0.6630
2M12 1662 2.205 0.2180 0.7391
2M12 1663 2.162 0.2817 0.7717
2M12 1664 2.636 0.2300 0.6739
2M12 1665 2.508 0.1990 0.7174
2M12 1666 2.583 0.1992 0.7065
2M12 1667 2.750 0.1930 0.6848
2M12 1668 2.531 0.2838 0.7609
2M12 1669 2.323 0.2175 0.7391
2M12 1670 2.353 0.1863 0.7065
2M12 1671 2.545 0.2224 0.7174
