1NC0 1 0.000 1.0000 1.0000
1NC0 2 1.139 0.5506 0.9167
1NC0 3 0.845 0.5525 0.9479
1NC0 4 2.372 0.3734 0.8125
1NC0 5 1.619 0.4499 0.8646
1NC0 6 1.988 0.4721 0.8542
1NC0 7 1.077 0.4910 0.9479
1NC0 8 0.884 0.5823 0.9375
1NC0 9 0.946 0.5060 0.9375
1NC0 10 1.493 0.4530 0.9063
1NC0 11 1.780 0.4691 0.8542
1NC0 12 1.423 0.4017 0.8438
1NC0 13 2.529 0.3314 0.7500
1NC0 14 2.123 0.4323 0.8229
1NC0 15 1.708 0.3957 0.8438
1NC0 16 1.383 0.4419 0.8958
1NC0 17 1.407 0.3978 0.8646
1NC0 18 1.298 0.4536 0.9063
1NC0 19 8.510 0.1699 0.4583
1NC0 20 7.170 0.1138 0.4375
1NC0 21 9.818 0.1486 0.4063
1NC0 22 12.437 0.1398 0.3125
1NC0 23 11.181 0.1654 0.4271
1NC0 24 6.686 0.2375 0.5521
1NC0 25 10.120 0.1213 0.3854
1NC0 26 5.854 0.2125 0.5833
1NC0 27 10.303 0.2326 0.4479
1NC0 28 4.844 0.1650 0.5729
1NC0 29 11.337 0.1336 0.4063
1NC0 30 13.136 0.1477 0.3854
1NC0 31 5.958 0.2431 0.5938
1NC0 32 6.085 0.1825 0.5417
1NC0 33 12.073 0.1654 0.3958
1NC0 34 11.266 0.1457 0.4375
1NC0 35 11.460 0.1678 0.4063
1NC0 36 4.669 0.2115 0.5833
1NC0 37 8.818 0.2330 0.5104
1NC0 38 6.646 0.1757 0.4792
1NC0 39 8.860 0.2392 0.5417
1NC0 40 4.771 0.2015 0.5833
1NC0 41 6.843 0.2100 0.5313
1NC0 42 8.515 0.1793 0.5000
1NC0 43 10.443 0.2021 0.4479
1NC0 44 7.522 0.1738 0.4583
1NC0 45 8.239 0.2090 0.4375
1NC0 46 4.070 0.2524 0.6563
1NC0 47 5.692 0.2258 0.5729
1NC0 48 8.760 0.2541 0.5313
1NC0 49 4.778 0.1810 0.6042
1NC0 50 8.689 0.2027 0.5208
1NC0 51 9.097 0.1525 0.3854
1NC0 52 5.481 0.2394 0.5521
1NC0 53 7.015 0.2349 0.5625
1NC0 54 6.162 0.2120 0.5208
1NC0 55 8.208 0.2177 0.5104
1NC0 56 6.542 0.2241 0.5417
1NC0 57 6.224 0.2344 0.5417
1NC0 58 5.808 0.2045 0.5729
1NC0 59 6.382 0.2274 0.5729
1NC0 60 10.826 0.1291 0.3750
1NC0 61 6.208 0.1138 0.4479
1NC0 62 12.288 0.1155 0.3021
1NC0 63 9.575 0.2119 0.5208
1NC0 64 8.484 0.1220 0.4271
1NC0 65 8.792 0.1307 0.3646
1NC0 66 8.611 0.1964 0.4896
1NC0 67 12.233 0.1195 0.3229
1NC0 68 6.598 0.1968 0.5938
1NC0 69 8.582 0.1064 0.3958
1NC0 70 14.316 0.1448 0.3646
1NC0 71 6.985 0.1790 0.5521
1NC0 72 13.269 0.1277 0.3125
1NC0 73 13.449 0.1743 0.3750
1NC0 74 7.318 0.2364 0.5938
1NC0 75 9.350 0.1844 0.4583
1NC0 76 10.795 0.1751 0.4479
1NC0 77 10.511 0.1494 0.4167
1NC0 78 9.761 0.1657 0.4063
1NC0 79 8.548 0.1958 0.4375
1NC0 80 9.558 0.1535 0.4583
1NC0 81 12.150 0.1962 0.4375
1NC0 82 9.475 0.1814 0.4479
1NC0 83 6.435 0.2038 0.5625
1NC0 84 5.278 0.2054 0.5833
1NC0 85 10.640 0.1797 0.5000
1NC0 86 6.156 0.1864 0.4792
1NC0 87 8.232 0.1832 0.3958
1NC0 88 7.643 0.2195 0.5208
1NC0 89 8.444 0.2130 0.5000
1NC0 90 8.626 0.2301 0.5313
1NC0 91 6.102 0.2115 0.5729
1NC0 92 7.764 0.2103 0.4792
1NC0 93 6.364 0.2317 0.5625
1NC0 94 7.519 0.2513 0.5104
1NC0 95 7.066 0.2099 0.5313
1NC0 96 5.605 0.2050 0.5625
1NC0 97 7.119 0.2106 0.5313
1NC0 98 7.591 0.2137 0.5000
1NC0 99 11.192 0.1169 0.2708
1NC0 100 7.426 0.2422 0.4792
1NC0 101 7.487 0.2025 0.4688
1NC0 102 10.728 0.1785 0.4479
1NC0 103 10.087 0.1476 0.3646
1NC0 104 5.920 0.2082 0.5625
1NC0 105 11.058 0.1270 0.3542
1NC0 106 6.597 0.2408 0.5417
1NC0 107 7.980 0.1092 0.3646
1NC0 108 9.596 0.1917 0.4896
1NC0 109 8.315 0.1367 0.3958
1NC0 110 5.877 0.1934 0.5625
1NC0 111 5.754 0.1809 0.5625
1NC0 112 7.918 0.1721 0.4583
1NC0 113 10.491 0.2192 0.5104
1NC0 114 9.432 0.2030 0.5208
1NC0 115 6.135 0.2230 0.5521
1NC0 116 6.110 0.1731 0.5000
1NC0 117 8.486 0.2138 0.4896
1NC0 118 7.104 0.2067 0.5104
1NC0 119 6.730 0.1723 0.5104
1NC0 120 6.842 0.1846 0.4792
1NC0 121 13.508 0.1307 0.3438
1NC0 122 6.929 0.1977 0.5000
1NC0 123 5.833 0.1889 0.5417
1NC0 124 6.607 0.2448 0.5625
1NC0 125 8.814 0.1904 0.4792
1NC0 126 3.746 0.2261 0.6250
1NC0 127 7.501 0.2154 0.4792
1NC0 128 7.912 0.2212 0.5313
1NC0 129 6.294 0.2133 0.5417
1NC0 130 6.483 0.2372 0.5729
1NC0 131 8.710 0.2255 0.5104
1NC0 132 5.449 0.2161 0.5833
1NC0 133 2.196 0.2423 0.7500
1NC0 134 5.759 0.2145 0.5521
1NC0 135 6.877 0.2280 0.5208
1NC0 136 6.932 0.1980 0.5313
1NC0 137 6.977 0.2217 0.5313
1NC0 138 7.331 0.2306 0.5208
1NC0 139 9.642 0.1322 0.3438
1NC0 140 5.396 0.1746 0.5729
1NC0 141 5.215 0.1406 0.5521
1NC0 142 10.500 0.1351 0.3854
1NC0 143 13.312 0.1707 0.3854
1NC0 144 9.397 0.1724 0.4063
1NC0 145 9.410 0.1287 0.4375
1NC0 146 9.672 0.1831 0.4479
1NC0 147 6.368 0.2303 0.5417
1NC0 148 9.856 0.1587 0.4479
1NC0 149 8.149 0.1508 0.3958
1NC0 150 9.726 0.2633 0.5208
1NC0 151 12.072 0.1468 0.3958
1NC0 152 6.462 0.2166 0.5729
1NC0 153 8.673 0.2230 0.4792
1NC0 154 7.229 0.2226 0.5104
1NC0 155 8.385 0.2051 0.4375
1NC0 156 6.598 0.2236 0.5417
1NC0 157 6.839 0.1877 0.4896
1NC0 158 8.395 0.1612 0.4479
1NC0 159 7.503 0.2135 0.5000
1NC0 160 6.988 0.1884 0.5313
1NC0 161 4.721 0.1862 0.5938
1NC0 162 5.076 0.2343 0.5938
1NC0 163 8.638 0.1579 0.4479
1NC0 164 4.317 0.2194 0.5938
1NC0 165 7.715 0.2307 0.5521
1NC0 166 7.629 0.1499 0.4583
1NC0 167 5.515 0.2313 0.5833
1NC0 168 6.526 0.2095 0.5208
1NC0 169 7.417 0.1757 0.4896
1NC0 170 7.240 0.2282 0.5313
1NC0 171 5.627 0.1918 0.5313
1NC0 172 5.010 0.2124 0.6042
1NC0 173 3.886 0.1961 0.5833
1NC0 174 5.290 0.2498 0.5938
1NC0 175 5.625 0.2237 0.5729
1NC0 176 6.801 0.2138 0.4896
1NC0 177 4.788 0.2355 0.5938
1NC0 178 6.876 0.2030 0.5313
1NC0 179 8.498 0.1645 0.3854
1NC0 180 11.085 0.1836 0.4063
1NC0 181 7.313 0.2139 0.5313
1NC0 182 6.339 0.2215 0.5104
1NC0 183 13.770 0.1372 0.4167
1NC0 184 6.622 0.1995 0.5417
1NC0 185 9.310 0.1461 0.3542
1NC0 186 11.676 0.1702 0.4479
1NC0 187 6.848 0.2016 0.4896
1NC0 188 11.817 0.1516 0.4167
1NC0 189 12.214 0.1350 0.3438
1NC0 190 12.199 0.1316 0.3438
1NC0 191 9.812 0.1797 0.4375
1NC0 192 10.963 0.1093 0.3542
1NC0 193 12.821 0.2048 0.4583
1NC0 194 8.614 0.1837 0.4688
1NC0 195 12.967 0.1682 0.4167
1NC0 196 6.334 0.2072 0.5208
1NC0 197 8.428 0.1816 0.4583
1NC0 198 5.458 0.1787 0.5521
1NC0 199 8.047 0.2441 0.5000
1NC0 200 6.873 0.2286 0.5313
1NC0 201 8.691 0.1269 0.3854
1NC0 202 6.937 0.1280 0.4375
1NC0 203 3.953 0.2137 0.6354
1NC0 204 8.545 0.2039 0.4688
1NC0 205 2.868 0.2525 0.7083
1NC0 206 6.822 0.1791 0.4688
1NC0 207 9.792 0.1835 0.4271
1NC0 208 5.291 0.2026 0.6042
1NC0 209 7.649 0.2192 0.4688
1NC0 210 10.314 0.2276 0.5313
1NC0 211 6.088 0.1936 0.5417
1NC0 212 5.483 0.1953 0.5417
1NC0 213 6.689 0.1865 0.5000
1NC0 214 7.749 0.2392 0.4792
1NC0 215 8.773 0.2174 0.4896
1NC0 216 6.652 0.2280 0.5625
1NC0 217 7.333 0.2026 0.4688
1NC0 218 6.991 0.2152 0.5313
1NC0 219 6.641 0.2116 0.5208
1NC0 220 9.770 0.2279 0.4792
1NC0 221 13.201 0.1116 0.3333
1NC0 222 10.681 0.1127 0.3333
1NC0 223 10.086 0.2061 0.4479
1NC0 224 9.557 0.1872 0.4583
1NC0 225 6.356 0.1348 0.4792
1NC0 226 9.174 0.1429 0.4271
1NC0 227 6.554 0.1862 0.5417
1NC0 228 5.502 0.1825 0.5521
1NC0 229 6.313 0.2255 0.5521
1NC0 230 11.966 0.2158 0.4896
1NC0 231 6.612 0.1806 0.5521
1NC0 232 9.007 0.2092 0.5208
1NC0 233 4.531 0.2350 0.6146
1NC0 234 10.597 0.1958 0.4583
1NC0 235 7.464 0.2131 0.5417
1NC0 236 12.316 0.1473 0.3854
1NC0 237 11.042 0.1769 0.4896
1NC0 238 9.456 0.1753 0.4896
1NC0 239 5.030 0.2102 0.5938
1NC0 240 6.535 0.2274 0.5313
1NC0 241 4.610 0.1982 0.5938
1NC0 242 7.285 0.2153 0.5313
1NC0 243 8.955 0.1426 0.3854
1NC0 244 5.955 0.2234 0.5521
1NC0 245 4.946 0.1955 0.5938
1NC0 246 6.328 0.2255 0.6146
1NC0 247 4.913 0.2141 0.5938
1NC0 248 2.850 0.2324 0.7083
1NC0 249 5.729 0.2234 0.5625
1NC0 250 5.464 0.2058 0.5938
1NC0 251 4.454 0.2495 0.6354
1NC0 252 6.214 0.2404 0.5313
1NC0 253 5.381 0.2298 0.6042
1NC0 254 5.181 0.2332 0.6250
1NC0 255 5.262 0.2084 0.6354
1NC0 256 5.526 0.2280 0.5833
1NC0 257 7.788 0.2190 0.5104
1NC0 258 6.517 0.2133 0.5208
1NC0 259 14.233 0.1092 0.2708
1NC0 260 8.293 0.2116 0.5104
1NC0 261 9.468 0.1673 0.4375
1NC0 262 9.626 0.1443 0.3646
1NC0 263 4.978 0.1882 0.5833
1NC0 264 14.245 0.2379 0.5104
1NC0 265 8.052 0.2024 0.4583
1NC0 266 3.831 0.1879 0.6042
1NC0 267 12.889 0.1692 0.3750
1NC0 268 12.900 0.1453 0.3958
1NC0 269 8.823 0.1635 0.4375
1NC0 270 12.518 0.1176 0.3229
1NC0 271 10.613 0.1813 0.4479
1NC0 272 7.101 0.2173 0.5729
1NC0 273 8.046 0.1786 0.5104
1NC0 274 11.033 0.2150 0.5208
1NC0 275 9.323 0.2327 0.4688
1NC0 276 8.885 0.2032 0.4375
1NC0 277 11.846 0.1338 0.3750
1NC0 278 6.255 0.2075 0.5208
1NC0 279 5.266 0.2363 0.5729
1NC0 280 8.118 0.1989 0.5000
1NC0 281 11.063 0.2012 0.5104
1NC0 282 3.781 0.2616 0.6563
1NC0 283 8.765 0.2160 0.4896
1NC0 284 8.291 0.2354 0.5313
1NC0 285 13.243 0.2152 0.4896
1NC0 286 4.988 0.2473 0.5938
1NC0 287 3.208 0.2382 0.6771
1NC0 288 7.125 0.2118 0.5521
1NC0 289 7.533 0.2178 0.5417
1NC0 290 7.058 0.2081 0.5104
1NC0 291 5.611 0.2159 0.5625
1NC0 292 5.597 0.2029 0.5313
1NC0 293 5.906 0.2355 0.5938
1NC0 294 5.105 0.1999 0.5729
1NC0 295 8.246 0.1916 0.5313
1NC0 296 5.324 0.2123 0.5833
1NC0 297 7.032 0.2197 0.4896
1NC0 298 6.833 0.2400 0.5208
1NC0 299 9.079 0.1411 0.3438
1NC0 300 11.451 0.1062 0.3333
1NC0 301 10.643 0.1744 0.4479
1NC0 302 11.029 0.1197 0.3646
1NC0 303 11.161 0.1544 0.3958
1NC0 304 10.104 0.2137 0.5313
1NC0 305 6.864 0.2113 0.5417
1NC0 306 8.958 0.2100 0.4375
1NC0 307 10.399 0.2168 0.4896
1NC0 308 5.004 0.2022 0.6146
1NC0 309 6.972 0.2193 0.5104
1NC0 310 11.158 0.1573 0.4583
1NC0 311 7.558 0.1894 0.4688
1NC0 312 6.376 0.2136 0.5625
1NC0 313 12.089 0.1513 0.3854
1NC0 314 8.832 0.2372 0.5625
1NC0 315 6.448 0.1986 0.5208
1NC0 316 9.548 0.2066 0.4792
1NC0 317 9.886 0.0964 0.2917
1NC0 318 7.016 0.2301 0.5625
1NC0 319 3.932 0.1974 0.6250
1NC0 320 9.652 0.1690 0.4792
1NC0 321 6.399 0.2474 0.5521
1NC0 322 5.824 0.2238 0.5729
1NC0 323 7.179 0.2297 0.5313
1NC0 324 10.765 0.1769 0.3958
1NC0 325 6.066 0.2106 0.5729
1NC0 326 6.120 0.2174 0.5729
1NC0 327 10.834 0.1414 0.3438
1NC0 328 5.581 0.2461 0.6042
1NC0 329 7.699 0.2002 0.5104
1NC0 330 9.831 0.2180 0.5208
1NC0 331 7.903 0.1525 0.4479
1NC0 332 5.365 0.2100 0.5833
1NC0 333 6.291 0.1865 0.5625
1NC0 334 5.455 0.1750 0.5313
1NC0 335 12.430 0.1272 0.3542
1NC0 336 8.846 0.2119 0.5000
1NC0 337 7.748 0.2118 0.5000
1NC0 338 7.855 0.2386 0.4896
1NC0 339 8.207 0.1195 0.3438
1NC0 340 8.676 0.1084 0.3646
1NC0 341 6.066 0.1795 0.5000
1NC0 342 8.183 0.1628 0.4063
1NC0 343 7.379 0.1470 0.4688
1NC0 344 9.983 0.1268 0.3958
1NC0 345 8.921 0.1133 0.4375
1NC0 346 12.759 0.1633 0.3854
1NC0 347 13.128 0.1618 0.3438
1NC0 348 9.054 0.1661 0.4167
1NC0 349 8.542 0.1692 0.3958
1NC0 350 9.209 0.1608 0.3958
1NC0 351 9.946 0.1447 0.4167
1NC0 352 13.871 0.1745 0.2813
1NC0 353 6.654 0.1993 0.4792
1NC0 354 9.224 0.1627 0.3854
1NC0 355 7.075 0.1840 0.4375
1NC0 356 6.658 0.1382 0.4792
1NC0 357 8.552 0.1544 0.4271
1NC0 358 5.352 0.2225 0.5417
1NC0 359 6.983 0.1927 0.4896
1NC0 360 9.480 0.1637 0.3750
1NC0 361 8.609 0.2093 0.3958
1NC0 362 4.097 0.1449 0.5521
1NC0 363 13.886 0.1449 0.3438
1NC0 364 8.056 0.1791 0.3958
1NC0 365 4.884 0.1962 0.6146
1NC0 366 3.967 0.1533 0.5521
1NC0 367 6.535 0.2074 0.5313
1NC0 368 8.879 0.1700 0.4479
1NC0 369 7.148 0.1753 0.4792
1NC0 370 8.644 0.2051 0.4167
1NC0 371 9.363 0.1748 0.4479
1NC0 372 8.151 0.1888 0.4271
1NC0 373 8.507 0.2223 0.4375
1NC0 374 7.325 0.1741 0.4375
1NC0 375 6.925 0.1809 0.4688
1NC0 376 7.831 0.1821 0.4063
1NC0 377 7.223 0.1850 0.4583
1NC0 378 8.040 0.1673 0.4271
1NC0 379 8.584 0.1173 0.3438
1NC0 380 5.352 0.2128 0.5625
1NC0 381 11.820 0.1267 0.3646
1NC0 382 12.062 0.1136 0.3125
1NC0 383 9.393 0.1029 0.3646
1NC0 384 11.499 0.1470 0.3750
1NC0 385 9.448 0.1779 0.4583
1NC0 386 9.974 0.1112 0.2917
1NC0 387 9.648 0.1295 0.3438
1NC0 388 8.597 0.2698 0.5625
1NC0 389 12.111 0.1609 0.4063
1NC0 390 7.578 0.2050 0.5208
1NC0 391 10.324 0.1152 0.3646
1NC0 392 6.713 0.1966 0.5313
1NC0 393 9.490 0.2267 0.5000
1NC0 394 9.772 0.1713 0.4167
1NC0 395 8.769 0.1738 0.4167
1NC0 396 5.376 0.2271 0.5313
1NC0 397 12.423 0.1380 0.4063
1NC0 398 14.245 0.1903 0.4271
1NC0 399 9.910 0.2208 0.4271
1NC0 400 6.431 0.2030 0.5000
1NC0 401 6.311 0.2614 0.5521
1NC0 402 10.288 0.1351 0.3750
1NC0 403 4.963 0.2142 0.5833
1NC0 404 4.579 0.2375 0.6250
1NC0 405 8.380 0.2088 0.5104
1NC0 406 10.799 0.2169 0.5104
1NC0 407 7.401 0.1784 0.4792
1NC0 408 6.211 0.2384 0.5521
1NC0 409 6.592 0.2165 0.5625
1NC0 410 11.567 0.1861 0.4688
1NC0 411 6.361 0.1656 0.5417
1NC0 412 5.007 0.2058 0.6146
1NC0 413 5.860 0.1781 0.5000
1NC0 414 5.759 0.2197 0.5625
1NC0 415 5.037 0.1956 0.6042
1NC0 416 5.826 0.2437 0.5729
1NC0 417 4.025 0.2609 0.6667
1NC0 418 9.324 0.2009 0.4792
1NC0 419 1.298 0.3637 0.8542
1NC0 420 1.913 0.2908 0.7813
1NC0 421 1.803 0.2864 0.7708
1NC0 422 2.015 0.2824 0.7604
1NC0 423 1.848 0.2903 0.7708
1NC0 424 1.946 0.2781 0.7500
1NC0 425 1.912 0.2851 0.7708
1NC0 426 1.908 0.2862 0.7708
1NC0 427 1.936 0.2828 0.7604
1NC0 428 1.891 0.2869 0.7604
1NC0 429 1.891 0.2882 0.7708
1NC0 430 1.897 0.2820 0.7708
1NC0 431 1.911 0.2857 0.7604
1NC0 432 1.906 0.2902 0.7604
1NC0 433 1.906 0.2857 0.7604
1NC0 434 1.911 0.2853 0.7604
1NC0 435 1.918 0.2858 0.7604
1NC0 436 1.912 0.2910 0.7604
1NC0 437 1.918 0.2850 0.7604
1NC0 438 1.917 0.2873 0.7604
1NC0 439 1.904 0.2896 0.7604
1NC0 440 1.909 0.2863 0.7604
1NC0 441 1.897 0.2876 0.7708
1NC0 442 1.893 0.2888 0.7604
1NC0 443 1.901 0.2879 0.7604
1NC0 444 1.919 0.2836 0.7604
1NC0 445 1.902 0.2887 0.7604
1NC0 446 1.911 0.2834 0.7604
1NC0 447 1.889 0.2890 0.7604
1NC0 448 1.899 0.2881 0.7604
1NC0 449 1.909 0.2893 0.7604
1NC0 450 1.899 0.2847 0.7604
1NC0 451 1.901 0.2858 0.7708
1NC0 452 1.913 0.2862 0.7604
1NC0 453 1.900 0.2828 0.7604
1NC0 454 1.915 0.2882 0.7708
1NC0 455 1.922 0.2899 0.7708
1NC0 456 1.920 0.2878 0.7708
1NC0 457 1.910 0.2906 0.7708
1NC0 458 1.922 0.2835 0.7708
1NC0 459 1.900 0.2895 0.7604
1NC0 460 1.921 0.2804 0.7604
1NC0 461 1.913 0.2852 0.7604
1NC0 462 1.926 0.2827 0.7604
1NC0 463 1.900 0.2805 0.7708
1NC0 464 1.928 0.2893 0.7604
1NC0 465 1.889 0.2887 0.7708
1NC0 466 1.889 0.2882 0.7604
1NC0 467 1.894 0.2885 0.7708
1NC0 468 1.862 0.2954 0.7708
1NC0 469 1.906 0.2823 0.7604
1NC0 470 1.885 0.2849 0.7604
1NC0 471 1.900 0.2871 0.7708
1NC0 472 1.857 0.2971 0.7708
1NC0 473 1.897 0.2825 0.7604
1NC0 474 1.915 0.2819 0.7708
1NC0 475 1.906 0.2869 0.7708
1NC0 476 1.904 0.2806 0.7604
1NC0 477 1.922 0.2675 0.7604
1NC0 478 1.873 0.2898 0.7708
1NC0 479 1.887 0.2865 0.7604
1NC0 480 1.918 0.2808 0.7500
1NC0 481 1.892 0.2959 0.7708
1NC0 482 1.956 0.2862 0.7708
1NC0 483 1.901 0.2920 0.7708
1NC0 484 1.912 0.2775 0.7604
1NC0 485 1.881 0.2805 0.7604
1NC0 486 1.876 0.2826 0.7604
1NC0 487 1.923 0.2767 0.7604
1NC0 488 1.857 0.2902 0.7813
1NC0 489 1.907 0.2879 0.7604
1NC0 490 1.871 0.2910 0.7708
1NC0 491 1.911 0.2835 0.7604
1NC0 492 1.965 0.2818 0.7604
1NC0 493 1.843 0.2936 0.7708
1NC0 494 1.910 0.2862 0.7604
1NC0 495 1.914 0.2887 0.7604
1NC0 496 1.911 0.2972 0.7708
1NC0 497 1.914 0.2875 0.7708
1NC0 498 1.864 0.2939 0.7708
1NC0 499 1.876 0.2931 0.7708
1NC0 500 1.918 0.2917 0.7604
1NC0 501 1.912 0.2898 0.7708
1NC0 502 1.950 0.2755 0.7708
1NC0 503 1.889 0.2959 0.7813
1NC0 504 1.895 0.2867 0.7708
1NC0 505 1.866 0.2920 0.7708
1NC0 506 1.857 0.2926 0.7708
1NC0 507 1.811 0.2969 0.7813
1NC0 508 1.861 0.2883 0.7604
1NC0 509 1.895 0.2758 0.7500
1NC0 510 1.832 0.2929 0.7708
1NC0 511 1.826 0.2960 0.7708
1NC0 512 1.870 0.2907 0.7708
1NC0 513 1.896 0.2861 0.7813
1NC0 514 1.916 0.2792 0.7500
1NC0 515 1.956 0.2852 0.7604
1NC0 516 1.940 0.2806 0.7604
1NC0 517 1.829 0.3012 0.7708
1NC0 518 1.864 0.3002 0.7604
1NC0 519 1.865 0.2877 0.7708
1NC0 520 1.844 0.3015 0.7813
1NC0 521 1.895 0.2820 0.7708
1NC0 522 1.836 0.2895 0.7708
1NC0 523 1.764 0.2996 0.7708
1NC0 524 1.814 0.2859 0.7708
1NC0 525 1.835 0.2753 0.7708
1NC0 526 1.818 0.2840 0.7708
1NC0 527 1.812 0.2971 0.7708
1NC0 528 1.739 0.3073 0.7917
1NC0 529 1.747 0.3165 0.7917
1NC0 530 1.786 0.3027 0.7813
1NC0 531 1.853 0.2768 0.7708
1NC0 532 1.790 0.3009 0.7708
1NC0 533 1.813 0.2909 0.7708
1NC0 534 1.816 0.2929 0.7813
1NC0 535 1.784 0.2860 0.7813
1NC0 536 1.834 0.2839 0.7813
1NC0 537 1.810 0.3024 0.7708
1NC0 538 1.787 0.2918 0.7813
1NC0 539 1.832 0.2893 0.7813
1NC0 540 1.775 0.3041 0.7813
1NC0 541 1.778 0.2792 0.7708
1NC0 542 1.791 0.2779 0.7708
1NC0 543 1.841 0.2701 0.7708
1NC0 544 1.821 0.2942 0.7708
1NC0 545 1.781 0.2955 0.7708
1NC0 546 1.755 0.2980 0.7708
1NC0 547 1.737 0.3133 0.7708
1NC0 548 1.730 0.3038 0.7813
1NC0 549 1.797 0.2977 0.7813
1NC0 550 1.702 0.3113 0.7813
1NC0 551 1.754 0.2977 0.7813
1NC0 552 1.710 0.3300 0.8021
1NC0 553 1.800 0.2982 0.7708
1NC0 554 1.778 0.2962 0.7917
1NC0 555 1.806 0.2843 0.7708
1NC0 556 1.729 0.2979 0.7917
1NC0 557 1.802 0.2892 0.7708
1NC0 558 1.753 0.2888 0.7604
1NC0 559 1.769 0.2815 0.7708
1NC0 560 1.748 0.3131 0.7708
1NC0 561 1.726 0.3147 0.7813
1NC0 562 1.786 0.2878 0.7708
1NC0 563 1.768 0.2918 0.7813
1NC0 564 1.790 0.2751 0.7708
1NC0 565 1.764 0.2950 0.7708
1NC0 566 1.819 0.2713 0.7708
1NC0 567 1.696 0.2899 0.7917
1NC0 568 1.713 0.2992 0.7917
1NC0 569 1.787 0.2768 0.7708
1NC0 570 1.798 0.2936 0.7813
1NC0 571 1.777 0.2795 0.7708
1NC0 572 1.789 0.2955 0.7813
1NC0 573 1.845 0.2816 0.7813
1NC0 574 1.828 0.2764 0.7708
1NC0 575 1.873 0.2907 0.7813
1NC0 576 1.856 0.2853 0.7708
1NC0 577 1.766 0.2985 0.7813
1NC0 578 1.742 0.2848 0.7708
1NC0 579 1.777 0.3021 0.7813
1NC0 580 1.761 0.2895 0.7708
1NC0 581 1.796 0.2821 0.7708
1NC0 582 1.788 0.2809 0.7708
1NC0 583 1.651 0.3214 0.8021
1NC0 584 1.678 0.3261 0.8021
1NC0 585 1.736 0.2953 0.7813
1NC0 586 1.771 0.3000 0.7708
1NC0 587 1.657 0.3294 0.8021
1NC0 588 1.731 0.3019 0.7708
1NC0 589 1.655 0.3174 0.8125
1NC0 590 1.705 0.3150 0.7813
1NC0 591 1.738 0.3137 0.8125
1NC0 592 1.716 0.3311 0.8021
1NC0 593 1.733 0.3073 0.7813
1NC0 594 1.713 0.3396 0.7813
1NC0 595 1.699 0.3329 0.7813
1NC0 596 1.708 0.3312 0.8021
1NC0 597 1.721 0.3216 0.7708
1NC0 598 1.646 0.3224 0.7917
1NC0 599 1.619 0.3092 0.7917
1NC0 600 1.526 0.3131 0.8021
1NC0 601 1.592 0.3042 0.8125
1NC0 602 1.580 0.3187 0.8021
1NC0 603 1.552 0.3066 0.8021
1NC0 604 1.571 0.3084 0.8021
1NC0 605 1.563 0.3055 0.8021
1NC0 606 1.562 0.3015 0.8125
1NC0 607 1.605 0.3116 0.8125
1NC0 608 1.503 0.3209 0.8125
1NC0 609 1.539 0.3066 0.8021
1NC0 610 1.522 0.3109 0.8021
1NC0 611 1.516 0.3091 0.8125
1NC0 612 1.567 0.3194 0.8229
1NC0 613 1.537 0.3206 0.8125
1NC0 614 1.540 0.3090 0.8021
1NC0 615 1.460 0.3458 0.8333
1NC0 616 1.552 0.2954 0.8125
1NC0 617 1.482 0.3461 0.8229
1NC0 618 1.588 0.3244 0.7917
1NC0 619 1.528 0.3357 0.8229
1NC0 620 1.550 0.3268 0.8229
1NC0 621 1.640 0.3060 0.7917
1NC0 622 1.524 0.3420 0.8229
1NC0 623 1.582 0.3201 0.8021
1NC0 624 1.634 0.3271 0.8021
1NC0 625 1.548 0.3311 0.8125
1NC0 626 1.645 0.3091 0.7813
1NC0 627 1.530 0.3459 0.8125
1NC0 628 1.610 0.3280 0.7917
1NC0 629 1.614 0.3384 0.8229
1NC0 630 1.752 0.3072 0.7708
1NC0 631 1.791 0.2956 0.7708
1NC0 632 1.661 0.3099 0.7917
1NC0 633 1.739 0.3072 0.7917
1NC0 634 1.711 0.3052 0.7813
1NC0 635 1.748 0.3120 0.7813
1NC0 636 1.791 0.2909 0.7813
1NC0 637 1.707 0.3099 0.7917
1NC0 638 1.708 0.3264 0.7917
1NC0 639 1.885 0.2617 0.7500
1NC0 640 1.706 0.3024 0.7813
1NC0 641 1.733 0.2839 0.7604
1NC0 642 1.834 0.2691 0.7500
1NC0 643 1.752 0.2850 0.7708
1NC0 644 1.794 0.2754 0.7604
1NC0 645 1.717 0.2877 0.7708
1NC0 646 1.748 0.2794 0.7604
1NC0 647 1.781 0.2692 0.7708
1NC0 648 1.892 0.2688 0.7500
1NC0 649 1.726 0.2875 0.7813
1NC0 650 1.806 0.2787 0.7813
1NC0 651 1.854 0.2721 0.7708
1NC0 652 1.799 0.3166 0.7708
1NC0 653 1.787 0.2840 0.7708
1NC0 654 1.779 0.3061 0.7604
1NC0 655 1.920 0.2707 0.7708
1NC0 656 1.854 0.2753 0.7500
1NC0 657 1.715 0.2904 0.8021
1NC0 658 1.883 0.2850 0.7500
1NC0 659 1.809 0.2716 0.7708
1NC0 660 1.824 0.2979 0.7500
1NC0 661 1.807 0.2962 0.7708
1NC0 662 1.745 0.2935 0.7917
1NC0 663 1.790 0.3219 0.7813
1NC0 664 1.739 0.3149 0.7813
1NC0 665 1.730 0.2902 0.7708
1NC0 666 1.746 0.3219 0.7813
1NC0 667 1.871 0.2771 0.7604
1NC0 668 1.852 0.3235 0.7604
1NC0 669 1.811 0.2787 0.7604
1NC0 670 1.754 0.2843 0.7604
1NC0 671 1.848 0.3036 0.7604
1NC0 672 1.862 0.2710 0.7604
1NC0 673 1.713 0.3061 0.7813
1NC0 674 1.765 0.3172 0.7708
1NC0 675 1.824 0.2720 0.7604
1NC0 676 1.896 0.2681 0.7500
1NC0 677 1.815 0.2975 0.7813
1NC0 678 1.791 0.2870 0.7708
1NC0 679 1.834 0.3129 0.7604
1NC0 680 1.915 0.2871 0.7708
1NC0 681 1.841 0.2959 0.7604
1NC0 682 1.685 0.2906 0.7813
1NC0 683 1.860 0.2849 0.7708
1NC0 684 1.783 0.3084 0.7813
1NC0 685 1.830 0.2783 0.7604
1NC0 686 1.861 0.2869 0.7500
1NC0 687 1.735 0.2986 0.7708
1NC0 688 1.919 0.2807 0.7604
1NC0 689 1.778 0.2924 0.7604
1NC0 690 1.810 0.3010 0.7813
1NC0 691 1.842 0.2980 0.7813
1NC0 692 1.910 0.2828 0.7500
1NC0 693 1.814 0.3072 0.7604
1NC0 694 1.817 0.2872 0.7917
1NC0 695 1.801 0.2852 0.7813
1NC0 696 1.825 0.3003 0.7813
1NC0 697 1.824 0.3139 0.7813
1NC0 698 1.733 0.2921 0.7708
1NC0 699 1.905 0.3131 0.7708
1NC0 700 1.896 0.2907 0.7604
1NC0 701 1.789 0.3100 0.7708
1NC0 702 1.742 0.3032 0.7604
1NC0 703 1.831 0.2966 0.7813
1NC0 704 1.714 0.3164 0.7708
1NC0 705 1.837 0.2928 0.7708
1NC0 706 1.934 0.2869 0.7708
1NC0 707 1.924 0.2821 0.7500
1NC0 708 2.008 0.2715 0.7604
1NC0 709 1.780 0.3007 0.7813
1NC0 710 1.984 0.2742 0.7604
1NC0 711 1.917 0.2845 0.7500
1NC0 712 1.818 0.2833 0.7604
1NC0 713 2.005 0.2620 0.7500
1NC0 714 1.884 0.2773 0.7604
1NC0 715 1.950 0.2816 0.7604
1NC0 716 2.022 0.2612 0.7396
1NC0 717 1.903 0.2805 0.7604
1NC0 718 1.854 0.2829 0.7500
1NC0 719 1.877 0.2799 0.7604
1NC0 720 1.959 0.2879 0.7708
1NC0 721 1.875 0.2817 0.7604
1NC0 722 1.947 0.2741 0.7604
1NC0 723 1.964 0.2705 0.7500
1NC0 724 1.892 0.2945 0.7813
1NC0 725 1.999 0.2845 0.7604
1NC0 726 1.924 0.2807 0.7604
1NC0 727 1.958 0.2904 0.7813
1NC0 728 1.911 0.2760 0.7708
1NC0 729 2.100 0.2778 0.7500
1NC0 730 2.017 0.2720 0.7396
1NC0 731 2.104 0.2490 0.7292
1NC0 732 2.036 0.2727 0.7604
1NC0 733 1.858 0.2830 0.7604
1NC0 734 1.970 0.2737 0.7500
1NC0 735 2.010 0.3049 0.7500
1NC0 736 2.044 0.2578 0.7500
1NC0 737 1.983 0.2761 0.7500
1NC0 738 1.911 0.2835 0.7708
1NC0 739 2.008 0.2549 0.7396
1NC0 740 1.942 0.2684 0.7500
1NC0 741 1.915 0.2949 0.7604
1NC0 742 1.890 0.2887 0.7604
1NC0 743 1.999 0.2589 0.7500
1NC0 744 2.031 0.2686 0.7604
1NC0 745 1.898 0.2781 0.7604
1NC0 746 1.967 0.2815 0.7396
1NC0 747 1.953 0.2967 0.7604
1NC0 748 2.042 0.2643 0.7396
1NC0 749 2.000 0.2868 0.7500
1NC0 750 1.921 0.2697 0.7500
1NC0 751 1.854 0.3098 0.7917
1NC0 752 1.957 0.2857 0.7500
1NC0 753 2.108 0.2582 0.7292
1NC0 754 1.859 0.3098 0.7708
1NC0 755 1.953 0.2609 0.7292
1NC0 756 1.939 0.2805 0.7604
1NC0 757 1.917 0.2944 0.7708
1NC0 758 1.988 0.2734 0.7604
1NC0 759 1.826 0.2925 0.7500
1NC0 760 1.913 0.2717 0.7708
1NC0 761 2.020 0.2789 0.7396
1NC0 762 1.860 0.2998 0.7708
1NC0 763 1.972 0.2696 0.7396
1NC0 764 1.954 0.2860 0.7604
1NC0 765 1.912 0.2794 0.7604
1NC0 766 1.836 0.2893 0.7604
1NC0 767 2.059 0.2658 0.7604
1NC0 768 2.089 0.2611 0.7604
1NC0 769 1.927 0.2853 0.7604
1NC0 770 1.874 0.3033 0.7813
1NC0 771 1.860 0.3427 0.7917
1NC0 772 1.852 0.3314 0.7708
1NC0 773 1.884 0.3237 0.7813
1NC0 774 1.919 0.2986 0.7604
1NC0 775 2.008 0.2633 0.7604
1NC0 776 1.944 0.2805 0.7604
1NC0 777 1.910 0.3100 0.7708
1NC0 778 2.023 0.2765 0.7604
1NC0 779 1.895 0.3212 0.7708
1NC0 780 1.977 0.2505 0.7500
1NC0 781 2.001 0.2421 0.7396
1NC0 782 2.026 0.3147 0.7604
1NC0 783 1.836 0.3167 0.7708
1NC0 784 1.997 0.3071 0.7813
1NC0 785 1.710 0.3032 0.8021
1NC0 786 1.862 0.2984 0.7708
1NC0 787 1.886 0.2865 0.7708
1NC0 788 2.046 0.2595 0.7500
1NC0 789 1.859 0.3061 0.7604
1NC0 790 2.023 0.2369 0.7188
1NC0 791 1.872 0.2826 0.7604
1NC0 792 1.921 0.2559 0.7396
1NC0 793 1.847 0.3059 0.7708
1NC0 794 1.909 0.2682 0.7604
1NC0 795 1.976 0.3184 0.7813
1NC0 796 1.966 0.3049 0.7708
1NC0 797 1.898 0.3135 0.7708
1NC0 798 1.870 0.3079 0.7708
1NC0 799 1.798 0.3010 0.7813
1NC0 800 2.073 0.2439 0.7500
1NC0 801 1.956 0.2432 0.7396
1NC0 802 2.004 0.2648 0.7396
1NC0 803 1.941 0.3038 0.7708
1NC0 804 2.048 0.2412 0.7188
1NC0 805 2.003 0.2526 0.7500
1NC0 806 1.998 0.2827 0.7604
1NC0 807 1.943 0.2705 0.7500
1NC0 808 1.762 0.3416 0.7917
1NC0 809 2.017 0.2828 0.7708
1NC0 810 2.052 0.2644 0.7500
1NC0 811 1.890 0.2713 0.7604
1NC0 812 2.116 0.2719 0.7500
1NC0 813 1.811 0.2934 0.7708
1NC0 814 1.827 0.3145 0.7708
1NC0 815 1.883 0.3053 0.7708
1NC0 816 2.039 0.2757 0.7604
1NC0 817 1.952 0.2703 0.7604
1NC0 818 1.922 0.2515 0.7500
1NC0 819 2.040 0.2592 0.7396
1NC0 820 1.855 0.3080 0.7708
1NC0 821 1.926 0.2746 0.7500
1NC0 822 2.001 0.2733 0.7500
1NC0 823 2.041 0.3184 0.7500
1NC0 824 2.012 0.2767 0.7500
1NC0 825 1.896 0.2722 0.7500
1NC0 826 2.189 0.2387 0.7292
1NC0 827 2.229 0.2427 0.7396
1NC0 828 2.172 0.2415 0.7188
1NC0 829 2.433 0.2371 0.7083
1NC0 830 2.312 0.2479 0.7188
1NC0 831 2.345 0.2389 0.7292
1NC0 832 2.227 0.2597 0.7292
1NC0 833 2.063 0.2590 0.7396
1NC0 834 1.887 0.2990 0.7708
1NC0 835 2.066 0.2416 0.7188
1NC0 836 2.160 0.2482 0.7292
1NC0 837 1.951 0.2603 0.7396
1NC0 838 2.149 0.2423 0.7396
1NC0 839 2.177 0.2820 0.7500
1NC0 840 2.309 0.2307 0.7396
1NC0 841 2.393 0.2243 0.7188
1NC0 842 2.424 0.2331 0.7083
1NC0 843 2.149 0.2427 0.7292
1NC0 844 2.262 0.2501 0.7292
1NC0 845 2.419 0.2560 0.7188
1NC0 846 2.306 0.2423 0.7292
1NC0 847 2.206 0.2352 0.7188
1NC0 848 2.159 0.2511 0.7292
1NC0 849 2.257 0.2411 0.7292
1NC0 850 2.090 0.2423 0.7396
1NC0 851 1.953 0.2842 0.7396
1NC0 852 1.930 0.2675 0.7708
1NC0 853 2.044 0.2625 0.7604
1NC0 854 1.943 0.2550 0.7500
1NC0 855 2.090 0.2428 0.7188
1NC0 856 2.041 0.2578 0.7396
1NC0 857 2.128 0.2674 0.7396
1NC0 858 2.524 0.2230 0.6979
1NC0 859 2.259 0.2519 0.7292
1NC0 860 2.152 0.2543 0.7292
1NC0 861 2.247 0.2467 0.7188
1NC0 862 2.264 0.2503 0.7188
1NC0 863 1.967 0.2632 0.7500
1NC0 864 2.341 0.2404 0.7083
1NC0 865 2.207 0.2590 0.7500
1NC0 866 2.349 0.2468 0.7500
1NC0 867 2.151 0.2523 0.7604
1NC0 868 2.145 0.2477 0.7500
1NC0 869 2.155 0.2755 0.7500
1NC0 870 2.153 0.2448 0.7396
1NC0 871 2.266 0.2425 0.7292
1NC0 872 2.199 0.2409 0.7292
1NC0 873 2.205 0.2385 0.7188
1NC0 874 2.513 0.2671 0.6875
1NC0 875 2.165 0.2581 0.7292
1NC0 876 2.410 0.2418 0.7083
1NC0 877 2.242 0.2531 0.7292
1NC0 878 2.062 0.2709 0.7396
1NC0 879 2.187 0.2790 0.7396
1NC0 880 2.493 0.2461 0.7083
1NC0 881 2.374 0.2304 0.6979
1NC0 882 2.151 0.2774 0.7188
1NC0 883 2.358 0.2418 0.7188
1NC0 884 2.077 0.2728 0.7500
1NC0 885 2.347 0.2326 0.7083
1NC0 886 2.209 0.2477 0.7292
1NC0 887 1.861 0.3051 0.7604
1NC0 888 2.113 0.2636 0.7396
1NC0 889 2.115 0.2623 0.7292
1NC0 890 2.060 0.2831 0.7604
1NC0 891 2.150 0.2480 0.7500
1NC0 892 2.353 0.2351 0.7292
1NC0 893 2.340 0.2387 0.7292
1NC0 894 2.347 0.2313 0.7292
1NC0 895 2.095 0.2444 0.7500
1NC0 896 2.329 0.2308 0.7188
1NC0 897 2.505 0.2350 0.6979
1NC0 898 2.100 0.2478 0.7396
1NC0 899 2.243 0.2621 0.7396
1NC0 900 2.159 0.2600 0.7396
1NC0 901 1.900 0.2829 0.7708
1NC0 902 1.951 0.2678 0.7500
1NC0 903 2.057 0.2662 0.7396
1NC0 904 2.280 0.2426 0.7188
1NC0 905 2.229 0.2601 0.7396
1NC0 906 2.353 0.2618 0.7500
1NC0 907 2.361 0.2466 0.7292
1NC0 908 2.323 0.2403 0.7292
1NC0 909 2.308 0.2537 0.7292
1NC0 910 2.383 0.2487 0.7083
1NC0 911 2.159 0.2771 0.7292
1NC0 912 2.213 0.2627 0.7500
1NC0 913 2.410 0.2453 0.7292
1NC0 914 2.325 0.2464 0.7188
1NC0 915 2.127 0.2395 0.7396
1NC0 916 2.170 0.2382 0.7292
1NC0 917 2.243 0.2595 0.7188
1NC0 918 1.995 0.2712 0.7500
1NC0 919 2.047 0.2547 0.7396
1NC0 920 2.490 0.2297 0.6979
1NC0 921 2.405 0.2092 0.7188
1NC0 922 2.052 0.2402 0.7292
1NC0 923 2.084 0.2468 0.7292
1NC0 924 2.146 0.2163 0.7188
1NC0 925 2.186 0.2419 0.7292
1NC0 926 2.211 0.2352 0.7292
1NC0 927 2.360 0.2373 0.7188
1NC0 928 2.211 0.2564 0.7292
1NC0 929 2.292 0.2819 0.7396
1NC0 930 2.379 0.2346 0.6979
1NC0 931 2.257 0.2112 0.7083
1NC0 932 2.202 0.2327 0.7188
1NC0 933 2.293 0.2170 0.7396
1NC0 934 2.258 0.2250 0.7188
1NC0 935 2.267 0.2210 0.7083
1NC0 936 2.414 0.2136 0.6875
1NC0 937 2.039 0.2454 0.7292
1NC0 938 2.283 0.2234 0.7188
1NC0 939 2.209 0.2545 0.7292
1NC0 940 2.033 0.2920 0.7396
1NC0 941 2.090 0.2774 0.7396
1NC0 942 2.079 0.2602 0.7396
1NC0 943 2.213 0.2321 0.7083
1NC0 944 2.157 0.2542 0.7292
1NC0 945 2.321 0.2425 0.7188
1NC0 946 2.398 0.2373 0.7292
1NC0 947 2.193 0.2530 0.7500
1NC0 948 2.015 0.2665 0.7500
1NC0 949 2.366 0.2592 0.6979
1NC0 950 2.049 0.2555 0.7500
1NC0 951 2.084 0.2494 0.7396
1NC0 952 2.135 0.2516 0.7396
1NC0 953 2.049 0.2493 0.7396
1NC0 954 2.177 0.2528 0.7292
1NC0 955 2.225 0.2833 0.7500
1NC0 956 2.283 0.2510 0.7083
1NC0 957 2.398 0.2281 0.7083
1NC0 958 2.283 0.2485 0.7292
1NC0 959 2.296 0.2354 0.7083
1NC0 960 2.441 0.2170 0.6875
1NC0 961 2.267 0.2213 0.7083
1NC0 962 2.124 0.2715 0.7396
1NC0 963 2.361 0.2512 0.7188
1NC0 964 2.260 0.2649 0.7292
1NC0 965 2.140 0.2468 0.7292
1NC0 966 2.185 0.2453 0.7292
1NC0 967 2.136 0.2508 0.7500
1NC0 968 2.354 0.2599 0.7188
1NC0 969 2.440 0.2065 0.7188
1NC0 970 2.149 0.2574 0.7292
1NC0 971 2.118 0.2467 0.7292
1NC0 972 2.393 0.2355 0.7083
1NC0 973 2.343 0.2347 0.7188
1NC0 974 2.259 0.2184 0.7292
1NC0 975 2.147 0.2299 0.7292
1NC0 976 2.150 0.2278 0.7188
1NC0 977 2.332 0.2289 0.7083
1NC0 978 2.505 0.2438 0.6875
1NC0 979 2.611 0.2281 0.6667
1NC0 980 2.258 0.2461 0.7188
1NC0 981 2.186 0.2782 0.7292
1NC0 982 2.431 0.2343 0.7083
1NC0 983 2.470 0.2500 0.7083
1NC0 984 2.590 0.2047 0.6667
1NC0 985 2.036 0.2564 0.7500
1NC0 986 1.962 0.2454 0.7500
1NC0 987 2.038 0.2538 0.7500
1NC0 988 2.314 0.2519 0.7500
1NC0 989 2.315 0.2505 0.7188
1NC0 990 2.173 0.2509 0.7292
1NC0 991 2.079 0.2700 0.7604
1NC0 992 2.214 0.2396 0.7500
1NC0 993 1.897 0.2776 0.7604
1NC0 994 2.249 0.2611 0.7396
1NC0 995 2.035 0.2579 0.7500
1NC0 996 1.907 0.2727 0.7708
1NC0 997 2.193 0.2390 0.7292
1NC0 998 2.520 0.2302 0.7083
1NC0 999 2.314 0.2459 0.7188
1NC0 1000 2.133 0.2831 0.7604
1NC0 1001 2.268 0.2559 0.7292
1NC0 1002 2.349 0.2591 0.7292
1NC0 1003 1.980 0.2634 0.7708
1NC0 1004 2.279 0.2551 0.7292
1NC0 1005 2.217 0.2620 0.7292
1NC0 1006 2.092 0.2494 0.7500
1NC0 1007 2.258 0.2499 0.7396
1NC0 1008 2.301 0.2495 0.7292
1NC0 1009 2.086 0.2670 0.7396
1NC0 1010 2.226 0.2633 0.7396
1NC0 1011 2.002 0.2997 0.7604
1NC0 1012 2.104 0.2672 0.7604
1NC0 1013 2.221 0.2549 0.7500
1NC0 1014 2.330 0.2674 0.7188
1NC0 1015 2.447 0.2569 0.7083
1NC0 1016 2.297 0.2322 0.7396
1NC0 1017 2.351 0.2305 0.7188
1NC0 1018 2.240 0.2415 0.7396
1NC0 1019 2.435 0.2360 0.7188
1NC0 1020 2.425 0.2214 0.7188
1NC0 1021 2.364 0.2431 0.7292
1NC0 1022 2.532 0.2304 0.6979
1NC0 1023 1.883 0.2740 0.7813
1NC0 1024 2.380 0.2572 0.7292
1NC0 1025 2.435 0.2138 0.6979
1NC0 1026 2.439 0.2289 0.7083
1NC0 1027 2.234 0.2610 0.7292
1NC0 1028 2.257 0.2520 0.7188
1NC0 1029 2.100 0.2750 0.7500
1NC0 1030 2.207 0.2669 0.7396
1NC0 1031 1.876 0.3006 0.7708
1NC0 1032 2.125 0.2511 0.7500
1NC0 1033 2.167 0.2549 0.7292
1NC0 1034 2.201 0.2711 0.7292
1NC0 1035 2.196 0.2532 0.7292
1NC0 1036 2.292 0.2882 0.7500
1NC0 1037 2.102 0.2829 0.7500
1NC0 1038 2.275 0.2544 0.7188
1NC0 1039 1.944 0.2849 0.7708
1NC0 1040 2.042 0.2426 0.7604
1NC0 1041 2.225 0.2381 0.7292
1NC0 1042 2.045 0.2540 0.7500
1NC0 1043 2.099 0.2918 0.7604
1NC0 1044 2.106 0.2595 0.7396
1NC0 1045 2.095 0.2654 0.7500
1NC0 1046 2.169 0.2620 0.7500
1NC0 1047 2.279 0.2552 0.7292
1NC0 1048 2.148 0.2516 0.7292
1NC0 1049 2.133 0.2504 0.7292
1NC0 1050 2.417 0.2435 0.7083
1NC0 1051 2.383 0.2318 0.7083
1NC0 1052 2.132 0.2606 0.7188
1NC0 1053 2.358 0.2772 0.7188
1NC0 1054 2.312 0.2796 0.7292
1NC0 1055 2.462 0.2692 0.7083
1NC0 1056 2.303 0.2536 0.7188
1NC0 1057 2.324 0.2659 0.7188
1NC0 1058 2.319 0.2513 0.7188
1NC0 1059 2.016 0.2450 0.7396
1NC0 1060 2.209 0.2374 0.7292
1NC0 1061 2.436 0.2331 0.6979
1NC0 1062 2.187 0.2334 0.7292
1NC0 1063 2.255 0.2527 0.7500
1NC0 1064 2.330 0.2692 0.7396
1NC0 1065 2.143 0.2412 0.7396
1NC0 1066 2.167 0.2418 0.7292
1NC0 1067 2.255 0.2374 0.7292
1NC0 1068 2.295 0.2244 0.7396
1NC0 1069 2.353 0.2421 0.7188
1NC0 1070 2.358 0.2205 0.7188
1NC0 1071 1.987 0.2917 0.7604
1NC0 1072 1.887 0.2555 0.7396
1NC0 1073 2.429 0.2237 0.7083
1NC0 1074 2.046 0.2438 0.7396
1NC0 1075 2.346 0.2605 0.7396
1NC0 1076 2.299 0.2471 0.7188
1NC0 1077 2.189 0.2411 0.7292
1NC0 1078 2.309 0.2331 0.7188
1NC0 1079 2.189 0.2456 0.7396
1NC0 1080 1.870 0.2824 0.7708
1NC0 1081 1.837 0.2825 0.7604
1NC0 1082 2.233 0.2419 0.7292
1NC0 1083 2.186 0.2329 0.7188
1NC0 1084 1.904 0.2588 0.7708
1NC0 1085 1.986 0.2693 0.7500
1NC0 1086 1.962 0.2918 0.7604
1NC0 1087 2.214 0.2458 0.7292
1NC0 1088 2.046 0.2660 0.7396
1NC0 1089 1.938 0.2530 0.7500
1NC0 1090 2.418 0.2462 0.7188
1NC0 1091 2.322 0.2694 0.7396
1NC0 1092 2.082 0.2662 0.7292
1NC0 1093 1.994 0.3035 0.7604
1NC0 1094 2.282 0.2306 0.7083
1NC0 1095 2.214 0.2664 0.7500
1NC0 1096 2.068 0.2800 0.7604
1NC0 1097 2.226 0.2696 0.7396
1NC0 1098 1.981 0.2987 0.7917
1NC0 1099 2.190 0.2677 0.7500
1NC0 1100 2.417 0.2169 0.6979
1NC0 1101 2.090 0.2743 0.7500
1NC0 1102 1.988 0.2822 0.7604
1NC0 1103 2.445 0.2322 0.7083
1NC0 1104 1.972 0.3081 0.7500
1NC0 1105 2.103 0.2550 0.7604
1NC0 1106 2.276 0.2397 0.7396
1NC0 1107 2.043 0.2681 0.7396
1NC0 1108 2.003 0.2524 0.7604
1NC0 1109 2.206 0.2619 0.7500
1NC0 1110 2.117 0.2878 0.7708
1NC0 1111 1.883 0.2890 0.7604
1NC0 1112 2.191 0.2441 0.7396
1NC0 1113 2.504 0.2194 0.6979
1NC0 1114 2.043 0.2330 0.7292
1NC0 1115 2.041 0.2549 0.7292
1NC0 1116 2.144 0.2523 0.7188
1NC0 1117 2.294 0.2389 0.7292
1NC0 1118 2.158 0.2275 0.7292
1NC0 1119 2.345 0.2407 0.7188
1NC0 1120 2.057 0.2730 0.7396
1NC0 1121 1.968 0.2862 0.7604
1NC0 1122 2.170 0.2334 0.7396
1NC0 1123 2.167 0.2288 0.7188
1NC0 1124 2.300 0.2516 0.7292
1NC0 1125 2.240 0.2637 0.7396
1NC0 1126 2.228 0.2528 0.7292
1NC0 1127 2.187 0.2510 0.7396
1NC0 1128 2.228 0.2462 0.7292
1NC0 1129 2.136 0.2555 0.7604
1NC0 1130 1.875 0.3133 0.7813
1NC0 1131 2.120 0.2855 0.7500
1NC0 1132 2.052 0.2416 0.7500
1NC0 1133 1.998 0.2424 0.7500
1NC0 1134 2.221 0.2586 0.7500
1NC0 1135 2.005 0.2971 0.7604
1NC0 1136 1.894 0.2656 0.7708
1NC0 1137 2.319 0.2306 0.7083
1NC0 1138 1.875 0.2912 0.7708
1NC0 1139 1.992 0.2840 0.7604
1NC0 1140 2.308 0.2233 0.7188
1NC0 1141 2.205 0.2298 0.7188
1NC0 1142 2.186 0.2563 0.7396
1NC0 1143 2.063 0.2641 0.7396
1NC0 1144 2.311 0.2439 0.7292
1NC0 1145 2.152 0.2726 0.7083
1NC0 1146 1.878 0.2573 0.7500
1NC0 1147 2.292 0.2352 0.7083
1NC0 1148 1.950 0.2803 0.7396
1NC0 1149 2.218 0.2369 0.7396
1NC0 1150 2.322 0.2434 0.7292
1NC0 1151 2.377 0.2494 0.7188
1NC0 1152 2.015 0.2512 0.7396
1NC0 1153 2.104 0.2591 0.7396
1NC0 1154 2.201 0.2422 0.7188
1NC0 1155 2.106 0.2497 0.7396
1NC0 1156 2.254 0.2423 0.7188
1NC0 1157 2.113 0.2561 0.7396
1NC0 1158 2.084 0.2501 0.7500
1NC0 1159 2.236 0.2366 0.7188
1NC0 1160 2.569 0.2109 0.6875
1NC0 1161 2.057 0.2429 0.7292
1NC0 1162 1.955 0.2592 0.7500
1NC0 1163 2.035 0.2718 0.7500
1NC0 1164 1.952 0.2612 0.7604
1NC0 1165 1.951 0.2532 0.7604
1NC0 1166 1.903 0.2810 0.7708
1NC0 1167 2.096 0.2543 0.7396
1NC0 1168 2.162 0.2591 0.7396
1NC0 1169 2.167 0.2318 0.7292
1NC0 1170 2.355 0.2273 0.7083
1NC0 1171 2.443 0.2065 0.6875
1NC0 1172 2.030 0.2631 0.7396
1NC0 1173 2.019 0.2710 0.7292
1NC0 1174 1.917 0.2642 0.7500
1NC0 1175 2.328 0.2361 0.7292
1NC0 1176 1.959 0.2535 0.7500
1NC0 1177 2.022 0.2664 0.7500
1NC0 1178 2.225 0.2740 0.7188
1NC0 1179 2.248 0.2266 0.7396
1NC0 1180 1.713 0.3081 0.7917
1NC0 1181 2.013 0.2856 0.7604
1NC0 1182 2.402 0.2271 0.7188
1NC0 1183 2.063 0.2408 0.7292
1NC0 1184 2.282 0.2278 0.7188
1NC0 1185 2.264 0.2329 0.7292
1NC0 1186 2.233 0.2599 0.7500
1NC0 1187 2.318 0.2271 0.7188
1NC0 1188 2.451 0.2387 0.7292
1NC0 1189 2.412 0.2464 0.7396
1NC0 1190 2.219 0.2733 0.7396
1NC0 1191 2.038 0.2490 0.7604
1NC0 1192 2.008 0.2557 0.7396
1NC0 1193 2.136 0.2436 0.7188
1NC0 1194 1.831 0.2753 0.7604
1NC0 1195 2.001 0.2541 0.7396
1NC0 1196 2.032 0.2695 0.7500
1NC0 1197 1.847 0.2780 0.7500
1NC0 1198 1.965 0.2928 0.7708
1NC0 1199 1.934 0.2725 0.7500
1NC0 1200 1.897 0.2662 0.7604
1NC0 1201 1.831 0.2894 0.7604
1NC0 1202 2.261 0.2540 0.7292
1NC0 1203 2.165 0.2572 0.7083
1NC0 1204 2.091 0.2589 0.7292
1NC0 1205 1.914 0.2817 0.7500
1NC0 1206 1.882 0.2572 0.7604
1NC0 1207 1.835 0.2482 0.7500
1NC0 1208 1.933 0.2341 0.7500
1NC0 1209 1.891 0.3281 0.8125
1NC0 1210 1.792 0.2598 0.7708
1NC0 1211 1.805 0.3068 0.8021
1NC0 1212 1.967 0.2447 0.7292
1NC0 1213 1.911 0.2662 0.7396
1NC0 1214 1.861 0.2804 0.7604
1NC0 1215 2.081 0.2945 0.7500
1NC0 1216 1.872 0.2666 0.7500
1NC0 1217 2.278 0.2429 0.7500
1NC0 1218 2.232 0.2440 0.7500
1NC0 1219 2.462 0.2665 0.7292
1NC0 1220 2.051 0.2477 0.7500
1NC0 1221 2.082 0.2610 0.7292
1NC0 1222 2.280 0.2401 0.7292
1NC0 1223 2.214 0.2449 0.7188
1NC0 1224 2.124 0.2871 0.7708
1NC0 1225 1.897 0.2751 0.7604
1NC0 1226 2.223 0.2273 0.7292
1NC0 1227 2.690 0.2386 0.7188
1NC0 1228 2.149 0.2795 0.7500
1NC0 1229 2.277 0.2589 0.7292
1NC0 1230 2.236 0.2331 0.7188
1NC0 1231 1.830 0.2810 0.7917
1NC0 1232 2.156 0.2799 0.7708
1NC0 1233 2.456 0.2529 0.7083
1NC0 1234 2.547 0.2492 0.7292
1NC0 1235 2.271 0.2518 0.7292
1NC0 1236 2.042 0.2695 0.7396
1NC0 1237 2.160 0.2310 0.7292
1NC0 1238 2.177 0.2627 0.7396
1NC0 1239 2.184 0.2418 0.7292
1NC0 1240 2.068 0.2954 0.7813
1NC0 1241 2.104 0.2480 0.7500
1NC0 1242 2.084 0.2698 0.7500
1NC0 1243 2.036 0.2960 0.7813
1NC0 1244 2.267 0.2383 0.7396
1NC0 1245 2.652 0.2061 0.6979
1NC0 1246 2.315 0.2246 0.6979
1NC0 1247 2.067 0.2553 0.7396
1NC0 1248 2.223 0.2731 0.7500
1NC0 1249 1.986 0.2881 0.7708
1NC0 1250 2.057 0.2696 0.7500
1NC0 1251 1.937 0.3043 0.7708
1NC0 1252 2.515 0.2230 0.6875
1NC0 1253 2.253 0.2473 0.7292
1NC0 1254 2.373 0.2273 0.7188
1NC0 1255 2.047 0.2372 0.7396
1NC0 1256 2.014 0.2702 0.7604
1NC0 1257 2.394 0.2353 0.7083
1NC0 1258 2.214 0.2456 0.7292
1NC0 1259 2.376 0.2661 0.7292
1NC0 1260 1.994 0.2604 0.7604
1NC0 1261 1.990 0.2518 0.7396
1NC0 1262 2.222 0.2472 0.7500
1NC0 1263 2.057 0.2933 0.7604
1NC0 1264 2.671 0.2313 0.7292
1NC0 1265 1.945 0.2831 0.7604
1NC0 1266 1.868 0.2902 0.7708
1NC0 1267 2.216 0.2353 0.7292
1NC0 1268 1.896 0.3009 0.7917
1NC0 1269 2.265 0.2516 0.7396
1NC0 1270 2.055 0.2567 0.7396
1NC0 1271 1.923 0.2793 0.7500
1NC0 1272 2.240 0.2464 0.7500
1NC0 1273 2.177 0.2806 0.7604
1NC0 1274 2.020 0.2359 0.7500
1NC0 1275 2.175 0.2429 0.7500
1NC0 1276 2.277 0.2446 0.7188
1NC0 1277 2.176 0.2559 0.7396
1NC0 1278 1.857 0.2574 0.7500
1NC0 1279 1.905 0.2707 0.7708
1NC0 1280 1.949 0.2563 0.7396
1NC0 1281 1.825 0.2708 0.7604
1NC0 1282 2.087 0.2737 0.7708
1NC0 1283 1.856 0.2883 0.7917
1NC0 1284 2.208 0.2476 0.7500
1NC0 1285 2.387 0.2303 0.7292
1NC0 1286 2.546 0.2316 0.7083
1NC0 1287 2.082 0.2360 0.7604
1NC0 1288 1.974 0.2556 0.7500
1NC0 1289 1.898 0.3249 0.7813
1NC0 1290 2.037 0.2458 0.7292
1NC0 1291 1.872 0.2909 0.7708
1NC0 1292 1.680 0.3306 0.8125
1NC0 1293 1.706 0.2952 0.7604
1NC0 1294 1.686 0.2738 0.7708
1NC0 1295 1.975 0.2570 0.7604
1NC0 1296 2.202 0.2380 0.7188
1NC0 1297 2.163 0.3203 0.7813
1NC0 1298 2.151 0.2644 0.7396
1NC0 1299 2.090 0.2916 0.7708
1NC0 1300 2.266 0.2323 0.7292
1NC0 1301 2.380 0.2328 0.7083
1NC0 1302 2.109 0.2600 0.7396
1NC0 1303 1.976 0.2506 0.7500
1NC0 1304 2.494 0.2355 0.6979
1NC0 1305 2.228 0.2674 0.7396
1NC0 1306 2.360 0.2223 0.7188
1NC0 1307 2.033 0.2407 0.7604
1NC0 1308 2.216 0.2337 0.7396
1NC0 1309 1.895 0.2603 0.7500
1NC0 1310 2.581 0.2061 0.6875
1NC0 1311 2.752 0.2061 0.6979
1NC0 1312 2.304 0.2304 0.7292
1NC0 1313 2.265 0.2263 0.7188
1NC0 1314 2.486 0.2628 0.6979
1NC0 1315 2.633 0.2307 0.6875
1NC0 1316 2.590 0.2487 0.6979
1NC0 1317 2.655 0.2255 0.6875
1NC0 1318 2.231 0.2273 0.7292
1NC0 1319 2.452 0.2825 0.7188
1NC0 1320 2.093 0.2610 0.7396
1NC0 1321 1.823 0.2772 0.7604
1NC0 1322 2.175 0.2400 0.7292
1NC0 1323 2.212 0.2736 0.7604
1NC0 1324 1.960 0.3039 0.7708
1NC0 1325 1.745 0.2739 0.7813
1NC0 1326 1.866 0.2802 0.7813
1NC0 1327 2.262 0.2345 0.7188
1NC0 1328 1.956 0.2736 0.7604
1NC0 1329 1.872 0.2864 0.7917
1NC0 1330 2.318 0.2299 0.7396
1NC0 1331 2.285 0.2294 0.7292
1NC0 1332 2.157 0.3382 0.7708
1NC0 1333 2.427 0.2504 0.7292
1NC0 1334 2.307 0.2872 0.7396
1NC0 1335 2.397 0.2489 0.7292
1NC0 1336 2.392 0.2465 0.7500
1NC0 1337 2.253 0.2536 0.7396
1NC0 1338 2.846 0.2070 0.6667
1NC0 1339 2.089 0.2735 0.7604
1NC0 1340 2.334 0.2345 0.7188
1NC0 1341 2.363 0.2179 0.7188
1NC0 1342 2.426 0.2072 0.7083
1NC0 1343 2.212 0.2191 0.7083
1NC0 1344 2.230 0.2460 0.7500
1NC0 1345 2.564 0.2047 0.6979
1NC0 1346 2.442 0.2121 0.7188
1NC0 1347 2.095 0.2383 0.7396
1NC0 1348 1.828 0.3009 0.7917
1NC0 1349 2.493 0.2368 0.7188
1NC0 1350 2.584 0.2505 0.7188
1NC0 1351 2.401 0.2446 0.7083
1NC0 1352 2.384 0.2764 0.7396
1NC0 1353 2.357 0.2418 0.7188
1NC0 1354 2.648 0.2889 0.7292
1NC0 1355 2.727 0.2477 0.7083
1NC0 1356 2.492 0.2266 0.7188
1NC0 1357 2.272 0.2509 0.7188
1NC0 1358 2.170 0.2483 0.7500
1NC0 1359 2.323 0.2514 0.7083
1NC0 1360 2.480 0.2440 0.7188
1NC0 1361 2.330 0.2577 0.7188
1NC0 1362 2.164 0.2393 0.7292
1NC0 1363 2.128 0.2513 0.7500
1NC0 1364 2.494 0.2631 0.7396
1NC0 1365 3.025 0.2684 0.6979
1NC0 1366 3.006 0.2484 0.6875
1NC0 1367 2.774 0.2637 0.7292
1NC0 1368 2.438 0.2917 0.7500
1NC0 1369 2.801 0.2687 0.7083
1NC0 1370 2.821 0.2229 0.6979
1NC0 1371 2.903 0.2814 0.7083
1NC0 1372 2.630 0.2381 0.7083
1NC0 1373 2.299 0.2412 0.7396
1NC0 1374 2.188 0.2616 0.7292
1NC0 1375 2.809 0.2252 0.6667
1NC0 1376 2.439 0.2430 0.7083
1NC0 1377 2.186 0.2574 0.7188
1NC0 1378 2.053 0.2591 0.7292
1NC0 1379 2.712 0.2611 0.7083
1NC0 1380 2.752 0.2657 0.6979
1NC0 1381 2.536 0.2820 0.7188
1NC0 1382 2.582 0.2477 0.6979
1NC0 1383 2.398 0.2343 0.6979
1NC0 1384 2.745 0.2772 0.6771
1NC0 1385 2.780 0.2195 0.6771
1NC0 1386 2.431 0.2569 0.7292
1NC0 1387 2.841 0.2181 0.6875
1NC0 1388 2.541 0.2872 0.7292
1NC0 1389 2.328 0.2735 0.7292
1NC0 1390 3.073 0.2554 0.6979
1NC0 1391 3.256 0.2664 0.6771
1NC0 1392 2.626 0.2537 0.6875
1NC0 1393 2.155 0.2769 0.7500
1NC0 1394 1.971 0.2665 0.7500
1NC0 1395 2.346 0.2474 0.7083
1NC0 1396 2.388 0.2427 0.7083
1NC0 1397 2.309 0.2363 0.7083
1NC0 1398 2.231 0.2313 0.7188
1NC0 1399 2.582 0.2037 0.6979
1NC0 1400 2.300 0.2212 0.7188
1NC0 1401 2.484 0.2103 0.6979
1NC0 1402 2.876 0.2352 0.6667
1NC0 1403 2.831 0.2283 0.6979
1NC0 1404 2.861 0.2225 0.6979
1NC0 1405 2.600 0.2357 0.7083
1NC0 1406 2.326 0.2467 0.7188
1NC0 1407 2.327 0.2555 0.7188
1NC0 1408 2.374 0.2522 0.7083
1NC0 1409 2.055 0.2718 0.7708
1NC0 1410 2.290 0.2766 0.7396
1NC0 1411 2.358 0.2304 0.7083
1NC0 1412 2.607 0.2444 0.7188
1NC0 1413 2.831 0.2196 0.6875
1NC0 1414 2.579 0.2450 0.7083
1NC0 1415 2.139 0.2296 0.7396
1NC0 1416 1.932 0.3029 0.7813
1NC0 1417 2.376 0.2301 0.7083
1NC0 1418 2.634 0.2535 0.7083
1NC0 1419 2.720 0.2295 0.6875
1NC0 1420 2.475 0.2372 0.6979
1NC0 1421 2.474 0.2494 0.7188
1NC0 1422 2.525 0.2470 0.7188
1NC0 1423 2.705 0.2259 0.7188
1NC0 1424 2.244 0.2487 0.7083
1NC0 1425 2.168 0.2490 0.7188
1NC0 1426 2.169 0.2731 0.7500
1NC0 1427 2.222 0.2724 0.7292
1NC0 1428 2.291 0.2479 0.7188
1NC0 1429 2.107 0.2769 0.7500
1NC0 1430 2.049 0.2480 0.7500
1NC0 1431 1.992 0.2670 0.7604
1NC0 1432 2.485 0.2587 0.7292
1NC0 1433 2.227 0.2584 0.7396
1NC0 1434 2.030 0.2444 0.7396
1NC0 1435 1.898 0.2759 0.7396
1NC0 1436 1.991 0.2372 0.7292
1NC0 1437 2.034 0.2494 0.7396
1NC0 1438 2.385 0.2277 0.7083
1NC0 1439 1.986 0.2644 0.7604
1NC0 1440 1.943 0.2590 0.7500
1NC0 1441 2.028 0.2373 0.7396
1NC0 1442 2.280 0.2193 0.7083
1NC0 1443 2.468 0.2345 0.7396
1NC0 1444 2.616 0.2530 0.6979
1NC0 1445 2.047 0.3112 0.7813
1NC0 1446 2.098 0.2938 0.7604
1NC0 1447 2.465 0.2585 0.7292
1NC0 1448 2.191 0.2379 0.7188
1NC0 1449 2.604 0.2450 0.7083
1NC0 1450 2.658 0.2387 0.6979
1NC0 1451 2.635 0.2560 0.7292
1NC0 1452 2.625 0.2535 0.7188
1NC0 1453 2.807 0.2608 0.6875
1NC0 1454 2.981 0.2625 0.6979
1NC0 1455 2.745 0.2471 0.6979
1NC0 1456 2.647 0.2687 0.6979
1NC0 1457 3.282 0.1970 0.6458
1NC0 1458 2.806 0.2521 0.7292
1NC0 1459 2.528 0.2525 0.7188
1NC0 1460 2.523 0.2816 0.7396
1NC0 1461 2.771 0.2126 0.6979
1NC0 1462 2.974 0.2773 0.7083
1NC0 1463 2.547 0.2623 0.7292
1NC0 1464 2.677 0.2486 0.7083
1NC0 1465 2.840 0.2318 0.6875
1NC0 1466 3.193 0.1845 0.6250
1NC0 1467 2.653 0.2638 0.7083
1NC0 1468 2.333 0.2194 0.7083
1NC0 1469 2.941 0.2090 0.6667
1NC0 1470 2.426 0.2346 0.7292
1NC0 1471 2.178 0.2326 0.7396
1NC0 1472 2.383 0.2246 0.6979
1NC0 1473 2.468 0.2103 0.6979
1NC0 1474 2.417 0.2526 0.7292
1NC0 1475 2.741 0.2587 0.7292
1NC0 1476 2.573 0.2251 0.6875
1NC0 1477 2.615 0.2199 0.6979
1NC0 1478 2.357 0.2536 0.7188
1NC0 1479 2.311 0.2353 0.7188
1NC0 1480 2.415 0.2470 0.7396
1NC0 1481 2.781 0.2137 0.6875
1NC0 1482 2.611 0.2439 0.7083
1NC0 1483 1.932 0.2797 0.7708
1NC0 1484 2.260 0.2435 0.7292
1NC0 1485 2.644 0.2312 0.7188
1NC0 1486 2.784 0.2193 0.6771
1NC0 1487 2.398 0.2532 0.7083
1NC0 1488 2.535 0.2385 0.7188
1NC0 1489 2.606 0.2247 0.6979
1NC0 1490 2.856 0.2318 0.6875
1NC0 1491 2.791 0.2409 0.7188
1NC0 1492 2.703 0.2294 0.7292
1NC0 1493 3.131 0.2085 0.6875
1NC0 1494 3.230 0.2260 0.6979
1NC0 1495 3.400 0.2777 0.7083
1NC0 1496 3.581 0.2173 0.6667
1NC0 1497 3.172 0.2563 0.6771
1NC0 1498 3.136 0.2165 0.6771
1NC0 1499 2.922 0.2235 0.7188
1NC0 1500 2.999 0.2057 0.6771
1NC0 1501 2.918 0.2125 0.6979
1NC0 1502 2.569 0.2368 0.7188
1NC0 1503 3.018 0.2084 0.6875
1NC0 1504 2.176 0.2653 0.7604
1NC0 1505 2.277 0.2657 0.7396
1NC0 1506 2.961 0.2340 0.6771
1NC0 1507 2.717 0.2479 0.7188
1NC0 1508 2.651 0.2311 0.6979
1NC0 1509 2.727 0.2420 0.6875
1NC0 1510 2.969 0.2206 0.6771
1NC0 1511 2.820 0.2401 0.6771
1NC0 1512 2.397 0.2420 0.7396
1NC0 1513 2.631 0.2068 0.6875
1NC0 1514 2.573 0.2686 0.7292
1NC0 1515 2.664 0.2427 0.7292
1NC0 1516 2.673 0.2698 0.7292
1NC0 1517 2.626 0.2836 0.7500
1NC0 1518 2.782 0.2206 0.7083
1NC0 1519 2.598 0.2260 0.7083
1NC0 1520 2.627 0.2317 0.7188
1NC0 1521 2.829 0.2457 0.7083
1NC0 1522 3.033 0.2251 0.6875
1NC0 1523 2.658 0.2019 0.7188
1NC0 1524 2.888 0.2293 0.7083
1NC0 1525 3.200 0.2383 0.6979
1NC0 1526 3.116 0.2500 0.6771
1NC0 1527 2.625 0.2331 0.6979
1NC0 1528 2.757 0.2556 0.7292
1NC0 1529 2.801 0.2611 0.7292
1NC0 1530 2.739 0.2558 0.7083
1NC0 1531 2.770 0.2582 0.6979
1NC0 1532 2.614 0.2398 0.7083
1NC0 1533 2.663 0.2033 0.6667
1NC0 1534 2.686 0.2145 0.6667
1NC0 1535 2.661 0.2186 0.6875
1NC0 1536 2.496 0.2373 0.7292
1NC0 1537 2.616 0.2258 0.6875
1NC0 1538 2.377 0.2351 0.7083
1NC0 1539 2.527 0.2227 0.7188
1NC0 1540 2.593 0.2245 0.6875
1NC0 1541 2.535 0.2626 0.7083
1NC0 1542 2.457 0.2677 0.7396
1NC0 1543 2.961 0.2386 0.6771
1NC0 1544 2.557 0.2278 0.6875
1NC0 1545 2.416 0.2746 0.7188
1NC0 1546 2.532 0.2462 0.7292
1NC0 1547 2.341 0.2918 0.7292
1NC0 1548 2.661 0.2227 0.6979
1NC0 1549 2.547 0.3031 0.7396
1NC0 1550 2.392 0.2335 0.7188
1NC0 1551 2.692 0.2925 0.7292
1NC0 1552 3.105 0.2190 0.6563
1NC0 1553 2.406 0.2355 0.7083
1NC0 1554 2.650 0.2018 0.6875
1NC0 1555 2.697 0.2323 0.7188
1NC0 1556 2.416 0.2321 0.7188
1NC0 1557 2.777 0.2559 0.7292
1NC0 1558 2.939 0.2174 0.6667
1NC0 1559 2.647 0.2477 0.7396
1NC0 1560 2.640 0.2349 0.7188
1NC0 1561 2.685 0.2211 0.7083
1NC0 1562 2.623 0.2369 0.7292
1NC0 1563 2.662 0.2608 0.7396
1NC0 1564 2.667 0.2315 0.7083
1NC0 1565 2.343 0.2753 0.7396
1NC0 1566 2.217 0.2245 0.7292
1NC0 1567 2.945 0.1994 0.6771
1NC0 1568 2.949 0.2220 0.6771
1NC0 1569 2.703 0.2206 0.6979
1NC0 1570 2.648 0.2550 0.7396
1NC0 1571 2.715 0.2468 0.7083
1NC0 1572 3.141 0.2406 0.6771
1NC0 1573 2.858 0.2229 0.6771
1NC0 1574 2.943 0.2304 0.6979
1NC0 1575 2.746 0.2340 0.7188
1NC0 1576 2.577 0.2913 0.7604
1NC0 1577 2.917 0.2324 0.6979
1NC0 1578 3.455 0.2231 0.6563
1NC0 1579 3.000 0.2309 0.6979
1NC0 1580 2.691 0.2290 0.7188
1NC0 1581 2.675 0.2547 0.7188
1NC0 1582 3.118 0.2494 0.6875
1NC0 1583 2.964 0.2398 0.6875
1NC0 1584 2.455 0.2573 0.7396
1NC0 1585 2.741 0.2723 0.7396
1NC0 1586 2.634 0.2800 0.7188
1NC0 1587 2.622 0.2240 0.6979
1NC0 1588 2.460 0.2211 0.7083
1NC0 1589 2.563 0.2398 0.7083
1NC0 1590 2.524 0.2494 0.7188
1NC0 1591 2.337 0.2467 0.7188
1NC0 1592 2.722 0.2709 0.7083
1NC0 1593 2.914 0.2131 0.6771
1NC0 1594 2.510 0.2773 0.7188
1NC0 1595 2.527 0.2773 0.7396
1NC0 1596 2.739 0.2287 0.6875
1NC0 1597 2.604 0.2603 0.7083
1NC0 1598 2.770 0.2181 0.6979
1NC0 1599 2.544 0.2153 0.6979
1NC0 1600 2.696 0.2081 0.6667
1NC0 1601 2.804 0.2338 0.6875
1NC0 1602 2.721 0.1887 0.6563
1NC0 1603 2.842 0.1900 0.6771
1NC0 1604 2.659 0.2297 0.6979
1NC0 1605 2.677 0.1936 0.6667
1NC0 1606 2.900 0.1858 0.6458
1NC0 1607 2.754 0.2692 0.6771
