1LC6 1 0.000 1.0000 1.0000
1LC6 2 1.610 0.4430 0.8646
1LC6 3 2.254 0.5497 0.8646
1LC6 4 2.571 0.4921 0.8438
1LC6 5 0.805 0.7184 0.9792
1LC6 6 0.843 0.6290 0.9583
1LC6 7 1.270 0.6571 0.9167
1LC6 8 2.830 0.3741 0.8125
1LC6 9 2.038 0.4462 0.8333
1LC6 10 1.514 0.3897 0.8542
1LC6 11 1.215 0.5043 0.8958
1LC6 12 0.601 0.7601 0.9792
1LC6 13 1.013 0.4965 0.9479
1LC6 14 1.216 0.4842 0.8646
1LC6 15 1.280 0.6888 0.9479
1LC6 16 1.227 0.5645 0.9271
1LC6 17 2.057 0.4388 0.8333
1LC6 18 1.533 0.4579 0.8958
1LC6 19 1.355 0.4812 0.8646
1LC6 20 1.531 0.3878 0.8542
1LC6 21 1.963 0.5109 0.8854
1LC6 22 2.386 0.4042 0.8125
1LC6 23 0.705 0.6672 0.9792
1LC6 24 0.709 0.6712 0.9792
1LC6 25 1.678 0.5267 0.9063
1LC6 26 2.511 0.3145 0.7500
1LC6 27 1.271 0.5534 0.9479
1LC6 28 1.454 0.6919 0.9583
1LC6 29 1.341 0.6445 0.9375
1LC6 30 1.289 0.6633 0.9688
1LC6 31 2.016 0.3756 0.8021
1LC6 32 1.211 0.6038 0.9479
1LC6 33 1.332 0.5686 0.8958
1LC6 34 2.149 0.3716 0.7813
1LC6 35 1.041 0.5699 0.9375
1LC6 36 1.478 0.4778 0.8750
1LC6 37 0.901 0.5718 0.9583
1LC6 38 1.334 0.4682 0.8750
1LC6 39 1.066 0.5411 0.9167
1LC6 40 1.590 0.5409 0.9063
1LC6 41 12.561 0.0964 0.2292
1LC6 42 10.338 0.1583 0.3750
1LC6 43 10.571 0.1326 0.3333
1LC6 44 9.614 0.1444 0.3958
1LC6 45 9.979 0.1262 0.3854
1LC6 46 6.842 0.1681 0.4688
1LC6 47 8.558 0.1551 0.4375
1LC6 48 11.188 0.1097 0.3438
1LC6 49 8.049 0.1653 0.5104
1LC6 50 10.065 0.1733 0.3958
1LC6 51 6.772 0.1678 0.5000
1LC6 52 7.391 0.1768 0.4479
1LC6 53 9.577 0.1507 0.4583
1LC6 54 9.474 0.2031 0.4375
1LC6 55 7.681 0.1852 0.4896
1LC6 56 6.556 0.1711 0.4792
1LC6 57 10.268 0.1666 0.4271
1LC6 58 5.242 0.1575 0.5521
1LC6 59 10.360 0.1677 0.4688
1LC6 60 7.097 0.1669 0.4375
1LC6 61 5.632 0.1724 0.5313
1LC6 62 7.506 0.1722 0.4271
1LC6 63 3.468 0.2046 0.6042
1LC6 64 9.407 0.1517 0.4583
1LC6 65 4.955 0.1979 0.5625
1LC6 66 6.504 0.1981 0.5208
1LC6 67 7.481 0.1868 0.4792
1LC6 68 5.666 0.1797 0.5417
1LC6 69 7.072 0.1984 0.4896
1LC6 70 5.529 0.1865 0.5313
1LC6 71 6.268 0.2064 0.5833
1LC6 72 4.998 0.1902 0.5625
1LC6 73 4.847 0.1936 0.5833
1LC6 74 6.226 0.1910 0.5417
1LC6 75 5.061 0.1508 0.5521
1LC6 76 5.983 0.1840 0.5521
1LC6 77 5.362 0.1883 0.5521
1LC6 78 5.725 0.1920 0.5625
1LC6 79 6.116 0.2122 0.5313
1LC6 80 4.051 0.2142 0.6250
1LC6 81 10.925 0.1513 0.3542
1LC6 82 9.978 0.1475 0.3646
1LC6 83 9.409 0.1025 0.3542
1LC6 84 9.530 0.1275 0.3542
1LC6 85 9.938 0.1754 0.4063
1LC6 86 10.338 0.1690 0.4271
1LC6 87 11.584 0.1879 0.3958
1LC6 88 9.352 0.1512 0.4375
1LC6 89 6.921 0.1460 0.4271
1LC6 90 4.545 0.1698 0.5521
1LC6 91 5.387 0.1844 0.5313
1LC6 92 9.935 0.1443 0.4271
1LC6 93 5.000 0.1736 0.5833
1LC6 94 11.619 0.1162 0.3333
1LC6 95 9.268 0.1638 0.4167
1LC6 96 5.848 0.1606 0.5625
1LC6 97 5.700 0.2148 0.5833
1LC6 98 6.689 0.1624 0.4896
1LC6 99 8.589 0.1780 0.4375
1LC6 100 6.318 0.1904 0.5208
1LC6 101 4.851 0.1560 0.5417
1LC6 102 10.293 0.1497 0.3750
1LC6 103 11.182 0.1032 0.3854
1LC6 104 6.698 0.1817 0.5104
1LC6 105 8.993 0.1537 0.4063
1LC6 106 9.643 0.1580 0.4479
1LC6 107 6.243 0.1692 0.5313
1LC6 108 10.500 0.1665 0.4479
1LC6 109 6.192 0.1908 0.5521
1LC6 110 8.202 0.2021 0.4792
1LC6 111 5.272 0.1638 0.5313
1LC6 112 5.773 0.2061 0.5729
1LC6 113 6.042 0.2184 0.6042
1LC6 114 5.687 0.1778 0.5417
1LC6 115 5.849 0.1714 0.5208
1LC6 116 8.499 0.1512 0.4583
1LC6 117 5.748 0.1764 0.5417
1LC6 118 5.125 0.1618 0.5313
1LC6 119 5.938 0.2164 0.5729
1LC6 120 4.253 0.2097 0.6042
1LC6 121 11.838 0.1208 0.3125
1LC6 122 11.688 0.1533 0.4688
1LC6 123 11.021 0.1572 0.4063
1LC6 124 10.982 0.1529 0.4063
1LC6 125 11.833 0.1525 0.3854
1LC6 126 10.333 0.1659 0.4167
1LC6 127 8.000 0.1622 0.3646
1LC6 128 6.438 0.1587 0.4792
1LC6 129 11.336 0.1329 0.3750
1LC6 130 6.428 0.1755 0.5000
1LC6 131 8.026 0.0915 0.4167
1LC6 132 5.381 0.1589 0.5313
1LC6 133 9.655 0.1970 0.4271
1LC6 134 11.586 0.1059 0.3646
1LC6 135 7.770 0.1826 0.4479
1LC6 136 5.908 0.1653 0.4896
1LC6 137 12.363 0.1439 0.3958
1LC6 138 5.234 0.1728 0.5417
1LC6 139 8.728 0.1262 0.3854
1LC6 140 6.075 0.1660 0.5104
1LC6 141 8.461 0.1864 0.3854
1LC6 142 5.742 0.1691 0.4896
1LC6 143 5.030 0.1880 0.5833
1LC6 144 6.546 0.1807 0.4792
1LC6 145 6.527 0.1754 0.4896
1LC6 146 6.657 0.1546 0.5104
1LC6 147 5.475 0.1454 0.4688
1LC6 148 10.287 0.1478 0.3958
1LC6 149 11.884 0.1576 0.3854
1LC6 150 7.590 0.1660 0.4375
1LC6 151 6.609 0.1594 0.5000
1LC6 152 6.497 0.1544 0.4792
1LC6 153 6.200 0.1631 0.4688
1LC6 154 7.064 0.1379 0.4583
1LC6 155 5.873 0.1825 0.5104
1LC6 156 8.028 0.1588 0.4479
1LC6 157 5.441 0.1635 0.5208
1LC6 158 3.056 0.2000 0.6563
1LC6 159 8.540 0.1743 0.4479
1LC6 160 5.058 0.1718 0.5521
1LC6 161 10.484 0.1145 0.3125
1LC6 162 10.472 0.1488 0.4063
1LC6 163 9.821 0.1782 0.4479
1LC6 164 4.292 0.1993 0.5938
1LC6 165 10.829 0.1173 0.3750
1LC6 166 10.163 0.1148 0.3542
1LC6 167 9.856 0.1407 0.3958
1LC6 168 8.273 0.1868 0.4688
1LC6 169 8.324 0.1671 0.4375
1LC6 170 10.661 0.2115 0.4896
1LC6 171 7.447 0.2017 0.5313
1LC6 172 7.544 0.1598 0.5208
1LC6 173 9.059 0.1708 0.4375
1LC6 174 6.539 0.1811 0.4688
1LC6 175 6.476 0.1483 0.4896
1LC6 176 5.025 0.1754 0.5417
1LC6 177 8.328 0.1762 0.4479
1LC6 178 5.955 0.1766 0.4896
1LC6 179 6.229 0.1671 0.5208
1LC6 180 6.441 0.1637 0.5000
1LC6 181 5.522 0.1593 0.5104
1LC6 182 7.638 0.1338 0.4375
1LC6 183 9.058 0.1432 0.4375
1LC6 184 5.353 0.1777 0.5417
1LC6 185 6.164 0.1997 0.5521
1LC6 186 5.127 0.1707 0.5521
1LC6 187 5.348 0.1843 0.5625
1LC6 188 6.446 0.1601 0.5104
1LC6 189 3.559 0.2032 0.6771
1LC6 190 6.607 0.1863 0.5104
1LC6 191 7.681 0.1541 0.4063
1LC6 192 7.034 0.1681 0.4479
1LC6 193 5.642 0.1786 0.5417
1LC6 194 5.425 0.1733 0.5625
1LC6 195 5.816 0.1639 0.5104
1LC6 196 5.079 0.2103 0.6146
1LC6 197 6.182 0.1926 0.5417
1LC6 198 13.234 0.1694 0.3854
1LC6 199 6.331 0.1762 0.5417
1LC6 200 3.710 0.1446 0.5625
1LC6 201 7.043 0.1062 0.4063
1LC6 202 11.482 0.0890 0.2708
1LC6 203 8.393 0.0777 0.3333
1LC6 204 9.156 0.1184 0.3854
1LC6 205 9.922 0.1483 0.3646
1LC6 206 9.163 0.1407 0.3750
1LC6 207 14.082 0.0901 0.3333
1LC6 208 9.355 0.1720 0.4375
1LC6 209 8.119 0.1950 0.5000
1LC6 210 8.869 0.1292 0.4063
1LC6 211 10.298 0.1833 0.4688
1LC6 212 5.271 0.1872 0.5521
1LC6 213 11.263 0.1545 0.3646
1LC6 214 7.239 0.1674 0.4375
1LC6 215 8.835 0.1364 0.3750
1LC6 216 10.403 0.1159 0.3542
1LC6 217 8.408 0.1443 0.3958
1LC6 218 7.814 0.2009 0.4792
1LC6 219 7.989 0.1664 0.4583
1LC6 220 5.762 0.1649 0.5000
1LC6 221 6.749 0.1717 0.4688
1LC6 222 4.850 0.1514 0.5104
1LC6 223 9.798 0.1653 0.4167
1LC6 224 6.004 0.1390 0.4688
1LC6 225 6.662 0.1786 0.4896
1LC6 226 4.765 0.1718 0.5625
1LC6 227 7.913 0.1761 0.4479
1LC6 228 7.362 0.1706 0.4583
1LC6 229 6.556 0.1639 0.4688
1LC6 230 5.429 0.1728 0.5521
1LC6 231 10.430 0.1151 0.3333
1LC6 232 6.472 0.1661 0.5000
1LC6 233 6.681 0.1754 0.4792
1LC6 234 6.764 0.1513 0.4688
1LC6 235 3.297 0.1819 0.6042
1LC6 236 7.556 0.1566 0.4479
1LC6 237 7.905 0.1817 0.4479
1LC6 238 6.636 0.1482 0.4792
1LC6 239 5.392 0.1628 0.5104
1LC6 240 4.376 0.1838 0.5417
1LC6 241 9.652 0.1509 0.3958
1LC6 242 8.450 0.1316 0.4063
1LC6 243 6.661 0.1358 0.4479
1LC6 244 12.489 0.1713 0.4063
1LC6 245 10.551 0.1443 0.3854
1LC6 246 8.130 0.1880 0.4792
1LC6 247 7.643 0.1546 0.4896
1LC6 248 7.283 0.1586 0.4583
1LC6 249 8.612 0.1774 0.4896
1LC6 250 6.922 0.1761 0.4896
1LC6 251 6.511 0.1712 0.5208
1LC6 252 3.978 0.1669 0.5625
1LC6 253 6.423 0.1769 0.4688
1LC6 254 3.801 0.2043 0.6458
1LC6 255 9.042 0.2008 0.4688
1LC6 256 8.213 0.1489 0.4896
1LC6 257 10.403 0.1668 0.4063
1LC6 258 8.387 0.1681 0.4375
1LC6 259 5.110 0.1535 0.5417
1LC6 260 7.812 0.1543 0.4479
1LC6 261 3.829 0.1952 0.6042
1LC6 262 8.742 0.1625 0.4375
1LC6 263 9.899 0.1658 0.4063
1LC6 264 6.390 0.1697 0.5000
1LC6 265 4.854 0.1684 0.6146
1LC6 266 8.941 0.1619 0.4583
1LC6 267 13.000 0.1597 0.3750
1LC6 268 5.426 0.1837 0.5417
1LC6 269 9.794 0.1776 0.4375
1LC6 270 5.828 0.1619 0.4896
1LC6 271 4.995 0.1797 0.5625
1LC6 272 6.067 0.1738 0.5521
1LC6 273 5.337 0.1710 0.5313
1LC6 274 8.366 0.1682 0.4375
1LC6 275 9.525 0.1682 0.4479
1LC6 276 8.171 0.1873 0.4896
1LC6 277 5.599 0.1761 0.5313
1LC6 278 5.638 0.1824 0.5104
1LC6 279 3.502 0.1555 0.5833
1LC6 280 5.885 0.1767 0.5313
1LC6 281 9.859 0.2120 0.4688
1LC6 282 10.618 0.1090 0.3438
1LC6 283 8.613 0.1423 0.3958
1LC6 284 10.871 0.1479 0.3438
1LC6 285 10.944 0.1265 0.2917
1LC6 286 13.337 0.1282 0.3854
1LC6 287 9.374 0.1122 0.3958
1LC6 288 8.934 0.1595 0.4479
1LC6 289 8.505 0.2183 0.4792
1LC6 290 10.794 0.1537 0.3542
1LC6 291 6.896 0.1626 0.4271
1LC6 292 10.043 0.1671 0.4063
1LC6 293 6.768 0.1454 0.4688
1LC6 294 10.619 0.1711 0.4479
1LC6 295 5.797 0.1705 0.5521
1LC6 296 10.050 0.1710 0.4167
1LC6 297 5.706 0.1522 0.4896
1LC6 298 9.131 0.1494 0.4167
1LC6 299 7.524 0.1459 0.4271
1LC6 300 8.437 0.1617 0.4167
1LC6 301 7.671 0.1753 0.4792
1LC6 302 5.607 0.1752 0.5417
1LC6 303 12.876 0.1908 0.4583
1LC6 304 4.328 0.1611 0.5625
1LC6 305 6.033 0.1619 0.5104
1LC6 306 6.612 0.2029 0.5417
1LC6 307 2.865 0.2413 0.7188
1LC6 308 4.296 0.1889 0.5729
1LC6 309 4.780 0.1823 0.5833
1LC6 310 7.501 0.1738 0.4271
1LC6 311 4.910 0.2149 0.6146
1LC6 312 3.916 0.1830 0.5938
1LC6 313 6.371 0.1635 0.4792
1LC6 314 5.526 0.1597 0.5208
1LC6 315 5.493 0.2005 0.5729
1LC6 316 6.364 0.1925 0.5417
1LC6 317 6.304 0.1865 0.5208
1LC6 318 6.406 0.1839 0.5313
1LC6 319 6.122 0.2177 0.5521
1LC6 320 5.761 0.1690 0.5521
1LC6 321 9.775 0.1374 0.3854
1LC6 322 9.104 0.1057 0.3333
1LC6 323 3.652 0.1906 0.5938
1LC6 324 11.655 0.1011 0.3021
1LC6 325 7.632 0.1207 0.3646
1LC6 326 10.295 0.1558 0.4375
1LC6 327 8.842 0.1299 0.3958
1LC6 328 9.038 0.1813 0.4688
1LC6 329 8.499 0.1697 0.3854
1LC6 330 7.531 0.1601 0.4896
1LC6 331 6.016 0.1915 0.5208
1LC6 332 7.882 0.1664 0.4479
1LC6 333 8.162 0.1541 0.4583
1LC6 334 7.395 0.1486 0.4583
1LC6 335 6.299 0.1976 0.5208
1LC6 336 8.404 0.1655 0.4167
1LC6 337 10.820 0.1385 0.4063
1LC6 338 6.450 0.1549 0.4688
1LC6 339 6.085 0.1947 0.5000
1LC6 340 7.879 0.1592 0.4479
1LC6 341 3.905 0.1618 0.5938
1LC6 342 5.888 0.1619 0.4896
1LC6 343 4.473 0.1601 0.5625
1LC6 344 9.316 0.1673 0.4896
1LC6 345 9.365 0.1528 0.4583
1LC6 346 5.954 0.1495 0.4896
1LC6 347 8.127 0.1508 0.4375
1LC6 348 4.145 0.1390 0.5729
1LC6 349 8.420 0.1560 0.4167
1LC6 350 6.592 0.1613 0.4792
1LC6 351 5.699 0.1678 0.5104
1LC6 352 6.319 0.1642 0.5104
1LC6 353 5.248 0.1678 0.5417
1LC6 354 8.155 0.1786 0.4688
1LC6 355 6.728 0.1592 0.4583
1LC6 356 5.103 0.2154 0.5625
1LC6 357 6.125 0.1604 0.5104
1LC6 358 5.779 0.1548 0.5417
1LC6 359 7.789 0.1445 0.4167
1LC6 360 3.839 0.1616 0.5833
1LC6 361 9.058 0.1713 0.4167
1LC6 362 11.440 0.1381 0.3854
1LC6 363 8.213 0.1476 0.4375
1LC6 364 7.877 0.1909 0.4688
1LC6 365 5.029 0.2115 0.6042
1LC6 366 6.752 0.1479 0.3958
1LC6 367 8.500 0.1112 0.3750
1LC6 368 8.044 0.1604 0.4167
1LC6 369 2.525 0.2577 0.7083
1LC6 370 10.933 0.1630 0.3854
1LC6 371 9.017 0.1462 0.3958
1LC6 372 7.351 0.1752 0.4583
1LC6 373 10.049 0.1593 0.3646
1LC6 374 5.614 0.1586 0.5208
1LC6 375 9.919 0.1304 0.3854
1LC6 376 6.192 0.1946 0.5521
1LC6 377 12.119 0.1441 0.3542
1LC6 378 8.050 0.2166 0.4688
1LC6 379 5.492 0.1636 0.5417
1LC6 380 6.687 0.1533 0.4583
1LC6 381 3.622 0.1885 0.6042
1LC6 382 7.243 0.1898 0.5000
1LC6 383 7.486 0.1722 0.4896
1LC6 384 4.672 0.2050 0.5625
1LC6 385 9.660 0.1582 0.3958
1LC6 386 5.417 0.2442 0.6146
1LC6 387 7.176 0.1727 0.4583
1LC6 388 6.424 0.1495 0.5104
1LC6 389 6.307 0.1648 0.4688
1LC6 390 4.924 0.1878 0.5521
1LC6 391 7.419 0.1754 0.4583
1LC6 392 6.315 0.2099 0.5625
1LC6 393 6.987 0.1757 0.4583
1LC6 394 5.139 0.1853 0.5729
1LC6 395 7.290 0.2042 0.5313
1LC6 396 6.746 0.1981 0.5208
1LC6 397 5.342 0.1878 0.5729
1LC6 398 5.963 0.1994 0.5625
1LC6 399 6.914 0.1723 0.5104
1LC6 400 9.496 0.1478 0.4271
1LC6 401 9.863 0.1834 0.3854
1LC6 402 14.794 0.1088 0.2813
1LC6 403 10.345 0.1491 0.3646
1LC6 404 11.202 0.1480 0.4479
1LC6 405 7.955 0.1776 0.4063
1LC6 406 10.791 0.1380 0.4167
1LC6 407 8.006 0.1481 0.4479
1LC6 408 10.617 0.1641 0.3750
1LC6 409 5.838 0.1659 0.5417
1LC6 410 7.192 0.1614 0.4583
1LC6 411 10.296 0.1804 0.4167
1LC6 412 8.103 0.1631 0.4583
1LC6 413 7.069 0.1440 0.4063
1LC6 414 7.578 0.1681 0.4479
1LC6 415 7.441 0.1347 0.4479
1LC6 416 6.419 0.1432 0.4479
1LC6 417 11.309 0.1595 0.3958
1LC6 418 9.529 0.1968 0.5521
1LC6 419 9.844 0.1617 0.3750
1LC6 420 9.006 0.1473 0.4271
1LC6 421 6.134 0.1363 0.5208
1LC6 422 10.237 0.1562 0.4063
1LC6 423 6.335 0.1794 0.4896
1LC6 424 11.128 0.1776 0.4792
1LC6 425 6.514 0.1930 0.4583
1LC6 426 6.187 0.1718 0.5000
1LC6 427 6.346 0.1560 0.4896
1LC6 428 10.117 0.1352 0.3750
1LC6 429 7.313 0.1683 0.4375
1LC6 430 7.185 0.1485 0.4375
1LC6 431 5.537 0.1692 0.5417
1LC6 432 12.987 0.1355 0.3750
1LC6 433 6.233 0.1707 0.4896
1LC6 434 7.185 0.1450 0.4479
1LC6 435 6.432 0.1466 0.5104
1LC6 436 7.534 0.1588 0.4167
1LC6 437 3.184 0.1871 0.6250
1LC6 438 6.377 0.1517 0.4896
1LC6 439 6.505 0.1876 0.5000
1LC6 440 6.742 0.1622 0.4583
1LC6 441 1.333 0.3745 0.8646
1LC6 442 1.513 0.3463 0.8438
1LC6 443 1.585 0.3709 0.8646
1LC6 444 1.667 0.3637 0.8333
1LC6 445 1.714 0.3801 0.8333
1LC6 446 1.771 0.3750 0.8229
1LC6 447 1.785 0.3762 0.8333
1LC6 448 1.774 0.3722 0.8333
1LC6 449 1.806 0.3680 0.8229
1LC6 450 1.816 0.3703 0.8229
1LC6 451 1.802 0.3682 0.8229
1LC6 452 1.804 0.3672 0.8229
1LC6 453 1.794 0.3673 0.8229
1LC6 454 1.805 0.3653 0.8229
1LC6 455 1.793 0.3690 0.8229
1LC6 456 1.797 0.3654 0.8229
1LC6 457 1.793 0.3628 0.8229
1LC6 458 1.799 0.3662 0.8333
1LC6 459 1.808 0.3651 0.8229
1LC6 460 1.804 0.3769 0.8333
1LC6 461 1.803 0.3661 0.8229
1LC6 462 1.809 0.3746 0.8229
1LC6 463 1.791 0.3697 0.8229
1LC6 464 1.785 0.3680 0.8229
1LC6 465 1.812 0.3683 0.8229
1LC6 466 1.807 0.3750 0.8229
1LC6 467 1.809 0.3631 0.8229
1LC6 468 1.818 0.3668 0.8229
1LC6 469 1.810 0.3757 0.8333
1LC6 470 1.799 0.3646 0.8229
1LC6 471 1.788 0.3702 0.8125
1LC6 472 1.822 0.3678 0.8229
1LC6 473 1.816 0.3761 0.8333
1LC6 474 1.819 0.3729 0.8125
1LC6 475 1.808 0.3648 0.8229
1LC6 476 1.810 0.3757 0.8229
1LC6 477 1.814 0.3698 0.8333
1LC6 478 1.791 0.3667 0.8438
1LC6 479 1.815 0.3670 0.8333
1LC6 480 1.797 0.3687 0.8333
1LC6 481 1.812 0.3802 0.8229
1LC6 482 1.817 0.3795 0.8125
1LC6 483 1.782 0.3788 0.8229
1LC6 484 1.766 0.3662 0.8438
1LC6 485 1.769 0.3716 0.8229
1LC6 486 1.806 0.3777 0.8229
1LC6 487 1.795 0.3693 0.8229
1LC6 488 1.767 0.3675 0.8333
1LC6 489 1.773 0.3682 0.8438
1LC6 490 1.746 0.3699 0.8125
1LC6 491 1.795 0.3697 0.8229
1LC6 492 1.796 0.3699 0.8229
1LC6 493 1.779 0.3686 0.8333
1LC6 494 1.853 0.3685 0.8229
1LC6 495 1.778 0.3814 0.8125
1LC6 496 1.773 0.3698 0.8229
1LC6 497 1.718 0.3683 0.8438
1LC6 498 1.770 0.3643 0.8333
1LC6 499 1.754 0.3744 0.8333
1LC6 500 1.792 0.3787 0.8125
1LC6 501 1.777 0.3657 0.8333
1LC6 502 1.818 0.3635 0.8333
1LC6 503 1.775 0.3669 0.8333
1LC6 504 1.765 0.3670 0.8229
1LC6 505 1.765 0.3733 0.8229
1LC6 506 1.784 0.3762 0.8333
1LC6 507 1.752 0.3743 0.8333
1LC6 508 1.750 0.3788 0.8229
1LC6 509 1.736 0.3776 0.8333
1LC6 510 1.802 0.3736 0.8229
1LC6 511 1.789 0.3764 0.8229
1LC6 512 1.746 0.3709 0.8438
1LC6 513 1.756 0.3719 0.8333
1LC6 514 1.778 0.3698 0.8333
1LC6 515 1.764 0.3717 0.8229
1LC6 516 1.732 0.3720 0.8333
1LC6 517 1.779 0.3759 0.8438
1LC6 518 1.720 0.3765 0.8542
1LC6 519 1.810 0.3743 0.8229
1LC6 520 1.810 0.3682 0.8333
1LC6 521 1.795 0.3650 0.8229
1LC6 522 1.734 0.3767 0.8229
1LC6 523 1.766 0.3788 0.8333
1LC6 524 1.734 0.3645 0.8229
1LC6 525 1.743 0.3685 0.8438
1LC6 526 1.761 0.3729 0.8229
1LC6 527 1.756 0.3696 0.8333
1LC6 528 1.796 0.3853 0.8229
1LC6 529 1.813 0.3680 0.8229
1LC6 530 1.745 0.3711 0.8438
1LC6 531 1.732 0.3800 0.8333
1LC6 532 1.726 0.3788 0.8333
1LC6 533 1.790 0.3751 0.8333
1LC6 534 1.835 0.3747 0.8229
1LC6 535 1.771 0.3710 0.8229
1LC6 536 1.778 0.3657 0.8333
1LC6 537 1.746 0.3767 0.8333
1LC6 538 1.783 0.3717 0.8229
1LC6 539 1.794 0.3748 0.8229
1LC6 540 1.747 0.3740 0.8229
1LC6 541 1.787 0.3679 0.8229
1LC6 542 1.761 0.3821 0.8125
1LC6 543 1.727 0.3706 0.8333
1LC6 544 1.704 0.3711 0.8229
1LC6 545 1.763 0.3672 0.8438
1LC6 546 1.760 0.3672 0.8229
1LC6 547 1.818 0.3605 0.8229
1LC6 548 1.801 0.3638 0.8125
1LC6 549 1.837 0.3604 0.8333
1LC6 550 1.799 0.3721 0.8333
1LC6 551 1.912 0.3653 0.8125
1LC6 552 2.012 0.3565 0.8229
1LC6 553 1.951 0.3704 0.8229
1LC6 554 1.999 0.3601 0.8125
1LC6 555 1.930 0.3541 0.8125
1LC6 556 1.960 0.3579 0.8229
1LC6 557 1.917 0.3565 0.8229
1LC6 558 1.921 0.3601 0.8333
1LC6 559 1.956 0.3675 0.8333
1LC6 560 1.953 0.3697 0.8125
1LC6 561 1.944 0.3603 0.8125
1LC6 562 1.945 0.3590 0.8125
1LC6 563 1.968 0.3550 0.8125
1LC6 564 1.968 0.3632 0.8229
1LC6 565 1.903 0.3587 0.8229
1LC6 566 1.884 0.3609 0.8125
1LC6 567 1.922 0.3604 0.8125
1LC6 568 1.903 0.3583 0.8125
1LC6 569 1.890 0.3483 0.8229
1LC6 570 1.888 0.3546 0.8333
1LC6 571 1.797 0.3600 0.8333
1LC6 572 1.863 0.3578 0.8333
1LC6 573 1.882 0.3659 0.8333
1LC6 574 1.910 0.3694 0.8125
1LC6 575 1.743 0.3784 0.8438
1LC6 576 1.777 0.3607 0.8438
1LC6 577 1.929 0.3752 0.8229
1LC6 578 1.940 0.3586 0.8333
1LC6 579 1.818 0.3681 0.8438
1LC6 580 1.840 0.3700 0.8229
1LC6 581 1.863 0.3596 0.8229
1LC6 582 1.884 0.3739 0.8333
1LC6 583 1.907 0.3622 0.8229
1LC6 584 1.811 0.3623 0.8438
1LC6 585 1.935 0.3515 0.8333
1LC6 586 1.864 0.3476 0.8229
1LC6 587 1.918 0.3292 0.8229
1LC6 588 1.783 0.3561 0.8333
1LC6 589 1.879 0.3468 0.8333
1LC6 590 1.787 0.3687 0.8125
1LC6 591 1.805 0.3496 0.8333
1LC6 592 1.823 0.3570 0.8333
1LC6 593 1.789 0.3669 0.8333
1LC6 594 1.814 0.3558 0.8333
1LC6 595 1.784 0.3593 0.8333
1LC6 596 1.870 0.3428 0.8125
1LC6 597 1.913 0.3259 0.8125
1LC6 598 1.872 0.3217 0.8021
1LC6 599 1.780 0.3455 0.8333
1LC6 600 1.746 0.3626 0.8438
1LC6 601 1.773 0.3526 0.8438
1LC6 602 1.789 0.3496 0.8125
1LC6 603 1.863 0.3336 0.8229
1LC6 604 1.876 0.3446 0.8021
1LC6 605 1.806 0.3532 0.8229
1LC6 606 1.799 0.3629 0.8438
1LC6 607 1.907 0.3378 0.8021
1LC6 608 1.866 0.3320 0.8125
1LC6 609 1.855 0.3422 0.8125
1LC6 610 1.889 0.3329 0.8333
1LC6 611 1.846 0.3512 0.8125
1LC6 612 1.784 0.3497 0.8333
1LC6 613 1.734 0.3487 0.8229
1LC6 614 1.901 0.3504 0.8125
1LC6 615 1.934 0.3386 0.8021
1LC6 616 1.830 0.3351 0.8229
1LC6 617 1.902 0.3306 0.8021
1LC6 618 1.988 0.3390 0.8021
1LC6 619 1.904 0.3208 0.7917
1LC6 620 1.958 0.3242 0.8021
1LC6 621 1.933 0.3261 0.8021
1LC6 622 1.949 0.3227 0.8021
1LC6 623 1.888 0.3419 0.8021
1LC6 624 1.980 0.3277 0.7917
1LC6 625 1.928 0.3352 0.8021
1LC6 626 1.885 0.3323 0.8021
1LC6 627 1.940 0.3324 0.8021
1LC6 628 1.900 0.3341 0.8021
1LC6 629 1.907 0.3313 0.7813
1LC6 630 1.969 0.3213 0.7917
1LC6 631 1.977 0.3233 0.7917
1LC6 632 1.886 0.3261 0.7917
1LC6 633 1.930 0.3151 0.7813
1LC6 634 1.977 0.2968 0.7708
1LC6 635 1.951 0.3240 0.7813
1LC6 636 1.980 0.3074 0.7813
1LC6 637 1.983 0.3217 0.7708
1LC6 638 1.863 0.3165 0.7708
1LC6 639 1.935 0.3332 0.7813
1LC6 640 1.964 0.3184 0.7813
1LC6 641 1.920 0.3266 0.7708
1LC6 642 1.898 0.3243 0.7813
1LC6 643 1.920 0.3352 0.7813
1LC6 644 1.921 0.3359 0.7708
1LC6 645 1.939 0.3308 0.7813
1LC6 646 1.961 0.3097 0.7917
1LC6 647 1.938 0.3114 0.7708
1LC6 648 1.855 0.3136 0.7813
1LC6 649 1.947 0.3273 0.7813
1LC6 650 1.845 0.3059 0.8021
1LC6 651 1.819 0.3231 0.8021
1LC6 652 1.824 0.3232 0.8125
1LC6 653 1.711 0.3135 0.8125
1LC6 654 1.618 0.3202 0.8021
1LC6 655 1.688 0.2995 0.8021
1LC6 656 1.648 0.3076 0.8021
1LC6 657 1.794 0.3167 0.8125
1LC6 658 1.805 0.2936 0.7917
1LC6 659 1.722 0.2778 0.7813
1LC6 660 1.811 0.2999 0.7813
1LC6 661 1.780 0.2845 0.7917
1LC6 662 1.813 0.2891 0.7708
1LC6 663 1.836 0.2741 0.7917
1LC6 664 1.701 0.2861 0.7917
1LC6 665 1.657 0.2624 0.8021
1LC6 666 1.598 0.2712 0.8021
1LC6 667 1.639 0.2674 0.7917
1LC6 668 1.683 0.2597 0.7917
1LC6 669 1.659 0.2766 0.8021
1LC6 670 1.496 0.2860 0.8125
1LC6 671 1.601 0.2832 0.8021
1LC6 672 1.587 0.2778 0.8021
1LC6 673 1.557 0.2869 0.8125
1LC6 674 1.623 0.3022 0.8125
1LC6 675 1.538 0.2826 0.8125
1LC6 676 1.538 0.3086 0.8125
1LC6 677 1.584 0.2903 0.8125
1LC6 678 1.516 0.2859 0.8125
1LC6 679 1.565 0.2978 0.8229
1LC6 680 1.593 0.2833 0.8125
1LC6 681 1.644 0.2753 0.7917
1LC6 682 1.563 0.2907 0.8125
1LC6 683 1.610 0.2771 0.7917
1LC6 684 1.592 0.2989 0.8125
1LC6 685 1.590 0.2828 0.8021
1LC6 686 1.592 0.2925 0.8021
1LC6 687 1.576 0.2963 0.8125
1LC6 688 1.669 0.2765 0.7813
1LC6 689 1.599 0.2891 0.7917
1LC6 690 1.600 0.2887 0.7917
1LC6 691 1.538 0.3081 0.8229
1LC6 692 1.515 0.3001 0.8229
1LC6 693 1.541 0.3132 0.8229
1LC6 694 1.533 0.3000 0.8021
1LC6 695 1.468 0.3168 0.8229
1LC6 696 1.570 0.2834 0.8125
1LC6 697 1.564 0.2862 0.8021
1LC6 698 1.547 0.2895 0.8021
1LC6 699 1.565 0.3072 0.8021
1LC6 700 1.549 0.3050 0.8021
1LC6 701 1.548 0.2949 0.8125
1LC6 702 1.565 0.3002 0.8021
1LC6 703 1.546 0.3085 0.8229
1LC6 704 1.601 0.3015 0.8125
1LC6 705 1.605 0.2847 0.8021
1LC6 706 1.683 0.2846 0.7917
1LC6 707 1.581 0.2913 0.8229
1LC6 708 1.707 0.2728 0.7917
1LC6 709 1.665 0.2700 0.7917
1LC6 710 1.550 0.2841 0.8021
1LC6 711 1.504 0.2912 0.8229
1LC6 712 1.666 0.2737 0.7917
1LC6 713 1.633 0.2781 0.8021
1LC6 714 1.619 0.2681 0.8021
1LC6 715 1.526 0.2945 0.8021
1LC6 716 1.586 0.3083 0.7917
1LC6 717 1.639 0.2877 0.7917
1LC6 718 1.551 0.3003 0.8125
1LC6 719 1.658 0.2799 0.8021
1LC6 720 1.535 0.3047 0.8021
1LC6 721 1.637 0.2808 0.8021
1LC6 722 1.810 0.2859 0.7917
1LC6 723 1.776 0.2807 0.7813
1LC6 724 1.580 0.2845 0.8125
1LC6 725 1.551 0.2922 0.8125
1LC6 726 1.584 0.3066 0.8021
1LC6 727 1.611 0.3080 0.8125
1LC6 728 1.471 0.3148 0.8125
1LC6 729 1.465 0.3367 0.8229
1LC6 730 1.504 0.3078 0.8229
1LC6 731 1.507 0.2956 0.8229
1LC6 732 1.513 0.3153 0.8021
1LC6 733 1.585 0.3061 0.8125
1LC6 734 1.531 0.3040 0.8229
1LC6 735 1.509 0.2963 0.8021
1LC6 736 1.480 0.3064 0.8333
1LC6 737 1.455 0.3218 0.8333
1LC6 738 1.433 0.3173 0.8229
1LC6 739 1.496 0.3041 0.8125
1LC6 740 1.478 0.3181 0.8229
1LC6 741 1.433 0.3539 0.8333
1LC6 742 1.458 0.3224 0.8229
1LC6 743 1.357 0.3260 0.8333
1LC6 744 1.425 0.3602 0.8333
1LC6 745 1.511 0.3067 0.8229
1LC6 746 1.512 0.3587 0.8333
1LC6 747 1.697 0.2880 0.8021
1LC6 748 1.730 0.2792 0.7813
1LC6 749 1.553 0.3042 0.8125
1LC6 750 1.573 0.3195 0.8229
1LC6 751 1.573 0.2691 0.8021
1LC6 752 1.539 0.3098 0.8125
1LC6 753 1.538 0.2896 0.8125
1LC6 754 1.567 0.2914 0.8021
1LC6 755 1.522 0.2900 0.8125
1LC6 756 1.581 0.2970 0.8021
1LC6 757 1.644 0.2860 0.8021
1LC6 758 1.603 0.2779 0.8021
1LC6 759 1.631 0.2945 0.8125
1LC6 760 1.665 0.2767 0.7917
1LC6 761 1.700 0.2766 0.7813
1LC6 762 1.561 0.2936 0.8125
1LC6 763 1.589 0.2778 0.8125
1LC6 764 1.512 0.2993 0.8229
1LC6 765 1.657 0.2692 0.8021
1LC6 766 1.493 0.3358 0.8229
1LC6 767 1.531 0.3259 0.8125
1LC6 768 1.525 0.3077 0.8229
1LC6 769 1.611 0.2959 0.7813
1LC6 770 1.494 0.3270 0.8333
1LC6 771 1.577 0.3220 0.8125
1LC6 772 1.562 0.2831 0.8125
1LC6 773 1.491 0.3010 0.8229
1LC6 774 1.512 0.2951 0.8125
1LC6 775 1.584 0.3063 0.8125
1LC6 776 1.523 0.3083 0.8125
1LC6 777 1.525 0.3176 0.8125
1LC6 778 1.568 0.3014 0.8125
1LC6 779 1.568 0.3169 0.8229
1LC6 780 1.642 0.2910 0.7917
1LC6 781 1.584 0.2871 0.8125
1LC6 782 1.574 0.2880 0.8021
1LC6 783 1.477 0.2952 0.8125
1LC6 784 1.638 0.3302 0.8125
1LC6 785 1.570 0.3021 0.8125
1LC6 786 1.641 0.2779 0.7917
1LC6 787 1.515 0.3116 0.8125
1LC6 788 1.512 0.2970 0.8229
1LC6 789 1.666 0.2972 0.7917
1LC6 790 1.726 0.2886 0.7917
1LC6 791 1.587 0.2997 0.8125
1LC6 792 1.478 0.3195 0.8229
1LC6 793 1.523 0.3221 0.8229
1LC6 794 1.661 0.2984 0.7917
1LC6 795 1.575 0.2867 0.8229
1LC6 796 1.551 0.2995 0.8125
1LC6 797 1.462 0.3522 0.8229
1LC6 798 1.503 0.2981 0.8229
1LC6 799 1.572 0.3255 0.8125
1LC6 800 1.486 0.3222 0.8229
1LC6 801 1.470 0.3158 0.8229
1LC6 802 1.559 0.3044 0.8125
1LC6 803 1.459 0.3210 0.8229
1LC6 804 1.521 0.2972 0.8125
1LC6 805 1.576 0.2778 0.8125
1LC6 806 1.572 0.2879 0.8021
1LC6 807 1.515 0.3121 0.8333
1LC6 808 1.539 0.3172 0.8125
1LC6 809 1.614 0.2809 0.7917
1LC6 810 1.584 0.3003 0.8125
1LC6 811 1.434 0.3413 0.8333
1LC6 812 1.580 0.2848 0.8021
1LC6 813 1.518 0.3121 0.8229
1LC6 814 1.527 0.3001 0.8229
1LC6 815 1.431 0.3252 0.8333
1LC6 816 1.523 0.3258 0.8021
1LC6 817 1.455 0.3424 0.8229
1LC6 818 1.747 0.3099 0.8125
1LC6 819 1.848 0.3013 0.7813
1LC6 820 1.806 0.2689 0.7917
1LC6 821 1.754 0.2850 0.7917
1LC6 822 1.707 0.3179 0.8125
1LC6 823 1.734 0.2793 0.7917
1LC6 824 1.397 0.3484 0.8438
1LC6 825 1.542 0.2826 0.8021
1LC6 826 1.546 0.3128 0.8125
1LC6 827 1.466 0.2943 0.8229
1LC6 828 1.570 0.2905 0.8229
1LC6 829 1.647 0.2911 0.7917
1LC6 830 1.554 0.3172 0.8125
1LC6 831 1.593 0.3072 0.8021
1LC6 832 1.527 0.3211 0.8125
1LC6 833 1.674 0.2971 0.8021
1LC6 834 1.944 0.2742 0.7917
1LC6 835 1.704 0.2943 0.8021
1LC6 836 1.848 0.2955 0.8021
1LC6 837 1.796 0.2785 0.7917
1LC6 838 1.847 0.2688 0.7917
1LC6 839 1.908 0.2599 0.7917
1LC6 840 1.876 0.2748 0.7917
1LC6 841 1.975 0.2779 0.7708
1LC6 842 1.807 0.2827 0.7813
1LC6 843 1.756 0.3007 0.8125
1LC6 844 1.907 0.2676 0.7917
1LC6 845 1.694 0.3250 0.8229
1LC6 846 1.797 0.3043 0.8021
1LC6 847 1.899 0.2968 0.7917
1LC6 848 1.780 0.2927 0.8021
1LC6 849 1.698 0.3014 0.8125
1LC6 850 1.849 0.2850 0.7813
1LC6 851 1.902 0.2541 0.7917
1LC6 852 1.697 0.3227 0.8021
1LC6 853 1.720 0.2756 0.7917
1LC6 854 1.725 0.2939 0.8021
1LC6 855 1.910 0.2872 0.7917
1LC6 856 1.836 0.2928 0.7917
1LC6 857 1.932 0.2556 0.7813
1LC6 858 2.013 0.2603 0.7708
1LC6 859 1.678 0.3093 0.8125
1LC6 860 1.594 0.3289 0.8229
1LC6 861 1.604 0.2907 0.8021
1LC6 862 1.554 0.3076 0.8125
1LC6 863 1.594 0.2944 0.8021
1LC6 864 1.666 0.3046 0.7917
1LC6 865 1.695 0.2893 0.7917
1LC6 866 1.430 0.3411 0.8438
1LC6 867 1.541 0.3253 0.8229
1LC6 868 1.572 0.3073 0.8125
1LC6 869 1.560 0.2954 0.8125
1LC6 870 1.623 0.2872 0.8125
1LC6 871 1.681 0.2954 0.8125
1LC6 872 1.498 0.3207 0.8229
1LC6 873 1.592 0.2928 0.8125
1LC6 874 1.914 0.2639 0.7708
1LC6 875 1.877 0.2808 0.7708
1LC6 876 1.910 0.2567 0.7813
1LC6 877 1.833 0.2844 0.7917
1LC6 878 1.763 0.3032 0.8021
1LC6 879 1.819 0.2696 0.8021
1LC6 880 1.865 0.2592 0.7708
1LC6 881 1.696 0.3027 0.8021
1LC6 882 1.870 0.3175 0.8021
1LC6 883 1.873 0.2676 0.7917
1LC6 884 1.634 0.3092 0.8021
1LC6 885 1.941 0.2874 0.7708
1LC6 886 1.706 0.3088 0.8125
1LC6 887 2.002 0.2892 0.7813
1LC6 888 1.770 0.3102 0.7917
1LC6 889 1.675 0.3209 0.8229
1LC6 890 1.881 0.2754 0.7813
1LC6 891 1.939 0.2599 0.7708
1LC6 892 1.731 0.2802 0.7813
1LC6 893 1.539 0.3130 0.8229
1LC6 894 1.609 0.2951 0.7917
1LC6 895 1.455 0.3357 0.8333
1LC6 896 1.611 0.3052 0.8125
1LC6 897 1.608 0.3005 0.8021
1LC6 898 1.720 0.2775 0.7917
1LC6 899 1.602 0.2992 0.8021
1LC6 900 1.581 0.3313 0.8229
1LC6 901 1.683 0.2896 0.8021
1LC6 902 1.552 0.3177 0.8021
1LC6 903 1.574 0.3398 0.8125
1LC6 904 1.771 0.2715 0.7917
1LC6 905 1.572 0.3174 0.8021
1LC6 906 1.777 0.3025 0.7917
1LC6 907 1.909 0.2883 0.7813
1LC6 908 2.032 0.2777 0.7813
1LC6 909 1.956 0.3294 0.7917
1LC6 910 2.053 0.2980 0.7917
1LC6 911 1.951 0.3099 0.7708
1LC6 912 1.948 0.3213 0.7813
1LC6 913 2.055 0.3211 0.7813
1LC6 914 1.753 0.3252 0.8021
1LC6 915 1.981 0.2877 0.7917
1LC6 916 1.985 0.2804 0.7500
1LC6 917 1.648 0.3407 0.8021
1LC6 918 1.712 0.3451 0.8125
1LC6 919 1.847 0.2872 0.7708
1LC6 920 1.934 0.2961 0.7813
1LC6 921 1.774 0.3049 0.7917
1LC6 922 2.071 0.2840 0.7604
1LC6 923 1.903 0.2897 0.8021
1LC6 924 2.010 0.2620 0.7708
1LC6 925 2.130 0.2739 0.7813
1LC6 926 1.926 0.2981 0.7813
1LC6 927 2.137 0.2563 0.7396
1LC6 928 2.069 0.3151 0.7604
1LC6 929 2.081 0.2822 0.7604
1LC6 930 2.266 0.2503 0.7500
1LC6 931 2.073 0.2866 0.7500
1LC6 932 1.993 0.2900 0.7708
1LC6 933 1.841 0.3188 0.8021
1LC6 934 1.949 0.2774 0.7708
1LC6 935 2.223 0.2499 0.7396
1LC6 936 2.000 0.2753 0.7604
1LC6 937 2.108 0.2806 0.7396
1LC6 938 2.017 0.3493 0.7917
1LC6 939 2.039 0.3037 0.7708
1LC6 940 1.919 0.2943 0.7813
1LC6 941 2.071 0.3303 0.7604
1LC6 942 2.044 0.2723 0.7708
1LC6 943 2.175 0.2706 0.7396
1LC6 944 2.126 0.2986 0.7604
1LC6 945 2.034 0.3192 0.7604
1LC6 946 1.903 0.3069 0.7917
1LC6 947 1.887 0.3029 0.7813
1LC6 948 1.861 0.3348 0.8021
1LC6 949 2.015 0.2618 0.7500
1LC6 950 1.928 0.3076 0.7917
1LC6 951 1.925 0.2771 0.7813
1LC6 952 1.985 0.3277 0.7813
1LC6 953 1.941 0.3167 0.7813
1LC6 954 1.986 0.2880 0.7917
1LC6 955 2.025 0.2933 0.7604
1LC6 956 2.095 0.2677 0.7500
1LC6 957 1.997 0.2669 0.7500
1LC6 958 2.006 0.2741 0.7604
1LC6 959 2.158 0.2595 0.7292
1LC6 960 2.193 0.2788 0.7396
1LC6 961 2.047 0.2538 0.7500
1LC6 962 2.196 0.2674 0.7396
1LC6 963 2.135 0.3170 0.7708
1LC6 964 2.015 0.2897 0.7500
1LC6 965 2.139 0.2879 0.7500
1LC6 966 2.145 0.2684 0.7396
1LC6 967 2.274 0.2343 0.7292
1LC6 968 2.110 0.2577 0.7604
1LC6 969 2.181 0.2694 0.7292
1LC6 970 2.279 0.2686 0.7396
1LC6 971 1.955 0.3037 0.7813
1LC6 972 2.085 0.2610 0.7396
1LC6 973 1.957 0.2923 0.7813
1LC6 974 2.245 0.2330 0.7188
1LC6 975 2.134 0.2617 0.7604
1LC6 976 2.062 0.2854 0.7813
1LC6 977 2.213 0.2560 0.7396
1LC6 978 2.224 0.2546 0.7396
1LC6 979 1.723 0.3108 0.7917
1LC6 980 1.948 0.3237 0.7813
1LC6 981 2.060 0.3084 0.7917
1LC6 982 1.977 0.2849 0.7708
1LC6 983 2.070 0.2656 0.7500
1LC6 984 2.092 0.2733 0.7604
1LC6 985 1.894 0.3024 0.7813
1LC6 986 2.018 0.2935 0.7500
1LC6 987 1.988 0.2749 0.7604
1LC6 988 1.864 0.3245 0.7917
1LC6 989 2.102 0.2780 0.7604
1LC6 990 2.027 0.2859 0.7604
1LC6 991 1.998 0.2618 0.7604
1LC6 992 1.801 0.3118 0.8021
1LC6 993 1.858 0.2828 0.7917
1LC6 994 1.914 0.2928 0.7813
1LC6 995 2.193 0.2963 0.7500
1LC6 996 1.985 0.2980 0.7708
1LC6 997 1.842 0.2765 0.7813
1LC6 998 1.970 0.3000 0.7813
1LC6 999 2.025 0.2657 0.7604
1LC6 1000 2.074 0.2886 0.7604
1LC6 1001 2.252 0.2754 0.7396
1LC6 1002 2.062 0.2698 0.7500
1LC6 1003 2.282 0.2600 0.7500
1LC6 1004 2.109 0.3505 0.7917
1LC6 1005 1.947 0.3216 0.7813
1LC6 1006 2.245 0.3105 0.7604
1LC6 1007 2.036 0.3040 0.7708
1LC6 1008 2.049 0.2811 0.7500
1LC6 1009 2.232 0.2766 0.7396
1LC6 1010 2.176 0.2688 0.7500
1LC6 1011 2.188 0.3098 0.7500
1LC6 1012 2.031 0.2941 0.7500
1LC6 1013 1.916 0.2983 0.7604
1LC6 1014 1.972 0.3060 0.7500
1LC6 1015 2.229 0.2839 0.7708
1LC6 1016 2.084 0.2800 0.7708
1LC6 1017 2.251 0.2927 0.7604
1LC6 1018 2.212 0.2936 0.7396
1LC6 1019 2.098 0.2747 0.7500
1LC6 1020 2.064 0.2941 0.7604
1LC6 1021 2.256 0.2489 0.7188
1LC6 1022 2.025 0.2877 0.7604
1LC6 1023 2.086 0.2752 0.7500
1LC6 1024 2.209 0.2356 0.7292
1LC6 1025 2.141 0.2693 0.7604
1LC6 1026 1.826 0.3090 0.7500
1LC6 1027 2.112 0.2768 0.7500
1LC6 1028 2.332 0.2434 0.7292
1LC6 1029 1.847 0.2980 0.7813
1LC6 1030 1.810 0.3342 0.7917
1LC6 1031 2.107 0.2935 0.7500
1LC6 1032 2.173 0.2886 0.7396
1LC6 1033 2.018 0.3052 0.7813
1LC6 1034 1.992 0.2601 0.7396
1LC6 1035 2.157 0.2603 0.7500
1LC6 1036 2.142 0.2675 0.7708
1LC6 1037 2.054 0.3147 0.7500
1LC6 1038 1.972 0.3194 0.7917
1LC6 1039 2.441 0.2729 0.7500
1LC6 1040 2.048 0.2744 0.7813
1LC6 1041 2.153 0.2940 0.7813
1LC6 1042 1.896 0.2847 0.7708
1LC6 1043 2.000 0.2907 0.7708
1LC6 1044 2.135 0.2955 0.7500
1LC6 1045 2.314 0.2497 0.7396
1LC6 1046 2.332 0.2404 0.7083
1LC6 1047 2.253 0.2709 0.7188
1LC6 1048 2.062 0.3038 0.7604
1LC6 1049 2.349 0.3075 0.7396
1LC6 1050 2.301 0.2383 0.7396
1LC6 1051 2.448 0.2152 0.7083
1LC6 1052 2.170 0.2428 0.7292
1LC6 1053 2.377 0.2594 0.7292
1LC6 1054 2.391 0.2384 0.7292
1LC6 1055 2.137 0.2443 0.7292
1LC6 1056 2.387 0.2704 0.6979
1LC6 1057 2.347 0.2662 0.7083
1LC6 1058 2.293 0.2586 0.7292
1LC6 1059 2.412 0.2591 0.7292
1LC6 1060 2.415 0.2352 0.7083
1LC6 1061 2.251 0.2549 0.7188
1LC6 1062 2.428 0.2802 0.7188
1LC6 1063 2.349 0.2531 0.7292
1LC6 1064 2.372 0.2435 0.7083
1LC6 1065 2.486 0.2420 0.7188
1LC6 1066 2.410 0.2444 0.7083
1LC6 1067 2.396 0.2540 0.7188
1LC6 1068 2.547 0.2630 0.7188
1LC6 1069 2.275 0.2579 0.7292
1LC6 1070 2.482 0.2482 0.7188
1LC6 1071 2.407 0.2444 0.7292
1LC6 1072 2.312 0.2514 0.7292
1LC6 1073 2.349 0.2658 0.7083
1LC6 1074 2.452 0.2489 0.7083
1LC6 1075 2.483 0.2244 0.6979
1LC6 1076 2.426 0.2450 0.7083
1LC6 1077 2.291 0.2317 0.7188
1LC6 1078 2.561 0.2517 0.7188
1LC6 1079 2.291 0.2642 0.7083
1LC6 1080 2.371 0.2511 0.7188
1LC6 1081 2.438 0.2395 0.7083
1LC6 1082 2.314 0.2336 0.7292
1LC6 1083 2.389 0.2789 0.7292
1LC6 1084 2.466 0.2324 0.7188
1LC6 1085 2.531 0.2100 0.7083
1LC6 1086 2.284 0.2732 0.7396
1LC6 1087 2.434 0.2531 0.7188
1LC6 1088 2.299 0.2592 0.7396
1LC6 1089 2.584 0.2428 0.7083
1LC6 1090 2.299 0.2428 0.7188
1LC6 1091 2.429 0.2144 0.6979
1LC6 1092 2.611 0.2371 0.7083
1LC6 1093 2.475 0.2399 0.7188
1LC6 1094 2.237 0.2634 0.7292
1LC6 1095 2.502 0.2247 0.7188
1LC6 1096 2.209 0.2541 0.7500
1LC6 1097 2.329 0.2423 0.7292
1LC6 1098 2.244 0.2785 0.7396
1LC6 1099 2.379 0.2472 0.7083
1LC6 1100 2.425 0.2511 0.7083
1LC6 1101 2.561 0.2399 0.7083
1LC6 1102 2.314 0.2497 0.7396
1LC6 1103 2.401 0.2633 0.7188
1LC6 1104 2.420 0.2286 0.7188
1LC6 1105 2.272 0.2569 0.7396
1LC6 1106 2.484 0.2123 0.6979
1LC6 1107 2.440 0.2114 0.6979
1LC6 1108 2.574 0.2296 0.6875
1LC6 1109 2.487 0.2457 0.7083
1LC6 1110 2.086 0.2392 0.7292
1LC6 1111 2.118 0.2763 0.7396
1LC6 1112 2.202 0.2260 0.7188
1LC6 1113 2.093 0.2714 0.7500
1LC6 1114 2.219 0.2518 0.7292
1LC6 1115 2.148 0.2442 0.7188
1LC6 1116 2.393 0.2532 0.7188
1LC6 1117 2.571 0.2344 0.7083
1LC6 1118 2.520 0.2466 0.6979
1LC6 1119 2.288 0.2655 0.7292
1LC6 1120 2.578 0.2316 0.7083
1LC6 1121 2.301 0.2842 0.7188
1LC6 1122 2.226 0.2727 0.7292
1LC6 1123 2.347 0.2638 0.7083
1LC6 1124 2.093 0.2832 0.7396
1LC6 1125 2.426 0.2386 0.7188
1LC6 1126 2.343 0.2424 0.6979
1LC6 1127 2.104 0.2831 0.7396
1LC6 1128 2.280 0.2816 0.7292
1LC6 1129 2.141 0.2827 0.7292
1LC6 1130 2.349 0.2459 0.7083
1LC6 1131 2.271 0.2629 0.7396
1LC6 1132 2.326 0.2351 0.7083
1LC6 1133 2.543 0.2438 0.7083
1LC6 1134 2.407 0.2599 0.7083
1LC6 1135 2.454 0.2927 0.7292
1LC6 1136 2.336 0.2615 0.7292
1LC6 1137 2.277 0.2666 0.7396
1LC6 1138 2.202 0.2690 0.7396
1LC6 1139 2.248 0.2791 0.7188
1LC6 1140 2.494 0.2668 0.7292
1LC6 1141 2.063 0.2896 0.7500
1LC6 1142 2.413 0.2331 0.6875
1LC6 1143 2.411 0.2374 0.7083
1LC6 1144 2.444 0.2573 0.7083
1LC6 1145 2.403 0.2328 0.7188
1LC6 1146 2.327 0.2423 0.7292
1LC6 1147 2.342 0.2523 0.7083
1LC6 1148 2.346 0.2439 0.7396
1LC6 1149 2.381 0.2361 0.7188
1LC6 1150 2.495 0.2747 0.7292
1LC6 1151 2.243 0.2487 0.7396
1LC6 1152 2.251 0.2559 0.7396
1LC6 1153 2.533 0.2238 0.6875
1LC6 1154 2.324 0.2293 0.7396
1LC6 1155 2.560 0.2667 0.7292
1LC6 1156 2.487 0.2392 0.7083
1LC6 1157 2.418 0.2612 0.7292
1LC6 1158 2.454 0.2493 0.7083
1LC6 1159 2.693 0.2204 0.6979
1LC6 1160 2.420 0.2545 0.7188
1LC6 1161 2.311 0.2558 0.7083
1LC6 1162 2.674 0.2472 0.7083
1LC6 1163 2.513 0.2470 0.7083
1LC6 1164 2.662 0.2407 0.6979
1LC6 1165 2.558 0.2218 0.6979
1LC6 1166 2.308 0.2330 0.7292
1LC6 1167 2.506 0.2332 0.6979
1LC6 1168 2.743 0.2291 0.7188
1LC6 1169 2.015 0.2478 0.7708
1LC6 1170 2.225 0.2387 0.7292
1LC6 1171 2.437 0.2335 0.7292
1LC6 1172 2.559 0.2246 0.6979
1LC6 1173 2.892 0.2412 0.6979
1LC6 1174 2.251 0.2559 0.7500
1LC6 1175 2.454 0.2430 0.7188
1LC6 1176 2.588 0.2364 0.6875
1LC6 1177 2.711 0.2289 0.6979
1LC6 1178 2.515 0.2495 0.7083
1LC6 1179 2.637 0.2346 0.6979
1LC6 1180 2.633 0.2079 0.6979
1LC6 1181 2.671 0.2068 0.6875
1LC6 1182 2.530 0.2434 0.7083
1LC6 1183 2.609 0.2525 0.6979
1LC6 1184 2.448 0.2561 0.7396
1LC6 1185 2.518 0.2407 0.7188
1LC6 1186 2.387 0.2324 0.7292
1LC6 1187 2.600 0.2423 0.6979
1LC6 1188 2.554 0.2546 0.7083
1LC6 1189 2.751 0.2440 0.6979
1LC6 1190 2.465 0.2355 0.7292
1LC6 1191 2.555 0.2348 0.7083
1LC6 1192 2.429 0.2570 0.7292
1LC6 1193 2.389 0.2574 0.7396
1LC6 1194 2.308 0.2504 0.7188
1LC6 1195 2.488 0.2325 0.7083
1LC6 1196 2.309 0.2565 0.7396
1LC6 1197 2.575 0.2518 0.7292
1LC6 1198 2.307 0.2357 0.7396
1LC6 1199 2.640 0.2584 0.6979
1LC6 1200 2.645 0.2619 0.6875
1LC6 1201 2.303 0.2682 0.7292
1LC6 1202 2.671 0.2222 0.6771
1LC6 1203 2.571 0.2086 0.6875
1LC6 1204 2.379 0.2513 0.7292
1LC6 1205 2.805 0.2379 0.6875
1LC6 1206 2.486 0.2353 0.6979
1LC6 1207 2.473 0.2402 0.7083
1LC6 1208 2.522 0.2542 0.7188
1LC6 1209 2.573 0.2422 0.7083
1LC6 1210 2.540 0.2247 0.7083
1LC6 1211 2.409 0.2235 0.7188
1LC6 1212 2.513 0.2403 0.7292
1LC6 1213 2.207 0.2598 0.7292
1LC6 1214 2.443 0.2422 0.7083
1LC6 1215 2.519 0.2529 0.7083
1LC6 1216 2.648 0.2291 0.7188
1LC6 1217 2.838 0.2212 0.6667
1LC6 1218 2.893 0.2298 0.6771
1LC6 1219 2.610 0.2463 0.7083
1LC6 1220 2.838 0.2347 0.6875
1LC6 1221 2.277 0.2674 0.7292
1LC6 1222 2.635 0.2312 0.7083
1LC6 1223 2.623 0.2269 0.7188
1LC6 1224 2.558 0.2035 0.6979
1LC6 1225 2.741 0.2563 0.6875
1LC6 1226 2.658 0.2370 0.6875
1LC6 1227 2.785 0.2213 0.6979
1LC6 1228 2.836 0.2307 0.6771
1LC6 1229 2.897 0.2452 0.6875
1LC6 1230 2.655 0.2284 0.7083
1LC6 1231 2.621 0.2539 0.6979
1LC6 1232 3.015 0.2448 0.6875
1LC6 1233 2.614 0.2613 0.7188
1LC6 1234 2.575 0.2601 0.7188
1LC6 1235 2.921 0.2036 0.6667
1LC6 1236 2.526 0.2540 0.7083
1LC6 1237 2.459 0.2479 0.7292
1LC6 1238 2.607 0.2161 0.7188
1LC6 1239 2.616 0.2671 0.7188
1LC6 1240 2.816 0.2039 0.6667
1LC6 1241 3.075 0.2312 0.6771
1LC6 1242 2.406 0.2662 0.7188
1LC6 1243 2.842 0.2126 0.6771
1LC6 1244 2.859 0.2764 0.6771
1LC6 1245 2.646 0.2589 0.7083
1LC6 1246 2.525 0.2378 0.7292
1LC6 1247 2.688 0.2488 0.6979
1LC6 1248 2.817 0.2220 0.6875
1LC6 1249 2.661 0.2464 0.7188
1LC6 1250 2.696 0.2360 0.7083
1LC6 1251 2.587 0.2528 0.7396
1LC6 1252 2.808 0.2239 0.7083
1LC6 1253 2.362 0.2461 0.7500
1LC6 1254 2.657 0.2116 0.6979
1LC6 1255 2.910 0.2394 0.7083
1LC6 1256 2.642 0.2340 0.7188
1LC6 1257 2.311 0.2447 0.7292
1LC6 1258 2.292 0.2371 0.7188
1LC6 1259 2.583 0.2388 0.7292
1LC6 1260 2.684 0.2570 0.7083
1LC6 1261 2.198 0.2876 0.7604
1LC6 1262 2.388 0.2860 0.7188
1LC6 1263 2.597 0.2437 0.7188
1LC6 1264 2.424 0.2763 0.7083
1LC6 1265 2.412 0.2822 0.7188
1LC6 1266 2.379 0.2370 0.7188
1LC6 1267 2.628 0.2260 0.6979
1LC6 1268 2.761 0.2191 0.7083
1LC6 1269 2.628 0.2598 0.7396
1LC6 1270 2.297 0.2581 0.7396
1LC6 1271 2.486 0.2483 0.7292
1LC6 1272 2.613 0.2261 0.6979
1LC6 1273 2.883 0.2567 0.6875
1LC6 1274 2.714 0.2828 0.7083
1LC6 1275 2.516 0.2423 0.7188
1LC6 1276 2.998 0.2165 0.6771
1LC6 1277 2.429 0.2506 0.7083
1LC6 1278 2.272 0.2468 0.7188
1LC6 1279 2.935 0.2353 0.6771
1LC6 1280 2.517 0.2475 0.7188
1LC6 1281 2.489 0.2387 0.7188
1LC6 1282 2.869 0.2251 0.6979
1LC6 1283 2.721 0.2200 0.6875
1LC6 1284 2.865 0.2419 0.6771
1LC6 1285 2.822 0.1938 0.6667
1LC6 1286 3.022 0.2088 0.6771
1LC6 1287 2.973 0.2052 0.6875
1LC6 1288 2.795 0.2507 0.6979
1LC6 1289 2.925 0.2653 0.6875
1LC6 1290 2.751 0.3047 0.7188
1LC6 1291 2.833 0.2414 0.7083
1LC6 1292 2.643 0.2309 0.7083
1LC6 1293 2.538 0.2364 0.7188
1LC6 1294 2.922 0.2339 0.6875
1LC6 1295 3.063 0.2056 0.6771
1LC6 1296 2.825 0.2295 0.6979
1LC6 1297 2.444 0.2313 0.7188
1LC6 1298 2.547 0.2421 0.7083
1LC6 1299 2.713 0.2254 0.6979
1LC6 1300 2.528 0.2106 0.6875
1LC6 1301 2.847 0.2211 0.6979
1LC6 1302 2.288 0.2478 0.7396
1LC6 1303 2.099 0.2466 0.7396
1LC6 1304 2.821 0.2345 0.6979
1LC6 1305 2.945 0.2024 0.6771
1LC6 1306 3.013 0.2214 0.6875
1LC6 1307 2.277 0.2465 0.7396
1LC6 1308 2.663 0.2149 0.7083
1LC6 1309 3.024 0.2412 0.6771
1LC6 1310 2.530 0.2319 0.7083
1LC6 1311 2.120 0.2983 0.7708
1LC6 1312 1.899 0.2628 0.7500
1LC6 1313 2.136 0.2209 0.7292
1LC6 1314 2.706 0.2124 0.6771
1LC6 1315 2.869 0.2109 0.6875
1LC6 1316 2.356 0.2413 0.7188
1LC6 1317 2.372 0.2297 0.7292
1LC6 1318 2.447 0.2109 0.7083
1LC6 1319 2.494 0.2432 0.7188
1LC6 1320 3.037 0.2014 0.6354
1LC6 1321 2.671 0.2058 0.6979
1LC6 1322 2.275 0.2252 0.7083
1LC6 1323 2.481 0.2221 0.7083
1LC6 1324 2.610 0.2381 0.6979
1LC6 1325 2.418 0.2186 0.6979
1LC6 1326 2.456 0.2108 0.6875
1LC6 1327 2.230 0.2371 0.7083
1LC6 1328 2.505 0.2412 0.7083
1LC6 1329 2.343 0.2349 0.7292
1LC6 1330 2.364 0.2220 0.7083
1LC6 1331 2.597 0.2472 0.6875
1LC6 1332 2.100 0.2738 0.7500
1LC6 1333 2.091 0.2651 0.7500
1LC6 1334 2.700 0.2278 0.6979
1LC6 1335 2.514 0.2566 0.7292
1LC6 1336 2.622 0.2329 0.7083
1LC6 1337 2.473 0.2174 0.6875
1LC6 1338 2.542 0.2431 0.6875
1LC6 1339 2.291 0.2093 0.6771
1LC6 1340 2.001 0.2531 0.7292
1LC6 1341 1.891 0.2280 0.7396
1LC6 1342 2.118 0.2605 0.7083
1LC6 1343 1.960 0.2666 0.7500
1LC6 1344 2.226 0.2210 0.7083
1LC6 1345 2.076 0.2186 0.7083
1LC6 1346 1.945 0.2610 0.7500
1LC6 1347 2.320 0.2213 0.7188
1LC6 1348 2.137 0.2548 0.7188
1LC6 1349 2.009 0.2403 0.7396
1LC6 1350 2.433 0.2549 0.7292
1LC6 1351 2.319 0.2253 0.7083
1LC6 1352 2.191 0.2316 0.7083
1LC6 1353 2.202 0.2745 0.7188
1LC6 1354 2.313 0.2415 0.7188
1LC6 1355 2.219 0.2647 0.7188
1LC6 1356 2.369 0.2561 0.7292
1LC6 1357 2.148 0.2079 0.7083
1LC6 1358 2.129 0.2159 0.7083
1LC6 1359 2.344 0.2374 0.6875
1LC6 1360 2.214 0.2208 0.7083
1LC6 1361 2.529 0.1919 0.6875
1LC6 1362 2.581 0.2293 0.6875
1LC6 1363 2.643 0.2205 0.6875
1LC6 1364 2.925 0.2220 0.6667
1LC6 1365 2.662 0.2084 0.6771
1LC6 1366 2.385 0.2628 0.7188
1LC6 1367 2.766 0.2270 0.6667
1LC6 1368 2.640 0.2296 0.7083
1LC6 1369 2.501 0.2219 0.6979
1LC6 1370 2.397 0.2117 0.6875
1LC6 1371 2.683 0.2025 0.6667
1LC6 1372 2.616 0.2047 0.6771
1LC6 1373 2.563 0.2234 0.6875
1LC6 1374 2.465 0.1810 0.6875
1LC6 1375 2.413 0.1993 0.6771
1LC6 1376 2.410 0.2303 0.6979
1LC6 1377 2.552 0.2174 0.6771
1LC6 1378 2.344 0.2225 0.6875
1LC6 1379 2.795 0.2028 0.6563
1LC6 1380 2.664 0.1885 0.6771
1LC6 1381 2.359 0.1874 0.6875
1LC6 1382 2.428 0.2256 0.7083
1LC6 1383 2.461 0.1972 0.6875
1LC6 1384 2.695 0.1968 0.6771
1LC6 1385 2.693 0.2122 0.6771
1LC6 1386 2.398 0.2224 0.6875
1LC6 1387 2.685 0.1668 0.6458
1LC6 1388 2.608 0.1772 0.6563
1LC6 1389 2.491 0.1944 0.6875
1LC6 1390 2.620 0.1959 0.6771
1LC6 1391 2.839 0.1815 0.6354
1LC6 1392 2.652 0.1993 0.6771
1LC6 1393 2.654 0.2176 0.6875
1LC6 1394 2.855 0.2177 0.6563
1LC6 1395 2.818 0.1749 0.6667
1LC6 1396 2.607 0.1921 0.6875
1LC6 1397 2.516 0.1921 0.6667
1LC6 1398 2.770 0.1816 0.6458
1LC6 1399 2.522 0.1907 0.6875
1LC6 1400 2.577 0.1949 0.6771
1LC6 1401 2.716 0.2147 0.6771
1LC6 1402 2.745 0.1829 0.6563
1LC6 1403 2.705 0.2171 0.6667
1LC6 1404 2.603 0.1987 0.6771
1LC6 1405 2.555 0.2309 0.6875
1LC6 1406 2.911 0.2451 0.7083
1LC6 1407 2.717 0.2217 0.6667
1LC6 1408 2.497 0.2444 0.6771
1LC6 1409 2.689 0.2033 0.6875
1LC6 1410 2.538 0.1834 0.6667
1LC6 1411 2.418 0.2331 0.6875
1LC6 1412 2.581 0.2332 0.7083
1LC6 1413 2.596 0.2212 0.6771
1LC6 1414 2.278 0.2331 0.7083
1LC6 1415 2.413 0.2302 0.6875
1LC6 1416 2.298 0.2336 0.6979
1LC6 1417 2.535 0.2243 0.6979
1LC6 1418 2.311 0.2661 0.7188
1LC6 1419 2.430 0.2467 0.7083
1LC6 1420 2.464 0.2088 0.6771
1LC6 1421 2.350 0.2440 0.7396
1LC6 1422 2.272 0.2238 0.6979
1LC6 1423 2.506 0.2142 0.6875
1LC6 1424 2.566 0.2371 0.6875
1LC6 1425 2.396 0.2178 0.6979
1LC6 1426 2.318 0.2102 0.7188
1LC6 1427 2.495 0.2252 0.7396
1LC6 1428 2.898 0.2197 0.6563
1LC6 1429 2.777 0.2515 0.6875
1LC6 1430 2.476 0.2698 0.7292
1LC6 1431 2.639 0.2369 0.7083
1LC6 1432 2.780 0.2350 0.7083
1LC6 1433 2.748 0.2303 0.6979
1LC6 1434 2.655 0.2581 0.7188
1LC6 1435 2.603 0.2358 0.6979
1LC6 1436 2.568 0.2961 0.7188
1LC6 1437 2.924 0.2306 0.6771
1LC6 1438 2.881 0.2505 0.6979
1LC6 1439 2.615 0.2019 0.6979
1LC6 1440 2.486 0.2753 0.7500
1LC6 1441 2.726 0.1986 0.6563
1LC6 1442 2.987 0.2238 0.6771
1LC6 1443 2.773 0.2007 0.6667
1LC6 1444 2.597 0.2411 0.7188
1LC6 1445 2.321 0.2223 0.7292
1LC6 1446 2.755 0.2298 0.6771
1LC6 1447 2.818 0.2063 0.6875
1LC6 1448 2.670 0.2530 0.6875
1LC6 1449 2.550 0.2326 0.7188
1LC6 1450 2.541 0.2280 0.7083
1LC6 1451 2.457 0.2308 0.7083
1LC6 1452 2.401 0.2623 0.7292
1LC6 1453 2.589 0.2022 0.6667
1LC6 1454 2.675 0.2261 0.6875
1LC6 1455 2.313 0.2634 0.7292
1LC6 1456 2.532 0.2341 0.7188
1LC6 1457 3.013 0.2162 0.6458
1LC6 1458 2.818 0.2337 0.6979
1LC6 1459 2.722 0.2102 0.6875
1LC6 1460 2.745 0.2380 0.6979
1LC6 1461 2.925 0.2289 0.6771
1LC6 1462 2.557 0.2074 0.6875
1LC6 1463 2.601 0.2129 0.6875
1LC6 1464 3.058 0.2072 0.6667
1LC6 1465 2.912 0.2055 0.6771
1LC6 1466 2.686 0.1982 0.6979
1LC6 1467 2.436 0.2833 0.7500
1LC6 1468 2.479 0.2535 0.7292
1LC6 1469 2.417 0.2517 0.7083
1LC6 1470 2.545 0.2325 0.7083
1LC6 1471 2.545 0.2248 0.6979
1LC6 1472 2.711 0.2137 0.6667
1LC6 1473 2.552 0.2225 0.6875
1LC6 1474 2.529 0.2540 0.7188
1LC6 1475 2.768 0.1889 0.6667
1LC6 1476 2.862 0.1810 0.6771
1LC6 1477 2.733 0.2104 0.6771
1LC6 1478 3.103 0.2237 0.6458
1LC6 1479 2.942 0.2133 0.6875
1LC6 1480 2.483 0.2140 0.6875
1LC6 1481 3.034 0.2001 0.6458
1LC6 1482 2.839 0.2500 0.7083
1LC6 1483 2.662 0.2459 0.7083
1LC6 1484 2.719 0.1950 0.7083
1LC6 1485 2.339 0.2238 0.6979
1LC6 1486 2.963 0.2272 0.6771
1LC6 1487 2.599 0.1953 0.6667
1LC6 1488 2.515 0.2020 0.7083
1LC6 1489 2.781 0.2113 0.6771
1LC6 1490 2.596 0.1901 0.6875
1LC6 1491 2.420 0.2056 0.7083
1LC6 1492 2.603 0.2472 0.7188
1LC6 1493 2.699 0.2560 0.7083
1LC6 1494 2.993 0.2141 0.6354
1LC6 1495 2.754 0.2141 0.6771
1LC6 1496 2.722 0.2351 0.6875
1LC6 1497 3.079 0.2306 0.6667
1LC6 1498 2.836 0.2451 0.6979
1LC6 1499 2.492 0.2018 0.7083
1LC6 1500 2.417 0.2020 0.6979
1LC6 1501 2.798 0.2413 0.6667
1LC6 1502 2.739 0.2107 0.6563
1LC6 1503 2.636 0.1897 0.6667
1LC6 1504 2.438 0.2867 0.7396
1LC6 1505 2.525 0.2180 0.7083
1LC6 1506 2.966 0.2452 0.6771
1LC6 1507 2.994 0.2125 0.6354
1LC6 1508 2.522 0.1991 0.7083
1LC6 1509 2.293 0.1858 0.6979
1LC6 1510 2.410 0.2211 0.6875
1LC6 1511 2.346 0.1982 0.7083
1LC6 1512 2.400 0.2643 0.7188
1LC6 1513 2.509 0.2689 0.6979
1LC6 1514 2.720 0.2109 0.6667
1LC6 1515 2.772 0.2025 0.6563
1LC6 1516 2.336 0.1989 0.6979
1LC6 1517 2.461 0.2105 0.7083
1LC6 1518 2.265 0.2377 0.7292
1LC6 1519 2.774 0.2138 0.6667
1LC6 1520 2.629 0.2049 0.6771
1LC6 1521 2.428 0.2350 0.7083
1LC6 1522 2.422 0.2401 0.6979
1LC6 1523 2.649 0.2013 0.6563
1LC6 1524 2.734 0.1683 0.6458
1LC6 1525 2.790 0.2149 0.6771
1LC6 1526 2.806 0.2129 0.6771
1LC6 1527 2.685 0.2165 0.6667
1LC6 1528 2.267 0.2554 0.7292
1LC6 1529 2.631 0.2135 0.6667
1LC6 1530 2.621 0.2023 0.6563
1LC6 1531 2.283 0.2136 0.6771
1LC6 1532 2.545 0.2549 0.7083
1LC6 1533 2.362 0.2217 0.6979
1LC6 1534 2.562 0.2106 0.6875
1LC6 1535 2.495 0.2159 0.6875
1LC6 1536 2.108 0.2570 0.7396
1LC6 1537 2.231 0.2613 0.7396
1LC6 1538 2.493 0.2038 0.6875
1LC6 1539 2.324 0.2523 0.7396
1LC6 1540 2.378 0.2185 0.7083
1LC6 1541 2.239 0.2425 0.7188
1LC6 1542 2.487 0.2157 0.7083
1LC6 1543 2.593 0.2467 0.7188
1LC6 1544 2.737 0.1934 0.6979
1LC6 1545 2.436 0.2062 0.6875
1LC6 1546 2.799 0.2175 0.6771
1LC6 1547 2.733 0.1820 0.6667
1LC6 1548 2.712 0.1727 0.6563
1LC6 1549 2.490 0.2468 0.7292
1LC6 1550 2.666 0.1863 0.6875
1LC6 1551 2.668 0.1687 0.6458
1LC6 1552 2.740 0.2172 0.6875
1LC6 1553 2.569 0.2422 0.7083
1LC6 1554 2.661 0.2007 0.6771
1LC6 1555 3.333 0.1969 0.6458
1LC6 1556 2.660 0.1965 0.7083
1LC6 1557 2.644 0.1790 0.6667
1LC6 1558 2.789 0.1751 0.6563
1LC6 1559 2.777 0.2180 0.6979
1LC6 1560 2.810 0.1715 0.6771
1LC6 1561 2.736 0.1978 0.6875
1LC6 1562 2.641 0.1841 0.6771
1LC6 1563 2.781 0.2217 0.6875
1LC6 1564 2.677 0.1763 0.6563
1LC6 1565 2.713 0.1852 0.6667
1LC6 1566 2.587 0.2124 0.6979
1LC6 1567 2.836 0.1949 0.6563
1LC6 1568 2.852 0.2069 0.6354
1LC6 1569 2.598 0.2240 0.6979
1LC6 1570 2.660 0.2231 0.6979
1LC6 1571 2.637 0.2071 0.6771
1LC6 1572 2.603 0.2346 0.6979
1LC6 1573 2.442 0.2267 0.6875
1LC6 1574 2.801 0.2273 0.6563
1LC6 1575 2.549 0.1863 0.6771
1LC6 1576 2.498 0.2252 0.7083
1LC6 1577 2.738 0.2005 0.6667
1LC6 1578 2.371 0.2411 0.7292
1LC6 1579 2.550 0.2490 0.7083
1LC6 1580 2.366 0.2176 0.7083
1LC6 1581 2.353 0.2366 0.7292
1LC6 1582 2.318 0.2347 0.7083
1LC6 1583 2.723 0.1966 0.6875
1LC6 1584 2.832 0.1817 0.6563
1LC6 1585 2.652 0.2128 0.6875
1LC6 1586 2.893 0.2337 0.6667
1LC6 1587 2.758 0.2315 0.7083
1LC6 1588 2.810 0.2915 0.7083
1LC6 1589 2.730 0.2078 0.6875
1LC6 1590 2.150 0.2090 0.7188
1LC6 1591 2.965 0.1945 0.6354
1LC6 1592 2.342 0.1845 0.6979
1LC6 1593 2.189 0.1992 0.6771
1LC6 1594 2.491 0.2127 0.6979
1LC6 1595 2.620 0.1859 0.6875
1LC6 1596 2.516 0.1955 0.6875
1LC6 1597 2.706 0.1841 0.6771
1LC6 1598 2.798 0.1856 0.6563
1LC6 1599 2.409 0.2116 0.7083
1LC6 1600 2.611 0.1966 0.6979
1LC6 1601 2.568 0.2045 0.6667
1LC6 1602 2.940 0.1990 0.6458
1LC6 1603 2.838 0.2120 0.6771
1LC6 1604 2.702 0.2324 0.6979
1LC6 1605 2.653 0.2439 0.7292
1LC6 1606 2.706 0.2581 0.7292
1LC6 1607 3.136 0.2300 0.6667
