2KOC 1 0.000 1.0000 1.0000
2KOC 2 0.460 0.6724 0.9821
2KOC 3 0.428 0.6824 1.0000
2KOC 4 0.456 0.6285 1.0000
2KOC 5 0.322 0.7787 1.0000
2KOC 6 0.299 0.7838 1.0000
2KOC 7 0.506 0.6068 1.0000
2KOC 8 0.429 0.6449 1.0000
2KOC 9 0.359 0.7070 1.0000
2KOC 10 0.362 0.7047 1.0000
2KOC 11 0.633 0.5452 0.9821
2KOC 12 0.432 0.6674 1.0000
2KOC 13 0.477 0.5890 1.0000
2KOC 14 0.477 0.6563 1.0000
2KOC 15 0.481 0.6207 1.0000
2KOC 16 0.377 0.7182 1.0000
2KOC 17 0.570 0.5491 1.0000
2KOC 18 0.414 0.6335 1.0000
2KOC 19 0.383 0.7519 1.0000
2KOC 20 0.633 0.4839 1.0000
2KOC 21 5.847 0.2079 0.6250
2KOC 22 4.034 0.2612 0.7321
2KOC 23 2.148 0.2607 0.8036
2KOC 24 1.601 0.3045 0.8393
2KOC 25 1.713 0.2271 0.8036
2KOC 26 1.541 0.2356 0.8393
2KOC 27 1.248 0.3005 0.8750
2KOC 28 2.730 0.2506 0.7679
2KOC 29 2.344 0.2565 0.7857
2KOC 30 2.571 0.2364 0.8036
2KOC 31 1.438 0.3028 0.8750
2KOC 32 1.388 0.2557 0.8750
2KOC 33 2.116 0.2792 0.7857
2KOC 34 1.488 0.3382 0.8393
2KOC 35 1.297 0.2964 0.8571
2KOC 36 2.008 0.2485 0.7857
2KOC 37 1.352 0.3205 0.8750
2KOC 38 1.752 0.2398 0.8214
2KOC 39 1.285 0.2992 0.8750
2KOC 40 1.087 0.2928 0.9107
2KOC 41 1.373 0.3600 0.8750
2KOC 42 1.647 0.2912 0.8393
2KOC 43 2.574 0.2826 0.8036
2KOC 44 1.702 0.2867 0.8393
2KOC 45 1.563 0.3465 0.8929
2KOC 46 1.508 0.2679 0.8393
2KOC 47 1.402 0.3310 0.8750
2KOC 48 3.183 0.2540 0.8036
2KOC 49 1.876 0.2814 0.8393
2KOC 50 1.405 0.2953 0.9107
2KOC 51 1.170 0.3833 0.8929
2KOC 52 2.750 0.2776 0.8036
2KOC 53 1.551 0.2625 0.8571
2KOC 54 2.300 0.2685 0.8214
2KOC 55 1.247 0.2650 0.8571
2KOC 56 1.329 0.2478 0.8750
2KOC 57 1.487 0.2830 0.8571
2KOC 58 1.078 0.3000 0.9107
2KOC 59 1.405 0.2534 0.8750
2KOC 60 1.388 0.2888 0.8750
2KOC 61 6.321 0.1937 0.5000
2KOC 62 6.530 0.1754 0.5000
2KOC 63 7.498 0.1591 0.4643
2KOC 64 3.530 0.2380 0.7143
2KOC 65 3.207 0.2140 0.7500
2KOC 66 1.512 0.1976 0.8571
2KOC 67 3.570 0.2192 0.7143
2KOC 68 1.796 0.2313 0.7857
2KOC 69 1.485 0.2691 0.8571
2KOC 70 1.746 0.3094 0.8036
2KOC 71 3.992 0.2473 0.6964
2KOC 72 3.901 0.2139 0.6607
2KOC 73 1.286 0.3132 0.8750
2KOC 74 1.699 0.2698 0.8750
2KOC 75 1.649 0.2956 0.8393
2KOC 76 3.293 0.2595 0.7500
2KOC 77 1.723 0.2193 0.8036
2KOC 78 3.683 0.2304 0.7143
2KOC 79 3.268 0.2790 0.7500
2KOC 80 2.061 0.2778 0.7679
2KOC 81 2.050 0.2679 0.8036
2KOC 82 1.360 0.3512 0.8750
2KOC 83 2.966 0.2288 0.6964
2KOC 84 1.468 0.2983 0.8571
2KOC 85 1.514 0.2914 0.8929
2KOC 86 2.030 0.2554 0.8214
2KOC 87 1.587 0.3198 0.8750
2KOC 88 1.348 0.3283 0.8571
2KOC 89 1.845 0.2881 0.8036
2KOC 90 1.485 0.3107 0.8393
2KOC 91 1.841 0.3067 0.8393
2KOC 92 1.365 0.2784 0.8750
2KOC 93 1.929 0.2904 0.8393
2KOC 94 1.271 0.2975 0.8750
2KOC 95 1.821 0.2592 0.8214
2KOC 96 2.227 0.2509 0.7857
2KOC 97 1.510 0.2876 0.8571
2KOC 98 1.333 0.2962 0.8750
2KOC 99 3.110 0.1907 0.6964
2KOC 100 1.426 0.2700 0.8750
2KOC 101 4.921 0.1574 0.6250
2KOC 102 7.019 0.1262 0.5536
2KOC 103 6.957 0.2327 0.4643
2KOC 104 2.550 0.2853 0.8214
2KOC 105 3.566 0.2559 0.6964
2KOC 106 2.258 0.2943 0.7857
2KOC 107 2.879 0.3060 0.8036
2KOC 108 1.657 0.3460 0.8750
2KOC 109 2.103 0.2187 0.7857
2KOC 110 3.355 0.2086 0.7500
2KOC 111 1.114 0.2876 0.8929
2KOC 112 1.320 0.2721 0.8393
2KOC 113 1.339 0.3477 0.8929
2KOC 114 1.641 0.2722 0.8214
2KOC 115 1.019 0.3784 0.9286
2KOC 116 1.561 0.2634 0.8571
2KOC 117 1.806 0.2767 0.8393
2KOC 118 2.290 0.2355 0.7857
2KOC 119 1.127 0.3505 0.9107
2KOC 120 1.314 0.2830 0.8929
2KOC 121 1.867 0.2645 0.8036
2KOC 122 1.771 0.2469 0.8393
2KOC 123 2.429 0.2549 0.7679
2KOC 124 1.532 0.2851 0.8393
2KOC 125 1.241 0.3590 0.9107
2KOC 126 1.695 0.2889 0.8214
2KOC 127 1.274 0.2611 0.8750
2KOC 128 1.554 0.2835 0.8750
2KOC 129 4.773 0.1595 0.6071
2KOC 130 1.143 0.3494 0.9107
2KOC 131 1.465 0.2882 0.8750
2KOC 132 1.496 0.3189 0.8750
2KOC 133 1.179 0.2787 0.8750
2KOC 134 1.552 0.3232 0.8750
2KOC 135 1.077 0.3194 0.9107
2KOC 136 1.761 0.2292 0.8571
2KOC 137 1.458 0.3391 0.8571
2KOC 138 1.262 0.3734 0.8929
2KOC 139 2.502 0.2513 0.7857
2KOC 140 1.596 0.3001 0.8393
2KOC 141 2.805 0.2125 0.7143
2KOC 142 1.746 0.2656 0.8214
2KOC 143 1.185 0.3186 0.8929
2KOC 144 1.145 0.2630 0.8750
2KOC 145 1.301 0.3213 0.8750
2KOC 146 1.896 0.2545 0.8214
2KOC 147 1.464 0.3750 0.8929
2KOC 148 2.694 0.2173 0.7857
2KOC 149 1.553 0.3280 0.8750
2KOC 150 1.794 0.3245 0.8750
2KOC 151 2.413 0.2842 0.7500
2KOC 152 1.665 0.2821 0.8214
2KOC 153 1.748 0.3321 0.8750
2KOC 154 2.004 0.2453 0.7857
2KOC 155 1.674 0.3061 0.8750
2KOC 156 1.797 0.2434 0.8571
2KOC 157 1.353 0.3055 0.8393
2KOC 158 1.431 0.3099 0.8571
2KOC 159 1.781 0.2836 0.8036
2KOC 160 1.486 0.2943 0.8750
2KOC 161 1.436 0.2338 0.8571
2KOC 162 1.971 0.2360 0.8036
2KOC 163 2.574 0.2438 0.7857
2KOC 164 1.342 0.3611 0.8929
2KOC 165 2.778 0.3162 0.8036
2KOC 166 1.402 0.3503 0.8750
2KOC 167 1.617 0.3295 0.8571
2KOC 168 1.457 0.2718 0.8393
2KOC 169 2.286 0.2350 0.7321
2KOC 170 1.512 0.3252 0.8571
2KOC 171 1.240 0.3517 0.8929
2KOC 172 1.873 0.2931 0.8393
2KOC 173 2.056 0.2836 0.8214
2KOC 174 1.691 0.3646 0.8571
2KOC 175 1.249 0.3036 0.8750
2KOC 176 1.613 0.3184 0.8571
2KOC 177 2.030 0.2352 0.8214
2KOC 178 1.247 0.3209 0.8750
2KOC 179 2.100 0.2628 0.8036
2KOC 180 1.744 0.2975 0.8571
2KOC 181 3.149 0.2557 0.7679
2KOC 182 1.762 0.3144 0.8393
2KOC 183 1.384 0.2794 0.8750
2KOC 184 1.965 0.1842 0.8036
2KOC 185 3.015 0.2286 0.6964
2KOC 186 1.122 0.2842 0.8929
2KOC 187 1.087 0.3666 0.8929
2KOC 188 1.523 0.2968 0.8571
2KOC 189 1.503 0.2719 0.8393
2KOC 190 1.465 0.3226 0.8571
2KOC 191 2.810 0.2041 0.7321
2KOC 192 2.568 0.2398 0.7857
2KOC 193 1.900 0.2572 0.8393
2KOC 194 3.219 0.2454 0.7321
2KOC 195 1.396 0.3337 0.8750
2KOC 196 1.515 0.2953 0.8571
2KOC 197 1.013 0.3329 0.9107
2KOC 198 2.968 0.2701 0.7500
2KOC 199 1.196 0.3177 0.8929
2KOC 200 1.682 0.3076 0.8393
2KOC 201 1.967 0.2751 0.8393
2KOC 202 1.160 0.3222 0.9107
2KOC 203 1.815 0.3178 0.8393
2KOC 204 1.217 0.2970 0.9107
2KOC 205 2.345 0.2183 0.8036
2KOC 206 1.322 0.3678 0.8929
2KOC 207 1.300 0.3574 0.8750
2KOC 208 1.285 0.3630 0.8750
2KOC 209 1.209 0.3709 0.8929
2KOC 210 1.480 0.2746 0.8571
2KOC 211 1.541 0.2620 0.8393
2KOC 212 1.141 0.3167 0.9286
2KOC 213 1.832 0.2846 0.8393
2KOC 214 1.631 0.3565 0.8929
2KOC 215 1.241 0.3294 0.9107
2KOC 216 1.197 0.3339 0.9286
2KOC 217 1.669 0.2631 0.8393
2KOC 218 1.603 0.2880 0.8571
2KOC 219 1.442 0.2948 0.8750
2KOC 220 1.313 0.3101 0.8750
2KOC 221 8.552 0.1223 0.4643
2KOC 222 3.098 0.2333 0.7321
2KOC 223 2.972 0.2984 0.7500
2KOC 224 3.239 0.2011 0.6786
2KOC 225 4.406 0.1980 0.6786
2KOC 226 7.395 0.2082 0.4643
2KOC 227 2.587 0.2412 0.7500
2KOC 228 4.122 0.1737 0.6964
2KOC 229 5.039 0.2433 0.6607
2KOC 230 2.092 0.2569 0.7857
2KOC 231 2.446 0.1992 0.7679
2KOC 232 6.716 0.2145 0.5179
2KOC 233 3.121 0.1801 0.7143
2KOC 234 1.808 0.2306 0.8214
2KOC 235 2.005 0.3417 0.8214
2KOC 236 1.578 0.2552 0.8214
2KOC 237 2.901 0.1898 0.7321
2KOC 238 1.805 0.2796 0.8750
2KOC 239 2.763 0.2550 0.7857
2KOC 240 1.819 0.2814 0.8036
2KOC 241 3.658 0.2794 0.7321
2KOC 242 2.693 0.2419 0.7321
2KOC 243 3.473 0.2371 0.7500
2KOC 244 1.630 0.2810 0.8214
2KOC 245 2.040 0.2924 0.8214
2KOC 246 1.945 0.3243 0.8750
2KOC 247 2.305 0.2649 0.8036
2KOC 248 3.539 0.2564 0.7500
2KOC 249 3.088 0.2833 0.7143
2KOC 250 2.639 0.2827 0.7679
2KOC 251 4.209 0.2445 0.6607
2KOC 252 3.446 0.2554 0.7500
2KOC 253 1.551 0.3398 0.8571
2KOC 254 1.816 0.2663 0.8036
2KOC 255 2.919 0.3050 0.7679
2KOC 256 2.577 0.2447 0.7679
2KOC 257 3.297 0.2420 0.7321
2KOC 258 2.674 0.1623 0.7143
2KOC 259 3.459 0.2722 0.7500
2KOC 260 2.264 0.1938 0.7679
2KOC 261 9.891 0.1270 0.4821
2KOC 262 5.245 0.1185 0.5536
2KOC 263 3.214 0.1967 0.6964
2KOC 264 6.221 0.1890 0.5357
2KOC 265 5.760 0.1497 0.6250
2KOC 266 4.761 0.2503 0.6607
2KOC 267 3.185 0.1989 0.7500
2KOC 268 1.906 0.2652 0.8214
2KOC 269 4.261 0.2275 0.6250
2KOC 270 1.711 0.2586 0.8393
2KOC 271 3.418 0.2075 0.6964
2KOC 272 1.829 0.2812 0.8214
2KOC 273 1.619 0.2858 0.8393
2KOC 274 1.599 0.3171 0.8929
2KOC 275 2.276 0.2278 0.7679
2KOC 276 1.116 0.3234 0.8929
2KOC 277 2.062 0.2466 0.8036
2KOC 278 1.843 0.2307 0.7679
2KOC 279 1.669 0.3305 0.8571
2KOC 280 2.947 0.3363 0.7857
2KOC 281 1.782 0.2717 0.8750
2KOC 282 2.111 0.2663 0.7857
2KOC 283 1.750 0.2745 0.8214
2KOC 284 3.214 0.2846 0.8393
2KOC 285 1.430 0.2180 0.8393
2KOC 286 1.334 0.3081 0.8571
2KOC 287 1.905 0.3024 0.8036
2KOC 288 1.437 0.2258 0.8571
2KOC 289 1.761 0.3189 0.8571
2KOC 290 1.593 0.2799 0.8393
2KOC 291 2.241 0.2730 0.8036
2KOC 292 1.397 0.3379 0.8750
2KOC 293 2.242 0.2785 0.7679
2KOC 294 1.830 0.2672 0.8214
2KOC 295 1.654 0.2766 0.8393
2KOC 296 2.031 0.2680 0.8036
2KOC 297 1.953 0.2599 0.8036
2KOC 298 1.838 0.2597 0.8036
2KOC 299 1.798 0.3000 0.8571
2KOC 300 1.559 0.2760 0.8214
2KOC 301 7.573 0.1236 0.4821
2KOC 302 3.641 0.2220 0.7143
2KOC 303 1.347 0.2813 0.8750
2KOC 304 1.413 0.2718 0.8393
2KOC 305 1.446 0.3141 0.8393
2KOC 306 1.857 0.2719 0.8214
2KOC 307 2.871 0.1744 0.7143
2KOC 308 2.812 0.2916 0.7500
2KOC 309 2.061 0.2734 0.8214
2KOC 310 1.764 0.3045 0.8393
2KOC 311 1.227 0.3432 0.8929
2KOC 312 2.322 0.2439 0.8036
2KOC 313 1.332 0.3267 0.8929
2KOC 314 1.402 0.3074 0.9107
2KOC 315 2.438 0.2421 0.8036
2KOC 316 2.036 0.3216 0.8393
2KOC 317 1.507 0.3631 0.8571
2KOC 318 1.546 0.3097 0.8571
2KOC 319 1.354 0.2956 0.8393
2KOC 320 1.133 0.2916 0.9286
2KOC 321 2.175 0.2539 0.7857
2KOC 322 1.860 0.2499 0.8214
2KOC 323 2.306 0.2245 0.7857
2KOC 324 1.083 0.3734 0.9107
2KOC 325 2.535 0.2475 0.8214
2KOC 326 1.248 0.3664 0.8929
2KOC 327 1.224 0.3052 0.9286
2KOC 328 1.230 0.3518 0.9107
2KOC 329 1.533 0.2612 0.8571
2KOC 330 1.783 0.2630 0.8393
2KOC 331 1.277 0.3070 0.8929
2KOC 332 2.004 0.2426 0.8036
2KOC 333 1.146 0.3283 0.9107
2KOC 334 1.355 0.3120 0.8929
2KOC 335 1.503 0.3225 0.8929
2KOC 336 1.362 0.3582 0.8750
2KOC 337 1.695 0.2623 0.8393
2KOC 338 4.216 0.2527 0.7321
2KOC 339 1.883 0.2980 0.8393
2KOC 340 1.244 0.3323 0.8929
2KOC 341 5.312 0.1187 0.5714
2KOC 342 3.043 0.1423 0.6964
2KOC 343 2.416 0.2712 0.7857
2KOC 344 2.389 0.2302 0.7321
2KOC 345 2.113 0.3321 0.8214
2KOC 346 1.444 0.2846 0.8929
2KOC 347 1.620 0.2302 0.8571
2KOC 348 2.008 0.2615 0.7857
2KOC 349 1.625 0.3231 0.8393
2KOC 350 2.219 0.2298 0.7679
2KOC 351 2.131 0.2874 0.8571
2KOC 352 1.939 0.2869 0.8571
2KOC 353 1.396 0.3200 0.9107
2KOC 354 4.324 0.2011 0.6429
2KOC 355 2.219 0.2491 0.8393
2KOC 356 2.231 0.2760 0.8036
2KOC 357 1.825 0.2654 0.8214
2KOC 358 1.685 0.2958 0.8393
2KOC 359 1.604 0.3315 0.8571
2KOC 360 1.679 0.3132 0.8393
2KOC 361 1.831 0.2523 0.8214
2KOC 362 1.248 0.3252 0.8571
2KOC 363 1.802 0.2775 0.8214
2KOC 364 1.838 0.2639 0.8214
2KOC 365 1.731 0.2349 0.8750
2KOC 366 1.806 0.2694 0.8036
2KOC 367 1.686 0.2993 0.8036
2KOC 368 1.375 0.3924 0.8750
2KOC 369 3.099 0.2402 0.7321
2KOC 370 1.358 0.3514 0.8929
2KOC 371 2.002 0.2527 0.7857
2KOC 372 1.697 0.2737 0.8393
2KOC 373 1.844 0.2483 0.8214
2KOC 374 1.832 0.2654 0.8036
2KOC 375 1.464 0.3856 0.8571
2KOC 376 1.422 0.2835 0.8393
2KOC 377 1.443 0.2735 0.8393
2KOC 378 2.073 0.2208 0.7679
2KOC 379 2.681 0.2443 0.7500
2KOC 380 1.773 0.3300 0.8393
2KOC 381 5.579 0.1407 0.5357
2KOC 382 4.059 0.1512 0.6250
2KOC 383 1.607 0.2734 0.8571
2KOC 384 2.148 0.2800 0.8214
2KOC 385 3.579 0.2531 0.7143
2KOC 386 2.779 0.2253 0.7500
2KOC 387 1.502 0.3257 0.8750
2KOC 388 1.225 0.2823 0.8929
2KOC 389 1.525 0.2610 0.8750
2KOC 390 1.222 0.3315 0.9107
2KOC 391 1.343 0.2801 0.8750
2KOC 392 1.626 0.2614 0.8393
2KOC 393 1.268 0.3209 0.8929
2KOC 394 1.443 0.3031 0.8571
2KOC 395 1.451 0.3076 0.8393
2KOC 396 1.300 0.3249 0.8929
2KOC 397 2.078 0.2213 0.8036
2KOC 398 1.469 0.3076 0.8393
2KOC 399 1.680 0.2588 0.8393
2KOC 400 1.733 0.2210 0.8214
2KOC 401 1.402 0.3225 0.8929
2KOC 402 1.318 0.3120 0.8750
2KOC 403 1.103 0.3136 0.9286
2KOC 404 1.508 0.2854 0.8571
2KOC 405 1.291 0.2531 0.8750
2KOC 406 1.711 0.2822 0.8571
2KOC 407 1.693 0.2551 0.8750
2KOC 408 2.175 0.2672 0.7679
2KOC 409 1.378 0.2990 0.8571
2KOC 410 1.434 0.2918 0.8750
2KOC 411 2.000 0.2716 0.8571
2KOC 412 2.715 0.2296 0.7500
2KOC 413 1.262 0.3002 0.8929
2KOC 414 1.208 0.3279 0.8929
2KOC 415 1.343 0.3392 0.8750
2KOC 416 2.158 0.3225 0.8214
2KOC 417 2.619 0.2381 0.7679
2KOC 418 1.232 0.3025 0.8929
2KOC 419 1.499 0.2980 0.8750
2KOC 420 1.694 0.2813 0.8393
2KOC 421 1.767 0.3028 0.8214
2KOC 422 2.000 0.2479 0.8214
2KOC 423 2.008 0.2564 0.8214
2KOC 424 2.089 0.2596 0.8214
2KOC 425 2.013 0.2508 0.8214
2KOC 426 2.018 0.2684 0.8214
2KOC 427 2.003 0.2645 0.8214
2KOC 428 2.009 0.2625 0.8214
2KOC 429 1.982 0.2611 0.8214
2KOC 430 1.987 0.2621 0.8214
2KOC 431 1.997 0.2627 0.8214
2KOC 432 1.997 0.2583 0.8214
2KOC 433 1.984 0.2593 0.8214
2KOC 434 1.985 0.2619 0.8214
2KOC 435 1.990 0.2599 0.8214
2KOC 436 1.988 0.2578 0.8214
2KOC 437 1.980 0.2603 0.8214
2KOC 438 1.979 0.2636 0.8214
2KOC 439 1.977 0.2585 0.8214
2KOC 440 1.990 0.2596 0.8214
2KOC 441 1.977 0.2582 0.8214
2KOC 442 2.003 0.2590 0.8214
2KOC 443 2.002 0.2553 0.8214
2KOC 444 1.983 0.2633 0.8214
2KOC 445 2.012 0.2607 0.8214
2KOC 446 2.003 0.2603 0.8214
2KOC 447 2.016 0.2602 0.8214
2KOC 448 2.001 0.2638 0.8214
2KOC 449 1.988 0.2576 0.8214
2KOC 450 1.980 0.2632 0.8214
2KOC 451 2.000 0.2594 0.8214
2KOC 452 1.973 0.2700 0.8214
2KOC 453 2.016 0.2582 0.8214
2KOC 454 1.981 0.2589 0.8214
2KOC 455 1.970 0.2608 0.8214
2KOC 456 1.966 0.2608 0.8214
2KOC 457 1.989 0.2606 0.8214
2KOC 458 2.014 0.2609 0.8214
2KOC 459 2.003 0.2646 0.8214
2KOC 460 2.049 0.2542 0.8214
2KOC 461 2.130 0.2479 0.8214
2KOC 462 2.086 0.2485 0.8214
2KOC 463 2.092 0.2511 0.8214
2KOC 464 2.099 0.2461 0.8036
2KOC 465 2.100 0.2584 0.8214
2KOC 466 2.077 0.2507 0.8214
2KOC 467 2.085 0.2489 0.8214
2KOC 468 2.105 0.2496 0.8214
2KOC 469 2.076 0.2580 0.8214
2KOC 470 2.079 0.2523 0.8214
2KOC 471 2.087 0.2550 0.8214
2KOC 472 2.055 0.2533 0.8214
2KOC 473 2.070 0.2609 0.8214
2KOC 474 2.107 0.2471 0.8214
2KOC 475 2.097 0.2497 0.8214
2KOC 476 2.079 0.2465 0.8214
2KOC 477 2.085 0.2460 0.8214
2KOC 478 2.099 0.2448 0.8214
2KOC 479 2.102 0.2434 0.8214
2KOC 480 2.118 0.2606 0.8214
2KOC 481 2.111 0.2534 0.8214
2KOC 482 2.086 0.2559 0.8214
2KOC 483 2.074 0.2506 0.8214
2KOC 484 2.086 0.2535 0.8214
2KOC 485 2.103 0.2568 0.8214
2KOC 486 2.127 0.2348 0.8214
2KOC 487 2.122 0.2513 0.8036
2KOC 488 2.143 0.2390 0.8214
2KOC 489 2.085 0.2519 0.8214
2KOC 490 2.081 0.2624 0.8214
2KOC 491 2.120 0.2452 0.8214
2KOC 492 2.151 0.2452 0.8214
2KOC 493 2.134 0.2415 0.8214
2KOC 494 2.089 0.2492 0.8214
2KOC 495 2.058 0.2419 0.8214
2KOC 496 2.100 0.2475 0.8214
2KOC 497 2.076 0.2380 0.8214
2KOC 498 2.092 0.2613 0.8214
2KOC 499 2.054 0.2488 0.8214
2KOC 500 2.059 0.2520 0.8214
2KOC 501 2.118 0.2611 0.8214
2KOC 502 2.081 0.2676 0.8214
2KOC 503 2.079 0.2581 0.8214
2KOC 504 2.079 0.2486 0.8214
2KOC 505 2.116 0.2523 0.8214
2KOC 506 2.086 0.2538 0.8214
2KOC 507 2.119 0.2412 0.8214
2KOC 508 2.075 0.2562 0.8214
2KOC 509 2.106 0.2486 0.8214
2KOC 510 2.056 0.2588 0.8393
2KOC 511 2.023 0.2625 0.8393
2KOC 512 2.021 0.2462 0.8214
2KOC 513 2.096 0.2425 0.8214
2KOC 514 1.976 0.2666 0.8214
2KOC 515 2.057 0.2539 0.8214
2KOC 516 2.071 0.2465 0.8214
2KOC 517 2.017 0.2453 0.8214
2KOC 518 2.029 0.2533 0.8214
2KOC 519 2.125 0.2495 0.8036
2KOC 520 2.088 0.2664 0.8036
2KOC 521 1.998 0.2761 0.8214
2KOC 522 2.118 0.2435 0.8036
2KOC 523 2.118 0.2515 0.8214
2KOC 524 2.067 0.2751 0.8214
2KOC 525 2.194 0.2403 0.8036
2KOC 526 2.172 0.2504 0.8036
2KOC 527 2.098 0.2536 0.8214
2KOC 528 2.137 0.2835 0.7857
2KOC 529 2.091 0.2761 0.8036
2KOC 530 2.115 0.2560 0.7857
2KOC 531 2.058 0.2594 0.8036
2KOC 532 2.174 0.2469 0.8214
2KOC 533 2.109 0.2626 0.7679
2KOC 534 2.115 0.2667 0.8036
2KOC 535 2.228 0.2663 0.8036
2KOC 536 2.130 0.2729 0.8214
2KOC 537 2.261 0.2826 0.7857
2KOC 538 2.225 0.2698 0.8214
2KOC 539 2.167 0.2469 0.7857
2KOC 540 2.241 0.2411 0.8214
2KOC 541 2.200 0.2544 0.8036
2KOC 542 2.119 0.2622 0.8036
2KOC 543 2.183 0.2645 0.7857
2KOC 544 2.134 0.2795 0.7857
2KOC 545 2.150 0.2798 0.7857
2KOC 546 2.189 0.2704 0.7857
2KOC 547 2.238 0.2548 0.8214
2KOC 548 2.207 0.2582 0.7857
2KOC 549 2.215 0.2456 0.7857
2KOC 550 2.228 0.2721 0.7857
2KOC 551 2.208 0.2568 0.7857
2KOC 552 2.204 0.2628 0.7857
2KOC 553 2.171 0.2557 0.7857
2KOC 554 2.199 0.2580 0.8214
2KOC 555 2.191 0.2548 0.7857
2KOC 556 2.128 0.2491 0.8036
2KOC 557 2.246 0.2549 0.8214
2KOC 558 2.252 0.2319 0.8036
2KOC 559 2.178 0.2673 0.7857
2KOC 560 2.215 0.2604 0.8214
2KOC 561 2.141 0.2806 0.7857
2KOC 562 2.155 0.2645 0.7679
2KOC 563 2.124 0.2653 0.8214
2KOC 564 2.189 0.2592 0.8214
2KOC 565 2.199 0.2546 0.7857
2KOC 566 2.251 0.2574 0.8036
2KOC 567 2.275 0.2490 0.7857
2KOC 568 2.205 0.2613 0.7857
2KOC 569 2.156 0.2651 0.7679
2KOC 570 2.164 0.2633 0.8036
2KOC 571 2.261 0.2520 0.7857
2KOC 572 2.200 0.2423 0.8036
2KOC 573 2.188 0.2811 0.8036
2KOC 574 2.198 0.2549 0.7857
2KOC 575 2.190 0.2879 0.8036
2KOC 576 2.182 0.2614 0.7857
2KOC 577 2.144 0.2497 0.8214
2KOC 578 2.119 0.2795 0.8036
2KOC 579 2.104 0.2765 0.8036
2KOC 580 2.201 0.2703 0.7857
2KOC 581 2.221 0.2628 0.7857
2KOC 582 2.213 0.2505 0.7857
2KOC 583 2.243 0.2440 0.7857
2KOC 584 2.148 0.2638 0.7857
2KOC 585 2.261 0.2717 0.7857
2KOC 586 2.221 0.2507 0.8036
2KOC 587 2.179 0.2482 0.7857
2KOC 588 2.176 0.2488 0.8036
2KOC 589 2.122 0.2573 0.7857
2KOC 590 2.251 0.2431 0.8036
2KOC 591 2.228 0.2695 0.7857
2KOC 592 2.190 0.2492 0.7857
2KOC 593 2.146 0.2647 0.7857
2KOC 594 2.269 0.2762 0.7679
2KOC 595 2.135 0.2400 0.8036
2KOC 596 2.288 0.2484 0.8036
2KOC 597 2.083 0.2561 0.8036
2KOC 598 2.214 0.2340 0.7857
2KOC 599 2.316 0.2610 0.7857
2KOC 600 2.194 0.2811 0.8036
2KOC 601 2.229 0.2555 0.7857
2KOC 602 2.196 0.2541 0.8214
2KOC 603 2.267 0.2550 0.7857
2KOC 604 2.222 0.2405 0.7857
2KOC 605 2.152 0.2673 0.8036
2KOC 606 2.222 0.2605 0.8036
2KOC 607 2.156 0.2430 0.7857
2KOC 608 2.184 0.2481 0.7857
2KOC 609 2.263 0.2392 0.8036
2KOC 610 2.212 0.2715 0.7857
2KOC 611 2.203 0.2536 0.7857
2KOC 612 2.320 0.2705 0.8214
2KOC 613 2.342 0.2683 0.7857
2KOC 614 2.127 0.2505 0.8036
2KOC 615 2.191 0.2693 0.7857
2KOC 616 2.128 0.2682 0.7857
2KOC 617 2.253 0.2721 0.7857
2KOC 618 2.127 0.2817 0.7857
2KOC 619 2.250 0.2382 0.8036
2KOC 620 2.166 0.2967 0.8036
2KOC 621 2.243 0.2535 0.8214
2KOC 622 2.224 0.2657 0.7857
2KOC 623 2.241 0.2724 0.8036
2KOC 624 2.194 0.2895 0.8036
2KOC 625 2.170 0.2548 0.8036
2KOC 626 2.226 0.2651 0.7857
2KOC 627 2.176 0.2552 0.7857
2KOC 628 2.207 0.2575 0.7857
2KOC 629 2.187 0.2508 0.7857
2KOC 630 2.171 0.2644 0.8036
2KOC 631 2.297 0.2485 0.7857
2KOC 632 2.162 0.2618 0.8036
2KOC 633 2.159 0.2651 0.8036
2KOC 634 2.295 0.2640 0.8214
2KOC 635 2.194 0.2365 0.7857
2KOC 636 2.283 0.2427 0.7857
2KOC 637 2.368 0.2361 0.7857
2KOC 638 2.347 0.2297 0.7679
2KOC 639 2.134 0.2515 0.7857
2KOC 640 2.339 0.2188 0.7857
2KOC 641 2.192 0.2598 0.8036
2KOC 642 2.285 0.2607 0.8036
2KOC 643 2.248 0.2353 0.7679
2KOC 644 2.184 0.2517 0.8214
2KOC 645 2.271 0.2525 0.8036
2KOC 646 2.211 0.2392 0.8036
2KOC 647 2.208 0.2353 0.8214
2KOC 648 2.264 0.2456 0.8214
2KOC 649 2.325 0.2611 0.7857
2KOC 650 2.217 0.2630 0.8036
2KOC 651 2.224 0.2455 0.8036
2KOC 652 2.245 0.2375 0.7857
2KOC 653 2.293 0.2271 0.7857
2KOC 654 2.248 0.2459 0.8036
2KOC 655 2.296 0.2608 0.7857
2KOC 656 2.279 0.2527 0.8036
2KOC 657 2.258 0.2368 0.8036
2KOC 658 2.236 0.2378 0.8036
2KOC 659 2.309 0.2235 0.8036
2KOC 660 2.311 0.2712 0.8036
2KOC 661 2.352 0.2234 0.7857
2KOC 662 2.222 0.2315 0.8036
2KOC 663 2.186 0.2204 0.8036
2KOC 664 2.336 0.2245 0.8036
2KOC 665 2.282 0.2327 0.8036
2KOC 666 2.287 0.2461 0.8214
2KOC 667 2.165 0.2325 0.8036
2KOC 668 2.251 0.2317 0.7679
2KOC 669 2.205 0.2414 0.7857
2KOC 670 2.309 0.2526 0.8036
2KOC 671 2.333 0.2225 0.7679
2KOC 672 2.397 0.2339 0.7857
2KOC 673 2.294 0.2352 0.7857
2KOC 674 2.312 0.2217 0.8036
2KOC 675 2.317 0.2470 0.7857
2KOC 676 2.243 0.2572 0.8036
2KOC 677 2.287 0.2307 0.8036
2KOC 678 2.387 0.2238 0.7857
2KOC 679 2.348 0.2228 0.7857
2KOC 680 2.097 0.2679 0.7857
2KOC 681 2.272 0.2443 0.7679
2KOC 682 2.257 0.2865 0.7857
2KOC 683 2.133 0.2497 0.7857
2KOC 684 2.300 0.2498 0.8036
2KOC 685 2.246 0.2658 0.7857
2KOC 686 2.166 0.2914 0.8036
2KOC 687 2.242 0.2474 0.8036
2KOC 688 2.242 0.2505 0.8036
2KOC 689 2.098 0.2448 0.8393
2KOC 690 2.273 0.2279 0.8036
2KOC 691 2.129 0.2407 0.8036
2KOC 692 2.158 0.2565 0.8036
2KOC 693 1.921 0.2621 0.8214
2KOC 694 1.999 0.3148 0.8393
2KOC 695 2.196 0.2824 0.7857
2KOC 696 1.919 0.3280 0.8393
2KOC 697 1.967 0.2708 0.8393
2KOC 698 1.992 0.3038 0.8036
2KOC 699 1.966 0.2776 0.8036
2KOC 700 2.024 0.2853 0.8036
2KOC 701 1.928 0.2726 0.8214
2KOC 702 1.990 0.2725 0.8214
2KOC 703 1.912 0.2954 0.8214
2KOC 704 1.812 0.2803 0.8214
2KOC 705 2.406 0.2278 0.7679
2KOC 706 2.047 0.2375 0.8036
2KOC 707 2.120 0.2554 0.8036
2KOC 708 2.110 0.2964 0.7857
2KOC 709 2.126 0.2628 0.8036
2KOC 710 2.191 0.2551 0.7857
2KOC 711 1.921 0.2695 0.8036
2KOC 712 2.220 0.2623 0.7857
2KOC 713 2.158 0.2671 0.7857
2KOC 714 2.105 0.2835 0.8036
2KOC 715 2.079 0.2975 0.8036
2KOC 716 2.200 0.2211 0.8036
2KOC 717 2.118 0.2628 0.8036
2KOC 718 1.844 0.2306 0.8571
2KOC 719 1.862 0.2652 0.7857
2KOC 720 1.950 0.2639 0.8036
2KOC 721 1.890 0.2667 0.7857
2KOC 722 2.005 0.2672 0.8214
2KOC 723 2.018 0.2595 0.8036
2KOC 724 2.067 0.2564 0.8036
2KOC 725 2.149 0.2700 0.8036
2KOC 726 1.822 0.2853 0.8214
2KOC 727 2.045 0.2465 0.7857
2KOC 728 1.928 0.2499 0.8214
2KOC 729 1.948 0.2502 0.8036
2KOC 730 2.000 0.2174 0.8036
2KOC 731 2.012 0.2406 0.8036
2KOC 732 1.913 0.2531 0.8036
2KOC 733 2.026 0.2207 0.7857
2KOC 734 1.895 0.2303 0.8036
2KOC 735 1.864 0.2547 0.8214
2KOC 736 1.990 0.2364 0.8036
2KOC 737 1.971 0.2527 0.7857
2KOC 738 1.994 0.2326 0.7857
2KOC 739 1.879 0.2492 0.7857
2KOC 740 1.977 0.2227 0.8036
2KOC 741 1.771 0.2356 0.8214
2KOC 742 1.940 0.2673 0.8036
2KOC 743 1.881 0.2807 0.8393
2KOC 744 2.049 0.2609 0.8036
2KOC 745 2.100 0.2851 0.8214
2KOC 746 1.944 0.2545 0.8036
2KOC 747 2.098 0.2823 0.8214
2KOC 748 1.960 0.2458 0.8036
2KOC 749 1.988 0.2513 0.8036
2KOC 750 2.116 0.2694 0.7857
2KOC 751 2.141 0.2517 0.8036
2KOC 752 1.899 0.2306 0.8036
2KOC 753 2.034 0.2313 0.7679
2KOC 754 2.030 0.2968 0.8036
2KOC 755 2.085 0.3034 0.8036
2KOC 756 1.981 0.2523 0.7857
2KOC 757 1.988 0.2318 0.7857
2KOC 758 1.933 0.2250 0.8214
2KOC 759 1.940 0.2212 0.7857
2KOC 760 1.979 0.2448 0.8214
2KOC 761 1.937 0.2379 0.8036
2KOC 762 2.040 0.2231 0.7857
2KOC 763 1.913 0.2528 0.8036
2KOC 764 1.939 0.2362 0.8214
2KOC 765 1.893 0.2507 0.8393
2KOC 766 2.007 0.2383 0.7857
2KOC 767 1.916 0.2536 0.8214
2KOC 768 1.860 0.2485 0.8036
2KOC 769 2.042 0.2085 0.7679
2KOC 770 2.072 0.2700 0.8036
2KOC 771 2.030 0.3089 0.8036
2KOC 772 1.925 0.2564 0.8036
2KOC 773 1.867 0.2503 0.8393
2KOC 774 1.909 0.2578 0.8036
2KOC 775 2.004 0.2764 0.8214
2KOC 776 2.022 0.3197 0.8214
2KOC 777 1.898 0.2693 0.8214
2KOC 778 1.976 0.2742 0.8214
2KOC 779 2.109 0.2664 0.7857
2KOC 780 2.178 0.2531 0.7857
2KOC 781 2.033 0.2114 0.7857
2KOC 782 2.069 0.2621 0.7857
2KOC 783 2.019 0.2467 0.8036
2KOC 784 1.900 0.2568 0.8214
2KOC 785 1.943 0.2681 0.7857
2KOC 786 1.842 0.2450 0.8214
2KOC 787 2.079 0.2434 0.7857
2KOC 788 1.830 0.2274 0.8214
2KOC 789 1.973 0.2393 0.8036
2KOC 790 1.916 0.2527 0.8036
2KOC 791 1.973 0.2500 0.8214
2KOC 792 1.940 0.2416 0.7857
2KOC 793 2.075 0.2258 0.7857
2KOC 794 1.735 0.2718 0.8393
2KOC 795 2.048 0.2545 0.8036
2KOC 796 1.843 0.2460 0.8036
2KOC 797 2.096 0.2609 0.7857
2KOC 798 2.080 0.2366 0.7857
2KOC 799 1.958 0.2434 0.8214
2KOC 800 1.855 0.2896 0.8393
2KOC 801 1.880 0.2574 0.8214
2KOC 802 2.094 0.2943 0.8036
2KOC 803 2.207 0.2843 0.8036
2KOC 804 1.880 0.2284 0.8036
2KOC 805 2.089 0.2357 0.8036
2KOC 806 2.082 0.2498 0.8036
2KOC 807 1.966 0.2451 0.8036
2KOC 808 1.994 0.2851 0.8036
2KOC 809 1.953 0.2376 0.8036
2KOC 810 1.953 0.2354 0.8036
2KOC 811 2.089 0.2528 0.7857
2KOC 812 1.915 0.2602 0.8036
2KOC 813 1.786 0.2935 0.8393
2KOC 814 1.985 0.2500 0.8214
2KOC 815 1.926 0.2465 0.8036
2KOC 816 2.003 0.2659 0.7857
2KOC 817 1.743 0.2682 0.8036
2KOC 818 1.887 0.2368 0.8036
2KOC 819 2.034 0.2361 0.7857
2KOC 820 1.941 0.2460 0.7857
2KOC 821 1.948 0.2351 0.8036
2KOC 822 1.990 0.2590 0.8036
2KOC 823 1.893 0.2536 0.7857
2KOC 824 2.163 0.2180 0.7679
2KOC 825 2.081 0.2567 0.7679
2KOC 826 1.957 0.2530 0.8036
2KOC 827 1.907 0.2409 0.8214
2KOC 828 2.043 0.2401 0.7857
2KOC 829 1.747 0.2445 0.8393
2KOC 830 2.059 0.2543 0.8036
2KOC 831 1.726 0.2841 0.8393
2KOC 832 2.041 0.2509 0.8214
2KOC 833 1.934 0.2441 0.8036
2KOC 834 2.041 0.2586 0.8036
2KOC 835 1.968 0.2646 0.8214
2KOC 836 2.081 0.2727 0.8036
2KOC 837 1.869 0.2384 0.8036
2KOC 838 2.100 0.2406 0.8036
2KOC 839 1.835 0.2524 0.8214
2KOC 840 2.087 0.2100 0.7857
2KOC 841 1.839 0.2339 0.8036
2KOC 842 2.050 0.2672 0.8036
2KOC 843 1.981 0.2341 0.8036
2KOC 844 1.798 0.2430 0.8214
2KOC 845 1.905 0.2732 0.8214
2KOC 846 1.890 0.2560 0.8036
2KOC 847 1.997 0.2913 0.8036
2KOC 848 1.927 0.3039 0.8214
2KOC 849 2.013 0.2569 0.8214
2KOC 850 2.129 0.2550 0.8036
2KOC 851 1.869 0.2654 0.8214
2KOC 852 2.171 0.2223 0.7857
2KOC 853 2.193 0.2283 0.8036
2KOC 854 1.975 0.2925 0.8214
2KOC 855 2.181 0.2659 0.7679
2KOC 856 2.025 0.2819 0.8036
2KOC 857 2.181 0.2425 0.7857
2KOC 858 2.125 0.2425 0.7857
2KOC 859 2.054 0.2445 0.7857
2KOC 860 2.242 0.2488 0.7857
2KOC 861 2.009 0.2599 0.8036
2KOC 862 1.868 0.2686 0.8214
2KOC 863 1.991 0.2901 0.8393
2KOC 864 1.907 0.3000 0.8214
2KOC 865 1.917 0.2855 0.8214
2KOC 866 2.092 0.2619 0.8036
2KOC 867 2.147 0.2628 0.8036
2KOC 868 2.217 0.2537 0.7857
2KOC 869 1.930 0.2951 0.8214
2KOC 870 1.953 0.2657 0.8036
2KOC 871 2.144 0.2515 0.8036
2KOC 872 2.118 0.2606 0.8036
2KOC 873 1.998 0.2857 0.8214
2KOC 874 2.113 0.2290 0.8214
2KOC 875 2.114 0.2765 0.8036
2KOC 876 2.012 0.2407 0.8393
2KOC 877 1.883 0.2733 0.8214
2KOC 878 1.996 0.2813 0.8036
2KOC 879 1.991 0.2761 0.8036
2KOC 880 2.096 0.2713 0.8036
2KOC 881 2.110 0.2876 0.8036
2KOC 882 1.992 0.2650 0.8393
2KOC 883 2.153 0.2372 0.7857
2KOC 884 2.068 0.2789 0.8036
2KOC 885 1.974 0.2942 0.8036
2KOC 886 1.976 0.2842 0.8036
2KOC 887 1.773 0.3171 0.8393
2KOC 888 2.025 0.2804 0.8214
2KOC 889 2.095 0.2504 0.7857
2KOC 890 1.969 0.2758 0.8214
2KOC 891 2.028 0.2641 0.8036
2KOC 892 2.097 0.2563 0.7857
2KOC 893 2.002 0.2528 0.8036
2KOC 894 2.157 0.2899 0.8036
2KOC 895 2.065 0.2525 0.8036
2KOC 896 2.037 0.2441 0.8036
2KOC 897 2.045 0.2619 0.8036
2KOC 898 2.012 0.2607 0.8036
2KOC 899 2.088 0.2233 0.8036
2KOC 900 2.200 0.3219 0.7857
2KOC 901 2.101 0.2750 0.8036
2KOC 902 1.977 0.2690 0.8036
2KOC 903 2.086 0.2514 0.7857
2KOC 904 2.087 0.2718 0.8036
2KOC 905 1.995 0.2430 0.8036
2KOC 906 1.953 0.2542 0.7679
2KOC 907 1.992 0.2530 0.8214
2KOC 908 1.899 0.2508 0.7857
2KOC 909 2.175 0.2511 0.7857
2KOC 910 1.841 0.2880 0.8214
2KOC 911 1.936 0.2473 0.7857
2KOC 912 2.023 0.2777 0.8036
2KOC 913 2.040 0.2398 0.7857
2KOC 914 2.150 0.2491 0.7857
2KOC 915 1.823 0.2607 0.8214
2KOC 916 2.131 0.2389 0.7500
2KOC 917 2.166 0.2135 0.7679
2KOC 918 2.038 0.2873 0.7857
2KOC 919 2.270 0.2524 0.7857
2KOC 920 1.812 0.2587 0.8214
2KOC 921 1.842 0.2589 0.8214
2KOC 922 2.297 0.2669 0.7857
2KOC 923 1.901 0.3001 0.8214
2KOC 924 2.216 0.2870 0.8036
2KOC 925 1.896 0.2317 0.8214
2KOC 926 2.050 0.2672 0.8214
2KOC 927 1.964 0.2650 0.8214
2KOC 928 1.906 0.2569 0.8214
2KOC 929 2.121 0.2759 0.8214
2KOC 930 2.040 0.3021 0.8036
2KOC 931 2.193 0.2438 0.7857
2KOC 932 1.867 0.2390 0.8214
2KOC 933 2.023 0.2437 0.8214
2KOC 934 1.905 0.2385 0.8036
2KOC 935 2.118 0.2353 0.8036
2KOC 936 1.992 0.2598 0.8214
2KOC 937 2.088 0.2651 0.8036
2KOC 938 1.976 0.2933 0.8214
2KOC 939 2.074 0.2540 0.8214
2KOC 940 2.186 0.2532 0.8036
2KOC 941 2.110 0.2272 0.8036
2KOC 942 2.140 0.2731 0.8036
2KOC 943 2.184 0.2455 0.8036
2KOC 944 1.810 0.2792 0.8214
2KOC 945 1.978 0.2163 0.7857
2KOC 946 1.955 0.2759 0.8214
2KOC 947 2.056 0.2380 0.8214
2KOC 948 2.079 0.2736 0.8214
2KOC 949 2.137 0.2523 0.8214
2KOC 950 2.054 0.2492 0.7679
2KOC 951 2.169 0.2700 0.8036
2KOC 952 2.046 0.2639 0.7857
2KOC 953 2.026 0.2756 0.8214
2KOC 954 2.088 0.2716 0.7857
2KOC 955 1.972 0.2473 0.7679
2KOC 956 1.963 0.2472 0.8214
2KOC 957 1.861 0.2804 0.8393
2KOC 958 1.776 0.3227 0.8571
2KOC 959 2.058 0.2618 0.8036
2KOC 960 2.261 0.3431 0.8036
2KOC 961 1.770 0.2950 0.8571
2KOC 962 2.208 0.2667 0.8036
2KOC 963 2.106 0.2602 0.8036
2KOC 964 2.183 0.2578 0.7857
2KOC 965 2.109 0.2583 0.7679
2KOC 966 1.810 0.2752 0.8214
2KOC 967 2.030 0.2499 0.8393
2KOC 968 1.954 0.2568 0.8214
2KOC 969 2.231 0.2909 0.7857
2KOC 970 1.972 0.2645 0.8036
2KOC 971 2.045 0.2564 0.8036
2KOC 972 1.815 0.2637 0.8036
2KOC 973 2.068 0.2272 0.8036
2KOC 974 1.983 0.2922 0.8036
2KOC 975 2.106 0.2450 0.8036
2KOC 976 2.162 0.2715 0.7857
2KOC 977 1.835 0.2418 0.8036
2KOC 978 1.833 0.2536 0.8214
2KOC 979 1.960 0.2642 0.8036
2KOC 980 1.966 0.2977 0.8036
2KOC 981 1.786 0.2774 0.8214
2KOC 982 2.067 0.3118 0.7857
2KOC 983 2.047 0.3026 0.8036
2KOC 984 1.995 0.2927 0.8393
2KOC 985 1.804 0.2493 0.8393
2KOC 986 2.073 0.2943 0.8214
2KOC 987 1.991 0.2738 0.8036
2KOC 988 1.993 0.2810 0.8214
2KOC 989 2.220 0.2303 0.7857
2KOC 990 1.797 0.2588 0.8214
2KOC 991 1.969 0.2580 0.8214
2KOC 992 2.038 0.2822 0.8036
2KOC 993 2.055 0.3030 0.8214
2KOC 994 1.957 0.2459 0.8036
2KOC 995 2.070 0.2926 0.8036
2KOC 996 1.981 0.2605 0.8214
2KOC 997 2.163 0.2425 0.8036
2KOC 998 2.297 0.2408 0.7857
2KOC 999 2.151 0.2464 0.7857
2KOC 1000 1.958 0.2418 0.8214
2KOC 1001 2.075 0.2651 0.7857
2KOC 1002 1.942 0.2680 0.8036
2KOC 1003 1.923 0.2752 0.8214
2KOC 1004 1.934 0.2643 0.8036
2KOC 1005 2.283 0.2773 0.7857
2KOC 1006 1.874 0.2965 0.8214
2KOC 1007 1.846 0.2271 0.8214
2KOC 1008 2.063 0.2714 0.8214
2KOC 1009 1.977 0.2474 0.8036
2KOC 1010 1.981 0.2882 0.8214
2KOC 1011 2.171 0.2345 0.7857
2KOC 1012 1.969 0.2630 0.8214
2KOC 1013 2.017 0.2570 0.8036
2KOC 1014 1.844 0.2521 0.8214
2KOC 1015 1.915 0.2088 0.7857
2KOC 1016 1.923 0.3084 0.8393
2KOC 1017 2.125 0.2373 0.8214
2KOC 1018 2.119 0.2847 0.8036
2KOC 1019 1.932 0.2598 0.8214
2KOC 1020 2.061 0.2513 0.7857
2KOC 1021 2.011 0.2223 0.7857
2KOC 1022 2.142 0.2710 0.8036
2KOC 1023 1.862 0.2725 0.8036
2KOC 1024 1.967 0.2309 0.7857
2KOC 1025 1.971 0.2844 0.8036
2KOC 1026 2.194 0.2518 0.8036
2KOC 1027 2.034 0.2440 0.8036
2KOC 1028 2.018 0.2795 0.8214
2KOC 1029 2.226 0.2416 0.7679
2KOC 1030 1.884 0.2629 0.8214
2KOC 1031 1.999 0.3102 0.8036
2KOC 1032 1.887 0.2683 0.8214
2KOC 1033 2.276 0.2797 0.8036
2KOC 1034 2.200 0.2337 0.7679
2KOC 1035 2.054 0.2522 0.8036
2KOC 1036 2.166 0.2230 0.7857
2KOC 1037 2.123 0.2477 0.7857
2KOC 1038 1.724 0.2921 0.8393
2KOC 1039 2.251 0.2577 0.7679
2KOC 1040 2.087 0.2540 0.8036
2KOC 1041 2.121 0.2334 0.8036
2KOC 1042 1.937 0.2777 0.8393
2KOC 1043 2.019 0.2453 0.8036
2KOC 1044 1.959 0.2413 0.8036
2KOC 1045 2.343 0.2390 0.7679
2KOC 1046 2.018 0.2529 0.8036
2KOC 1047 1.888 0.2638 0.8036
2KOC 1048 2.062 0.2843 0.7857
2KOC 1049 1.999 0.2939 0.8036
2KOC 1050 1.904 0.2691 0.8214
2KOC 1051 1.853 0.2781 0.8214
2KOC 1052 1.994 0.2260 0.7857
2KOC 1053 1.846 0.2536 0.8036
2KOC 1054 1.988 0.2355 0.8036
2KOC 1055 1.928 0.2590 0.8214
2KOC 1056 2.103 0.2573 0.8036
2KOC 1057 2.040 0.2605 0.8036
2KOC 1058 2.195 0.2421 0.7857
2KOC 1059 2.163 0.2400 0.7857
2KOC 1060 2.259 0.2566 0.7679
2KOC 1061 1.969 0.2586 0.8036
2KOC 1062 1.674 0.2384 0.8393
2KOC 1063 1.683 0.2514 0.8036
2KOC 1064 1.825 0.2676 0.7857
2KOC 1065 1.663 0.2925 0.8214
2KOC 1066 1.991 0.2418 0.7679
2KOC 1067 1.516 0.2787 0.8571
2KOC 1068 1.639 0.2779 0.8214
2KOC 1069 2.342 0.2114 0.7679
2KOC 1070 2.150 0.2700 0.7857
2KOC 1071 1.617 0.2850 0.8393
2KOC 1072 1.734 0.2610 0.8393
2KOC 1073 1.750 0.2902 0.8036
2KOC 1074 1.946 0.2575 0.7857
2KOC 1075 1.914 0.2762 0.7857
2KOC 1076 1.900 0.2146 0.7857
2KOC 1077 1.640 0.3177 0.8214
2KOC 1078 1.612 0.2258 0.8036
2KOC 1079 1.987 0.2848 0.7857
2KOC 1080 1.940 0.2688 0.8036
2KOC 1081 2.263 0.2278 0.7500
2KOC 1082 2.050 0.2547 0.8036
2KOC 1083 2.141 0.2778 0.8036
2KOC 1084 1.961 0.2801 0.8214
2KOC 1085 1.956 0.2735 0.8036
2KOC 1086 2.021 0.2556 0.7857
2KOC 1087 2.154 0.2394 0.7857
2KOC 1088 1.919 0.2743 0.8036
2KOC 1089 2.061 0.2450 0.7857
2KOC 1090 1.973 0.2817 0.8214
2KOC 1091 1.988 0.2845 0.8214
2KOC 1092 1.984 0.2610 0.8036
2KOC 1093 2.177 0.2454 0.7857
2KOC 1094 2.022 0.2765 0.8036
2KOC 1095 2.018 0.2549 0.7857
2KOC 1096 2.258 0.2449 0.7679
2KOC 1097 1.954 0.2532 0.8036
2KOC 1098 2.022 0.2120 0.7857
2KOC 1099 2.365 0.2724 0.7500
2KOC 1100 2.114 0.2559 0.7857
2KOC 1101 2.155 0.2243 0.7857
2KOC 1102 1.727 0.2648 0.8214
2KOC 1103 1.978 0.2536 0.8214
2KOC 1104 2.242 0.2884 0.7857
2KOC 1105 1.803 0.2540 0.8036
2KOC 1106 2.004 0.2691 0.8393
2KOC 1107 2.343 0.3527 0.7857
2KOC 1108 2.133 0.2717 0.8036
2KOC 1109 2.194 0.2490 0.7500
2KOC 1110 2.162 0.2430 0.7857
2KOC 1111 1.968 0.2765 0.8214
2KOC 1112 1.814 0.2528 0.8214
2KOC 1113 2.038 0.2555 0.8036
2KOC 1114 1.870 0.2405 0.8214
2KOC 1115 2.116 0.2651 0.7857
2KOC 1116 1.750 0.2697 0.8214
2KOC 1117 1.955 0.2677 0.8036
2KOC 1118 1.960 0.2751 0.8214
2KOC 1119 2.256 0.2443 0.7500
2KOC 1120 2.119 0.2100 0.7679
2KOC 1121 2.281 0.2360 0.7679
2KOC 1122 2.125 0.3427 0.8036
2KOC 1123 2.028 0.2526 0.8036
2KOC 1124 2.597 0.2301 0.7321
2KOC 1125 2.335 0.2340 0.7500
2KOC 1126 2.428 0.2018 0.7321
2KOC 1127 1.971 0.2588 0.8214
2KOC 1128 1.946 0.2567 0.8036
2KOC 1129 2.419 0.2304 0.7321
2KOC 1130 2.307 0.2188 0.7857
2KOC 1131 2.245 0.2796 0.8036
2KOC 1132 2.210 0.2579 0.7857
2KOC 1133 2.173 0.2801 0.7857
2KOC 1134 2.412 0.2211 0.7321
2KOC 1135 2.097 0.2992 0.8214
2KOC 1136 2.367 0.2791 0.7857
2KOC 1137 2.400 0.2240 0.7500
2KOC 1138 2.144 0.2144 0.7857
2KOC 1139 2.009 0.2479 0.7679
2KOC 1140 2.017 0.2275 0.7679
2KOC 1141 2.275 0.2551 0.8393
2KOC 1142 2.085 0.2608 0.8036
2KOC 1143 2.095 0.2651 0.8214
2KOC 1144 2.024 0.2726 0.8036
2KOC 1145 2.277 0.2604 0.8214
2KOC 1146 2.124 0.1958 0.7857
2KOC 1147 2.068 0.2572 0.7679
2KOC 1148 1.903 0.2568 0.8036
2KOC 1149 2.277 0.2273 0.8036
2KOC 1150 2.038 0.2471 0.7679
2KOC 1151 2.328 0.1987 0.7500
2KOC 1152 2.206 0.2334 0.7679
2KOC 1153 2.442 0.2391 0.7500
2KOC 1154 1.906 0.2986 0.8393
2KOC 1155 1.886 0.3104 0.8036
2KOC 1156 1.916 0.2413 0.8214
2KOC 1157 2.092 0.2524 0.8214
2KOC 1158 2.125 0.2071 0.7679
2KOC 1159 1.983 0.2405 0.7857
2KOC 1160 2.098 0.2423 0.7500
2KOC 1161 2.307 0.2104 0.7500
2KOC 1162 1.879 0.2438 0.8036
2KOC 1163 1.770 0.2467 0.8036
2KOC 1164 2.140 0.2397 0.8036
2KOC 1165 1.700 0.2746 0.8393
2KOC 1166 1.840 0.2583 0.8214
2KOC 1167 2.229 0.2538 0.8036
2KOC 1168 1.705 0.3122 0.8393
2KOC 1169 1.903 0.2341 0.8036
2KOC 1170 2.327 0.2402 0.7857
2KOC 1171 2.145 0.2237 0.7857
2KOC 1172 1.915 0.2705 0.8214
2KOC 1173 1.999 0.2711 0.7857
2KOC 1174 1.703 0.2791 0.8571
2KOC 1175 2.196 0.2287 0.8036
2KOC 1176 1.632 0.2743 0.8214
2KOC 1177 2.114 0.2487 0.8036
2KOC 1178 1.775 0.2606 0.8214
2KOC 1179 1.693 0.2921 0.8571
2KOC 1180 2.205 0.2319 0.8036
2KOC 1181 2.010 0.2515 0.8214
2KOC 1182 2.118 0.2643 0.7857
2KOC 1183 2.015 0.2520 0.8036
2KOC 1184 1.840 0.2395 0.8214
2KOC 1185 2.218 0.3091 0.7857
2KOC 1186 2.098 0.2773 0.8036
2KOC 1187 2.016 0.2408 0.8214
2KOC 1188 2.168 0.2471 0.8036
2KOC 1189 2.074 0.2997 0.8036
2KOC 1190 1.815 0.2856 0.8214
2KOC 1191 1.866 0.2567 0.8214
2KOC 1192 2.318 0.2450 0.7857
2KOC 1193 2.139 0.2806 0.8036
2KOC 1194 1.998 0.2769 0.7857
2KOC 1195 1.681 0.2624 0.8036
2KOC 1196 2.180 0.2631 0.7857
2KOC 1197 1.863 0.2546 0.8393
2KOC 1198 1.902 0.2187 0.8036
2KOC 1199 1.957 0.2587 0.8036
2KOC 1200 1.814 0.2515 0.8036
2KOC 1201 2.158 0.2257 0.8036
2KOC 1202 2.120 0.2921 0.8214
2KOC 1203 2.213 0.2964 0.8036
2KOC 1204 2.038 0.2570 0.8393
2KOC 1205 2.293 0.2242 0.7857
2KOC 1206 1.917 0.1971 0.8036
2KOC 1207 2.345 0.2643 0.8036
2KOC 1208 2.283 0.2499 0.7857
2KOC 1209 2.381 0.1991 0.7500
2KOC 1210 1.957 0.2552 0.7857
2KOC 1211 2.587 0.2217 0.7321
2KOC 1212 2.248 0.2776 0.8036
2KOC 1213 2.196 0.2028 0.7857
2KOC 1214 2.144 0.2842 0.7857
2KOC 1215 2.355 0.2336 0.7857
2KOC 1216 2.331 0.2363 0.7679
2KOC 1217 2.063 0.2770 0.8036
2KOC 1218 1.990 0.2255 0.7857
2KOC 1219 2.282 0.2339 0.7857
2KOC 1220 1.866 0.3063 0.8393
2KOC 1221 2.116 0.2350 0.7679
2KOC 1222 2.142 0.2590 0.7857
2KOC 1223 2.218 0.2251 0.7857
2KOC 1224 1.986 0.2411 0.7857
2KOC 1225 1.742 0.3220 0.8214
2KOC 1226 2.144 0.2400 0.7857
2KOC 1227 2.104 0.2251 0.7679
2KOC 1228 1.924 0.3031 0.8214
2KOC 1229 1.920 0.3019 0.8214
2KOC 1230 1.679 0.2535 0.8393
2KOC 1231 1.948 0.2964 0.8393
2KOC 1232 2.050 0.2319 0.8036
2KOC 1233 2.063 0.2296 0.8036
2KOC 1234 2.341 0.2522 0.7857
2KOC 1235 1.792 0.2393 0.8036
2KOC 1236 2.017 0.2670 0.7857
2KOC 1237 1.778 0.2562 0.8214
2KOC 1238 1.920 0.2800 0.8393
2KOC 1239 1.987 0.2470 0.8036
2KOC 1240 1.907 0.2649 0.8036
2KOC 1241 2.193 0.3400 0.8214
2KOC 1242 2.001 0.2477 0.8214
2KOC 1243 1.716 0.2446 0.8214
2KOC 1244 2.034 0.2625 0.8036
2KOC 1245 2.206 0.3034 0.8036
2KOC 1246 2.051 0.2645 0.8036
2KOC 1247 1.987 0.2422 0.8036
2KOC 1248 2.024 0.2310 0.8036
2KOC 1249 1.893 0.2437 0.8036
2KOC 1250 2.292 0.2580 0.8036
2KOC 1251 2.511 0.2473 0.7679
2KOC 1252 2.002 0.2406 0.8036
2KOC 1253 2.156 0.2618 0.8036
2KOC 1254 2.239 0.2499 0.8214
2KOC 1255 2.578 0.2708 0.7857
2KOC 1256 2.143 0.3085 0.8036
2KOC 1257 2.045 0.2775 0.8036
2KOC 1258 2.163 0.3056 0.8036
2KOC 1259 2.034 0.2646 0.7857
2KOC 1260 2.588 0.2408 0.7857
2KOC 1261 2.021 0.2499 0.8036
2KOC 1262 2.780 0.2297 0.7679
2KOC 1263 2.460 0.2695 0.7857
2KOC 1264 2.011 0.2423 0.8036
2KOC 1265 2.366 0.2011 0.7500
2KOC 1266 2.197 0.2378 0.8036
2KOC 1267 2.397 0.2386 0.7857
2KOC 1268 2.399 0.2572 0.7500
2KOC 1269 2.312 0.2700 0.7857
2KOC 1270 2.157 0.2410 0.7679
2KOC 1271 2.098 0.2738 0.7857
2KOC 1272 2.406 0.2332 0.7679
2KOC 1273 2.224 0.2609 0.7857
2KOC 1274 2.281 0.2508 0.7857
2KOC 1275 2.215 0.2475 0.8036
2KOC 1276 2.272 0.2087 0.7679
2KOC 1277 2.081 0.2592 0.8036
2KOC 1278 2.271 0.2588 0.7679
2KOC 1279 2.499 0.2218 0.7679
2KOC 1280 2.092 0.2456 0.7679
2KOC 1281 2.251 0.2350 0.8036
2KOC 1282 2.309 0.2549 0.7857
2KOC 1283 2.137 0.2958 0.7679
2KOC 1284 2.220 0.2534 0.8036
2KOC 1285 2.355 0.2887 0.7857
2KOC 1286 2.158 0.2078 0.7679
2KOC 1287 2.174 0.2431 0.7679
2KOC 1288 2.246 0.2240 0.7679
2KOC 1289 2.293 0.2817 0.7857
2KOC 1290 2.320 0.3002 0.7679
2KOC 1291 2.162 0.2607 0.8036
2KOC 1292 2.410 0.3143 0.8036
2KOC 1293 2.365 0.2410 0.7679
2KOC 1294 2.023 0.2452 0.7857
2KOC 1295 2.433 0.2522 0.7679
2KOC 1296 2.211 0.2850 0.7500
2KOC 1297 2.014 0.2570 0.8214
2KOC 1298 2.035 0.3007 0.8214
2KOC 1299 2.282 0.3395 0.7857
2KOC 1300 2.503 0.2589 0.7857
2KOC 1301 2.279 0.2296 0.7857
2KOC 1302 2.126 0.2695 0.7857
2KOC 1303 2.337 0.2663 0.7679
2KOC 1304 2.304 0.2538 0.7857
2KOC 1305 2.439 0.2290 0.7500
2KOC 1306 2.213 0.1922 0.8036
2KOC 1307 2.236 0.2000 0.7679
2KOC 1308 1.914 0.2102 0.8036
2KOC 1309 2.322 0.2064 0.7679
2KOC 1310 2.095 0.2367 0.7679
2KOC 1311 2.325 0.2238 0.7857
2KOC 1312 2.218 0.2131 0.7857
2KOC 1313 1.978 0.2504 0.8214
2KOC 1314 2.414 0.2832 0.7679
2KOC 1315 2.146 0.2214 0.8036
2KOC 1316 2.288 0.1948 0.7679
2KOC 1317 2.245 0.2464 0.7857
2KOC 1318 2.254 0.2350 0.8036
2KOC 1319 1.959 0.2553 0.8036
2KOC 1320 2.098 0.2145 0.7679
2KOC 1321 1.842 0.2143 0.8036
2KOC 1322 2.163 0.2622 0.8393
2KOC 1323 2.320 0.2532 0.8036
2KOC 1324 2.207 0.2233 0.7857
2KOC 1325 2.351 0.2172 0.7679
2KOC 1326 2.009 0.1831 0.8214
2KOC 1327 2.366 0.1771 0.7500
2KOC 1328 2.546 0.1839 0.7679
2KOC 1329 2.592 0.2635 0.7500
2KOC 1330 2.465 0.2260 0.7321
2KOC 1331 2.272 0.2219 0.7679
2KOC 1332 2.197 0.2047 0.7500
2KOC 1333 2.019 0.1813 0.7679
2KOC 1334 2.438 0.2592 0.7679
2KOC 1335 2.522 0.2002 0.7321
2KOC 1336 2.203 0.1687 0.7143
2KOC 1337 1.808 0.1897 0.7857
2KOC 1338 2.095 0.2237 0.8036
2KOC 1339 1.991 0.2352 0.7857
2KOC 1340 2.056 0.2147 0.7857
2KOC 1341 1.749 0.2117 0.7857
2KOC 1342 1.708 0.2384 0.8214
2KOC 1343 2.070 0.2982 0.7679
2KOC 1344 1.909 0.2352 0.7857
2KOC 1345 2.312 0.1800 0.7857
2KOC 1346 2.508 0.2360 0.7679
2KOC 1347 1.991 0.1845 0.7679
2KOC 1348 1.971 0.2432 0.7679
2KOC 1349 2.106 0.1817 0.7143
2KOC 1350 1.979 0.2091 0.7857
2KOC 1351 2.152 0.1816 0.7679
2KOC 1352 2.088 0.2153 0.7679
2KOC 1353 2.059 0.2002 0.7857
2KOC 1354 2.135 0.2341 0.7500
2KOC 1355 2.141 0.3057 0.7857
2KOC 1356 2.057 0.2272 0.8036
2KOC 1357 2.319 0.2923 0.7679
2KOC 1358 2.338 0.3008 0.7679
2KOC 1359 1.968 0.2395 0.8214
2KOC 1360 2.391 0.2489 0.7857
2KOC 1361 2.062 0.2716 0.8393
2KOC 1362 2.029 0.2493 0.8036
2KOC 1363 2.220 0.2248 0.8036
2KOC 1364 2.159 0.2545 0.8036
2KOC 1365 2.336 0.2603 0.7500
2KOC 1366 2.096 0.1943 0.7857
2KOC 1367 2.051 0.2119 0.7857
2KOC 1368 1.852 0.2570 0.8214
2KOC 1369 2.086 0.2973 0.8214
2KOC 1370 2.154 0.2352 0.8214
2KOC 1371 2.401 0.2449 0.8214
2KOC 1372 2.117 0.2515 0.7857
2KOC 1373 2.271 0.2075 0.7857
2KOC 1374 2.057 0.2646 0.8036
2KOC 1375 2.498 0.2361 0.7500
2KOC 1376 1.865 0.2206 0.7679
2KOC 1377 2.222 0.2418 0.7857
2KOC 1378 2.255 0.2897 0.8214
2KOC 1379 2.312 0.2641 0.8036
2KOC 1380 2.200 0.2189 0.7857
2KOC 1381 2.394 0.2127 0.7679
2KOC 1382 2.126 0.2302 0.7679
2KOC 1383 2.145 0.2096 0.7679
2KOC 1384 2.398 0.2248 0.7857
2KOC 1385 2.286 0.2258 0.8036
2KOC 1386 2.168 0.2561 0.7857
2KOC 1387 2.135 0.2671 0.8214
2KOC 1388 2.224 0.2369 0.7679
2KOC 1389 2.184 0.2626 0.8036
2KOC 1390 2.185 0.2164 0.7679
2KOC 1391 2.363 0.2230 0.7679
2KOC 1392 2.333 0.2137 0.7500
2KOC 1393 2.033 0.2113 0.7679
2KOC 1394 2.584 0.2417 0.7500
2KOC 1395 2.308 0.1688 0.7679
2KOC 1396 2.311 0.1946 0.7321
2KOC 1397 2.118 0.2255 0.7679
2KOC 1398 2.330 0.2474 0.7679
2KOC 1399 2.272 0.1991 0.7679
2KOC 1400 2.500 0.2454 0.7500
2KOC 1401 2.306 0.2156 0.7500
2KOC 1402 2.198 0.2362 0.7679
2KOC 1403 2.188 0.2066 0.7679
2KOC 1404 2.285 0.1918 0.7679
2KOC 1405 2.161 0.2432 0.8036
2KOC 1406 2.170 0.1857 0.8036
2KOC 1407 2.149 0.2363 0.7857
2KOC 1408 1.946 0.2369 0.8036
2KOC 1409 2.366 0.2569 0.7857
2KOC 1410 2.311 0.2341 0.8036
2KOC 1411 2.347 0.2445 0.8036
2KOC 1412 2.036 0.2233 0.7857
2KOC 1413 2.196 0.2546 0.7500
2KOC 1414 2.139 0.2315 0.7857
2KOC 1415 2.257 0.2786 0.8214
2KOC 1416 1.966 0.2856 0.8214
2KOC 1417 2.358 0.2427 0.7679
2KOC 1418 2.252 0.2565 0.7679
2KOC 1419 2.171 0.2523 0.7857
2KOC 1420 2.235 0.2170 0.7857
2KOC 1421 1.766 0.2260 0.8214
2KOC 1422 2.129 0.2216 0.7857
2KOC 1423 1.945 0.2324 0.7857
2KOC 1424 2.023 0.2125 0.8036
2KOC 1425 1.664 0.2540 0.8393
2KOC 1426 2.530 0.3244 0.7857
2KOC 1427 2.259 0.2083 0.7321
2KOC 1428 2.120 0.2022 0.7500
2KOC 1429 2.446 0.2605 0.7857
2KOC 1430 1.889 0.1772 0.8036
2KOC 1431 2.339 0.2050 0.7679
2KOC 1432 2.185 0.1751 0.7500
2KOC 1433 2.250 0.1876 0.7321
2KOC 1434 2.318 0.1592 0.7500
2KOC 1435 2.341 0.2152 0.7857
2KOC 1436 2.368 0.2200 0.7321
2KOC 1437 2.242 0.2158 0.7857
2KOC 1438 2.155 0.2629 0.7857
2KOC 1439 2.115 0.1929 0.7500
2KOC 1440 2.360 0.2370 0.7500
2KOC 1441 2.273 0.2381 0.7857
2KOC 1442 2.514 0.2373 0.7500
2KOC 1443 2.421 0.2040 0.7500
2KOC 1444 2.042 0.2281 0.8214
2KOC 1445 2.234 0.2329 0.7857
2KOC 1446 2.385 0.2452 0.7679
2KOC 1447 2.078 0.2642 0.8036
2KOC 1448 1.987 0.2637 0.7857
2KOC 1449 2.189 0.2323 0.7857
2KOC 1450 2.521 0.2176 0.7500
2KOC 1451 2.056 0.2849 0.8393
2KOC 1452 1.838 0.2404 0.8214
2KOC 1453 2.163 0.2777 0.8036
2KOC 1454 2.299 0.2113 0.7500
2KOC 1455 2.106 0.2634 0.8036
2KOC 1456 1.942 0.2598 0.7857
2KOC 1457 1.962 0.2823 0.8036
2KOC 1458 2.196 0.2370 0.7679
2KOC 1459 2.286 0.2272 0.7857
2KOC 1460 2.164 0.2126 0.7679
2KOC 1461 2.223 0.2360 0.7857
2KOC 1462 2.355 0.2173 0.7857
2KOC 1463 2.493 0.2129 0.7500
2KOC 1464 2.392 0.1957 0.7679
2KOC 1465 2.084 0.2422 0.7857
2KOC 1466 2.320 0.2154 0.7500
2KOC 1467 2.430 0.2130 0.7500
2KOC 1468 2.396 0.2071 0.7857
2KOC 1469 2.460 0.2588 0.7321
2KOC 1470 2.217 0.2445 0.7679
2KOC 1471 2.347 0.2102 0.7321
2KOC 1472 2.593 0.2195 0.7321
2KOC 1473 2.342 0.2045 0.7679
2KOC 1474 2.392 0.1981 0.7500
2KOC 1475 1.883 0.1770 0.7857
2KOC 1476 2.103 0.2455 0.7857
2KOC 1477 2.136 0.2042 0.7679
2KOC 1478 2.243 0.2220 0.7857
2KOC 1479 1.889 0.2807 0.7857
2KOC 1480 1.982 0.2636 0.7857
2KOC 1481 1.866 0.2315 0.7857
2KOC 1482 2.268 0.2631 0.7857
2KOC 1483 2.394 0.2749 0.7679
2KOC 1484 2.008 0.2057 0.7679
2KOC 1485 2.290 0.2067 0.7857
2KOC 1486 1.939 0.2315 0.7857
2KOC 1487 1.797 0.2375 0.8214
2KOC 1488 2.028 0.2160 0.8036
2KOC 1489 2.209 0.2081 0.8036
2KOC 1490 1.851 0.3117 0.8214
2KOC 1491 2.145 0.2785 0.7857
2KOC 1492 2.285 0.2355 0.7679
2KOC 1493 2.165 0.2507 0.7857
2KOC 1494 2.011 0.2255 0.8036
2KOC 1495 1.861 0.2350 0.8214
2KOC 1496 2.087 0.2704 0.8214
2KOC 1497 1.947 0.2335 0.8393
2KOC 1498 2.095 0.2299 0.7679
2KOC 1499 2.489 0.1975 0.7321
2KOC 1500 2.105 0.2647 0.7679
2KOC 1501 2.672 0.2207 0.7500
2KOC 1502 2.430 0.2981 0.7679
2KOC 1503 2.162 0.2319 0.8036
2KOC 1504 1.914 0.3024 0.7679
2KOC 1505 2.253 0.2216 0.7500
2KOC 1506 1.990 0.2315 0.8214
2KOC 1507 2.177 0.2596 0.7857
2KOC 1508 2.086 0.3036 0.8214
2KOC 1509 1.769 0.2492 0.8036
2KOC 1510 1.716 0.2699 0.8393
2KOC 1511 1.596 0.3165 0.8214
2KOC 1512 2.203 0.2609 0.8036
2KOC 1513 2.053 0.2507 0.7679
2KOC 1514 2.044 0.2187 0.7857
2KOC 1515 2.110 0.1910 0.7679
2KOC 1516 1.989 0.2239 0.7857
2KOC 1517 2.154 0.2246 0.7679
2KOC 1518 2.299 0.1826 0.7500
2KOC 1519 1.940 0.2288 0.7500
2KOC 1520 1.897 0.1985 0.7500
2KOC 1521 2.053 0.2461 0.8393
2KOC 1522 1.756 0.2351 0.8036
2KOC 1523 1.899 0.1789 0.7857
2KOC 1524 2.213 0.1833 0.7143
2KOC 1525 2.137 0.2376 0.7857
2KOC 1526 1.936 0.2281 0.7857
2KOC 1527 2.405 0.1822 0.7321
2KOC 1528 2.392 0.1811 0.7500
2KOC 1529 2.194 0.2044 0.7500
2KOC 1530 2.173 0.2423 0.7857
2KOC 1531 2.405 0.2457 0.7679
2KOC 1532 2.383 0.2623 0.7500
2KOC 1533 2.513 0.1830 0.7321
2KOC 1534 2.715 0.2341 0.7857
2KOC 1535 2.160 0.2509 0.7857
2KOC 1536 2.248 0.2510 0.7857
2KOC 1537 2.012 0.2368 0.8036
2KOC 1538 2.475 0.2154 0.7679
2KOC 1539 2.111 0.2529 0.7857
2KOC 1540 2.040 0.2406 0.7857
2KOC 1541 2.128 0.2261 0.7857
2KOC 1542 2.019 0.1710 0.7679
2KOC 1543 2.039 0.2337 0.8036
2KOC 1544 2.072 0.2124 0.7500
2KOC 1545 2.545 0.2103 0.7321
2KOC 1546 2.431 0.2121 0.7143
2KOC 1547 2.457 0.2599 0.7143
2KOC 1548 2.210 0.2474 0.7321
2KOC 1549 2.378 0.2199 0.7321
2KOC 1550 2.114 0.2186 0.7321
2KOC 1551 2.246 0.2179 0.7679
2KOC 1552 2.548 0.2560 0.7500
2KOC 1553 2.569 0.2255 0.7679
2KOC 1554 2.297 0.1791 0.7500
2KOC 1555 2.256 0.1913 0.7500
2KOC 1556 2.464 0.2386 0.7500
2KOC 1557 2.151 0.1987 0.7500
2KOC 1558 2.149 0.2171 0.7679
2KOC 1559 2.124 0.2672 0.7500
2KOC 1560 2.326 0.2410 0.7500
2KOC 1561 2.340 0.1801 0.7321
2KOC 1562 2.398 0.2674 0.7679
2KOC 1563 2.171 0.2240 0.7500
2KOC 1564 2.097 0.2329 0.7500
2KOC 1565 2.198 0.2060 0.7679
2KOC 1566 2.092 0.2013 0.7679
2KOC 1567 2.118 0.2111 0.7857
2KOC 1568 2.176 0.1931 0.7500
2KOC 1569 1.864 0.2546 0.7857
2KOC 1570 2.490 0.1862 0.7321
2KOC 1571 2.178 0.2918 0.7857
2KOC 1572 2.532 0.1952 0.7321
2KOC 1573 2.508 0.2001 0.7500
2KOC 1574 1.840 0.2271 0.7857
2KOC 1575 2.154 0.2369 0.7679
2KOC 1576 2.195 0.2281 0.7679
2KOC 1577 2.316 0.2029 0.7500
2KOC 1578 2.050 0.2380 0.7857
2KOC 1579 1.852 0.3198 0.8214
2KOC 1580 1.961 0.2428 0.8214
2KOC 1581 2.259 0.2032 0.7500
2KOC 1582 2.157 0.2773 0.8214
2KOC 1583 2.278 0.2525 0.7679
2KOC 1584 2.349 0.3017 0.8036
2KOC 1585 2.304 0.2926 0.8036
2KOC 1586 2.129 0.2701 0.8036
2KOC 1587 1.690 0.2466 0.8393
2KOC 1588 2.193 0.2853 0.8036
2KOC 1589 2.069 0.2145 0.8036
2KOC 1590 1.389 0.2482 0.8214
2KOC 1591 2.046 0.2472 0.7679
2KOC 1592 1.876 0.2567 0.8214
2KOC 1593 1.931 0.2788 0.8571
2KOC 1594 2.002 0.2353 0.8214
2KOC 1595 1.773 0.2329 0.8393
2KOC 1596 2.114 0.2957 0.8214
2KOC 1597 1.667 0.2451 0.8214
2KOC 1598 1.735 0.2797 0.8750
2KOC 1599 1.701 0.2537 0.8393
2KOC 1600 1.648 0.2159 0.8571
2KOC 1601 1.847 0.2249 0.8214
2KOC 1602 1.754 0.1970 0.7857
2KOC 1603 1.501 0.2001 0.8214
2KOC 1604 1.662 0.2939 0.8393
2KOC 1605 1.646 0.2466 0.8393
2KOC 1606 1.475 0.2624 0.8393
2KOC 1607 1.873 0.1779 0.7857
2KOC 1608 1.505 0.2913 0.8393
2KOC 1609 1.434 0.3060 0.8571
2KOC 1610 1.656 0.2333 0.8036
2KOC 1611 2.030 0.2733 0.7857
2KOC 1612 1.685 0.2690 0.8214
2KOC 1613 1.855 0.2697 0.8393
2KOC 1614 1.708 0.2635 0.8214
2KOC 1615 1.862 0.2120 0.8036
2KOC 1616 1.998 0.2918 0.7857
2KOC 1617 1.829 0.3222 0.8571
2KOC 1618 1.598 0.3323 0.8750
2KOC 1619 2.576 0.2520 0.7679
2KOC 1620 2.153 0.2914 0.8036
2KOC 1621 2.043 0.3017 0.8214
2KOC 1622 1.553 0.2965 0.8571
2KOC 1623 1.738 0.3693 0.8750
2KOC 1624 1.522 0.3881 0.9107
2KOC 1625 2.105 0.2715 0.8214
2KOC 1626 2.014 0.3360 0.8214
2KOC 1627 2.276 0.2260 0.7857
2KOC 1628 2.093 0.2464 0.7679
2KOC 1629 1.565 0.3415 0.8929
2KOC 1630 1.619 0.2759 0.8929
2KOC 1631 1.641 0.3665 0.8929
2KOC 1632 1.825 0.2571 0.8750
2KOC 1633 1.561 0.2788 0.8214
2KOC 1634 1.479 0.2825 0.8393
2KOC 1635 2.368 0.3419 0.8571
2KOC 1636 1.251 0.3498 0.8929
2KOC 1637 1.903 0.3073 0.8393
2KOC 1638 1.830 0.2068 0.8393
2KOC 1639 1.508 0.2824 0.8393
2KOC 1640 1.718 0.2379 0.8571
2KOC 1641 1.550 0.2194 0.8214
2KOC 1642 1.789 0.1769 0.7679
2KOC 1643 1.748 0.1907 0.8214
2KOC 1644 1.722 0.2175 0.8036
2KOC 1645 2.199 0.1688 0.7500
2KOC 1646 2.017 0.1540 0.7857
2KOC 1647 2.236 0.2417 0.7857
2KOC 1648 2.062 0.2254 0.8036
2KOC 1649 2.232 0.2529 0.7500
2KOC 1650 2.071 0.2187 0.7857
2KOC 1651 1.511 0.3172 0.8750
2KOC 1652 2.155 0.1979 0.7679
2KOC 1653 2.123 0.2178 0.7679
2KOC 1654 1.372 0.2797 0.8750
2KOC 1655 1.917 0.2370 0.7857
2KOC 1656 1.698 0.2306 0.7857
2KOC 1657 2.580 0.2321 0.7857
2KOC 1658 2.701 0.2586 0.8036
2KOC 1659 2.499 0.2197 0.8036
2KOC 1660 2.393 0.2417 0.7679
2KOC 1661 2.515 0.2925 0.8036
2KOC 1662 2.725 0.2385 0.7857
2KOC 1663 2.887 0.2609 0.8036
2KOC 1664 2.544 0.2216 0.7679
2KOC 1665 2.607 0.2833 0.8036
2KOC 1666 2.695 0.2018 0.7679
2KOC 1667 2.588 0.2608 0.7857
2KOC 1668 2.584 0.2525 0.7857
2KOC 1669 2.523 0.2241 0.7857
2KOC 1670 2.344 0.2237 0.8214
2KOC 1671 2.422 0.2874 0.8393
2KOC 1672 2.367 0.2390 0.8036
2KOC 1673 2.244 0.2803 0.7857
2KOC 1674 2.232 0.2923 0.8571
2KOC 1675 2.667 0.2348 0.8571
2KOC 1676 2.339 0.3089 0.8214
2KOC 1677 2.092 0.2214 0.8036
2KOC 1678 2.014 0.2730 0.8571
2KOC 1679 2.290 0.2939 0.8571
2KOC 1680 2.385 0.2823 0.7857
2KOC 1681 2.410 0.3115 0.8393
2KOC 1682 2.248 0.3123 0.8571
2KOC 1683 2.590 0.2903 0.8393
2KOC 1684 2.539 0.3408 0.8750
2KOC 1685 2.658 0.2875 0.8393
2KOC 1686 2.507 0.3832 0.8750
2KOC 1687 2.642 0.3388 0.8571
2KOC 1688 2.596 0.3249 0.8393
2KOC 1689 3.011 0.2357 0.7500
2KOC 1690 2.333 0.3808 0.8571
2KOC 1691 2.529 0.3008 0.7679
2KOC 1692 2.571 0.2382 0.7500
2KOC 1693 2.423 0.2663 0.7321
2KOC 1694 2.646 0.3012 0.7500
2KOC 1695 2.864 0.2223 0.7321
2KOC 1696 2.191 0.3545 0.8214
2KOC 1697 2.402 0.2755 0.7679
2KOC 1698 2.366 0.2843 0.8393
2KOC 1699 2.000 0.3123 0.8571
2KOC 1700 2.271 0.3175 0.8214
2KOC 1701 2.286 0.3024 0.8036
2KOC 1702 2.620 0.2769 0.7679
2KOC 1703 2.564 0.2405 0.8214
2KOC 1704 2.707 0.2483 0.7500
2KOC 1705 2.532 0.2403 0.7500
2KOC 1706 2.629 0.2622 0.7321
2KOC 1707 2.475 0.2127 0.7500
2KOC 1708 2.067 0.2905 0.7857
2KOC 1709 1.906 0.2442 0.8036
2KOC 1710 1.700 0.2182 0.8393
2KOC 1711 1.562 0.2589 0.8393
2KOC 1712 1.567 0.2578 0.8393
2KOC 1713 1.744 0.2848 0.8393
2KOC 1714 2.316 0.1912 0.7679
2KOC 1715 2.361 0.2946 0.7321
2KOC 1716 1.587 0.2780 0.8393
2KOC 1717 1.956 0.2706 0.7857
2KOC 1718 2.523 0.2283 0.7321
2KOC 1719 2.199 0.3238 0.7679
2KOC 1720 2.151 0.2169 0.7857
2KOC 1721 2.091 0.2622 0.7857
2KOC 1722 2.254 0.2193 0.7500
2KOC 1723 2.092 0.2067 0.7857
2KOC 1724 2.344 0.2386 0.7857
2KOC 1725 1.994 0.2394 0.7679
2KOC 1726 2.188 0.1900 0.7857
2KOC 1727 2.402 0.2875 0.7500
2KOC 1728 2.134 0.2096 0.7679
2KOC 1729 2.517 0.2289 0.7500
2KOC 1730 1.572 0.3048 0.8750
2KOC 1731 1.962 0.2092 0.7857
2KOC 1732 2.092 0.2099 0.8214
2KOC 1733 2.225 0.2278 0.7857
2KOC 1734 2.025 0.2447 0.8214
2KOC 1735 2.012 0.2356 0.7857
2KOC 1736 2.299 0.2124 0.7857
2KOC 1737 1.972 0.2088 0.8036
2KOC 1738 1.774 0.2733 0.8393
2KOC 1739 2.045 0.2728 0.8036
2KOC 1740 1.540 0.3442 0.8393
2KOC 1741 1.956 0.2512 0.8036
2KOC 1742 2.429 0.3095 0.7500
2KOC 1743 1.952 0.2413 0.8036
2KOC 1744 2.157 0.2432 0.7857
2KOC 1745 2.624 0.2628 0.8036
2KOC 1746 2.244 0.2072 0.7679
2KOC 1747 2.716 0.2713 0.8214
2KOC 1748 2.927 0.3311 0.8214
2KOC 1749 2.408 0.2474 0.8036
2KOC 1750 2.412 0.3161 0.8393
2KOC 1751 2.427 0.1706 0.7321
2KOC 1752 2.381 0.2130 0.8214
2KOC 1753 2.589 0.2596 0.8036
2KOC 1754 2.335 0.2847 0.8214
2KOC 1755 2.192 0.3139 0.8571
2KOC 1756 2.201 0.2333 0.8036
2KOC 1757 2.340 0.2587 0.8036
2KOC 1758 2.721 0.2241 0.7679
2KOC 1759 2.431 0.2203 0.8214
2KOC 1760 2.331 0.1963 0.7857
2KOC 1761 2.683 0.2264 0.7857
2KOC 1762 2.122 0.2182 0.7857
2KOC 1763 1.981 0.2613 0.8393
2KOC 1764 2.350 0.2507 0.7857
2KOC 1765 2.147 0.2471 0.7500
2KOC 1766 2.247 0.3497 0.8393
2KOC 1767 2.376 0.2507 0.7321
2KOC 1768 2.537 0.2248 0.7500
2KOC 1769 1.985 0.2552 0.8393
2KOC 1770 2.400 0.2748 0.7857
2KOC 1771 2.504 0.2566 0.8036
2KOC 1772 2.336 0.2604 0.7679
2KOC 1773 2.133 0.2923 0.8036
2KOC 1774 2.433 0.2599 0.7857
2KOC 1775 2.208 0.2921 0.7857
2KOC 1776 1.711 0.3107 0.8750
2KOC 1777 2.411 0.2292 0.7679
2KOC 1778 2.328 0.2377 0.8036
2KOC 1779 1.892 0.2506 0.8214
2KOC 1780 2.155 0.2444 0.7857
2KOC 1781 2.105 0.2734 0.8036
2KOC 1782 2.292 0.2457 0.7857
2KOC 1783 2.244 0.2335 0.7857
2KOC 1784 2.353 0.2519 0.7857
2KOC 1785 1.982 0.2670 0.8750
2KOC 1786 2.490 0.2598 0.7857
2KOC 1787 2.541 0.2322 0.7500
2KOC 1788 2.399 0.2568 0.7500
2KOC 1789 2.446 0.2672 0.7857
2KOC 1790 2.183 0.2791 0.7679
2KOC 1791 2.534 0.2629 0.7679
2KOC 1792 2.686 0.2727 0.7679
2KOC 1793 2.276 0.2589 0.8036
2KOC 1794 2.321 0.2532 0.8036
2KOC 1795 1.769 0.3114 0.8214
2KOC 1796 1.812 0.2436 0.8393
2KOC 1797 1.851 0.2686 0.8036
2KOC 1798 2.024 0.3195 0.8393
2KOC 1799 1.755 0.2874 0.8214
2KOC 1800 2.196 0.2402 0.7857
2KOC 1801 1.840 0.2930 0.8214
2KOC 1802 1.890 0.2827 0.8214
2KOC 1803 1.910 0.3145 0.8393
2KOC 1804 2.721 0.1874 0.7500
2KOC 1805 2.118 0.2993 0.7857
2KOC 1806 1.838 0.3094 0.8571
2KOC 1807 2.570 0.1630 0.7321
2KOC 1808 1.512 0.2275 0.8393
2KOC 1809 1.716 0.2256 0.8036
2KOC 1810 2.030 0.1867 0.7500
2KOC 1811 1.742 0.2820 0.8393
2KOC 1812 2.146 0.1664 0.7857
2KOC 1813 2.160 0.1619 0.7321
2KOC 1814 1.745 0.2425 0.8571
2KOC 1815 2.003 0.1969 0.7679
2KOC 1816 2.363 0.2261 0.7679
2KOC 1817 1.805 0.2902 0.7857
2KOC 1818 1.550 0.2552 0.8750
2KOC 1819 2.090 0.2011 0.7857
2KOC 1820 2.023 0.2347 0.7857
2KOC 1821 1.693 0.2713 0.8214
2KOC 1822 1.992 0.2270 0.7500
2KOC 1823 1.917 0.3020 0.8036
2KOC 1824 1.936 0.2608 0.8036
2KOC 1825 1.909 0.2291 0.8036
2KOC 1826 1.760 0.2815 0.8214
2KOC 1827 1.613 0.3201 0.8571
2KOC 1828 1.891 0.2922 0.8036
2KOC 1829 2.043 0.2593 0.8214
2KOC 1830 1.638 0.2640 0.8214
2KOC 1831 2.297 0.2802 0.7857
2KOC 1832 2.522 0.2352 0.7500
2KOC 1833 2.106 0.2391 0.8214
2KOC 1834 1.925 0.2490 0.8036
2KOC 1835 1.973 0.2673 0.8571
2KOC 1836 2.106 0.2705 0.8214
2KOC 1837 1.919 0.3100 0.8571
2KOC 1838 1.655 0.3124 0.8393
2KOC 1839 1.995 0.2566 0.8036
2KOC 1840 1.857 0.2796 0.7857
2KOC 1841 2.277 0.2676 0.7500
2KOC 1842 1.895 0.2792 0.8214
2KOC 1843 1.935 0.2225 0.7857
2KOC 1844 2.160 0.2731 0.7857
2KOC 1845 1.884 0.2639 0.8214
2KOC 1846 1.995 0.2298 0.8036
2KOC 1847 1.820 0.3028 0.8571
2KOC 1848 2.284 0.2470 0.7857
2KOC 1849 1.628 0.2528 0.8393
2KOC 1850 1.474 0.2978 0.8393
2KOC 1851 1.901 0.2392 0.8214
2KOC 1852 2.142 0.2124 0.7857
2KOC 1853 1.704 0.2795 0.8750
2KOC 1854 1.516 0.3290 0.8929
2KOC 1855 1.690 0.2872 0.8393
2KOC 1856 1.490 0.2100 0.8393
2KOC 1857 1.354 0.2591 0.8571
2KOC 1858 1.974 0.2521 0.8036
2KOC 1859 2.250 0.2413 0.8036
2KOC 1860 2.126 0.2179 0.8036
2KOC 1861 1.928 0.1585 0.7679
2KOC 1862 1.948 0.2689 0.8214
2KOC 1863 2.017 0.1642 0.7679
2KOC 1864 2.258 0.1704 0.7679
2KOC 1865 2.140 0.2141 0.7679
2KOC 1866 2.163 0.1865 0.7679
2KOC 1867 2.481 0.2119 0.7321
2KOC 1868 1.986 0.2474 0.8036
2KOC 1869 2.308 0.2088 0.7500
2KOC 1870 2.227 0.2063 0.7679
2KOC 1871 2.406 0.1979 0.7500
2KOC 1872 2.077 0.2479 0.7500
2KOC 1873 2.116 0.1964 0.7679
2KOC 1874 2.180 0.2236 0.7500
2KOC 1875 1.816 0.2510 0.8393
2KOC 1876 1.748 0.2208 0.7857
2KOC 1877 2.173 0.2323 0.7857
2KOC 1878 2.096 0.1918 0.7679
2KOC 1879 2.125 0.2488 0.7679
2KOC 1880 2.579 0.2059 0.7321
2KOC 1881 1.982 0.2422 0.7857
2KOC 1882 2.117 0.2823 0.7857
2KOC 1883 2.218 0.2438 0.8036
2KOC 1884 2.282 0.2228 0.8036
2KOC 1885 2.071 0.2077 0.8036
2KOC 1886 2.138 0.2363 0.7679
2KOC 1887 2.595 0.1955 0.7500
2KOC 1888 2.137 0.2136 0.7857
2KOC 1889 2.122 0.2463 0.7857
2KOC 1890 1.962 0.2351 0.7857
2KOC 1891 1.655 0.2406 0.8036
2KOC 1892 2.052 0.2142 0.7857
2KOC 1893 2.147 0.2834 0.7857
2KOC 1894 2.375 0.2028 0.7679
2KOC 1895 1.867 0.2130 0.7500
2KOC 1896 2.118 0.1985 0.7500
2KOC 1897 2.853 0.2301 0.6964
2KOC 1898 2.625 0.2157 0.7143
2KOC 1899 1.962 0.2069 0.8214
2KOC 1900 2.235 0.2183 0.7321
2KOC 1901 2.394 0.1638 0.7321
2KOC 1902 2.697 0.1739 0.7500
2KOC 1903 2.761 0.2018 0.7679
2KOC 1904 2.185 0.1945 0.7857
2KOC 1905 2.048 0.1532 0.7500
2KOC 1906 2.379 0.1617 0.7321
2KOC 1907 1.957 0.1793 0.7857
2KOC 1908 2.149 0.1742 0.7500
2KOC 1909 2.197 0.2118 0.7857
2KOC 1910 2.526 0.1995 0.7321
2KOC 1911 2.573 0.1689 0.7143
2KOC 1912 2.601 0.1973 0.7857
2KOC 1913 2.246 0.2332 0.8036
2KOC 1914 2.326 0.2349 0.7500
2KOC 1915 2.311 0.2515 0.8036
2KOC 1916 2.864 0.2032 0.7321
2KOC 1917 2.661 0.2264 0.7857
2KOC 1918 2.598 0.2486 0.7321
2KOC 1919 2.746 0.2174 0.7321
2KOC 1920 2.696 0.2666 0.7500
2KOC 1921 2.412 0.2163 0.8036
2KOC 1922 1.796 0.2627 0.8214
2KOC 1923 1.991 0.2206 0.8214
2KOC 1924 2.243 0.2397 0.8036
2KOC 1925 2.639 0.2553 0.7857
2KOC 1926 1.968 0.2744 0.8036
2KOC 1927 2.409 0.2405 0.7857
2KOC 1928 1.922 0.2375 0.8036
2KOC 1929 2.285 0.2563 0.7857
2KOC 1930 2.660 0.1694 0.6964
2KOC 1931 2.364 0.1655 0.7679
2KOC 1932 2.695 0.1509 0.6964
2KOC 1933 2.364 0.2283 0.7500
2KOC 1934 2.065 0.2381 0.8036
2KOC 1935 2.040 0.2534 0.7679
2KOC 1936 1.902 0.2627 0.7857
2KOC 1937 1.687 0.2517 0.8036
2KOC 1938 1.193 0.2585 0.8929
2KOC 1939 1.643 0.2840 0.8750
2KOC 1940 1.758 0.2415 0.8393
2KOC 1941 2.020 0.2005 0.7500
2KOC 1942 2.290 0.2583 0.7679
2KOC 1943 2.735 0.2329 0.7321
2KOC 1944 2.350 0.1962 0.7500
2KOC 1945 2.625 0.2424 0.7679
2KOC 1946 2.726 0.2388 0.7500
2KOC 1947 2.501 0.2148 0.7857
2KOC 1948 2.437 0.2113 0.7679
2KOC 1949 2.700 0.2466 0.7679
2KOC 1950 1.762 0.2552 0.8571
2KOC 1951 2.482 0.2420 0.7857
2KOC 1952 2.524 0.2248 0.7679
2KOC 1953 2.377 0.2487 0.7679
2KOC 1954 2.880 0.2478 0.7857
2KOC 1955 2.140 0.2689 0.8214
2KOC 1956 2.253 0.2654 0.7679
2KOC 1957 2.146 0.2658 0.8036
2KOC 1958 2.498 0.2702 0.8214
2KOC 1959 2.489 0.2243 0.7857
2KOC 1960 2.473 0.2284 0.7679
2KOC 1961 2.335 0.2050 0.7857
2KOC 1962 2.346 0.1689 0.7500
2KOC 1963 2.454 0.2021 0.7679
2KOC 1964 2.187 0.2084 0.7679
2KOC 1965 2.469 0.1775 0.7679
2KOC 1966 2.207 0.2387 0.8036
2KOC 1967 2.346 0.2237 0.7679
2KOC 1968 2.741 0.2421 0.7679
2KOC 1969 2.423 0.1772 0.7500
2KOC 1970 2.680 0.1965 0.7321
2KOC 1971 2.003 0.1606 0.7679
2KOC 1972 2.068 0.1694 0.7500
2KOC 1973 2.154 0.1687 0.7679
2KOC 1974 1.959 0.1968 0.7857
2KOC 1975 2.384 0.1840 0.7321
2KOC 1976 2.067 0.1480 0.7500
2KOC 1977 2.224 0.1943 0.7321
2KOC 1978 2.722 0.1719 0.7321
2KOC 1979 2.213 0.1600 0.7500
2KOC 1980 2.402 0.2402 0.7500
2KOC 1981 2.254 0.1609 0.7500
2KOC 1982 1.846 0.1882 0.7857
2KOC 1983 1.972 0.1937 0.7679
2KOC 1984 2.118 0.2153 0.7321
2KOC 1985 2.442 0.1358 0.7321
2KOC 1986 2.284 0.1641 0.7321
2KOC 1987 2.038 0.1461 0.7321
2KOC 1988 2.205 0.1467 0.7321
2KOC 1989 1.926 0.1918 0.7321
2KOC 1990 2.135 0.1262 0.7321
2KOC 1991 2.003 0.1836 0.7500
2KOC 1992 2.002 0.1847 0.7857
2KOC 1993 2.107 0.1763 0.7500
2KOC 1994 1.889 0.1749 0.7679
2KOC 1995 2.405 0.1845 0.7500
2KOC 1996 2.308 0.2947 0.7679
2KOC 1997 1.924 0.1975 0.7857
2KOC 1998 2.160 0.1775 0.7500
2KOC 1999 2.407 0.1487 0.7500
2KOC 2000 2.510 0.1707 0.7143
2KOC 2001 1.796 0.1941 0.7857
2KOC 2002 2.603 0.2259 0.7500
2KOC 2003 2.219 0.2509 0.7679
2KOC 2004 2.304 0.1695 0.7500
2KOC 2005 1.981 0.2280 0.7857
2KOC 2006 2.095 0.1996 0.7679
2KOC 2007 2.464 0.2260 0.7143
2KOC 2008 3.045 0.1526 0.7143
2KOC 2009 2.747 0.1533 0.6964
2KOC 2010 2.339 0.1316 0.7321
2KOC 2011 2.831 0.1693 0.7143
2KOC 2012 2.513 0.1461 0.7143
2KOC 2013 3.107 0.1833 0.7321
2KOC 2014 3.269 0.1712 0.7143
2KOC 2015 2.349 0.2404 0.7500
2KOC 2016 2.514 0.1659 0.7143
2KOC 2017 2.646 0.1601 0.7321
2KOC 2018 2.705 0.1912 0.7143
2KOC 2019 2.592 0.2250 0.7321
2KOC 2020 2.662 0.2079 0.7143
2KOC 2021 2.588 0.1804 0.7143
2KOC 2022 2.240 0.1941 0.7857
2KOC 2023 1.844 0.2251 0.7679
2KOC 2024 2.046 0.1941 0.7500
2KOC 2025 2.037 0.1910 0.7857
2KOC 2026 2.177 0.1667 0.7500
2KOC 2027 2.293 0.1671 0.7321
2KOC 2028 2.284 0.1872 0.7500
2KOC 2029 2.943 0.1713 0.6786
2KOC 2030 2.701 0.1693 0.7143
2KOC 2031 2.033 0.1984 0.7679
2KOC 2032 2.461 0.1650 0.7321
2KOC 2033 2.366 0.1701 0.7500
2KOC 2034 2.396 0.1882 0.7321
2KOC 2035 2.486 0.1801 0.7679
2KOC 2036 2.332 0.2073 0.7321
2KOC 2037 2.235 0.2038 0.7679
2KOC 2038 2.321 0.1682 0.7500
2KOC 2039 2.069 0.1964 0.7857
2KOC 2040 2.334 0.3070 0.7857
2KOC 2041 1.990 0.2430 0.8214
2KOC 2042 2.266 0.2565 0.7857
2KOC 2043 2.351 0.1854 0.7679
2KOC 2044 2.078 0.2178 0.8036
2KOC 2045 2.105 0.2280 0.7857
2KOC 2046 2.464 0.1963 0.7500
2KOC 2047 2.731 0.2164 0.7143
2KOC 2048 2.502 0.2151 0.7500
2KOC 2049 2.469 0.1655 0.7143
2KOC 2050 2.474 0.1650 0.6964
2KOC 2051 2.225 0.1968 0.7857
2KOC 2052 2.397 0.1556 0.7143
2KOC 2053 2.605 0.1694 0.7143
2KOC 2054 2.666 0.1809 0.7143
2KOC 2055 2.887 0.1251 0.7321
2KOC 2056 2.590 0.1968 0.7143
2KOC 2057 2.371 0.2223 0.6964
2KOC 2058 2.201 0.2280 0.7500
2KOC 2059 2.532 0.1421 0.7143
2KOC 2060 2.286 0.1697 0.6964
2KOC 2061 2.574 0.1712 0.7321
2KOC 2062 2.229 0.2088 0.7679
2KOC 2063 2.317 0.1807 0.7857
2KOC 2064 2.342 0.1158 0.7321
2KOC 2065 2.253 0.1734 0.7500
2KOC 2066 2.380 0.1414 0.7321
2KOC 2067 2.770 0.2010 0.6964
2KOC 2068 2.658 0.1604 0.7143
2KOC 2069 2.387 0.1881 0.7857
2KOC 2070 2.268 0.2062 0.7500
2KOC 2071 2.162 0.1712 0.7679
2KOC 2072 2.532 0.1428 0.7321
2KOC 2073 2.137 0.1410 0.7500
2KOC 2074 2.474 0.1763 0.7321
2KOC 2075 2.345 0.2193 0.7321
2KOC 2076 2.441 0.1591 0.7143
2KOC 2077 2.597 0.1680 0.7143
2KOC 2078 2.742 0.1639 0.6786
2KOC 2079 2.157 0.1707 0.7679
2KOC 2080 2.050 0.1980 0.7500
2KOC 2081 2.414 0.2096 0.7857
2KOC 2082 2.406 0.2682 0.7500
2KOC 2083 2.148 0.2770 0.8393
2KOC 2084 1.896 0.2375 0.8036
2KOC 2085 2.307 0.2555 0.7679
2KOC 2086 2.568 0.2381 0.7321
2KOC 2087 2.240 0.2713 0.8036
2KOC 2088 2.387 0.2723 0.7679
2KOC 2089 1.888 0.2755 0.7857
2KOC 2090 2.118 0.2902 0.8214
2KOC 2091 1.949 0.2377 0.8036
2KOC 2092 2.002 0.2370 0.7857
2KOC 2093 2.119 0.2037 0.7679
2KOC 2094 2.259 0.2378 0.7857
2KOC 2095 1.883 0.2780 0.7857
2KOC 2096 2.277 0.2511 0.7500
2KOC 2097 2.191 0.1798 0.7321
2KOC 2098 2.298 0.2211 0.7143
2KOC 2099 2.481 0.2242 0.7857
2KOC 2100 2.724 0.2129 0.7679
2KOC 2101 2.840 0.1686 0.7143
2KOC 2102 2.483 0.2133 0.7679
2KOC 2103 2.915 0.1784 0.7321
2KOC 2104 2.439 0.1773 0.7857
2KOC 2105 2.314 0.1692 0.7321
2KOC 2106 2.441 0.1677 0.7143
2KOC 2107 2.601 0.2005 0.7500
2KOC 2108 2.793 0.2339 0.7679
2KOC 2109 2.771 0.1871 0.7679
2KOC 2110 2.664 0.2662 0.7679
2KOC 2111 2.127 0.1866 0.7679
2KOC 2112 2.085 0.2905 0.7857
2KOC 2113 1.885 0.2378 0.7857
2KOC 2114 2.049 0.1911 0.7679
2KOC 2115 2.589 0.1918 0.7500
2KOC 2116 2.206 0.1575 0.7321
2KOC 2117 2.319 0.2151 0.7500
2KOC 2118 2.270 0.2049 0.8214
2KOC 2119 2.282 0.2283 0.7679
2KOC 2120 2.691 0.2472 0.7321
2KOC 2121 2.262 0.2147 0.7857
2KOC 2122 3.151 0.2321 0.7500
2KOC 2123 2.885 0.2429 0.7679
2KOC 2124 2.303 0.2273 0.7857
2KOC 2125 2.602 0.2254 0.7321
2KOC 2126 2.251 0.1780 0.7321
2KOC 2127 1.981 0.2190 0.8036
2KOC 2128 1.964 0.2226 0.8036
2KOC 2129 2.292 0.1854 0.7500
2KOC 2130 1.908 0.2415 0.7500
2KOC 2131 2.053 0.1905 0.7679
2KOC 2132 2.667 0.2080 0.7679
2KOC 2133 2.422 0.2691 0.7679
2KOC 2134 2.368 0.1764 0.7143
2KOC 2135 2.005 0.1881 0.7857
2KOC 2136 2.683 0.2055 0.7143
2KOC 2137 2.531 0.1981 0.7321
2KOC 2138 2.215 0.1824 0.7321
2KOC 2139 2.468 0.2072 0.7321
2KOC 2140 2.100 0.1962 0.8036
2KOC 2141 2.140 0.2351 0.7857
2KOC 2142 1.923 0.2799 0.8393
2KOC 2143 1.614 0.2687 0.8214
2KOC 2144 2.194 0.1969 0.7321
2KOC 2145 2.099 0.2105 0.7500
2KOC 2146 1.605 0.2075 0.8214
2KOC 2147 2.183 0.1754 0.7857
2KOC 2148 2.609 0.1517 0.7321
2KOC 2149 2.307 0.2073 0.7679
2KOC 2150 2.720 0.2319 0.7143
2KOC 2151 1.870 0.1938 0.7857
2KOC 2152 1.976 0.2492 0.8036
2KOC 2153 1.925 0.2276 0.7857
2KOC 2154 2.262 0.1995 0.7679
2KOC 2155 2.132 0.3033 0.7679
2KOC 2156 1.984 0.2345 0.7857
2KOC 2157 1.576 0.2297 0.8393
2KOC 2158 1.854 0.2163 0.8036
2KOC 2159 2.278 0.2361 0.7679
2KOC 2160 2.195 0.1844 0.7321
2KOC 2161 2.215 0.2348 0.7857
2KOC 2162 2.006 0.1970 0.7857
2KOC 2163 2.169 0.2340 0.7679
2KOC 2164 2.174 0.2500 0.8036
2KOC 2165 2.419 0.2224 0.7321
2KOC 2166 2.304 0.2420 0.8036
2KOC 2167 2.715 0.2368 0.7500
2KOC 2168 2.747 0.1564 0.7143
2KOC 2169 2.803 0.2033 0.7500
2KOC 2170 2.083 0.1689 0.7500
2KOC 2171 2.113 0.2097 0.7500
2KOC 2172 2.678 0.1839 0.7321
2KOC 2173 2.789 0.1503 0.7321
2KOC 2174 2.483 0.1562 0.7143
2KOC 2175 2.388 0.2003 0.8036
2KOC 2176 2.281 0.2183 0.7857
2KOC 2177 2.709 0.2007 0.7321
2KOC 2178 2.356 0.2272 0.7679
2KOC 2179 2.045 0.1874 0.7857
2KOC 2180 2.209 0.2300 0.7679
2KOC 2181 2.075 0.2062 0.7679
2KOC 2182 2.480 0.1999 0.7500
2KOC 2183 2.295 0.2228 0.7679
2KOC 2184 2.128 0.1725 0.7857
2KOC 2185 2.346 0.2394 0.7857
2KOC 2186 2.335 0.2128 0.7679
2KOC 2187 2.191 0.2452 0.8036
2KOC 2188 2.388 0.2162 0.7500
2KOC 2189 2.844 0.1725 0.7143
2KOC 2190 2.063 0.1802 0.7857
2KOC 2191 2.539 0.2474 0.7679
2KOC 2192 1.922 0.2485 0.8214
2KOC 2193 2.007 0.2571 0.8214
2KOC 2194 2.465 0.1858 0.7857
2KOC 2195 2.366 0.2663 0.7679
2KOC 2196 2.101 0.2351 0.7857
2KOC 2197 2.124 0.2220 0.7679
2KOC 2198 2.210 0.1911 0.7679
2KOC 2199 1.943 0.2518 0.7857
2KOC 2200 2.189 0.2193 0.7679
2KOC 2201 2.150 0.2240 0.8036
2KOC 2202 2.210 0.2310 0.8214
2KOC 2203 1.970 0.2091 0.8036
2KOC 2204 1.954 0.2125 0.7679
2KOC 2205 2.099 0.2731 0.7857
2KOC 2206 1.938 0.2541 0.7857
2KOC 2207 2.063 0.2120 0.7857
2KOC 2208 2.173 0.2099 0.7500
2KOC 2209 1.944 0.2042 0.7679
2KOC 2210 2.388 0.2117 0.7857
2KOC 2211 1.614 0.2441 0.8036
2KOC 2212 2.004 0.2813 0.7857
2KOC 2213 1.787 0.2227 0.7679
2KOC 2214 1.648 0.1875 0.8214
2KOC 2215 1.628 0.2069 0.8036
2KOC 2216 1.932 0.1963 0.7679
2KOC 2217 1.970 0.2381 0.7857
2KOC 2218 2.030 0.2040 0.7679
2KOC 2219 1.992 0.2200 0.7679
2KOC 2220 2.123 0.2743 0.8036
2KOC 2221 2.010 0.2180 0.7679
2KOC 2222 1.755 0.2349 0.8214
2KOC 2223 1.908 0.2583 0.7857
2KOC 2224 2.146 0.2214 0.7679
2KOC 2225 1.958 0.2075 0.8036
2KOC 2226 2.435 0.1732 0.7500
2KOC 2227 1.937 0.1759 0.7679
2KOC 2228 2.222 0.1872 0.7679
2KOC 2229 2.001 0.1713 0.7500
2KOC 2230 2.060 0.1871 0.7500
2KOC 2231 2.127 0.2175 0.7679
2KOC 2232 1.781 0.2682 0.8393
2KOC 2233 2.244 0.2197 0.7679
2KOC 2234 2.455 0.2882 0.8214
2KOC 2235 2.530 0.2104 0.8036
2KOC 2236 1.977 0.2170 0.8036
2KOC 2237 2.398 0.2287 0.7500
2KOC 2238 2.628 0.2003 0.7500
2KOC 2239 2.598 0.2484 0.7500
2KOC 2240 2.640 0.1660 0.7500
2KOC 2241 2.518 0.2446 0.7679
2KOC 2242 2.203 0.2171 0.7679
2KOC 2243 2.524 0.2379 0.7321
2KOC 2244 2.682 0.1945 0.7321
2KOC 2245 2.146 0.1968 0.7679
2KOC 2246 1.827 0.2602 0.7857
2KOC 2247 1.956 0.2523 0.8214
2KOC 2248 2.169 0.2424 0.8214
2KOC 2249 2.202 0.2538 0.7679
2KOC 2250 2.077 0.1811 0.7679
2KOC 2251 2.542 0.1927 0.7500
2KOC 2252 2.584 0.1884 0.7321
2KOC 2253 2.324 0.1886 0.7321
2KOC 2254 1.999 0.2186 0.7857
2KOC 2255 2.116 0.2091 0.7857
2KOC 2256 2.144 0.1877 0.7500
2KOC 2257 2.313 0.1740 0.7500
2KOC 2258 2.451 0.1999 0.7679
2KOC 2259 2.075 0.1853 0.7679
2KOC 2260 2.658 0.2561 0.7679
2KOC 2261 2.492 0.1673 0.7500
2KOC 2262 2.497 0.1655 0.7321
2KOC 2263 2.679 0.1825 0.7321
2KOC 2264 2.571 0.2187 0.7321
2KOC 2265 2.644 0.2388 0.7500
2KOC 2266 2.598 0.1701 0.6964
2KOC 2267 2.045 0.1948 0.7679
2KOC 2268 2.096 0.1793 0.7321
2KOC 2269 2.041 0.2670 0.8036
2KOC 2270 2.488 0.2786 0.7679
2KOC 2271 1.920 0.2218 0.7857
2KOC 2272 2.031 0.2124 0.7679
2KOC 2273 2.400 0.1896 0.7500
2KOC 2274 1.973 0.2217 0.7857
2KOC 2275 1.790 0.2259 0.7857
2KOC 2276 2.073 0.2084 0.7679
2KOC 2277 2.049 0.1822 0.8036
2KOC 2278 2.013 0.1891 0.7679
2KOC 2279 2.430 0.2284 0.7857
2KOC 2280 2.204 0.2292 0.7679
2KOC 2281 2.104 0.2711 0.8036
2KOC 2282 2.765 0.1647 0.7143
2KOC 2283 2.602 0.1945 0.7500
2KOC 2284 2.315 0.1953 0.7679
2KOC 2285 2.163 0.2397 0.7321
2KOC 2286 2.618 0.2219 0.7500
2KOC 2287 2.324 0.2197 0.7500
2KOC 2288 2.763 0.2157 0.7679
2KOC 2289 2.981 0.1988 0.7321
2KOC 2290 2.217 0.1646 0.7143
2KOC 2291 2.576 0.1887 0.7321
2KOC 2292 2.826 0.2010 0.7321
2KOC 2293 2.924 0.1664 0.7321
2KOC 2294 2.527 0.2042 0.7500
2KOC 2295 2.111 0.2030 0.7857
2KOC 2296 2.883 0.1883 0.7143
2KOC 2297 2.230 0.2077 0.8036
2KOC 2298 2.488 0.1784 0.6964
2KOC 2299 2.750 0.1666 0.7321
2KOC 2300 2.214 0.2284 0.7500
2KOC 2301 2.374 0.1927 0.7500
2KOC 2302 2.337 0.1680 0.7143
2KOC 2303 1.992 0.1779 0.7321
2KOC 2304 2.495 0.2161 0.7500
2KOC 2305 2.441 0.2064 0.7500
2KOC 2306 2.620 0.1972 0.7500
2KOC 2307 2.573 0.2047 0.7500
2KOC 2308 2.455 0.2002 0.7679
2KOC 2309 2.248 0.2237 0.7500
2KOC 2310 2.247 0.2833 0.7857
2KOC 2311 2.269 0.2342 0.7679
2KOC 2312 2.759 0.2723 0.7679
2KOC 2313 2.358 0.2303 0.7857
2KOC 2314 2.368 0.1659 0.7143
2KOC 2315 2.334 0.2279 0.8036
2KOC 2316 2.036 0.2082 0.7679
2KOC 2317 1.782 0.2298 0.8036
2KOC 2318 1.989 0.1922 0.7679
2KOC 2319 2.342 0.2130 0.7500
2KOC 2320 1.999 0.2237 0.7679
2KOC 2321 2.218 0.2359 0.7679
2KOC 2322 2.240 0.2064 0.7857
2KOC 2323 2.403 0.1720 0.8036
2KOC 2324 2.402 0.2201 0.7500
2KOC 2325 2.169 0.2780 0.7500
2KOC 2326 2.252 0.2544 0.7857
2KOC 2327 2.414 0.2436 0.7679
2KOC 2328 2.294 0.1773 0.7321
2KOC 2329 2.617 0.1547 0.7321
2KOC 2330 2.646 0.1775 0.6964
2KOC 2331 2.612 0.1399 0.7321
2KOC 2332 2.428 0.1779 0.7500
2KOC 2333 2.501 0.1918 0.7500
2KOC 2334 2.397 0.1871 0.7679
2KOC 2335 2.311 0.2187 0.7500
2KOC 2336 2.185 0.1787 0.7321
2KOC 2337 2.386 0.2081 0.7500
2KOC 2338 2.467 0.1917 0.7857
2KOC 2339 2.430 0.1979 0.7679
2KOC 2340 2.846 0.1841 0.6964
2KOC 2341 2.611 0.2047 0.7500
2KOC 2342 2.500 0.1712 0.7143
2KOC 2343 2.604 0.2011 0.7500
2KOC 2344 2.841 0.1588 0.7143
2KOC 2345 2.504 0.2293 0.7500
2KOC 2346 2.663 0.1748 0.7500
2KOC 2347 2.601 0.2115 0.7679
2KOC 2348 2.561 0.2502 0.8036
2KOC 2349 2.344 0.2056 0.7679
2KOC 2350 2.313 0.2106 0.7500
2KOC 2351 2.715 0.1806 0.7321
2KOC 2352 2.692 0.1928 0.7500
2KOC 2353 2.764 0.2014 0.7500
2KOC 2354 2.542 0.1459 0.7143
2KOC 2355 2.060 0.2010 0.7857
2KOC 2356 2.423 0.1858 0.7321
2KOC 2357 2.642 0.2753 0.7500
2KOC 2358 2.634 0.2217 0.7679
2KOC 2359 2.368 0.1823 0.7321
2KOC 2360 2.735 0.1983 0.7500
2KOC 2361 2.644 0.1636 0.7500
2KOC 2362 2.603 0.1959 0.7500
2KOC 2363 2.411 0.1566 0.7143
2KOC 2364 2.083 0.1715 0.7679
2KOC 2365 2.031 0.2031 0.7857
2KOC 2366 2.044 0.1808 0.7500
2KOC 2367 2.200 0.1845 0.7857
2KOC 2368 2.315 0.1810 0.7679
2KOC 2369 2.119 0.1976 0.7500
2KOC 2370 2.145 0.2536 0.7679
2KOC 2371 2.587 0.2298 0.7321
2KOC 2372 2.434 0.1728 0.7321
2KOC 2373 2.438 0.1673 0.7143
2KOC 2374 2.897 0.2438 0.6786
2KOC 2375 2.286 0.2179 0.7500
2KOC 2376 1.964 0.1899 0.7679
2KOC 2377 2.320 0.2262 0.7679
2KOC 2378 2.194 0.2695 0.8036
2KOC 2379 2.364 0.1731 0.7500
2KOC 2380 2.427 0.1525 0.7321
2KOC 2381 2.008 0.1750 0.7500
2KOC 2382 2.636 0.1437 0.7143
2KOC 2383 2.876 0.1484 0.6786
2KOC 2384 2.779 0.1877 0.7143
2KOC 2385 2.662 0.1823 0.7143
2KOC 2386 2.519 0.1597 0.7321
2KOC 2387 2.158 0.2172 0.7857
2KOC 2388 2.329 0.1836 0.7321
2KOC 2389 2.385 0.2038 0.7500
2KOC 2390 2.669 0.1461 0.6964
2KOC 2391 2.209 0.2347 0.7857
2KOC 2392 2.323 0.2096 0.7321
2KOC 2393 2.328 0.1859 0.7679
2KOC 2394 2.605 0.2213 0.7143
2KOC 2395 1.835 0.2116 0.8214
2KOC 2396 2.186 0.2048 0.7500
2KOC 2397 1.696 0.2184 0.8214
2KOC 2398 1.733 0.1690 0.8036
2KOC 2399 2.095 0.2520 0.8036
2KOC 2400 1.821 0.2869 0.8393
2KOC 2401 1.559 0.3077 0.8393
2KOC 2402 2.055 0.2617 0.7679
2KOC 2403 2.072 0.2004 0.7857
2KOC 2404 1.911 0.1842 0.7857
2KOC 2405 2.216 0.1615 0.7679
2KOC 2406 1.739 0.1945 0.8036
2KOC 2407 1.736 0.2074 0.8036
2KOC 2408 2.096 0.2452 0.7857
2KOC 2409 1.839 0.2646 0.8214
2KOC 2410 2.227 0.2725 0.8036
2KOC 2411 2.192 0.1791 0.7679
2KOC 2412 1.890 0.2161 0.8214
2KOC 2413 2.210 0.1833 0.7500
2KOC 2414 2.372 0.1834 0.7679
2KOC 2415 2.287 0.2755 0.7500
2KOC 2416 2.576 0.2353 0.8036
2KOC 2417 2.350 0.2897 0.7857
2KOC 2418 2.099 0.1552 0.7500
2KOC 2419 2.035 0.1667 0.7679
2KOC 2420 2.443 0.1929 0.7500
