5A18 1 0.000 1.0000 1.0000
5A18 2 0.651 0.8316 0.9922
5A18 3 0.902 0.7782 0.9531
5A18 4 1.187 0.6761 0.9141
5A18 5 0.975 0.7578 0.9297
5A18 6 1.193 0.6545 0.8906
5A18 7 0.972 0.7991 0.9453
5A18 8 1.100 0.7207 0.9141
5A18 9 0.858 0.8090 0.9609
5A18 10 1.380 0.6594 0.8672
5A18 11 12.892 0.1051 0.1875
5A18 12 7.155 0.2228 0.4063
5A18 13 12.596 0.2915 0.4375
5A18 14 18.046 0.2175 0.3438
5A18 15 11.240 0.2824 0.4609
5A18 16 14.504 0.2495 0.4297
5A18 17 16.379 0.1965 0.3359
5A18 18 12.559 0.3162 0.5156
5A18 19 14.249 0.2113 0.3594
5A18 20 12.405 0.2775 0.4844
5A18 21 11.932 0.1743 0.3047
5A18 22 13.446 0.2221 0.3984
5A18 23 12.626 0.2263 0.4141
5A18 24 15.987 0.2351 0.4063
5A18 25 10.889 0.2496 0.3672
5A18 26 11.249 0.2577 0.3906
5A18 27 10.742 0.1906 0.3281
5A18 28 8.502 0.2539 0.4453
5A18 29 11.265 0.1981 0.3906
5A18 30 11.933 0.2608 0.4219
5A18 31 14.705 0.1680 0.3125
5A18 32 10.989 0.2616 0.4219
5A18 33 11.117 0.2226 0.3984
5A18 34 9.697 0.2533 0.4453
5A18 35 14.173 0.2116 0.3984
5A18 36 6.155 0.2651 0.4766
5A18 37 9.078 0.2456 0.4297
5A18 38 12.813 0.2385 0.4141
5A18 39 10.052 0.2733 0.4922
5A18 40 9.389 0.2574 0.4375
5A18 41 9.404 0.1988 0.3828
5A18 42 6.757 0.2506 0.5078
5A18 43 11.176 0.2580 0.4141
5A18 44 12.333 0.2381 0.4297
5A18 45 8.467 0.2448 0.4453
5A18 46 9.782 0.2355 0.3906
5A18 47 14.411 0.2370 0.4219
5A18 48 8.714 0.2573 0.4297
5A18 49 7.497 0.2759 0.4531
5A18 50 11.186 0.2867 0.4922
5A18 51 16.356 0.1114 0.1797
5A18 52 17.176 0.2089 0.3828
5A18 53 11.312 0.2913 0.4531
5A18 54 9.993 0.1889 0.3906
5A18 55 12.470 0.1077 0.2344
5A18 56 12.919 0.1556 0.3125
5A18 57 16.633 0.1765 0.2969
5A18 58 17.549 0.1312 0.2578
5A18 59 11.660 0.2524 0.3906
5A18 60 16.578 0.1581 0.2969
5A18 61 11.953 0.2069 0.4297
5A18 62 11.819 0.2392 0.4219
5A18 63 12.600 0.1360 0.3047
5A18 64 13.247 0.1408 0.3281
5A18 65 14.026 0.1598 0.3281
5A18 66 12.545 0.1421 0.2813
5A18 67 15.146 0.2220 0.3672
5A18 68 11.063 0.2371 0.3594
5A18 69 7.124 0.2306 0.4609
5A18 70 17.179 0.1484 0.2578
5A18 71 8.580 0.2352 0.4297
5A18 72 7.184 0.3015 0.5234
5A18 73 8.271 0.2310 0.4375
5A18 74 12.409 0.2753 0.4688
5A18 75 10.418 0.2555 0.4141
5A18 76 5.860 0.3012 0.5859
5A18 77 7.173 0.2959 0.5000
5A18 78 10.340 0.2563 0.4063
5A18 79 10.689 0.2247 0.3984
5A18 80 10.903 0.2515 0.4063
5A18 81 5.711 0.2618 0.5078
5A18 82 14.123 0.1843 0.3516
5A18 83 10.276 0.2485 0.4063
5A18 84 11.287 0.2756 0.4453
5A18 85 9.587 0.2639 0.4375
5A18 86 11.884 0.2316 0.3672
5A18 87 9.057 0.2644 0.4531
5A18 88 8.497 0.2587 0.4375
5A18 89 11.334 0.2507 0.4219
5A18 90 6.934 0.2741 0.4609
5A18 91 14.310 0.1388 0.2344
5A18 92 11.643 0.2090 0.3750
5A18 93 11.398 0.2283 0.3516
5A18 94 12.770 0.1178 0.2344
5A18 95 12.368 0.1732 0.3047
5A18 96 8.421 0.2019 0.4531
5A18 97 13.517 0.1179 0.2344
5A18 98 14.468 0.2445 0.3906
5A18 99 12.555 0.2330 0.3594
5A18 100 15.411 0.1375 0.2578
5A18 101 13.798 0.2318 0.3906
5A18 102 13.692 0.1876 0.2969
5A18 103 12.486 0.1710 0.2891
5A18 104 11.502 0.1289 0.2500
5A18 105 18.447 0.1827 0.3047
5A18 106 11.475 0.2715 0.4141
5A18 107 11.189 0.1263 0.3047
5A18 108 8.877 0.3259 0.5469
5A18 109 13.571 0.1866 0.3125
5A18 110 12.023 0.2582 0.4219
5A18 111 10.702 0.2317 0.4219
5A18 112 7.602 0.2651 0.4531
5A18 113 17.809 0.1694 0.2969
5A18 114 8.122 0.2532 0.4219
5A18 115 12.823 0.2611 0.4609
5A18 116 7.641 0.2440 0.4297
5A18 117 11.056 0.2477 0.4219
5A18 118 5.884 0.2910 0.5234
5A18 119 13.683 0.2422 0.3984
5A18 120 10.215 0.2621 0.4297
5A18 121 10.465 0.2056 0.3516
5A18 122 10.506 0.2700 0.4688
5A18 123 18.726 0.1527 0.3047
5A18 124 5.712 0.2463 0.4922
5A18 125 9.650 0.2780 0.4688
5A18 126 10.254 0.2774 0.4375
5A18 127 12.265 0.2955 0.4609
5A18 128 11.373 0.2461 0.3984
5A18 129 14.267 0.2296 0.3906
5A18 130 8.071 0.2780 0.4922
5A18 131 15.450 0.1186 0.2266
5A18 132 12.190 0.2257 0.4141
5A18 133 12.670 0.2216 0.3750
5A18 134 15.254 0.2028 0.3125
5A18 135 14.035 0.2201 0.3672
5A18 136 18.502 0.1398 0.2969
5A18 137 14.007 0.1423 0.2578
5A18 138 13.671 0.1862 0.3281
5A18 139 9.676 0.2559 0.4531
5A18 140 14.705 0.3287 0.5234
5A18 141 9.102 0.1472 0.3359
5A18 142 13.462 0.2526 0.4063
5A18 143 17.218 0.2806 0.4453
5A18 144 7.802 0.1850 0.3828
5A18 145 13.218 0.1680 0.3047
5A18 146 14.248 0.2652 0.4141
5A18 147 12.047 0.1497 0.2969
5A18 148 11.564 0.2512 0.4375
5A18 149 8.523 0.2507 0.4453
5A18 150 9.446 0.2130 0.3906
5A18 151 6.888 0.2174 0.4375
5A18 152 12.230 0.2540 0.4063
5A18 153 12.636 0.1635 0.3047
5A18 154 9.925 0.2383 0.3516
5A18 155 10.321 0.2527 0.4375
5A18 156 16.561 0.2250 0.3828
5A18 157 13.786 0.3009 0.4688
5A18 158 9.627 0.1948 0.3594
5A18 159 6.179 0.3171 0.5859
5A18 160 10.952 0.2532 0.4219
5A18 161 7.897 0.2362 0.4375
5A18 162 11.324 0.1546 0.2891
5A18 163 14.561 0.1788 0.3203
5A18 164 8.566 0.2563 0.4375
5A18 165 16.913 0.2565 0.3984
5A18 166 8.699 0.2594 0.4453
5A18 167 8.625 0.2665 0.4453
5A18 168 7.304 0.2632 0.4844
5A18 169 6.373 0.2707 0.5078
5A18 170 11.025 0.2342 0.4375
5A18 171 17.077 0.1745 0.3047
5A18 172 12.661 0.2409 0.4063
5A18 173 14.540 0.2637 0.3984
5A18 174 11.675 0.1471 0.2813
5A18 175 19.247 0.1520 0.2891
5A18 176 11.238 0.1873 0.3828
5A18 177 15.061 0.1206 0.3047
5A18 178 11.675 0.1626 0.3594
5A18 179 13.437 0.2305 0.3906
5A18 180 10.494 0.1616 0.3047
5A18 181 11.372 0.1549 0.2891
5A18 182 16.665 0.1403 0.2578
5A18 183 15.009 0.2425 0.3828
5A18 184 10.234 0.2132 0.3672
5A18 185 11.453 0.2631 0.3984
5A18 186 13.726 0.1801 0.2969
5A18 187 10.845 0.2524 0.4219
5A18 188 7.927 0.2477 0.4219
5A18 189 13.921 0.2430 0.4297
5A18 190 7.984 0.2519 0.4375
5A18 191 10.227 0.2578 0.4219
5A18 192 13.621 0.2219 0.3828
5A18 193 9.932 0.2356 0.4063
5A18 194 7.789 0.2291 0.4375
5A18 195 7.844 0.2476 0.4375
5A18 196 9.340 0.2783 0.4766
5A18 197 11.493 0.2347 0.3984
5A18 198 13.003 0.2548 0.3984
5A18 199 9.034 0.2469 0.4453
5A18 200 12.172 0.3074 0.4766
5A18 201 8.297 0.2772 0.4688
5A18 202 10.321 0.2453 0.4141
5A18 203 8.012 0.2524 0.4141
5A18 204 10.976 0.2445 0.4063
5A18 205 13.013 0.2374 0.4375
5A18 206 8.299 0.2461 0.4531
5A18 207 8.174 0.2599 0.4297
5A18 208 9.195 0.2588 0.4531
5A18 209 9.427 0.2750 0.4375
5A18 210 9.043 0.2385 0.3906
5A18 211 12.350 0.1341 0.2344
5A18 212 13.860 0.1664 0.3047
5A18 213 16.850 0.1291 0.2188
5A18 214 17.092 0.1483 0.2969
5A18 215 17.770 0.1279 0.2813
5A18 216 17.748 0.1487 0.2656
5A18 217 14.501 0.2559 0.4297
5A18 218 14.323 0.1017 0.2344
5A18 219 13.708 0.1782 0.2969
5A18 220 11.599 0.2421 0.3984
5A18 221 10.130 0.1422 0.3281
5A18 222 10.565 0.2854 0.5156
5A18 223 17.099 0.2234 0.3203
5A18 224 14.192 0.2490 0.3750
5A18 225 11.267 0.2716 0.4453
5A18 226 10.679 0.2210 0.3516
5A18 227 12.517 0.2107 0.3750
5A18 228 12.797 0.1793 0.2656
5A18 229 13.079 0.2221 0.3750
5A18 230 13.100 0.2574 0.4219
5A18 231 13.948 0.2206 0.3750
5A18 232 12.792 0.2562 0.4063
5A18 233 12.068 0.2242 0.3594
5A18 234 16.305 0.2040 0.3438
5A18 235 11.560 0.2840 0.4453
5A18 236 10.980 0.2386 0.3984
5A18 237 16.771 0.2207 0.3125
5A18 238 12.755 0.2438 0.3984
5A18 239 12.694 0.2853 0.4297
5A18 240 9.237 0.2281 0.4063
5A18 241 9.730 0.2675 0.4219
5A18 242 16.936 0.1969 0.3203
5A18 243 8.418 0.2191 0.4453
5A18 244 10.784 0.2483 0.4141
5A18 245 15.403 0.2531 0.4375
5A18 246 11.568 0.2402 0.3906
5A18 247 9.892 0.2449 0.4609
5A18 248 7.587 0.2733 0.4688
5A18 249 12.593 0.2320 0.3828
5A18 250 6.818 0.3097 0.5156
5A18 251 17.216 0.2559 0.3906
5A18 252 18.155 0.1545 0.2969
5A18 253 11.416 0.2819 0.4766
5A18 254 10.640 0.1187 0.2969
5A18 255 10.389 0.1486 0.3594
5A18 256 10.892 0.2053 0.3203
5A18 257 11.777 0.2573 0.4219
5A18 258 14.126 0.2201 0.3828
5A18 259 15.892 0.1525 0.2813
5A18 260 11.741 0.2610 0.3984
5A18 261 16.893 0.1952 0.3125
5A18 262 12.749 0.3127 0.5313
5A18 263 8.569 0.2579 0.4141
5A18 264 12.720 0.1467 0.2578
5A18 265 10.191 0.2560 0.4688
5A18 266 15.663 0.2571 0.4141
5A18 267 11.762 0.2519 0.4063
5A18 268 12.139 0.2898 0.4844
5A18 269 12.238 0.2435 0.3906
5A18 270 15.096 0.1292 0.2578
5A18 271 5.419 0.2493 0.4922
5A18 272 18.123 0.1487 0.2500
5A18 273 13.926 0.2290 0.4219
5A18 274 9.763 0.2389 0.3906
5A18 275 8.052 0.2474 0.4297
5A18 276 4.820 0.2692 0.5469
5A18 277 5.151 0.2952 0.5625
5A18 278 12.301 0.2992 0.4219
5A18 279 8.714 0.2566 0.4219
5A18 280 10.490 0.2569 0.4063
5A18 281 10.173 0.2732 0.4453
5A18 282 8.583 0.2605 0.4609
5A18 283 11.576 0.2636 0.4219
5A18 284 9.377 0.2468 0.3984
5A18 285 7.923 0.2577 0.4141
5A18 286 9.750 0.2518 0.4063
5A18 287 8.735 0.2514 0.4141
5A18 288 6.166 0.2529 0.4922
5A18 289 10.028 0.2583 0.4375
5A18 290 6.971 0.2447 0.4688
5A18 291 10.893 0.1251 0.3047
5A18 292 13.073 0.1716 0.3125
5A18 293 9.175 0.1645 0.2969
5A18 294 17.789 0.2380 0.3750
5A18 295 13.997 0.1210 0.2578
5A18 296 12.585 0.2565 0.4063
5A18 297 15.697 0.1308 0.2813
5A18 298 12.503 0.2264 0.3984
5A18 299 14.947 0.2469 0.4063
5A18 300 11.755 0.2952 0.5078
5A18 301 16.510 0.1884 0.3125
5A18 302 12.808 0.2378 0.4219
5A18 303 13.762 0.2564 0.4453
5A18 304 5.317 0.3274 0.5859
5A18 305 11.203 0.2518 0.4219
5A18 306 16.712 0.2859 0.4219
5A18 307 17.778 0.1488 0.2813
5A18 308 13.439 0.2844 0.4609
5A18 309 9.266 0.2387 0.4219
5A18 310 14.294 0.2578 0.4063
5A18 311 12.315 0.2586 0.4141
5A18 312 5.722 0.3525 0.5781
5A18 313 8.848 0.2932 0.4531
5A18 314 13.208 0.2332 0.3984
5A18 315 6.177 0.2656 0.4688
5A18 316 8.363 0.2193 0.3750
5A18 317 14.040 0.2343 0.3594
5A18 318 8.302 0.2476 0.4219
5A18 319 17.633 0.2836 0.4766
5A18 320 10.215 0.2743 0.4219
5A18 321 6.920 0.2403 0.4453
5A18 322 6.486 0.2339 0.4453
5A18 323 4.715 0.3247 0.5781
5A18 324 8.321 0.2569 0.4688
5A18 325 10.882 0.1791 0.3516
5A18 326 16.443 0.2432 0.4063
5A18 327 13.154 0.2927 0.4688
5A18 328 10.698 0.2673 0.4922
5A18 329 10.616 0.2933 0.5000
5A18 330 7.421 0.2725 0.4688
5A18 331 18.054 0.1063 0.1563
5A18 332 14.426 0.1373 0.2344
5A18 333 13.188 0.1220 0.2266
5A18 334 18.406 0.0950 0.2109
5A18 335 11.386 0.3111 0.4688
5A18 336 12.387 0.1149 0.2578
5A18 337 11.461 0.1926 0.3203
5A18 338 8.560 0.1493 0.3281
5A18 339 11.286 0.1820 0.3281
5A18 340 13.396 0.2904 0.4375
5A18 341 11.206 0.2551 0.3750
5A18 342 11.076 0.2344 0.3828
5A18 343 16.271 0.2522 0.4141
5A18 344 13.476 0.2336 0.3828
5A18 345 8.863 0.2146 0.3984
5A18 346 13.188 0.1609 0.3203
5A18 347 17.112 0.1739 0.3281
5A18 348 8.246 0.2497 0.4844
5A18 349 9.349 0.2573 0.4219
5A18 350 19.889 0.2248 0.3750
5A18 351 11.256 0.2278 0.3906
5A18 352 7.849 0.2724 0.4531
5A18 353 10.693 0.2712 0.4141
5A18 354 8.400 0.2621 0.4844
5A18 355 14.401 0.1672 0.3125
5A18 356 14.466 0.2364 0.3672
5A18 357 10.789 0.3131 0.4922
5A18 358 8.578 0.2566 0.4219
5A18 359 15.414 0.2376 0.3828
5A18 360 10.984 0.2747 0.4609
5A18 361 7.631 0.2583 0.4375
5A18 362 7.181 0.2565 0.4453
5A18 363 11.647 0.1702 0.3359
5A18 364 13.714 0.2288 0.3984
5A18 365 11.660 0.2625 0.4141
5A18 366 8.694 0.2684 0.4375
5A18 367 9.502 0.2771 0.4609
5A18 368 9.515 0.2817 0.4844
5A18 369 14.924 0.2937 0.4297
5A18 370 9.061 0.2599 0.4219
5A18 371 12.860 0.1696 0.3047
5A18 372 15.524 0.1777 0.2578
5A18 373 18.445 0.1605 0.2266
5A18 374 10.891 0.1722 0.2813
5A18 375 11.173 0.3184 0.5391
5A18 376 14.031 0.2250 0.3828
5A18 377 10.218 0.1351 0.2656
5A18 378 12.494 0.1473 0.3047
5A18 379 12.873 0.2169 0.3828
5A18 380 18.105 0.1558 0.3047
5A18 381 12.509 0.2002 0.3516
5A18 382 14.058 0.2649 0.3984
5A18 383 14.391 0.2662 0.3828
5A18 384 12.113 0.1340 0.2578
5A18 385 8.422 0.2513 0.4844
5A18 386 7.759 0.2440 0.4375
5A18 387 14.979 0.2156 0.3125
5A18 388 8.455 0.2610 0.4688
5A18 389 15.196 0.2108 0.3672
5A18 390 9.498 0.2701 0.4609
5A18 391 10.648 0.2421 0.4531
5A18 392 11.831 0.2573 0.4063
5A18 393 9.279 0.2415 0.3906
5A18 394 10.125 0.2218 0.3984
5A18 395 13.173 0.2646 0.4531
5A18 396 12.308 0.2691 0.4375
5A18 397 16.008 0.2444 0.3906
5A18 398 9.451 0.2662 0.4375
5A18 399 7.105 0.2786 0.4922
5A18 400 8.563 0.2731 0.4453
5A18 401 10.526 0.3111 0.5078
5A18 402 13.238 0.2463 0.3984
5A18 403 10.400 0.2782 0.4609
5A18 404 9.877 0.2599 0.4609
5A18 405 8.735 0.2782 0.4297
5A18 406 14.561 0.2758 0.4297
5A18 407 8.956 0.2641 0.4531
5A18 408 13.992 0.2459 0.4063
5A18 409 14.774 0.2797 0.4609
5A18 410 7.477 0.2537 0.4297
5A18 411 1.165 0.6853 0.9063
5A18 412 1.514 0.5685 0.8281
5A18 413 1.871 0.5163 0.7891
5A18 414 2.096 0.4691 0.7500
5A18 415 2.007 0.4749 0.7500
5A18 416 2.011 0.4810 0.7578
5A18 417 1.976 0.4930 0.7813
5A18 418 1.934 0.5025 0.7813
5A18 419 1.937 0.5033 0.7813
5A18 420 1.950 0.4994 0.7813
5A18 421 1.951 0.4982 0.7813
5A18 422 1.969 0.4942 0.7813
5A18 423 1.974 0.4909 0.7813
5A18 424 1.952 0.4974 0.7813
5A18 425 1.952 0.4968 0.7813
5A18 426 1.964 0.4936 0.7813
5A18 427 1.956 0.4973 0.7813
5A18 428 1.956 0.4971 0.7813
5A18 429 1.963 0.4954 0.7813
5A18 430 1.964 0.4931 0.7813
5A18 431 1.944 0.5012 0.7813
5A18 432 1.936 0.5011 0.7813
5A18 433 1.928 0.5018 0.7813
5A18 434 1.956 0.4980 0.7813
5A18 435 1.956 0.4985 0.7891
5A18 436 1.956 0.4980 0.7813
5A18 437 1.958 0.4971 0.7813
5A18 438 1.968 0.4951 0.7813
5A18 439 1.978 0.4878 0.7734
5A18 440 1.977 0.4878 0.7813
5A18 441 1.981 0.4918 0.7734
5A18 442 1.997 0.4835 0.7734
5A18 443 1.997 0.4821 0.7656
5A18 444 1.996 0.4802 0.7656
5A18 445 1.983 0.4890 0.7813
5A18 446 1.973 0.4932 0.7813
5A18 447 1.973 0.4883 0.7734
5A18 448 1.993 0.4842 0.7734
5A18 449 1.972 0.4921 0.7734
5A18 450 1.989 0.4853 0.7734
5A18 451 1.989 0.4862 0.7656
5A18 452 1.967 0.4930 0.7734
5A18 453 1.968 0.4886 0.7734
5A18 454 1.966 0.4926 0.7813
5A18 455 1.986 0.4838 0.7656
5A18 456 1.992 0.4877 0.7813
5A18 457 1.983 0.4846 0.7578
5A18 458 1.959 0.4972 0.7891
5A18 459 1.980 0.4921 0.7734
5A18 460 2.013 0.4804 0.7734
5A18 461 2.010 0.4880 0.7734
5A18 462 2.050 0.4775 0.7656
5A18 463 2.008 0.4863 0.7656
5A18 464 1.993 0.4924 0.7813
5A18 465 1.966 0.5013 0.7656
5A18 466 1.981 0.4943 0.7656
5A18 467 2.013 0.4880 0.7734
5A18 468 2.053 0.4769 0.7656
5A18 469 1.991 0.4877 0.7656
5A18 470 1.977 0.4900 0.7656
5A18 471 1.988 0.4830 0.7656
5A18 472 2.045 0.4718 0.7500
5A18 473 2.085 0.4631 0.7500
5A18 474 2.106 0.4516 0.7500
5A18 475 2.084 0.4601 0.7422
5A18 476 2.139 0.4448 0.7422
5A18 477 2.127 0.4462 0.7344
5A18 478 2.194 0.4407 0.7422
5A18 479 2.153 0.4454 0.7422
5A18 480 2.210 0.4407 0.7578
5A18 481 2.224 0.4332 0.7422
5A18 482 2.271 0.4208 0.7344
5A18 483 2.212 0.4332 0.7500
5A18 484 2.216 0.4338 0.7344
5A18 485 2.222 0.4460 0.7422
5A18 486 2.181 0.4458 0.7500
5A18 487 2.222 0.4377 0.7422
5A18 488 2.182 0.4349 0.7422
5A18 489 2.185 0.4575 0.7656
5A18 490 2.183 0.4426 0.7422
5A18 491 2.145 0.4474 0.7422
5A18 492 2.170 0.4401 0.7422
5A18 493 2.171 0.4398 0.7500
5A18 494 2.183 0.4460 0.7500
5A18 495 2.277 0.4363 0.7344
5A18 496 2.205 0.4463 0.7422
5A18 497 2.203 0.4454 0.7422
5A18 498 2.218 0.4388 0.7422
5A18 499 2.179 0.4365 0.7500
5A18 500 2.189 0.4498 0.7500
5A18 501 2.231 0.4321 0.7422
5A18 502 2.187 0.4485 0.7578
5A18 503 2.201 0.4409 0.7500
5A18 504 2.108 0.4462 0.7500
5A18 505 2.148 0.4398 0.7500
5A18 506 2.127 0.4373 0.7578
5A18 507 2.299 0.4309 0.7266
5A18 508 2.270 0.4087 0.7266
5A18 509 2.299 0.4126 0.7266
5A18 510 2.375 0.3939 0.7266
5A18 511 2.319 0.4196 0.7188
5A18 512 2.344 0.4121 0.7266
5A18 513 2.391 0.4005 0.7344
5A18 514 2.318 0.4021 0.7266
5A18 515 2.386 0.4039 0.7344
5A18 516 2.304 0.4022 0.7344
5A18 517 2.277 0.4006 0.7266
5A18 518 2.272 0.4025 0.7422
5A18 519 2.344 0.4046 0.7266
5A18 520 2.325 0.4133 0.7422
5A18 521 2.340 0.4113 0.7344
5A18 522 2.393 0.4164 0.7344
5A18 523 2.249 0.4214 0.7344
5A18 524 2.415 0.4056 0.7266
5A18 525 2.425 0.4129 0.7266
5A18 526 2.407 0.4115 0.7344
5A18 527 2.313 0.4233 0.7344
5A18 528 2.318 0.4238 0.7422
5A18 529 2.312 0.4332 0.7422
5A18 530 2.367 0.4288 0.7344
5A18 531 2.415 0.4261 0.7344
5A18 532 2.538 0.4111 0.7266
5A18 533 2.504 0.4120 0.7344
5A18 534 2.398 0.4194 0.7344
5A18 535 2.466 0.4027 0.7188
5A18 536 2.466 0.4063 0.7266
5A18 537 2.427 0.4148 0.7344
5A18 538 2.364 0.4109 0.7266
5A18 539 2.528 0.3944 0.7109
5A18 540 2.643 0.3828 0.7109
5A18 541 2.585 0.3892 0.7266
5A18 542 2.370 0.4159 0.7344
5A18 543 2.359 0.4279 0.7500
5A18 544 2.432 0.4027 0.7266
5A18 545 2.451 0.4088 0.7188
5A18 546 2.418 0.4007 0.7266
5A18 547 2.501 0.4105 0.7344
5A18 548 2.450 0.4096 0.7344
5A18 549 2.345 0.4191 0.7344
5A18 550 2.306 0.4332 0.7422
5A18 551 2.301 0.4446 0.7578
5A18 552 2.418 0.4241 0.7500
5A18 553 2.336 0.4228 0.7188
5A18 554 2.351 0.4315 0.7344
5A18 555 2.576 0.4239 0.7344
5A18 556 2.620 0.4211 0.7266
5A18 557 2.586 0.4154 0.7344
5A18 558 2.607 0.4055 0.7188
5A18 559 2.582 0.4132 0.7266
5A18 560 2.515 0.4158 0.7344
5A18 561 2.530 0.4257 0.7344
5A18 562 2.619 0.4001 0.7109
5A18 563 2.642 0.4132 0.7188
5A18 564 2.739 0.3992 0.7031
5A18 565 2.552 0.4266 0.7500
5A18 566 2.531 0.4202 0.7109
5A18 567 2.502 0.4041 0.7109
5A18 568 2.439 0.4231 0.7188
5A18 569 2.503 0.4176 0.7266
5A18 570 2.511 0.4153 0.7188
5A18 571 2.447 0.4277 0.7344
5A18 572 2.507 0.4178 0.7344
5A18 573 2.401 0.4304 0.7422
5A18 574 2.418 0.4189 0.7266
5A18 575 2.434 0.4172 0.7266
5A18 576 2.531 0.4072 0.7188
5A18 577 2.488 0.4149 0.7266
5A18 578 2.509 0.4184 0.7188
5A18 579 2.396 0.4273 0.7500
5A18 580 2.272 0.4396 0.7500
5A18 581 2.383 0.4214 0.7422
5A18 582 2.392 0.4190 0.7344
5A18 583 2.412 0.4189 0.7344
5A18 584 2.405 0.4268 0.7344
5A18 585 2.315 0.4264 0.7422
5A18 586 2.353 0.4317 0.7344
5A18 587 2.428 0.4029 0.7188
5A18 588 2.390 0.4177 0.7266
5A18 589 2.309 0.4109 0.7266
5A18 590 2.397 0.4211 0.7109
5A18 591 2.272 0.4319 0.7344
5A18 592 2.281 0.4374 0.7500
5A18 593 2.375 0.4398 0.7422
5A18 594 2.275 0.4334 0.7578
5A18 595 2.302 0.4446 0.7578
5A18 596 2.350 0.4421 0.7500
5A18 597 2.264 0.4663 0.7578
5A18 598 2.297 0.4444 0.7500
5A18 599 2.419 0.4456 0.7578
5A18 600 2.308 0.4324 0.7422
5A18 601 2.403 0.4241 0.7344
5A18 602 2.434 0.4187 0.7266
5A18 603 2.424 0.4331 0.7266
5A18 604 2.352 0.4237 0.7422
5A18 605 2.433 0.4226 0.7344
5A18 606 2.321 0.4346 0.7422
5A18 607 2.352 0.4300 0.7500
5A18 608 2.344 0.4489 0.7656
5A18 609 2.375 0.4191 0.7344
5A18 610 2.352 0.4229 0.7344
5A18 611 2.349 0.4188 0.7422
5A18 612 2.645 0.4052 0.7031
5A18 613 2.578 0.3985 0.6953
5A18 614 2.423 0.4166 0.7266
5A18 615 2.408 0.4108 0.7188
5A18 616 2.468 0.4079 0.7031
5A18 617 2.474 0.4047 0.7031
5A18 618 2.468 0.4095 0.7109
5A18 619 2.549 0.3972 0.6875
5A18 620 2.551 0.4196 0.7188
5A18 621 2.493 0.4067 0.7031
5A18 622 2.518 0.4055 0.7109
5A18 623 2.401 0.4175 0.7344
5A18 624 2.218 0.4320 0.7344
5A18 625 2.461 0.4056 0.7109
5A18 626 2.427 0.4164 0.7344
5A18 627 2.380 0.4078 0.7266
5A18 628 2.481 0.4008 0.7188
5A18 629 2.467 0.4144 0.7344
5A18 630 2.578 0.4121 0.7109
5A18 631 2.517 0.4190 0.7266
5A18 632 2.398 0.4184 0.7188
5A18 633 2.398 0.4182 0.7109
5A18 634 2.642 0.3939 0.6953
5A18 635 2.624 0.3807 0.6875
5A18 636 2.550 0.3952 0.6875
5A18 637 2.493 0.4027 0.7109
5A18 638 2.614 0.3934 0.6953
5A18 639 2.405 0.4053 0.7109
5A18 640 2.496 0.4096 0.7266
5A18 641 2.451 0.4083 0.7109
5A18 642 2.582 0.3854 0.6953
5A18 643 2.574 0.3819 0.6797
5A18 644 2.593 0.3922 0.6797
5A18 645 2.441 0.4064 0.7031
5A18 646 2.446 0.4034 0.6953
5A18 647 2.383 0.4035 0.7109
5A18 648 2.402 0.4047 0.7188
5A18 649 2.466 0.4035 0.7188
5A18 650 2.404 0.4162 0.7109
5A18 651 2.476 0.4022 0.7188
5A18 652 2.601 0.3874 0.7031
5A18 653 2.537 0.3864 0.7109
5A18 654 2.523 0.3977 0.7266
5A18 655 2.569 0.3935 0.7031
5A18 656 2.417 0.3906 0.6953
5A18 657 2.406 0.4147 0.7188
5A18 658 2.479 0.4030 0.7188
5A18 659 2.358 0.4158 0.7109
5A18 660 2.530 0.3986 0.7266
5A18 661 2.515 0.3869 0.6953
5A18 662 2.519 0.3874 0.7109
5A18 663 2.513 0.3889 0.7109
5A18 664 2.537 0.3844 0.7266
5A18 665 2.417 0.4096 0.7188
5A18 666 2.633 0.3741 0.7109
5A18 667 2.619 0.3851 0.6953
5A18 668 2.499 0.3922 0.7266
5A18 669 2.748 0.3716 0.7188
5A18 670 2.629 0.3802 0.7188
5A18 671 2.625 0.3819 0.7188
5A18 672 2.646 0.3912 0.7266
5A18 673 2.556 0.4036 0.7344
5A18 674 2.489 0.4007 0.7188
5A18 675 2.570 0.3883 0.7188
5A18 676 2.591 0.3973 0.7344
5A18 677 2.536 0.4084 0.7188
5A18 678 2.435 0.4239 0.7266
5A18 679 2.586 0.3903 0.7266
5A18 680 2.508 0.3940 0.7031
5A18 681 2.556 0.3862 0.7109
5A18 682 2.590 0.3783 0.7109
5A18 683 2.538 0.3915 0.7109
5A18 684 2.563 0.3934 0.7109
5A18 685 2.571 0.4043 0.7266
5A18 686 2.673 0.3820 0.7031
5A18 687 2.455 0.3969 0.7266
5A18 688 2.458 0.4067 0.7188
5A18 689 2.573 0.3933 0.7188
5A18 690 2.507 0.4090 0.7266
5A18 691 2.668 0.3962 0.7188
5A18 692 2.567 0.4104 0.7109
5A18 693 2.684 0.3792 0.6953
5A18 694 2.579 0.3910 0.7109
5A18 695 2.497 0.4067 0.7266
5A18 696 2.447 0.4087 0.7344
5A18 697 2.559 0.4024 0.7188
5A18 698 2.574 0.4106 0.7188
5A18 699 2.615 0.3704 0.7031
5A18 700 2.655 0.3787 0.7109
5A18 701 2.609 0.3738 0.7031
5A18 702 2.555 0.3905 0.7266
5A18 703 2.662 0.3628 0.7109
5A18 704 2.561 0.4110 0.7266
5A18 705 2.456 0.4203 0.7266
5A18 706 2.401 0.4076 0.7266
5A18 707 2.584 0.4004 0.7344
5A18 708 2.589 0.4102 0.7188
5A18 709 2.463 0.4102 0.7266
5A18 710 2.441 0.4016 0.7109
5A18 711 2.526 0.4183 0.7344
5A18 712 2.701 0.4050 0.7266
5A18 713 2.732 0.3938 0.7031
5A18 714 2.497 0.3976 0.7188
5A18 715 2.637 0.3777 0.7109
5A18 716 2.654 0.3841 0.7188
5A18 717 2.508 0.4124 0.7344
5A18 718 2.529 0.4022 0.7266
5A18 719 2.702 0.3826 0.7031
5A18 720 2.519 0.3954 0.7188
5A18 721 2.512 0.4079 0.7344
5A18 722 2.493 0.4176 0.7266
5A18 723 2.521 0.4085 0.7266
5A18 724 2.643 0.4000 0.7031
5A18 725 2.431 0.4245 0.7266
5A18 726 2.459 0.3995 0.7344
5A18 727 2.551 0.3989 0.7109
5A18 728 2.485 0.4134 0.7188
5A18 729 2.466 0.4009 0.7188
5A18 730 2.425 0.4265 0.7500
5A18 731 2.521 0.3913 0.7266
5A18 732 2.594 0.3864 0.7188
5A18 733 2.703 0.3656 0.6875
5A18 734 2.598 0.4106 0.7266
5A18 735 2.310 0.4280 0.7422
5A18 736 2.582 0.3975 0.7266
5A18 737 2.563 0.3972 0.7109
5A18 738 2.701 0.3812 0.7109
5A18 739 2.548 0.4075 0.7266
5A18 740 2.311 0.4208 0.7266
5A18 741 2.443 0.4063 0.7344
5A18 742 2.679 0.3988 0.6953
5A18 743 2.569 0.3834 0.7266
5A18 744 2.434 0.4225 0.7422
5A18 745 2.518 0.4139 0.7344
5A18 746 2.428 0.4241 0.7266
5A18 747 2.513 0.4061 0.7266
5A18 748 2.549 0.3849 0.7266
5A18 749 2.466 0.4009 0.7188
5A18 750 2.499 0.4343 0.7422
5A18 751 2.580 0.3953 0.7266
5A18 752 2.299 0.4347 0.7344
5A18 753 2.374 0.4163 0.7266
5A18 754 2.573 0.4069 0.7266
5A18 755 2.627 0.4092 0.7188
5A18 756 2.439 0.4150 0.7344
5A18 757 2.366 0.4026 0.7188
5A18 758 2.408 0.4142 0.7344
5A18 759 2.546 0.3971 0.7188
5A18 760 2.579 0.4069 0.7266
5A18 761 2.501 0.3990 0.7422
5A18 762 2.501 0.4095 0.7188
5A18 763 2.518 0.4337 0.7266
5A18 764 2.671 0.4059 0.7109
5A18 765 2.493 0.4002 0.7422
5A18 766 2.510 0.3820 0.7031
5A18 767 2.482 0.4032 0.7344
5A18 768 2.419 0.4081 0.7422
5A18 769 2.296 0.4219 0.7266
5A18 770 2.656 0.4209 0.7266
5A18 771 2.339 0.3995 0.7266
5A18 772 2.368 0.3997 0.7266
5A18 773 2.609 0.3898 0.7031
5A18 774 2.616 0.3830 0.7109
5A18 775 2.361 0.4292 0.7266
5A18 776 2.758 0.3855 0.7188
5A18 777 2.604 0.3926 0.7109
5A18 778 2.681 0.3767 0.7109
5A18 779 2.680 0.4112 0.7188
5A18 780 2.530 0.3879 0.7188
5A18 781 2.675 0.4068 0.7109
5A18 782 2.717 0.3942 0.7031
5A18 783 2.713 0.4186 0.7109
5A18 784 2.791 0.3659 0.6875
5A18 785 2.703 0.3698 0.6875
5A18 786 2.516 0.3967 0.7109
5A18 787 2.502 0.4290 0.7266
5A18 788 2.597 0.3914 0.7031
5A18 789 2.538 0.4177 0.7266
5A18 790 2.591 0.3787 0.6875
5A18 791 2.932 0.4038 0.6953
5A18 792 2.807 0.4196 0.7109
5A18 793 2.686 0.4140 0.7188
5A18 794 2.626 0.3851 0.6719
5A18 795 2.515 0.4068 0.7188
5A18 796 2.584 0.4202 0.7109
5A18 797 2.559 0.4204 0.7344
5A18 798 2.493 0.3869 0.6953
5A18 799 2.249 0.4385 0.7500
5A18 800 2.544 0.4022 0.7188
5A18 801 2.491 0.4100 0.7188
5A18 802 2.522 0.4086 0.6953
5A18 803 2.479 0.3956 0.6953
5A18 804 2.483 0.3973 0.7266
5A18 805 2.303 0.4210 0.7188
5A18 806 2.392 0.4187 0.7109
5A18 807 2.801 0.3666 0.6797
5A18 808 2.911 0.3758 0.6719
5A18 809 2.504 0.4053 0.7109
5A18 810 2.660 0.3739 0.7031
5A18 811 2.569 0.4088 0.7188
5A18 812 2.647 0.3780 0.6953
5A18 813 2.639 0.3748 0.7109
5A18 814 2.424 0.4021 0.7188
5A18 815 2.436 0.3956 0.7188
5A18 816 2.316 0.4300 0.7266
5A18 817 2.501 0.4054 0.7266
5A18 818 2.630 0.3724 0.7109
5A18 819 2.507 0.4249 0.7422
5A18 820 2.392 0.4193 0.7344
5A18 821 2.520 0.3923 0.7109
5A18 822 2.670 0.3846 0.7188
5A18 823 2.623 0.3860 0.7109
5A18 824 2.595 0.3937 0.7109
5A18 825 2.360 0.4053 0.7344
5A18 826 2.555 0.3901 0.7266
5A18 827 2.516 0.4569 0.7500
5A18 828 2.461 0.4397 0.7422
5A18 829 2.615 0.3948 0.7031
5A18 830 2.708 0.3518 0.7188
5A18 831 2.670 0.3685 0.7031
5A18 832 2.374 0.4239 0.7266
5A18 833 2.388 0.4078 0.7188
5A18 834 2.513 0.4047 0.7266
5A18 835 2.506 0.4254 0.7422
5A18 836 2.735 0.3799 0.7109
5A18 837 2.551 0.4005 0.7031
5A18 838 2.541 0.3923 0.7188
5A18 839 2.423 0.4542 0.7500
5A18 840 2.487 0.4338 0.7500
5A18 841 2.452 0.4047 0.7266
5A18 842 2.452 0.4038 0.7109
5A18 843 2.753 0.3818 0.7031
5A18 844 3.079 0.3385 0.6406
5A18 845 2.540 0.3652 0.7031
5A18 846 2.736 0.3501 0.6953
5A18 847 2.636 0.4033 0.7109
5A18 848 2.803 0.3517 0.6875
5A18 849 2.605 0.3701 0.7031
5A18 850 2.691 0.3685 0.6875
5A18 851 2.574 0.3787 0.7031
5A18 852 2.616 0.3871 0.7031
5A18 853 2.455 0.4095 0.7109
5A18 854 2.543 0.3733 0.7031
5A18 855 2.654 0.3935 0.7031
5A18 856 2.687 0.3713 0.6953
5A18 857 2.585 0.3964 0.7109
5A18 858 2.764 0.3821 0.6875
5A18 859 2.616 0.3685 0.7031
5A18 860 2.655 0.3718 0.6875
5A18 861 2.786 0.3403 0.6797
5A18 862 2.543 0.3660 0.6875
5A18 863 2.437 0.3775 0.7109
5A18 864 2.455 0.3659 0.6953
5A18 865 2.677 0.3692 0.6953
5A18 866 2.379 0.3918 0.7109
5A18 867 2.504 0.4030 0.6953
5A18 868 2.637 0.3899 0.7109
5A18 869 2.790 0.3819 0.6875
5A18 870 2.802 0.3467 0.6719
5A18 871 2.745 0.4044 0.7109
5A18 872 2.499 0.3836 0.7188
5A18 873 2.407 0.4094 0.7266
5A18 874 2.783 0.3711 0.6875
5A18 875 2.737 0.3703 0.7031
5A18 876 2.632 0.4011 0.7109
5A18 877 2.578 0.3896 0.7188
5A18 878 2.655 0.3957 0.6953
5A18 879 2.690 0.3693 0.6875
5A18 880 2.602 0.3861 0.7031
5A18 881 2.803 0.3566 0.6953
5A18 882 2.705 0.3702 0.6875
5A18 883 2.511 0.3882 0.7031
5A18 884 2.621 0.3546 0.7031
5A18 885 2.452 0.3939 0.7266
5A18 886 2.411 0.3724 0.7109
5A18 887 2.531 0.3658 0.6953
5A18 888 2.503 0.3597 0.6797
5A18 889 2.542 0.3546 0.6953
5A18 890 2.592 0.3671 0.7031
5A18 891 2.540 0.3809 0.7109
5A18 892 2.592 0.3380 0.7031
5A18 893 2.488 0.3795 0.7188
5A18 894 2.545 0.3472 0.6875
5A18 895 2.504 0.3849 0.7109
5A18 896 2.259 0.4093 0.7188
5A18 897 2.511 0.3717 0.7188
5A18 898 2.459 0.3868 0.7109
5A18 899 2.552 0.3538 0.6875
5A18 900 2.411 0.3921 0.7188
5A18 901 2.765 0.3739 0.7031
5A18 902 2.678 0.3721 0.6875
5A18 903 2.600 0.3759 0.6875
5A18 904 2.599 0.3565 0.7031
5A18 905 2.331 0.3805 0.7109
5A18 906 2.404 0.4070 0.7109
5A18 907 2.434 0.3903 0.7188
5A18 908 2.421 0.3766 0.7031
5A18 909 2.416 0.3907 0.7188
5A18 910 2.519 0.3961 0.6953
5A18 911 2.562 0.3661 0.6875
5A18 912 2.569 0.3499 0.7031
5A18 913 2.415 0.3700 0.7266
5A18 914 2.415 0.3655 0.7031
5A18 915 2.383 0.3734 0.6875
5A18 916 2.395 0.3615 0.7188
5A18 917 2.438 0.3654 0.7109
5A18 918 2.324 0.3739 0.7109
5A18 919 2.541 0.3581 0.6953
5A18 920 2.522 0.3485 0.6797
5A18 921 2.498 0.3822 0.6953
5A18 922 2.452 0.3900 0.7031
5A18 923 2.319 0.3878 0.7109
5A18 924 2.370 0.4101 0.7266
5A18 925 2.493 0.3968 0.7109
5A18 926 2.335 0.4213 0.7344
5A18 927 2.349 0.4010 0.7266
5A18 928 2.405 0.3816 0.6953
5A18 929 2.229 0.4219 0.7266
5A18 930 2.365 0.3952 0.7266
5A18 931 2.201 0.4134 0.7266
5A18 932 2.235 0.3793 0.7031
5A18 933 2.339 0.3907 0.7344
5A18 934 2.399 0.3907 0.7109
5A18 935 2.695 0.3722 0.7031
5A18 936 2.637 0.3904 0.7031
5A18 937 2.558 0.3577 0.7109
5A18 938 2.486 0.3525 0.6953
5A18 939 2.619 0.3855 0.6953
5A18 940 2.687 0.3775 0.6953
5A18 941 2.653 0.4003 0.7266
5A18 942 2.417 0.4197 0.7344
5A18 943 2.164 0.4695 0.7578
5A18 944 2.472 0.4217 0.7344
5A18 945 2.656 0.3948 0.7344
5A18 946 2.392 0.3976 0.7266
5A18 947 2.153 0.4612 0.7578
5A18 948 2.332 0.4467 0.7344
5A18 949 2.478 0.4289 0.7266
5A18 950 2.458 0.4548 0.7422
5A18 951 2.701 0.3737 0.6797
5A18 952 2.583 0.3689 0.7188
5A18 953 2.303 0.3903 0.7344
5A18 954 2.085 0.4269 0.7344
5A18 955 2.310 0.4186 0.7266
5A18 956 2.269 0.3906 0.7266
5A18 957 2.363 0.4111 0.7266
5A18 958 2.333 0.4139 0.7188
5A18 959 2.550 0.3606 0.6875
5A18 960 2.311 0.3924 0.7266
5A18 961 2.307 0.4019 0.7344
5A18 962 2.382 0.3804 0.6953
5A18 963 2.439 0.4034 0.6953
5A18 964 2.459 0.3766 0.7188
5A18 965 2.275 0.4136 0.7266
5A18 966 2.526 0.3363 0.6797
5A18 967 2.429 0.3868 0.7266
5A18 968 2.257 0.4103 0.7266
5A18 969 2.266 0.3903 0.7188
5A18 970 2.449 0.3668 0.6875
5A18 971 2.335 0.4003 0.7266
5A18 972 2.313 0.4008 0.7109
5A18 973 2.346 0.3928 0.7266
5A18 974 2.376 0.4288 0.7500
5A18 975 2.253 0.4390 0.7266
5A18 976 2.385 0.3959 0.7266
5A18 977 2.542 0.3714 0.7031
5A18 978 2.782 0.3351 0.6563
5A18 979 2.459 0.3710 0.6953
5A18 980 2.231 0.3992 0.7500
5A18 981 2.263 0.3981 0.7500
5A18 982 2.439 0.4468 0.7344
5A18 983 2.413 0.4328 0.7344
5A18 984 2.371 0.3843 0.7266
5A18 985 2.259 0.4050 0.7188
5A18 986 2.510 0.3821 0.7109
5A18 987 2.539 0.3683 0.7109
5A18 988 2.476 0.3967 0.7031
5A18 989 2.655 0.3607 0.6641
5A18 990 2.368 0.3950 0.6875
5A18 991 2.566 0.3765 0.6797
5A18 992 2.616 0.3623 0.6719
5A18 993 2.613 0.3716 0.6641
5A18 994 2.592 0.3607 0.6875
5A18 995 2.433 0.3964 0.6953
5A18 996 2.566 0.3357 0.6719
5A18 997 2.551 0.3981 0.6875
5A18 998 2.529 0.3968 0.6953
5A18 999 2.330 0.3932 0.7109
5A18 1000 2.182 0.4016 0.7266
5A18 1001 2.423 0.3802 0.6953
5A18 1002 2.651 0.3774 0.6953
5A18 1003 2.664 0.3669 0.6875
5A18 1004 2.420 0.3959 0.6953
5A18 1005 2.207 0.4197 0.7344
5A18 1006 2.372 0.3913 0.6953
5A18 1007 2.852 0.3461 0.6641
5A18 1008 2.902 0.3274 0.6406
5A18 1009 2.414 0.3617 0.7031
5A18 1010 2.025 0.4218 0.7266
5A18 1011 2.152 0.4051 0.7109
5A18 1012 2.488 0.3530 0.6797
5A18 1013 2.525 0.3284 0.6797
5A18 1014 2.222 0.3834 0.6953
5A18 1015 2.355 0.3708 0.6797
5A18 1016 2.444 0.3328 0.6875
5A18 1017 2.336 0.3468 0.6719
5A18 1018 2.262 0.3535 0.6875
5A18 1019 2.206 0.4167 0.7188
5A18 1020 2.480 0.3585 0.6797
5A18 1021 2.338 0.3982 0.7031
5A18 1022 2.381 0.3626 0.6797
5A18 1023 2.387 0.3629 0.6875
5A18 1024 2.239 0.4033 0.7109
5A18 1025 2.249 0.3944 0.6953
5A18 1026 2.429 0.3599 0.6719
5A18 1027 2.388 0.3580 0.6875
5A18 1028 2.516 0.3445 0.6641
5A18 1029 2.195 0.4003 0.7109
5A18 1030 2.247 0.4090 0.7109
5A18 1031 2.269 0.3962 0.6953
5A18 1032 2.515 0.3528 0.6719
5A18 1033 2.556 0.3721 0.6797
5A18 1034 2.271 0.3993 0.7188
5A18 1035 2.002 0.4440 0.7266
5A18 1036 2.270 0.3906 0.7031
5A18 1037 2.600 0.3461 0.6719
5A18 1038 2.363 0.3561 0.6563
5A18 1039 2.609 0.3369 0.6641
5A18 1040 2.455 0.3667 0.6797
5A18 1041 2.387 0.3543 0.6875
5A18 1042 2.273 0.3837 0.7031
5A18 1043 2.284 0.3821 0.6953
5A18 1044 2.278 0.3987 0.7031
5A18 1045 2.422 0.3811 0.6953
5A18 1046 2.465 0.3370 0.6953
5A18 1047 2.046 0.4455 0.7422
5A18 1048 2.187 0.4161 0.7188
5A18 1049 2.505 0.3587 0.6797
5A18 1050 2.479 0.3525 0.6719
5A18 1051 2.272 0.3725 0.6797
5A18 1052 1.971 0.4382 0.7422
5A18 1053 2.185 0.4174 0.7188
5A18 1054 2.498 0.3430 0.6641
5A18 1055 2.199 0.4027 0.7109
5A18 1056 2.365 0.3628 0.7031
5A18 1057 2.351 0.3945 0.6953
5A18 1058 2.487 0.3641 0.6797
5A18 1059 2.763 0.3518 0.6563
5A18 1060 2.394 0.3680 0.6797
5A18 1061 2.473 0.3729 0.6875
5A18 1062 2.398 0.3562 0.6719
5A18 1063 2.437 0.3730 0.7031
5A18 1064 2.472 0.3449 0.6719
5A18 1065 2.443 0.3645 0.6797
5A18 1066 2.291 0.3764 0.6875
5A18 1067 2.386 0.3700 0.6719
5A18 1068 2.259 0.3813 0.6875
5A18 1069 2.434 0.3606 0.6719
5A18 1070 2.800 0.3208 0.6484
5A18 1071 2.411 0.3806 0.6953
5A18 1072 2.319 0.3788 0.7031
5A18 1073 2.362 0.3668 0.6953
5A18 1074 2.481 0.3598 0.6797
5A18 1075 2.500 0.3524 0.6797
5A18 1076 2.134 0.4149 0.7188
5A18 1077 1.917 0.4789 0.7578
5A18 1078 2.252 0.3883 0.7031
5A18 1079 2.375 0.3783 0.6953
5A18 1080 2.539 0.3360 0.6719
5A18 1081 2.370 0.3913 0.7031
5A18 1082 2.209 0.4070 0.7109
5A18 1083 2.223 0.3821 0.7109
5A18 1084 2.490 0.3400 0.6641
5A18 1085 2.333 0.3878 0.6953
5A18 1086 2.486 0.3510 0.6563
5A18 1087 2.245 0.3726 0.7109
5A18 1088 2.169 0.3892 0.7109
5A18 1089 2.467 0.3578 0.6641
5A18 1090 2.548 0.3520 0.6797
5A18 1091 2.594 0.3697 0.6641
5A18 1092 2.385 0.3694 0.6875
5A18 1093 2.239 0.3849 0.7188
5A18 1094 2.501 0.3490 0.6719
5A18 1095 2.319 0.3879 0.6953
5A18 1096 2.387 0.3741 0.7031
5A18 1097 2.282 0.3838 0.6953
5A18 1098 2.318 0.3899 0.7188
5A18 1099 2.409 0.3607 0.6875
5A18 1100 2.278 0.3773 0.6953
5A18 1101 2.562 0.3305 0.6641
5A18 1102 2.315 0.3858 0.7109
5A18 1103 2.161 0.4196 0.7266
5A18 1104 2.236 0.4044 0.7109
5A18 1105 2.343 0.3834 0.6875
5A18 1106 2.435 0.3663 0.6875
5A18 1107 2.659 0.3379 0.6641
5A18 1108 2.819 0.3238 0.6328
5A18 1109 2.599 0.3391 0.6563
5A18 1110 2.283 0.3936 0.7188
5A18 1111 2.299 0.3684 0.7031
5A18 1112 2.357 0.3916 0.7109
5A18 1113 2.456 0.4033 0.6953
5A18 1114 2.411 0.3488 0.6953
5A18 1115 2.336 0.3775 0.6953
5A18 1116 2.446 0.3548 0.6641
5A18 1117 2.723 0.3032 0.6406
5A18 1118 2.704 0.3263 0.6641
5A18 1119 2.615 0.3439 0.6563
5A18 1120 2.303 0.3788 0.6875
5A18 1121 2.562 0.3388 0.6641
5A18 1122 2.359 0.3645 0.6953
5A18 1123 2.230 0.4136 0.7109
5A18 1124 2.163 0.4178 0.7266
5A18 1125 2.146 0.4512 0.7344
5A18 1126 2.446 0.4102 0.7109
5A18 1127 2.470 0.3959 0.7188
5A18 1128 2.067 0.4528 0.7578
5A18 1129 2.423 0.3986 0.7031
5A18 1130 2.397 0.3951 0.6953
5A18 1131 2.106 0.4340 0.7344
5A18 1132 2.167 0.4311 0.7344
5A18 1133 2.406 0.3744 0.7031
5A18 1134 2.116 0.4355 0.7422
5A18 1135 1.984 0.4925 0.7656
5A18 1136 2.064 0.4369 0.7422
5A18 1137 2.144 0.4276 0.7266
5A18 1138 2.385 0.3910 0.7031
5A18 1139 2.181 0.4076 0.7109
5A18 1140 2.312 0.4017 0.7109
5A18 1141 2.176 0.4073 0.7031
5A18 1142 2.246 0.4271 0.7344
5A18 1143 2.063 0.4401 0.7500
5A18 1144 2.202 0.4415 0.7578
5A18 1145 2.079 0.4473 0.7422
5A18 1146 2.249 0.4397 0.7188
5A18 1147 2.252 0.3953 0.7031
5A18 1148 2.470 0.3716 0.6797
5A18 1149 2.171 0.4324 0.7422
5A18 1150 2.116 0.4209 0.7344
5A18 1151 2.087 0.4348 0.7266
5A18 1152 2.314 0.3600 0.6875
5A18 1153 2.335 0.3872 0.6953
5A18 1154 2.028 0.4296 0.7344
5A18 1155 2.117 0.4335 0.7344
5A18 1156 2.262 0.4430 0.7344
5A18 1157 2.297 0.4160 0.7188
5A18 1158 2.292 0.3841 0.7031
5A18 1159 2.238 0.3990 0.7031
5A18 1160 2.171 0.4052 0.7422
5A18 1161 2.471 0.3614 0.6953
5A18 1162 2.279 0.3819 0.7109
5A18 1163 2.142 0.4425 0.7266
5A18 1164 2.442 0.3787 0.6953
5A18 1165 2.274 0.3991 0.7109
5A18 1166 2.190 0.3941 0.7109
5A18 1167 2.117 0.4460 0.7344
5A18 1168 2.220 0.4033 0.7031
5A18 1169 2.286 0.3970 0.7031
5A18 1170 2.443 0.3891 0.6953
5A18 1171 2.126 0.4108 0.7188
5A18 1172 2.328 0.3700 0.6953
5A18 1173 1.962 0.4505 0.7500
5A18 1174 1.741 0.5263 0.7969
5A18 1175 2.415 0.3883 0.6953
5A18 1176 2.051 0.4551 0.7500
5A18 1177 2.136 0.4236 0.7344
5A18 1178 2.268 0.3982 0.7031
5A18 1179 2.103 0.4075 0.7109
5A18 1180 2.166 0.4226 0.7266
5A18 1181 2.132 0.4151 0.7344
5A18 1182 2.306 0.3865 0.7109
5A18 1183 2.260 0.4071 0.7188
5A18 1184 2.164 0.4082 0.7109
5A18 1185 2.179 0.4218 0.7266
5A18 1186 2.504 0.3793 0.7031
5A18 1187 2.366 0.3805 0.6875
5A18 1188 2.361 0.3892 0.7109
5A18 1189 2.329 0.4109 0.7266
5A18 1190 1.932 0.4461 0.7578
5A18 1191 2.651 0.3583 0.6953
5A18 1192 2.577 0.3538 0.6563
5A18 1193 2.162 0.4424 0.7344
5A18 1194 2.303 0.4064 0.7266
5A18 1195 1.903 0.4552 0.7500
5A18 1196 2.238 0.4216 0.7344
5A18 1197 2.589 0.3785 0.6875
5A18 1198 2.364 0.3634 0.6875
5A18 1199 2.532 0.3781 0.6875
5A18 1200 2.463 0.3568 0.6797
5A18 1201 2.184 0.3941 0.7188
5A18 1202 2.298 0.3797 0.6953
5A18 1203 2.389 0.4311 0.7266
5A18 1204 2.560 0.3828 0.7031
5A18 1205 2.412 0.3624 0.6797
5A18 1206 2.290 0.3900 0.7188
5A18 1207 2.336 0.3951 0.7031
5A18 1208 2.282 0.3852 0.7109
5A18 1209 2.398 0.3824 0.6953
5A18 1210 2.274 0.3930 0.6953
5A18 1211 2.500 0.3537 0.6953
5A18 1212 2.135 0.4290 0.7188
5A18 1213 2.199 0.4066 0.7188
5A18 1214 2.232 0.4459 0.7344
5A18 1215 2.150 0.4246 0.7188
5A18 1216 2.331 0.4010 0.7188
5A18 1217 2.706 0.3356 0.6641
5A18 1218 2.644 0.3593 0.6641
5A18 1219 2.236 0.4061 0.7031
5A18 1220 2.191 0.3996 0.7031
5A18 1221 2.335 0.3884 0.7188
5A18 1222 2.680 0.3445 0.6641
5A18 1223 2.390 0.3753 0.6953
5A18 1224 2.150 0.4161 0.7266
5A18 1225 2.068 0.4576 0.7266
5A18 1226 2.339 0.3768 0.6797
5A18 1227 2.274 0.4039 0.7188
5A18 1228 2.213 0.4058 0.7109
5A18 1229 2.195 0.4089 0.7188
5A18 1230 2.151 0.4302 0.7109
5A18 1231 2.514 0.3453 0.6563
5A18 1232 2.589 0.3534 0.6641
5A18 1233 2.455 0.3636 0.6797
5A18 1234 2.455 0.3739 0.6797
5A18 1235 2.308 0.3614 0.6875
5A18 1236 2.347 0.3833 0.7109
5A18 1237 2.397 0.4071 0.7109
5A18 1238 2.459 0.3603 0.6875
5A18 1239 2.618 0.3783 0.7031
5A18 1240 2.509 0.3477 0.6719
5A18 1241 2.347 0.4175 0.7344
5A18 1242 2.560 0.3638 0.6719
5A18 1243 2.541 0.3442 0.6641
5A18 1244 2.523 0.3353 0.6797
5A18 1245 2.526 0.3706 0.7031
5A18 1246 2.621 0.3491 0.6641
5A18 1247 2.495 0.3497 0.6875
5A18 1248 2.318 0.3981 0.7266
5A18 1249 2.476 0.3831 0.7031
5A18 1250 2.442 0.3906 0.6953
5A18 1251 2.386 0.3640 0.7031
5A18 1252 2.113 0.4330 0.7344
5A18 1253 2.217 0.4011 0.7344
5A18 1254 2.414 0.3726 0.7031
5A18 1255 2.365 0.3773 0.7109
5A18 1256 2.674 0.3352 0.6719
5A18 1257 2.359 0.4167 0.7266
5A18 1258 2.176 0.4519 0.7500
5A18 1259 2.439 0.3628 0.6719
5A18 1260 2.605 0.3723 0.7031
5A18 1261 2.460 0.3824 0.7031
5A18 1262 2.696 0.3470 0.6875
5A18 1263 2.897 0.2991 0.6484
5A18 1264 2.545 0.3756 0.6797
5A18 1265 2.110 0.4268 0.7109
5A18 1266 2.511 0.3609 0.6797
5A18 1267 2.490 0.3828 0.6953
5A18 1268 2.591 0.3509 0.6719
5A18 1269 2.524 0.3542 0.6875
5A18 1270 2.219 0.4014 0.7266
5A18 1271 2.518 0.3454 0.6875
5A18 1272 2.862 0.3028 0.6406
5A18 1273 2.619 0.3596 0.6719
5A18 1274 2.307 0.3993 0.7266
5A18 1275 2.268 0.4157 0.7188
5A18 1276 2.250 0.3731 0.7109
5A18 1277 2.307 0.3959 0.7109
5A18 1278 2.407 0.3538 0.6875
5A18 1279 2.106 0.4570 0.7344
5A18 1280 2.243 0.4269 0.7344
5A18 1281 2.280 0.4059 0.7422
5A18 1282 2.324 0.4624 0.7656
5A18 1283 2.570 0.4115 0.7031
5A18 1284 2.578 0.3636 0.6953
5A18 1285 2.177 0.4234 0.7266
5A18 1286 2.326 0.3665 0.6797
5A18 1287 2.290 0.4261 0.7266
5A18 1288 2.294 0.3886 0.7188
5A18 1289 2.328 0.3865 0.7031
5A18 1290 2.463 0.3887 0.6875
5A18 1291 2.234 0.3988 0.7109
5A18 1292 2.387 0.3788 0.7031
5A18 1293 2.435 0.3494 0.6797
5A18 1294 2.358 0.3921 0.7188
5A18 1295 2.200 0.4131 0.7344
5A18 1296 2.491 0.3562 0.6875
5A18 1297 2.533 0.3573 0.6719
5A18 1298 2.631 0.3189 0.6719
5A18 1299 2.640 0.3866 0.6953
5A18 1300 2.475 0.3735 0.6875
5A18 1301 1.971 0.4661 0.7891
5A18 1302 2.672 0.3361 0.6875
5A18 1303 2.555 0.3416 0.6953
5A18 1304 2.300 0.4317 0.7188
5A18 1305 2.375 0.4181 0.7188
5A18 1306 2.477 0.3810 0.6953
5A18 1307 2.358 0.4055 0.7031
5A18 1308 2.584 0.3321 0.6719
5A18 1309 2.246 0.4187 0.7188
5A18 1310 2.284 0.4291 0.7422
5A18 1311 2.250 0.4130 0.7188
5A18 1312 2.263 0.3934 0.7031
5A18 1313 2.224 0.4177 0.7188
5A18 1314 2.198 0.4173 0.7109
5A18 1315 2.305 0.3814 0.7109
5A18 1316 2.383 0.4032 0.7188
5A18 1317 2.044 0.4602 0.7422
5A18 1318 2.245 0.4296 0.7188
5A18 1319 2.477 0.3994 0.7031
5A18 1320 2.273 0.4138 0.7266
5A18 1321 1.985 0.4400 0.7422
5A18 1322 2.412 0.3623 0.6953
5A18 1323 2.252 0.3966 0.7266
5A18 1324 2.113 0.4643 0.7578
5A18 1325 2.262 0.3961 0.7188
5A18 1326 2.539 0.3867 0.6953
5A18 1327 2.684 0.3573 0.6797
5A18 1328 2.469 0.3977 0.6953
5A18 1329 2.175 0.4253 0.7188
5A18 1330 2.371 0.3928 0.7031
5A18 1331 2.262 0.4164 0.7188
5A18 1332 2.398 0.3693 0.7031
5A18 1333 2.461 0.3677 0.6797
5A18 1334 2.547 0.3714 0.6875
5A18 1335 2.309 0.4323 0.7266
5A18 1336 2.509 0.3749 0.7031
5A18 1337 2.481 0.3714 0.6953
5A18 1338 2.245 0.3983 0.7188
