1Z2J 1 0.000 1.0000 1.0000
1Z2J 2 2.780 0.6332 0.8111
1Z2J 3 1.547 0.6819 0.8833
1Z2J 4 1.172 0.7757 0.9167
1Z2J 5 1.023 0.8261 0.9278
1Z2J 6 2.410 0.6554 0.8167
1Z2J 7 1.124 0.7993 0.9278
1Z2J 8 1.593 0.6960 0.8778
1Z2J 9 0.981 0.8287 0.9333
1Z2J 10 0.982 0.8247 0.9167
1Z2J 11 1.835 0.6630 0.8389
1Z2J 12 1.042 0.8222 0.9389
1Z2J 13 2.761 0.6398 0.7944
1Z2J 14 0.843 0.8765 0.9500
1Z2J 15 1.936 0.6854 0.8278
1Z2J 16 0.506 0.9497 0.9944
1Z2J 17 1.168 0.7994 0.9000
1Z2J 18 2.090 0.6458 0.8278
1Z2J 19 1.341 0.7949 0.9111
1Z2J 20 1.066 0.8369 0.9222
1Z2J 21 16.030 0.1742 0.2500
1Z2J 22 18.015 0.1001 0.1444
1Z2J 23 14.297 0.1224 0.2222
1Z2J 24 7.225 0.2487 0.4111
1Z2J 25 15.143 0.1930 0.2611
1Z2J 26 13.112 0.2146 0.3000
1Z2J 27 12.690 0.2551 0.3556
1Z2J 28 12.558 0.2531 0.3333
1Z2J 29 14.613 0.2076 0.2556
1Z2J 30 16.695 0.2437 0.3278
1Z2J 31 9.861 0.2852 0.3944
1Z2J 32 10.165 0.2569 0.3556
1Z2J 33 12.251 0.2066 0.3111
1Z2J 34 11.082 0.3026 0.3667
1Z2J 35 11.657 0.2728 0.3278
1Z2J 36 5.975 0.3218 0.5222
1Z2J 37 9.931 0.2750 0.3778
1Z2J 38 8.208 0.3067 0.4222
1Z2J 39 17.203 0.2107 0.3000
1Z2J 40 9.220 0.3103 0.3944
1Z2J 41 11.687 0.3119 0.4000
1Z2J 42 10.563 0.2677 0.3778
1Z2J 43 11.920 0.3025 0.4222
1Z2J 44 7.240 0.3623 0.4889
1Z2J 45 5.066 0.4275 0.5778
1Z2J 46 8.427 0.3043 0.3944
1Z2J 47 6.019 0.3712 0.5167
1Z2J 48 10.887 0.2892 0.4222
1Z2J 49 6.090 0.3290 0.5389
1Z2J 50 6.367 0.3342 0.4833
1Z2J 51 4.998 0.4346 0.5889
1Z2J 52 14.180 0.2953 0.3500
1Z2J 53 10.156 0.3088 0.4333
1Z2J 54 9.832 0.2720 0.3722
1Z2J 55 10.294 0.3252 0.4611
1Z2J 56 5.863 0.3877 0.5278
1Z2J 57 9.803 0.3294 0.4278
1Z2J 58 6.020 0.3868 0.5556
1Z2J 59 8.472 0.3436 0.4556
1Z2J 60 6.648 0.3175 0.4778
1Z2J 61 16.893 0.1251 0.1944
1Z2J 62 11.777 0.2052 0.3167
1Z2J 63 13.510 0.1332 0.2111
1Z2J 64 13.299 0.1921 0.3000
1Z2J 65 8.435 0.2501 0.4000
1Z2J 66 14.150 0.1562 0.2222
1Z2J 67 10.170 0.2077 0.3111
1Z2J 68 13.368 0.1968 0.2722
1Z2J 69 15.294 0.1596 0.2500
1Z2J 70 13.899 0.1351 0.2111
1Z2J 71 18.739 0.2094 0.3333
1Z2J 72 9.447 0.2155 0.3278
1Z2J 73 12.637 0.1760 0.2611
1Z2J 74 8.969 0.2357 0.3667
1Z2J 75 11.068 0.2783 0.3667
1Z2J 76 14.483 0.2259 0.3444
1Z2J 77 15.191 0.3165 0.4333
1Z2J 78 8.297 0.2837 0.3889
1Z2J 79 14.365 0.2135 0.3500
1Z2J 80 16.652 0.2124 0.3056
1Z2J 81 2.958 0.5105 0.6722
1Z2J 82 10.005 0.3579 0.4667
1Z2J 83 14.921 0.1781 0.2833
1Z2J 84 15.611 0.3774 0.4667
1Z2J 85 16.763 0.1649 0.2611
1Z2J 86 11.753 0.2829 0.3722
1Z2J 87 10.560 0.2708 0.4000
1Z2J 88 7.793 0.3744 0.5333
1Z2J 89 10.760 0.3882 0.4889
1Z2J 90 9.462 0.3284 0.4500
1Z2J 91 15.493 0.1580 0.2389
1Z2J 92 12.863 0.2959 0.3611
1Z2J 93 16.823 0.3420 0.4667
1Z2J 94 10.118 0.3266 0.4500
1Z2J 95 10.473 0.2978 0.3944
1Z2J 96 11.628 0.3536 0.4722
1Z2J 97 8.751 0.4027 0.5167
1Z2J 98 7.587 0.3654 0.5000
1Z2J 99 3.992 0.4774 0.6444
1Z2J 100 8.559 0.3123 0.4000
1Z2J 101 13.323 0.0873 0.1222
1Z2J 102 17.671 0.1126 0.1889
1Z2J 103 11.139 0.1655 0.2222
1Z2J 104 11.330 0.1775 0.2778
1Z2J 105 14.844 0.2064 0.3000
1Z2J 106 9.979 0.2044 0.3167
1Z2J 107 20.106 0.1411 0.2278
1Z2J 108 13.873 0.2860 0.4000
1Z2J 109 16.671 0.1516 0.2500
1Z2J 110 14.780 0.1563 0.2500
1Z2J 111 16.275 0.2092 0.3056
1Z2J 112 10.005 0.2830 0.3889
1Z2J 113 14.696 0.1748 0.3000
1Z2J 114 19.593 0.1433 0.2167
1Z2J 115 14.518 0.1454 0.2111
1Z2J 116 14.598 0.1952 0.2667
1Z2J 117 13.725 0.1679 0.2556
1Z2J 118 8.383 0.2449 0.3556
1Z2J 119 10.776 0.2361 0.3944
1Z2J 120 10.193 0.2390 0.3722
1Z2J 121 13.474 0.2266 0.2889
1Z2J 122 10.630 0.2503 0.4056
1Z2J 123 8.446 0.2134 0.3556
1Z2J 124 14.810 0.2136 0.2889
1Z2J 125 8.753 0.2912 0.4111
1Z2J 126 10.543 0.2002 0.3000
1Z2J 127 10.745 0.2556 0.3500
1Z2J 128 11.933 0.2111 0.2833
1Z2J 129 15.082 0.2199 0.3056
1Z2J 130 11.908 0.2543 0.3833
1Z2J 131 13.057 0.2231 0.3389
1Z2J 132 12.788 0.2189 0.3222
1Z2J 133 6.606 0.3771 0.4944
1Z2J 134 6.519 0.3631 0.5056
1Z2J 135 13.918 0.2249 0.3500
1Z2J 136 12.961 0.1980 0.3111
1Z2J 137 10.159 0.2230 0.3333
1Z2J 138 13.241 0.2276 0.3167
1Z2J 139 7.889 0.2611 0.3833
1Z2J 140 12.079 0.3476 0.4556
1Z2J 141 15.092 0.1012 0.1611
1Z2J 142 13.569 0.1204 0.1833
1Z2J 143 14.396 0.1747 0.2056
1Z2J 144 15.109 0.1896 0.3167
1Z2J 145 12.206 0.2004 0.3111
1Z2J 146 14.935 0.1834 0.2611
1Z2J 147 15.005 0.1262 0.1889
1Z2J 148 11.443 0.1650 0.2278
1Z2J 149 13.723 0.1664 0.2556
1Z2J 150 12.601 0.1783 0.2833
1Z2J 151 14.516 0.3112 0.4389
1Z2J 152 19.033 0.1721 0.3000
1Z2J 153 12.726 0.1847 0.2944
1Z2J 154 9.411 0.2787 0.3778
1Z2J 155 16.224 0.1986 0.3000
1Z2J 156 10.843 0.3105 0.4056
1Z2J 157 13.233 0.2829 0.3778
1Z2J 158 17.542 0.1665 0.2444
1Z2J 159 12.642 0.2235 0.3333
1Z2J 160 11.036 0.2530 0.3444
1Z2J 161 13.367 0.1630 0.2778
1Z2J 162 11.513 0.2348 0.3278
1Z2J 163 11.949 0.2118 0.3333
1Z2J 164 9.275 0.3633 0.4944
1Z2J 165 15.502 0.1916 0.2722
1Z2J 166 17.052 0.2588 0.3611
1Z2J 167 10.631 0.2384 0.3167
1Z2J 168 8.392 0.3435 0.4667
1Z2J 169 7.632 0.3642 0.4667
1Z2J 170 6.075 0.2842 0.4500
1Z2J 171 10.093 0.2616 0.3889
1Z2J 172 3.958 0.4343 0.6000
1Z2J 173 11.359 0.3095 0.3944
1Z2J 174 11.957 0.1813 0.2611
1Z2J 175 15.826 0.2563 0.3389
1Z2J 176 7.732 0.3596 0.4722
1Z2J 177 7.287 0.3880 0.5111
1Z2J 178 12.194 0.3249 0.4611
1Z2J 179 7.997 0.3921 0.5111
1Z2J 180 7.899 0.3393 0.4722
1Z2J 181 16.259 0.1127 0.1500
1Z2J 182 15.251 0.1016 0.1722
1Z2J 183 15.386 0.1478 0.2111
1Z2J 184 12.954 0.1613 0.2111
1Z2J 185 14.093 0.2294 0.3000
1Z2J 186 14.809 0.2442 0.3444
1Z2J 187 12.990 0.1549 0.2389
1Z2J 188 12.611 0.1337 0.2500
1Z2J 189 13.575 0.1874 0.2333
1Z2J 190 14.913 0.1585 0.2000
1Z2J 191 12.822 0.1593 0.2556
1Z2J 192 17.009 0.1867 0.2778
1Z2J 193 13.960 0.2252 0.3222
1Z2J 194 16.434 0.2256 0.3000
1Z2J 195 9.942 0.2582 0.3722
1Z2J 196 9.658 0.3614 0.4889
1Z2J 197 12.262 0.2065 0.3556
1Z2J 198 18.692 0.1422 0.2000
1Z2J 199 8.290 0.2391 0.3611
1Z2J 200 14.432 0.1903 0.2778
1Z2J 201 13.305 0.1891 0.2667
1Z2J 202 14.214 0.1699 0.2556
1Z2J 203 15.723 0.2303 0.3278
1Z2J 204 10.796 0.3136 0.4444
1Z2J 205 15.650 0.2044 0.2556
1Z2J 206 10.085 0.3339 0.3944
1Z2J 207 10.893 0.2310 0.3167
1Z2J 208 10.068 0.3099 0.4500
1Z2J 209 11.036 0.2917 0.3944
1Z2J 210 10.804 0.2849 0.4000
1Z2J 211 10.989 0.2938 0.4056
1Z2J 212 16.641 0.2648 0.3778
1Z2J 213 13.278 0.3001 0.3944
1Z2J 214 11.749 0.4024 0.5056
1Z2J 215 14.613 0.3165 0.4333
1Z2J 216 11.245 0.3013 0.4222
1Z2J 217 13.595 0.3509 0.4611
1Z2J 218 9.522 0.3149 0.4389
1Z2J 219 10.531 0.3927 0.5167
1Z2J 220 11.626 0.3786 0.4778
1Z2J 221 11.150 0.1790 0.2778
1Z2J 222 11.746 0.2178 0.3111
1Z2J 223 12.852 0.1513 0.2333
1Z2J 224 14.829 0.1455 0.2056
1Z2J 225 14.324 0.2434 0.3389
1Z2J 226 11.450 0.1442 0.2056
1Z2J 227 16.524 0.1964 0.2556
1Z2J 228 7.798 0.3376 0.4722
1Z2J 229 16.279 0.1420 0.2389
1Z2J 230 9.752 0.2523 0.3722
1Z2J 231 13.527 0.2821 0.3833
1Z2J 232 14.938 0.2726 0.3333
1Z2J 233 18.387 0.1885 0.2556
1Z2J 234 8.113 0.3565 0.4611
1Z2J 235 12.697 0.2303 0.3056
1Z2J 236 13.808 0.1998 0.2667
1Z2J 237 11.500 0.2287 0.3111
1Z2J 238 8.792 0.2870 0.3889
1Z2J 239 14.399 0.2793 0.3944
1Z2J 240 9.940 0.2252 0.3556
1Z2J 241 12.362 0.2772 0.3444
1Z2J 242 8.891 0.3470 0.4278
1Z2J 243 17.575 0.1829 0.2667
1Z2J 244 15.597 0.2324 0.3167
1Z2J 245 13.172 0.2324 0.3111
1Z2J 246 16.339 0.3093 0.3944
1Z2J 247 10.346 0.3095 0.4222
1Z2J 248 13.681 0.2652 0.4389
1Z2J 249 10.645 0.3562 0.4889
1Z2J 250 15.566 0.2074 0.2722
1Z2J 251 11.886 0.3055 0.4000
1Z2J 252 14.095 0.2723 0.3778
1Z2J 253 13.297 0.2836 0.3556
1Z2J 254 12.783 0.2996 0.3500
1Z2J 255 6.820 0.3275 0.4667
1Z2J 256 12.857 0.3027 0.3944
1Z2J 257 11.757 0.3348 0.4778
1Z2J 258 10.493 0.3291 0.4167
1Z2J 259 7.674 0.3209 0.4444
1Z2J 260 4.667 0.3096 0.5500
1Z2J 261 12.362 0.1141 0.1722
1Z2J 262 14.036 0.1678 0.2389
1Z2J 263 12.793 0.1722 0.2667
1Z2J 264 10.744 0.1489 0.2389
1Z2J 265 11.964 0.1507 0.2500
1Z2J 266 20.276 0.1416 0.2167
1Z2J 267 13.965 0.1758 0.2611
1Z2J 268 13.547 0.1613 0.2389
1Z2J 269 12.699 0.2140 0.2889
1Z2J 270 18.318 0.2146 0.3000
1Z2J 271 12.292 0.2567 0.3278
1Z2J 272 12.119 0.2201 0.3000
1Z2J 273 13.338 0.1931 0.2556
1Z2J 274 8.171 0.2786 0.4056
1Z2J 275 13.369 0.2570 0.3333
1Z2J 276 16.944 0.1816 0.2500
1Z2J 277 15.809 0.1540 0.2333
1Z2J 278 12.290 0.1951 0.2944
1Z2J 279 14.188 0.1790 0.2611
1Z2J 280 13.811 0.2796 0.3944
1Z2J 281 12.190 0.1930 0.3000
1Z2J 282 10.418 0.2463 0.3500
1Z2J 283 8.502 0.3300 0.3944
1Z2J 284 13.779 0.1711 0.2389
1Z2J 285 15.798 0.2354 0.3056
1Z2J 286 11.951 0.2364 0.3000
1Z2J 287 12.598 0.2196 0.2778
1Z2J 288 9.802 0.2967 0.3944
1Z2J 289 9.912 0.2497 0.3667
1Z2J 290 13.749 0.1747 0.2444
1Z2J 291 13.310 0.2384 0.3167
1Z2J 292 14.092 0.2096 0.2833
1Z2J 293 9.917 0.3797 0.4778
1Z2J 294 11.486 0.2240 0.2833
1Z2J 295 9.201 0.3360 0.4389
1Z2J 296 9.793 0.2816 0.3667
1Z2J 297 11.256 0.3440 0.4500
1Z2J 298 5.689 0.3163 0.5000
1Z2J 299 8.818 0.3555 0.4778
1Z2J 300 6.723 0.4133 0.5444
1Z2J 301 12.565 0.1732 0.2778
1Z2J 302 11.055 0.2321 0.3556
1Z2J 303 12.989 0.2158 0.3000
1Z2J 304 8.571 0.2656 0.3944
1Z2J 305 11.405 0.1617 0.2778
1Z2J 306 14.006 0.1183 0.2056
1Z2J 307 9.795 0.3005 0.4000
1Z2J 308 15.881 0.1745 0.2333
1Z2J 309 13.400 0.1548 0.2611
1Z2J 310 13.060 0.2012 0.2667
1Z2J 311 14.628 0.1326 0.2000
1Z2J 312 13.665 0.1735 0.2222
1Z2J 313 14.289 0.1630 0.2222
1Z2J 314 16.584 0.2720 0.3778
1Z2J 315 13.540 0.1515 0.2556
1Z2J 316 11.813 0.2781 0.4111
1Z2J 317 11.648 0.3154 0.4389
1Z2J 318 11.902 0.2347 0.3611
1Z2J 319 13.345 0.2102 0.3278
1Z2J 320 12.521 0.1708 0.2389
1Z2J 321 8.491 0.2003 0.3444
1Z2J 322 12.618 0.2672 0.3833
1Z2J 323 8.846 0.3714 0.4833
1Z2J 324 11.192 0.2665 0.3500
1Z2J 325 17.053 0.1358 0.1944
1Z2J 326 10.404 0.3278 0.4667
1Z2J 327 11.239 0.1983 0.3167
1Z2J 328 10.830 0.4344 0.5333
1Z2J 329 13.143 0.1538 0.2444
1Z2J 330 10.598 0.2988 0.3944
1Z2J 331 18.056 0.1744 0.2444
1Z2J 332 8.725 0.2360 0.3611
1Z2J 333 12.583 0.2356 0.3000
1Z2J 334 9.179 0.3614 0.4667
1Z2J 335 10.706 0.3375 0.4389
1Z2J 336 10.923 0.2794 0.4000
1Z2J 337 9.398 0.2964 0.3889
1Z2J 338 6.622 0.4009 0.5667
1Z2J 339 11.279 0.3844 0.5111
1Z2J 340 9.770 0.3941 0.5111
1Z2J 341 12.714 0.1475 0.2111
1Z2J 342 11.701 0.0915 0.1500
1Z2J 343 12.894 0.1776 0.2278
1Z2J 344 16.287 0.1970 0.2889
1Z2J 345 12.416 0.2199 0.2889
1Z2J 346 12.710 0.1259 0.2111
1Z2J 347 10.509 0.2082 0.2833
1Z2J 348 13.799 0.2338 0.3000
1Z2J 349 10.582 0.2439 0.3778
1Z2J 350 17.442 0.1795 0.2889
1Z2J 351 9.886 0.3043 0.3889
1Z2J 352 13.760 0.2588 0.3611
1Z2J 353 14.906 0.3320 0.3889
1Z2J 354 11.657 0.2135 0.2833
1Z2J 355 13.821 0.2900 0.3778
1Z2J 356 15.527 0.2658 0.3278
1Z2J 357 11.773 0.2551 0.3444
1Z2J 358 7.250 0.3400 0.5056
1Z2J 359 13.715 0.3156 0.3778
1Z2J 360 19.704 0.1817 0.2444
1Z2J 361 14.718 0.2092 0.2889
1Z2J 362 13.000 0.2997 0.3889
1Z2J 363 8.205 0.2160 0.3889
1Z2J 364 8.284 0.3183 0.4722
1Z2J 365 11.679 0.2782 0.4278
1Z2J 366 11.874 0.1818 0.2722
1Z2J 367 13.483 0.2459 0.3111
1Z2J 368 14.628 0.1815 0.2778
1Z2J 369 14.421 0.3207 0.4389
1Z2J 370 14.356 0.2043 0.3222
1Z2J 371 15.348 0.2950 0.3833
1Z2J 372 11.146 0.2984 0.3722
1Z2J 373 11.905 0.3152 0.4333
1Z2J 374 7.420 0.3126 0.4278
1Z2J 375 13.449 0.3376 0.4167
1Z2J 376 10.145 0.2164 0.3333
1Z2J 377 7.486 0.3420 0.4556
1Z2J 378 6.493 0.3040 0.4667
1Z2J 379 5.972 0.2861 0.5000
1Z2J 380 5.427 0.3545 0.5389
1Z2J 381 12.389 0.0997 0.1778
1Z2J 382 11.448 0.1354 0.2000
1Z2J 383 10.796 0.1235 0.2111
1Z2J 384 7.685 0.2679 0.4000
1Z2J 385 11.274 0.2012 0.3111
1Z2J 386 12.978 0.1567 0.2556
1Z2J 387 12.435 0.1906 0.2889
1Z2J 388 16.802 0.1746 0.2556
1Z2J 389 11.839 0.2053 0.2611
1Z2J 390 16.463 0.1882 0.2778
1Z2J 391 9.705 0.2146 0.3222
1Z2J 392 12.380 0.3541 0.4889
1Z2J 393 17.787 0.1563 0.2333
1Z2J 394 12.098 0.2411 0.3722
1Z2J 395 10.962 0.1840 0.3056
1Z2J 396 11.904 0.2252 0.3222
1Z2J 397 10.653 0.2560 0.3944
1Z2J 398 10.328 0.3235 0.4333
1Z2J 399 15.201 0.1667 0.2556
1Z2J 400 15.086 0.1669 0.2611
1Z2J 401 14.090 0.2156 0.3222
1Z2J 402 13.155 0.2016 0.3167
1Z2J 403 11.609 0.2062 0.2944
1Z2J 404 16.736 0.1999 0.3056
1Z2J 405 11.733 0.2636 0.3500
1Z2J 406 10.903 0.3303 0.4056
1Z2J 407 12.219 0.2593 0.3389
1Z2J 408 8.494 0.2061 0.3222
1Z2J 409 11.828 0.2462 0.3556
1Z2J 410 11.519 0.3443 0.4389
1Z2J 411 10.756 0.2050 0.3056
1Z2J 412 12.902 0.1929 0.3056
1Z2J 413 5.863 0.3644 0.5278
1Z2J 414 13.063 0.1803 0.2444
1Z2J 415 8.438 0.3223 0.4333
1Z2J 416 13.609 0.3359 0.4333
1Z2J 417 7.320 0.4133 0.5222
1Z2J 418 11.951 0.2379 0.2944
1Z2J 419 7.247 0.3553 0.4500
1Z2J 420 9.404 0.4373 0.5556
1Z2J 421 1.048 0.8280 0.9167
1Z2J 422 1.393 0.7301 0.8389
1Z2J 423 1.357 0.7472 0.8500
1Z2J 424 1.293 0.7576 0.8667
1Z2J 425 1.287 0.7620 0.8667
1Z2J 426 1.256 0.7690 0.8611
1Z2J 427 1.282 0.7613 0.8611
1Z2J 428 1.280 0.7579 0.8667
1Z2J 429 1.251 0.7655 0.8667
1Z2J 430 1.266 0.7608 0.8611
1Z2J 431 1.270 0.7612 0.8556
1Z2J 432 1.263 0.7626 0.8556
1Z2J 433 1.265 0.7618 0.8556
1Z2J 434 1.279 0.7576 0.8500
1Z2J 435 1.268 0.7615 0.8556
1Z2J 436 1.287 0.7559 0.8500
1Z2J 437 1.255 0.7659 0.8722
1Z2J 438 1.260 0.7640 0.8667
1Z2J 439 1.286 0.7559 0.8556
1Z2J 440 1.284 0.7575 0.8556
1Z2J 441 1.272 0.7610 0.8500
1Z2J 442 1.258 0.7650 0.8667
1Z2J 443 1.267 0.7620 0.8556
1Z2J 444 1.275 0.7600 0.8500
1Z2J 445 1.279 0.7590 0.8556
1Z2J 446 1.256 0.7676 0.8778
1Z2J 447 1.296 0.7524 0.8444
1Z2J 448 1.283 0.7572 0.8500
1Z2J 449 1.279 0.7603 0.8556
1Z2J 450 1.297 0.7565 0.8500
1Z2J 451 1.262 0.7631 0.8500
1Z2J 452 1.268 0.7618 0.8611
1Z2J 453 1.311 0.7496 0.8444
1Z2J 454 1.281 0.7583 0.8556
1Z2J 455 1.243 0.7683 0.8778
1Z2J 456 1.207 0.7802 0.8778
1Z2J 457 1.193 0.7835 0.8778
1Z2J 458 1.220 0.7745 0.8667
1Z2J 459 1.226 0.7724 0.8667
1Z2J 460 1.208 0.7791 0.8722
1Z2J 461 1.206 0.7786 0.8778
1Z2J 462 1.233 0.7711 0.8667
1Z2J 463 1.202 0.7818 0.8722
1Z2J 464 1.207 0.7785 0.8722
1Z2J 465 1.203 0.7800 0.8778
1Z2J 466 1.204 0.7825 0.8722
1Z2J 467 1.170 0.7876 0.8833
1Z2J 468 1.182 0.7849 0.8778
1Z2J 469 1.202 0.7785 0.8667
1Z2J 470 1.193 0.7839 0.8778
1Z2J 471 1.190 0.7818 0.8833
1Z2J 472 1.199 0.7821 0.8778
1Z2J 473 1.142 0.7967 0.8889
1Z2J 474 1.184 0.7858 0.8833
1Z2J 475 1.203 0.7807 0.8667
1Z2J 476 1.204 0.7804 0.8722
1Z2J 477 1.262 0.7673 0.8667
1Z2J 478 1.236 0.7736 0.8778
1Z2J 479 1.215 0.7849 0.8889
1Z2J 480 1.223 0.7833 0.8833
1Z2J 481 1.223 0.7811 0.8722
1Z2J 482 1.231 0.7787 0.8778
1Z2J 483 1.230 0.7780 0.8778
1Z2J 484 1.212 0.7822 0.8722
1Z2J 485 1.234 0.7797 0.8722
1Z2J 486 1.272 0.7696 0.8778
1Z2J 487 1.215 0.7861 0.8833
1Z2J 488 1.235 0.7824 0.8778
1Z2J 489 1.238 0.7777 0.8667
1Z2J 490 1.256 0.7746 0.8667
1Z2J 491 1.238 0.7758 0.8778
1Z2J 492 1.239 0.7812 0.8833
1Z2J 493 1.290 0.7684 0.8611
1Z2J 494 1.310 0.7617 0.8611
1Z2J 495 1.302 0.7660 0.8667
1Z2J 496 1.354 0.7475 0.8444
1Z2J 497 1.366 0.7446 0.8389
1Z2J 498 1.373 0.7375 0.8389
1Z2J 499 1.377 0.7388 0.8389
1Z2J 500 1.359 0.7374 0.8444
1Z2J 501 1.375 0.7344 0.8389
1Z2J 502 1.356 0.7426 0.8500
1Z2J 503 1.452 0.7152 0.8167
1Z2J 504 1.417 0.7296 0.8333
1Z2J 505 1.374 0.7383 0.8389
1Z2J 506 1.382 0.7382 0.8333
1Z2J 507 1.364 0.7442 0.8389
1Z2J 508 1.368 0.7425 0.8500
1Z2J 509 1.348 0.7535 0.8556
1Z2J 510 1.404 0.7387 0.8333
1Z2J 511 1.352 0.7493 0.8556
1Z2J 512 1.389 0.7415 0.8389
1Z2J 513 1.390 0.7427 0.8389
1Z2J 514 1.411 0.7329 0.8278
1Z2J 515 1.479 0.7113 0.8167
1Z2J 516 1.448 0.7198 0.8222
1Z2J 517 1.428 0.7262 0.8222
1Z2J 518 1.435 0.7225 0.8278
1Z2J 519 1.433 0.7303 0.8444
1Z2J 520 1.457 0.7171 0.8389
1Z2J 521 1.482 0.7122 0.8278
1Z2J 522 1.468 0.7118 0.8222
1Z2J 523 1.452 0.7181 0.8389
1Z2J 524 1.461 0.7115 0.8278
1Z2J 525 1.413 0.7256 0.8444
1Z2J 526 1.467 0.7079 0.8333
1Z2J 527 1.519 0.7048 0.8333
1Z2J 528 1.468 0.7150 0.8444
1Z2J 529 1.400 0.7285 0.8556
1Z2J 530 1.476 0.7037 0.8333
1Z2J 531 1.433 0.7162 0.8278
1Z2J 532 1.578 0.6742 0.8056
1Z2J 533 1.622 0.6616 0.8000
1Z2J 534 1.656 0.6553 0.7944
1Z2J 535 1.713 0.6397 0.7889
1Z2J 536 1.612 0.6699 0.8111
1Z2J 537 1.651 0.6570 0.8000
1Z2J 538 1.675 0.6495 0.7944
1Z2J 539 1.844 0.6160 0.7778
1Z2J 540 1.825 0.6180 0.7722
1Z2J 541 1.916 0.5992 0.7556
1Z2J 542 1.770 0.6300 0.7833
1Z2J 543 1.826 0.6314 0.7778
1Z2J 544 1.855 0.6161 0.7667
1Z2J 545 1.791 0.6275 0.7833
1Z2J 546 1.880 0.6123 0.7667
1Z2J 547 1.941 0.5956 0.7722
1Z2J 548 1.886 0.6048 0.7611
1Z2J 549 1.877 0.6028 0.7667
1Z2J 550 1.765 0.6309 0.7833
1Z2J 551 1.844 0.6228 0.7778
1Z2J 552 1.822 0.6310 0.7722
1Z2J 553 1.823 0.6304 0.7889
1Z2J 554 1.856 0.6108 0.7778
1Z2J 555 1.808 0.6209 0.7778
1Z2J 556 1.781 0.6272 0.7778
1Z2J 557 1.775 0.6583 0.7944
1Z2J 558 1.717 0.6651 0.8056
1Z2J 559 1.738 0.6569 0.7889
1Z2J 560 1.627 0.6870 0.8167
1Z2J 561 1.691 0.6750 0.8111
1Z2J 562 1.713 0.6696 0.8000
1Z2J 563 1.650 0.6867 0.8222
1Z2J 564 1.659 0.6839 0.8167
1Z2J 565 1.657 0.6796 0.8056
1Z2J 566 1.694 0.6613 0.7944
1Z2J 567 1.585 0.6893 0.8056
1Z2J 568 1.709 0.6580 0.7944
1Z2J 569 1.657 0.6675 0.7944
1Z2J 570 1.683 0.6685 0.8000
1Z2J 571 1.627 0.6817 0.8056
1Z2J 572 1.647 0.6765 0.8111
1Z2J 573 1.683 0.6822 0.8111
1Z2J 574 1.567 0.6970 0.8167
1Z2J 575 1.629 0.6806 0.8000
1Z2J 576 1.548 0.7035 0.8167
1Z2J 577 1.659 0.6761 0.7944
1Z2J 578 1.684 0.6731 0.8111
1Z2J 579 1.666 0.6703 0.8000
1Z2J 580 1.683 0.6624 0.8000
1Z2J 581 1.564 0.7018 0.8222
1Z2J 582 1.541 0.6930 0.8222
1Z2J 583 1.636 0.6809 0.8111
1Z2J 584 1.599 0.6919 0.8167
1Z2J 585 1.682 0.6692 0.8056
1Z2J 586 1.573 0.6958 0.8167
1Z2J 587 1.748 0.6611 0.8000
1Z2J 588 1.707 0.6666 0.7944
1Z2J 589 1.683 0.6792 0.8111
1Z2J 590 1.709 0.6658 0.7944
1Z2J 591 1.583 0.6883 0.8056
1Z2J 592 1.653 0.6845 0.8167
1Z2J 593 1.626 0.6806 0.8167
1Z2J 594 1.674 0.6730 0.8056
1Z2J 595 1.752 0.6593 0.7889
1Z2J 596 1.698 0.6671 0.8000
1Z2J 597 1.597 0.6861 0.8167
1Z2J 598 1.649 0.6704 0.7944
1Z2J 599 1.606 0.6812 0.8167
1Z2J 600 1.676 0.6757 0.7889
1Z2J 601 1.639 0.6768 0.8167
1Z2J 602 1.573 0.6921 0.8167
1Z2J 603 1.597 0.6830 0.8167
1Z2J 604 1.585 0.6886 0.8056
1Z2J 605 1.620 0.6779 0.8056
1Z2J 606 1.606 0.6895 0.8167
1Z2J 607 1.559 0.6871 0.8056
1Z2J 608 1.506 0.6943 0.8167
1Z2J 609 1.342 0.7354 0.8611
1Z2J 610 1.484 0.6912 0.8056
1Z2J 611 1.370 0.7264 0.8500
1Z2J 612 1.486 0.6905 0.8222
1Z2J 613 1.519 0.6833 0.8167
1Z2J 614 1.523 0.6812 0.8056
1Z2J 615 1.500 0.6842 0.8222
1Z2J 616 1.622 0.6640 0.7889
1Z2J 617 1.634 0.6643 0.8000
1Z2J 618 1.731 0.6356 0.7889
1Z2J 619 1.643 0.6555 0.8000
1Z2J 620 1.595 0.6701 0.8000
1Z2J 621 1.665 0.6574 0.7944
1Z2J 622 1.609 0.6700 0.7944
1Z2J 623 1.502 0.6889 0.8056
1Z2J 624 1.518 0.6894 0.8333
1Z2J 625 1.612 0.6644 0.8000
1Z2J 626 1.692 0.6471 0.7889
1Z2J 627 1.522 0.6903 0.8167
1Z2J 628 1.580 0.6738 0.8056
1Z2J 629 1.602 0.6671 0.8056
1Z2J 630 1.464 0.6954 0.8278
1Z2J 631 1.590 0.6607 0.8111
1Z2J 632 1.640 0.6462 0.8000
1Z2J 633 1.529 0.6823 0.8111
1Z2J 634 1.543 0.6787 0.8056
1Z2J 635 1.583 0.6824 0.8111
1Z2J 636 1.514 0.6927 0.8222
1Z2J 637 1.608 0.6639 0.8056
1Z2J 638 1.741 0.6232 0.7722
1Z2J 639 1.529 0.6789 0.8056
1Z2J 640 1.342 0.7329 0.8444
1Z2J 641 1.696 0.6367 0.7889
1Z2J 642 1.821 0.6288 0.7833
1Z2J 643 1.808 0.6222 0.7722
1Z2J 644 1.501 0.6820 0.8278
1Z2J 645 1.465 0.6951 0.8278
1Z2J 646 1.620 0.6480 0.7944
1Z2J 647 1.515 0.6828 0.8222
1Z2J 648 1.450 0.7016 0.8389
1Z2J 649 1.413 0.7115 0.8389
1Z2J 650 1.575 0.6674 0.8278
1Z2J 651 1.452 0.7052 0.8333
1Z2J 652 1.607 0.6609 0.8111
1Z2J 653 1.688 0.6438 0.7889
1Z2J 654 1.546 0.6772 0.8167
1Z2J 655 1.660 0.6637 0.8000
1Z2J 656 1.537 0.6940 0.8222
1Z2J 657 1.595 0.6748 0.8111
1Z2J 658 1.537 0.6833 0.8167
1Z2J 659 1.622 0.6522 0.8111
1Z2J 660 1.723 0.6340 0.7889
1Z2J 661 1.633 0.6635 0.8111
1Z2J 662 1.469 0.6982 0.8278
1Z2J 663 1.522 0.6871 0.8222
1Z2J 664 1.538 0.6833 0.8111
1Z2J 665 1.523 0.6918 0.8333
1Z2J 666 1.545 0.6966 0.8444
1Z2J 667 1.599 0.6802 0.8111
1Z2J 668 1.519 0.6975 0.8222
1Z2J 669 1.410 0.7151 0.8278
1Z2J 670 1.557 0.6726 0.8167
1Z2J 671 1.532 0.6819 0.8278
1Z2J 672 1.514 0.6925 0.8444
1Z2J 673 1.610 0.6622 0.8056
1Z2J 674 1.539 0.6868 0.8111
1Z2J 675 1.652 0.6496 0.7944
1Z2J 676 1.509 0.6843 0.8222
1Z2J 677 1.592 0.6650 0.8056
1Z2J 678 1.614 0.6640 0.8056
1Z2J 679 1.532 0.6833 0.8167
1Z2J 680 1.576 0.6696 0.8056
1Z2J 681 1.605 0.6577 0.8111
1Z2J 682 1.504 0.6893 0.8167
1Z2J 683 1.568 0.6799 0.8000
1Z2J 684 1.616 0.6669 0.8111
1Z2J 685 1.557 0.6851 0.8111
1Z2J 686 1.500 0.7035 0.8333
1Z2J 687 1.568 0.6837 0.8056
1Z2J 688 1.563 0.6661 0.8167
1Z2J 689 1.641 0.6529 0.8000
1Z2J 690 1.523 0.6840 0.8167
1Z2J 691 1.631 0.6504 0.8111
1Z2J 692 1.642 0.6459 0.7889
1Z2J 693 1.741 0.6237 0.7833
1Z2J 694 1.790 0.6359 0.7722
1Z2J 695 1.783 0.6283 0.7611
1Z2J 696 1.708 0.6571 0.7778
1Z2J 697 1.974 0.5864 0.7722
1Z2J 698 2.159 0.5441 0.7444
1Z2J 699 2.138 0.5677 0.7722
1Z2J 700 2.394 0.5128 0.7278
1Z2J 701 2.327 0.5132 0.7389
1Z2J 702 2.426 0.5059 0.7389
1Z2J 703 2.494 0.5066 0.7389
1Z2J 704 2.452 0.5312 0.7444
1Z2J 705 2.370 0.5216 0.7500
1Z2J 706 2.334 0.5143 0.7278
1Z2J 707 2.453 0.4876 0.7167
1Z2J 708 2.462 0.5006 0.7222
1Z2J 709 2.360 0.5136 0.7222
1Z2J 710 2.425 0.4955 0.7167
1Z2J 711 2.512 0.5087 0.7389
1Z2J 712 2.408 0.5184 0.7444
1Z2J 713 2.260 0.5356 0.7500
1Z2J 714 2.388 0.5213 0.7556
1Z2J 715 2.513 0.4908 0.7222
1Z2J 716 2.449 0.5091 0.7333
1Z2J 717 2.284 0.5311 0.7389
1Z2J 718 2.248 0.5309 0.7389
1Z2J 719 2.446 0.4885 0.7167
1Z2J 720 2.476 0.5042 0.7222
1Z2J 721 2.365 0.5044 0.7278
1Z2J 722 2.310 0.5226 0.7389
1Z2J 723 2.291 0.5285 0.7444
1Z2J 724 2.448 0.5291 0.7500
1Z2J 725 2.479 0.5144 0.7389
1Z2J 726 2.557 0.5069 0.7333
1Z2J 727 2.344 0.5294 0.7556
1Z2J 728 2.467 0.5322 0.7444
1Z2J 729 2.484 0.5076 0.7278
1Z2J 730 2.360 0.5441 0.7556
1Z2J 731 2.600 0.5106 0.7167
1Z2J 732 2.491 0.5066 0.7167
1Z2J 733 2.371 0.5174 0.7278
1Z2J 734 2.283 0.5234 0.7389
1Z2J 735 2.329 0.5228 0.7333
1Z2J 736 2.406 0.5113 0.7222
1Z2J 737 2.431 0.5000 0.7278
1Z2J 738 2.344 0.5114 0.7222
1Z2J 739 2.187 0.5495 0.7611
1Z2J 740 2.215 0.5413 0.7444
1Z2J 741 2.356 0.5292 0.7111
1Z2J 742 2.250 0.5434 0.7333
1Z2J 743 2.499 0.4946 0.7278
1Z2J 744 2.416 0.4995 0.7333
1Z2J 745 2.336 0.5206 0.7278
1Z2J 746 2.398 0.4975 0.7389
1Z2J 747 2.367 0.5048 0.7333
1Z2J 748 2.186 0.5391 0.7444
1Z2J 749 2.355 0.4989 0.7333
1Z2J 750 2.432 0.4993 0.7333
1Z2J 751 2.349 0.5094 0.7444
1Z2J 752 2.492 0.5011 0.7333
1Z2J 753 2.436 0.5204 0.7333
1Z2J 754 2.424 0.5095 0.7333
1Z2J 755 2.610 0.4856 0.7278
1Z2J 756 2.536 0.5027 0.7333
1Z2J 757 2.451 0.5095 0.7278
1Z2J 758 2.397 0.5134 0.7444
1Z2J 759 2.644 0.4620 0.7056
1Z2J 760 2.629 0.4719 0.7000
1Z2J 761 2.649 0.4710 0.6944
1Z2J 762 2.602 0.4969 0.6944
1Z2J 763 2.659 0.4770 0.6944
1Z2J 764 2.743 0.4633 0.6778
1Z2J 765 2.752 0.4666 0.6889
1Z2J 766 2.558 0.4960 0.7167
1Z2J 767 2.598 0.4781 0.6889
1Z2J 768 2.568 0.4923 0.7000
1Z2J 769 2.471 0.4878 0.7222
1Z2J 770 2.589 0.4590 0.6944
1Z2J 771 2.534 0.4844 0.7056
1Z2J 772 2.574 0.4867 0.7111
1Z2J 773 2.494 0.5090 0.7111
1Z2J 774 2.632 0.4743 0.6889
1Z2J 775 2.506 0.4833 0.7167
1Z2J 776 2.545 0.4821 0.7167
1Z2J 777 2.531 0.4885 0.7056
1Z2J 778 2.494 0.4863 0.7167
1Z2J 779 2.499 0.4888 0.7111
1Z2J 780 2.534 0.4844 0.7056
1Z2J 781 2.436 0.5034 0.7167
1Z2J 782 2.667 0.4633 0.7111
1Z2J 783 2.594 0.4782 0.7278
1Z2J 784 2.528 0.5054 0.7222
1Z2J 785 2.398 0.5185 0.7278
1Z2J 786 2.480 0.4943 0.7167
1Z2J 787 2.585 0.4703 0.7111
1Z2J 788 2.587 0.4756 0.7056
1Z2J 789 2.536 0.5093 0.7056
1Z2J 790 2.507 0.5111 0.7056
1Z2J 791 2.489 0.5223 0.7000
1Z2J 792 2.629 0.4904 0.7000
1Z2J 793 2.791 0.4641 0.6778
1Z2J 794 2.562 0.4847 0.7111
1Z2J 795 2.699 0.4952 0.6944
1Z2J 796 2.526 0.5231 0.7056
1Z2J 797 2.797 0.4585 0.6889
1Z2J 798 2.807 0.4556 0.6944
1Z2J 799 2.708 0.4788 0.7000
1Z2J 800 2.757 0.4872 0.6944
1Z2J 801 2.466 0.5113 0.7111
1Z2J 802 2.546 0.4815 0.7056
1Z2J 803 2.527 0.4942 0.7111
1Z2J 804 2.407 0.5121 0.7111
1Z2J 805 2.453 0.5056 0.7167
1Z2J 806 2.452 0.5088 0.7222
1Z2J 807 2.650 0.4861 0.7056
1Z2J 808 2.626 0.4785 0.7056
1Z2J 809 2.419 0.5145 0.7333
1Z2J 810 2.252 0.5280 0.7222
1Z2J 811 2.325 0.5136 0.7167
1Z2J 812 2.459 0.4962 0.7278
1Z2J 813 2.417 0.5077 0.7278
1Z2J 814 2.435 0.5279 0.7389
1Z2J 815 2.355 0.5288 0.7389
1Z2J 816 2.588 0.5207 0.7333
1Z2J 817 2.535 0.5116 0.7222
1Z2J 818 2.517 0.5123 0.7278
1Z2J 819 2.330 0.5337 0.7444
1Z2J 820 2.420 0.5160 0.7389
1Z2J 821 2.231 0.5463 0.7556
1Z2J 822 2.412 0.5284 0.7222
1Z2J 823 2.505 0.5143 0.7167
1Z2J 824 2.508 0.5169 0.7222
1Z2J 825 2.560 0.5008 0.7167
1Z2J 826 2.699 0.4733 0.7056
1Z2J 827 2.536 0.4970 0.7056
1Z2J 828 2.573 0.5010 0.7056
1Z2J 829 2.510 0.4929 0.7111
1Z2J 830 2.473 0.4999 0.6889
1Z2J 831 2.543 0.4927 0.7111
1Z2J 832 2.398 0.5147 0.7222
1Z2J 833 2.416 0.5259 0.7000
1Z2J 834 2.503 0.5130 0.7111
1Z2J 835 2.532 0.4979 0.7222
1Z2J 836 2.495 0.4978 0.7167
1Z2J 837 2.660 0.4774 0.6944
1Z2J 838 2.449 0.5049 0.7056
1Z2J 839 2.367 0.5143 0.7167
1Z2J 840 2.442 0.5004 0.7056
1Z2J 841 2.497 0.4967 0.7111
1Z2J 842 2.536 0.4897 0.7056
1Z2J 843 2.452 0.5183 0.7222
1Z2J 844 2.460 0.5267 0.7278
1Z2J 845 2.723 0.4707 0.6833
1Z2J 846 2.506 0.5145 0.7111
1Z2J 847 2.333 0.5518 0.7222
1Z2J 848 2.395 0.5369 0.7222
1Z2J 849 2.488 0.4993 0.7000
1Z2J 850 2.370 0.5169 0.7222
1Z2J 851 2.301 0.5521 0.7278
1Z2J 852 2.435 0.5261 0.7278
1Z2J 853 2.451 0.5174 0.7389
1Z2J 854 2.430 0.5088 0.7167
1Z2J 855 2.484 0.5124 0.7056
1Z2J 856 2.499 0.4975 0.7167
1Z2J 857 2.558 0.5063 0.7111
1Z2J 858 2.616 0.5228 0.7333
1Z2J 859 2.393 0.5236 0.7500
1Z2J 860 2.295 0.5271 0.7222
1Z2J 861 2.413 0.5200 0.7222
1Z2J 862 2.622 0.4906 0.7056
1Z2J 863 2.669 0.4983 0.7111
1Z2J 864 2.542 0.5018 0.7222
1Z2J 865 2.610 0.4995 0.7111
1Z2J 866 2.605 0.5134 0.7222
1Z2J 867 2.495 0.5234 0.7278
1Z2J 868 2.661 0.4993 0.7111
1Z2J 869 2.584 0.5006 0.7000
1Z2J 870 2.515 0.5238 0.7222
1Z2J 871 2.523 0.5267 0.7278
1Z2J 872 2.948 0.5087 0.6944
1Z2J 873 2.927 0.5212 0.7167
1Z2J 874 2.618 0.4928 0.7000
1Z2J 875 2.634 0.5102 0.7000
1Z2J 876 2.603 0.5280 0.7278
1Z2J 877 2.800 0.4950 0.6944
1Z2J 878 2.703 0.5148 0.7222
1Z2J 879 2.569 0.4991 0.7111
1Z2J 880 2.677 0.4832 0.6889
1Z2J 881 2.615 0.5125 0.7167
1Z2J 882 2.939 0.4872 0.6944
1Z2J 883 2.839 0.4879 0.6944
1Z2J 884 2.803 0.5168 0.7167
1Z2J 885 2.750 0.4969 0.7000
1Z2J 886 2.840 0.5020 0.7167
1Z2J 887 2.983 0.4893 0.6889
1Z2J 888 3.035 0.4805 0.6944
1Z2J 889 2.793 0.5001 0.7000
1Z2J 890 2.527 0.5180 0.7222
1Z2J 891 2.841 0.5048 0.7000
1Z2J 892 2.963 0.4948 0.6944
1Z2J 893 2.958 0.4899 0.7000
1Z2J 894 2.639 0.5303 0.7333
1Z2J 895 2.684 0.4981 0.7000
1Z2J 896 2.810 0.5045 0.6944
1Z2J 897 2.842 0.4944 0.7111
1Z2J 898 3.005 0.4797 0.6833
1Z2J 899 2.881 0.4849 0.7000
1Z2J 900 2.688 0.5062 0.7111
1Z2J 901 3.023 0.4907 0.6944
1Z2J 902 2.786 0.5060 0.7111
1Z2J 903 2.712 0.4953 0.7056
1Z2J 904 2.956 0.4924 0.7056
1Z2J 905 2.686 0.5012 0.7167
1Z2J 906 2.807 0.5123 0.7056
1Z2J 907 2.582 0.5238 0.7222
1Z2J 908 2.666 0.5232 0.7222
1Z2J 909 2.764 0.4884 0.6944
1Z2J 910 2.730 0.4987 0.7000
1Z2J 911 2.930 0.4903 0.7000
1Z2J 912 2.725 0.5007 0.7056
1Z2J 913 2.773 0.5046 0.7000
1Z2J 914 2.802 0.4964 0.7056
1Z2J 915 2.765 0.5127 0.7111
1Z2J 916 2.703 0.5059 0.6944
1Z2J 917 2.703 0.5062 0.7167
1Z2J 918 2.724 0.4981 0.7056
1Z2J 919 2.598 0.5156 0.7222
1Z2J 920 2.662 0.5196 0.7222
1Z2J 921 2.658 0.5113 0.7056
1Z2J 922 2.730 0.5139 0.7167
1Z2J 923 2.817 0.5024 0.7167
1Z2J 924 2.810 0.4957 0.7000
1Z2J 925 2.799 0.5104 0.7222
1Z2J 926 2.855 0.4843 0.6889
1Z2J 927 2.551 0.5247 0.7333
1Z2J 928 2.601 0.5204 0.7278
1Z2J 929 2.664 0.5112 0.7222
1Z2J 930 2.615 0.5243 0.7111
1Z2J 931 2.622 0.5068 0.7222
1Z2J 932 2.661 0.5056 0.6889
1Z2J 933 2.589 0.5235 0.7167
1Z2J 934 2.748 0.5329 0.7500
1Z2J 935 2.568 0.5193 0.7333
1Z2J 936 2.543 0.5424 0.7444
1Z2J 937 2.379 0.5409 0.7444
1Z2J 938 2.706 0.5045 0.7111
1Z2J 939 3.011 0.5042 0.7056
1Z2J 940 2.731 0.4865 0.7167
1Z2J 941 2.619 0.5274 0.7444
1Z2J 942 2.559 0.5548 0.7333
1Z2J 943 2.581 0.5329 0.7222
1Z2J 944 2.662 0.5298 0.7278
1Z2J 945 2.695 0.4870 0.6889
1Z2J 946 2.815 0.4852 0.7000
1Z2J 947 2.530 0.5324 0.7222
1Z2J 948 2.635 0.5182 0.7056
1Z2J 949 2.890 0.4934 0.7000
1Z2J 950 2.634 0.5118 0.7111
1Z2J 951 2.620 0.5170 0.7222
1Z2J 952 2.580 0.5253 0.7111
1Z2J 953 2.460 0.5285 0.7222
1Z2J 954 2.445 0.5175 0.7222
1Z2J 955 2.424 0.5278 0.7444
1Z2J 956 2.475 0.5180 0.7167
1Z2J 957 2.524 0.5426 0.7333
1Z2J 958 2.677 0.5418 0.7444
1Z2J 959 2.635 0.5047 0.7111
1Z2J 960 2.575 0.5099 0.7222
1Z2J 961 2.438 0.5382 0.7444
1Z2J 962 2.618 0.5038 0.7056
1Z2J 963 2.689 0.5049 0.7056
1Z2J 964 2.557 0.5111 0.7056
1Z2J 965 2.464 0.5273 0.7222
1Z2J 966 2.654 0.5274 0.7278
1Z2J 967 2.792 0.5005 0.7000
1Z2J 968 2.755 0.4891 0.7000
1Z2J 969 2.740 0.5246 0.7167
1Z2J 970 2.652 0.5130 0.7056
1Z2J 971 2.768 0.5072 0.7167
1Z2J 972 2.603 0.5221 0.7389
1Z2J 973 2.645 0.5112 0.7222
1Z2J 974 2.674 0.5314 0.7389
1Z2J 975 2.575 0.5264 0.7222
1Z2J 976 2.667 0.5015 0.6944
1Z2J 977 2.564 0.5176 0.7000
1Z2J 978 2.497 0.5265 0.7278
1Z2J 979 2.442 0.5474 0.7333
1Z2J 980 2.598 0.5261 0.7222
1Z2J 981 2.593 0.5118 0.7056
1Z2J 982 2.651 0.5047 0.7056
1Z2J 983 2.595 0.5255 0.7222
1Z2J 984 2.668 0.5139 0.7056
1Z2J 985 2.747 0.4815 0.6889
1Z2J 986 2.825 0.5119 0.7000
1Z2J 987 2.667 0.4896 0.7056
1Z2J 988 2.657 0.4846 0.6833
1Z2J 989 2.839 0.4843 0.6833
1Z2J 990 2.808 0.4787 0.6944
1Z2J 991 2.672 0.5048 0.7056
1Z2J 992 2.753 0.4852 0.6944
1Z2J 993 2.789 0.5022 0.6889
1Z2J 994 2.811 0.4991 0.7000
1Z2J 995 2.819 0.4774 0.7056
1Z2J 996 2.656 0.4816 0.6889
1Z2J 997 2.849 0.4922 0.6889
1Z2J 998 2.920 0.4508 0.6722
1Z2J 999 2.748 0.4672 0.7000
1Z2J 1000 2.690 0.4799 0.7056
1Z2J 1001 2.922 0.4659 0.7000
1Z2J 1002 2.870 0.4887 0.7000
1Z2J 1003 2.815 0.4902 0.6944
1Z2J 1004 2.775 0.4985 0.7167
1Z2J 1005 2.827 0.4977 0.7056
1Z2J 1006 2.908 0.4700 0.6833
1Z2J 1007 3.017 0.4537 0.6722
1Z2J 1008 2.877 0.4960 0.6944
1Z2J 1009 2.687 0.4941 0.6944
1Z2J 1010 2.520 0.5194 0.7167
1Z2J 1011 2.653 0.4855 0.7000
1Z2J 1012 2.791 0.4559 0.6722
1Z2J 1013 2.895 0.4658 0.6778
1Z2J 1014 3.024 0.4549 0.6778
1Z2J 1015 2.785 0.4741 0.6833
1Z2J 1016 2.805 0.4687 0.6722
1Z2J 1017 2.635 0.4805 0.6889
1Z2J 1018 2.662 0.5012 0.7111
1Z2J 1019 2.678 0.5169 0.7111
1Z2J 1020 2.657 0.5165 0.7111
1Z2J 1021 2.663 0.5022 0.7056
1Z2J 1022 2.750 0.4746 0.6833
1Z2J 1023 2.722 0.4893 0.6833
1Z2J 1024 2.868 0.4741 0.6722
1Z2J 1025 2.782 0.4920 0.6889
1Z2J 1026 2.686 0.5186 0.7167
1Z2J 1027 2.588 0.5362 0.7333
1Z2J 1028 2.627 0.5189 0.7222
1Z2J 1029 2.740 0.5219 0.7111
1Z2J 1030 2.761 0.4815 0.6778
1Z2J 1031 2.651 0.5038 0.7000
1Z2J 1032 2.598 0.5173 0.7278
1Z2J 1033 2.701 0.5224 0.7278
1Z2J 1034 2.406 0.5297 0.7444
1Z2J 1035 2.597 0.5069 0.7056
1Z2J 1036 2.693 0.5012 0.7000
1Z2J 1037 2.818 0.4959 0.6944
1Z2J 1038 2.881 0.5145 0.7000
1Z2J 1039 2.803 0.5054 0.6944
1Z2J 1040 2.846 0.4760 0.6778
1Z2J 1041 2.841 0.4878 0.7000
1Z2J 1042 2.634 0.4871 0.7111
1Z2J 1043 2.660 0.4768 0.6889
1Z2J 1044 2.787 0.4901 0.7056
1Z2J 1045 2.537 0.4944 0.7167
1Z2J 1046 2.563 0.5117 0.7056
