2LDT 1 0.000 1.0000 1.0000
2LDT 2 9.149 0.4083 0.5323
2LDT 3 7.327 0.4361 0.5726
2LDT 4 4.195 0.4586 0.6532
2LDT 5 2.526 0.4457 0.7581
2LDT 6 5.120 0.4657 0.6210
2LDT 7 6.621 0.4099 0.5806
2LDT 8 3.806 0.4830 0.6774
2LDT 9 3.456 0.4833 0.7097
2LDT 10 2.794 0.4834 0.7500
2LDT 11 3.319 0.4829 0.7097
2LDT 12 9.003 0.4524 0.5565
2LDT 13 3.896 0.4823 0.6855
2LDT 14 9.633 0.2420 0.3952
2LDT 15 12.784 0.2047 0.3548
2LDT 16 7.366 0.3410 0.5161
2LDT 17 12.164 0.2169 0.3468
2LDT 18 6.388 0.3549 0.5645
2LDT 19 10.100 0.2115 0.3548
2LDT 20 12.263 0.2469 0.4355
2LDT 21 10.523 0.3167 0.4758
2LDT 22 10.759 0.2976 0.4194
2LDT 23 14.901 0.2567 0.4194
2LDT 24 13.965 0.2352 0.3790
2LDT 25 10.163 0.2950 0.4516
2LDT 26 10.306 0.2647 0.4113
2LDT 27 7.161 0.3253 0.5242
2LDT 28 8.571 0.2615 0.4516
2LDT 29 11.106 0.2496 0.4113
2LDT 30 9.971 0.2675 0.4274
2LDT 31 8.595 0.3556 0.5565
2LDT 32 11.439 0.2563 0.4355
2LDT 33 10.136 0.3481 0.4919
2LDT 34 6.811 0.2875 0.4919
2LDT 35 7.206 0.3286 0.5161
2LDT 36 7.429 0.2417 0.4597
2LDT 37 8.513 0.3699 0.5081
2LDT 38 9.928 0.3232 0.4919
2LDT 39 6.820 0.3098 0.5000
2LDT 40 14.913 0.2633 0.4516
2LDT 41 15.821 0.3140 0.4355
2LDT 42 6.438 0.3238 0.5484
2LDT 43 13.175 0.3508 0.5000
2LDT 44 6.569 0.3326 0.5484
2LDT 45 8.184 0.3220 0.5323
2LDT 46 5.790 0.2152 0.4839
2LDT 47 13.031 0.1780 0.2984
2LDT 48 6.941 0.3597 0.5000
2LDT 49 9.857 0.3151 0.4516
2LDT 50 5.742 0.3157 0.5242
2LDT 51 6.708 0.3627 0.5645
2LDT 52 7.473 0.3298 0.5161
2LDT 53 7.146 0.3523 0.5323
2LDT 54 10.109 0.1104 0.2823
2LDT 55 9.313 0.1800 0.3306
2LDT 56 9.876 0.1256 0.2742
2LDT 57 11.565 0.2595 0.4032
2LDT 58 14.391 0.1389 0.2500
2LDT 59 12.188 0.2031 0.3065
2LDT 60 10.443 0.2237 0.4032
2LDT 61 15.428 0.1860 0.3145
2LDT 62 14.039 0.1448 0.2581
2LDT 63 10.887 0.2152 0.4274
2LDT 64 16.252 0.1730 0.3226
2LDT 65 12.076 0.2047 0.3145
2LDT 66 8.737 0.2111 0.4032
2LDT 67 14.817 0.3403 0.4516
2LDT 68 12.470 0.2850 0.4435
2LDT 69 11.773 0.1829 0.3065
2LDT 70 11.078 0.3373 0.4839
2LDT 71 13.740 0.1557 0.2984
2LDT 72 9.951 0.1920 0.3387
2LDT 73 7.755 0.2884 0.4677
2LDT 74 15.885 0.2052 0.3548
2LDT 75 8.833 0.2494 0.4032
2LDT 76 9.635 0.2779 0.4274
2LDT 77 10.590 0.1931 0.3548
2LDT 78 10.603 0.3236 0.5161
2LDT 79 13.226 0.2873 0.4597
2LDT 80 10.295 0.3038 0.4355
2LDT 81 9.705 0.2902 0.4194
2LDT 82 13.699 0.2460 0.3871
2LDT 83 10.475 0.3477 0.5161
2LDT 84 8.680 0.2595 0.4758
2LDT 85 6.555 0.2734 0.5242
2LDT 86 13.328 0.2526 0.3952
2LDT 87 6.993 0.3498 0.5161
2LDT 88 9.761 0.3408 0.4677
2LDT 89 5.100 0.2943 0.5968
2LDT 90 8.133 0.3113 0.5323
2LDT 91 9.379 0.3287 0.5000
2LDT 92 6.861 0.3274 0.5242
2LDT 93 8.561 0.2895 0.4677
2LDT 94 10.473 0.1212 0.2823
2LDT 95 10.536 0.2968 0.4355
2LDT 96 9.508 0.1473 0.3468
2LDT 97 7.877 0.3482 0.5323
2LDT 98 9.673 0.3052 0.4758
2LDT 99 12.159 0.3106 0.4435
2LDT 100 10.814 0.1550 0.3629
2LDT 101 8.867 0.1784 0.3871
2LDT 102 7.737 0.2439 0.4355
2LDT 103 15.815 0.1191 0.3065
2LDT 104 7.486 0.3770 0.5565
2LDT 105 5.835 0.2803 0.5000
2LDT 106 11.263 0.1435 0.3065
2LDT 107 14.731 0.2067 0.3629
2LDT 108 8.656 0.2929 0.5000
2LDT 109 9.724 0.2743 0.4274
2LDT 110 11.254 0.3117 0.4435
2LDT 111 13.016 0.2498 0.4113
2LDT 112 7.618 0.3265 0.4677
2LDT 113 13.109 0.3028 0.4919
2LDT 114 10.351 0.3111 0.4435
2LDT 115 14.667 0.2720 0.4274
2LDT 116 11.020 0.1995 0.3548
2LDT 117 9.803 0.3114 0.4919
2LDT 118 10.558 0.2496 0.4274
2LDT 119 5.089 0.3108 0.5484
2LDT 120 9.361 0.2850 0.4113
2LDT 121 6.448 0.2688 0.4839
2LDT 122 8.507 0.2886 0.4516
2LDT 123 12.111 0.3129 0.5161
2LDT 124 7.331 0.2408 0.4435
2LDT 125 8.719 0.3330 0.5081
2LDT 126 5.542 0.3577 0.5806
2LDT 127 11.358 0.3528 0.4677
2LDT 128 8.729 0.1881 0.4032
2LDT 129 10.625 0.3281 0.4919
2LDT 130 11.056 0.2909 0.4597
2LDT 131 10.059 0.3710 0.5565
2LDT 132 14.872 0.2526 0.4113
2LDT 133 6.427 0.2784 0.5161
2LDT 134 13.117 0.1919 0.3226
2LDT 135 13.202 0.1362 0.2984
2LDT 136 8.940 0.3031 0.4919
2LDT 137 7.726 0.3642 0.5806
2LDT 138 10.038 0.1361 0.3226
2LDT 139 13.776 0.1331 0.2661
2LDT 140 13.113 0.1571 0.2984
2LDT 141 12.948 0.1511 0.2742
2LDT 142 11.085 0.1841 0.3710
2LDT 143 9.045 0.3032 0.4516
2LDT 144 8.143 0.3366 0.5403
2LDT 145 14.139 0.3385 0.4839
2LDT 146 11.104 0.2605 0.3952
2LDT 147 8.285 0.2561 0.4113
2LDT 148 14.763 0.3026 0.4435
2LDT 149 12.713 0.3166 0.4274
2LDT 150 9.641 0.3409 0.4516
2LDT 151 6.001 0.2365 0.4597
2LDT 152 7.969 0.2417 0.4274
2LDT 153 9.845 0.3288 0.4919
2LDT 154 12.824 0.3459 0.4919
2LDT 155 11.238 0.2019 0.3710
2LDT 156 6.517 0.3441 0.5484
2LDT 157 6.129 0.3417 0.5403
2LDT 158 12.614 0.3426 0.5000
2LDT 159 8.051 0.3619 0.5242
2LDT 160 6.931 0.3055 0.4677
2LDT 161 14.331 0.2287 0.3952
2LDT 162 5.349 0.3311 0.5726
2LDT 163 5.783 0.2350 0.5081
2LDT 164 11.132 0.3864 0.5081
2LDT 165 3.411 0.4274 0.7097
2LDT 166 7.729 0.3203 0.4919
2LDT 167 6.033 0.3033 0.5403
2LDT 168 6.905 0.3256 0.5242
2LDT 169 10.384 0.3292 0.4758
2LDT 170 5.265 0.3250 0.5806
2LDT 171 7.054 0.3530 0.5000
2LDT 172 8.988 0.3092 0.4919
2LDT 173 6.106 0.3895 0.5645
2LDT 174 11.344 0.1303 0.2258
2LDT 175 9.638 0.1323 0.2823
2LDT 176 12.391 0.2280 0.3548
2LDT 177 11.954 0.1457 0.2984
2LDT 178 12.337 0.1882 0.3065
2LDT 179 14.414 0.1151 0.2661
2LDT 180 14.795 0.1365 0.2661
2LDT 181 14.615 0.1311 0.2661
2LDT 182 10.056 0.2514 0.4677
2LDT 183 8.965 0.2644 0.4355
2LDT 184 11.365 0.1672 0.3790
2LDT 185 11.294 0.1742 0.3306
2LDT 186 13.543 0.1784 0.3468
2LDT 187 10.833 0.1991 0.4032
2LDT 188 8.135 0.2086 0.3710
2LDT 189 10.690 0.2030 0.3468
2LDT 190 15.172 0.2238 0.4113
2LDT 191 15.060 0.1296 0.2661
2LDT 192 15.784 0.1734 0.3468
2LDT 193 10.895 0.1618 0.3468
2LDT 194 11.164 0.1949 0.4274
2LDT 195 12.041 0.1922 0.3306
2LDT 196 13.387 0.1668 0.3065
2LDT 197 15.338 0.1978 0.3710
2LDT 198 11.517 0.2058 0.3952
2LDT 199 13.287 0.1774 0.3387
2LDT 200 13.499 0.1493 0.3226
2LDT 201 8.455 0.1956 0.3468
2LDT 202 14.408 0.1769 0.3548
2LDT 203 13.819 0.1504 0.3145
2LDT 204 11.258 0.1889 0.3306
2LDT 205 9.759 0.2682 0.4677
2LDT 206 14.237 0.2249 0.3629
2LDT 207 10.039 0.2059 0.3548
2LDT 208 10.836 0.2108 0.3468
2LDT 209 9.479 0.1925 0.3871
2LDT 210 12.887 0.2528 0.4113
2LDT 211 8.502 0.2615 0.4194
2LDT 212 7.290 0.2983 0.4677
2LDT 213 7.754 0.2559 0.4919
2LDT 214 13.957 0.2068 0.3468
2LDT 215 11.772 0.1531 0.2903
2LDT 216 13.441 0.1858 0.3387
2LDT 217 8.788 0.2578 0.4677
2LDT 218 10.677 0.2603 0.4677
2LDT 219 15.368 0.1741 0.2823
2LDT 220 11.949 0.1647 0.3387
2LDT 221 15.029 0.2321 0.3387
2LDT 222 10.111 0.3115 0.4919
2LDT 223 14.064 0.1543 0.3629
2LDT 224 16.006 0.1532 0.3065
2LDT 225 14.463 0.2225 0.3306
2LDT 226 15.976 0.1358 0.3226
2LDT 227 6.860 0.2790 0.4597
2LDT 228 12.656 0.3417 0.4919
2LDT 229 6.527 0.3061 0.4919
2LDT 230 14.469 0.2964 0.4919
2LDT 231 5.305 0.3017 0.5645
2LDT 232 10.745 0.2963 0.4758
2LDT 233 11.956 0.3212 0.4677
2LDT 234 12.641 0.3062 0.4839
2LDT 235 12.116 0.1939 0.3952
2LDT 236 8.667 0.1715 0.3952
2LDT 237 9.523 0.1319 0.2903
2LDT 238 15.356 0.2891 0.4194
2LDT 239 8.270 0.3177 0.5484
2LDT 240 6.795 0.3130 0.5000
2LDT 241 9.946 0.2395 0.4194
2LDT 242 14.742 0.1625 0.3306
2LDT 243 9.572 0.3095 0.4516
2LDT 244 9.277 0.2813 0.4516
2LDT 245 6.119 0.3637 0.5484
2LDT 246 7.162 0.3215 0.4919
2LDT 247 7.062 0.3495 0.5161
2LDT 248 13.744 0.2623 0.4113
2LDT 249 6.683 0.3348 0.5323
2LDT 250 14.760 0.2865 0.4435
2LDT 251 7.422 0.3063 0.4839
2LDT 252 6.868 0.3010 0.5403
2LDT 253 5.774 0.3201 0.5484
2LDT 254 10.505 0.2362 0.4435
2LDT 255 11.534 0.1335 0.2742
2LDT 256 11.497 0.2211 0.3790
2LDT 257 10.577 0.2114 0.3790
2LDT 258 10.216 0.3007 0.4677
2LDT 259 13.382 0.1913 0.3468
2LDT 260 6.524 0.3361 0.5161
2LDT 261 9.557 0.1675 0.3468
2LDT 262 9.403 0.2525 0.4355
2LDT 263 11.002 0.2597 0.4677
2LDT 264 12.116 0.2360 0.4113
2LDT 265 10.463 0.2936 0.4435
2LDT 266 11.417 0.2115 0.4032
2LDT 267 13.575 0.2890 0.4516
2LDT 268 8.079 0.3342 0.5000
2LDT 269 7.071 0.2380 0.4677
2LDT 270 8.065 0.1835 0.3952
2LDT 271 10.541 0.1576 0.3226
2LDT 272 6.215 0.3555 0.5565
2LDT 273 8.350 0.2914 0.4677
2LDT 274 12.585 0.2978 0.4435
2LDT 275 14.137 0.1878 0.3145
2LDT 276 14.640 0.2703 0.3952
2LDT 277 5.265 0.3102 0.5726
2LDT 278 11.587 0.2747 0.4516
2LDT 279 14.163 0.3086 0.4516
2LDT 280 7.981 0.3674 0.5242
2LDT 281 9.487 0.3132 0.4516
2LDT 282 6.144 0.3578 0.5645
2LDT 283 10.977 0.2259 0.3952
2LDT 284 6.212 0.3532 0.5565
2LDT 285 11.245 0.3002 0.4435
2LDT 286 7.933 0.3555 0.5484
2LDT 287 4.842 0.2873 0.5484
2LDT 288 9.094 0.3563 0.5081
2LDT 289 14.752 0.2952 0.4597
2LDT 290 9.210 0.2534 0.4597
2LDT 291 7.005 0.3452 0.5000
2LDT 292 5.464 0.3734 0.6210
2LDT 293 5.155 0.2974 0.5806
2LDT 294 9.627 0.1064 0.2500
2LDT 295 13.414 0.1329 0.2581
2LDT 296 12.777 0.2199 0.3306
2LDT 297 13.465 0.1761 0.2823
2LDT 298 8.316 0.1891 0.3871
2LDT 299 14.518 0.2503 0.3952
2LDT 300 11.922 0.3253 0.4435
2LDT 301 11.293 0.2372 0.3710
2LDT 302 10.002 0.1864 0.3871
2LDT 303 8.360 0.1833 0.3710
2LDT 304 12.211 0.1871 0.3468
2LDT 305 12.327 0.3348 0.4516
2LDT 306 7.860 0.3424 0.5484
2LDT 307 9.151 0.3456 0.5000
2LDT 308 8.055 0.1872 0.4274
2LDT 309 5.853 0.2558 0.5161
2LDT 310 8.921 0.2768 0.4677
2LDT 311 12.506 0.2165 0.3629
2LDT 312 5.256 0.3295 0.5645
2LDT 313 14.863 0.1543 0.3468
2LDT 314 11.645 0.3012 0.4597
2LDT 315 9.303 0.3726 0.5484
2LDT 316 11.900 0.2354 0.4032
2LDT 317 14.782 0.2263 0.3710
2LDT 318 8.005 0.3142 0.5000
2LDT 319 11.168 0.2114 0.3468
2LDT 320 12.212 0.1938 0.3306
2LDT 321 10.378 0.2989 0.4435
2LDT 322 9.767 0.3145 0.4758
2LDT 323 10.841 0.2788 0.4032
2LDT 324 16.928 0.2203 0.3952
2LDT 325 11.730 0.3158 0.4758
2LDT 326 6.787 0.3366 0.5403
2LDT 327 17.697 0.2163 0.3790
2LDT 328 10.844 0.2737 0.4435
2LDT 329 5.119 0.3478 0.5887
2LDT 330 14.630 0.2513 0.4194
2LDT 331 5.653 0.3368 0.5565
2LDT 332 14.500 0.2077 0.3790
2LDT 333 12.878 0.2481 0.3952
2LDT 334 13.127 0.2352 0.3952
2LDT 335 12.642 0.2505 0.4113
2LDT 336 12.448 0.1275 0.3226
2LDT 337 14.002 0.2692 0.4274
2LDT 338 13.411 0.1272 0.2742
2LDT 339 12.079 0.1612 0.3629
2LDT 340 12.610 0.2879 0.4839
2LDT 341 6.228 0.3977 0.6048
2LDT 342 12.489 0.1559 0.3145
2LDT 343 11.119 0.2174 0.3548
2LDT 344 12.775 0.2018 0.3387
2LDT 345 7.440 0.2750 0.4839
2LDT 346 12.740 0.1813 0.2903
2LDT 347 13.934 0.2681 0.3871
2LDT 348 11.562 0.2309 0.4032
2LDT 349 9.930 0.1442 0.3306
2LDT 350 8.068 0.3507 0.4758
2LDT 351 10.525 0.3228 0.4677
2LDT 352 8.701 0.1504 0.3548
2LDT 353 14.922 0.1890 0.2903
2LDT 354 10.060 0.2903 0.4516
2LDT 355 12.795 0.3665 0.4839
2LDT 356 10.008 0.3607 0.5000
2LDT 357 7.344 0.2977 0.4597
2LDT 358 9.960 0.2042 0.3629
2LDT 359 11.298 0.2083 0.3710
2LDT 360 8.039 0.2421 0.4113
2LDT 361 10.818 0.3583 0.4919
2LDT 362 9.725 0.2182 0.3790
2LDT 363 7.932 0.3066 0.4839
2LDT 364 8.188 0.3295 0.4919
2LDT 365 12.249 0.3333 0.4677
2LDT 366 5.334 0.2673 0.5806
2LDT 367 9.686 0.3438 0.5565
2LDT 368 9.617 0.2890 0.4597
2LDT 369 8.017 0.2562 0.4597
2LDT 370 11.144 0.2421 0.4032
2LDT 371 8.206 0.3105 0.4839
2LDT 372 5.726 0.3339 0.5565
2LDT 373 9.826 0.3297 0.4516
2LDT 374 15.395 0.0925 0.2177
2LDT 375 13.640 0.2276 0.3710
2LDT 376 8.902 0.1924 0.3952
2LDT 377 15.692 0.1576 0.2984
2LDT 378 11.940 0.1348 0.3145
2LDT 379 7.608 0.3238 0.5081
2LDT 380 6.001 0.1669 0.4113
2LDT 381 12.744 0.1395 0.2742
2LDT 382 11.674 0.1437 0.2984
2LDT 383 9.337 0.1400 0.2903
2LDT 384 7.719 0.3350 0.5242
2LDT 385 12.317 0.2487 0.4032
2LDT 386 6.857 0.3256 0.5323
2LDT 387 10.498 0.2894 0.4677
2LDT 388 17.736 0.1790 0.3306
2LDT 389 8.956 0.2992 0.5000
2LDT 390 11.832 0.3597 0.5242
2LDT 391 7.443 0.3512 0.5323
2LDT 392 10.893 0.2897 0.4919
2LDT 393 12.403 0.2848 0.4435
2LDT 394 10.664 0.3058 0.4597
2LDT 395 12.771 0.2922 0.4274
2LDT 396 7.756 0.2692 0.4597
2LDT 397 8.364 0.2222 0.4113
2LDT 398 12.376 0.2733 0.4274
2LDT 399 7.908 0.3590 0.5645
2LDT 400 13.416 0.2045 0.3790
2LDT 401 8.524 0.3514 0.5081
2LDT 402 9.823 0.3274 0.4839
2LDT 403 7.335 0.3309 0.5000
2LDT 404 11.733 0.2421 0.4032
2LDT 405 8.173 0.3407 0.4758
2LDT 406 5.670 0.3725 0.5968
2LDT 407 11.524 0.3026 0.4919
2LDT 408 6.270 0.3176 0.5403
2LDT 409 6.741 0.2992 0.5081
2LDT 410 6.993 0.3771 0.5484
2LDT 411 8.530 0.2851 0.4758
2LDT 412 4.088 0.3128 0.6129
2LDT 413 6.178 0.3118 0.5484
2LDT 414 1.484 0.5936 0.8548
2LDT 415 2.291 0.4059 0.7419
2LDT 416 2.083 0.4153 0.7500
2LDT 417 1.969 0.4755 0.7903
2LDT 418 2.050 0.4593 0.7581
2LDT 419 2.066 0.4609 0.7742
2LDT 420 2.036 0.4461 0.7581
2LDT 421 2.023 0.4425 0.7581
2LDT 422 2.018 0.4509 0.7581
2LDT 423 2.034 0.4462 0.7581
2LDT 424 2.050 0.4438 0.7581
2LDT 425 2.045 0.4514 0.7581
2LDT 426 2.068 0.4450 0.7500
2LDT 427 2.083 0.4381 0.7581
2LDT 428 2.069 0.4404 0.7581
2LDT 429 2.084 0.4363 0.7661
2LDT 430 2.085 0.4383 0.7581
2LDT 431 2.075 0.4383 0.7661
2LDT 432 2.071 0.4410 0.7661
2LDT 433 2.089 0.4338 0.7581
2LDT 434 2.061 0.4426 0.7581
2LDT 435 2.069 0.4466 0.7661
2LDT 436 2.085 0.4465 0.7661
2LDT 437 2.092 0.4427 0.7661
2LDT 438 2.093 0.4389 0.7581
2LDT 439 2.107 0.4363 0.7581
2LDT 440 2.112 0.4354 0.7500
2LDT 441 2.092 0.4386 0.7581
2LDT 442 2.085 0.4381 0.7581
2LDT 443 2.075 0.4416 0.7661
2LDT 444 2.077 0.4444 0.7661
2LDT 445 2.077 0.4471 0.7742
2LDT 446 2.075 0.4481 0.7742
2LDT 447 2.085 0.4386 0.7661
2LDT 448 2.070 0.4399 0.7742
2LDT 449 2.082 0.4406 0.7581
2LDT 450 2.098 0.4350 0.7742
2LDT 451 2.075 0.4459 0.7742
2LDT 452 2.096 0.4474 0.7581
2LDT 453 2.105 0.4380 0.7500
2LDT 454 2.084 0.4460 0.7661
2LDT 455 2.102 0.4389 0.7661
2LDT 456 2.106 0.4369 0.7500
2LDT 457 2.088 0.4371 0.7419
2LDT 458 2.075 0.4531 0.7742
2LDT 459 2.112 0.4365 0.7500
2LDT 460 2.103 0.4424 0.7500
2LDT 461 2.082 0.4485 0.7661
2LDT 462 2.062 0.4521 0.7823
2LDT 463 2.084 0.4473 0.7742
2LDT 464 2.104 0.4426 0.7581
2LDT 465 2.086 0.4491 0.7742
2LDT 466 2.057 0.4574 0.7742
2LDT 467 2.081 0.4397 0.7581
2LDT 468 2.095 0.4471 0.7742
2LDT 469 2.079 0.4510 0.7581
2LDT 470 2.123 0.4293 0.7500
2LDT 471 2.103 0.4434 0.7742
2LDT 472 2.052 0.4361 0.7500
2LDT 473 2.069 0.4259 0.7500
2LDT 474 2.084 0.4347 0.7500
2LDT 475 2.048 0.4456 0.7661
2LDT 476 2.079 0.4353 0.7500
2LDT 477 2.082 0.4302 0.7500
2LDT 478 2.031 0.4417 0.7742
2LDT 479 2.083 0.4240 0.7581
2LDT 480 2.090 0.4264 0.7581
2LDT 481 2.097 0.4392 0.7581
2LDT 482 2.072 0.4426 0.7581
2LDT 483 2.099 0.4322 0.7661
2LDT 484 2.086 0.4440 0.7742
2LDT 485 2.103 0.4351 0.7581
2LDT 486 2.145 0.4395 0.7742
2LDT 487 2.079 0.4455 0.7823
2LDT 488 2.093 0.4347 0.7581
2LDT 489 2.023 0.4447 0.7661
2LDT 490 2.026 0.4449 0.7661
2LDT 491 2.020 0.4407 0.7661
2LDT 492 2.070 0.4343 0.7581
2LDT 493 2.031 0.4325 0.7581
2LDT 494 2.018 0.4391 0.7661
2LDT 495 2.012 0.4553 0.7823
2LDT 496 1.979 0.4485 0.7581
2LDT 497 1.993 0.4460 0.7661
2LDT 498 1.965 0.4516 0.7823
2LDT 499 2.012 0.4493 0.7742
2LDT 500 1.990 0.4635 0.7742
2LDT 501 2.003 0.4640 0.7661
2LDT 502 2.068 0.4473 0.7742
2LDT 503 2.020 0.4582 0.7823
2LDT 504 2.031 0.4412 0.7661
2LDT 505 1.996 0.4441 0.7661
2LDT 506 1.996 0.4596 0.7742
2LDT 507 1.921 0.4695 0.7742
2LDT 508 1.957 0.4605 0.7742
2LDT 509 1.940 0.4918 0.7903
2LDT 510 2.006 0.4528 0.7742
2LDT 511 2.021 0.4573 0.7661
2LDT 512 1.914 0.4748 0.7823
2LDT 513 1.894 0.4834 0.7823
2LDT 514 1.962 0.4510 0.7742
2LDT 515 1.971 0.4807 0.7903
2LDT 516 1.945 0.4894 0.8065
2LDT 517 2.017 0.4781 0.7984
2LDT 518 2.009 0.4714 0.7903
2LDT 519 1.970 0.4582 0.7742
2LDT 520 1.977 0.4685 0.7823
2LDT 521 2.021 0.4496 0.7823
2LDT 522 1.979 0.4512 0.7742
2LDT 523 1.953 0.4620 0.7742
2LDT 524 1.962 0.4656 0.7903
2LDT 525 1.958 0.4880 0.7823
2LDT 526 1.902 0.4860 0.7742
2LDT 527 1.881 0.5015 0.7984
2LDT 528 1.984 0.4612 0.7742
2LDT 529 1.917 0.4752 0.7903
2LDT 530 1.936 0.4860 0.7903
2LDT 531 1.904 0.4662 0.7903
2LDT 532 1.923 0.4853 0.7903
2LDT 533 1.977 0.4665 0.7661
2LDT 534 2.034 0.4427 0.7661
2LDT 535 2.036 0.4534 0.7661
2LDT 536 2.028 0.4604 0.7661
2LDT 537 2.034 0.4734 0.7742
2LDT 538 2.111 0.4632 0.7661
2LDT 539 2.025 0.4612 0.7661
2LDT 540 2.084 0.4488 0.7581
2LDT 541 2.044 0.4519 0.7661
2LDT 542 2.025 0.4571 0.7661
2LDT 543 2.035 0.4569 0.7581
2LDT 544 2.124 0.4395 0.7500
2LDT 545 2.047 0.4563 0.7581
2LDT 546 2.093 0.4406 0.7661
2LDT 547 2.043 0.4417 0.7581
2LDT 548 2.127 0.4387 0.7581
2LDT 549 2.047 0.4315 0.7500
2LDT 550 2.050 0.4572 0.7742
2LDT 551 2.099 0.4362 0.7500
2LDT 552 2.089 0.4404 0.7581
2LDT 553 2.141 0.4456 0.7581
2LDT 554 1.996 0.4525 0.7661
2LDT 555 2.177 0.4246 0.7500
2LDT 556 2.127 0.4316 0.7419
2LDT 557 2.066 0.4538 0.7500
2LDT 558 2.115 0.4401 0.7581
2LDT 559 2.033 0.4625 0.7742
2LDT 560 2.139 0.4298 0.7419
2LDT 561 2.040 0.4562 0.7661
2LDT 562 2.006 0.4712 0.7742
2LDT 563 2.104 0.4513 0.7581
2LDT 564 1.931 0.4784 0.7742
2LDT 565 2.078 0.4343 0.7581
2LDT 566 2.036 0.4329 0.7581
2LDT 567 2.112 0.4471 0.7581
2LDT 568 2.084 0.4567 0.7581
2LDT 569 2.041 0.4724 0.7742
2LDT 570 2.086 0.4495 0.7661
2LDT 571 2.067 0.4655 0.7661
2LDT 572 2.131 0.4524 0.7661
2LDT 573 1.993 0.4799 0.7903
2LDT 574 2.114 0.4557 0.7581
2LDT 575 1.982 0.4700 0.7742
2LDT 576 2.119 0.4360 0.7581
2LDT 577 2.038 0.4644 0.7661
2LDT 578 2.046 0.4431 0.7581
2LDT 579 2.049 0.4462 0.7581
2LDT 580 2.050 0.4658 0.7742
2LDT 581 2.044 0.4577 0.7661
2LDT 582 2.057 0.4693 0.7742
2LDT 583 2.050 0.4534 0.7581
2LDT 584 2.035 0.4742 0.7742
2LDT 585 2.062 0.4638 0.7581
2LDT 586 2.104 0.4531 0.7500
2LDT 587 1.977 0.4649 0.7742
2LDT 588 2.122 0.4567 0.7661
2LDT 589 2.037 0.4598 0.7581
2LDT 590 2.096 0.4498 0.7661
2LDT 591 2.081 0.4758 0.7742
2LDT 592 2.118 0.4644 0.7742
2LDT 593 2.105 0.4684 0.7742
2LDT 594 2.078 0.4643 0.7661
2LDT 595 2.028 0.4674 0.7742
2LDT 596 2.033 0.4655 0.7661
2LDT 597 1.946 0.4680 0.7661
2LDT 598 2.055 0.4489 0.7581
2LDT 599 1.985 0.4673 0.7661
2LDT 600 1.989 0.4667 0.7661
2LDT 601 2.054 0.4465 0.7661
2LDT 602 2.043 0.4335 0.7742
2LDT 603 2.149 0.4649 0.7742
2LDT 604 2.084 0.4523 0.7823
2LDT 605 2.169 0.4520 0.7661
2LDT 606 2.044 0.4427 0.7581
2LDT 607 2.054 0.4485 0.7742
2LDT 608 2.191 0.4141 0.7419
2LDT 609 2.073 0.4478 0.7823
2LDT 610 2.141 0.4429 0.7742
2LDT 611 2.268 0.4152 0.7581
2LDT 612 2.133 0.4729 0.7823
2LDT 613 2.212 0.4409 0.7500
2LDT 614 2.064 0.4433 0.7500
2LDT 615 2.115 0.4138 0.7500
2LDT 616 2.116 0.4173 0.7500
2LDT 617 2.047 0.4480 0.7661
2LDT 618 2.099 0.4736 0.7823
2LDT 619 2.197 0.4416 0.7581
2LDT 620 2.166 0.4656 0.7742
2LDT 621 2.217 0.4320 0.7581
2LDT 622 1.954 0.4917 0.7903
2LDT 623 2.052 0.4331 0.7581
2LDT 624 2.049 0.4876 0.7984
2LDT 625 2.167 0.4390 0.7823
2LDT 626 2.150 0.4413 0.7581
2LDT 627 2.008 0.4561 0.7823
2LDT 628 2.014 0.4434 0.7661
2LDT 629 2.191 0.4218 0.7339
2LDT 630 2.128 0.4716 0.7984
2LDT 631 2.255 0.4686 0.8065
2LDT 632 2.159 0.4801 0.7984
2LDT 633 2.052 0.4851 0.8145
2LDT 634 2.094 0.4908 0.8065
2LDT 635 2.092 0.4666 0.7984
2LDT 636 2.152 0.4653 0.8065
2LDT 637 2.172 0.4918 0.8145
2LDT 638 2.197 0.4708 0.7984
2LDT 639 2.299 0.4707 0.7823
2LDT 640 2.310 0.4710 0.7903
2LDT 641 2.202 0.4583 0.7984
2LDT 642 2.135 0.4839 0.8065
2LDT 643 2.212 0.4291 0.7823
2LDT 644 2.104 0.4688 0.7903
2LDT 645 2.198 0.4740 0.7903
2LDT 646 2.186 0.4706 0.8065
2LDT 647 2.169 0.4665 0.7903
2LDT 648 2.272 0.4406 0.7661
2LDT 649 2.280 0.4319 0.7581
2LDT 650 2.325 0.4500 0.7661
2LDT 651 2.374 0.4421 0.7581
2LDT 652 2.316 0.4613 0.7823
2LDT 653 2.527 0.4430 0.7823
2LDT 654 2.456 0.5165 0.8065
2LDT 655 2.475 0.4980 0.7903
2LDT 656 2.473 0.4789 0.7903
2LDT 657 2.371 0.5043 0.8065
2LDT 658 2.517 0.4520 0.7661
2LDT 659 2.494 0.4595 0.7903
2LDT 660 2.440 0.4742 0.7823
2LDT 661 2.480 0.4683 0.7903
2LDT 662 2.519 0.4471 0.7742
2LDT 663 2.354 0.4756 0.8065
2LDT 664 2.441 0.4602 0.7823
2LDT 665 2.466 0.4936 0.7984
2LDT 666 2.383 0.4894 0.8065
2LDT 667 2.378 0.4803 0.7984
2LDT 668 2.430 0.4950 0.7984
2LDT 669 2.359 0.4533 0.7661
2LDT 670 2.402 0.5020 0.8065
2LDT 671 2.297 0.5003 0.8145
2LDT 672 2.354 0.4575 0.7823
2LDT 673 2.426 0.4679 0.7984
2LDT 674 2.441 0.4531 0.7823
2LDT 675 2.377 0.4834 0.7903
2LDT 676 2.448 0.4453 0.7581
2LDT 677 2.379 0.4532 0.7742
2LDT 678 2.544 0.4647 0.7661
2LDT 679 2.529 0.4515 0.7742
2LDT 680 2.440 0.4393 0.7742
2LDT 681 2.345 0.4534 0.7742
2LDT 682 2.546 0.4272 0.7500
2LDT 683 2.497 0.4407 0.7661
2LDT 684 2.511 0.4186 0.7500
2LDT 685 2.768 0.4157 0.7177
2LDT 686 2.744 0.4220 0.7339
2LDT 687 2.500 0.4349 0.7581
2LDT 688 2.521 0.3952 0.7339
2LDT 689 2.462 0.4077 0.7339
2LDT 690 2.359 0.4416 0.7823
2LDT 691 2.566 0.4172 0.7419
2LDT 692 2.696 0.4009 0.7419
2LDT 693 2.503 0.4194 0.7339
2LDT 694 2.781 0.3820 0.7097
2LDT 695 2.584 0.3878 0.7258
2LDT 696 2.550 0.4104 0.7339
2LDT 697 2.555 0.4095 0.7339
2LDT 698 2.539 0.4172 0.7339
2LDT 699 2.440 0.4325 0.7661
2LDT 700 2.462 0.4350 0.7742
2LDT 701 2.487 0.4213 0.7661
2LDT 702 2.310 0.4286 0.7419
2LDT 703 2.493 0.3976 0.7500
2LDT 704 2.468 0.4364 0.7581
2LDT 705 2.538 0.4464 0.7581
2LDT 706 2.425 0.4642 0.7823
2LDT 707 2.374 0.4540 0.7661
2LDT 708 2.554 0.4506 0.7661
2LDT 709 2.304 0.4715 0.7742
2LDT 710 2.507 0.4383 0.7661
2LDT 711 2.577 0.4282 0.7581
2LDT 712 2.463 0.4239 0.7419
2LDT 713 2.505 0.4083 0.7419
2LDT 714 2.646 0.4079 0.7419
2LDT 715 2.658 0.4446 0.7581
2LDT 716 2.733 0.4109 0.7419
2LDT 717 2.467 0.4429 0.7581
2LDT 718 2.573 0.4248 0.7500
2LDT 719 2.643 0.4075 0.7339
2LDT 720 2.496 0.4269 0.7500
2LDT 721 2.422 0.4414 0.7742
2LDT 722 2.614 0.4105 0.7419
2LDT 723 2.352 0.4859 0.7823
2LDT 724 2.334 0.4776 0.7903
2LDT 725 2.575 0.4353 0.7661
2LDT 726 2.470 0.4669 0.7661
2LDT 727 2.387 0.4825 0.7823
2LDT 728 2.625 0.4287 0.7500
2LDT 729 2.531 0.4361 0.7661
2LDT 730 2.561 0.4112 0.7419
2LDT 731 2.512 0.4415 0.7661
2LDT 732 2.538 0.4379 0.7661
2LDT 733 2.540 0.4503 0.7742
2LDT 734 2.509 0.4300 0.7581
2LDT 735 2.383 0.4185 0.7581
2LDT 736 2.481 0.4132 0.7339
2LDT 737 2.586 0.4745 0.7742
2LDT 738 2.627 0.4411 0.7419
2LDT 739 2.491 0.4260 0.7661
2LDT 740 2.329 0.4661 0.7823
2LDT 741 2.395 0.4523 0.7661
2LDT 742 2.393 0.4264 0.7742
2LDT 743 2.382 0.4834 0.7823
2LDT 744 2.510 0.4520 0.7823
2LDT 745 2.758 0.4188 0.7419
2LDT 746 2.786 0.4869 0.7500
2LDT 747 2.938 0.4912 0.7581
2LDT 748 2.836 0.4474 0.7419
2LDT 749 2.794 0.4318 0.7419
2LDT 750 2.886 0.4390 0.7419
2LDT 751 2.819 0.4363 0.7581
2LDT 752 2.662 0.4537 0.7581
2LDT 753 2.762 0.4514 0.7419
2LDT 754 2.864 0.4485 0.7339
2LDT 755 2.947 0.4608 0.7339
2LDT 756 2.962 0.4411 0.7419
2LDT 757 2.869 0.4501 0.7500
2LDT 758 2.890 0.4451 0.7581
2LDT 759 3.016 0.4434 0.7500
2LDT 760 2.886 0.4514 0.7419
2LDT 761 2.768 0.4508 0.7339
2LDT 762 2.890 0.4622 0.7419
2LDT 763 2.794 0.4424 0.7419
2LDT 764 2.999 0.4448 0.7339
2LDT 765 2.853 0.4429 0.7500
2LDT 766 2.824 0.4333 0.7581
2LDT 767 2.813 0.4617 0.7581
2LDT 768 2.957 0.4413 0.7419
2LDT 769 2.896 0.4452 0.7500
2LDT 770 2.798 0.4240 0.7419
2LDT 771 2.774 0.4356 0.7581
2LDT 772 2.925 0.4212 0.7500
2LDT 773 2.720 0.4422 0.7581
2LDT 774 2.861 0.4330 0.7500
2LDT 775 2.863 0.4505 0.7339
2LDT 776 2.771 0.4417 0.7661
2LDT 777 2.906 0.4617 0.7581
2LDT 778 2.677 0.4505 0.7500
2LDT 779 2.893 0.4514 0.7661
2LDT 780 3.039 0.4244 0.7258
2LDT 781 3.019 0.4275 0.7339
2LDT 782 2.955 0.4532 0.7500
2LDT 783 2.964 0.4330 0.7258
2LDT 784 2.784 0.4441 0.7581
2LDT 785 2.759 0.4354 0.7339
2LDT 786 2.938 0.3838 0.7177
2LDT 787 2.847 0.4137 0.7258
2LDT 788 3.053 0.3903 0.6855
2LDT 789 2.839 0.4319 0.7258
2LDT 790 2.737 0.4289 0.7339
2LDT 791 2.761 0.4277 0.7419
2LDT 792 3.012 0.4067 0.7258
2LDT 793 3.072 0.4241 0.7339
2LDT 794 3.037 0.4169 0.7016
2LDT 795 2.784 0.4388 0.7177
2LDT 796 2.868 0.4187 0.7258
2LDT 797 3.237 0.3871 0.7097
2LDT 798 3.155 0.4150 0.7097
2LDT 799 2.878 0.3836 0.7016
2LDT 800 2.724 0.4149 0.7339
2LDT 801 2.924 0.4183 0.7258
2LDT 802 3.180 0.4434 0.7258
2LDT 803 2.952 0.4120 0.7258
2LDT 804 2.739 0.4395 0.7500
2LDT 805 2.803 0.4286 0.7339
2LDT 806 2.995 0.3873 0.6935
2LDT 807 2.864 0.4169 0.7016
2LDT 808 2.925 0.3606 0.6694
2LDT 809 2.715 0.4219 0.7177
2LDT 810 2.866 0.4146 0.7258
2LDT 811 2.804 0.4137 0.7177
2LDT 812 2.738 0.4072 0.7177
2LDT 813 2.960 0.4027 0.7016
2LDT 814 2.848 0.4180 0.7339
2LDT 815 2.844 0.4117 0.7177
2LDT 816 2.840 0.4034 0.7016
2LDT 817 2.756 0.4146 0.7177
2LDT 818 2.775 0.3810 0.7177
2LDT 819 3.049 0.3838 0.7177
2LDT 820 2.931 0.4105 0.7097
2LDT 821 2.706 0.4213 0.7339
2LDT 822 2.734 0.4173 0.7258
2LDT 823 2.900 0.3882 0.6935
2LDT 824 2.883 0.3693 0.7016
2LDT 825 2.468 0.4329 0.7339
2LDT 826 2.682 0.4252 0.7339
2LDT 827 2.949 0.3810 0.6935
2LDT 828 2.794 0.4103 0.7097
2LDT 829 2.809 0.4120 0.7097
2LDT 830 2.815 0.4002 0.7177
2LDT 831 2.799 0.3851 0.6935
2LDT 832 2.776 0.3963 0.7177
2LDT 833 2.691 0.3943 0.7097
2LDT 834 2.823 0.3682 0.7097
2LDT 835 2.848 0.3659 0.7097
2LDT 836 2.963 0.3760 0.7016
2LDT 837 2.574 0.3885 0.7339
2LDT 838 2.401 0.4045 0.7339
2LDT 839 2.842 0.3957 0.7016
2LDT 840 3.063 0.4105 0.6855
2LDT 841 3.027 0.4111 0.7016
2LDT 842 2.794 0.3997 0.7177
2LDT 843 2.416 0.4158 0.7258
2LDT 844 2.608 0.4204 0.7339
2LDT 845 2.920 0.3957 0.7177
2LDT 846 2.736 0.4006 0.7097
2LDT 847 2.751 0.4089 0.7339
2LDT 848 2.567 0.3827 0.7016
2LDT 849 2.629 0.4005 0.7258
2LDT 850 2.948 0.3537 0.6774
2LDT 851 2.918 0.3868 0.7177
2LDT 852 2.989 0.4043 0.7016
2LDT 853 2.719 0.4062 0.7016
2LDT 854 2.828 0.4000 0.7016
2LDT 855 2.843 0.4031 0.7097
2LDT 856 2.670 0.4179 0.7339
2LDT 857 2.664 0.4321 0.7419
2LDT 858 2.942 0.3998 0.6935
2LDT 859 2.685 0.4066 0.7258
2LDT 860 2.633 0.3757 0.7016
2LDT 861 2.694 0.3944 0.7177
2LDT 862 2.809 0.4303 0.7258
2LDT 863 2.710 0.4408 0.7500
2LDT 864 2.831 0.4373 0.7258
2LDT 865 2.790 0.4176 0.7177
2LDT 866 2.799 0.4017 0.7097
2LDT 867 2.909 0.3589 0.6935
2LDT 868 2.769 0.3913 0.7097
2LDT 869 2.826 0.4112 0.7097
2LDT 870 2.930 0.3821 0.6855
2LDT 871 2.836 0.4043 0.7097
2LDT 872 2.855 0.4256 0.7177
2LDT 873 2.897 0.4384 0.7177
2LDT 874 2.969 0.3954 0.6935
2LDT 875 2.758 0.4092 0.7177
2LDT 876 2.757 0.4117 0.7258
2LDT 877 3.030 0.3881 0.6935
2LDT 878 2.758 0.4324 0.7339
2LDT 879 2.832 0.3924 0.7097
2LDT 880 2.822 0.3578 0.6855
2LDT 881 2.733 0.3996 0.7177
2LDT 882 2.690 0.4120 0.7097
2LDT 883 2.911 0.3664 0.6855
2LDT 884 2.818 0.4073 0.7177
2LDT 885 2.838 0.3667 0.6774
2LDT 886 2.661 0.4214 0.7339
2LDT 887 2.815 0.4076 0.7177
2LDT 888 2.881 0.3907 0.6935
2LDT 889 2.810 0.3897 0.7258
2LDT 890 2.702 0.4008 0.7258
2LDT 891 2.940 0.4075 0.7177
2LDT 892 2.927 0.3845 0.6935
2LDT 893 2.596 0.4233 0.7339
2LDT 894 2.706 0.3926 0.7258
2LDT 895 2.589 0.3847 0.7258
2LDT 896 2.758 0.3813 0.7097
2LDT 897 2.671 0.4062 0.7500
2LDT 898 2.581 0.3846 0.7258
2LDT 899 2.394 0.4244 0.7419
2LDT 900 2.587 0.4026 0.7339
2LDT 901 2.709 0.3880 0.7097
2LDT 902 2.901 0.3847 0.7097
2LDT 903 2.737 0.4003 0.7097
2LDT 904 3.116 0.3911 0.6935
2LDT 905 2.902 0.4037 0.7097
2LDT 906 2.699 0.4132 0.7097
2LDT 907 3.091 0.4318 0.7177
2LDT 908 2.842 0.4256 0.7258
2LDT 909 2.827 0.4326 0.7339
2LDT 910 2.937 0.4204 0.7177
2LDT 911 2.894 0.4213 0.7097
2LDT 912 2.810 0.3950 0.7016
2LDT 913 2.593 0.4214 0.7339
2LDT 914 2.859 0.3999 0.7177
2LDT 915 3.080 0.3850 0.7097
2LDT 916 2.982 0.3757 0.7016
2LDT 917 2.813 0.3696 0.7016
2LDT 918 2.741 0.3854 0.7177
2LDT 919 3.046 0.3605 0.6935
2LDT 920 2.685 0.4138 0.7339
2LDT 921 2.705 0.3946 0.7097
2LDT 922 2.794 0.4376 0.7339
2LDT 923 2.789 0.4099 0.7419
2LDT 924 2.827 0.3865 0.7016
2LDT 925 2.855 0.3863 0.6935
2LDT 926 2.886 0.3962 0.6935
2LDT 927 2.784 0.4387 0.7419
2LDT 928 2.732 0.4132 0.7258
2LDT 929 2.759 0.4066 0.7339
2LDT 930 2.948 0.3821 0.7016
2LDT 931 2.805 0.3852 0.7016
2LDT 932 2.633 0.4238 0.7339
2LDT 933 2.911 0.3983 0.7016
2LDT 934 2.873 0.4041 0.7016
2LDT 935 2.961 0.3745 0.6935
2LDT 936 2.920 0.4106 0.7016
2LDT 937 2.764 0.4307 0.7258
2LDT 938 2.703 0.4378 0.7258
2LDT 939 2.957 0.4166 0.7258
2LDT 940 2.869 0.4050 0.7097
2LDT 941 2.918 0.4242 0.7258
2LDT 942 3.060 0.4207 0.7016
2LDT 943 2.736 0.4332 0.7258
2LDT 944 2.812 0.3943 0.7097
2LDT 945 2.988 0.4097 0.6935
2LDT 946 3.073 0.4228 0.6774
2LDT 947 2.955 0.4367 0.7419
2LDT 948 2.757 0.4070 0.7177
2LDT 949 3.014 0.4009 0.6935
2LDT 950 3.022 0.4079 0.6855
2LDT 951 2.997 0.4116 0.7016
2LDT 952 3.026 0.4258 0.7097
2LDT 953 2.775 0.4177 0.7097
2LDT 954 2.898 0.4117 0.7419
2LDT 955 3.038 0.3902 0.6935
2LDT 956 2.975 0.3925 0.7016
2LDT 957 2.843 0.3740 0.6855
2LDT 958 2.744 0.3919 0.7258
2LDT 959 3.209 0.3397 0.6532
2LDT 960 3.026 0.3844 0.7016
2LDT 961 2.643 0.4147 0.7177
2LDT 962 2.776 0.3687 0.7016
2LDT 963 3.016 0.3695 0.6935
2LDT 964 2.868 0.4012 0.7177
2LDT 965 2.784 0.3826 0.7177
2LDT 966 2.950 0.4058 0.7097
2LDT 967 3.106 0.4223 0.7097
2LDT 968 3.044 0.4096 0.7097
2LDT 969 3.016 0.3945 0.7097
2LDT 970 2.612 0.4409 0.7339
2LDT 971 2.720 0.4127 0.7258
2LDT 972 3.058 0.3764 0.7016
2LDT 973 2.805 0.4055 0.7097
2LDT 974 2.366 0.4352 0.7419
2LDT 975 2.654 0.4276 0.7419
2LDT 976 2.918 0.4031 0.7177
2LDT 977 3.014 0.3918 0.7258
2LDT 978 2.742 0.4190 0.7258
2LDT 979 2.773 0.4299 0.7419
2LDT 980 2.643 0.4086 0.7177
2LDT 981 2.806 0.3910 0.7258
2LDT 982 2.650 0.4547 0.7500
2LDT 983 2.897 0.4374 0.7097
2LDT 984 2.891 0.3841 0.7016
2LDT 985 2.643 0.4242 0.7177
2LDT 986 2.506 0.4553 0.7419
2LDT 987 2.675 0.4564 0.7419
2LDT 988 2.768 0.4109 0.7097
2LDT 989 2.943 0.4198 0.7097
2LDT 990 2.675 0.4474 0.7500
2LDT 991 2.592 0.4334 0.7177
2LDT 992 2.614 0.4455 0.7339
2LDT 993 2.554 0.4304 0.7339
2LDT 994 2.896 0.4381 0.7339
2LDT 995 2.630 0.4226 0.7097
2LDT 996 2.417 0.4057 0.7177
2LDT 997 2.412 0.4478 0.7500
2LDT 998 2.860 0.4331 0.7419
2LDT 999 2.759 0.4277 0.7016
2LDT 1000 2.615 0.4168 0.7177
2LDT 1001 2.448 0.4350 0.7339
2LDT 1002 2.614 0.4169 0.7258
2LDT 1003 2.656 0.4024 0.7339
2LDT 1004 2.347 0.4406 0.7500
2LDT 1005 2.397 0.4027 0.7500
2LDT 1006 2.621 0.3983 0.7258
2LDT 1007 2.933 0.4188 0.7097
2LDT 1008 2.878 0.3966 0.6855
2LDT 1009 2.670 0.4407 0.7500
2LDT 1010 2.454 0.4219 0.7339
2LDT 1011 2.648 0.3894 0.6935
2LDT 1012 2.809 0.3929 0.7016
2LDT 1013 2.635 0.4312 0.7177
2LDT 1014 2.905 0.3553 0.6613
2LDT 1015 2.730 0.4427 0.7339
2LDT 1016 2.650 0.3963 0.7016
2LDT 1017 2.901 0.4052 0.7177
2LDT 1018 2.763 0.4349 0.7258
2LDT 1019 2.767 0.3925 0.6855
2LDT 1020 2.476 0.4333 0.7258
2LDT 1021 2.788 0.3481 0.6774
2LDT 1022 2.754 0.3327 0.6694
2LDT 1023 2.354 0.3996 0.7177
2LDT 1024 2.522 0.3596 0.6855
2LDT 1025 2.557 0.4222 0.7500
2LDT 1026 2.692 0.3936 0.7177
2LDT 1027 2.553 0.3996 0.7258
2LDT 1028 2.596 0.3926 0.7016
2LDT 1029 2.593 0.4310 0.7419
2LDT 1030 2.745 0.3787 0.7177
2LDT 1031 2.715 0.4343 0.7258
2LDT 1032 2.721 0.4191 0.7339
2LDT 1033 2.421 0.4109 0.7258
2LDT 1034 2.729 0.4259 0.7258
2LDT 1035 3.127 0.4562 0.7177
2LDT 1036 3.121 0.4085 0.7016
2LDT 1037 2.585 0.4228 0.7339
2LDT 1038 2.421 0.3950 0.7177
2LDT 1039 2.654 0.4159 0.7258
2LDT 1040 2.548 0.4199 0.7419
2LDT 1041 2.506 0.4358 0.7258
2LDT 1042 2.638 0.4100 0.7177
2LDT 1043 2.856 0.4412 0.7339
2LDT 1044 2.559 0.4393 0.7339
2LDT 1045 2.610 0.4035 0.7339
2LDT 1046 2.754 0.3975 0.6935
2LDT 1047 2.486 0.4682 0.7661
2LDT 1048 2.970 0.3806 0.7097
2LDT 1049 2.803 0.4224 0.7339
2LDT 1050 2.786 0.4408 0.7258
2LDT 1051 2.709 0.4149 0.7339
2LDT 1052 2.867 0.3788 0.7016
2LDT 1053 2.736 0.4392 0.7339
2LDT 1054 2.692 0.3836 0.7097
2LDT 1055 2.759 0.3867 0.7016
2LDT 1056 2.813 0.4141 0.7097
2LDT 1057 2.569 0.4192 0.7097
2LDT 1058 2.830 0.4128 0.6935
2LDT 1059 2.656 0.4137 0.7016
2LDT 1060 2.501 0.4551 0.7339
2LDT 1061 2.518 0.4387 0.7419
2LDT 1062 2.470 0.4317 0.7339
2LDT 1063 2.678 0.3986 0.7016
2LDT 1064 2.421 0.4156 0.7339
2LDT 1065 2.723 0.3917 0.7097
2LDT 1066 2.782 0.4024 0.7177
2LDT 1067 2.683 0.4624 0.7581
2LDT 1068 2.579 0.4136 0.7177
2LDT 1069 2.858 0.3996 0.6774
2LDT 1070 2.699 0.3641 0.6935
2LDT 1071 2.469 0.4190 0.7339
2LDT 1072 2.729 0.3966 0.6694
2LDT 1073 2.581 0.3971 0.6935
2LDT 1074 2.972 0.3723 0.6774
2LDT 1075 2.711 0.4400 0.7339
2LDT 1076 2.537 0.4184 0.7339
2LDT 1077 2.682 0.4003 0.7177
2LDT 1078 2.529 0.4208 0.7339
2LDT 1079 2.622 0.3756 0.6855
2LDT 1080 2.801 0.4014 0.7016
2LDT 1081 2.555 0.4083 0.7177
2LDT 1082 2.595 0.4141 0.7177
2LDT 1083 2.621 0.4175 0.7258
2LDT 1084 2.434 0.4469 0.7258
2LDT 1085 2.893 0.3669 0.7016
2LDT 1086 2.568 0.4098 0.7419
2LDT 1087 2.528 0.4019 0.7177
2LDT 1088 2.701 0.4079 0.7339
2LDT 1089 2.675 0.4068 0.7339
2LDT 1090 2.819 0.4191 0.7177
2LDT 1091 2.748 0.4452 0.7419
2LDT 1092 2.837 0.3989 0.7177
2LDT 1093 2.580 0.4060 0.7177
2LDT 1094 2.678 0.4069 0.7177
2LDT 1095 2.403 0.4399 0.7500
2LDT 1096 2.503 0.4400 0.7419
2LDT 1097 2.794 0.4397 0.7419
2LDT 1098 2.990 0.3848 0.7016
2LDT 1099 2.566 0.4596 0.7500
2LDT 1100 2.742 0.4221 0.7500
2LDT 1101 2.637 0.4144 0.7258
2LDT 1102 2.945 0.4094 0.7097
2LDT 1103 2.820 0.4391 0.7258
2LDT 1104 3.021 0.3879 0.7177
2LDT 1105 2.705 0.3823 0.7258
2LDT 1106 2.718 0.3699 0.7016
2LDT 1107 2.733 0.4259 0.7500
2LDT 1108 2.792 0.4030 0.7097
2LDT 1109 2.730 0.4307 0.7339
2LDT 1110 2.990 0.4063 0.7097
2LDT 1111 3.215 0.3727 0.6855
2LDT 1112 2.844 0.3929 0.7016
2LDT 1113 2.604 0.3607 0.7177
2LDT 1114 2.585 0.4078 0.7016
2LDT 1115 2.852 0.3907 0.6935
2LDT 1116 2.893 0.3925 0.7097
2LDT 1117 2.630 0.4143 0.7177
2LDT 1118 2.655 0.3836 0.7097
2LDT 1119 2.569 0.4227 0.7339
2LDT 1120 2.861 0.3920 0.7097
2LDT 1121 3.069 0.3723 0.6855
2LDT 1122 2.908 0.4376 0.7339
2LDT 1123 2.526 0.4067 0.7177
2LDT 1124 2.988 0.4494 0.7339
2LDT 1125 2.609 0.4028 0.7258
2LDT 1126 2.726 0.4064 0.7177
2LDT 1127 2.970 0.4280 0.7258
2LDT 1128 2.550 0.4019 0.7258
2LDT 1129 2.682 0.4141 0.7258
2LDT 1130 2.755 0.4162 0.7177
2LDT 1131 2.588 0.3883 0.7177
2LDT 1132 2.744 0.3606 0.6694
2LDT 1133 2.313 0.4084 0.7339
2LDT 1134 2.383 0.4506 0.7500
2LDT 1135 2.436 0.3898 0.7097
2LDT 1136 2.545 0.3624 0.6855
2LDT 1137 2.597 0.3738 0.7016
2LDT 1138 2.556 0.3480 0.6855
2LDT 1139 2.456 0.3870 0.7016
2LDT 1140 2.301 0.4114 0.7339
2LDT 1141 2.216 0.4003 0.7258
2LDT 1142 2.461 0.3982 0.7016
2LDT 1143 2.479 0.3758 0.7016
2LDT 1144 2.506 0.3727 0.7016
2LDT 1145 2.298 0.3994 0.7258
2LDT 1146 2.361 0.3983 0.7177
2LDT 1147 2.559 0.3619 0.7016
2LDT 1148 2.275 0.3889 0.7258
2LDT 1149 2.415 0.3837 0.7097
2LDT 1150 2.314 0.4017 0.7339
2LDT 1151 2.423 0.3798 0.7177
2LDT 1152 2.366 0.3916 0.7177
2LDT 1153 2.849 0.3714 0.6774
2LDT 1154 2.612 0.3834 0.7016
2LDT 1155 2.217 0.4453 0.7581
2LDT 1156 2.337 0.4320 0.7339
2LDT 1157 2.548 0.4026 0.7339
2LDT 1158 2.468 0.4111 0.7419
2LDT 1159 2.518 0.3699 0.6855
2LDT 1160 2.505 0.3693 0.7016
2LDT 1161 2.490 0.3829 0.7097
2LDT 1162 2.373 0.4014 0.7258
2LDT 1163 2.548 0.3670 0.7016
2LDT 1164 2.584 0.3348 0.6935
2LDT 1165 2.266 0.4305 0.7258
2LDT 1166 2.301 0.3941 0.7419
2LDT 1167 2.666 0.3693 0.6694
2LDT 1168 2.637 0.3673 0.6855
2LDT 1169 2.543 0.4045 0.7097
2LDT 1170 2.641 0.4119 0.7177
2LDT 1171 2.760 0.3963 0.7016
2LDT 1172 2.632 0.4079 0.7258
2LDT 1173 2.701 0.3944 0.7097
2LDT 1174 2.628 0.3964 0.7097
2LDT 1175 2.637 0.4052 0.7177
2LDT 1176 2.531 0.4111 0.7339
2LDT 1177 2.313 0.3732 0.7177
2LDT 1178 2.708 0.3761 0.6935
2LDT 1179 2.669 0.3473 0.6855
2LDT 1180 2.563 0.4194 0.7339
2LDT 1181 2.777 0.3939 0.7177
2LDT 1182 2.495 0.3656 0.7258
2LDT 1183 2.349 0.4174 0.7258
2LDT 1184 2.382 0.4037 0.7258
2LDT 1185 2.409 0.4037 0.7177
2LDT 1186 2.106 0.4358 0.7419
2LDT 1187 2.316 0.4395 0.7581
2LDT 1188 2.298 0.3896 0.7258
2LDT 1189 2.385 0.3960 0.7177
2LDT 1190 2.615 0.3683 0.7016
2LDT 1191 2.737 0.3411 0.6694
2LDT 1192 2.505 0.3770 0.6935
2LDT 1193 2.454 0.3794 0.7097
2LDT 1194 2.480 0.4186 0.7419
2LDT 1195 2.614 0.3626 0.7016
2LDT 1196 2.577 0.3792 0.7097
2LDT 1197 2.758 0.3523 0.6774
2LDT 1198 2.653 0.3387 0.6855
2LDT 1199 2.720 0.3256 0.6774
2LDT 1200 2.597 0.3758 0.7016
2LDT 1201 2.417 0.3892 0.7177
2LDT 1202 2.449 0.4117 0.7419
2LDT 1203 2.259 0.4187 0.7258
2LDT 1204 2.390 0.3855 0.7339
2LDT 1205 2.359 0.4085 0.7177
2LDT 1206 2.451 0.4235 0.7258
2LDT 1207 2.496 0.3821 0.7097
2LDT 1208 2.478 0.4213 0.7177
2LDT 1209 2.471 0.3996 0.7177
2LDT 1210 2.529 0.3774 0.7016
2LDT 1211 2.757 0.3437 0.6855
2LDT 1212 2.608 0.3603 0.6935
2LDT 1213 2.735 0.3421 0.6613
2LDT 1214 2.755 0.3619 0.6774
2LDT 1215 2.546 0.3598 0.6855
2LDT 1216 2.447 0.3952 0.7177
2LDT 1217 2.730 0.3570 0.6855
2LDT 1218 2.397 0.3830 0.6935
2LDT 1219 2.810 0.3278 0.6613
2LDT 1220 2.625 0.3615 0.6935
2LDT 1221 2.708 0.3248 0.6694
2LDT 1222 2.825 0.3161 0.6774
2LDT 1223 2.544 0.3912 0.7097
2LDT 1224 2.581 0.3998 0.7097
2LDT 1225 2.546 0.3794 0.7016
2LDT 1226 2.568 0.3652 0.6774
2LDT 1227 2.475 0.4029 0.7097
2LDT 1228 2.637 0.3629 0.6855
2LDT 1229 2.597 0.3693 0.6855
2LDT 1230 2.507 0.3623 0.6935
2LDT 1231 2.626 0.3497 0.6855
2LDT 1232 2.477 0.4081 0.7258
2LDT 1233 2.740 0.3870 0.7177
2LDT 1234 2.668 0.3714 0.6855
2LDT 1235 2.808 0.3640 0.6855
2LDT 1236 2.849 0.3320 0.6613
2LDT 1237 2.771 0.3652 0.6935
2LDT 1238 2.525 0.4183 0.7177
2LDT 1239 2.675 0.4055 0.7016
2LDT 1240 2.827 0.3771 0.6694
2LDT 1241 2.838 0.3384 0.6694
2LDT 1242 2.603 0.4126 0.7097
2LDT 1243 2.311 0.4452 0.7581
2LDT 1244 2.574 0.3576 0.6935
2LDT 1245 2.749 0.3530 0.6694
2LDT 1246 2.805 0.3213 0.6613
2LDT 1247 2.678 0.3677 0.6935
2LDT 1248 2.431 0.4086 0.7097
2LDT 1249 2.509 0.3947 0.7016
2LDT 1250 2.555 0.4224 0.7258
2LDT 1251 2.590 0.3807 0.7177
2LDT 1252 2.539 0.4448 0.7419
2LDT 1253 2.671 0.3550 0.6774
2LDT 1254 2.701 0.3568 0.7097
2LDT 1255 2.554 0.3505 0.6935
2LDT 1256 2.604 0.3934 0.7177
2LDT 1257 2.608 0.3721 0.6935
2LDT 1258 2.453 0.3627 0.7016
2LDT 1259 2.500 0.4003 0.7177
2LDT 1260 2.811 0.3469 0.6855
2LDT 1261 2.808 0.3282 0.6694
2LDT 1262 2.579 0.3740 0.6935
2LDT 1263 2.867 0.3314 0.6694
2LDT 1264 2.865 0.3441 0.6613
2LDT 1265 2.578 0.3924 0.7016
2LDT 1266 2.839 0.3583 0.6613
2LDT 1267 2.845 0.3437 0.6694
2LDT 1268 2.579 0.3572 0.6935
2LDT 1269 2.940 0.3496 0.6532
2LDT 1270 2.625 0.3663 0.6935
2LDT 1271 2.586 0.3510 0.6935
2LDT 1272 2.495 0.4312 0.7258
2LDT 1273 2.587 0.4331 0.7258
2LDT 1274 2.636 0.4073 0.7177
2LDT 1275 2.475 0.4122 0.7097
2LDT 1276 2.426 0.4238 0.7258
2LDT 1277 2.177 0.4507 0.7500
2LDT 1278 2.415 0.4335 0.7177
2LDT 1279 2.442 0.4127 0.7339
2LDT 1280 2.683 0.3899 0.7097
2LDT 1281 2.794 0.3707 0.6774
2LDT 1282 2.412 0.4188 0.7339
2LDT 1283 2.521 0.3785 0.7177
2LDT 1284 2.639 0.3473 0.6855
2LDT 1285 2.621 0.3427 0.6694
2LDT 1286 2.654 0.3389 0.6774
2LDT 1287 2.691 0.3739 0.6855
2LDT 1288 2.631 0.3956 0.7339
2LDT 1289 2.348 0.3940 0.7500
2LDT 1290 2.796 0.3496 0.6694
2LDT 1291 2.787 0.3520 0.6774
2LDT 1292 2.524 0.3735 0.7177
2LDT 1293 2.571 0.4007 0.7097
2LDT 1294 2.681 0.3503 0.6855
2LDT 1295 2.875 0.3666 0.6935
2LDT 1296 2.892 0.3448 0.6855
2LDT 1297 2.606 0.3623 0.6855
2LDT 1298 2.588 0.3628 0.7016
2LDT 1299 2.800 0.3207 0.6613
2LDT 1300 2.668 0.3359 0.6774
2LDT 1301 2.743 0.3430 0.6855
2LDT 1302 2.833 0.3678 0.6935
2LDT 1303 2.581 0.3474 0.7097
2LDT 1304 2.676 0.3599 0.6935
2LDT 1305 2.636 0.3586 0.6935
2LDT 1306 2.475 0.3971 0.7097
2LDT 1307 2.372 0.3681 0.7016
2LDT 1308 2.681 0.3601 0.6855
2LDT 1309 2.384 0.3864 0.7581
2LDT 1310 2.634 0.3152 0.6694
2LDT 1311 2.662 0.3474 0.6855
2LDT 1312 2.761 0.3602 0.6774
2LDT 1313 2.626 0.3432 0.6935
2LDT 1314 2.754 0.3623 0.6774
2LDT 1315 2.588 0.3836 0.6935
2LDT 1316 2.558 0.3560 0.6774
2LDT 1317 2.681 0.3232 0.6935
2LDT 1318 2.604 0.3609 0.6935
2LDT 1319 2.633 0.3872 0.7016
2LDT 1320 2.639 0.3792 0.7097
2LDT 1321 2.619 0.3653 0.7097
2LDT 1322 2.690 0.3441 0.6935
2LDT 1323 2.553 0.3449 0.6935
2LDT 1324 2.754 0.3263 0.6774
2LDT 1325 2.666 0.3508 0.6694
2LDT 1326 2.526 0.3904 0.7016
2LDT 1327 2.612 0.3608 0.6935
2LDT 1328 2.736 0.3308 0.6532
2LDT 1329 2.803 0.3322 0.6694
2LDT 1330 2.842 0.3080 0.6532
2LDT 1331 2.698 0.3983 0.7097
2LDT 1332 2.579 0.3509 0.7016
2LDT 1333 2.610 0.3662 0.7177
2LDT 1334 2.671 0.3733 0.6855
2LDT 1335 2.545 0.3813 0.7016
2LDT 1336 2.721 0.3582 0.6935
2LDT 1337 2.796 0.3366 0.7016
2LDT 1338 2.546 0.3754 0.6935
2LDT 1339 2.556 0.3770 0.7097
2LDT 1340 2.900 0.3324 0.6613
2LDT 1341 2.853 0.3531 0.6613
2LDT 1342 2.705 0.3597 0.7097
2LDT 1343 2.603 0.3505 0.6935
2LDT 1344 2.904 0.3626 0.6855
2LDT 1345 2.754 0.3702 0.6774
2LDT 1346 2.562 0.3467 0.6935
2LDT 1347 2.780 0.3626 0.6855
