1SCL 1 0.000 1.0000 1.0000
1SCL 2 2.886 0.4321 0.7414
1SCL 3 1.407 0.5000 0.8707
1SCL 4 2.676 0.3954 0.7414
1SCL 5 1.637 0.5728 0.8707
1SCL 6 1.534 0.5159 0.8534
1SCL 7 12.164 0.2054 0.3534
1SCL 8 10.509 0.1406 0.3017
1SCL 9 9.065 0.1347 0.3103
1SCL 10 12.219 0.2890 0.4397
1SCL 11 10.293 0.2456 0.4569
1SCL 12 9.755 0.2223 0.3707
1SCL 13 10.242 0.3262 0.4655
1SCL 14 7.449 0.3276 0.5345
1SCL 15 6.577 0.3180 0.5172
1SCL 16 9.653 0.2517 0.4397
1SCL 17 12.412 0.2571 0.4310
1SCL 18 11.239 0.2498 0.4310
1SCL 19 7.815 0.1834 0.4224
1SCL 20 12.789 0.1256 0.3362
1SCL 21 13.090 0.3155 0.5086
1SCL 22 10.911 0.3144 0.5000
1SCL 23 12.143 0.2870 0.4397
1SCL 24 7.421 0.3093 0.5345
1SCL 25 10.049 0.3097 0.4569
1SCL 26 7.489 0.3104 0.5086
1SCL 27 9.418 0.2859 0.4397
1SCL 28 13.126 0.1749 0.2931
1SCL 29 9.150 0.2940 0.4655
1SCL 30 6.208 0.3149 0.5172
1SCL 31 9.298 0.2296 0.4310
1SCL 32 13.678 0.2063 0.3534
1SCL 33 10.006 0.2850 0.4310
1SCL 34 9.672 0.3438 0.5000
1SCL 35 10.648 0.1356 0.3190
1SCL 36 6.897 0.3349 0.5086
1SCL 37 9.682 0.1772 0.3966
1SCL 38 5.065 0.3123 0.6034
1SCL 39 11.630 0.2229 0.3879
1SCL 40 11.251 0.3146 0.4569
1SCL 41 7.109 0.2848 0.5172
1SCL 42 8.226 0.3595 0.5086
1SCL 43 6.765 0.3040 0.5086
1SCL 44 9.326 0.2917 0.4483
1SCL 45 9.799 0.2927 0.4655
1SCL 46 9.501 0.3267 0.4828
1SCL 47 13.320 0.1002 0.1983
1SCL 48 8.486 0.1381 0.2931
1SCL 49 8.499 0.2523 0.4224
1SCL 50 9.001 0.1385 0.3448
1SCL 51 7.550 0.2050 0.4397
1SCL 52 7.810 0.3111 0.4828
1SCL 53 15.593 0.1775 0.3621
1SCL 54 6.931 0.2224 0.4310
1SCL 55 8.388 0.2800 0.4224
1SCL 56 7.106 0.2140 0.4310
1SCL 57 13.346 0.2689 0.4052
1SCL 58 9.029 0.3030 0.4569
1SCL 59 11.653 0.2661 0.4483
1SCL 60 8.043 0.3347 0.5172
1SCL 61 9.999 0.2216 0.3879
1SCL 62 9.478 0.1992 0.3793
1SCL 63 10.020 0.1739 0.3707
1SCL 64 13.737 0.3033 0.4828
1SCL 65 12.779 0.2300 0.3966
1SCL 66 12.817 0.2688 0.4397
1SCL 67 13.755 0.3018 0.4483
1SCL 68 8.358 0.3689 0.5948
1SCL 69 10.471 0.3389 0.5086
1SCL 70 10.743 0.2552 0.4224
1SCL 71 8.263 0.3095 0.5259
1SCL 72 9.765 0.2991 0.4397
1SCL 73 7.606 0.2285 0.4655
1SCL 74 12.605 0.2884 0.4310
1SCL 75 9.324 0.2900 0.4655
1SCL 76 10.537 0.1963 0.3879
1SCL 77 11.213 0.2749 0.4569
1SCL 78 6.962 0.2589 0.4828
1SCL 79 11.324 0.3425 0.4914
1SCL 80 7.925 0.3136 0.5345
1SCL 81 6.358 0.3134 0.5086
1SCL 82 9.743 0.2657 0.4397
1SCL 83 12.462 0.2686 0.4397
1SCL 84 10.261 0.3201 0.4741
1SCL 85 10.825 0.2213 0.4397
1SCL 86 9.499 0.3049 0.4741
1SCL 87 9.229 0.1300 0.2845
1SCL 88 7.275 0.2035 0.4828
1SCL 89 10.683 0.1644 0.3017
1SCL 90 9.504 0.1598 0.4052
1SCL 91 12.347 0.2428 0.3879
1SCL 92 10.855 0.1368 0.3534
1SCL 93 8.452 0.1310 0.3621
1SCL 94 10.928 0.3126 0.4828
1SCL 95 8.876 0.3374 0.5000
1SCL 96 10.127 0.3190 0.5000
1SCL 97 11.815 0.1443 0.2586
1SCL 98 9.671 0.2454 0.4052
1SCL 99 10.946 0.2472 0.4310
1SCL 100 10.281 0.1961 0.3793
1SCL 101 11.267 0.1435 0.3017
1SCL 102 5.247 0.3315 0.5948
1SCL 103 10.738 0.3293 0.5086
1SCL 104 9.477 0.2614 0.4397
1SCL 105 10.283 0.2013 0.3448
1SCL 106 8.233 0.3005 0.5000
1SCL 107 9.422 0.2687 0.3966
1SCL 108 8.559 0.3351 0.4655
1SCL 109 7.993 0.3254 0.4914
1SCL 110 9.430 0.2925 0.4828
1SCL 111 11.731 0.3220 0.4741
1SCL 112 12.176 0.3234 0.4828
1SCL 113 6.916 0.2719 0.4655
1SCL 114 11.705 0.3023 0.4828
1SCL 115 11.516 0.2896 0.4483
1SCL 116 12.424 0.2621 0.4052
1SCL 117 15.801 0.1754 0.3966
1SCL 118 16.088 0.3042 0.4224
1SCL 119 7.620 0.3403 0.5086
1SCL 120 9.260 0.3122 0.4828
1SCL 121 8.976 0.3306 0.5259
1SCL 122 10.093 0.3055 0.4741
1SCL 123 12.353 0.2944 0.4397
1SCL 124 10.970 0.1982 0.3448
1SCL 125 4.532 0.3693 0.6207
1SCL 126 13.989 0.3002 0.4310
1SCL 127 11.677 0.1501 0.2586
1SCL 128 9.791 0.2263 0.4138
1SCL 129 11.021 0.1183 0.2759
1SCL 130 11.971 0.1144 0.2586
1SCL 131 8.788 0.1764 0.3276
1SCL 132 7.355 0.2658 0.4741
1SCL 133 10.872 0.3459 0.5086
1SCL 134 11.201 0.1184 0.2672
1SCL 135 11.824 0.1303 0.3534
1SCL 136 10.904 0.1450 0.3103
1SCL 137 12.719 0.2432 0.3793
1SCL 138 15.188 0.1566 0.3276
1SCL 139 12.259 0.1852 0.3103
1SCL 140 11.531 0.2358 0.3966
1SCL 141 15.355 0.2141 0.3879
1SCL 142 10.839 0.2911 0.4828
1SCL 143 9.955 0.1704 0.3879
1SCL 144 8.476 0.2480 0.4569
1SCL 145 8.414 0.3056 0.4655
1SCL 146 11.097 0.3131 0.4828
1SCL 147 5.767 0.3092 0.5517
1SCL 148 8.376 0.3516 0.5259
1SCL 149 12.837 0.2675 0.4483
1SCL 150 12.921 0.2092 0.3966
1SCL 151 7.992 0.3373 0.4914
1SCL 152 9.435 0.3683 0.5000
1SCL 153 6.192 0.3254 0.5517
1SCL 154 10.714 0.3151 0.4828
1SCL 155 9.981 0.1782 0.4138
1SCL 156 6.739 0.2730 0.5172
1SCL 157 10.102 0.3078 0.4483
1SCL 158 8.581 0.3196 0.4741
1SCL 159 6.468 0.3238 0.5086
1SCL 160 8.436 0.1990 0.3793
1SCL 161 8.472 0.3002 0.5086
1SCL 162 6.561 0.3472 0.5431
1SCL 163 8.054 0.2939 0.4569
1SCL 164 5.591 0.3513 0.5776
1SCL 165 7.664 0.2734 0.4655
1SCL 166 11.757 0.2567 0.4310
1SCL 167 11.021 0.1376 0.2845
1SCL 168 10.153 0.1359 0.2759
1SCL 169 10.734 0.2510 0.3966
1SCL 170 11.152 0.2422 0.4569
1SCL 171 11.829 0.1288 0.3103
1SCL 172 8.390 0.3056 0.4914
1SCL 173 10.042 0.2211 0.3966
1SCL 174 11.797 0.2168 0.3362
1SCL 175 6.336 0.3141 0.5259
1SCL 176 10.522 0.2254 0.3707
1SCL 177 7.078 0.2591 0.5000
1SCL 178 8.569 0.3106 0.5000
1SCL 179 6.343 0.2246 0.4310
1SCL 180 8.223 0.3114 0.5086
1SCL 181 10.536 0.2881 0.4138
1SCL 182 4.475 0.3149 0.6207
1SCL 183 11.745 0.2652 0.4483
1SCL 184 9.381 0.2186 0.3879
1SCL 185 10.294 0.2123 0.3707
1SCL 186 6.572 0.3107 0.5259
1SCL 187 7.635 0.3482 0.5776
1SCL 188 7.670 0.2657 0.4828
1SCL 189 12.164 0.3577 0.4655
1SCL 190 12.881 0.2851 0.4224
1SCL 191 9.993 0.3297 0.4569
1SCL 192 8.604 0.3031 0.5000
1SCL 193 9.295 0.2792 0.4138
1SCL 194 13.349 0.2363 0.3621
1SCL 195 12.208 0.2428 0.3793
1SCL 196 9.743 0.3246 0.4741
1SCL 197 7.699 0.3196 0.4914
1SCL 198 12.199 0.3208 0.5000
1SCL 199 11.712 0.3496 0.5000
1SCL 200 8.371 0.3105 0.4655
1SCL 201 6.291 0.2759 0.5259
1SCL 202 9.506 0.2747 0.4397
1SCL 203 13.890 0.2965 0.4655
1SCL 204 10.604 0.2976 0.5086
1SCL 205 5.271 0.3224 0.5948
1SCL 206 11.413 0.3581 0.5086
1SCL 207 11.266 0.1524 0.3190
1SCL 208 9.320 0.1554 0.3362
1SCL 209 12.899 0.1347 0.2845
1SCL 210 8.727 0.1317 0.3362
1SCL 211 11.219 0.2035 0.3621
1SCL 212 13.145 0.1787 0.3017
1SCL 213 11.145 0.2026 0.4397
1SCL 214 8.354 0.2948 0.4741
1SCL 215 12.172 0.3410 0.4655
1SCL 216 12.073 0.1489 0.3448
1SCL 217 5.899 0.1809 0.4310
1SCL 218 14.944 0.1430 0.3017
1SCL 219 15.205 0.2027 0.3276
1SCL 220 13.037 0.2134 0.3793
1SCL 221 6.496 0.2761 0.5431
1SCL 222 12.018 0.2655 0.4138
1SCL 223 12.743 0.3095 0.4741
1SCL 224 9.496 0.2504 0.3966
1SCL 225 14.237 0.2327 0.3879
1SCL 226 7.303 0.2944 0.5172
1SCL 227 5.542 0.1849 0.4569
1SCL 228 15.638 0.1807 0.3190
1SCL 229 9.898 0.2835 0.4914
1SCL 230 14.061 0.1684 0.3534
1SCL 231 10.602 0.3239 0.4828
1SCL 232 9.350 0.3435 0.5086
1SCL 233 6.533 0.3059 0.5603
1SCL 234 12.533 0.1962 0.3534
1SCL 235 8.455 0.3286 0.5086
1SCL 236 8.468 0.3349 0.5259
1SCL 237 11.196 0.3396 0.4914
1SCL 238 5.635 0.3616 0.5776
1SCL 239 12.698 0.2253 0.3879
1SCL 240 9.430 0.3434 0.5086
1SCL 241 7.557 0.2629 0.4569
1SCL 242 11.725 0.2675 0.4483
1SCL 243 14.446 0.2429 0.4224
1SCL 244 7.559 0.3367 0.5517
1SCL 245 8.638 0.3452 0.5172
1SCL 246 8.668 0.2926 0.4655
1SCL 247 17.674 0.1714 0.3190
1SCL 248 5.953 0.2445 0.4828
1SCL 249 9.306 0.1807 0.3448
1SCL 250 10.064 0.1125 0.3017
1SCL 251 12.601 0.1651 0.3448
1SCL 252 11.652 0.1699 0.3448
1SCL 253 11.388 0.1733 0.3707
1SCL 254 12.391 0.1404 0.3276
1SCL 255 12.646 0.1485 0.2759
1SCL 256 13.010 0.1327 0.2931
1SCL 257 4.431 0.3165 0.6034
1SCL 258 12.539 0.1843 0.3190
1SCL 259 9.222 0.2659 0.4914
1SCL 260 7.812 0.2143 0.3966
1SCL 261 9.087 0.1756 0.3707
1SCL 262 11.810 0.2124 0.3793
1SCL 263 12.667 0.3191 0.5172
1SCL 264 11.213 0.2275 0.4052
1SCL 265 14.932 0.1344 0.2759
1SCL 266 8.704 0.2656 0.5000
1SCL 267 9.716 0.2332 0.4310
1SCL 268 12.671 0.1930 0.3707
1SCL 269 8.172 0.2954 0.4741
1SCL 270 8.975 0.2815 0.4483
1SCL 271 10.313 0.2613 0.4569
1SCL 272 8.184 0.2039 0.4310
1SCL 273 6.572 0.3352 0.5345
1SCL 274 6.070 0.2722 0.5431
1SCL 275 9.248 0.2614 0.4138
1SCL 276 7.260 0.3047 0.5086
1SCL 277 9.243 0.2638 0.4397
1SCL 278 9.806 0.2624 0.4741
1SCL 279 15.171 0.1708 0.3103
1SCL 280 11.233 0.2533 0.4224
1SCL 281 10.600 0.2630 0.4483
1SCL 282 12.341 0.2472 0.4138
1SCL 283 8.677 0.2555 0.4310
1SCL 284 5.687 0.2525 0.5086
1SCL 285 9.300 0.2483 0.4397
1SCL 286 9.174 0.2537 0.4741
1SCL 287 9.062 0.3208 0.5000
1SCL 288 17.337 0.1179 0.2414
1SCL 289 10.001 0.2383 0.4224
1SCL 290 14.623 0.1453 0.2931
1SCL 291 14.546 0.2391 0.3879
1SCL 292 14.298 0.1471 0.3276
1SCL 293 16.436 0.1321 0.3017
1SCL 294 12.874 0.2357 0.3879
1SCL 295 14.302 0.1930 0.3448
1SCL 296 13.325 0.1797 0.3190
1SCL 297 11.571 0.1652 0.2931
1SCL 298 10.336 0.1771 0.3103
1SCL 299 8.769 0.2987 0.4655
1SCL 300 13.401 0.1354 0.2759
1SCL 301 14.061 0.2074 0.3793
1SCL 302 13.953 0.1318 0.2759
1SCL 303 12.481 0.1671 0.3534
1SCL 304 7.759 0.2784 0.4914
1SCL 305 5.992 0.3238 0.5517
1SCL 306 13.771 0.2037 0.3276
1SCL 307 8.988 0.3273 0.4569
1SCL 308 10.475 0.2884 0.4569
1SCL 309 5.489 0.3171 0.5690
1SCL 310 12.407 0.2284 0.4569
1SCL 311 8.246 0.2856 0.5086
1SCL 312 10.587 0.2291 0.3534
1SCL 313 9.771 0.3242 0.5172
1SCL 314 11.949 0.2933 0.4310
1SCL 315 6.834 0.3092 0.5345
1SCL 316 7.282 0.3399 0.5776
1SCL 317 9.548 0.3115 0.4741
1SCL 318 9.381 0.3720 0.5172
1SCL 319 9.731 0.3106 0.4741
1SCL 320 11.228 0.3116 0.4914
1SCL 321 9.522 0.2552 0.4655
1SCL 322 12.755 0.2514 0.4310
1SCL 323 8.236 0.3294 0.4569
1SCL 324 13.663 0.3045 0.4655
1SCL 325 8.674 0.3261 0.5000
1SCL 326 7.703 0.3258 0.4741
1SCL 327 11.458 0.1993 0.4138
1SCL 328 12.713 0.1524 0.3103
1SCL 329 9.830 0.1188 0.3017
1SCL 330 9.823 0.2521 0.4397
1SCL 331 10.191 0.1947 0.3448
1SCL 332 7.879 0.2652 0.5000
1SCL 333 9.495 0.1078 0.2672
1SCL 334 14.144 0.2012 0.3362
1SCL 335 9.964 0.3080 0.4914
1SCL 336 12.209 0.1445 0.2845
1SCL 337 16.274 0.1417 0.3103
1SCL 338 6.805 0.3383 0.5517
1SCL 339 14.862 0.1644 0.3190
1SCL 340 13.836 0.2039 0.3879
1SCL 341 10.753 0.1566 0.3534
1SCL 342 10.901 0.2847 0.4655
1SCL 343 14.627 0.1743 0.3534
1SCL 344 9.261 0.2652 0.4310
1SCL 345 8.463 0.2358 0.4397
1SCL 346 10.614 0.1819 0.3448
1SCL 347 13.623 0.1426 0.3448
1SCL 348 10.427 0.3145 0.5172
1SCL 349 4.528 0.2868 0.5948
1SCL 350 7.610 0.3220 0.4828
1SCL 351 6.254 0.2240 0.4914
1SCL 352 10.880 0.2638 0.4569
1SCL 353 11.672 0.2626 0.4655
1SCL 354 10.962 0.2096 0.3707
1SCL 355 7.054 0.2876 0.5172
1SCL 356 6.628 0.3081 0.5345
1SCL 357 11.437 0.3198 0.4655
1SCL 358 8.342 0.2673 0.4828
1SCL 359 9.446 0.3226 0.5086
1SCL 360 13.179 0.2095 0.3793
1SCL 361 6.306 0.2823 0.5172
1SCL 362 8.240 0.2817 0.4655
1SCL 363 9.796 0.2705 0.4310
1SCL 364 13.272 0.1991 0.3879
1SCL 365 7.095 0.3152 0.5259
1SCL 366 8.102 0.3198 0.5000
1SCL 367 13.284 0.1154 0.2672
1SCL 368 14.963 0.1421 0.2414
1SCL 369 9.642 0.1103 0.2672
1SCL 370 14.279 0.1448 0.3190
1SCL 371 13.624 0.2353 0.3966
1SCL 372 14.023 0.1745 0.3190
1SCL 373 10.808 0.1566 0.3534
1SCL 374 10.542 0.2356 0.4138
1SCL 375 10.667 0.2276 0.4138
1SCL 376 8.055 0.2114 0.3966
1SCL 377 9.871 0.1740 0.3276
1SCL 378 11.729 0.1712 0.3190
1SCL 379 10.822 0.2016 0.3534
1SCL 380 17.245 0.1354 0.3017
1SCL 381 8.188 0.3135 0.4914
1SCL 382 6.377 0.3427 0.5776
1SCL 383 8.071 0.3137 0.5517
1SCL 384 12.385 0.2181 0.3793
1SCL 385 14.051 0.2651 0.4052
1SCL 386 11.892 0.1748 0.3276
1SCL 387 13.982 0.1591 0.3190
1SCL 388 5.755 0.1652 0.4483
1SCL 389 11.261 0.2061 0.4483
1SCL 390 10.422 0.2534 0.4483
1SCL 391 7.733 0.1867 0.4138
1SCL 392 11.131 0.2523 0.4310
1SCL 393 11.134 0.2509 0.4483
1SCL 394 10.455 0.2569 0.4310
1SCL 395 11.186 0.2114 0.3879
1SCL 396 7.839 0.2168 0.4052
1SCL 397 9.341 0.2508 0.4397
1SCL 398 6.467 0.2265 0.4741
1SCL 399 12.554 0.3030 0.5086
1SCL 400 7.950 0.1498 0.4052
1SCL 401 9.663 0.2547 0.4741
1SCL 402 7.278 0.1981 0.4052
1SCL 403 9.218 0.2503 0.4397
1SCL 404 9.449 0.2271 0.4052
1SCL 405 9.070 0.2158 0.3966
1SCL 406 9.027 0.2648 0.4224
1SCL 407 1.304 0.5275 0.8621
1SCL 408 1.412 0.5198 0.8707
1SCL 409 1.405 0.5122 0.8362
1SCL 410 1.499 0.4879 0.8276
1SCL 411 1.499 0.4918 0.8362
1SCL 412 1.541 0.4836 0.8448
1SCL 413 1.564 0.4769 0.8276
1SCL 414 1.538 0.4817 0.8448
1SCL 415 1.553 0.4736 0.8190
1SCL 416 1.520 0.4807 0.8276
1SCL 417 1.508 0.4818 0.8276
1SCL 418 1.507 0.4846 0.8362
1SCL 419 1.510 0.4815 0.8276
1SCL 420 1.521 0.4809 0.8362
1SCL 421 1.530 0.4764 0.8276
1SCL 422 1.513 0.4835 0.8362
1SCL 423 1.515 0.4817 0.8362
1SCL 424 1.509 0.4832 0.8362
1SCL 425 1.513 0.4853 0.8362
1SCL 426 1.516 0.4822 0.8362
1SCL 427 1.513 0.4842 0.8362
1SCL 428 1.502 0.4846 0.8362
1SCL 429 1.508 0.4838 0.8362
1SCL 430 1.503 0.4860 0.8448
1SCL 431 1.509 0.4852 0.8362
1SCL 432 1.521 0.4801 0.8362
1SCL 433 1.506 0.4846 0.8362
1SCL 434 1.519 0.4792 0.8362
1SCL 435 1.522 0.4810 0.8362
1SCL 436 1.490 0.4856 0.8448
1SCL 437 1.506 0.4822 0.8362
1SCL 438 1.505 0.4844 0.8362
1SCL 439 1.503 0.4845 0.8362
1SCL 440 1.510 0.4829 0.8276
1SCL 441 1.494 0.4897 0.8362
1SCL 442 1.504 0.4832 0.8362
1SCL 443 1.526 0.4775 0.8276
1SCL 444 1.517 0.4814 0.8362
1SCL 445 1.544 0.4727 0.8276
1SCL 446 1.529 0.4783 0.8276
1SCL 447 1.537 0.4752 0.8276
1SCL 448 1.514 0.4821 0.8276
1SCL 449 1.505 0.4887 0.8448
1SCL 450 1.518 0.4761 0.8362
1SCL 451 1.490 0.4898 0.8362
1SCL 452 1.539 0.4808 0.8362
1SCL 453 1.521 0.4806 0.8362
1SCL 454 1.528 0.4794 0.8190
1SCL 455 1.521 0.4779 0.8362
1SCL 456 1.500 0.4838 0.8276
1SCL 457 1.512 0.4831 0.8362
1SCL 458 1.524 0.4766 0.8276
1SCL 459 1.516 0.4775 0.8362
1SCL 460 1.529 0.4770 0.8190
1SCL 461 1.588 0.4605 0.8276
1SCL 462 1.519 0.4805 0.8276
1SCL 463 1.484 0.4881 0.8362
1SCL 464 1.475 0.4894 0.8448
1SCL 465 1.504 0.4833 0.8276
1SCL 466 1.519 0.4754 0.8362
1SCL 467 1.527 0.4748 0.8190
1SCL 468 1.519 0.4790 0.8190
1SCL 469 1.508 0.4820 0.8276
1SCL 470 1.494 0.4831 0.8276
1SCL 471 1.492 0.4865 0.8276
1SCL 472 1.488 0.4858 0.8362
1SCL 473 1.557 0.4693 0.8190
1SCL 474 1.532 0.4766 0.8362
1SCL 475 1.499 0.4843 0.8362
1SCL 476 1.485 0.4875 0.8448
1SCL 477 1.517 0.4815 0.8448
1SCL 478 1.471 0.4910 0.8362
1SCL 479 1.519 0.4820 0.8276
1SCL 480 1.527 0.4770 0.8190
1SCL 481 1.519 0.4775 0.8190
1SCL 482 1.520 0.4777 0.8190
1SCL 483 1.527 0.4782 0.8362
1SCL 484 1.589 0.4635 0.8190
1SCL 485 1.622 0.4557 0.8017
1SCL 486 1.562 0.4656 0.8190
1SCL 487 1.605 0.4569 0.8190
1SCL 488 1.518 0.4775 0.8362
1SCL 489 1.530 0.4802 0.8276
1SCL 490 1.504 0.4841 0.8362
1SCL 491 1.494 0.4820 0.8362
1SCL 492 1.512 0.4770 0.8190
1SCL 493 1.576 0.4612 0.8103
1SCL 494 1.525 0.4796 0.8276
1SCL 495 1.542 0.4743 0.8362
1SCL 496 1.461 0.4948 0.8448
1SCL 497 1.581 0.4624 0.8190
1SCL 498 1.512 0.4815 0.8190
1SCL 499 1.563 0.4693 0.8190
1SCL 500 1.539 0.4748 0.8362
1SCL 501 1.536 0.4782 0.8362
1SCL 502 1.548 0.4792 0.8276
1SCL 503 1.586 0.4627 0.8276
1SCL 504 1.509 0.4871 0.8276
1SCL 505 1.589 0.4642 0.8276
1SCL 506 1.519 0.4804 0.8276
1SCL 507 1.594 0.4514 0.8190
1SCL 508 1.474 0.4913 0.8190
1SCL 509 1.524 0.4719 0.8362
1SCL 510 1.522 0.4813 0.8276
1SCL 511 1.523 0.4926 0.8362
1SCL 512 1.550 0.4864 0.8362
1SCL 513 1.541 0.4907 0.8448
1SCL 514 1.543 0.4763 0.8190
1SCL 515 1.520 0.4822 0.8276
1SCL 516 1.557 0.4654 0.8276
1SCL 517 1.641 0.4421 0.8103
1SCL 518 1.590 0.4538 0.8190
1SCL 519 1.640 0.4405 0.8103
1SCL 520 1.621 0.4524 0.8017
1SCL 521 1.584 0.4774 0.8103
1SCL 522 1.595 0.4715 0.8276
1SCL 523 1.520 0.5015 0.8534
1SCL 524 1.563 0.4810 0.8190
1SCL 525 1.655 0.4636 0.8017
1SCL 526 1.552 0.4843 0.8276
1SCL 527 1.583 0.4811 0.8276
1SCL 528 1.674 0.4570 0.8017
1SCL 529 1.616 0.4775 0.8190
1SCL 530 1.549 0.4974 0.8276
1SCL 531 1.547 0.4935 0.8190
1SCL 532 1.577 0.4750 0.8362
1SCL 533 1.543 0.4816 0.8362
1SCL 534 1.635 0.4864 0.8103
1SCL 535 1.566 0.4823 0.8190
1SCL 536 1.593 0.4815 0.8017
1SCL 537 1.511 0.5065 0.8534
1SCL 538 1.552 0.4775 0.8362
1SCL 539 1.545 0.4747 0.8362
1SCL 540 1.606 0.4639 0.8017
1SCL 541 1.572 0.4830 0.8276
1SCL 542 1.495 0.4976 0.8276
1SCL 543 1.508 0.4940 0.8190
1SCL 544 1.492 0.4892 0.8190
1SCL 545 1.499 0.4930 0.8276
1SCL 546 1.505 0.4869 0.8276
1SCL 547 1.506 0.4903 0.8276
1SCL 548 1.517 0.4793 0.8276
1SCL 549 1.454 0.4973 0.8448
1SCL 550 1.478 0.4924 0.8448
1SCL 551 1.496 0.4936 0.8276
1SCL 552 1.427 0.5108 0.8448
1SCL 553 1.495 0.4983 0.8276
1SCL 554 1.519 0.4992 0.8276
1SCL 555 1.445 0.5201 0.8448
1SCL 556 1.446 0.5239 0.8448
1SCL 557 1.427 0.5295 0.8362
1SCL 558 1.401 0.5249 0.8448
1SCL 559 1.390 0.5205 0.8448
1SCL 560 1.480 0.5153 0.8362
1SCL 561 1.433 0.5285 0.8534
1SCL 562 1.490 0.5078 0.8362
1SCL 563 1.435 0.5134 0.8362
1SCL 564 1.487 0.5135 0.8448
1SCL 565 1.426 0.5162 0.8448
1SCL 566 1.461 0.5157 0.8362
1SCL 567 1.441 0.5192 0.8362
1SCL 568 1.488 0.5113 0.8362
1SCL 569 1.503 0.5028 0.8362
1SCL 570 1.464 0.5168 0.8362
1SCL 571 1.381 0.5302 0.8448
1SCL 572 1.407 0.5230 0.8448
1SCL 573 1.499 0.5093 0.8362
1SCL 574 1.396 0.5462 0.8448
1SCL 575 1.348 0.5439 0.8534
1SCL 576 1.459 0.5258 0.8534
1SCL 577 1.441 0.5296 0.8362
1SCL 578 1.480 0.5248 0.8362
1SCL 579 1.473 0.5245 0.8448
1SCL 580 1.457 0.5198 0.8362
1SCL 581 1.462 0.5244 0.8448
1SCL 582 1.476 0.5151 0.8534
1SCL 583 1.497 0.5107 0.8362
1SCL 584 1.372 0.5326 0.8448
1SCL 585 1.290 0.5539 0.8621
1SCL 586 1.392 0.5313 0.8534
1SCL 587 1.280 0.5731 0.8707
1SCL 588 1.427 0.5289 0.8448
1SCL 589 1.425 0.5417 0.8448
1SCL 590 1.361 0.5528 0.8534
1SCL 591 1.350 0.5404 0.8707
1SCL 592 1.376 0.5389 0.8448
1SCL 593 1.422 0.5548 0.8707
1SCL 594 1.312 0.5661 0.8707
1SCL 595 1.435 0.5301 0.8362
1SCL 596 1.537 0.5118 0.8362
1SCL 597 1.298 0.5721 0.8707
1SCL 598 1.520 0.5152 0.8448
1SCL 599 1.596 0.5213 0.8362
1SCL 600 1.302 0.5824 0.8621
1SCL 601 1.407 0.5689 0.8621
1SCL 602 1.425 0.5733 0.8621
1SCL 603 1.327 0.5859 0.8621
1SCL 604 1.295 0.5757 0.8621
1SCL 605 1.334 0.5789 0.8621
1SCL 606 1.248 0.5995 0.8793
1SCL 607 1.324 0.5992 0.8621
1SCL 608 1.305 0.5897 0.8621
1SCL 609 1.455 0.5476 0.8534
1SCL 610 1.587 0.5404 0.8448
1SCL 611 1.552 0.5415 0.8534
1SCL 612 1.569 0.5577 0.8621
1SCL 613 1.477 0.5561 0.8707
1SCL 614 1.448 0.5540 0.8621
1SCL 615 1.515 0.5320 0.8362
1SCL 616 1.610 0.5437 0.8534
1SCL 617 1.553 0.5533 0.8621
1SCL 618 1.504 0.5531 0.8621
1SCL 619 1.413 0.5589 0.8534
1SCL 620 1.476 0.5493 0.8621
1SCL 621 1.577 0.5219 0.8276
1SCL 622 1.666 0.5267 0.8362
1SCL 623 1.577 0.5164 0.8448
1SCL 624 1.617 0.5229 0.8276
1SCL 625 1.476 0.5439 0.8534
1SCL 626 1.642 0.5137 0.8362
1SCL 627 1.511 0.5432 0.8534
1SCL 628 1.600 0.5201 0.8448
1SCL 629 1.579 0.5386 0.8534
1SCL 630 1.394 0.5492 0.8621
1SCL 631 1.459 0.5578 0.8621
1SCL 632 1.428 0.5417 0.8534
1SCL 633 1.445 0.5558 0.8621
1SCL 634 1.542 0.5444 0.8448
1SCL 635 1.481 0.5420 0.8534
1SCL 636 1.527 0.5533 0.8534
1SCL 637 1.518 0.5469 0.8448
1SCL 638 1.658 0.5272 0.8534
1SCL 639 1.513 0.5403 0.8534
1SCL 640 1.358 0.5565 0.8621
1SCL 641 1.541 0.5443 0.8621
1SCL 642 1.385 0.5694 0.8707
1SCL 643 1.481 0.5442 0.8621
1SCL 644 1.463 0.5516 0.8621
1SCL 645 1.401 0.5697 0.8534
1SCL 646 1.465 0.5518 0.8534
1SCL 647 1.401 0.5591 0.8621
1SCL 648 1.495 0.5493 0.8621
1SCL 649 1.515 0.5408 0.8621
1SCL 650 1.467 0.5412 0.8534
1SCL 651 1.325 0.5847 0.8879
1SCL 652 1.607 0.5357 0.8534
1SCL 653 1.391 0.5654 0.8707
1SCL 654 1.383 0.5677 0.8707
1SCL 655 1.616 0.5277 0.8534
1SCL 656 1.364 0.5632 0.8621
1SCL 657 1.493 0.5503 0.8534
1SCL 658 1.493 0.5529 0.8621
1SCL 659 1.428 0.5486 0.8534
1SCL 660 1.595 0.5397 0.8534
1SCL 661 1.457 0.5529 0.8448
1SCL 662 1.461 0.5474 0.8534
1SCL 663 1.430 0.5501 0.8534
1SCL 664 1.495 0.5573 0.8621
1SCL 665 1.490 0.5337 0.8534
1SCL 666 1.409 0.5425 0.8534
1SCL 667 1.480 0.5425 0.8534
1SCL 668 1.439 0.5528 0.8534
1SCL 669 1.471 0.5485 0.8534
1SCL 670 1.519 0.5622 0.8621
1SCL 671 1.519 0.5404 0.8534
1SCL 672 1.498 0.5322 0.8534
1SCL 673 1.465 0.5591 0.8448
1SCL 674 1.404 0.5726 0.8621
1SCL 675 1.501 0.5288 0.8534
1SCL 676 1.581 0.5282 0.8448
1SCL 677 1.491 0.5265 0.8448
1SCL 678 1.535 0.5348 0.8621
1SCL 679 1.554 0.5328 0.8534
1SCL 680 1.365 0.5621 0.8621
1SCL 681 1.481 0.5427 0.8534
1SCL 682 1.504 0.5416 0.8621
1SCL 683 1.450 0.5541 0.8621
1SCL 684 1.479 0.5415 0.8534
1SCL 685 1.706 0.4777 0.8276
1SCL 686 1.586 0.4968 0.8448
1SCL 687 1.350 0.5488 0.8534
1SCL 688 1.543 0.5283 0.8362
1SCL 689 1.631 0.5051 0.8276
1SCL 690 1.489 0.5518 0.8276
1SCL 691 1.758 0.4886 0.8190
1SCL 692 1.655 0.5352 0.8276
1SCL 693 1.817 0.4823 0.8190
1SCL 694 1.893 0.4694 0.8103
1SCL 695 1.876 0.4889 0.8103
1SCL 696 1.834 0.4802 0.8103
1SCL 697 1.807 0.5031 0.8276
1SCL 698 1.783 0.4858 0.8190
1SCL 699 1.785 0.4974 0.8190
1SCL 700 1.803 0.4900 0.8190
1SCL 701 1.867 0.4915 0.8276
1SCL 702 2.100 0.4269 0.7759
1SCL 703 1.902 0.4706 0.8017
1SCL 704 1.963 0.4546 0.7845
1SCL 705 1.778 0.4996 0.8103
1SCL 706 1.722 0.5238 0.8276
1SCL 707 1.762 0.4838 0.8190
1SCL 708 1.783 0.4850 0.8103
1SCL 709 1.715 0.5248 0.8362
1SCL 710 1.818 0.4994 0.8103
1SCL 711 1.854 0.4836 0.8103
1SCL 712 2.028 0.4424 0.7845
1SCL 713 2.016 0.4568 0.8017
1SCL 714 1.873 0.4670 0.8103
1SCL 715 1.936 0.4320 0.7845
1SCL 716 1.899 0.4500 0.7845
1SCL 717 1.872 0.4651 0.7931
1SCL 718 1.937 0.4665 0.8017
1SCL 719 1.865 0.4786 0.7931
1SCL 720 1.926 0.4556 0.7845
1SCL 721 1.945 0.4834 0.8017
1SCL 722 1.843 0.4680 0.8103
1SCL 723 1.954 0.4480 0.7845
1SCL 724 2.050 0.4298 0.7759
1SCL 725 1.934 0.4781 0.7931
1SCL 726 1.952 0.4652 0.7759
1SCL 727 1.932 0.4665 0.7845
1SCL 728 2.046 0.4080 0.7672
1SCL 729 1.982 0.3841 0.7586
1SCL 730 2.010 0.4380 0.7759
1SCL 731 2.127 0.4017 0.7586
1SCL 732 2.136 0.4088 0.7414
1SCL 733 2.041 0.4231 0.7672
1SCL 734 2.084 0.4232 0.7759
1SCL 735 2.150 0.4157 0.7586
1SCL 736 2.060 0.4089 0.7586
1SCL 737 2.036 0.4113 0.7586
1SCL 738 2.260 0.4173 0.7500
1SCL 739 2.261 0.3641 0.7500
1SCL 740 2.108 0.4088 0.7500
1SCL 741 2.260 0.3895 0.7328
1SCL 742 2.291 0.4087 0.7500
1SCL 743 2.086 0.4025 0.7586
1SCL 744 2.167 0.3960 0.7586
1SCL 745 2.228 0.3922 0.7414
1SCL 746 2.152 0.4091 0.7586
1SCL 747 2.181 0.3906 0.7500
1SCL 748 2.166 0.3926 0.7414
1SCL 749 2.121 0.3972 0.7500
1SCL 750 2.181 0.4212 0.7586
1SCL 751 2.150 0.4032 0.7672
1SCL 752 2.117 0.3680 0.7500
1SCL 753 2.346 0.3727 0.7414
1SCL 754 2.439 0.3381 0.7069
1SCL 755 2.205 0.3638 0.7500
1SCL 756 2.042 0.4048 0.7672
1SCL 757 2.245 0.3923 0.7414
1SCL 758 2.073 0.3965 0.7586
1SCL 759 2.023 0.4227 0.7759
1SCL 760 1.956 0.4270 0.7759
1SCL 761 2.228 0.4205 0.7672
1SCL 762 2.082 0.3996 0.7672
1SCL 763 2.208 0.3903 0.7586
1SCL 764 2.205 0.3900 0.7672
1SCL 765 2.237 0.3816 0.7586
1SCL 766 2.285 0.4067 0.7586
1SCL 767 2.170 0.3872 0.7586
1SCL 768 2.358 0.4008 0.7500
1SCL 769 2.267 0.3879 0.7328
1SCL 770 2.145 0.4259 0.7845
1SCL 771 2.081 0.3977 0.7586
1SCL 772 2.077 0.3760 0.7586
1SCL 773 2.234 0.4007 0.7586
1SCL 774 2.408 0.3727 0.7414
1SCL 775 2.221 0.3879 0.7500
1SCL 776 2.343 0.3741 0.7414
1SCL 777 2.104 0.3939 0.7672
1SCL 778 2.305 0.3681 0.7241
1SCL 779 2.271 0.3671 0.7414
1SCL 780 2.228 0.3531 0.7586
1SCL 781 2.295 0.3741 0.7500
1SCL 782 2.168 0.3691 0.7414
1SCL 783 2.092 0.4111 0.7845
1SCL 784 2.128 0.4184 0.7759
1SCL 785 2.146 0.3851 0.7586
1SCL 786 2.132 0.3612 0.7500
1SCL 787 2.256 0.3758 0.7500
1SCL 788 2.449 0.3482 0.7241
1SCL 789 2.332 0.3658 0.7500
1SCL 790 2.257 0.3971 0.7586
1SCL 791 2.167 0.3578 0.7586
1SCL 792 2.313 0.3961 0.7672
1SCL 793 2.201 0.3816 0.7328
1SCL 794 2.312 0.3732 0.7414
1SCL 795 2.417 0.3780 0.7500
1SCL 796 2.324 0.3289 0.7328
1SCL 797 2.299 0.4003 0.7414
1SCL 798 2.330 0.3475 0.7328
1SCL 799 2.347 0.3421 0.7328
1SCL 800 2.539 0.3388 0.7328
1SCL 801 2.432 0.3628 0.7414
1SCL 802 2.336 0.3486 0.7328
1SCL 803 2.233 0.3746 0.7414
1SCL 804 2.365 0.3546 0.7241
1SCL 805 2.585 0.3442 0.7241
1SCL 806 2.373 0.3495 0.7414
1SCL 807 2.286 0.3416 0.7328
1SCL 808 2.330 0.3639 0.7500
1SCL 809 2.247 0.3663 0.7586
1SCL 810 2.308 0.3487 0.7414
1SCL 811 2.272 0.3602 0.7500
1SCL 812 2.315 0.3716 0.7586
1SCL 813 2.422 0.3546 0.7328
1SCL 814 2.390 0.3434 0.7241
1SCL 815 2.282 0.3730 0.7414
1SCL 816 2.354 0.3655 0.7414
1SCL 817 2.407 0.3554 0.7414
1SCL 818 2.199 0.3661 0.7672
1SCL 819 2.235 0.3612 0.7328
1SCL 820 2.398 0.3771 0.7328
1SCL 821 2.194 0.3534 0.7500
1SCL 822 2.446 0.3615 0.7155
1SCL 823 2.077 0.3924 0.7759
1SCL 824 2.284 0.3568 0.7414
1SCL 825 2.001 0.3867 0.7672
1SCL 826 2.283 0.3699 0.7500
1SCL 827 2.198 0.3736 0.7500
1SCL 828 2.293 0.3598 0.7414
1SCL 829 2.298 0.3519 0.7328
1SCL 830 2.169 0.3764 0.7672
1SCL 831 2.315 0.3753 0.7328
1SCL 832 2.242 0.3449 0.7414
1SCL 833 2.205 0.4139 0.7931
1SCL 834 2.249 0.3518 0.7414
1SCL 835 2.159 0.3909 0.7672
1SCL 836 2.319 0.3688 0.7414
1SCL 837 2.274 0.3641 0.7586
1SCL 838 2.337 0.3748 0.7328
1SCL 839 2.333 0.3637 0.7328
1SCL 840 2.382 0.3774 0.7414
1SCL 841 2.283 0.3518 0.7414
1SCL 842 2.385 0.3795 0.7414
1SCL 843 2.461 0.3856 0.7414
1SCL 844 2.513 0.3445 0.7328
1SCL 845 2.390 0.3407 0.7328
1SCL 846 2.240 0.3635 0.7414
1SCL 847 2.299 0.3861 0.7672
1SCL 848 2.161 0.3843 0.7586
1SCL 849 2.158 0.3519 0.7414
1SCL 850 2.056 0.3890 0.7586
1SCL 851 2.055 0.3887 0.7586
1SCL 852 2.274 0.3927 0.7586
1SCL 853 2.310 0.3400 0.7414
1SCL 854 2.368 0.3397 0.7414
1SCL 855 2.262 0.4046 0.7672
1SCL 856 2.155 0.3586 0.7414
1SCL 857 2.222 0.3696 0.7586
1SCL 858 2.275 0.3733 0.7328
1SCL 859 2.321 0.3352 0.7414
1SCL 860 2.335 0.3904 0.7586
1SCL 861 2.327 0.3713 0.7500
1SCL 862 2.377 0.3534 0.7328
1SCL 863 2.290 0.3839 0.7500
1SCL 864 2.391 0.3787 0.7500
1SCL 865 2.208 0.3946 0.7586
1SCL 866 2.725 0.3783 0.7328
1SCL 867 2.588 0.3685 0.7328
1SCL 868 2.470 0.3918 0.7500
1SCL 869 2.626 0.3821 0.7500
1SCL 870 2.339 0.3977 0.7414
1SCL 871 2.499 0.4039 0.7672
1SCL 872 2.663 0.3551 0.7328
1SCL 873 2.602 0.3743 0.7328
1SCL 874 2.494 0.3924 0.7500
1SCL 875 2.540 0.3651 0.7241
1SCL 876 2.486 0.3712 0.7414
1SCL 877 2.678 0.3613 0.7241
1SCL 878 2.522 0.3780 0.7414
1SCL 879 2.509 0.3999 0.7500
1SCL 880 2.285 0.3917 0.7586
1SCL 881 2.377 0.3545 0.7414
1SCL 882 2.329 0.4311 0.7845
1SCL 883 2.391 0.3635 0.7414
1SCL 884 2.351 0.3692 0.7500
1SCL 885 2.455 0.3658 0.7672
1SCL 886 2.080 0.4007 0.7500
1SCL 887 2.506 0.3835 0.7586
1SCL 888 2.345 0.3757 0.7500
1SCL 889 2.323 0.3641 0.7500
1SCL 890 2.222 0.3675 0.7500
1SCL 891 2.352 0.3869 0.7500
1SCL 892 2.269 0.3885 0.7672
1SCL 893 2.520 0.3639 0.7500
1SCL 894 2.373 0.3715 0.7500
1SCL 895 2.453 0.3748 0.7500
1SCL 896 2.531 0.3912 0.7586
1SCL 897 2.337 0.3481 0.7328
1SCL 898 2.348 0.3553 0.7414
1SCL 899 2.308 0.3731 0.7500
1SCL 900 2.252 0.3669 0.7586
1SCL 901 2.407 0.3839 0.7586
1SCL 902 2.366 0.3800 0.7500
1SCL 903 2.502 0.3350 0.7241
1SCL 904 2.593 0.3442 0.7328
1SCL 905 2.460 0.3318 0.7328
1SCL 906 2.631 0.3254 0.7328
1SCL 907 2.405 0.3475 0.7241
1SCL 908 2.550 0.3315 0.7241
1SCL 909 2.573 0.3413 0.7241
1SCL 910 2.579 0.3153 0.7155
1SCL 911 2.656 0.3190 0.7155
1SCL 912 2.520 0.3229 0.7155
1SCL 913 2.562 0.3208 0.7241
1SCL 914 2.596 0.3139 0.7155
1SCL 915 2.471 0.3375 0.7328
1SCL 916 2.455 0.3165 0.7241
1SCL 917 2.666 0.3312 0.7155
1SCL 918 2.449 0.3531 0.7069
1SCL 919 2.359 0.3567 0.7328
1SCL 920 2.662 0.3094 0.7155
1SCL 921 2.390 0.3193 0.7155
1SCL 922 2.604 0.3346 0.7241
1SCL 923 2.671 0.3286 0.7069
1SCL 924 2.723 0.3436 0.7155
1SCL 925 2.732 0.3114 0.7241
1SCL 926 2.261 0.3629 0.7328
1SCL 927 2.630 0.3187 0.7155
1SCL 928 2.741 0.3122 0.7155
1SCL 929 2.620 0.3164 0.7155
1SCL 930 2.562 0.3485 0.7414
1SCL 931 2.431 0.3362 0.7241
1SCL 932 2.685 0.3256 0.7328
1SCL 933 2.513 0.3519 0.7414
1SCL 934 2.586 0.3165 0.7155
1SCL 935 2.732 0.3094 0.7328
1SCL 936 2.459 0.3454 0.7241
1SCL 937 2.849 0.3087 0.6983
1SCL 938 2.479 0.3428 0.7328
1SCL 939 2.554 0.3528 0.7069
1SCL 940 2.720 0.3217 0.7241
1SCL 941 2.594 0.3537 0.7414
1SCL 942 2.684 0.3329 0.7328
1SCL 943 2.720 0.3154 0.7069
1SCL 944 2.724 0.3272 0.7155
1SCL 945 2.532 0.3243 0.7241
1SCL 946 2.645 0.3246 0.7328
1SCL 947 2.361 0.3266 0.7328
1SCL 948 2.689 0.3340 0.7069
1SCL 949 2.568 0.3423 0.7328
1SCL 950 2.456 0.3463 0.7414
1SCL 951 2.978 0.3414 0.7241
1SCL 952 3.074 0.3044 0.6810
1SCL 953 2.406 0.3644 0.7414
1SCL 954 2.452 0.3933 0.7414
1SCL 955 2.630 0.3426 0.7241
1SCL 956 2.663 0.3168 0.7328
1SCL 957 2.420 0.3598 0.7328
1SCL 958 2.335 0.3746 0.7759
1SCL 959 2.408 0.3671 0.7500
1SCL 960 2.571 0.3324 0.7328
1SCL 961 2.523 0.3532 0.7500
1SCL 962 2.507 0.3465 0.7328
1SCL 963 2.510 0.3397 0.7500
1SCL 964 2.639 0.3554 0.7586
1SCL 965 2.531 0.3373 0.7414
1SCL 966 2.664 0.3578 0.7414
1SCL 967 2.706 0.3252 0.7155
1SCL 968 2.542 0.3568 0.7500
1SCL 969 2.704 0.3451 0.7155
1SCL 970 2.714 0.3525 0.7414
1SCL 971 2.463 0.3753 0.7500
1SCL 972 2.515 0.3780 0.7672
1SCL 973 2.571 0.3440 0.7328
1SCL 974 2.705 0.3226 0.7155
1SCL 975 2.669 0.3599 0.7500
1SCL 976 2.449 0.3520 0.7414
1SCL 977 2.672 0.3504 0.7328
1SCL 978 2.677 0.3480 0.7414
1SCL 979 2.575 0.3304 0.7414
1SCL 980 2.650 0.3467 0.7414
1SCL 981 2.616 0.3125 0.7155
1SCL 982 2.640 0.3288 0.7500
1SCL 983 2.566 0.3103 0.6983
1SCL 984 2.659 0.3128 0.7241
1SCL 985 2.847 0.3261 0.7241
1SCL 986 2.359 0.3286 0.7241
1SCL 987 2.676 0.3246 0.7328
1SCL 988 2.712 0.3084 0.7155
1SCL 989 2.531 0.3449 0.7241
1SCL 990 2.259 0.3666 0.7500
1SCL 991 2.448 0.3573 0.7414
1SCL 992 2.196 0.3704 0.7414
1SCL 993 2.325 0.3421 0.7414
1SCL 994 2.285 0.3728 0.7414
1SCL 995 2.127 0.3763 0.7586
1SCL 996 2.614 0.3528 0.7414
1SCL 997 2.377 0.3548 0.7586
1SCL 998 2.386 0.3767 0.7414
1SCL 999 2.484 0.3722 0.7500
1SCL 1000 2.334 0.3783 0.7500
1SCL 1001 2.372 0.3929 0.7586
1SCL 1002 2.369 0.3755 0.7328
1SCL 1003 2.444 0.3456 0.7241
1SCL 1004 2.389 0.3738 0.7414
1SCL 1005 2.495 0.3553 0.7241
1SCL 1006 2.329 0.3622 0.7414
1SCL 1007 2.479 0.3586 0.7155
1SCL 1008 2.461 0.3500 0.7328
1SCL 1009 2.502 0.3360 0.7328
1SCL 1010 2.579 0.3354 0.7241
1SCL 1011 2.240 0.3570 0.7500
1SCL 1012 2.371 0.3426 0.7155
1SCL 1013 2.443 0.3583 0.7328
1SCL 1014 2.521 0.3473 0.7069
1SCL 1015 2.526 0.3393 0.7328
1SCL 1016 2.448 0.3603 0.7155
1SCL 1017 2.424 0.3472 0.7241
1SCL 1018 2.594 0.3419 0.7069
1SCL 1019 2.485 0.3520 0.7241
1SCL 1020 2.218 0.3575 0.7241
1SCL 1021 2.180 0.3535 0.7328
1SCL 1022 2.125 0.3614 0.7414
1SCL 1023 2.406 0.3603 0.7500
1SCL 1024 2.570 0.3493 0.7500
1SCL 1025 2.405 0.3501 0.7328
1SCL 1026 2.400 0.3233 0.7155
1SCL 1027 2.424 0.3446 0.7328
1SCL 1028 2.362 0.3479 0.7328
1SCL 1029 2.444 0.3342 0.7155
1SCL 1030 2.175 0.3661 0.7414
1SCL 1031 2.306 0.3458 0.7241
1SCL 1032 2.430 0.4170 0.7586
1SCL 1033 2.607 0.3182 0.7069
1SCL 1034 2.665 0.3496 0.7328
1SCL 1035 2.294 0.4044 0.7328
1SCL 1036 2.749 0.3841 0.7328
1SCL 1037 2.783 0.3897 0.7414
1SCL 1038 2.575 0.3426 0.7155
1SCL 1039 2.621 0.3397 0.7241
1SCL 1040 2.510 0.3771 0.7328
1SCL 1041 2.335 0.4255 0.7586
1SCL 1042 2.360 0.3615 0.7328
1SCL 1043 2.619 0.3250 0.7069
1SCL 1044 2.571 0.3250 0.6983
1SCL 1045 2.105 0.4107 0.7586
1SCL 1046 2.159 0.3789 0.7414
1SCL 1047 2.553 0.3754 0.7414
1SCL 1048 2.299 0.3648 0.7328
1SCL 1049 2.096 0.3661 0.7328
1SCL 1050 2.471 0.4015 0.7241
1SCL 1051 2.209 0.4120 0.7672
1SCL 1052 2.343 0.3945 0.7328
1SCL 1053 2.242 0.4017 0.7328
1SCL 1054 2.375 0.3649 0.7241
1SCL 1055 2.316 0.4044 0.7500
1SCL 1056 2.161 0.4347 0.7759
1SCL 1057 2.344 0.3969 0.7328
1SCL 1058 2.496 0.4003 0.7328
1SCL 1059 2.434 0.3872 0.7414
1SCL 1060 2.421 0.3888 0.7241
1SCL 1061 2.267 0.4023 0.7414
1SCL 1062 2.290 0.3506 0.7414
1SCL 1063 2.405 0.3789 0.7414
1SCL 1064 2.442 0.3937 0.7586
1SCL 1065 2.297 0.4112 0.7586
1SCL 1066 2.318 0.4043 0.7414
1SCL 1067 2.260 0.3568 0.7328
1SCL 1068 2.365 0.3736 0.7414
1SCL 1069 2.300 0.3901 0.7586
1SCL 1070 2.412 0.3441 0.7155
1SCL 1071 2.490 0.3381 0.7069
1SCL 1072 2.447 0.3860 0.7414
1SCL 1073 2.335 0.3824 0.7500
1SCL 1074 2.100 0.4125 0.7586
1SCL 1075 2.546 0.3692 0.7414
1SCL 1076 2.665 0.3485 0.7155
1SCL 1077 2.390 0.3960 0.7586
1SCL 1078 2.105 0.3960 0.7500
1SCL 1079 2.183 0.4011 0.7586
1SCL 1080 2.194 0.4161 0.7586
1SCL 1081 2.483 0.3373 0.7241
1SCL 1082 2.266 0.3388 0.7155
1SCL 1083 2.410 0.3890 0.7414
1SCL 1084 2.446 0.3648 0.7155
1SCL 1085 2.298 0.3413 0.7241
1SCL 1086 2.268 0.4422 0.7759
1SCL 1087 2.378 0.3791 0.7328
1SCL 1088 2.681 0.3556 0.7069
1SCL 1089 2.339 0.3576 0.7328
1SCL 1090 2.393 0.3408 0.7155
1SCL 1091 2.289 0.4061 0.7500
1SCL 1092 2.297 0.3934 0.7500
1SCL 1093 2.562 0.3380 0.7155
1SCL 1094 2.506 0.3494 0.7241
1SCL 1095 2.339 0.3930 0.7500
1SCL 1096 2.291 0.3637 0.7328
1SCL 1097 2.439 0.4066 0.7328
1SCL 1098 2.382 0.3924 0.7414
1SCL 1099 2.143 0.3781 0.7500
1SCL 1100 2.311 0.3954 0.7586
1SCL 1101 2.390 0.4096 0.7500
1SCL 1102 2.341 0.3919 0.7414
1SCL 1103 2.489 0.3655 0.7241
1SCL 1104 2.480 0.3722 0.7328
1SCL 1105 2.218 0.3631 0.7414
1SCL 1106 2.320 0.3471 0.7155
1SCL 1107 2.232 0.3437 0.7241
1SCL 1108 2.319 0.3467 0.7155
1SCL 1109 2.410 0.3405 0.7155
1SCL 1110 2.322 0.3917 0.7328
1SCL 1111 2.277 0.4166 0.7586
1SCL 1112 2.430 0.3484 0.7069
1SCL 1113 2.339 0.3532 0.7241
1SCL 1114 2.051 0.3576 0.7414
1SCL 1115 2.267 0.3796 0.7328
1SCL 1116 2.426 0.3634 0.7069
1SCL 1117 2.305 0.3597 0.7328
1SCL 1118 2.305 0.3822 0.7328
1SCL 1119 2.213 0.3982 0.7500
1SCL 1120 2.508 0.3420 0.7069
1SCL 1121 2.467 0.3902 0.7328
1SCL 1122 2.251 0.3556 0.7328
1SCL 1123 2.393 0.4494 0.7500
1SCL 1124 2.165 0.4045 0.7414
1SCL 1125 2.246 0.4015 0.7500
1SCL 1126 2.657 0.3567 0.7241
1SCL 1127 2.340 0.4178 0.7586
1SCL 1128 2.171 0.4118 0.7586
1SCL 1129 2.077 0.4051 0.7672
1SCL 1130 2.083 0.3545 0.7414
1SCL 1131 2.394 0.3474 0.6983
1SCL 1132 2.247 0.3811 0.7241
1SCL 1133 2.113 0.4041 0.7500
1SCL 1134 2.298 0.4091 0.7586
1SCL 1135 2.417 0.4025 0.7414
1SCL 1136 2.245 0.3956 0.7414
1SCL 1137 2.264 0.3646 0.7414
1SCL 1138 2.377 0.4032 0.7672
1SCL 1139 2.269 0.4075 0.7586
1SCL 1140 2.143 0.3918 0.7500
1SCL 1141 2.064 0.3914 0.7672
1SCL 1142 2.339 0.3984 0.7586
1SCL 1143 2.325 0.3881 0.7500
1SCL 1144 2.213 0.3838 0.7328
1SCL 1145 2.343 0.3582 0.7241
1SCL 1146 2.447 0.3709 0.7241
1SCL 1147 2.470 0.4000 0.7414
1SCL 1148 2.279 0.4063 0.7500
1SCL 1149 2.341 0.3889 0.7414
1SCL 1150 2.443 0.4243 0.7672
1SCL 1151 2.360 0.4033 0.7414
1SCL 1152 2.424 0.3915 0.7414
1SCL 1153 2.286 0.3329 0.7328
1SCL 1154 2.129 0.3631 0.7414
1SCL 1155 2.199 0.4033 0.7500
1SCL 1156 2.212 0.3800 0.7414
1SCL 1157 2.134 0.3814 0.7500
1SCL 1158 2.128 0.4027 0.7414
1SCL 1159 2.309 0.3737 0.7328
1SCL 1160 2.702 0.3549 0.7069
1SCL 1161 2.166 0.3996 0.7500
1SCL 1162 2.393 0.4231 0.7672
1SCL 1163 2.416 0.3856 0.7500
1SCL 1164 2.173 0.3957 0.7414
1SCL 1165 2.121 0.4242 0.7500
1SCL 1166 2.354 0.4033 0.7500
1SCL 1167 2.327 0.3701 0.7414
1SCL 1168 2.301 0.3664 0.7241
1SCL 1169 2.035 0.3605 0.7414
1SCL 1170 2.006 0.3899 0.7500
1SCL 1171 2.400 0.3442 0.7069
1SCL 1172 2.134 0.3725 0.7241
1SCL 1173 2.472 0.3712 0.7328
1SCL 1174 2.266 0.3564 0.7328
1SCL 1175 2.307 0.3722 0.7328
1SCL 1176 2.306 0.3852 0.7586
1SCL 1177 2.307 0.3647 0.7241
1SCL 1178 2.374 0.3394 0.7241
1SCL 1179 2.673 0.3291 0.6983
1SCL 1180 2.465 0.3260 0.7069
1SCL 1181 2.330 0.3855 0.7328
1SCL 1182 2.289 0.3579 0.7328
1SCL 1183 2.715 0.3425 0.7155
1SCL 1184 2.410 0.3340 0.7328
1SCL 1185 2.386 0.3343 0.7069
1SCL 1186 2.503 0.3247 0.7069
1SCL 1187 2.204 0.3610 0.7155
1SCL 1188 1.986 0.3884 0.7586
1SCL 1189 2.169 0.3994 0.7672
1SCL 1190 2.407 0.3701 0.7328
1SCL 1191 2.460 0.3500 0.7328
1SCL 1192 2.199 0.4105 0.7586
1SCL 1193 2.328 0.3904 0.7328
1SCL 1194 2.349 0.3599 0.7414
1SCL 1195 2.240 0.4075 0.7500
1SCL 1196 2.679 0.3787 0.7414
1SCL 1197 2.278 0.3621 0.7241
1SCL 1198 2.423 0.4011 0.7500
1SCL 1199 2.690 0.3580 0.7069
1SCL 1200 2.502 0.3554 0.7241
1SCL 1201 2.489 0.3416 0.7155
1SCL 1202 2.039 0.4062 0.7500
1SCL 1203 2.503 0.3844 0.7241
1SCL 1204 2.603 0.3413 0.7069
1SCL 1205 2.431 0.3582 0.7155
1SCL 1206 2.435 0.3162 0.6983
1SCL 1207 2.431 0.3701 0.7241
1SCL 1208 2.324 0.3789 0.7328
1SCL 1209 2.451 0.3466 0.7069
1SCL 1210 2.734 0.3092 0.6897
1SCL 1211 2.390 0.3751 0.7241
1SCL 1212 2.306 0.3609 0.7328
1SCL 1213 2.309 0.4205 0.7500
1SCL 1214 2.460 0.3793 0.7500
1SCL 1215 2.408 0.3453 0.7155
1SCL 1216 2.543 0.3641 0.7328
1SCL 1217 2.474 0.3736 0.7414
1SCL 1218 2.312 0.3580 0.7328
1SCL 1219 2.366 0.3930 0.7414
1SCL 1220 2.292 0.3845 0.7414
1SCL 1221 2.449 0.3455 0.7069
1SCL 1222 2.516 0.4367 0.7845
1SCL 1223 2.434 0.3773 0.7500
1SCL 1224 2.036 0.4023 0.7759
1SCL 1225 2.402 0.3416 0.7414
1SCL 1226 2.344 0.3427 0.7241
1SCL 1227 2.550 0.3979 0.7414
1SCL 1228 2.437 0.3604 0.7241
1SCL 1229 2.628 0.3263 0.7069
1SCL 1230 2.783 0.3269 0.6983
1SCL 1231 2.487 0.4058 0.7586
1SCL 1232 2.673 0.4112 0.7500
1SCL 1233 2.562 0.3921 0.7586
1SCL 1234 2.431 0.3893 0.7672
1SCL 1235 2.012 0.3993 0.7586
1SCL 1236 2.202 0.3500 0.7155
1SCL 1237 2.280 0.3484 0.7414
1SCL 1238 2.380 0.3533 0.7241
1SCL 1239 2.367 0.3857 0.7500
1SCL 1240 2.199 0.3518 0.7500
1SCL 1241 2.404 0.3491 0.7414
1SCL 1242 2.579 0.3205 0.7241
1SCL 1243 2.272 0.3447 0.7241
1SCL 1244 2.378 0.3686 0.7328
1SCL 1245 2.302 0.3677 0.7328
1SCL 1246 2.321 0.3939 0.7500
1SCL 1247 2.481 0.3809 0.7241
1SCL 1248 2.398 0.3847 0.7414
1SCL 1249 2.598 0.3999 0.7328
1SCL 1250 2.543 0.3690 0.7328
1SCL 1251 2.256 0.3994 0.7500
1SCL 1252 2.525 0.3511 0.7155
1SCL 1253 2.278 0.3788 0.7328
1SCL 1254 2.108 0.3938 0.7500
1SCL 1255 2.149 0.4084 0.7672
1SCL 1256 2.507 0.3577 0.7328
1SCL 1257 2.254 0.3595 0.7328
1SCL 1258 2.022 0.4049 0.7672
1SCL 1259 2.042 0.4284 0.7672
1SCL 1260 2.281 0.3495 0.7155
1SCL 1261 2.161 0.3777 0.7500
1SCL 1262 2.305 0.3477 0.7241
1SCL 1263 2.328 0.3274 0.6983
1SCL 1264 2.041 0.3849 0.7845
1SCL 1265 2.492 0.3200 0.6983
1SCL 1266 2.473 0.3546 0.7155
1SCL 1267 2.571 0.3554 0.7241
1SCL 1268 2.160 0.3393 0.7155
1SCL 1269 2.240 0.3652 0.7328
1SCL 1270 2.487 0.3464 0.7414
1SCL 1271 1.894 0.3971 0.7931
1SCL 1272 2.443 0.3818 0.7500
1SCL 1273 2.550 0.3481 0.7328
1SCL 1274 2.440 0.3278 0.7155
1SCL 1275 2.277 0.3486 0.7328
1SCL 1276 2.265 0.4162 0.7500
1SCL 1277 2.468 0.3606 0.7414
1SCL 1278 2.431 0.3577 0.7414
1SCL 1279 2.323 0.3805 0.7500
1SCL 1280 2.360 0.3677 0.7328
1SCL 1281 2.390 0.4007 0.7500
1SCL 1282 2.365 0.3601 0.7328
1SCL 1283 2.437 0.3833 0.7500
1SCL 1284 2.227 0.3790 0.7500
1SCL 1285 2.214 0.3389 0.7069
1SCL 1286 2.456 0.3557 0.7328
1SCL 1287 2.402 0.3559 0.7241
1SCL 1288 2.545 0.3926 0.7241
1SCL 1289 2.196 0.3887 0.7414
1SCL 1290 2.066 0.4200 0.7586
1SCL 1291 2.503 0.3640 0.7241
1SCL 1292 2.259 0.3470 0.7241
1SCL 1293 2.113 0.4003 0.7586
1SCL 1294 2.331 0.4207 0.7500
1SCL 1295 2.561 0.4050 0.7414
1SCL 1296 2.192 0.3545 0.7155
1SCL 1297 2.118 0.3649 0.7241
1SCL 1298 2.026 0.4086 0.7672
1SCL 1299 2.120 0.3759 0.7586
1SCL 1300 2.719 0.3565 0.7155
1SCL 1301 2.645 0.4066 0.7414
1SCL 1302 2.260 0.3623 0.7500
1SCL 1303 2.488 0.3424 0.7155
1SCL 1304 2.300 0.3951 0.7500
1SCL 1305 2.222 0.4481 0.7672
1SCL 1306 2.428 0.3622 0.7414
1SCL 1307 2.498 0.3317 0.7155
1SCL 1308 2.314 0.3457 0.6983
1SCL 1309 2.173 0.3827 0.7414
1SCL 1310 2.179 0.3874 0.7500
1SCL 1311 2.805 0.3838 0.7241
1SCL 1312 2.440 0.3584 0.7155
1SCL 1313 2.414 0.3141 0.7069
1SCL 1314 2.351 0.3251 0.6983
1SCL 1315 2.073 0.4063 0.7759
1SCL 1316 2.196 0.3614 0.7328
1SCL 1317 2.584 0.3234 0.6983
1SCL 1318 2.393 0.3372 0.7328
1SCL 1319 2.062 0.3674 0.7241
1SCL 1320 2.508 0.3320 0.7069
1SCL 1321 2.436 0.3440 0.7155
1SCL 1322 2.322 0.3523 0.7328
1SCL 1323 2.049 0.3441 0.7414
1SCL 1324 2.014 0.3650 0.7414
1SCL 1325 1.906 0.3747 0.7586
1SCL 1326 2.284 0.3188 0.7241
1SCL 1327 2.167 0.3358 0.7241
1SCL 1328 1.841 0.3710 0.7672
1SCL 1329 2.166 0.3405 0.7155
1SCL 1330 2.401 0.3131 0.7241
1SCL 1331 2.467 0.3130 0.6983
1SCL 1332 2.347 0.3641 0.7241
1SCL 1333 2.037 0.4169 0.7759
1SCL 1334 2.171 0.3502 0.7241
1SCL 1335 2.514 0.3252 0.7069
1SCL 1336 2.351 0.3256 0.7328
1SCL 1337 2.727 0.2928 0.6724
1SCL 1338 2.447 0.3091 0.6897
1SCL 1339 2.379 0.3156 0.7069
1SCL 1340 2.331 0.3572 0.7500
1SCL 1341 1.990 0.4228 0.7672
1SCL 1342 1.639 0.4550 0.8017
1SCL 1343 2.154 0.3486 0.7241
1SCL 1344 1.997 0.3618 0.7414
1SCL 1345 1.876 0.4367 0.7931
1SCL 1346 2.025 0.3876 0.7586
1SCL 1347 2.079 0.3908 0.7672
1SCL 1348 2.208 0.3888 0.7586
1SCL 1349 2.156 0.3814 0.7500
1SCL 1350 2.321 0.3545 0.7328
1SCL 1351 2.210 0.3573 0.7414
1SCL 1352 2.148 0.3984 0.7500
1SCL 1353 2.050 0.3989 0.7328
1SCL 1354 1.926 0.4358 0.7586
1SCL 1355 2.077 0.4141 0.7672
1SCL 1356 2.071 0.3903 0.7759
1SCL 1357 1.866 0.4271 0.8103
1SCL 1358 2.113 0.3866 0.7414
1SCL 1359 2.135 0.3811 0.7414
1SCL 1360 2.217 0.3709 0.7672
1SCL 1361 2.212 0.3368 0.7069
1SCL 1362 1.990 0.3910 0.7672
1SCL 1363 1.942 0.3827 0.7414
1SCL 1364 2.218 0.3490 0.7328
1SCL 1365 2.390 0.3405 0.7328
1SCL 1366 2.129 0.3603 0.7500
1SCL 1367 1.950 0.3559 0.7414
1SCL 1368 2.144 0.3529 0.7500
1SCL 1369 2.213 0.3806 0.7500
1SCL 1370 2.366 0.3624 0.7414
1SCL 1371 2.414 0.3340 0.7241
1SCL 1372 2.309 0.4086 0.7500
1SCL 1373 2.081 0.3695 0.7586
1SCL 1374 1.827 0.4148 0.8017
1SCL 1375 1.881 0.3402 0.7500
1SCL 1376 2.080 0.3505 0.7328
1SCL 1377 2.035 0.3103 0.7155
1SCL 1378 2.039 0.3566 0.7328
1SCL 1379 2.103 0.3595 0.7328
1SCL 1380 1.729 0.4329 0.7759
1SCL 1381 1.583 0.4538 0.7759
1SCL 1382 1.687 0.4441 0.7845
1SCL 1383 2.478 0.3324 0.7155
1SCL 1384 2.450 0.3519 0.7328
1SCL 1385 2.195 0.3813 0.7500
1SCL 1386 1.971 0.4006 0.7672
1SCL 1387 2.435 0.3496 0.7069
1SCL 1388 2.289 0.3154 0.6983
1SCL 1389 1.844 0.3990 0.8017
1SCL 1390 2.063 0.3739 0.7672
1SCL 1391 2.448 0.2845 0.6810
1SCL 1392 2.109 0.3790 0.7328
1SCL 1393 2.005 0.3891 0.7672
1SCL 1394 1.983 0.3580 0.7672
1SCL 1395 2.261 0.3329 0.7155
1SCL 1396 2.350 0.3517 0.7328
1SCL 1397 2.415 0.3265 0.7155
1SCL 1398 2.173 0.3426 0.7241
1SCL 1399 2.264 0.3429 0.7241
1SCL 1400 2.081 0.3613 0.7328
1SCL 1401 1.965 0.3791 0.7672
1SCL 1402 1.807 0.3860 0.7672
1SCL 1403 2.187 0.3700 0.7328
1SCL 1404 2.044 0.3873 0.7500
1SCL 1405 1.843 0.3962 0.7759
1SCL 1406 2.441 0.3564 0.7241
1SCL 1407 2.441 0.3408 0.7241
1SCL 1408 2.184 0.3538 0.7155
1SCL 1409 2.249 0.3344 0.7241
1SCL 1410 2.717 0.3286 0.7155
1SCL 1411 2.362 0.3755 0.7241
1SCL 1412 2.431 0.3598 0.7328
