4A4U 1 0.000 1.0000 1.0000
4A4U 2 2.172 0.3118 0.7500
4A4U 3 2.952 0.2837 0.7045
4A4U 4 2.737 0.3083 0.7386
4A4U 5 3.379 0.3338 0.6818
4A4U 6 3.190 0.3414 0.7159
4A4U 7 10.498 0.1033 0.3523
4A4U 8 11.195 0.1084 0.2727
4A4U 9 8.962 0.1113 0.4318
4A4U 10 10.467 0.1351 0.4091
4A4U 11 12.942 0.1193 0.3977
4A4U 12 10.399 0.1070 0.4432
4A4U 13 3.889 0.1639 0.6250
4A4U 14 7.754 0.1270 0.4432
4A4U 15 6.024 0.1289 0.6136
4A4U 16 3.682 0.1364 0.6136
4A4U 17 6.286 0.1368 0.5455
4A4U 18 5.848 0.1165 0.4773
4A4U 19 6.503 0.1527 0.5568
4A4U 20 5.153 0.1465 0.6023
4A4U 21 3.155 0.1660 0.6591
4A4U 22 2.926 0.2371 0.7727
4A4U 23 2.691 0.2009 0.7386
4A4U 24 3.557 0.1584 0.6591
4A4U 25 5.535 0.1265 0.5682
4A4U 26 2.406 0.2453 0.7386
4A4U 27 4.622 0.1926 0.6477
4A4U 28 4.180 0.1463 0.6136
4A4U 29 2.929 0.1896 0.6932
4A4U 30 4.603 0.1705 0.6136
4A4U 31 4.013 0.1592 0.6591
4A4U 32 5.767 0.1463 0.5227
4A4U 33 4.297 0.1602 0.6591
4A4U 34 3.017 0.1942 0.6932
4A4U 35 4.733 0.1315 0.5568
4A4U 36 3.567 0.1836 0.6705
4A4U 37 4.326 0.1992 0.6591
4A4U 38 2.406 0.1832 0.7045
4A4U 39 2.886 0.1910 0.7045
4A4U 40 4.012 0.1607 0.6364
4A4U 41 3.351 0.1832 0.6591
4A4U 42 3.142 0.2071 0.6818
4A4U 43 2.739 0.1905 0.7045
4A4U 44 4.529 0.1869 0.6136
4A4U 45 3.094 0.1711 0.6932
4A4U 46 2.726 0.1911 0.7159
4A4U 47 10.224 0.1393 0.4318
4A4U 48 3.591 0.1457 0.5909
4A4U 49 9.474 0.0958 0.4205
4A4U 50 6.214 0.1422 0.5000
4A4U 51 7.223 0.1394 0.5455
4A4U 52 7.857 0.1416 0.5568
4A4U 53 7.226 0.1330 0.5455
4A4U 54 3.948 0.1854 0.6477
4A4U 55 8.426 0.1421 0.4886
4A4U 56 2.642 0.1797 0.7273
4A4U 57 2.745 0.2160 0.7273
4A4U 58 3.112 0.1936 0.6818
4A4U 59 5.124 0.1678 0.6364
4A4U 60 6.071 0.1612 0.5795
4A4U 61 4.533 0.1757 0.6250
4A4U 62 5.753 0.1356 0.5455
4A4U 63 6.798 0.1430 0.5114
4A4U 64 3.801 0.2144 0.6705
4A4U 65 2.930 0.1981 0.6932
4A4U 66 2.646 0.1816 0.7273
4A4U 67 5.653 0.1593 0.5341
4A4U 68 3.808 0.1548 0.6477
4A4U 69 2.369 0.1527 0.6932
4A4U 70 3.710 0.1962 0.7045
4A4U 71 3.033 0.1820 0.6705
4A4U 72 3.296 0.2011 0.6932
4A4U 73 2.876 0.1667 0.7045
4A4U 74 3.791 0.2285 0.7045
4A4U 75 3.280 0.1549 0.6477
4A4U 76 2.912 0.1676 0.6818
4A4U 77 2.758 0.1976 0.7273
4A4U 78 2.155 0.1897 0.7500
4A4U 79 2.755 0.1693 0.6932
4A4U 80 3.711 0.1911 0.6705
4A4U 81 2.507 0.1792 0.7159
4A4U 82 2.797 0.2019 0.6818
4A4U 83 2.334 0.1964 0.7386
4A4U 84 3.674 0.1726 0.6591
4A4U 85 4.208 0.1710 0.6364
4A4U 86 2.984 0.1920 0.6705
4A4U 87 9.090 0.1484 0.4659
4A4U 88 9.444 0.0984 0.3977
4A4U 89 6.103 0.1474 0.5909
4A4U 90 7.491 0.1049 0.5114
4A4U 91 8.238 0.1111 0.3750
4A4U 92 7.320 0.1217 0.5000
4A4U 93 9.039 0.1408 0.4773
4A4U 94 5.562 0.1467 0.5341
4A4U 95 7.809 0.1594 0.4886
4A4U 96 6.877 0.1256 0.5227
4A4U 97 7.020 0.1512 0.5000
4A4U 98 6.016 0.1371 0.5795
4A4U 99 3.287 0.1802 0.7159
4A4U 100 7.439 0.1885 0.4432
4A4U 101 10.418 0.1517 0.4318
4A4U 102 8.040 0.1446 0.4432
4A4U 103 4.182 0.1351 0.6023
4A4U 104 7.240 0.1154 0.4432
4A4U 105 3.655 0.1348 0.6023
4A4U 106 7.649 0.1253 0.5341
4A4U 107 3.076 0.2315 0.7273
4A4U 108 2.729 0.1680 0.7273
4A4U 109 3.335 0.1559 0.6364
4A4U 110 3.379 0.1715 0.6477
4A4U 111 2.898 0.1574 0.6932
4A4U 112 2.759 0.1909 0.6932
4A4U 113 3.870 0.1954 0.5909
4A4U 114 3.250 0.1810 0.6818
4A4U 115 4.103 0.2235 0.6705
4A4U 116 2.970 0.2060 0.7045
4A4U 117 3.618 0.1892 0.6705
4A4U 118 2.913 0.1565 0.6818
4A4U 119 2.840 0.1901 0.7159
4A4U 120 2.464 0.1994 0.7386
4A4U 121 2.823 0.1786 0.6591
4A4U 122 2.206 0.2135 0.7273
4A4U 123 2.246 0.2036 0.7386
4A4U 124 2.693 0.1305 0.6705
4A4U 125 3.203 0.1928 0.7045
4A4U 126 3.045 0.1996 0.6932
4A4U 127 6.348 0.1450 0.4659
4A4U 128 4.023 0.1669 0.6591
4A4U 129 8.469 0.1463 0.4432
4A4U 130 11.103 0.1526 0.3295
4A4U 131 7.437 0.1548 0.5682
4A4U 132 5.752 0.1452 0.5455
4A4U 133 3.038 0.1910 0.6705
4A4U 134 5.295 0.1419 0.5682
4A4U 135 4.712 0.1684 0.6364
4A4U 136 6.189 0.1685 0.6136
4A4U 137 7.687 0.1288 0.5341
4A4U 138 2.857 0.1680 0.7045
4A4U 139 5.724 0.1082 0.5455
4A4U 140 9.909 0.1336 0.4545
4A4U 141 2.935 0.1873 0.6932
4A4U 142 4.524 0.1759 0.5682
4A4U 143 2.316 0.1938 0.7386
4A4U 144 2.021 0.2336 0.7955
4A4U 145 3.095 0.2323 0.7273
4A4U 146 3.603 0.1789 0.6818
4A4U 147 6.887 0.1694 0.5341
4A4U 148 3.043 0.1955 0.7159
4A4U 149 3.019 0.2086 0.6932
4A4U 150 4.507 0.1701 0.5682
4A4U 151 2.961 0.2527 0.7045
4A4U 152 2.609 0.1808 0.7045
4A4U 153 3.887 0.1884 0.6591
4A4U 154 2.645 0.1855 0.7159
4A4U 155 2.868 0.1695 0.6932
4A4U 156 2.741 0.1743 0.6932
4A4U 157 2.816 0.1756 0.7159
4A4U 158 3.147 0.2142 0.7045
4A4U 159 3.926 0.1553 0.6477
4A4U 160 2.629 0.1700 0.7159
4A4U 161 3.123 0.1821 0.6705
4A4U 162 2.863 0.1827 0.6932
4A4U 163 2.480 0.2035 0.7273
4A4U 164 3.286 0.1736 0.6932
4A4U 165 2.740 0.1697 0.7159
4A4U 166 3.754 0.1377 0.6136
4A4U 167 10.056 0.0911 0.2727
4A4U 168 9.518 0.1205 0.4318
4A4U 169 9.240 0.1075 0.4659
4A4U 170 6.239 0.1597 0.4886
4A4U 171 10.114 0.1029 0.3523
4A4U 172 10.582 0.1033 0.3977
4A4U 173 9.170 0.1575 0.4091
4A4U 174 10.887 0.1127 0.3864
4A4U 175 6.666 0.1495 0.5114
4A4U 176 9.270 0.1269 0.4318
4A4U 177 7.333 0.1466 0.5227
4A4U 178 8.945 0.1119 0.4432
4A4U 179 3.807 0.1945 0.7045
4A4U 180 2.525 0.1984 0.7386
4A4U 181 7.800 0.1316 0.4886
4A4U 182 4.580 0.1935 0.6477
4A4U 183 7.933 0.1374 0.5000
4A4U 184 4.572 0.2091 0.6250
4A4U 185 4.808 0.1809 0.6591
4A4U 186 2.795 0.1723 0.6705
4A4U 187 4.027 0.1831 0.6591
4A4U 188 4.128 0.1790 0.6477
4A4U 189 4.162 0.1670 0.6591
4A4U 190 3.054 0.1774 0.6705
4A4U 191 2.683 0.1879 0.7159
4A4U 192 2.940 0.1574 0.7045
4A4U 193 3.191 0.1778 0.7045
4A4U 194 3.455 0.1632 0.6705
4A4U 195 3.077 0.1737 0.6705
4A4U 196 3.126 0.1599 0.6932
4A4U 197 4.975 0.1417 0.5341
4A4U 198 3.735 0.1719 0.6477
4A4U 199 3.252 0.1629 0.6591
4A4U 200 3.252 0.1851 0.6705
4A4U 201 2.672 0.1981 0.7159
4A4U 202 2.236 0.2157 0.7500
4A4U 203 2.523 0.1647 0.6932
4A4U 204 2.663 0.1884 0.7045
4A4U 205 2.750 0.2131 0.7386
4A4U 206 2.449 0.1991 0.7386
4A4U 207 11.044 0.1939 0.4545
4A4U 208 8.721 0.0756 0.3636
4A4U 209 3.588 0.1436 0.6136
4A4U 210 6.849 0.1240 0.5341
4A4U 211 7.362 0.1552 0.5227
4A4U 212 10.074 0.1400 0.3864
4A4U 213 9.590 0.1211 0.4318
4A4U 214 8.545 0.1500 0.4886
4A4U 215 6.341 0.1580 0.5682
4A4U 216 8.831 0.1176 0.4205
4A4U 217 7.034 0.1330 0.5682
4A4U 218 3.450 0.1177 0.6364
4A4U 219 8.932 0.1334 0.4659
4A4U 220 4.547 0.1143 0.6136
4A4U 221 4.804 0.1423 0.6023
4A4U 222 4.144 0.1302 0.5682
4A4U 223 2.835 0.1909 0.6818
4A4U 224 6.462 0.1322 0.5114
4A4U 225 4.334 0.1289 0.6477
4A4U 226 5.729 0.1623 0.5795
4A4U 227 2.125 0.2081 0.7386
4A4U 228 3.255 0.2048 0.6705
4A4U 229 4.301 0.1566 0.5909
4A4U 230 6.451 0.1644 0.5568
4A4U 231 3.215 0.1672 0.6705
4A4U 232 2.344 0.1621 0.7159
4A4U 233 4.029 0.1689 0.6591
4A4U 234 4.076 0.1805 0.6591
4A4U 235 3.734 0.1952 0.6818
4A4U 236 3.117 0.1916 0.7045
4A4U 237 2.441 0.1806 0.7500
4A4U 238 3.768 0.2102 0.6591
4A4U 239 3.167 0.1769 0.6818
4A4U 240 12.905 0.1493 0.4091
4A4U 241 3.021 0.1883 0.6932
4A4U 242 2.496 0.1842 0.7273
4A4U 243 2.980 0.2182 0.6932
4A4U 244 3.304 0.1585 0.6591
4A4U 245 2.829 0.2048 0.7045
4A4U 246 2.281 0.1632 0.7045
4A4U 247 6.967 0.1309 0.5227
4A4U 248 7.266 0.1030 0.4545
4A4U 249 7.805 0.1422 0.4318
4A4U 250 8.125 0.1380 0.4091
4A4U 251 8.865 0.1139 0.4091
4A4U 252 5.420 0.1342 0.5795
4A4U 253 7.554 0.1399 0.5682
4A4U 254 6.827 0.1337 0.5000
4A4U 255 5.906 0.1529 0.5341
4A4U 256 9.305 0.1357 0.5568
4A4U 257 11.633 0.1335 0.3295
4A4U 258 4.178 0.1649 0.6591
4A4U 259 11.468 0.1069 0.4091
4A4U 260 3.902 0.1598 0.6364
4A4U 261 8.344 0.1249 0.4545
4A4U 262 7.582 0.1383 0.4659
4A4U 263 7.039 0.1650 0.4545
4A4U 264 6.244 0.1613 0.6023
4A4U 265 10.673 0.1014 0.4545
4A4U 266 3.960 0.1945 0.6477
4A4U 267 4.892 0.1533 0.5455
4A4U 268 8.268 0.1198 0.5114
4A4U 269 2.381 0.1784 0.7159
4A4U 270 3.528 0.1770 0.6364
4A4U 271 3.015 0.1970 0.6932
4A4U 272 3.884 0.2080 0.6705
4A4U 273 3.287 0.2008 0.6591
4A4U 274 3.605 0.2078 0.6591
4A4U 275 3.635 0.1899 0.6477
4A4U 276 4.387 0.1577 0.6023
4A4U 277 2.401 0.1826 0.7273
4A4U 278 6.250 0.1433 0.5341
4A4U 279 3.019 0.2098 0.7045
4A4U 280 2.936 0.1708 0.6818
4A4U 281 3.442 0.1952 0.6705
4A4U 282 3.031 0.2326 0.7045
4A4U 283 2.771 0.2189 0.7273
4A4U 284 2.913 0.2037 0.7159
4A4U 285 2.982 0.1381 0.6705
4A4U 286 2.771 0.1823 0.6932
4A4U 287 4.196 0.1552 0.6250
4A4U 288 7.648 0.1311 0.5000
4A4U 289 7.061 0.0994 0.4545
4A4U 290 9.880 0.1349 0.3523
4A4U 291 9.400 0.1028 0.4205
4A4U 292 5.067 0.1834 0.6477
4A4U 293 10.081 0.1907 0.5341
4A4U 294 5.354 0.1423 0.6136
4A4U 295 5.025 0.1518 0.5568
4A4U 296 9.347 0.1255 0.4432
4A4U 297 5.687 0.1856 0.6023
4A4U 298 5.246 0.1654 0.6136
4A4U 299 4.063 0.1682 0.6818
4A4U 300 2.977 0.1744 0.7159
4A4U 301 3.359 0.2076 0.6932
4A4U 302 5.596 0.1544 0.5000
4A4U 303 2.994 0.1610 0.6818
4A4U 304 5.314 0.1443 0.5682
4A4U 305 2.332 0.2175 0.7386
4A4U 306 2.921 0.1758 0.7159
4A4U 307 2.966 0.1693 0.6705
4A4U 308 2.463 0.1917 0.7386
4A4U 309 2.665 0.1955 0.7159
4A4U 310 3.073 0.1612 0.6818
4A4U 311 3.812 0.1598 0.6477
4A4U 312 2.599 0.1805 0.6932
4A4U 313 3.013 0.1584 0.6705
4A4U 314 2.476 0.1986 0.7159
4A4U 315 2.516 0.2107 0.7500
4A4U 316 3.167 0.1730 0.6705
4A4U 317 3.195 0.2144 0.6818
4A4U 318 3.168 0.2213 0.7159
4A4U 319 3.215 0.1696 0.6932
4A4U 320 3.406 0.1999 0.6818
4A4U 321 3.098 0.1881 0.6818
4A4U 322 2.665 0.2061 0.7159
4A4U 323 2.975 0.1879 0.7045
4A4U 324 2.634 0.1975 0.7159
4A4U 325 2.976 0.2106 0.7273
4A4U 326 2.697 0.1824 0.7159
4A4U 327 6.831 0.1648 0.4773
4A4U 328 5.177 0.1275 0.5341
4A4U 329 7.483 0.1242 0.4545
4A4U 330 8.765 0.1142 0.4205
4A4U 331 3.428 0.1885 0.6591
4A4U 332 7.530 0.1184 0.4432
4A4U 333 9.465 0.1308 0.3636
4A4U 334 5.687 0.1307 0.5455
4A4U 335 10.479 0.1320 0.3523
4A4U 336 10.974 0.1155 0.4318
4A4U 337 4.885 0.1653 0.5568
4A4U 338 5.094 0.1190 0.5795
4A4U 339 11.155 0.1582 0.4205
4A4U 340 4.282 0.1604 0.5909
4A4U 341 4.636 0.1831 0.7045
4A4U 342 5.006 0.1322 0.5568
4A4U 343 6.342 0.1226 0.5000
4A4U 344 4.578 0.1657 0.6023
4A4U 345 2.494 0.1591 0.6818
4A4U 346 3.364 0.1359 0.6136
4A4U 347 3.995 0.1647 0.6250
4A4U 348 2.865 0.2312 0.7614
4A4U 349 2.317 0.1653 0.7159
4A4U 350 4.070 0.1261 0.6250
4A4U 351 3.007 0.1725 0.6705
4A4U 352 4.835 0.1305 0.5682
4A4U 353 6.302 0.1661 0.5795
4A4U 354 2.442 0.1818 0.7273
4A4U 355 2.793 0.1656 0.7159
4A4U 356 2.512 0.1810 0.7386
4A4U 357 2.830 0.1738 0.6932
4A4U 358 3.377 0.1874 0.6818
4A4U 359 2.878 0.1558 0.6818
4A4U 360 2.840 0.1474 0.6705
4A4U 361 2.864 0.1573 0.6932
4A4U 362 2.708 0.2137 0.7045
4A4U 363 2.793 0.2088 0.7273
4A4U 364 2.888 0.2119 0.7159
4A4U 365 2.829 0.2168 0.7386
4A4U 366 2.896 0.1731 0.7045
4A4U 367 10.052 0.0836 0.3750
4A4U 368 11.926 0.1324 0.4091
4A4U 369 10.895 0.1238 0.4432
4A4U 370 11.415 0.1488 0.3977
4A4U 371 3.920 0.1664 0.6477
4A4U 372 10.177 0.1231 0.4205
4A4U 373 8.515 0.1147 0.4773
4A4U 374 10.003 0.1332 0.3977
4A4U 375 6.862 0.1358 0.5455
4A4U 376 5.715 0.1455 0.5341
4A4U 377 9.734 0.1629 0.4318
4A4U 378 5.900 0.1267 0.5114
4A4U 379 10.501 0.1361 0.4091
4A4U 380 3.758 0.1480 0.6477
4A4U 381 14.342 0.1506 0.3636
4A4U 382 5.161 0.1139 0.5455
4A4U 383 7.958 0.1372 0.4545
4A4U 384 3.609 0.1932 0.6364
4A4U 385 2.813 0.1670 0.6818
4A4U 386 3.803 0.1881 0.6477
4A4U 387 5.620 0.1545 0.5795
4A4U 388 2.800 0.1565 0.7045
4A4U 389 4.884 0.1639 0.6477
4A4U 390 9.866 0.0955 0.4091
4A4U 391 6.247 0.1330 0.4886
4A4U 392 4.763 0.1463 0.6250
4A4U 393 5.361 0.1539 0.6250
4A4U 394 4.152 0.1495 0.6364
4A4U 395 5.359 0.1350 0.5341
4A4U 396 8.276 0.1263 0.5114
4A4U 397 7.696 0.1354 0.5455
4A4U 398 3.075 0.1511 0.6705
4A4U 399 2.884 0.1656 0.6591
4A4U 400 3.806 0.1807 0.6364
4A4U 401 2.969 0.1354 0.6477
4A4U 402 5.988 0.1311 0.5455
4A4U 403 4.318 0.1568 0.6250
4A4U 404 4.336 0.2086 0.6250
4A4U 405 6.760 0.1304 0.5568
4A4U 406 5.794 0.1728 0.6136
4A4U 407 1.855 0.2073 0.7841
4A4U 408 1.763 0.2385 0.8068
4A4U 409 1.854 0.2582 0.8068
4A4U 410 1.803 0.2475 0.7841
4A4U 411 1.811 0.2708 0.7727
4A4U 412 1.843 0.2501 0.7727
4A4U 413 1.863 0.2571 0.7727
4A4U 414 1.877 0.2538 0.7727
4A4U 415 1.854 0.2542 0.7841
4A4U 416 1.864 0.2591 0.7727
4A4U 417 1.886 0.2502 0.7727
4A4U 418 1.872 0.2503 0.7727
4A4U 419 1.878 0.2555 0.7727
4A4U 420 1.873 0.2553 0.7727
4A4U 421 1.881 0.2526 0.7614
4A4U 422 1.874 0.2499 0.7727
4A4U 423 1.876 0.2539 0.7727
4A4U 424 1.885 0.2535 0.7614
4A4U 425 1.873 0.2516 0.7727
4A4U 426 1.881 0.2533 0.7727
4A4U 427 1.870 0.2584 0.7727
4A4U 428 1.864 0.2552 0.7727
4A4U 429 1.867 0.2592 0.7841
4A4U 430 1.882 0.2532 0.7727
4A4U 431 1.865 0.2550 0.7841
4A4U 432 1.868 0.2554 0.7727
4A4U 433 1.880 0.2535 0.7727
4A4U 434 1.897 0.2537 0.7727
4A4U 435 1.884 0.2563 0.7727
4A4U 436 1.874 0.2464 0.7727
4A4U 437 1.887 0.2524 0.7727
4A4U 438 1.871 0.2533 0.7614
4A4U 439 1.881 0.2575 0.7727
4A4U 440 1.866 0.2569 0.7727
4A4U 441 1.886 0.2477 0.7727
4A4U 442 1.874 0.2534 0.7727
4A4U 443 1.892 0.2561 0.7727
4A4U 444 1.900 0.2512 0.7727
4A4U 445 1.883 0.2526 0.7614
4A4U 446 1.860 0.2550 0.7727
4A4U 447 1.868 0.2538 0.7727
4A4U 448 1.847 0.2583 0.7727
4A4U 449 1.872 0.2535 0.7727
4A4U 450 1.833 0.2610 0.7727
4A4U 451 1.896 0.2583 0.7727
4A4U 452 1.839 0.2546 0.7727
4A4U 453 1.859 0.2528 0.7841
4A4U 454 1.852 0.2533 0.7727
4A4U 455 1.855 0.2580 0.7727
4A4U 456 1.902 0.2512 0.7614
4A4U 457 1.893 0.2543 0.7727
4A4U 458 1.861 0.2539 0.7727
4A4U 459 1.892 0.2437 0.7614
4A4U 460 1.966 0.2449 0.7727
4A4U 461 1.824 0.2525 0.7727
4A4U 462 1.885 0.2464 0.7614
4A4U 463 1.892 0.2481 0.7614
4A4U 464 1.845 0.2447 0.7727
4A4U 465 1.861 0.2438 0.7727
4A4U 466 1.890 0.2457 0.7727
4A4U 467 1.870 0.2481 0.7727
4A4U 468 1.881 0.2437 0.7841
4A4U 469 1.820 0.2461 0.7727
4A4U 470 1.869 0.2438 0.7727
4A4U 471 1.915 0.2521 0.7614
4A4U 472 1.827 0.2473 0.7727
4A4U 473 1.899 0.2490 0.7727
4A4U 474 1.895 0.2464 0.7727
4A4U 475 1.827 0.2501 0.7727
4A4U 476 1.863 0.2495 0.7727
4A4U 477 1.911 0.2516 0.7727
4A4U 478 1.870 0.2526 0.7727
4A4U 479 1.886 0.2439 0.7841
4A4U 480 1.891 0.2568 0.7727
4A4U 481 1.867 0.2541 0.7727
4A4U 482 1.879 0.2527 0.7727
4A4U 483 1.878 0.2500 0.7727
4A4U 484 1.894 0.2526 0.7727
4A4U 485 1.868 0.2475 0.7727
4A4U 486 1.888 0.2487 0.7727
4A4U 487 1.830 0.2420 0.7841
4A4U 488 1.821 0.2520 0.7727
4A4U 489 1.853 0.2529 0.7727
4A4U 490 1.838 0.2543 0.7841
4A4U 491 1.867 0.2531 0.7727
4A4U 492 1.856 0.2514 0.7841
4A4U 493 1.837 0.2522 0.7841
4A4U 494 1.835 0.2572 0.7841
4A4U 495 1.849 0.2613 0.7727
4A4U 496 1.799 0.2692 0.7841
4A4U 497 1.821 0.2478 0.7841
4A4U 498 1.806 0.2615 0.7841
4A4U 499 1.852 0.2541 0.7727
4A4U 500 1.884 0.2538 0.7727
4A4U 501 1.828 0.2624 0.7841
4A4U 502 1.823 0.2378 0.7841
4A4U 503 1.902 0.2500 0.7727
4A4U 504 1.912 0.2531 0.7727
4A4U 505 1.852 0.2439 0.7841
4A4U 506 1.798 0.2431 0.7841
4A4U 507 1.866 0.2512 0.7727
4A4U 508 1.875 0.2449 0.7727
4A4U 509 1.864 0.2433 0.7727
4A4U 510 1.796 0.2497 0.7955
4A4U 511 1.788 0.2583 0.7841
4A4U 512 1.818 0.2516 0.7841
4A4U 513 1.803 0.2558 0.7955
4A4U 514 1.832 0.2571 0.7727
4A4U 515 1.847 0.2507 0.7727
4A4U 516 1.764 0.2688 0.7955
4A4U 517 1.812 0.2527 0.7955
4A4U 518 1.821 0.2382 0.7955
4A4U 519 1.880 0.2446 0.7955
4A4U 520 1.749 0.2468 0.7841
4A4U 521 1.699 0.2430 0.7841
4A4U 522 1.727 0.2446 0.8068
4A4U 523 1.791 0.2260 0.7841
4A4U 524 1.805 0.2424 0.7841
4A4U 525 1.755 0.2211 0.7841
4A4U 526 1.775 0.2301 0.7955
4A4U 527 1.799 0.2399 0.7614
4A4U 528 1.882 0.2303 0.7727
4A4U 529 1.841 0.2369 0.7727
4A4U 530 1.781 0.2474 0.7841
4A4U 531 1.748 0.2362 0.7955
4A4U 532 1.769 0.2357 0.7727
4A4U 533 1.703 0.2435 0.7841
4A4U 534 1.721 0.2552 0.8068
4A4U 535 1.768 0.2376 0.7955
4A4U 536 1.792 0.2398 0.7955
4A4U 537 1.777 0.2499 0.7841
4A4U 538 1.737 0.2421 0.7955
4A4U 539 1.804 0.2245 0.7841
4A4U 540 1.773 0.2426 0.7955
4A4U 541 1.731 0.2496 0.7955
4A4U 542 1.810 0.2520 0.7955
4A4U 543 1.821 0.2293 0.7955
4A4U 544 1.834 0.2449 0.7727
4A4U 545 1.878 0.2448 0.7841
4A4U 546 2.053 0.2213 0.7614
4A4U 547 1.987 0.2102 0.7614
4A4U 548 1.989 0.2103 0.7500
4A4U 549 2.014 0.2123 0.7614
4A4U 550 2.033 0.2000 0.7614
4A4U 551 2.042 0.1976 0.7386
4A4U 552 2.049 0.2100 0.7500
4A4U 553 2.018 0.2129 0.7614
4A4U 554 2.114 0.2006 0.7386
4A4U 555 2.066 0.1995 0.7386
4A4U 556 1.993 0.2152 0.7500
4A4U 557 1.979 0.2045 0.7500
4A4U 558 1.943 0.1957 0.7386
4A4U 559 1.917 0.2008 0.7500
4A4U 560 1.905 0.2043 0.7614
4A4U 561 1.924 0.2264 0.7614
4A4U 562 1.856 0.2012 0.7614
4A4U 563 1.879 0.2186 0.7727
4A4U 564 1.795 0.2606 0.8182
4A4U 565 1.871 0.2143 0.7727
4A4U 566 1.830 0.1973 0.7614
4A4U 567 1.843 0.2179 0.7955
4A4U 568 1.848 0.2378 0.7955
4A4U 569 1.823 0.2013 0.7841
4A4U 570 1.850 0.2350 0.7955
4A4U 571 1.876 0.2066 0.7727
4A4U 572 1.875 0.2010 0.7614
4A4U 573 1.901 0.2271 0.7614
4A4U 574 1.914 0.2086 0.7614
4A4U 575 1.885 0.2102 0.7614
4A4U 576 1.770 0.2317 0.7955
4A4U 577 1.814 0.2179 0.7841
4A4U 578 1.842 0.2008 0.7841
4A4U 579 1.898 0.2103 0.7727
4A4U 580 1.781 0.2231 0.7841
4A4U 581 1.830 0.2172 0.7841
4A4U 582 1.877 0.1918 0.7614
4A4U 583 2.013 0.1906 0.7500
4A4U 584 1.997 0.2048 0.7500
4A4U 585 1.914 0.2004 0.7727
4A4U 586 2.025 0.1743 0.7386
4A4U 587 2.048 0.1769 0.7386
4A4U 588 2.144 0.1625 0.7045
4A4U 589 2.344 0.1579 0.7045
4A4U 590 2.162 0.1621 0.7159
4A4U 591 2.241 0.1508 0.6818
4A4U 592 2.268 0.1546 0.6932
4A4U 593 2.128 0.1550 0.7045
4A4U 594 2.261 0.1527 0.7045
4A4U 595 2.127 0.1582 0.7273
4A4U 596 2.273 0.1460 0.7045
4A4U 597 2.171 0.1700 0.7159
4A4U 598 2.310 0.1519 0.6932
4A4U 599 2.315 0.1566 0.7045
4A4U 600 2.261 0.1562 0.7045
4A4U 601 2.291 0.1669 0.7159
4A4U 602 2.243 0.1490 0.7159
4A4U 603 2.166 0.1695 0.7159
4A4U 604 2.232 0.1563 0.7045
4A4U 605 2.155 0.1600 0.7273
4A4U 606 2.130 0.1645 0.7273
4A4U 607 2.112 0.1642 0.7386
4A4U 608 2.205 0.1493 0.7045
4A4U 609 2.237 0.1563 0.7159
4A4U 610 2.153 0.1571 0.7273
4A4U 611 2.110 0.1500 0.7386
4A4U 612 2.171 0.1605 0.7386
4A4U 613 2.149 0.1629 0.7273
4A4U 614 2.167 0.1607 0.7273
4A4U 615 2.227 0.1704 0.7159
4A4U 616 2.182 0.1693 0.7045
4A4U 617 2.262 0.1525 0.7159
4A4U 618 2.183 0.1592 0.7045
4A4U 619 2.183 0.1796 0.7159
4A4U 620 2.219 0.1592 0.7273
4A4U 621 2.172 0.1747 0.7273
4A4U 622 2.191 0.1741 0.7273
4A4U 623 2.094 0.1929 0.7500
4A4U 624 2.203 0.1844 0.7386
4A4U 625 2.117 0.1807 0.7159
4A4U 626 2.212 0.1626 0.7159
4A4U 627 2.204 0.1682 0.7386
4A4U 628 2.032 0.1940 0.7500
4A4U 629 2.150 0.1721 0.7273
4A4U 630 2.212 0.1866 0.7159
4A4U 631 2.114 0.1803 0.7386
4A4U 632 2.051 0.2014 0.7614
4A4U 633 2.139 0.1798 0.7273
4A4U 634 2.132 0.1928 0.7273
4A4U 635 2.091 0.1791 0.7386
4A4U 636 2.110 0.1862 0.7500
4A4U 637 2.179 0.1913 0.7273
4A4U 638 2.052 0.1870 0.7386
4A4U 639 2.092 0.1862 0.7273
4A4U 640 2.049 0.1781 0.7273
4A4U 641 2.137 0.1882 0.7273
4A4U 642 2.173 0.1794 0.7386
4A4U 643 2.115 0.1897 0.7500
4A4U 644 2.165 0.1790 0.7500
4A4U 645 2.037 0.1783 0.7386
4A4U 646 2.127 0.1832 0.7273
4A4U 647 2.145 0.1831 0.7386
4A4U 648 2.171 0.1778 0.7386
4A4U 649 2.096 0.1681 0.7500
4A4U 650 2.044 0.1891 0.7386
4A4U 651 2.209 0.2036 0.7386
4A4U 652 2.121 0.1772 0.7386
4A4U 653 2.118 0.1815 0.7500
4A4U 654 2.147 0.1689 0.7273
4A4U 655 2.156 0.1758 0.7273
4A4U 656 2.034 0.1853 0.7386
4A4U 657 2.193 0.1719 0.7159
4A4U 658 2.173 0.1877 0.7273
4A4U 659 2.092 0.1843 0.7386
4A4U 660 2.039 0.1814 0.7273
4A4U 661 2.140 0.1760 0.7386
4A4U 662 2.142 0.1780 0.7273
4A4U 663 2.123 0.1893 0.7386
4A4U 664 2.102 0.1602 0.7386
4A4U 665 2.182 0.1786 0.7273
4A4U 666 2.109 0.1685 0.7159
4A4U 667 2.008 0.1765 0.7273
4A4U 668 2.207 0.1679 0.7386
4A4U 669 2.284 0.1663 0.7273
4A4U 670 1.975 0.1779 0.7614
4A4U 671 2.187 0.1692 0.7159
4A4U 672 2.049 0.1788 0.7159
4A4U 673 2.195 0.1798 0.7045
4A4U 674 2.188 0.1699 0.7273
4A4U 675 2.140 0.1650 0.7386
4A4U 676 2.140 0.1765 0.7273
4A4U 677 2.052 0.1777 0.7159
4A4U 678 2.076 0.1666 0.7273
4A4U 679 2.098 0.1639 0.7386
4A4U 680 2.192 0.1700 0.7159
4A4U 681 2.087 0.1744 0.7273
4A4U 682 2.085 0.1711 0.7045
4A4U 683 2.094 0.1739 0.7045
4A4U 684 1.975 0.1664 0.7500
4A4U 685 2.259 0.1647 0.6932
4A4U 686 2.158 0.1735 0.7159
4A4U 687 2.248 0.1640 0.6932
4A4U 688 2.265 0.1637 0.6932
4A4U 689 2.181 0.1668 0.7045
4A4U 690 2.205 0.1750 0.7045
4A4U 691 2.176 0.1799 0.7045
4A4U 692 2.113 0.1653 0.6932
4A4U 693 2.143 0.1678 0.7045
4A4U 694 2.060 0.1682 0.7159
4A4U 695 2.113 0.1623 0.7273
4A4U 696 2.138 0.1652 0.7159
4A4U 697 2.216 0.1663 0.6932
4A4U 698 2.176 0.1741 0.7045
4A4U 699 2.244 0.1671 0.7045
4A4U 700 2.046 0.1847 0.7159
4A4U 701 2.078 0.1843 0.7045
4A4U 702 2.081 0.1601 0.7045
4A4U 703 2.228 0.1589 0.6932
4A4U 704 2.224 0.1738 0.6932
4A4U 705 2.223 0.1750 0.7045
4A4U 706 2.179 0.1699 0.7159
4A4U 707 2.201 0.1952 0.6932
4A4U 708 2.330 0.1676 0.6932
4A4U 709 2.221 0.1796 0.7045
4A4U 710 2.260 0.1707 0.7159
4A4U 711 2.189 0.1722 0.7045
4A4U 712 2.258 0.1754 0.7159
4A4U 713 2.204 0.1909 0.6932
4A4U 714 2.194 0.1941 0.7159
4A4U 715 2.174 0.1628 0.7045
4A4U 716 2.162 0.1665 0.7045
4A4U 717 2.143 0.1759 0.7159
4A4U 718 2.151 0.1610 0.7159
4A4U 719 2.257 0.1633 0.7045
4A4U 720 2.369 0.1594 0.6932
4A4U 721 2.229 0.1800 0.7159
4A4U 722 2.216 0.1623 0.6932
4A4U 723 2.283 0.1643 0.7045
4A4U 724 2.215 0.1778 0.7045
4A4U 725 2.210 0.1845 0.7159
4A4U 726 2.299 0.1690 0.6932
4A4U 727 2.210 0.1618 0.7045
4A4U 728 2.185 0.1760 0.7045
4A4U 729 2.239 0.1680 0.7159
4A4U 730 2.204 0.1655 0.7045
4A4U 731 2.177 0.1790 0.7159
4A4U 732 2.221 0.1717 0.7045
4A4U 733 2.199 0.1512 0.7159
4A4U 734 2.217 0.1693 0.6932
4A4U 735 2.159 0.1768 0.7273
4A4U 736 2.199 0.1660 0.7045
4A4U 737 2.226 0.1601 0.7045
4A4U 738 2.210 0.1668 0.7045
4A4U 739 2.212 0.1605 0.7045
4A4U 740 2.229 0.1735 0.7045
4A4U 741 2.105 0.1578 0.7273
4A4U 742 2.105 0.1970 0.7500
4A4U 743 2.209 0.1710 0.7159
4A4U 744 2.195 0.1524 0.6932
4A4U 745 2.158 0.1932 0.7159
4A4U 746 2.207 0.1698 0.7159
4A4U 747 2.255 0.1635 0.7045
4A4U 748 2.149 0.1683 0.7386
4A4U 749 2.162 0.1715 0.7159
4A4U 750 2.350 0.1741 0.6932
4A4U 751 2.180 0.1642 0.7273
4A4U 752 2.210 0.1853 0.7159
4A4U 753 2.006 0.1810 0.7273
4A4U 754 2.040 0.1840 0.7159
4A4U 755 2.052 0.1751 0.7273
4A4U 756 2.216 0.1716 0.7159
4A4U 757 2.148 0.1671 0.7273
4A4U 758 2.171 0.1612 0.7159
4A4U 759 2.221 0.1546 0.7045
4A4U 760 2.228 0.1789 0.7159
4A4U 761 2.138 0.1670 0.7159
4A4U 762 2.130 0.1520 0.7159
4A4U 763 2.167 0.1599 0.7159
4A4U 764 2.320 0.1570 0.6932
4A4U 765 2.274 0.1681 0.7045
4A4U 766 2.133 0.1687 0.7386
4A4U 767 2.155 0.1624 0.7045
4A4U 768 2.282 0.1798 0.7159
4A4U 769 2.300 0.1786 0.6818
4A4U 770 2.097 0.1746 0.7386
4A4U 771 2.205 0.1567 0.7045
4A4U 772 2.238 0.1738 0.6932
4A4U 773 2.213 0.1724 0.7159
4A4U 774 2.245 0.1828 0.7386
4A4U 775 2.055 0.2043 0.7386
4A4U 776 2.036 0.1747 0.7273
4A4U 777 2.155 0.1896 0.7273
4A4U 778 2.097 0.1975 0.7273
4A4U 779 2.337 0.1961 0.7273
4A4U 780 1.950 0.2040 0.7614
4A4U 781 2.162 0.2014 0.7500
4A4U 782 2.071 0.1933 0.7500
4A4U 783 2.210 0.1735 0.7159
4A4U 784 2.290 0.1775 0.6932
4A4U 785 2.231 0.1616 0.7045
4A4U 786 1.973 0.1739 0.7386
4A4U 787 2.241 0.1836 0.7045
4A4U 788 2.177 0.1564 0.7045
4A4U 789 2.358 0.1539 0.6818
4A4U 790 2.114 0.1732 0.7386
4A4U 791 2.189 0.1806 0.7159
4A4U 792 2.221 0.1514 0.7045
4A4U 793 2.274 0.1697 0.6818
4A4U 794 2.329 0.1655 0.6932
4A4U 795 2.082 0.1541 0.7159
4A4U 796 2.145 0.1674 0.7273
4A4U 797 2.260 0.1652 0.7045
4A4U 798 2.117 0.1635 0.7159
4A4U 799 2.156 0.1647 0.7159
4A4U 800 2.178 0.1608 0.7273
4A4U 801 2.227 0.1668 0.7045
4A4U 802 2.096 0.1666 0.7159
4A4U 803 2.237 0.1735 0.7045
4A4U 804 2.155 0.1677 0.7159
4A4U 805 2.177 0.1680 0.7045
4A4U 806 2.112 0.1734 0.7159
4A4U 807 2.282 0.1635 0.7045
4A4U 808 2.268 0.1667 0.7159
4A4U 809 2.171 0.1852 0.7159
4A4U 810 2.208 0.1788 0.7500
4A4U 811 2.190 0.1715 0.7045
4A4U 812 2.033 0.1751 0.7386
4A4U 813 2.348 0.1608 0.7159
4A4U 814 2.295 0.1740 0.6932
4A4U 815 2.186 0.1759 0.7273
4A4U 816 2.267 0.1650 0.7159
4A4U 817 2.185 0.1577 0.7273
4A4U 818 2.145 0.1747 0.7159
4A4U 819 2.047 0.1671 0.7273
4A4U 820 2.206 0.1475 0.7159
4A4U 821 2.266 0.1829 0.7045
4A4U 822 2.162 0.1660 0.7159
4A4U 823 2.202 0.1613 0.7159
4A4U 824 2.171 0.1765 0.7045
4A4U 825 2.140 0.1617 0.7159
4A4U 826 2.087 0.1796 0.7500
4A4U 827 2.263 0.1845 0.7159
4A4U 828 2.177 0.1695 0.7045
4A4U 829 2.210 0.1787 0.7159
4A4U 830 2.035 0.1688 0.7273
4A4U 831 2.186 0.1632 0.7159
4A4U 832 2.114 0.1583 0.7159
4A4U 833 2.286 0.1712 0.7045
4A4U 834 2.245 0.1858 0.7159
4A4U 835 2.027 0.1693 0.7159
4A4U 836 2.146 0.1651 0.7273
4A4U 837 2.077 0.1771 0.7273
4A4U 838 2.281 0.1677 0.7045
4A4U 839 2.119 0.1656 0.7386
4A4U 840 2.180 0.1697 0.7273
4A4U 841 2.292 0.1689 0.7045
4A4U 842 2.213 0.1574 0.7273
4A4U 843 2.280 0.1603 0.6932
4A4U 844 2.301 0.1715 0.7159
4A4U 845 2.210 0.1768 0.7159
4A4U 846 2.188 0.1693 0.7159
4A4U 847 2.300 0.1504 0.6932
4A4U 848 2.202 0.1630 0.6932
4A4U 849 2.163 0.1531 0.7159
4A4U 850 2.201 0.1660 0.7159
4A4U 851 2.271 0.1847 0.7045
4A4U 852 2.113 0.1649 0.7159
4A4U 853 2.115 0.1827 0.7159
4A4U 854 2.060 0.1672 0.7273
4A4U 855 2.359 0.1808 0.7045
4A4U 856 2.008 0.1744 0.7500
4A4U 857 2.323 0.1519 0.7045
4A4U 858 2.170 0.1782 0.7273
4A4U 859 2.204 0.1647 0.7045
4A4U 860 2.328 0.1537 0.7045
4A4U 861 2.118 0.1978 0.7045
4A4U 862 2.280 0.1647 0.7159
4A4U 863 2.181 0.1561 0.7159
4A4U 864 2.207 0.1697 0.7273
4A4U 865 2.257 0.1669 0.7045
4A4U 866 2.037 0.1555 0.7386
4A4U 867 2.157 0.1687 0.7045
4A4U 868 2.057 0.1964 0.7500
4A4U 869 2.111 0.1744 0.7273
4A4U 870 2.131 0.1645 0.7159
4A4U 871 2.034 0.1695 0.7273
4A4U 872 2.373 0.1647 0.6818
4A4U 873 2.139 0.1647 0.7273
4A4U 874 2.111 0.1818 0.7273
4A4U 875 2.278 0.1602 0.7045
4A4U 876 2.102 0.1736 0.7159
4A4U 877 2.302 0.1570 0.6818
4A4U 878 2.057 0.1590 0.7159
4A4U 879 2.209 0.1659 0.7045
4A4U 880 2.229 0.1703 0.7159
4A4U 881 2.083 0.1613 0.7386
4A4U 882 2.175 0.1637 0.7273
4A4U 883 2.241 0.1556 0.7273
4A4U 884 2.332 0.1642 0.7045
4A4U 885 2.106 0.1719 0.7159
4A4U 886 2.114 0.1592 0.7386
4A4U 887 2.187 0.1661 0.7273
4A4U 888 2.085 0.1630 0.7386
4A4U 889 2.166 0.1590 0.7045
4A4U 890 2.164 0.1697 0.7045
4A4U 891 2.328 0.1786 0.7045
4A4U 892 2.219 0.1611 0.7159
4A4U 893 2.295 0.1646 0.7159
4A4U 894 2.330 0.1678 0.7045
4A4U 895 2.324 0.1388 0.6932
4A4U 896 2.197 0.1600 0.7159
4A4U 897 2.349 0.1487 0.7045
4A4U 898 2.357 0.1675 0.7045
4A4U 899 2.263 0.1552 0.7045
4A4U 900 2.192 0.1662 0.7159
4A4U 901 2.273 0.1531 0.7159
4A4U 902 2.166 0.1877 0.7386
4A4U 903 2.275 0.1766 0.7045
4A4U 904 2.213 0.1719 0.7273
4A4U 905 2.103 0.1602 0.7159
4A4U 906 2.155 0.1488 0.7273
4A4U 907 2.125 0.1816 0.7045
4A4U 908 2.141 0.1895 0.7273
4A4U 909 2.150 0.1531 0.7159
4A4U 910 2.126 0.2013 0.7614
4A4U 911 2.101 0.2027 0.7727
4A4U 912 2.154 0.1766 0.7273
4A4U 913 2.247 0.1675 0.7045
4A4U 914 2.239 0.2030 0.7045
4A4U 915 2.184 0.1616 0.7159
4A4U 916 2.188 0.1821 0.7159
4A4U 917 2.039 0.1982 0.7614
4A4U 918 2.180 0.1784 0.7273
4A4U 919 2.338 0.1783 0.7159
4A4U 920 1.949 0.2066 0.8068
4A4U 921 2.255 0.1420 0.7159
4A4U 922 2.205 0.2037 0.7273
4A4U 923 2.143 0.2029 0.7386
4A4U 924 1.957 0.2080 0.7727
4A4U 925 2.120 0.1918 0.7500
4A4U 926 2.310 0.2282 0.7500
4A4U 927 2.274 0.1780 0.7386
4A4U 928 2.149 0.1913 0.7614
4A4U 929 2.100 0.2076 0.7727
4A4U 930 2.085 0.2102 0.7614
4A4U 931 2.116 0.1865 0.7614
4A4U 932 2.037 0.2129 0.7614
4A4U 933 2.074 0.1932 0.7614
4A4U 934 2.168 0.1756 0.7273
4A4U 935 2.131 0.2003 0.7727
4A4U 936 2.052 0.1994 0.7727
4A4U 937 2.290 0.1641 0.7500
4A4U 938 2.184 0.1611 0.7386
4A4U 939 2.239 0.1611 0.7159
4A4U 940 2.051 0.1857 0.7614
4A4U 941 2.278 0.2044 0.7386
4A4U 942 2.013 0.1943 0.7614
4A4U 943 2.253 0.1647 0.7159
4A4U 944 2.301 0.1627 0.7159
4A4U 945 2.146 0.1904 0.7273
4A4U 946 2.194 0.1689 0.7386
4A4U 947 2.147 0.1812 0.7273
4A4U 948 2.312 0.1684 0.7159
4A4U 949 2.340 0.1760 0.7386
4A4U 950 2.074 0.1775 0.7386
4A4U 951 2.339 0.1647 0.6818
4A4U 952 2.181 0.1800 0.7386
4A4U 953 2.357 0.1891 0.7273
4A4U 954 2.217 0.1732 0.7386
4A4U 955 2.363 0.1711 0.7045
4A4U 956 2.114 0.1861 0.7500
4A4U 957 2.238 0.1545 0.7159
4A4U 958 2.244 0.1824 0.7273
4A4U 959 2.078 0.1761 0.7386
4A4U 960 2.386 0.1384 0.6818
4A4U 961 2.209 0.1769 0.7045
4A4U 962 2.232 0.1734 0.7045
4A4U 963 2.272 0.1715 0.7159
4A4U 964 2.289 0.2034 0.7159
4A4U 965 2.079 0.2104 0.7500
4A4U 966 2.370 0.1768 0.7159
4A4U 967 2.177 0.1759 0.6932
4A4U 968 2.160 0.1879 0.7273
4A4U 969 2.206 0.2081 0.7500
4A4U 970 2.340 0.1706 0.7045
4A4U 971 2.303 0.1674 0.7159
4A4U 972 2.411 0.1783 0.7614
4A4U 973 2.478 0.1565 0.7159
4A4U 974 2.422 0.1488 0.7045
4A4U 975 2.508 0.1364 0.7159
4A4U 976 2.367 0.1343 0.7045
4A4U 977 2.629 0.1410 0.6705
4A4U 978 2.703 0.1286 0.6591
4A4U 979 2.583 0.1534 0.6591
4A4U 980 2.611 0.1412 0.6705
4A4U 981 2.756 0.1488 0.6705
4A4U 982 2.892 0.1542 0.6705
4A4U 983 2.622 0.1603 0.6818
4A4U 984 2.761 0.1265 0.6477
4A4U 985 2.691 0.1567 0.6818
4A4U 986 2.644 0.1572 0.6705
4A4U 987 2.630 0.1567 0.6705
4A4U 988 2.817 0.1390 0.6477
4A4U 989 2.654 0.1292 0.6591
4A4U 990 2.897 0.1395 0.6591
4A4U 991 2.526 0.1544 0.6705
4A4U 992 2.898 0.1302 0.6477
4A4U 993 2.691 0.1529 0.6705
4A4U 994 2.777 0.1472 0.6477
4A4U 995 2.735 0.1316 0.6591
4A4U 996 2.458 0.1611 0.6818
4A4U 997 2.632 0.1368 0.6591
4A4U 998 2.566 0.1276 0.6591
4A4U 999 2.654 0.1185 0.6477
4A4U 1000 2.705 0.1235 0.6705
4A4U 1001 2.579 0.1660 0.6705
4A4U 1002 2.647 0.1511 0.6591
4A4U 1003 2.495 0.1384 0.6818
4A4U 1004 2.680 0.1426 0.6818
4A4U 1005 2.695 0.1383 0.6818
4A4U 1006 2.654 0.1467 0.6705
4A4U 1007 2.626 0.1306 0.6591
4A4U 1008 2.586 0.1338 0.6705
4A4U 1009 2.643 0.1469 0.6705
4A4U 1010 2.639 0.1550 0.6705
4A4U 1011 2.476 0.1548 0.6932
4A4U 1012 2.705 0.1297 0.6591
4A4U 1013 2.669 0.1587 0.6591
4A4U 1014 2.884 0.1667 0.6477
4A4U 1015 2.658 0.1808 0.6705
4A4U 1016 2.668 0.1489 0.6705
4A4U 1017 2.655 0.1604 0.6705
4A4U 1018 2.834 0.1456 0.6705
4A4U 1019 2.726 0.1154 0.6705
4A4U 1020 2.564 0.1366 0.6705
4A4U 1021 2.792 0.1540 0.6591
4A4U 1022 2.717 0.1511 0.6477
4A4U 1023 2.640 0.1519 0.6591
4A4U 1024 2.694 0.1532 0.6705
4A4U 1025 2.663 0.1253 0.6477
4A4U 1026 2.691 0.1595 0.6591
4A4U 1027 2.693 0.1363 0.6477
4A4U 1028 2.508 0.1372 0.6705
4A4U 1029 2.629 0.1692 0.7045
4A4U 1030 2.600 0.1617 0.6705
4A4U 1031 2.552 0.1504 0.6818
4A4U 1032 2.523 0.1518 0.6705
4A4U 1033 2.596 0.1684 0.6932
4A4U 1034 2.571 0.1600 0.6818
4A4U 1035 2.490 0.1282 0.6932
4A4U 1036 2.545 0.1763 0.7045
4A4U 1037 2.491 0.1598 0.6932
4A4U 1038 2.678 0.1751 0.6818
4A4U 1039 2.408 0.1596 0.6932
4A4U 1040 2.383 0.1546 0.7045
4A4U 1041 2.438 0.1540 0.6818
4A4U 1042 2.494 0.1487 0.6818
4A4U 1043 2.566 0.1435 0.6705
4A4U 1044 2.461 0.1277 0.6818
4A4U 1045 2.284 0.1568 0.6932
4A4U 1046 2.475 0.1597 0.6818
4A4U 1047 2.425 0.1344 0.6705
4A4U 1048 2.609 0.1739 0.6591
4A4U 1049 2.523 0.1435 0.6818
4A4U 1050 2.614 0.1633 0.6818
4A4U 1051 2.548 0.1534 0.6818
4A4U 1052 2.189 0.1928 0.7273
4A4U 1053 2.397 0.1316 0.6818
4A4U 1054 2.385 0.1599 0.7045
4A4U 1055 2.477 0.1458 0.6818
4A4U 1056 2.421 0.1406 0.6818
4A4U 1057 2.403 0.1535 0.6818
4A4U 1058 2.402 0.1562 0.7045
4A4U 1059 2.498 0.1379 0.6705
4A4U 1060 2.539 0.1520 0.6591
4A4U 1061 2.394 0.1383 0.6932
4A4U 1062 2.427 0.1316 0.6818
4A4U 1063 2.433 0.1657 0.6818
4A4U 1064 2.509 0.1446 0.6705
4A4U 1065 2.560 0.1681 0.6818
4A4U 1066 2.381 0.1415 0.6932
4A4U 1067 2.593 0.1503 0.6705
4A4U 1068 2.312 0.1465 0.6705
4A4U 1069 2.454 0.1672 0.6818
4A4U 1070 2.518 0.1580 0.6818
4A4U 1071 2.572 0.1300 0.6818
4A4U 1072 2.502 0.1812 0.6705
4A4U 1073 2.448 0.1392 0.6818
4A4U 1074 2.309 0.1472 0.6818
4A4U 1075 2.459 0.1234 0.6591
4A4U 1076 2.448 0.1420 0.6818
4A4U 1077 2.317 0.1385 0.6818
4A4U 1078 2.339 0.1611 0.7045
4A4U 1079 2.502 0.1468 0.6705
4A4U 1080 2.363 0.1323 0.6932
4A4U 1081 2.580 0.1313 0.6818
4A4U 1082 2.402 0.1411 0.6818
4A4U 1083 2.493 0.1363 0.6818
4A4U 1084 2.442 0.1390 0.6932
4A4U 1085 2.473 0.1562 0.7045
4A4U 1086 2.542 0.1589 0.6818
4A4U 1087 2.271 0.1603 0.6932
4A4U 1088 2.525 0.1788 0.7159
4A4U 1089 2.528 0.1684 0.7045
4A4U 1090 2.493 0.1543 0.6705
4A4U 1091 2.700 0.1478 0.6705
4A4U 1092 2.521 0.1440 0.6818
4A4U 1093 2.448 0.1920 0.7045
4A4U 1094 2.462 0.1558 0.6932
4A4U 1095 2.468 0.1823 0.7159
4A4U 1096 2.752 0.1573 0.6705
4A4U 1097 2.614 0.1748 0.6818
4A4U 1098 2.543 0.1662 0.6932
4A4U 1099 2.632 0.1740 0.6818
4A4U 1100 2.423 0.1780 0.6932
4A4U 1101 2.494 0.1911 0.6932
4A4U 1102 2.654 0.1565 0.6932
4A4U 1103 2.420 0.1639 0.6932
4A4U 1104 2.430 0.1580 0.6818
4A4U 1105 2.403 0.1915 0.6818
4A4U 1106 2.676 0.1441 0.6705
4A4U 1107 2.367 0.1838 0.6932
4A4U 1108 2.675 0.1474 0.6705
4A4U 1109 2.688 0.1501 0.6705
4A4U 1110 2.485 0.1630 0.6705
4A4U 1111 2.655 0.1692 0.6932
4A4U 1112 2.230 0.1927 0.7159
4A4U 1113 2.455 0.1569 0.6932
4A4U 1114 2.466 0.1638 0.6932
4A4U 1115 2.603 0.1588 0.6932
4A4U 1116 2.298 0.1616 0.6932
4A4U 1117 2.648 0.1663 0.6818
4A4U 1118 2.636 0.1477 0.6705
4A4U 1119 2.588 0.1422 0.6705
4A4U 1120 2.306 0.1784 0.6818
4A4U 1121 2.541 0.1623 0.6705
4A4U 1122 2.526 0.1673 0.7045
4A4U 1123 2.429 0.1597 0.6818
4A4U 1124 2.370 0.1751 0.7159
4A4U 1125 2.608 0.2430 0.7045
4A4U 1126 2.637 0.1651 0.6932
4A4U 1127 2.596 0.1780 0.6705
4A4U 1128 2.596 0.1671 0.6818
4A4U 1129 2.640 0.1352 0.6477
4A4U 1130 2.434 0.1682 0.6818
4A4U 1131 2.307 0.1539 0.6705
4A4U 1132 2.392 0.1527 0.6705
4A4U 1133 2.565 0.1888 0.6818
4A4U 1134 2.415 0.1815 0.7045
4A4U 1135 2.227 0.2145 0.7159
4A4U 1136 2.545 0.1752 0.6705
4A4U 1137 2.368 0.1498 0.6932
4A4U 1138 2.508 0.1759 0.6705
4A4U 1139 2.512 0.1609 0.6818
4A4U 1140 2.519 0.1486 0.6818
4A4U 1141 2.483 0.1687 0.6932
4A4U 1142 2.553 0.1555 0.6705
4A4U 1143 2.506 0.1622 0.6932
4A4U 1144 2.422 0.1781 0.6932
4A4U 1145 2.457 0.1655 0.6818
4A4U 1146 2.484 0.1614 0.7045
4A4U 1147 2.658 0.1815 0.7159
4A4U 1148 2.400 0.1800 0.6818
4A4U 1149 2.348 0.1616 0.6932
4A4U 1150 2.320 0.1511 0.6705
4A4U 1151 2.599 0.1293 0.6818
4A4U 1152 2.563 0.1797 0.6705
4A4U 1153 2.314 0.1860 0.6932
4A4U 1154 2.534 0.1430 0.6818
4A4U 1155 2.705 0.1755 0.6591
4A4U 1156 2.308 0.1669 0.7159
4A4U 1157 2.453 0.1633 0.6932
4A4U 1158 2.527 0.1394 0.6932
4A4U 1159 2.611 0.1648 0.7045
4A4U 1160 2.597 0.1720 0.7159
4A4U 1161 2.239 0.1961 0.7159
4A4U 1162 2.503 0.1792 0.7045
4A4U 1163 2.386 0.1456 0.6932
4A4U 1164 2.584 0.1612 0.6591
4A4U 1165 2.651 0.1546 0.6705
4A4U 1166 2.238 0.1662 0.7273
4A4U 1167 2.591 0.1653 0.6818
4A4U 1168 2.663 0.1714 0.6818
4A4U 1169 2.322 0.1809 0.6818
4A4U 1170 2.578 0.1942 0.6818
4A4U 1171 2.836 0.1726 0.6591
4A4U 1172 2.614 0.1554 0.7045
4A4U 1173 2.645 0.1406 0.6818
4A4U 1174 2.466 0.1658 0.6705
4A4U 1175 2.532 0.1504 0.6818
4A4U 1176 2.560 0.1520 0.6818
4A4U 1177 2.427 0.1800 0.6818
4A4U 1178 2.727 0.1834 0.6705
4A4U 1179 2.590 0.1653 0.7045
4A4U 1180 2.667 0.1817 0.6818
4A4U 1181 2.502 0.1927 0.6932
4A4U 1182 2.530 0.1776 0.6932
4A4U 1183 2.522 0.1442 0.6932
4A4U 1184 2.491 0.1731 0.6818
4A4U 1185 2.567 0.1839 0.6705
4A4U 1186 2.328 0.1827 0.7045
4A4U 1187 2.570 0.1700 0.6932
4A4U 1188 2.553 0.1494 0.7045
4A4U 1189 2.672 0.1625 0.6932
4A4U 1190 2.320 0.1639 0.6932
4A4U 1191 2.459 0.1521 0.6818
4A4U 1192 2.431 0.1631 0.6818
4A4U 1193 2.820 0.1552 0.6477
4A4U 1194 2.507 0.1445 0.6705
4A4U 1195 2.416 0.1768 0.6818
4A4U 1196 2.537 0.1694 0.6932
4A4U 1197 2.583 0.1638 0.6705
4A4U 1198 2.452 0.1615 0.7045
4A4U 1199 2.223 0.1904 0.6932
4A4U 1200 2.564 0.1706 0.6932
4A4U 1201 2.550 0.1645 0.6591
4A4U 1202 2.458 0.1517 0.6705
4A4U 1203 2.627 0.1328 0.6705
4A4U 1204 2.704 0.1446 0.7159
4A4U 1205 2.688 0.1647 0.6591
4A4U 1206 2.643 0.1443 0.6705
4A4U 1207 2.480 0.1442 0.6818
4A4U 1208 2.787 0.1304 0.6591
4A4U 1209 2.576 0.1436 0.6591
4A4U 1210 2.901 0.1448 0.6477
4A4U 1211 2.623 0.1646 0.6591
4A4U 1212 2.653 0.1453 0.6591
4A4U 1213 2.702 0.1679 0.6591
4A4U 1214 2.663 0.1564 0.6591
4A4U 1215 2.541 0.1509 0.6591
4A4U 1216 2.732 0.1579 0.6591
4A4U 1217 2.555 0.1649 0.6705
4A4U 1218 2.768 0.1488 0.6591
4A4U 1219 2.821 0.1351 0.6591
4A4U 1220 2.630 0.1567 0.6818
4A4U 1221 2.486 0.1385 0.6591
4A4U 1222 2.466 0.1545 0.6705
4A4U 1223 2.641 0.1360 0.6591
4A4U 1224 2.444 0.1504 0.6705
4A4U 1225 2.438 0.1571 0.6705
4A4U 1226 2.527 0.1790 0.6818
4A4U 1227 2.563 0.1602 0.6591
4A4U 1228 2.384 0.1637 0.6818
4A4U 1229 2.552 0.1616 0.6591
4A4U 1230 2.354 0.1410 0.6932
4A4U 1231 2.390 0.1389 0.6705
4A4U 1232 2.631 0.1357 0.6591
4A4U 1233 2.357 0.1575 0.6818
4A4U 1234 2.445 0.1907 0.7045
4A4U 1235 2.159 0.1817 0.7159
4A4U 1236 2.877 0.1475 0.6250
4A4U 1237 2.499 0.1968 0.7159
4A4U 1238 2.539 0.1619 0.6591
4A4U 1239 2.568 0.1613 0.6818
4A4U 1240 2.697 0.1161 0.6364
4A4U 1241 2.594 0.1723 0.7045
4A4U 1242 2.355 0.1573 0.6818
4A4U 1243 2.257 0.1564 0.6818
4A4U 1244 2.418 0.1341 0.6932
4A4U 1245 2.688 0.1542 0.6364
4A4U 1246 2.458 0.1629 0.6818
4A4U 1247 2.642 0.1580 0.6818
4A4U 1248 2.513 0.1654 0.6705
4A4U 1249 2.558 0.1572 0.6818
4A4U 1250 2.400 0.2197 0.6932
4A4U 1251 2.587 0.1600 0.6705
4A4U 1252 2.362 0.1664 0.6818
4A4U 1253 2.619 0.1646 0.6477
4A4U 1254 2.558 0.1505 0.6818
4A4U 1255 2.548 0.1552 0.6591
4A4U 1256 2.299 0.1849 0.6932
4A4U 1257 2.614 0.1839 0.6705
4A4U 1258 2.446 0.1501 0.6705
4A4U 1259 2.603 0.1879 0.7045
4A4U 1260 2.631 0.1580 0.6818
4A4U 1261 2.334 0.1711 0.7045
4A4U 1262 2.515 0.1499 0.6818
4A4U 1263 2.388 0.1842 0.7045
4A4U 1264 2.721 0.1562 0.6477
4A4U 1265 2.302 0.1666 0.7045
4A4U 1266 2.169 0.1938 0.7159
4A4U 1267 2.442 0.1359 0.6705
4A4U 1268 2.395 0.1649 0.7159
4A4U 1269 2.492 0.1344 0.6591
4A4U 1270 2.351 0.1541 0.6932
4A4U 1271 2.220 0.1867 0.7386
4A4U 1272 2.497 0.1431 0.6818
4A4U 1273 2.704 0.1913 0.6818
4A4U 1274 2.263 0.1651 0.7045
4A4U 1275 2.637 0.2084 0.6932
4A4U 1276 2.509 0.1525 0.6818
4A4U 1277 2.431 0.1590 0.6818
4A4U 1278 2.478 0.1661 0.7273
4A4U 1279 2.527 0.2090 0.7045
4A4U 1280 2.535 0.1402 0.6818
4A4U 1281 2.405 0.1691 0.6932
4A4U 1282 2.507 0.1339 0.6705
4A4U 1283 2.206 0.2156 0.7159
4A4U 1284 2.241 0.1804 0.7159
4A4U 1285 2.605 0.1608 0.6818
4A4U 1286 2.459 0.1906 0.7273
4A4U 1287 2.172 0.1528 0.7045
4A4U 1288 2.632 0.1497 0.6591
4A4U 1289 2.671 0.1726 0.6705
4A4U 1290 2.448 0.1765 0.6932
4A4U 1291 2.654 0.1715 0.6705
4A4U 1292 2.212 0.1845 0.7045
4A4U 1293 2.766 0.1992 0.6705
4A4U 1294 2.629 0.1920 0.7045
4A4U 1295 2.402 0.1927 0.6932
4A4U 1296 2.666 0.1695 0.6932
4A4U 1297 2.420 0.2247 0.7159
4A4U 1298 2.285 0.1922 0.6932
4A4U 1299 2.365 0.1795 0.6932
4A4U 1300 2.470 0.2052 0.7045
4A4U 1301 2.519 0.1420 0.6705
4A4U 1302 2.353 0.1570 0.7045
4A4U 1303 2.378 0.2002 0.7273
4A4U 1304 2.360 0.1902 0.6932
4A4U 1305 2.614 0.1593 0.6932
4A4U 1306 2.130 0.1950 0.7159
4A4U 1307 2.631 0.1616 0.6932
4A4U 1308 2.228 0.2097 0.7386
4A4U 1309 2.538 0.2144 0.7045
4A4U 1310 2.537 0.1711 0.6818
4A4U 1311 2.384 0.1598 0.6932
4A4U 1312 2.517 0.1829 0.6932
4A4U 1313 2.330 0.1669 0.7045
4A4U 1314 2.572 0.1632 0.6705
4A4U 1315 2.416 0.1750 0.6932
4A4U 1316 2.483 0.2136 0.7159
4A4U 1317 2.488 0.1970 0.7045
4A4U 1318 2.556 0.1698 0.6932
4A4U 1319 2.578 0.1695 0.6932
4A4U 1320 2.487 0.1532 0.6932
4A4U 1321 2.193 0.1842 0.7045
4A4U 1322 2.540 0.1438 0.6591
4A4U 1323 2.430 0.1601 0.7045
4A4U 1324 2.606 0.2049 0.6932
4A4U 1325 2.406 0.1557 0.6818
4A4U 1326 2.304 0.1816 0.7159
4A4U 1327 2.430 0.1490 0.6705
4A4U 1328 2.391 0.2106 0.7045
4A4U 1329 2.675 0.1748 0.6818
4A4U 1330 2.656 0.1563 0.6818
4A4U 1331 2.516 0.1745 0.6818
4A4U 1332 2.762 0.1169 0.6591
4A4U 1333 2.434 0.1714 0.7045
4A4U 1334 2.566 0.1858 0.6932
4A4U 1335 2.702 0.2189 0.7159
4A4U 1336 2.533 0.1285 0.6818
4A4U 1337 2.799 0.1825 0.6705
4A4U 1338 2.659 0.1386 0.6705
4A4U 1339 2.592 0.1747 0.6818
4A4U 1340 2.546 0.1220 0.6818
4A4U 1341 2.531 0.1661 0.7045
4A4U 1342 2.199 0.1889 0.7273
4A4U 1343 2.451 0.1599 0.7045
4A4U 1344 2.535 0.1856 0.7159
4A4U 1345 2.365 0.1924 0.7159
4A4U 1346 2.469 0.1397 0.6932
4A4U 1347 2.496 0.1678 0.7045
4A4U 1348 2.767 0.1306 0.6591
4A4U 1349 2.921 0.1491 0.6705
4A4U 1350 2.166 0.1788 0.7159
4A4U 1351 2.626 0.1736 0.6932
4A4U 1352 2.513 0.1584 0.6818
4A4U 1353 2.573 0.1858 0.7159
4A4U 1354 2.643 0.2237 0.7386
4A4U 1355 2.386 0.1458 0.6932
4A4U 1356 2.521 0.1473 0.6818
4A4U 1357 2.401 0.1619 0.6932
4A4U 1358 2.377 0.1965 0.7386
4A4U 1359 2.368 0.2174 0.7273
4A4U 1360 2.079 0.1908 0.7386
4A4U 1361 2.471 0.1969 0.7500
4A4U 1362 2.332 0.1469 0.6932
4A4U 1363 2.222 0.1570 0.7045
4A4U 1364 2.531 0.2073 0.7045
4A4U 1365 2.521 0.1514 0.6818
4A4U 1366 2.173 0.1745 0.7386
4A4U 1367 2.620 0.1623 0.6932
4A4U 1368 2.395 0.1509 0.6818
4A4U 1369 2.518 0.1511 0.6705
4A4U 1370 2.439 0.1706 0.7045
4A4U 1371 2.523 0.1474 0.6818
4A4U 1372 2.290 0.1629 0.7159
4A4U 1373 2.504 0.1750 0.6932
4A4U 1374 2.452 0.1634 0.7273
4A4U 1375 2.696 0.1668 0.6818
4A4U 1376 2.408 0.1650 0.7045
4A4U 1377 2.504 0.1924 0.6932
4A4U 1378 2.180 0.2035 0.7273
4A4U 1379 2.218 0.1952 0.7500
4A4U 1380 2.363 0.1679 0.6818
4A4U 1381 2.533 0.1360 0.6705
4A4U 1382 2.412 0.1633 0.6932
4A4U 1383 2.310 0.1456 0.6818
4A4U 1384 2.626 0.1315 0.6477
4A4U 1385 2.396 0.1653 0.7045
4A4U 1386 2.535 0.1554 0.6932
4A4U 1387 2.452 0.1670 0.6932
4A4U 1388 2.555 0.1669 0.7159
4A4U 1389 2.812 0.1477 0.6818
4A4U 1390 2.243 0.1883 0.7386
4A4U 1391 2.358 0.1522 0.7045
4A4U 1392 2.576 0.2054 0.7045
4A4U 1393 2.607 0.2156 0.7159
4A4U 1394 2.485 0.2007 0.7159
4A4U 1395 2.399 0.1422 0.6818
4A4U 1396 2.471 0.1791 0.6818
4A4U 1397 2.527 0.1608 0.6705
4A4U 1398 2.515 0.1560 0.6932
4A4U 1399 2.330 0.1590 0.6818
4A4U 1400 2.402 0.1664 0.6932
4A4U 1401 2.585 0.1429 0.6818
4A4U 1402 2.351 0.2101 0.7386
4A4U 1403 2.522 0.1841 0.6932
4A4U 1404 2.400 0.1571 0.7045
4A4U 1405 2.264 0.1802 0.6932
4A4U 1406 2.519 0.1623 0.6818
4A4U 1407 2.260 0.1670 0.6818
4A4U 1408 2.281 0.1631 0.7159
4A4U 1409 2.533 0.1643 0.6705
4A4U 1410 2.447 0.1837 0.6705
4A4U 1411 2.428 0.1636 0.6705
4A4U 1412 2.372 0.2107 0.7045
4A4U 1413 2.423 0.2144 0.7159
4A4U 1414 2.292 0.1822 0.7273
4A4U 1415 2.574 0.1864 0.7273
4A4U 1416 2.473 0.1737 0.7159
4A4U 1417 2.551 0.1301 0.6818
4A4U 1418 2.293 0.1805 0.7045
4A4U 1419 2.276 0.1452 0.6932
4A4U 1420 2.534 0.1851 0.6705
4A4U 1421 2.409 0.1616 0.6818
4A4U 1422 2.402 0.1814 0.6932
4A4U 1423 2.408 0.1483 0.7045
4A4U 1424 2.377 0.1521 0.6932
4A4U 1425 2.347 0.2107 0.7045
4A4U 1426 2.330 0.1544 0.6932
4A4U 1427 2.295 0.2068 0.7273
4A4U 1428 2.254 0.1694 0.7159
4A4U 1429 2.400 0.1755 0.6932
4A4U 1430 2.374 0.2413 0.7159
4A4U 1431 2.664 0.1452 0.6477
4A4U 1432 2.452 0.2001 0.7159
4A4U 1433 2.323 0.1966 0.7045
4A4U 1434 2.691 0.1272 0.6818
4A4U 1435 2.135 0.1805 0.7614
4A4U 1436 2.677 0.1868 0.6932
4A4U 1437 2.057 0.1777 0.7273
4A4U 1438 2.414 0.1711 0.6818
4A4U 1439 2.496 0.1433 0.6591
4A4U 1440 2.278 0.1980 0.6932
4A4U 1441 2.324 0.1776 0.7159
4A4U 1442 2.316 0.1545 0.7045
4A4U 1443 2.423 0.1964 0.6818
4A4U 1444 2.328 0.1793 0.7273
4A4U 1445 2.304 0.1796 0.7045
4A4U 1446 2.412 0.1513 0.6932
4A4U 1447 2.567 0.1550 0.6818
4A4U 1448 2.402 0.1822 0.7273
4A4U 1449 2.385 0.2300 0.7159
4A4U 1450 2.347 0.1277 0.6818
4A4U 1451 2.540 0.1409 0.6591
4A4U 1452 2.348 0.1551 0.6818
4A4U 1453 2.501 0.2061 0.6705
4A4U 1454 2.315 0.2121 0.7045
4A4U 1455 2.650 0.1596 0.6705
4A4U 1456 2.136 0.1638 0.7386
4A4U 1457 2.423 0.1560 0.6705
4A4U 1458 2.609 0.1761 0.7045
4A4U 1459 2.612 0.1505 0.6591
4A4U 1460 2.341 0.1778 0.7159
4A4U 1461 2.445 0.1936 0.7045
4A4U 1462 2.366 0.1822 0.6932
4A4U 1463 2.513 0.1393 0.6591
4A4U 1464 2.238 0.1972 0.7159
4A4U 1465 2.653 0.1623 0.6818
4A4U 1466 2.307 0.1748 0.7045
4A4U 1467 2.499 0.1787 0.7159
4A4U 1468 2.483 0.1674 0.6818
4A4U 1469 2.380 0.1799 0.7159
4A4U 1470 2.199 0.2076 0.7500
4A4U 1471 2.380 0.1351 0.6705
4A4U 1472 2.430 0.1675 0.6932
4A4U 1473 2.526 0.1567 0.7045
4A4U 1474 2.553 0.1576 0.6932
4A4U 1475 2.353 0.1740 0.7273
4A4U 1476 2.067 0.1799 0.7159
4A4U 1477 2.384 0.1534 0.6932
4A4U 1478 2.336 0.1948 0.6932
4A4U 1479 2.237 0.1736 0.7159
4A4U 1480 2.344 0.1845 0.7273
4A4U 1481 2.528 0.1575 0.6932
4A4U 1482 2.239 0.1498 0.7159
4A4U 1483 2.242 0.2192 0.7159
4A4U 1484 2.580 0.1663 0.6818
4A4U 1485 2.371 0.1712 0.7045
4A4U 1486 2.351 0.1598 0.7045
4A4U 1487 2.486 0.1934 0.7045
4A4U 1488 2.442 0.1809 0.7045
4A4U 1489 2.377 0.1649 0.7045
4A4U 1490 2.590 0.1401 0.6818
4A4U 1491 2.249 0.1926 0.7386
4A4U 1492 2.278 0.1680 0.7273
4A4U 1493 2.354 0.1697 0.6932
4A4U 1494 2.434 0.1894 0.6705
4A4U 1495 2.355 0.1939 0.7045
4A4U 1496 2.651 0.2001 0.7045
4A4U 1497 2.475 0.1474 0.7045
4A4U 1498 2.430 0.1311 0.6705
4A4U 1499 2.438 0.2160 0.6932
4A4U 1500 2.523 0.1748 0.6705
4A4U 1501 2.461 0.1901 0.6818
4A4U 1502 2.497 0.1452 0.6818
4A4U 1503 2.416 0.1317 0.6818
4A4U 1504 2.729 0.1432 0.6705
4A4U 1505 2.950 0.1353 0.6591
4A4U 1506 2.864 0.1698 0.6477
4A4U 1507 2.729 0.1342 0.7045
4A4U 1508 2.542 0.1338 0.6477
4A4U 1509 2.448 0.1763 0.7045
4A4U 1510 2.411 0.1946 0.7273
4A4U 1511 2.494 0.1937 0.7273
4A4U 1512 2.552 0.1452 0.6818
4A4U 1513 2.396 0.2310 0.7159
4A4U 1514 2.247 0.1924 0.7273
4A4U 1515 2.605 0.1542 0.6818
4A4U 1516 2.366 0.1686 0.6932
4A4U 1517 2.502 0.1964 0.7273
4A4U 1518 2.482 0.1637 0.6932
4A4U 1519 2.432 0.1768 0.7045
4A4U 1520 2.294 0.1578 0.6818
4A4U 1521 2.581 0.2020 0.7045
4A4U 1522 2.527 0.1324 0.6705
4A4U 1523 2.326 0.2122 0.7273
4A4U 1524 2.614 0.1949 0.7045
4A4U 1525 2.469 0.1839 0.6932
4A4U 1526 2.428 0.1996 0.7045
4A4U 1527 2.513 0.1697 0.6477
4A4U 1528 2.712 0.1898 0.6591
4A4U 1529 2.610 0.1203 0.6477
4A4U 1530 2.430 0.1440 0.6932
4A4U 1531 2.666 0.1429 0.6818
4A4U 1532 2.427 0.1531 0.7159
4A4U 1533 2.714 0.1681 0.6705
4A4U 1534 2.388 0.1560 0.7045
4A4U 1535 2.356 0.1770 0.6932
4A4U 1536 2.242 0.1948 0.7045
4A4U 1537 2.207 0.1573 0.7045
4A4U 1538 2.271 0.1990 0.7273
4A4U 1539 2.554 0.2245 0.7159
4A4U 1540 2.313 0.1854 0.7159
4A4U 1541 2.434 0.2461 0.7273
4A4U 1542 2.369 0.1789 0.6932
4A4U 1543 2.737 0.1620 0.6591
4A4U 1544 2.779 0.1671 0.6818
4A4U 1545 2.499 0.1672 0.6932
4A4U 1546 2.236 0.1706 0.7159
4A4U 1547 2.428 0.1391 0.6818
4A4U 1548 2.491 0.1748 0.7159
4A4U 1549 2.434 0.1658 0.7159
4A4U 1550 2.173 0.1775 0.7159
4A4U 1551 2.229 0.1973 0.7386
4A4U 1552 2.297 0.1581 0.7159
4A4U 1553 2.123 0.1796 0.7273
4A4U 1554 2.309 0.1795 0.6932
4A4U 1555 2.134 0.1409 0.7045
4A4U 1556 2.237 0.1731 0.7159
4A4U 1557 2.247 0.1361 0.6818
4A4U 1558 2.086 0.2168 0.7500
4A4U 1559 2.404 0.1413 0.7045
4A4U 1560 2.373 0.2126 0.7386
4A4U 1561 2.369 0.1821 0.6932
4A4U 1562 2.484 0.1685 0.6932
4A4U 1563 2.164 0.1479 0.7159
4A4U 1564 2.426 0.1656 0.6932
4A4U 1565 2.291 0.2289 0.7273
4A4U 1566 2.472 0.1572 0.6818
4A4U 1567 2.389 0.1676 0.6932
4A4U 1568 2.414 0.2162 0.7159
4A4U 1569 2.123 0.1936 0.7159
4A4U 1570 2.478 0.1606 0.7159
4A4U 1571 2.451 0.2073 0.7045
4A4U 1572 2.426 0.1656 0.7045
4A4U 1573 2.422 0.1599 0.7159
4A4U 1574 2.424 0.2303 0.7159
4A4U 1575 1.882 0.1889 0.7386
4A4U 1576 2.257 0.1612 0.7159
4A4U 1577 2.196 0.1869 0.7159
4A4U 1578 2.695 0.1685 0.6818
4A4U 1579 2.260 0.1492 0.7159
4A4U 1580 2.094 0.1759 0.7614
4A4U 1581 2.390 0.1622 0.6932
4A4U 1582 2.194 0.1687 0.7045
4A4U 1583 2.212 0.1836 0.7159
4A4U 1584 1.859 0.1809 0.7386
4A4U 1585 2.198 0.2293 0.7273
4A4U 1586 2.123 0.2573 0.7500
4A4U 1587 2.334 0.1961 0.7159
4A4U 1588 2.295 0.1724 0.7045
4A4U 1589 2.527 0.1477 0.6932
4A4U 1590 2.401 0.2006 0.6932
4A4U 1591 2.424 0.1609 0.6932
4A4U 1592 2.862 0.1811 0.6591
4A4U 1593 2.451 0.2173 0.7386
4A4U 1594 2.655 0.1648 0.6932
4A4U 1595 3.287 0.1686 0.6591
4A4U 1596 2.276 0.2118 0.7159
4A4U 1597 2.301 0.1549 0.7273
4A4U 1598 2.475 0.1723 0.7045
4A4U 1599 2.307 0.1955 0.7386
4A4U 1600 2.253 0.1727 0.7159
4A4U 1601 2.268 0.2050 0.7386
4A4U 1602 2.333 0.1792 0.7045
4A4U 1603 2.508 0.1909 0.7159
4A4U 1604 2.363 0.1708 0.7045
4A4U 1605 2.722 0.1602 0.6818
4A4U 1606 2.535 0.1689 0.6932
4A4U 1607 2.560 0.1623 0.6591
4A4U 1608 2.300 0.1738 0.7045
4A4U 1609 2.194 0.1566 0.7273
4A4U 1610 2.309 0.1951 0.7386
4A4U 1611 2.277 0.1614 0.7159
4A4U 1612 2.361 0.1524 0.7159
4A4U 1613 2.342 0.1807 0.7159
4A4U 1614 2.274 0.1839 0.7159
4A4U 1615 2.775 0.1694 0.6591
4A4U 1616 2.068 0.1616 0.7273
4A4U 1617 2.049 0.1796 0.7273
4A4U 1618 2.381 0.1513 0.6932
4A4U 1619 2.661 0.1610 0.6705
4A4U 1620 2.256 0.1894 0.7159
4A4U 1621 2.326 0.1539 0.7159
4A4U 1622 2.231 0.1810 0.7159
4A4U 1623 2.566 0.1925 0.7045
4A4U 1624 2.298 0.1745 0.7045
4A4U 1625 2.502 0.1957 0.7045
4A4U 1626 2.561 0.1226 0.6591
4A4U 1627 2.430 0.2151 0.7386
4A4U 1628 2.250 0.2034 0.7159
4A4U 1629 2.764 0.1766 0.6705
4A4U 1630 2.782 0.1791 0.6932
4A4U 1631 2.697 0.1344 0.6705
4A4U 1632 2.599 0.2058 0.7159
4A4U 1633 2.522 0.1841 0.7500
4A4U 1634 2.537 0.1816 0.7045
4A4U 1635 2.293 0.1637 0.7045
4A4U 1636 2.107 0.1912 0.7273
4A4U 1637 2.380 0.1539 0.6932
4A4U 1638 2.216 0.2137 0.7386
4A4U 1639 2.394 0.1727 0.7159
4A4U 1640 2.440 0.2049 0.7386
4A4U 1641 2.361 0.2024 0.7386
4A4U 1642 2.193 0.2157 0.7386
4A4U 1643 2.078 0.1522 0.7159
4A4U 1644 2.247 0.2038 0.7159
4A4U 1645 2.276 0.1802 0.7273
4A4U 1646 2.196 0.1856 0.7500
4A4U 1647 1.992 0.1711 0.7386
4A4U 1648 2.277 0.1543 0.7159
4A4U 1649 2.736 0.1797 0.7045
4A4U 1650 2.029 0.1717 0.7614
4A4U 1651 2.218 0.1711 0.7159
4A4U 1652 2.034 0.1892 0.7614
4A4U 1653 2.486 0.1758 0.7386
4A4U 1654 2.559 0.2095 0.7159
4A4U 1655 2.458 0.1479 0.7045
4A4U 1656 2.309 0.2038 0.7386
4A4U 1657 2.505 0.1751 0.6932
4A4U 1658 2.836 0.1590 0.6818
4A4U 1659 2.384 0.1494 0.7045
4A4U 1660 2.494 0.1579 0.6932
4A4U 1661 2.192 0.1800 0.7386
4A4U 1662 2.154 0.1800 0.7273
4A4U 1663 2.375 0.1694 0.7500
4A4U 1664 2.634 0.1630 0.6705
4A4U 1665 2.298 0.1512 0.6932
4A4U 1666 1.977 0.2039 0.7727
4A4U 1667 2.408 0.1845 0.7159
4A4U 1668 2.171 0.1581 0.7386
4A4U 1669 2.492 0.1548 0.7045
4A4U 1670 2.353 0.1383 0.6818
4A4U 1671 2.289 0.1752 0.7159
4A4U 1672 2.401 0.1438 0.6818
4A4U 1673 2.731 0.1681 0.6705
4A4U 1674 2.775 0.1603 0.6818
4A4U 1675 2.623 0.1446 0.6818
4A4U 1676 2.569 0.1670 0.6705
4A4U 1677 2.516 0.1358 0.6932
4A4U 1678 2.350 0.1820 0.7273
4A4U 1679 2.668 0.1407 0.6932
4A4U 1680 2.871 0.1616 0.6591
4A4U 1681 2.767 0.1282 0.6591
4A4U 1682 2.968 0.1513 0.6477
4A4U 1683 2.547 0.1509 0.6818
4A4U 1684 3.092 0.1378 0.6477
4A4U 1685 2.315 0.1847 0.7159
4A4U 1686 2.550 0.1516 0.6932
4A4U 1687 2.465 0.1652 0.7045
4A4U 1688 2.308 0.2042 0.7159
4A4U 1689 2.214 0.1619 0.7273
4A4U 1690 2.526 0.1564 0.7159
4A4U 1691 2.221 0.2043 0.7273
4A4U 1692 2.568 0.1765 0.6705
4A4U 1693 2.287 0.2139 0.7500
4A4U 1694 2.322 0.1931 0.7273
4A4U 1695 2.114 0.2154 0.7614
4A4U 1696 2.366 0.1912 0.7386
4A4U 1697 2.752 0.1712 0.6932
4A4U 1698 2.470 0.1517 0.7273
4A4U 1699 2.641 0.1716 0.6932
4A4U 1700 2.261 0.1717 0.7273
4A4U 1701 2.188 0.1627 0.7273
4A4U 1702 2.231 0.1894 0.7045
4A4U 1703 2.620 0.1547 0.6932
4A4U 1704 2.682 0.1572 0.6705
4A4U 1705 2.482 0.1840 0.6818
4A4U 1706 1.840 0.2065 0.7727
4A4U 1707 2.199 0.1712 0.7386
4A4U 1708 2.149 0.1650 0.7159
4A4U 1709 2.371 0.1723 0.7045
4A4U 1710 2.707 0.1580 0.6591
4A4U 1711 2.682 0.1605 0.6705
4A4U 1712 2.645 0.1437 0.6818
4A4U 1713 2.348 0.1767 0.7045
4A4U 1714 2.569 0.1678 0.7273
4A4U 1715 2.603 0.1988 0.7159
4A4U 1716 2.763 0.1519 0.6591
4A4U 1717 2.632 0.1917 0.7159
4A4U 1718 2.254 0.1586 0.7273
4A4U 1719 2.086 0.1777 0.7386
4A4U 1720 2.406 0.2070 0.7273
4A4U 1721 2.813 0.1385 0.6591
4A4U 1722 2.467 0.1881 0.7159
4A4U 1723 2.295 0.1985 0.6932
4A4U 1724 2.297 0.1684 0.6932
4A4U 1725 2.234 0.1650 0.7273
4A4U 1726 2.195 0.1825 0.7500
4A4U 1727 2.436 0.1691 0.7159
4A4U 1728 2.370 0.2035 0.6818
4A4U 1729 2.479 0.1694 0.6818
4A4U 1730 2.351 0.1621 0.7045
4A4U 1731 2.437 0.1694 0.7159
4A4U 1732 2.579 0.1631 0.6932
4A4U 1733 2.641 0.1277 0.6591
4A4U 1734 2.646 0.1468 0.6932
4A4U 1735 2.556 0.1762 0.7159
4A4U 1736 2.200 0.1609 0.7273
4A4U 1737 2.199 0.1790 0.7273
4A4U 1738 2.141 0.1798 0.7159
4A4U 1739 2.335 0.1373 0.6932
