2QH2 1 0.000 1.0000 1.0000
2QH2 2 1.222 0.5312 0.9063
2QH2 3 1.329 0.4862 0.8958
2QH2 4 1.084 0.5946 0.9271
2QH2 5 0.988 0.5844 0.9375
2QH2 6 1.188 0.5311 0.9063
2QH2 7 1.499 0.5779 0.8958
2QH2 8 1.174 0.5055 0.9063
2QH2 9 0.864 0.5941 0.9479
2QH2 10 1.200 0.5442 0.9167
2QH2 11 1.101 0.5329 0.9167
2QH2 12 0.993 0.5518 0.9271
2QH2 13 0.786 0.6628 0.9583
2QH2 14 1.312 0.5183 0.8854
2QH2 15 1.073 0.5602 0.9375
2QH2 16 0.941 0.5879 0.9375
2QH2 17 0.945 0.6040 0.9375
2QH2 18 0.952 0.6231 0.9583
2QH2 19 1.311 0.4940 0.9063
2QH2 20 0.834 0.6786 0.9583
2QH2 21 7.233 0.1817 0.4479
2QH2 22 6.878 0.2256 0.4896
2QH2 23 8.952 0.0989 0.3542
2QH2 24 10.505 0.1881 0.4688
2QH2 25 7.751 0.1379 0.3854
2QH2 26 10.627 0.1597 0.3542
2QH2 27 8.115 0.2008 0.4167
2QH2 28 8.236 0.2020 0.5417
2QH2 29 7.882 0.2234 0.4375
2QH2 30 10.787 0.2062 0.4583
2QH2 31 9.807 0.2257 0.5104
2QH2 32 8.891 0.1829 0.4271
2QH2 33 10.886 0.1211 0.3333
2QH2 34 5.416 0.2013 0.5938
2QH2 35 8.574 0.2358 0.5417
2QH2 36 2.813 0.2706 0.7292
2QH2 37 12.919 0.1313 0.3542
2QH2 38 8.454 0.1710 0.4375
2QH2 39 4.728 0.2297 0.5938
2QH2 40 5.373 0.2218 0.5521
2QH2 41 8.281 0.1988 0.5000
2QH2 42 6.495 0.1844 0.5104
2QH2 43 12.056 0.1279 0.3438
2QH2 44 7.959 0.2152 0.5208
2QH2 45 6.487 0.2217 0.5313
2QH2 46 5.890 0.1695 0.5521
2QH2 47 8.518 0.1951 0.5104
2QH2 48 6.895 0.1974 0.4896
2QH2 49 3.466 0.2028 0.6146
2QH2 50 5.227 0.2016 0.5625
2QH2 51 6.339 0.2311 0.5521
2QH2 52 3.691 0.2875 0.6771
2QH2 53 9.369 0.2324 0.5104
2QH2 54 6.267 0.2203 0.5521
2QH2 55 5.804 0.1976 0.5729
2QH2 56 7.073 0.2196 0.5313
2QH2 57 4.485 0.1740 0.5729
2QH2 58 4.388 0.2142 0.6458
2QH2 59 5.681 0.2415 0.6042
2QH2 60 4.929 0.1789 0.5521
2QH2 61 11.318 0.1363 0.3333
2QH2 62 13.082 0.1064 0.3125
2QH2 63 10.115 0.1746 0.3854
2QH2 64 11.416 0.1203 0.3438
2QH2 65 9.466 0.1324 0.4271
2QH2 66 10.677 0.1996 0.4583
2QH2 67 7.370 0.1204 0.4063
2QH2 68 6.548 0.1926 0.4792
2QH2 69 11.222 0.1823 0.4583
2QH2 70 9.561 0.1213 0.3750
2QH2 71 7.897 0.1950 0.5104
2QH2 72 11.101 0.1565 0.3854
2QH2 73 7.781 0.1799 0.4688
2QH2 74 6.969 0.2174 0.5521
2QH2 75 4.999 0.2119 0.5729
2QH2 76 6.811 0.2163 0.5729
2QH2 77 6.001 0.1233 0.4688
2QH2 78 10.122 0.1807 0.4167
2QH2 79 4.134 0.2128 0.6146
2QH2 80 6.857 0.2079 0.4792
2QH2 81 8.335 0.1774 0.5104
2QH2 82 5.571 0.2150 0.5313
2QH2 83 7.432 0.2200 0.5625
2QH2 84 5.924 0.1769 0.5729
2QH2 85 5.041 0.2056 0.6146
2QH2 86 6.127 0.1758 0.5208
2QH2 87 5.559 0.2012 0.6146
2QH2 88 7.941 0.1920 0.5104
2QH2 89 9.674 0.2037 0.5104
2QH2 90 4.884 0.2785 0.6979
2QH2 91 6.272 0.2052 0.5313
2QH2 92 4.926 0.1771 0.5625
2QH2 93 3.897 0.1873 0.5938
2QH2 94 4.989 0.2238 0.5938
2QH2 95 6.157 0.2029 0.5625
2QH2 96 4.269 0.2016 0.6146
2QH2 97 3.572 0.1970 0.6354
2QH2 98 4.389 0.1867 0.6146
2QH2 99 5.035 0.1766 0.5313
2QH2 100 9.475 0.1884 0.4271
2QH2 101 8.032 0.2035 0.4479
2QH2 102 9.984 0.1961 0.4792
2QH2 103 8.486 0.2187 0.5625
2QH2 104 5.813 0.2539 0.5521
2QH2 105 9.523 0.1934 0.4375
2QH2 106 6.038 0.1657 0.5521
2QH2 107 10.890 0.1221 0.3438
2QH2 108 8.858 0.2210 0.5417
2QH2 109 4.952 0.1664 0.5521
2QH2 110 7.148 0.1408 0.4063
2QH2 111 6.782 0.1898 0.5208
2QH2 112 14.786 0.1066 0.3438
2QH2 113 8.447 0.2063 0.4583
2QH2 114 11.461 0.1649 0.3646
2QH2 115 9.596 0.1310 0.3854
2QH2 116 6.396 0.1995 0.5417
2QH2 117 11.027 0.1557 0.4167
2QH2 118 4.809 0.1910 0.5729
2QH2 119 7.086 0.2564 0.5625
2QH2 120 6.738 0.1798 0.4896
2QH2 121 6.291 0.1625 0.5208
2QH2 122 11.268 0.1847 0.3854
2QH2 123 4.383 0.2279 0.5833
2QH2 124 5.777 0.1824 0.5417
2QH2 125 6.808 0.2203 0.5625
2QH2 126 4.449 0.2302 0.6146
2QH2 127 5.707 0.1943 0.5729
2QH2 128 3.564 0.1838 0.6458
2QH2 129 6.404 0.1916 0.5208
2QH2 130 3.104 0.2207 0.6771
2QH2 131 5.434 0.2773 0.6042
2QH2 132 2.909 0.2612 0.6979
2QH2 133 5.682 0.2088 0.5313
2QH2 134 8.166 0.1818 0.5104
2QH2 135 6.006 0.1792 0.5000
2QH2 136 11.546 0.1443 0.3750
2QH2 137 5.948 0.2092 0.5729
2QH2 138 4.304 0.1822 0.5729
2QH2 139 4.193 0.2119 0.5938
2QH2 140 5.970 0.2027 0.5729
2QH2 141 9.566 0.2311 0.5208
2QH2 142 11.207 0.0981 0.2604
2QH2 143 7.263 0.1528 0.4167
2QH2 144 12.728 0.1732 0.4167
2QH2 145 9.647 0.1708 0.5000
2QH2 146 10.475 0.1992 0.4271
2QH2 147 8.699 0.2068 0.4792
2QH2 148 10.753 0.1184 0.3021
2QH2 149 4.998 0.1833 0.6146
2QH2 150 7.518 0.2628 0.5000
2QH2 151 10.023 0.1848 0.4167
2QH2 152 6.919 0.1935 0.5104
2QH2 153 5.919 0.2154 0.5417
2QH2 154 9.980 0.1896 0.4896
2QH2 155 6.098 0.1892 0.5208
2QH2 156 10.016 0.2072 0.4271
2QH2 157 8.621 0.1732 0.4896
2QH2 158 8.558 0.1681 0.3854
2QH2 159 2.790 0.2379 0.6979
2QH2 160 5.942 0.2053 0.6042
2QH2 161 5.779 0.1957 0.5208
2QH2 162 6.062 0.2065 0.5833
2QH2 163 6.156 0.1967 0.4792
2QH2 164 4.788 0.1700 0.5729
2QH2 165 13.703 0.2116 0.4375
2QH2 166 6.953 0.1813 0.4583
2QH2 167 6.043 0.2336 0.5521
2QH2 168 2.883 0.2497 0.6875
2QH2 169 3.794 0.1646 0.6042
2QH2 170 5.784 0.2298 0.5313
2QH2 171 6.135 0.2206 0.5625
2QH2 172 6.297 0.1998 0.5313
2QH2 173 9.209 0.1799 0.5000
2QH2 174 4.940 0.2258 0.5625
2QH2 175 4.694 0.2469 0.6146
2QH2 176 6.490 0.1792 0.5104
2QH2 177 8.396 0.1912 0.4479
2QH2 178 5.171 0.1863 0.5833
2QH2 179 5.294 0.2478 0.6250
2QH2 180 4.832 0.2126 0.5833
2QH2 181 9.619 0.1188 0.3021
2QH2 182 11.375 0.1395 0.3438
2QH2 183 7.991 0.1416 0.4375
2QH2 184 12.060 0.2085 0.3750
2QH2 185 12.793 0.1212 0.3229
2QH2 186 10.043 0.2096 0.4167
2QH2 187 11.953 0.2091 0.3958
2QH2 188 13.451 0.2048 0.4792
2QH2 189 6.394 0.1519 0.4375
2QH2 190 9.130 0.1611 0.3854
2QH2 191 7.252 0.1644 0.4479
2QH2 192 8.709 0.1595 0.3958
2QH2 193 6.994 0.2003 0.4792
2QH2 194 5.386 0.1960 0.5521
2QH2 195 5.315 0.2360 0.6354
2QH2 196 5.615 0.1855 0.5938
2QH2 197 8.955 0.1875 0.4063
2QH2 198 5.963 0.2630 0.6563
2QH2 199 9.271 0.1991 0.5104
2QH2 200 5.391 0.2030 0.5833
2QH2 201 6.051 0.1752 0.5417
2QH2 202 6.019 0.1888 0.5729
2QH2 203 3.634 0.2040 0.6354
2QH2 204 6.783 0.1644 0.5208
2QH2 205 3.426 0.2284 0.6771
2QH2 206 7.661 0.1891 0.5208
2QH2 207 5.182 0.2160 0.5938
2QH2 208 6.259 0.1765 0.5208
2QH2 209 6.270 0.2062 0.5313
2QH2 210 9.144 0.2165 0.4583
2QH2 211 5.030 0.1795 0.5521
2QH2 212 3.853 0.1884 0.6146
2QH2 213 5.584 0.1982 0.5313
2QH2 214 4.301 0.2273 0.6250
2QH2 215 4.914 0.2055 0.5729
2QH2 216 3.988 0.1929 0.5833
2QH2 217 3.973 0.1956 0.5938
2QH2 218 5.275 0.1798 0.5625
2QH2 219 3.816 0.2194 0.6250
2QH2 220 7.271 0.1924 0.5104
2QH2 221 7.150 0.1920 0.5000
2QH2 222 8.479 0.1365 0.3854
2QH2 223 4.386 0.1940 0.5729
2QH2 224 9.842 0.1708 0.4063
2QH2 225 7.828 0.1448 0.4479
2QH2 226 12.908 0.2035 0.4063
2QH2 227 9.319 0.1643 0.5000
2QH2 228 7.069 0.1858 0.4792
2QH2 229 9.459 0.2065 0.5313
2QH2 230 6.080 0.2152 0.5833
2QH2 231 6.283 0.1832 0.5208
2QH2 232 4.544 0.1977 0.5938
2QH2 233 9.564 0.1359 0.4688
2QH2 234 3.898 0.2142 0.5938
2QH2 235 8.238 0.2115 0.4896
2QH2 236 7.129 0.1791 0.4479
2QH2 237 5.885 0.2153 0.5833
2QH2 238 6.430 0.2010 0.5417
2QH2 239 4.835 0.2476 0.6354
2QH2 240 9.519 0.2431 0.5104
2QH2 241 5.057 0.1726 0.5313
2QH2 242 4.634 0.2042 0.6042
2QH2 243 3.985 0.2417 0.6146
2QH2 244 3.899 0.2038 0.5938
2QH2 245 6.469 0.1740 0.5104
2QH2 246 3.475 0.1844 0.6354
2QH2 247 5.033 0.2644 0.6042
2QH2 248 5.847 0.2008 0.5417
2QH2 249 4.063 0.2340 0.6458
2QH2 250 5.598 0.1697 0.5417
2QH2 251 4.255 0.1886 0.5938
2QH2 252 4.823 0.2099 0.5625
2QH2 253 4.454 0.1971 0.5729
2QH2 254 4.511 0.2396 0.6563
2QH2 255 4.888 0.1896 0.5833
2QH2 256 4.685 0.1980 0.5521
2QH2 257 7.395 0.1900 0.5000
2QH2 258 3.892 0.2571 0.6458
2QH2 259 3.678 0.2489 0.6354
2QH2 260 4.691 0.1993 0.6250
2QH2 261 7.643 0.1312 0.3438
2QH2 262 8.127 0.0927 0.3542
2QH2 263 6.807 0.1758 0.4792
2QH2 264 11.572 0.1426 0.4063
2QH2 265 6.464 0.1532 0.4375
2QH2 266 8.906 0.2161 0.5729
2QH2 267 7.313 0.2147 0.5104
2QH2 268 12.724 0.1736 0.4167
2QH2 269 13.079 0.1473 0.3750
2QH2 270 5.621 0.2489 0.5938
2QH2 271 6.346 0.1830 0.4896
2QH2 272 9.337 0.2079 0.5417
2QH2 273 10.570 0.1648 0.3854
2QH2 274 6.477 0.2153 0.5625
2QH2 275 6.676 0.2418 0.5313
2QH2 276 4.037 0.2741 0.6771
2QH2 277 5.730 0.2082 0.5000
2QH2 278 5.236 0.2846 0.6250
2QH2 279 5.382 0.2267 0.5729
2QH2 280 13.926 0.2130 0.4167
2QH2 281 7.716 0.2560 0.5729
2QH2 282 8.015 0.1864 0.5000
2QH2 283 7.708 0.1948 0.5000
2QH2 284 5.741 0.2554 0.6250
2QH2 285 4.022 0.2836 0.6667
2QH2 286 5.880 0.2311 0.6042
2QH2 287 5.873 0.2337 0.5729
2QH2 288 5.743 0.2156 0.5833
2QH2 289 4.852 0.2045 0.5833
2QH2 290 4.085 0.1989 0.5938
2QH2 291 3.918 0.1967 0.6146
2QH2 292 6.407 0.1929 0.5313
2QH2 293 6.538 0.1736 0.5313
2QH2 294 4.569 0.1737 0.5521
2QH2 295 5.182 0.1780 0.5417
2QH2 296 4.699 0.1850 0.5729
2QH2 297 3.019 0.2304 0.6771
2QH2 298 2.889 0.2135 0.6979
2QH2 299 4.267 0.1930 0.6042
2QH2 300 6.011 0.1768 0.5417
2QH2 301 12.700 0.1235 0.3229
2QH2 302 16.378 0.1542 0.3646
2QH2 303 4.557 0.1906 0.5833
2QH2 304 3.945 0.2058 0.5833
2QH2 305 9.683 0.1935 0.5104
2QH2 306 9.163 0.1690 0.3646
2QH2 307 5.481 0.2343 0.5833
2QH2 308 10.067 0.1046 0.3646
2QH2 309 5.284 0.2362 0.5938
2QH2 310 7.838 0.2071 0.4688
2QH2 311 12.533 0.1358 0.3542
2QH2 312 9.405 0.2040 0.4063
2QH2 313 8.088 0.1950 0.5417
2QH2 314 6.449 0.1912 0.5938
2QH2 315 3.323 0.2411 0.6667
2QH2 316 4.760 0.1961 0.5521
2QH2 317 4.082 0.2177 0.5833
2QH2 318 9.257 0.1969 0.4167
2QH2 319 4.645 0.1845 0.5729
2QH2 320 5.714 0.2057 0.5938
2QH2 321 10.766 0.1610 0.4271
2QH2 322 5.159 0.2562 0.6354
2QH2 323 10.830 0.1674 0.3958
2QH2 324 5.329 0.1898 0.5521
2QH2 325 7.429 0.2004 0.5313
2QH2 326 5.642 0.2143 0.5417
2QH2 327 5.611 0.2193 0.5417
2QH2 328 5.636 0.2072 0.5417
2QH2 329 3.566 0.1951 0.6146
2QH2 330 5.493 0.2385 0.5938
2QH2 331 4.089 0.2108 0.6250
2QH2 332 4.576 0.2445 0.6146
2QH2 333 7.820 0.2466 0.5417
2QH2 334 11.028 0.1967 0.5000
2QH2 335 6.523 0.2471 0.5417
2QH2 336 5.892 0.2141 0.5938
2QH2 337 4.092 0.2591 0.6354
2QH2 338 4.223 0.1869 0.6042
2QH2 339 3.229 0.2606 0.6458
2QH2 340 5.618 0.1989 0.5625
2QH2 341 8.146 0.1422 0.3958
2QH2 342 6.632 0.2399 0.5833
2QH2 343 9.093 0.1393 0.5313
2QH2 344 6.256 0.1951 0.5417
2QH2 345 12.866 0.1851 0.4792
2QH2 346 8.265 0.1890 0.4375
2QH2 347 10.619 0.1679 0.3854
2QH2 348 7.300 0.2138 0.5104
2QH2 349 6.316 0.1377 0.4896
2QH2 350 11.056 0.1413 0.3854
2QH2 351 6.951 0.2075 0.5521
2QH2 352 11.018 0.1915 0.4167
2QH2 353 5.333 0.1797 0.5521
2QH2 354 4.511 0.1932 0.5938
2QH2 355 5.472 0.2214 0.6042
2QH2 356 5.261 0.2026 0.5313
2QH2 357 2.650 0.3028 0.7396
2QH2 358 9.529 0.2187 0.4792
2QH2 359 7.005 0.2737 0.5833
2QH2 360 4.563 0.2023 0.5938
2QH2 361 9.687 0.2012 0.4896
2QH2 362 4.401 0.1617 0.5521
2QH2 363 4.911 0.1973 0.5729
2QH2 364 6.080 0.1942 0.5833
2QH2 365 3.260 0.2608 0.6563
2QH2 366 3.899 0.2334 0.6146
2QH2 367 6.965 0.1864 0.4896
2QH2 368 4.245 0.2047 0.6458
2QH2 369 6.437 0.2213 0.5313
2QH2 370 4.301 0.2040 0.6042
2QH2 371 5.994 0.1714 0.5521
2QH2 372 3.506 0.2173 0.6563
2QH2 373 5.242 0.2060 0.5729
2QH2 374 5.197 0.1893 0.5625
2QH2 375 4.392 0.1956 0.6042
2QH2 376 5.195 0.1962 0.5521
2QH2 377 4.362 0.1830 0.5833
2QH2 378 4.348 0.1881 0.6042
2QH2 379 4.295 0.2351 0.6354
2QH2 380 3.263 0.1916 0.6354
2QH2 381 8.394 0.1057 0.3438
2QH2 382 10.700 0.1519 0.3958
2QH2 383 7.211 0.1120 0.4271
2QH2 384 9.800 0.1673 0.4375
2QH2 385 5.886 0.2999 0.6667
2QH2 386 10.436 0.1485 0.3750
2QH2 387 10.189 0.2135 0.4271
2QH2 388 8.652 0.2240 0.5208
2QH2 389 5.306 0.1724 0.5417
2QH2 390 8.020 0.1471 0.3958
2QH2 391 5.282 0.1849 0.5833
2QH2 392 5.770 0.1971 0.5208
2QH2 393 9.311 0.2193 0.5000
2QH2 394 10.386 0.1134 0.3438
2QH2 395 10.953 0.1723 0.4063
2QH2 396 9.953 0.1211 0.3646
2QH2 397 8.926 0.2232 0.5104
2QH2 398 10.641 0.1131 0.3750
2QH2 399 5.648 0.2086 0.5104
2QH2 400 8.014 0.2031 0.5000
2QH2 401 7.340 0.2042 0.4792
2QH2 402 10.709 0.1733 0.4167
2QH2 403 7.856 0.2251 0.5417
2QH2 404 5.852 0.2269 0.5417
2QH2 405 6.372 0.2024 0.6042
2QH2 406 5.597 0.1993 0.5417
2QH2 407 4.441 0.2053 0.6042
2QH2 408 4.530 0.1950 0.5833
2QH2 409 4.472 0.1904 0.6354
2QH2 410 3.893 0.1940 0.6042
2QH2 411 3.461 0.2108 0.6458
2QH2 412 3.461 0.2188 0.6667
2QH2 413 3.427 0.2056 0.6563
2QH2 414 4.062 0.1926 0.6667
2QH2 415 4.065 0.2272 0.6250
2QH2 416 4.028 0.1926 0.5938
2QH2 417 4.048 0.2319 0.6563
2QH2 418 8.220 0.1967 0.4792
2QH2 419 3.823 0.2376 0.6354
2QH2 420 4.054 0.2451 0.6354
2QH2 421 1.314 0.3815 0.8542
2QH2 422 2.222 0.3585 0.8021
2QH2 423 2.284 0.3291 0.8021
2QH2 424 2.026 0.3754 0.8125
2QH2 425 2.088 0.3704 0.8125
2QH2 426 2.107 0.3566 0.8125
2QH2 427 2.051 0.3528 0.8229
2QH2 428 2.099 0.3597 0.8229
2QH2 429 2.080 0.3448 0.8125
2QH2 430 2.099 0.3513 0.8125
2QH2 431 2.106 0.3621 0.8229
2QH2 432 2.094 0.3500 0.8125
2QH2 433 2.081 0.3510 0.8229
2QH2 434 2.093 0.3547 0.8333
2QH2 435 2.083 0.3565 0.8333
2QH2 436 2.083 0.3532 0.8229
2QH2 437 2.082 0.3545 0.8333
2QH2 438 2.080 0.3643 0.8229
2QH2 439 2.099 0.3586 0.8229
2QH2 440 2.076 0.3573 0.8125
2QH2 441 2.098 0.3567 0.8229
2QH2 442 2.105 0.3638 0.8229
2QH2 443 2.087 0.3628 0.8229
2QH2 444 2.095 0.3626 0.8333
2QH2 445 2.086 0.3561 0.8229
2QH2 446 2.080 0.3550 0.8125
2QH2 447 2.103 0.3619 0.8229
2QH2 448 2.090 0.3558 0.8125
2QH2 449 2.080 0.3665 0.8229
2QH2 450 2.100 0.3554 0.8229
2QH2 451 2.085 0.3560 0.8125
2QH2 452 2.085 0.3671 0.8333
2QH2 453 2.079 0.3536 0.8333
2QH2 454 2.092 0.3543 0.8229
2QH2 455 2.106 0.3599 0.8229
2QH2 456 2.105 0.3476 0.8125
2QH2 457 2.086 0.3480 0.8125
2QH2 458 2.085 0.3664 0.8333
2QH2 459 2.072 0.3492 0.8125
2QH2 460 2.110 0.3573 0.8229
2QH2 461 2.064 0.3575 0.8229
2QH2 462 2.105 0.3583 0.8125
2QH2 463 2.101 0.3555 0.8125
2QH2 464 2.102 0.3541 0.8021
2QH2 465 2.100 0.3482 0.8125
2QH2 466 2.081 0.3612 0.8333
2QH2 467 2.069 0.3519 0.8438
2QH2 468 2.059 0.3481 0.8333
2QH2 469 2.060 0.3516 0.8438
2QH2 470 2.035 0.3511 0.8333
2QH2 471 2.081 0.3601 0.8125
2QH2 472 2.124 0.3478 0.8125
2QH2 473 2.120 0.3547 0.8229
2QH2 474 2.068 0.3586 0.8125
2QH2 475 2.101 0.3513 0.8021
2QH2 476 2.083 0.3492 0.8125
2QH2 477 2.116 0.3533 0.8229
2QH2 478 2.068 0.3537 0.8229
2QH2 479 2.039 0.3585 0.8229
2QH2 480 2.029 0.3673 0.8021
2QH2 481 2.015 0.3603 0.8229
2QH2 482 2.012 0.3626 0.8021
2QH2 483 2.044 0.3638 0.8021
2QH2 484 2.003 0.3567 0.8125
2QH2 485 2.016 0.3687 0.8229
2QH2 486 2.023 0.3553 0.8125
2QH2 487 2.047 0.3572 0.8021
2QH2 488 2.054 0.3683 0.8229
2QH2 489 2.035 0.3745 0.8229
2QH2 490 2.148 0.3567 0.8021
2QH2 491 2.016 0.3582 0.8125
2QH2 492 2.033 0.3699 0.8125
2QH2 493 2.017 0.3446 0.8229
2QH2 494 1.986 0.3612 0.8229
2QH2 495 2.057 0.3729 0.8125
2QH2 496 2.081 0.3419 0.8021
2QH2 497 1.967 0.3735 0.8438
2QH2 498 2.014 0.3580 0.8125
2QH2 499 2.105 0.3513 0.8125
2QH2 500 1.990 0.3499 0.8229
2QH2 501 2.067 0.3633 0.8125
2QH2 502 2.091 0.3708 0.8021
2QH2 503 2.034 0.3708 0.8125
2QH2 504 2.072 0.3702 0.8125
2QH2 505 2.037 0.3598 0.8229
2QH2 506 2.094 0.3468 0.7917
2QH2 507 2.037 0.3645 0.8333
2QH2 508 2.076 0.3342 0.8021
2QH2 509 2.030 0.3416 0.8229
2QH2 510 2.129 0.3521 0.8229
2QH2 511 2.040 0.3524 0.8021
2QH2 512 2.111 0.3514 0.8021
2QH2 513 2.121 0.3577 0.8229
2QH2 514 2.074 0.3539 0.8333
2QH2 515 2.058 0.3549 0.8229
2QH2 516 2.033 0.3654 0.8229
2QH2 517 2.083 0.3344 0.8021
2QH2 518 2.103 0.3585 0.8125
2QH2 519 1.994 0.3623 0.8229
2QH2 520 2.144 0.3703 0.8021
2QH2 521 2.020 0.3524 0.8021
2QH2 522 2.025 0.3492 0.8333
2QH2 523 2.030 0.3525 0.8229
2QH2 524 2.080 0.3679 0.8125
2QH2 525 2.035 0.3524 0.8229
2QH2 526 2.090 0.3485 0.8125
2QH2 527 2.120 0.3413 0.8021
2QH2 528 2.087 0.3437 0.8021
2QH2 529 2.069 0.3568 0.8125
2QH2 530 2.098 0.3500 0.8125
2QH2 531 2.123 0.3480 0.7917
2QH2 532 2.026 0.3637 0.8229
2QH2 533 2.004 0.3758 0.8333
2QH2 534 2.064 0.3678 0.8229
2QH2 535 2.147 0.3412 0.8125
2QH2 536 2.131 0.3463 0.8125
2QH2 537 2.133 0.3469 0.8021
2QH2 538 2.129 0.3480 0.8125
2QH2 539 2.064 0.3319 0.7917
2QH2 540 2.223 0.3313 0.7917
2QH2 541 2.093 0.3642 0.8125
2QH2 542 2.212 0.3388 0.7813
2QH2 543 2.176 0.3493 0.8021
2QH2 544 2.155 0.3492 0.7917
2QH2 545 2.189 0.3668 0.8125
2QH2 546 2.092 0.3499 0.8125
2QH2 547 2.171 0.3576 0.8021
2QH2 548 2.126 0.3693 0.8125
2QH2 549 2.209 0.3388 0.8125
2QH2 550 2.098 0.3396 0.8021
2QH2 551 2.184 0.3215 0.8021
2QH2 552 2.144 0.3252 0.8021
2QH2 553 2.136 0.3331 0.7917
2QH2 554 2.176 0.3278 0.7813
2QH2 555 2.118 0.3418 0.7917
2QH2 556 2.214 0.3242 0.7813
2QH2 557 2.077 0.3406 0.8125
2QH2 558 2.125 0.3249 0.7813
2QH2 559 2.108 0.3278 0.8021
2QH2 560 2.180 0.3475 0.8021
2QH2 561 2.106 0.3358 0.7917
2QH2 562 2.189 0.3284 0.7813
2QH2 563 2.158 0.3328 0.7917
2QH2 564 2.118 0.3361 0.7708
2QH2 565 2.133 0.3217 0.8021
2QH2 566 2.163 0.3322 0.7813
2QH2 567 2.113 0.3242 0.7917
2QH2 568 2.200 0.3321 0.7917
2QH2 569 2.137 0.3296 0.7917
2QH2 570 2.085 0.3381 0.7813
2QH2 571 2.144 0.3157 0.7917
2QH2 572 2.103 0.3320 0.8021
2QH2 573 2.094 0.3367 0.7917
2QH2 574 2.159 0.3242 0.7813
2QH2 575 2.090 0.3431 0.7917
2QH2 576 2.202 0.3162 0.7708
2QH2 577 2.095 0.3226 0.7708
2QH2 578 2.103 0.3293 0.7917
2QH2 579 2.198 0.3175 0.7813
2QH2 580 2.131 0.2967 0.7708
2QH2 581 2.203 0.3069 0.7708
2QH2 582 2.171 0.2984 0.7813
2QH2 583 2.204 0.2935 0.7708
2QH2 584 2.181 0.3238 0.7813
2QH2 585 2.190 0.3090 0.7708
2QH2 586 2.177 0.3061 0.7813
2QH2 587 2.115 0.3062 0.7813
2QH2 588 2.025 0.3305 0.7813
2QH2 589 2.091 0.2995 0.7604
2QH2 590 2.054 0.3305 0.8125
2QH2 591 2.036 0.3102 0.7813
2QH2 592 2.079 0.3683 0.8125
2QH2 593 2.127 0.3446 0.8021
2QH2 594 2.014 0.3183 0.7917
2QH2 595 2.134 0.3242 0.8021
2QH2 596 2.039 0.3367 0.8021
2QH2 597 2.032 0.3301 0.8021
2QH2 598 2.161 0.3091 0.7708
2QH2 599 2.205 0.3092 0.7813
2QH2 600 2.140 0.3180 0.7813
2QH2 601 2.168 0.3095 0.8021
2QH2 602 2.039 0.2983 0.7813
2QH2 603 2.021 0.2940 0.7708
2QH2 604 2.031 0.3193 0.8021
2QH2 605 1.985 0.3255 0.7917
2QH2 606 2.078 0.3189 0.7708
2QH2 607 2.099 0.3009 0.7708
2QH2 608 2.032 0.3309 0.8021
2QH2 609 2.032 0.2932 0.7708
2QH2 610 2.038 0.3232 0.8021
2QH2 611 2.070 0.3127 0.7708
2QH2 612 2.116 0.3121 0.7708
2QH2 613 2.084 0.3360 0.8125
2QH2 614 2.098 0.3031 0.7813
2QH2 615 2.041 0.3423 0.8229
2QH2 616 2.070 0.3424 0.7917
2QH2 617 2.057 0.3558 0.8125
2QH2 618 2.219 0.3485 0.7917
2QH2 619 2.028 0.3316 0.8125
2QH2 620 2.100 0.3276 0.7813
2QH2 621 2.072 0.3166 0.7813
2QH2 622 2.141 0.3324 0.7708
2QH2 623 2.103 0.3578 0.8021
2QH2 624 2.138 0.3377 0.7813
2QH2 625 2.090 0.3388 0.8125
2QH2 626 2.147 0.3287 0.7917
2QH2 627 2.168 0.3355 0.7813
2QH2 628 2.130 0.2993 0.7708
2QH2 629 2.098 0.3402 0.7917
2QH2 630 1.996 0.3517 0.8021
2QH2 631 2.105 0.3233 0.7917
2QH2 632 2.127 0.3451 0.7813
2QH2 633 2.083 0.3452 0.7917
2QH2 634 2.067 0.3200 0.8021
2QH2 635 2.027 0.3097 0.7708
2QH2 636 2.068 0.3229 0.7708
2QH2 637 2.147 0.3375 0.7708
2QH2 638 2.228 0.3211 0.7813
2QH2 639 2.185 0.3295 0.7917
2QH2 640 2.047 0.3210 0.8125
2QH2 641 2.014 0.3180 0.8125
2QH2 642 2.093 0.2900 0.7500
2QH2 643 1.922 0.3374 0.8333
2QH2 644 2.051 0.3403 0.8021
2QH2 645 2.078 0.2966 0.7708
2QH2 646 1.935 0.3126 0.7917
2QH2 647 1.993 0.3406 0.8021
2QH2 648 2.035 0.3237 0.7917
2QH2 649 1.995 0.3320 0.8125
2QH2 650 2.035 0.3468 0.8021
2QH2 651 1.981 0.3240 0.8021
2QH2 652 2.058 0.3221 0.8125
2QH2 653 2.115 0.3017 0.7708
2QH2 654 2.013 0.3317 0.8021
2QH2 655 2.068 0.3213 0.8125
2QH2 656 2.029 0.3216 0.8125
2QH2 657 1.897 0.3541 0.8125
2QH2 658 2.041 0.3505 0.8125
2QH2 659 2.025 0.3339 0.8021
2QH2 660 2.006 0.3306 0.8125
2QH2 661 2.036 0.3186 0.7917
2QH2 662 2.063 0.3074 0.7813
2QH2 663 2.193 0.3129 0.7813
2QH2 664 2.155 0.3171 0.8021
2QH2 665 2.059 0.2990 0.7708
2QH2 666 2.079 0.3256 0.8229
2QH2 667 2.213 0.2960 0.7708
2QH2 668 2.077 0.3098 0.7917
2QH2 669 2.053 0.3408 0.8125
2QH2 670 2.186 0.3159 0.7708
2QH2 671 2.091 0.2944 0.7708
2QH2 672 2.358 0.3072 0.7604
2QH2 673 2.291 0.2968 0.7708
2QH2 674 2.047 0.3223 0.8125
2QH2 675 2.222 0.3124 0.7917
2QH2 676 2.056 0.3045 0.7813
2QH2 677 2.197 0.3283 0.7917
2QH2 678 2.155 0.3276 0.7917
2QH2 679 2.165 0.3023 0.7708
2QH2 680 2.069 0.3327 0.8021
2QH2 681 2.038 0.3107 0.7917
2QH2 682 2.137 0.3383 0.8125
2QH2 683 2.088 0.3189 0.8125
2QH2 684 2.112 0.3023 0.7917
2QH2 685 2.039 0.3482 0.8125
2QH2 686 2.049 0.3233 0.7813
2QH2 687 2.128 0.2979 0.7813
2QH2 688 2.056 0.3341 0.8021
2QH2 689 2.080 0.3268 0.8021
2QH2 690 2.229 0.2969 0.7604
2QH2 691 2.039 0.3048 0.8021
2QH2 692 2.210 0.3078 0.7917
2QH2 693 2.295 0.2883 0.7604
2QH2 694 2.167 0.3240 0.7813
2QH2 695 2.116 0.3334 0.7813
2QH2 696 2.035 0.3132 0.7917
2QH2 697 2.131 0.3299 0.8021
2QH2 698 2.078 0.3333 0.8021
2QH2 699 1.981 0.3225 0.7917
2QH2 700 1.988 0.3554 0.8125
2QH2 701 2.070 0.3353 0.7917
2QH2 702 2.104 0.3018 0.7708
2QH2 703 2.087 0.3221 0.7917
2QH2 704 2.094 0.3715 0.8125
2QH2 705 2.200 0.3135 0.7813
2QH2 706 2.106 0.3189 0.8021
2QH2 707 2.089 0.2929 0.7813
2QH2 708 2.096 0.3304 0.8021
2QH2 709 2.145 0.2959 0.7708
2QH2 710 2.167 0.3506 0.8125
2QH2 711 2.147 0.3666 0.8021
2QH2 712 2.213 0.3119 0.7813
2QH2 713 2.108 0.3037 0.7917
2QH2 714 2.138 0.3445 0.8125
2QH2 715 2.158 0.2977 0.8021
2QH2 716 2.123 0.3386 0.8125
2QH2 717 2.091 0.3303 0.7917
2QH2 718 2.008 0.3391 0.8125
2QH2 719 2.118 0.3248 0.7813
2QH2 720 2.178 0.3079 0.7813
2QH2 721 2.074 0.3149 0.7813
2QH2 722 2.056 0.3151 0.7708
2QH2 723 2.050 0.3277 0.7917
2QH2 724 2.137 0.3155 0.7813
2QH2 725 2.084 0.3136 0.7813
2QH2 726 2.041 0.2874 0.7708
2QH2 727 2.055 0.3052 0.7708
2QH2 728 2.083 0.2951 0.7917
2QH2 729 2.078 0.2754 0.7604
2QH2 730 2.106 0.2827 0.7708
2QH2 731 2.260 0.2783 0.7292
2QH2 732 2.159 0.3018 0.7604
2QH2 733 2.146 0.2920 0.7604
2QH2 734 2.171 0.2963 0.7604
2QH2 735 2.112 0.2712 0.7500
2QH2 736 2.246 0.2721 0.7500
2QH2 737 2.055 0.2891 0.7813
2QH2 738 2.109 0.2784 0.7604
2QH2 739 1.997 0.2939 0.7604
2QH2 740 2.115 0.2699 0.7708
2QH2 741 2.256 0.2714 0.7500
2QH2 742 2.159 0.2684 0.7604
2QH2 743 2.113 0.2751 0.7708
2QH2 744 2.200 0.2528 0.7500
2QH2 745 2.184 0.2341 0.7708
2QH2 746 2.366 0.2519 0.7292
2QH2 747 2.336 0.2782 0.7500
2QH2 748 2.272 0.2691 0.7396
2QH2 749 2.274 0.2814 0.7500
2QH2 750 2.226 0.2587 0.7500
2QH2 751 2.359 0.2469 0.7396
2QH2 752 2.244 0.2400 0.7292
2QH2 753 2.271 0.2235 0.7188
2QH2 754 2.307 0.2537 0.7292
2QH2 755 2.127 0.2898 0.7604
2QH2 756 2.329 0.2782 0.7188
2QH2 757 2.312 0.2447 0.7396
2QH2 758 2.341 0.2316 0.7083
2QH2 759 2.365 0.2612 0.7500
2QH2 760 2.411 0.2225 0.7083
2QH2 761 2.310 0.2496 0.7396
2QH2 762 2.257 0.2764 0.7500
2QH2 763 2.219 0.2463 0.7292
2QH2 764 2.363 0.2344 0.7292
2QH2 765 2.491 0.2359 0.7083
2QH2 766 2.406 0.2429 0.7396
2QH2 767 2.210 0.2809 0.7604
2QH2 768 2.141 0.2363 0.7292
2QH2 769 2.390 0.2530 0.7292
2QH2 770 2.298 0.2527 0.7396
2QH2 771 2.394 0.2488 0.7396
2QH2 772 2.431 0.2476 0.7396
2QH2 773 2.334 0.2534 0.7500
2QH2 774 2.538 0.2467 0.7396
2QH2 775 2.679 0.2334 0.6875
2QH2 776 2.357 0.2586 0.7188
2QH2 777 2.339 0.2876 0.7396
2QH2 778 2.455 0.2501 0.7396
2QH2 779 2.275 0.2569 0.7292
2QH2 780 2.657 0.2409 0.6979
2QH2 781 2.562 0.2374 0.7188
2QH2 782 2.506 0.2514 0.7188
2QH2 783 2.458 0.2367 0.7188
2QH2 784 2.458 0.2383 0.7083
2QH2 785 2.502 0.2432 0.7083
2QH2 786 2.383 0.2514 0.7292
2QH2 787 2.688 0.2599 0.7083
2QH2 788 2.683 0.2404 0.6875
2QH2 789 2.449 0.2609 0.7292
2QH2 790 2.356 0.2483 0.7292
2QH2 791 2.682 0.2365 0.6771
2QH2 792 2.656 0.2477 0.6979
2QH2 793 2.487 0.2464 0.7188
2QH2 794 2.369 0.2497 0.7396
2QH2 795 2.537 0.2632 0.6979
2QH2 796 2.405 0.2363 0.7188
2QH2 797 2.505 0.2365 0.7083
2QH2 798 2.604 0.2563 0.7083
2QH2 799 2.349 0.2542 0.7396
2QH2 800 2.344 0.2331 0.7292
2QH2 801 2.431 0.2270 0.7083
2QH2 802 2.652 0.2231 0.7083
2QH2 803 2.492 0.2337 0.7188
2QH2 804 2.449 0.2573 0.7083
2QH2 805 2.391 0.2623 0.7500
2QH2 806 2.543 0.2572 0.7188
2QH2 807 2.565 0.2420 0.7083
2QH2 808 2.388 0.2497 0.7188
2QH2 809 2.274 0.2679 0.7500
2QH2 810 2.762 0.2673 0.7188
2QH2 811 2.294 0.2622 0.7500
2QH2 812 2.497 0.2608 0.7292
2QH2 813 2.460 0.2629 0.7188
2QH2 814 2.316 0.2670 0.7500
2QH2 815 2.571 0.2457 0.7188
2QH2 816 2.785 0.2422 0.7083
2QH2 817 2.670 0.2310 0.7188
2QH2 818 2.427 0.2535 0.7292
2QH2 819 2.581 0.2588 0.7188
2QH2 820 2.605 0.2493 0.7188
2QH2 821 2.388 0.2435 0.7396
2QH2 822 2.548 0.2591 0.7083
2QH2 823 2.522 0.2521 0.7292
2QH2 824 2.223 0.2777 0.7604
2QH2 825 2.342 0.2613 0.7500
2QH2 826 2.295 0.2676 0.7604
2QH2 827 2.291 0.3005 0.7396
2QH2 828 2.234 0.2522 0.7500
2QH2 829 2.251 0.2561 0.7292
2QH2 830 2.574 0.2670 0.6979
2QH2 831 2.150 0.2649 0.7396
2QH2 832 2.213 0.2601 0.7500
2QH2 833 2.564 0.2536 0.7500
2QH2 834 2.492 0.2914 0.7604
2QH2 835 2.330 0.2385 0.7396
2QH2 836 2.224 0.2834 0.7708
2QH2 837 2.262 0.3045 0.7604
2QH2 838 2.254 0.3081 0.7708
2QH2 839 2.370 0.2802 0.7500
2QH2 840 2.191 0.2765 0.7813
2QH2 841 2.576 0.2560 0.7396
2QH2 842 2.467 0.2603 0.7188
2QH2 843 2.285 0.2749 0.7396
2QH2 844 2.307 0.2609 0.7604
2QH2 845 2.510 0.2786 0.7396
2QH2 846 2.322 0.2597 0.7396
2QH2 847 2.184 0.2608 0.7604
2QH2 848 2.295 0.2587 0.7500
2QH2 849 2.375 0.2776 0.7500
2QH2 850 2.377 0.2788 0.7500
2QH2 851 2.265 0.2526 0.7604
2QH2 852 2.221 0.2956 0.7813
2QH2 853 2.259 0.2607 0.7500
2QH2 854 2.340 0.2723 0.7500
2QH2 855 2.221 0.3104 0.7604
2QH2 856 2.319 0.2705 0.7500
2QH2 857 2.384 0.2748 0.7708
2QH2 858 2.206 0.2987 0.7813
2QH2 859 1.895 0.3336 0.8229
2QH2 860 2.106 0.2830 0.7604
2QH2 861 2.278 0.3360 0.7917
2QH2 862 2.287 0.2962 0.7604
2QH2 863 2.315 0.2995 0.7917
2QH2 864 2.379 0.2921 0.7708
2QH2 865 2.054 0.3001 0.7604
2QH2 866 2.242 0.3108 0.7813
2QH2 867 2.019 0.3096 0.7813
2QH2 868 2.054 0.2930 0.7708
2QH2 869 2.247 0.2748 0.7604
2QH2 870 2.191 0.2870 0.7708
2QH2 871 2.186 0.3442 0.7917
2QH2 872 2.092 0.2821 0.7708
2QH2 873 2.039 0.3066 0.7813
2QH2 874 2.292 0.3301 0.7917
2QH2 875 2.078 0.3395 0.8021
2QH2 876 2.208 0.3147 0.7813
2QH2 877 2.106 0.3318 0.7917
2QH2 878 2.065 0.3372 0.7813
2QH2 879 2.188 0.3135 0.7917
2QH2 880 2.467 0.3367 0.7813
2QH2 881 2.056 0.3609 0.7917
2QH2 882 1.993 0.3136 0.7813
2QH2 883 2.090 0.3538 0.8021
2QH2 884 2.091 0.3353 0.7917
2QH2 885 2.112 0.3219 0.8021
2QH2 886 1.868 0.3296 0.8125
2QH2 887 2.185 0.3573 0.8021
2QH2 888 2.392 0.3200 0.7604
2QH2 889 2.148 0.3361 0.8021
2QH2 890 2.142 0.2754 0.7708
2QH2 891 2.056 0.3531 0.8125
2QH2 892 2.013 0.3405 0.8125
2QH2 893 2.094 0.3261 0.7813
2QH2 894 2.010 0.3391 0.8125
2QH2 895 2.144 0.3417 0.8021
2QH2 896 2.105 0.3228 0.7813
2QH2 897 2.147 0.3302 0.7813
2QH2 898 2.265 0.2949 0.7396
2QH2 899 2.179 0.2715 0.7500
2QH2 900 2.119 0.3401 0.8125
2QH2 901 2.247 0.2600 0.7396
2QH2 902 2.291 0.2486 0.7292
2QH2 903 2.321 0.2905 0.7396
2QH2 904 2.085 0.3285 0.8021
2QH2 905 1.987 0.3242 0.7813
2QH2 906 2.094 0.2676 0.7604
2QH2 907 2.283 0.2506 0.7396
2QH2 908 2.233 0.3299 0.7708
2QH2 909 2.269 0.3463 0.7708
2QH2 910 2.059 0.2669 0.7813
2QH2 911 2.109 0.2792 0.7708
2QH2 912 2.274 0.2527 0.7604
2QH2 913 2.074 0.2986 0.7708
2QH2 914 2.118 0.2398 0.7396
2QH2 915 1.966 0.2523 0.7604
2QH2 916 2.064 0.2908 0.7917
2QH2 917 2.329 0.2883 0.7604
2QH2 918 2.403 0.2729 0.7396
2QH2 919 2.134 0.2790 0.7813
2QH2 920 1.796 0.2948 0.7917
2QH2 921 2.099 0.3454 0.8125
2QH2 922 2.166 0.2760 0.7604
2QH2 923 1.818 0.3167 0.8125
2QH2 924 1.888 0.3318 0.8229
2QH2 925 2.130 0.3020 0.8021
2QH2 926 1.903 0.3824 0.8438
2QH2 927 1.648 0.4053 0.8646
2QH2 928 1.695 0.4139 0.8646
2QH2 929 2.122 0.3390 0.8021
2QH2 930 2.169 0.2975 0.7917
2QH2 931 2.126 0.2995 0.8021
2QH2 932 1.784 0.3252 0.8125
2QH2 933 1.718 0.3896 0.8542
2QH2 934 2.162 0.3111 0.7708
2QH2 935 2.322 0.2994 0.7813
2QH2 936 2.048 0.3426 0.8125
2QH2 937 1.815 0.3606 0.8438
2QH2 938 1.781 0.3489 0.8333
2QH2 939 2.059 0.3299 0.8229
2QH2 940 2.257 0.2761 0.7708
2QH2 941 2.136 0.2907 0.7708
2QH2 942 1.942 0.3295 0.8125
2QH2 943 1.823 0.3576 0.8125
2QH2 944 1.986 0.3125 0.8021
2QH2 945 2.172 0.3307 0.7917
2QH2 946 2.150 0.3014 0.7813
2QH2 947 2.263 0.2838 0.7917
2QH2 948 1.977 0.3485 0.8021
2QH2 949 1.890 0.3147 0.8021
2QH2 950 1.800 0.3762 0.8333
2QH2 951 2.120 0.2795 0.7917
2QH2 952 2.254 0.2651 0.7604
2QH2 953 2.241 0.2843 0.7917
2QH2 954 2.123 0.3172 0.7813
2QH2 955 1.786 0.3926 0.8438
2QH2 956 1.954 0.3014 0.7708
2QH2 957 2.070 0.3440 0.7917
2QH2 958 1.911 0.3402 0.8125
2QH2 959 1.984 0.2929 0.7708
2QH2 960 2.093 0.3623 0.8125
2QH2 961 1.914 0.3430 0.8021
2QH2 962 1.730 0.3605 0.8438
2QH2 963 1.783 0.3672 0.8229
2QH2 964 2.035 0.3104 0.7917
2QH2 965 1.978 0.3520 0.8125
2QH2 966 1.904 0.2947 0.7708
2QH2 967 1.787 0.3349 0.8229
2QH2 968 1.949 0.3351 0.8229
2QH2 969 2.077 0.3604 0.8125
2QH2 970 2.190 0.3342 0.8125
2QH2 971 1.957 0.3516 0.8021
2QH2 972 1.867 0.3873 0.8125
2QH2 973 1.860 0.3602 0.8333
2QH2 974 1.944 0.2977 0.7917
2QH2 975 2.059 0.3155 0.7813
2QH2 976 2.121 0.3357 0.7813
2QH2 977 2.019 0.3150 0.8125
2QH2 978 1.888 0.3042 0.7917
2QH2 979 2.088 0.3486 0.8125
2QH2 980 1.972 0.3301 0.7813
2QH2 981 1.823 0.3889 0.8229
2QH2 982 1.780 0.3643 0.8333
2QH2 983 1.947 0.3389 0.8021
2QH2 984 2.130 0.3197 0.7917
2QH2 985 2.007 0.3189 0.7813
2QH2 986 1.827 0.3590 0.8438
2QH2 987 1.697 0.4258 0.8542
2QH2 988 1.715 0.3280 0.8125
2QH2 989 1.807 0.3342 0.8125
2QH2 990 2.285 0.3231 0.7813
2QH2 991 2.211 0.3211 0.7813
2QH2 992 1.982 0.2891 0.7813
2QH2 993 1.935 0.3290 0.8021
2QH2 994 2.013 0.3627 0.8021
2QH2 995 2.274 0.3400 0.7813
2QH2 996 1.812 0.3035 0.7917
2QH2 997 1.763 0.3379 0.8333
2QH2 998 1.690 0.3434 0.8333
2QH2 999 1.824 0.3187 0.8125
2QH2 1000 2.075 0.3168 0.8125
2QH2 1001 1.985 0.3036 0.7917
2QH2 1002 1.853 0.3209 0.8021
2QH2 1003 2.079 0.3255 0.7813
2QH2 1004 2.070 0.3496 0.8229
2QH2 1005 1.722 0.3744 0.8333
2QH2 1006 2.020 0.3458 0.8021
2QH2 1007 2.130 0.3110 0.8333
2QH2 1008 2.091 0.2962 0.8229
2QH2 1009 2.201 0.2823 0.7813
2QH2 1010 2.073 0.2897 0.7813
2QH2 1011 1.916 0.3075 0.8125
2QH2 1012 1.720 0.4014 0.8646
2QH2 1013 1.834 0.3759 0.8333
2QH2 1014 2.191 0.3337 0.8021
2QH2 1015 2.135 0.2969 0.7917
2QH2 1016 2.468 0.3012 0.7708
2QH2 1017 2.287 0.3396 0.8021
2QH2 1018 2.002 0.3593 0.8021
2QH2 1019 1.908 0.3629 0.8229
2QH2 1020 2.324 0.2792 0.7604
2QH2 1021 1.885 0.4119 0.8438
2QH2 1022 1.561 0.3627 0.8646
2QH2 1023 1.746 0.3447 0.8333
2QH2 1024 2.190 0.3028 0.8125
2QH2 1025 2.353 0.3113 0.7604
2QH2 1026 2.132 0.2823 0.7708
2QH2 1027 1.818 0.3478 0.8229
2QH2 1028 1.782 0.3587 0.8333
2QH2 1029 2.036 0.3441 0.8333
2QH2 1030 2.237 0.3133 0.7708
2QH2 1031 2.216 0.2627 0.7500
2QH2 1032 2.312 0.2754 0.7396
2QH2 1033 2.383 0.2490 0.7396
2QH2 1034 2.192 0.2967 0.7708
2QH2 1035 1.864 0.3130 0.7813
2QH2 1036 1.888 0.2919 0.7708
2QH2 1037 1.847 0.2915 0.8125
2QH2 1038 2.042 0.2801 0.7917
2QH2 1039 2.169 0.3054 0.7917
2QH2 1040 1.917 0.3356 0.8125
2QH2 1041 2.044 0.2790 0.7708
2QH2 1042 1.682 0.3089 0.8125
2QH2 1043 1.685 0.3419 0.8229
2QH2 1044 1.784 0.3553 0.8125
2QH2 1045 1.879 0.3335 0.8021
2QH2 1046 1.652 0.3832 0.8333
2QH2 1047 2.052 0.3092 0.7708
2QH2 1048 2.107 0.2875 0.7813
2QH2 1049 2.010 0.2541 0.7500
2QH2 1050 1.840 0.3176 0.8333
2QH2 1051 2.060 0.2623 0.7708
2QH2 1052 2.139 0.3171 0.8021
2QH2 1053 2.153 0.3295 0.7917
2QH2 1054 2.072 0.3144 0.8125
2QH2 1055 2.348 0.2752 0.7500
2QH2 1056 2.324 0.2892 0.7708
2QH2 1057 2.031 0.3800 0.8438
2QH2 1058 1.973 0.3633 0.8229
2QH2 1059 2.039 0.3043 0.7813
2QH2 1060 1.736 0.3302 0.8125
2QH2 1061 2.177 0.3334 0.7813
2QH2 1062 2.074 0.3600 0.8333
2QH2 1063 1.820 0.4378 0.8542
2QH2 1064 1.888 0.3409 0.8125
2QH2 1065 2.255 0.3273 0.7813
2QH2 1066 2.127 0.3094 0.7917
2QH2 1067 2.164 0.3287 0.8229
2QH2 1068 2.208 0.3393 0.8125
2QH2 1069 1.869 0.3140 0.7917
2QH2 1070 1.749 0.3727 0.8438
2QH2 1071 2.151 0.3003 0.7500
2QH2 1072 2.101 0.3501 0.8125
2QH2 1073 1.816 0.4049 0.8646
2QH2 1074 1.945 0.3174 0.7917
2QH2 1075 1.943 0.3366 0.8229
2QH2 1076 2.008 0.3573 0.8125
2QH2 1077 1.762 0.3615 0.8229
2QH2 1078 1.890 0.3532 0.8229
2QH2 1079 1.717 0.4084 0.8542
2QH2 1080 1.999 0.3133 0.8021
2QH2 1081 1.917 0.3661 0.8125
2QH2 1082 2.130 0.3600 0.8021
2QH2 1083 2.027 0.3276 0.8021
2QH2 1084 1.928 0.3143 0.7917
2QH2 1085 1.768 0.3641 0.8438
2QH2 1086 1.746 0.3749 0.8438
2QH2 1087 1.998 0.3190 0.7813
2QH2 1088 2.077 0.2881 0.7813
2QH2 1089 1.960 0.3375 0.8021
2QH2 1090 1.888 0.2888 0.7917
2QH2 1091 2.082 0.2974 0.7813
2QH2 1092 2.350 0.3393 0.7813
2QH2 1093 2.209 0.2958 0.7708
2QH2 1094 1.728 0.3428 0.8333
2QH2 1095 1.667 0.3424 0.8021
2QH2 1096 1.825 0.3337 0.8229
2QH2 1097 2.102 0.3281 0.8021
2QH2 1098 2.127 0.3195 0.8021
2QH2 1099 1.834 0.3471 0.8229
2QH2 1100 1.806 0.3370 0.8125
2QH2 1101 1.880 0.3714 0.8438
2QH2 1102 1.931 0.3297 0.7917
2QH2 1103 1.893 0.3267 0.8125
2QH2 1104 2.008 0.3115 0.8021
2QH2 1105 1.883 0.3407 0.8125
2QH2 1106 2.203 0.3333 0.7917
2QH2 1107 2.008 0.4100 0.8229
2QH2 1108 1.877 0.3906 0.8438
2QH2 1109 1.852 0.3386 0.8125
2QH2 1110 1.910 0.3426 0.7917
2QH2 1111 1.927 0.3295 0.8125
2QH2 1112 2.137 0.3560 0.8021
2QH2 1113 2.283 0.3705 0.8125
2QH2 1114 2.076 0.2942 0.7917
2QH2 1115 2.122 0.3436 0.7917
2QH2 1116 2.033 0.3255 0.7917
2QH2 1117 1.995 0.3091 0.8125
2QH2 1118 2.067 0.2985 0.7708
2QH2 1119 2.119 0.2677 0.7604
2QH2 1120 1.943 0.3347 0.8125
2QH2 1121 2.073 0.2985 0.7708
2QH2 1122 2.298 0.2973 0.7708
2QH2 1123 2.165 0.2898 0.7708
2QH2 1124 1.983 0.2763 0.7708
2QH2 1125 1.800 0.3571 0.8333
2QH2 1126 1.999 0.2991 0.7813
2QH2 1127 1.991 0.3082 0.7813
2QH2 1128 1.892 0.3288 0.7813
2QH2 1129 1.934 0.3156 0.8125
2QH2 1130 2.123 0.3582 0.8021
2QH2 1131 2.065 0.3248 0.8125
2QH2 1132 1.844 0.3194 0.7917
2QH2 1133 2.109 0.3258 0.8021
2QH2 1134 2.112 0.3210 0.7917
2QH2 1135 1.910 0.3839 0.8333
2QH2 1136 2.169 0.2720 0.7604
2QH2 1137 1.926 0.3417 0.8333
2QH2 1138 1.951 0.3487 0.8021
2QH2 1139 2.004 0.3535 0.8229
2QH2 1140 2.005 0.3571 0.7813
2QH2 1141 2.011 0.3489 0.7917
2QH2 1142 2.111 0.3493 0.7917
2QH2 1143 2.066 0.3687 0.8229
2QH2 1144 1.744 0.3294 0.8333
2QH2 1145 1.909 0.3567 0.8229
2QH2 1146 2.047 0.3129 0.7708
2QH2 1147 2.022 0.3637 0.8333
2QH2 1148 1.936 0.3188 0.8021
2QH2 1149 1.731 0.3584 0.8333
2QH2 1150 1.980 0.3067 0.8021
2QH2 1151 1.709 0.3605 0.8333
2QH2 1152 2.140 0.3429 0.8125
2QH2 1153 2.037 0.3816 0.8229
2QH2 1154 1.872 0.3078 0.8021
2QH2 1155 2.114 0.3126 0.7708
2QH2 1156 1.615 0.3529 0.8438
2QH2 1157 1.774 0.3290 0.8333
2QH2 1158 1.635 0.3843 0.8438
2QH2 1159 1.760 0.3106 0.7917
2QH2 1160 1.958 0.2972 0.7917
2QH2 1161 2.531 0.2631 0.7292
2QH2 1162 2.361 0.2963 0.7396
2QH2 1163 1.930 0.3537 0.8125
2QH2 1164 1.886 0.3298 0.8125
2QH2 1165 2.080 0.2825 0.7604
2QH2 1166 2.210 0.3483 0.7917
2QH2 1167 1.962 0.3069 0.8125
2QH2 1168 2.459 0.2562 0.7500
2QH2 1169 2.502 0.2846 0.7708
2QH2 1170 2.132 0.3379 0.7708
2QH2 1171 2.189 0.3047 0.7917
2QH2 1172 2.395 0.3125 0.7917
2QH2 1173 2.708 0.3094 0.7604
2QH2 1174 2.520 0.2856 0.7500
2QH2 1175 2.202 0.3301 0.7917
2QH2 1176 1.983 0.3059 0.7708
2QH2 1177 2.098 0.3294 0.7813
2QH2 1178 2.046 0.3634 0.8125
2QH2 1179 1.917 0.3216 0.7917
2QH2 1180 1.802 0.3581 0.8125
2QH2 1181 2.026 0.3274 0.8021
2QH2 1182 2.438 0.3391 0.7708
2QH2 1183 2.381 0.3145 0.7813
2QH2 1184 1.977 0.3007 0.7917
2QH2 1185 2.082 0.3075 0.7813
2QH2 1186 2.468 0.2877 0.7604
2QH2 1187 2.478 0.2663 0.7500
2QH2 1188 2.396 0.2783 0.7708
2QH2 1189 2.210 0.2844 0.7604
2QH2 1190 2.035 0.2631 0.7604
2QH2 1191 2.281 0.2493 0.7083
2QH2 1192 2.780 0.2620 0.6875
2QH2 1193 2.463 0.2560 0.7292
2QH2 1194 2.091 0.2919 0.7500
2QH2 1195 2.132 0.2537 0.7604
2QH2 1196 2.351 0.2659 0.7396
2QH2 1197 2.475 0.2417 0.6979
2QH2 1198 2.255 0.2661 0.7708
2QH2 1199 1.972 0.2939 0.7708
2QH2 1200 2.220 0.2591 0.7500
2QH2 1201 1.982 0.2553 0.7813
2QH2 1202 2.418 0.2596 0.7188
2QH2 1203 2.374 0.2361 0.7188
2QH2 1204 2.219 0.2977 0.7708
2QH2 1205 2.113 0.3402 0.8125
2QH2 1206 2.258 0.3260 0.7813
2QH2 1207 2.288 0.2525 0.7188
2QH2 1208 2.259 0.2850 0.7396
2QH2 1209 2.389 0.2521 0.7396
2QH2 1210 2.507 0.2649 0.7292
2QH2 1211 2.695 0.2315 0.6979
2QH2 1212 2.346 0.2819 0.7292
2QH2 1213 2.418 0.2569 0.7292
2QH2 1214 3.010 0.2368 0.6875
2QH2 1215 2.967 0.2249 0.6771
2QH2 1216 2.863 0.2610 0.6979
2QH2 1217 2.717 0.2339 0.7083
2QH2 1218 2.844 0.2796 0.7083
2QH2 1219 2.800 0.2178 0.6979
2QH2 1220 2.580 0.2261 0.6979
2QH2 1221 2.678 0.2546 0.7188
2QH2 1222 2.665 0.2642 0.6979
2QH2 1223 2.848 0.2620 0.7083
2QH2 1224 2.681 0.2286 0.7083
2QH2 1225 2.227 0.2270 0.7292
2QH2 1226 2.504 0.2406 0.7396
2QH2 1227 2.659 0.2164 0.6979
2QH2 1228 2.633 0.2332 0.6979
2QH2 1229 2.301 0.2324 0.7396
2QH2 1230 2.219 0.2283 0.7396
2QH2 1231 2.287 0.2713 0.7292
2QH2 1232 2.498 0.2439 0.7083
2QH2 1233 2.413 0.2603 0.6979
2QH2 1234 2.562 0.2483 0.7188
2QH2 1235 2.527 0.2277 0.6979
2QH2 1236 2.552 0.2486 0.7188
2QH2 1237 2.463 0.2679 0.7292
2QH2 1238 2.093 0.2669 0.7500
2QH2 1239 2.139 0.2673 0.7604
2QH2 1240 2.587 0.2162 0.7188
2QH2 1241 2.731 0.2413 0.6979
2QH2 1242 2.646 0.2394 0.6979
2QH2 1243 2.420 0.2594 0.7396
2QH2 1244 2.422 0.2295 0.7396
2QH2 1245 2.907 0.2468 0.6875
2QH2 1246 2.495 0.2651 0.7292
2QH2 1247 2.626 0.2485 0.7083
2QH2 1248 2.506 0.2295 0.7188
2QH2 1249 2.550 0.2479 0.7188
2QH2 1250 2.684 0.2368 0.7083
2QH2 1251 2.502 0.2105 0.6979
2QH2 1252 2.639 0.2410 0.7188
2QH2 1253 2.650 0.2289 0.7083
2QH2 1254 2.440 0.2382 0.7292
2QH2 1255 2.524 0.2202 0.7083
2QH2 1256 2.463 0.2280 0.7292
2QH2 1257 2.291 0.2696 0.7500
2QH2 1258 2.360 0.2529 0.7188
2QH2 1259 2.230 0.2690 0.7396
2QH2 1260 2.207 0.2241 0.7604
2QH2 1261 2.220 0.2554 0.7500
2QH2 1262 2.466 0.2517 0.7396
2QH2 1263 2.541 0.2406 0.7292
2QH2 1264 2.214 0.3152 0.7917
2QH2 1265 2.200 0.2156 0.7188
2QH2 1266 2.753 0.2451 0.6979
2QH2 1267 2.533 0.2360 0.6979
2QH2 1268 2.331 0.2854 0.7604
2QH2 1269 2.732 0.2829 0.7188
2QH2 1270 2.392 0.2578 0.7396
2QH2 1271 2.651 0.2475 0.7083
2QH2 1272 2.848 0.2605 0.7188
2QH2 1273 2.605 0.2763 0.6979
2QH2 1274 2.764 0.2400 0.6979
2QH2 1275 2.323 0.2327 0.7292
2QH2 1276 2.129 0.2767 0.7500
2QH2 1277 2.367 0.2905 0.7500
2QH2 1278 2.603 0.2908 0.7604
2QH2 1279 2.356 0.2821 0.7500
2QH2 1280 1.929 0.3055 0.8125
2QH2 1281 2.267 0.3288 0.7917
2QH2 1282 2.451 0.2953 0.7604
2QH2 1283 2.391 0.3280 0.7813
2QH2 1284 2.605 0.2860 0.7604
2QH2 1285 2.420 0.2849 0.7396
2QH2 1286 2.472 0.3159 0.7708
2QH2 1287 2.613 0.2943 0.7396
2QH2 1288 2.306 0.3021 0.7708
2QH2 1289 2.556 0.2830 0.7604
2QH2 1290 2.365 0.3319 0.8021
2QH2 1291 2.510 0.2685 0.7292
2QH2 1292 2.453 0.3263 0.8125
2QH2 1293 2.536 0.3173 0.7604
2QH2 1294 2.459 0.2977 0.7917
2QH2 1295 2.554 0.2613 0.7396
2QH2 1296 2.159 0.3014 0.7708
2QH2 1297 2.732 0.2842 0.7292
2QH2 1298 2.655 0.3107 0.7604
2QH2 1299 2.355 0.3567 0.7813
2QH2 1300 2.670 0.2622 0.7292
2QH2 1301 2.399 0.2944 0.7708
2QH2 1302 2.457 0.2517 0.7396
2QH2 1303 2.605 0.2527 0.7188
2QH2 1304 2.399 0.2674 0.7500
2QH2 1305 1.854 0.2707 0.7917
2QH2 1306 2.507 0.2488 0.7292
2QH2 1307 2.725 0.2238 0.6875
2QH2 1308 2.779 0.2363 0.6979
2QH2 1309 2.570 0.2462 0.7188
2QH2 1310 2.505 0.2269 0.7292
2QH2 1311 2.488 0.2518 0.7396
2QH2 1312 2.723 0.2035 0.6875
2QH2 1313 2.392 0.2296 0.7292
2QH2 1314 2.058 0.2679 0.7708
2QH2 1315 1.965 0.3296 0.7917
2QH2 1316 2.008 0.2775 0.7708
2QH2 1317 2.444 0.2356 0.7396
2QH2 1318 2.189 0.2499 0.7396
2QH2 1319 2.041 0.2706 0.7604
2QH2 1320 2.634 0.2223 0.7292
2QH2 1321 2.218 0.2897 0.7708
2QH2 1322 2.022 0.2972 0.7917
2QH2 1323 1.913 0.3181 0.7813
2QH2 1324 2.301 0.2657 0.7604
2QH2 1325 2.152 0.2709 0.7604
2QH2 1326 2.469 0.2785 0.7500
2QH2 1327 2.311 0.3300 0.7813
2QH2 1328 2.549 0.2990 0.7604
2QH2 1329 2.623 0.2912 0.7292
2QH2 1330 2.367 0.3130 0.7500
2QH2 1331 2.154 0.3075 0.7604
2QH2 1332 1.798 0.3047 0.8125
2QH2 1333 2.038 0.2883 0.8021
2QH2 1334 2.550 0.2512 0.7188
2QH2 1335 2.171 0.3193 0.7813
2QH2 1336 2.532 0.2567 0.7188
2QH2 1337 2.262 0.3581 0.8125
2QH2 1338 2.164 0.3598 0.8229
2QH2 1339 1.863 0.3080 0.7813
2QH2 1340 1.468 0.3822 0.8438
2QH2 1341 1.757 0.3236 0.8125
2QH2 1342 1.888 0.2891 0.7813
2QH2 1343 1.890 0.3409 0.7708
2QH2 1344 1.726 0.3487 0.8333
2QH2 1345 1.977 0.2914 0.7708
2QH2 1346 1.664 0.3103 0.8021
2QH2 1347 2.097 0.2593 0.7604
2QH2 1348 2.024 0.3073 0.7813
2QH2 1349 1.791 0.2584 0.7917
2QH2 1350 1.909 0.3182 0.8021
2QH2 1351 2.175 0.3005 0.7917
2QH2 1352 2.051 0.3018 0.7500
2QH2 1353 2.070 0.3174 0.7813
2QH2 1354 2.264 0.3069 0.7604
2QH2 1355 2.320 0.2314 0.7292
2QH2 1356 2.570 0.2494 0.7292
2QH2 1357 2.366 0.3472 0.8021
2QH2 1358 2.561 0.2981 0.7708
2QH2 1359 2.251 0.2062 0.7188
2QH2 1360 2.148 0.2421 0.7396
2QH2 1361 2.157 0.2556 0.7604
2QH2 1362 1.992 0.3021 0.8021
2QH2 1363 1.970 0.2857 0.7917
2QH2 1364 2.031 0.2838 0.7604
2QH2 1365 1.866 0.3144 0.8125
2QH2 1366 1.901 0.3057 0.8125
2QH2 1367 1.945 0.3288 0.7917
2QH2 1368 1.936 0.3130 0.7813
2QH2 1369 2.212 0.2618 0.7396
2QH2 1370 2.225 0.2772 0.7396
2QH2 1371 2.161 0.3546 0.8021
2QH2 1372 2.049 0.3125 0.7813
2QH2 1373 2.070 0.3117 0.7813
2QH2 1374 2.193 0.3053 0.7604
2QH2 1375 2.376 0.2602 0.7500
2QH2 1376 2.199 0.3138 0.7604
2QH2 1377 2.129 0.3027 0.7708
2QH2 1378 1.942 0.3334 0.7917
2QH2 1379 2.026 0.3384 0.8125
2QH2 1380 1.899 0.3168 0.7813
2QH2 1381 2.121 0.2949 0.7708
2QH2 1382 1.961 0.3174 0.7708
2QH2 1383 1.870 0.2865 0.7813
2QH2 1384 1.876 0.3534 0.8021
2QH2 1385 1.766 0.3514 0.8125
2QH2 1386 1.860 0.3234 0.7813
2QH2 1387 2.070 0.3641 0.8125
2QH2 1388 2.178 0.3212 0.7813
2QH2 1389 2.158 0.2535 0.7500
2QH2 1390 1.913 0.3145 0.7708
2QH2 1391 1.996 0.3077 0.7708
2QH2 1392 1.886 0.2763 0.7813
2QH2 1393 2.185 0.3016 0.7917
2QH2 1394 2.438 0.3112 0.7604
2QH2 1395 2.315 0.2383 0.7500
2QH2 1396 2.466 0.2541 0.7188
2QH2 1397 2.198 0.2783 0.7500
2QH2 1398 2.087 0.2785 0.7813
2QH2 1399 2.162 0.2766 0.7500
2QH2 1400 2.328 0.3030 0.7292
2QH2 1401 2.414 0.2587 0.7083
2QH2 1402 1.999 0.3436 0.7917
2QH2 1403 2.483 0.2978 0.7500
2QH2 1404 2.983 0.2511 0.7083
2QH2 1405 2.152 0.2733 0.7604
2QH2 1406 2.055 0.2519 0.7500
2QH2 1407 2.108 0.2874 0.7396
2QH2 1408 2.011 0.2957 0.7396
2QH2 1409 2.364 0.2993 0.7500
2QH2 1410 2.339 0.2545 0.7292
2QH2 1411 2.240 0.2765 0.7500
2QH2 1412 2.354 0.2336 0.7292
2QH2 1413 2.291 0.2509 0.7604
2QH2 1414 2.026 0.2989 0.7813
2QH2 1415 1.917 0.2635 0.7708
2QH2 1416 2.140 0.2637 0.7500
2QH2 1417 2.509 0.2077 0.6979
2QH2 1418 2.824 0.2007 0.6771
2QH2 1419 2.760 0.2198 0.7083
2QH2 1420 2.612 0.2458 0.7083
2QH2 1421 2.192 0.2508 0.7396
2QH2 1422 2.183 0.2823 0.7500
2QH2 1423 2.041 0.2730 0.7500
2QH2 1424 2.880 0.2358 0.6771
2QH2 1425 2.875 0.2536 0.7083
2QH2 1426 2.884 0.2256 0.6875
2QH2 1427 2.705 0.2441 0.6979
2QH2 1428 2.142 0.2515 0.7500
2QH2 1429 2.183 0.2592 0.7500
2QH2 1430 2.222 0.2585 0.7292
2QH2 1431 2.306 0.2376 0.7292
2QH2 1432 2.223 0.2210 0.7396
2QH2 1433 2.419 0.1998 0.6979
2QH2 1434 2.507 0.2310 0.7396
2QH2 1435 2.819 0.2148 0.6875
2QH2 1436 2.572 0.2390 0.7188
2QH2 1437 2.460 0.2233 0.7188
2QH2 1438 2.402 0.2046 0.6979
2QH2 1439 2.756 0.2041 0.6979
2QH2 1440 2.544 0.2233 0.7396
2QH2 1441 2.268 0.2361 0.7396
2QH2 1442 2.216 0.2520 0.7292
2QH2 1443 2.242 0.2685 0.7396
2QH2 1444 2.178 0.2534 0.7500
2QH2 1445 2.539 0.2040 0.6875
2QH2 1446 2.537 0.2179 0.6979
2QH2 1447 2.433 0.2000 0.7083
2QH2 1448 2.199 0.2147 0.7083
2QH2 1449 2.764 0.2312 0.6771
2QH2 1450 2.129 0.2620 0.7500
2QH2 1451 2.453 0.3020 0.7500
2QH2 1452 2.928 0.2416 0.6875
2QH2 1453 3.198 0.2284 0.6667
2QH2 1454 2.875 0.2537 0.6875
2QH2 1455 2.349 0.2600 0.7292
2QH2 1456 2.108 0.2826 0.7604
2QH2 1457 2.475 0.2352 0.7188
2QH2 1458 2.214 0.2757 0.7292
2QH2 1459 2.671 0.2009 0.6875
2QH2 1460 2.250 0.2358 0.7292
2QH2 1461 2.322 0.2349 0.7292
2QH2 1462 2.024 0.2930 0.7813
2QH2 1463 2.067 0.2984 0.7500
2QH2 1464 2.664 0.2237 0.6771
2QH2 1465 2.296 0.2605 0.7292
2QH2 1466 2.372 0.2962 0.7500
2QH2 1467 2.275 0.2262 0.7188
2QH2 1468 2.755 0.2377 0.6875
2QH2 1469 2.846 0.2289 0.7083
2QH2 1470 2.613 0.2336 0.7188
2QH2 1471 2.391 0.2584 0.7396
2QH2 1472 2.716 0.2460 0.7188
2QH2 1473 2.557 0.2982 0.7500
2QH2 1474 2.209 0.2398 0.7500
2QH2 1475 2.233 0.2983 0.7708
2QH2 1476 2.636 0.2915 0.7292
2QH2 1477 2.491 0.2652 0.7083
2QH2 1478 2.413 0.2108 0.6979
2QH2 1479 2.036 0.2590 0.7396
2QH2 1480 2.537 0.2350 0.6875
2QH2 1481 2.366 0.2048 0.6979
2QH2 1482 2.753 0.2016 0.6667
2QH2 1483 2.703 0.2063 0.6667
2QH2 1484 2.197 0.2394 0.7500
2QH2 1485 1.674 0.3129 0.8229
2QH2 1486 2.195 0.2717 0.7604
2QH2 1487 2.354 0.2163 0.7188
2QH2 1488 2.355 0.2494 0.7188
2QH2 1489 2.584 0.2460 0.7188
2QH2 1490 2.513 0.2122 0.7188
2QH2 1491 2.703 0.2141 0.6979
2QH2 1492 2.218 0.2139 0.7292
2QH2 1493 1.992 0.2444 0.7604
2QH2 1494 2.386 0.2463 0.7083
2QH2 1495 2.517 0.2082 0.7083
2QH2 1496 2.157 0.2860 0.7604
2QH2 1497 2.221 0.2181 0.7188
2QH2 1498 2.325 0.2260 0.7083
2QH2 1499 2.281 0.2368 0.7292
2QH2 1500 2.018 0.2771 0.7292
2QH2 1501 2.209 0.2194 0.7292
2QH2 1502 1.881 0.2883 0.8021
2QH2 1503 2.111 0.2714 0.7708
2QH2 1504 2.293 0.3186 0.7708
2QH2 1505 2.351 0.2572 0.7083
2QH2 1506 2.160 0.2628 0.7396
2QH2 1507 2.056 0.2748 0.7813
2QH2 1508 2.064 0.2777 0.7708
2QH2 1509 2.139 0.2518 0.7396
2QH2 1510 2.137 0.2512 0.7396
2QH2 1511 2.199 0.2527 0.7188
2QH2 1512 2.188 0.2642 0.7500
2QH2 1513 2.184 0.2952 0.7813
2QH2 1514 2.047 0.2917 0.7604
2QH2 1515 1.777 0.3421 0.8021
2QH2 1516 2.072 0.2540 0.7396
2QH2 1517 2.036 0.2579 0.7500
2QH2 1518 2.057 0.3175 0.7917
2QH2 1519 1.808 0.2842 0.7604
2QH2 1520 1.834 0.2891 0.7917
2QH2 1521 2.133 0.2814 0.7604
2QH2 1522 2.147 0.2413 0.7292
2QH2 1523 1.863 0.3228 0.8021
2QH2 1524 1.802 0.3424 0.8125
2QH2 1525 2.511 0.2785 0.7396
2QH2 1526 2.580 0.2613 0.7292
2QH2 1527 2.290 0.2688 0.7500
2QH2 1528 2.114 0.2905 0.7813
2QH2 1529 2.790 0.2896 0.6979
2QH2 1530 2.548 0.2658 0.7292
2QH2 1531 2.489 0.2251 0.7396
2QH2 1532 2.967 0.2120 0.6771
2QH2 1533 2.703 0.2590 0.6979
2QH2 1534 2.550 0.2394 0.7292
2QH2 1535 2.193 0.2783 0.7292
2QH2 1536 2.503 0.2612 0.7083
2QH2 1537 2.241 0.2364 0.7500
2QH2 1538 2.541 0.2632 0.7188
2QH2 1539 2.637 0.2697 0.7396
2QH2 1540 2.573 0.2527 0.7188
2QH2 1541 2.526 0.2672 0.7500
2QH2 1542 2.440 0.2521 0.7083
2QH2 1543 2.422 0.2979 0.7292
2QH2 1544 2.849 0.2675 0.7292
2QH2 1545 2.475 0.2322 0.7083
2QH2 1546 2.321 0.2610 0.7708
2QH2 1547 2.295 0.3018 0.7708
2QH2 1548 2.292 0.2369 0.7083
2QH2 1549 2.961 0.1938 0.6458
2QH2 1550 2.730 0.2440 0.6667
2QH2 1551 2.807 0.2238 0.6875
2QH2 1552 2.950 0.2524 0.7083
2QH2 1553 2.776 0.2565 0.7188
2QH2 1554 2.136 0.2503 0.7604
2QH2 1555 2.559 0.2507 0.7188
2QH2 1556 2.216 0.2387 0.7188
2QH2 1557 1.986 0.2881 0.7604
2QH2 1558 2.294 0.2753 0.7396
2QH2 1559 2.355 0.2402 0.6979
2QH2 1560 2.373 0.2987 0.7708
2QH2 1561 2.791 0.2088 0.6563
2QH2 1562 2.739 0.2438 0.7083
2QH2 1563 2.614 0.2510 0.6875
2QH2 1564 2.973 0.1903 0.6667
2QH2 1565 2.603 0.2185 0.7083
2QH2 1566 3.044 0.2099 0.6667
2QH2 1567 2.964 0.2349 0.6771
2QH2 1568 2.653 0.2938 0.7292
2QH2 1569 2.684 0.2199 0.7083
2QH2 1570 2.726 0.2786 0.7396
2QH2 1571 2.541 0.2061 0.6979
2QH2 1572 2.857 0.2304 0.7083
2QH2 1573 2.922 0.2577 0.6979
2QH2 1574 3.358 0.1830 0.6354
2QH2 1575 2.600 0.2658 0.7500
2QH2 1576 2.809 0.2521 0.6979
2QH2 1577 2.866 0.2190 0.6979
2QH2 1578 2.565 0.2291 0.7083
2QH2 1579 2.790 0.2483 0.7083
2QH2 1580 3.120 0.2408 0.6875
2QH2 1581 3.136 0.1876 0.6771
2QH2 1582 2.446 0.2602 0.7500
2QH2 1583 2.668 0.2485 0.7396
2QH2 1584 3.203 0.2278 0.6667
2QH2 1585 2.741 0.2500 0.7292
2QH2 1586 2.955 0.2279 0.6667
2QH2 1587 2.908 0.2204 0.6771
2QH2 1588 2.911 0.2304 0.6875
2QH2 1589 3.141 0.2329 0.6667
2QH2 1590 2.589 0.2517 0.7188
2QH2 1591 2.864 0.2697 0.7292
2QH2 1592 2.511 0.2665 0.7188
2QH2 1593 2.556 0.2247 0.6875
2QH2 1594 2.872 0.2185 0.6875
2QH2 1595 2.543 0.2336 0.6979
2QH2 1596 2.581 0.2433 0.7083
2QH2 1597 2.006 0.3020 0.7708
2QH2 1598 1.949 0.2551 0.7604
2QH2 1599 2.529 0.2072 0.7083
2QH2 1600 2.170 0.2770 0.7500
2QH2 1601 2.158 0.2496 0.7083
2QH2 1602 2.382 0.2681 0.7604
2QH2 1603 2.539 0.2731 0.7500
2QH2 1604 2.226 0.2616 0.7500
2QH2 1605 2.599 0.2352 0.7292
2QH2 1606 2.321 0.2569 0.7708
2QH2 1607 2.538 0.2555 0.7396
2QH2 1608 2.833 0.2897 0.6979
2QH2 1609 2.483 0.2819 0.7396
2QH2 1610 2.695 0.2530 0.7396
2QH2 1611 2.196 0.2408 0.7188
2QH2 1612 2.198 0.2816 0.7188
2QH2 1613 2.587 0.2763 0.7292
2QH2 1614 2.358 0.2666 0.7396
2QH2 1615 2.121 0.2369 0.7188
2QH2 1616 2.618 0.2203 0.6667
2QH2 1617 2.218 0.2545 0.7396
2QH2 1618 2.406 0.2286 0.6979
2QH2 1619 2.260 0.2970 0.7708
2QH2 1620 1.990 0.2757 0.7500
2QH2 1621 2.449 0.2589 0.7500
2QH2 1622 2.394 0.2586 0.7188
2QH2 1623 2.718 0.2385 0.7188
2QH2 1624 2.853 0.2355 0.6875
2QH2 1625 2.705 0.2353 0.6979
2QH2 1626 2.591 0.2211 0.7083
2QH2 1627 2.609 0.2480 0.7188
2QH2 1628 2.426 0.2283 0.7292
2QH2 1629 2.474 0.2347 0.7188
2QH2 1630 2.023 0.2689 0.7604
2QH2 1631 2.120 0.2397 0.7292
2QH2 1632 1.897 0.2685 0.7708
2QH2 1633 1.999 0.2958 0.7604
2QH2 1634 2.513 0.2685 0.7292
2QH2 1635 2.098 0.2729 0.7396
2QH2 1636 2.343 0.2772 0.7500
2QH2 1637 2.577 0.2404 0.6979
2QH2 1638 2.668 0.2655 0.7188
2QH2 1639 2.547 0.2235 0.7083
2QH2 1640 2.079 0.2763 0.7500
2QH2 1641 1.601 0.2923 0.8021
2QH2 1642 1.825 0.2618 0.7292
2QH2 1643 1.893 0.2414 0.7604
2QH2 1644 2.082 0.2467 0.7188
2QH2 1645 2.069 0.2607 0.7396
2QH2 1646 2.225 0.2174 0.7396
2QH2 1647 2.075 0.2524 0.7500
2QH2 1648 2.002 0.2613 0.7708
2QH2 1649 2.234 0.2023 0.7292
2QH2 1650 2.118 0.2758 0.7500
2QH2 1651 2.402 0.2058 0.7188
2QH2 1652 2.063 0.3003 0.7708
2QH2 1653 2.213 0.2286 0.7292
2QH2 1654 2.228 0.2539 0.7083
2QH2 1655 2.004 0.2509 0.7292
2QH2 1656 2.092 0.2781 0.7500
2QH2 1657 1.568 0.3139 0.8021
2QH2 1658 1.742 0.3372 0.7708
2QH2 1659 1.720 0.2898 0.8021
2QH2 1660 2.210 0.2029 0.7188
2QH2 1661 2.332 0.2220 0.7188
2QH2 1662 2.237 0.2692 0.7188
2QH2 1663 2.157 0.2685 0.7292
2QH2 1664 2.427 0.2457 0.7396
2QH2 1665 2.326 0.2292 0.7188
2QH2 1666 2.465 0.2287 0.6979
