2LI4 1 0.000 1.0000 1.0000
2LI4 2 2.105 0.5747 0.8203
2LI4 3 5.954 0.4167 0.6563
2LI4 4 2.665 0.4969 0.7656
2LI4 5 2.468 0.4914 0.7813
2LI4 6 2.686 0.5455 0.7891
2LI4 7 2.659 0.4575 0.7500
2LI4 8 4.192 0.4525 0.6797
2LI4 9 3.608 0.4266 0.7188
2LI4 10 1.697 0.5529 0.8438
2LI4 11 1.624 0.5621 0.8359
2LI4 12 1.370 0.5841 0.8594
2LI4 13 2.419 0.4078 0.7422
2LI4 14 1.291 0.6449 0.8828
2LI4 15 3.686 0.4243 0.6953
2LI4 16 6.171 0.3425 0.5703
2LI4 17 1.799 0.5483 0.8203
2LI4 18 6.190 0.3591 0.5781
2LI4 19 3.542 0.3956 0.6719
2LI4 20 3.268 0.3789 0.6953
2LI4 21 12.194 0.0959 0.2422
2LI4 22 11.017 0.1865 0.3203
2LI4 23 11.810 0.1762 0.3438
2LI4 24 11.084 0.1896 0.3281
2LI4 25 14.197 0.1545 0.2813
2LI4 26 16.223 0.1272 0.2578
2LI4 27 13.141 0.1933 0.3906
2LI4 28 9.886 0.2013 0.3594
2LI4 29 14.819 0.1686 0.2891
2LI4 30 14.489 0.1988 0.3672
2LI4 31 13.003 0.1943 0.3359
2LI4 32 7.678 0.2570 0.4688
2LI4 33 13.002 0.1887 0.3516
2LI4 34 11.056 0.1914 0.3594
2LI4 35 14.927 0.2024 0.3359
2LI4 36 7.491 0.1950 0.4219
2LI4 37 5.418 0.2242 0.4844
2LI4 38 12.890 0.1760 0.3125
2LI4 39 15.632 0.1620 0.3047
2LI4 40 14.209 0.1820 0.3281
2LI4 41 12.873 0.2202 0.3359
2LI4 42 7.969 0.2372 0.3828
2LI4 43 9.011 0.2009 0.3281
2LI4 44 15.421 0.2056 0.3594
2LI4 45 11.578 0.2140 0.3984
2LI4 46 8.550 0.2237 0.3828
2LI4 47 10.958 0.2596 0.4453
2LI4 48 9.664 0.2129 0.3750
2LI4 49 9.327 0.2040 0.3672
2LI4 50 8.201 0.2690 0.4375
2LI4 51 8.010 0.2892 0.4922
2LI4 52 9.086 0.2964 0.4688
2LI4 53 7.736 0.2595 0.4297
2LI4 54 9.513 0.2981 0.4688
2LI4 55 9.574 0.2977 0.4688
2LI4 56 8.133 0.2875 0.4531
2LI4 57 8.144 0.2907 0.4844
2LI4 58 10.688 0.2944 0.4844
2LI4 59 6.151 0.2767 0.5156
2LI4 60 8.249 0.3034 0.4609
2LI4 61 7.710 0.2323 0.4531
2LI4 62 10.812 0.1307 0.2891
2LI4 63 14.563 0.1579 0.2813
2LI4 64 12.854 0.2081 0.3359
2LI4 65 13.948 0.1304 0.2734
2LI4 66 12.520 0.2198 0.3906
2LI4 67 11.888 0.1718 0.3125
2LI4 68 9.028 0.2296 0.3750
2LI4 69 14.619 0.1746 0.3438
2LI4 70 14.301 0.1635 0.2734
2LI4 71 13.397 0.1517 0.2813
2LI4 72 15.778 0.1616 0.3047
2LI4 73 12.770 0.1903 0.3281
2LI4 74 12.922 0.1583 0.3203
2LI4 75 12.388 0.1902 0.3750
2LI4 76 9.529 0.1504 0.3047
2LI4 77 9.862 0.1839 0.3359
2LI4 78 8.645 0.1838 0.3516
2LI4 79 14.593 0.1782 0.3125
2LI4 80 9.970 0.1888 0.3594
2LI4 81 13.685 0.2099 0.3281
2LI4 82 11.049 0.2299 0.3984
2LI4 83 11.999 0.2384 0.3906
2LI4 84 12.853 0.1860 0.3594
2LI4 85 8.271 0.2170 0.3906
2LI4 86 8.079 0.2550 0.4063
2LI4 87 14.712 0.1751 0.3203
2LI4 88 14.111 0.1904 0.3125
2LI4 89 6.660 0.2595 0.4453
2LI4 90 10.627 0.2249 0.3594
2LI4 91 6.724 0.2471 0.4531
2LI4 92 8.389 0.2442 0.4219
2LI4 93 11.155 0.2105 0.3125
2LI4 94 7.830 0.1980 0.4141
2LI4 95 10.360 0.2496 0.4063
2LI4 96 6.013 0.2779 0.5156
2LI4 97 7.991 0.2587 0.4219
2LI4 98 7.443 0.2470 0.4375
2LI4 99 8.315 0.2664 0.4609
2LI4 100 8.276 0.2965 0.4844
2LI4 101 11.569 0.1554 0.2813
2LI4 102 10.656 0.1427 0.2891
2LI4 103 11.526 0.1770 0.3125
2LI4 104 15.339 0.1136 0.2578
2LI4 105 12.030 0.1334 0.3047
2LI4 106 14.296 0.1435 0.2891
2LI4 107 13.105 0.1463 0.3047
2LI4 108 9.629 0.1328 0.3047
2LI4 109 10.737 0.1941 0.2969
2LI4 110 11.216 0.1775 0.3438
2LI4 111 9.324 0.2343 0.3516
2LI4 112 13.146 0.1573 0.2969
2LI4 113 8.393 0.1839 0.3594
2LI4 114 10.109 0.1809 0.3281
2LI4 115 7.185 0.2380 0.4766
2LI4 116 9.328 0.1842 0.3594
2LI4 117 12.415 0.1665 0.3047
2LI4 118 15.931 0.1474 0.2578
2LI4 119 10.960 0.2143 0.3281
2LI4 120 13.566 0.2298 0.3750
2LI4 121 8.842 0.2236 0.4141
2LI4 122 8.147 0.2734 0.4922
2LI4 123 10.992 0.1782 0.3359
2LI4 124 7.922 0.2423 0.4063
2LI4 125 9.005 0.2354 0.3984
2LI4 126 12.243 0.2858 0.4453
2LI4 127 10.739 0.1860 0.3672
2LI4 128 9.530 0.3025 0.4609
2LI4 129 6.522 0.2296 0.4922
2LI4 130 14.052 0.1851 0.3672
2LI4 131 8.386 0.2742 0.4375
2LI4 132 5.082 0.2696 0.5313
2LI4 133 9.200 0.2350 0.4297
2LI4 134 9.424 0.2293 0.4141
2LI4 135 6.922 0.2442 0.4531
2LI4 136 11.926 0.1890 0.3438
2LI4 137 7.485 0.3251 0.5156
2LI4 138 7.797 0.2739 0.4688
2LI4 139 8.951 0.2605 0.4297
2LI4 140 8.195 0.2478 0.4531
2LI4 141 6.880 0.1893 0.4141
2LI4 142 9.977 0.1273 0.3281
2LI4 143 13.420 0.1639 0.3125
2LI4 144 10.912 0.2133 0.3672
2LI4 145 13.384 0.1927 0.3750
2LI4 146 13.605 0.1410 0.3125
2LI4 147 16.996 0.1523 0.2734
2LI4 148 14.266 0.1819 0.2891
2LI4 149 8.698 0.2387 0.3984
2LI4 150 13.203 0.1585 0.2813
2LI4 151 8.799 0.1875 0.3203
2LI4 152 12.072 0.1677 0.3203
2LI4 153 13.414 0.1957 0.3750
2LI4 154 11.861 0.1806 0.3047
2LI4 155 14.043 0.2144 0.3828
2LI4 156 12.834 0.1885 0.3125
2LI4 157 8.983 0.2118 0.3906
2LI4 158 10.421 0.2724 0.4531
2LI4 159 7.726 0.2315 0.4297
2LI4 160 8.861 0.3286 0.4922
2LI4 161 9.055 0.2735 0.4297
2LI4 162 7.420 0.2552 0.4141
2LI4 163 6.943 0.2708 0.4922
2LI4 164 10.869 0.2545 0.4375
2LI4 165 7.474 0.2423 0.4688
2LI4 166 10.756 0.2459 0.4063
2LI4 167 6.309 0.1996 0.4297
2LI4 168 10.423 0.2488 0.4375
2LI4 169 10.367 0.2590 0.4531
2LI4 170 10.319 0.2103 0.3438
2LI4 171 8.496 0.2857 0.4844
2LI4 172 9.212 0.2765 0.4453
2LI4 173 7.847 0.2274 0.3984
2LI4 174 13.888 0.1962 0.3125
2LI4 175 9.124 0.2330 0.4375
2LI4 176 5.408 0.2473 0.5391
2LI4 177 8.169 0.2526 0.4922
2LI4 178 8.169 0.2820 0.4609
2LI4 179 9.117 0.2753 0.4453
2LI4 180 8.778 0.2545 0.4063
2LI4 181 10.631 0.1106 0.2656
2LI4 182 11.333 0.1295 0.2500
2LI4 183 14.426 0.1511 0.3281
2LI4 184 14.508 0.1708 0.2891
2LI4 185 8.696 0.1977 0.3672
2LI4 186 14.040 0.1529 0.3203
2LI4 187 12.795 0.1940 0.3203
2LI4 188 13.846 0.1682 0.3438
2LI4 189 11.420 0.1812 0.3438
2LI4 190 11.190 0.2605 0.4609
2LI4 191 11.629 0.1911 0.3438
2LI4 192 9.698 0.1851 0.3281
2LI4 193 6.752 0.2058 0.4219
2LI4 194 8.673 0.1982 0.4063
2LI4 195 11.744 0.2301 0.3984
2LI4 196 9.861 0.2358 0.3828
2LI4 197 7.720 0.2418 0.4766
2LI4 198 10.925 0.1869 0.3281
2LI4 199 8.395 0.1959 0.3906
2LI4 200 8.783 0.1941 0.3672
2LI4 201 8.259 0.2596 0.4609
2LI4 202 8.970 0.2318 0.3750
2LI4 203 8.467 0.2070 0.3438
2LI4 204 10.411 0.2247 0.3906
2LI4 205 6.421 0.3215 0.5547
2LI4 206 8.632 0.3062 0.4922
2LI4 207 9.501 0.2293 0.3672
2LI4 208 7.682 0.2507 0.4375
2LI4 209 11.189 0.2384 0.3828
2LI4 210 7.893 0.3193 0.5000
2LI4 211 8.917 0.2645 0.4531
2LI4 212 9.214 0.1896 0.4141
2LI4 213 10.351 0.2845 0.4453
2LI4 214 6.312 0.2772 0.4922
2LI4 215 7.680 0.3007 0.5156
2LI4 216 8.785 0.2906 0.4766
2LI4 217 9.179 0.3186 0.4922
2LI4 218 7.888 0.2897 0.4766
2LI4 219 8.180 0.2988 0.4766
2LI4 220 8.423 0.2713 0.4766
2LI4 221 14.180 0.1500 0.2422
2LI4 222 13.919 0.1502 0.2500
2LI4 223 9.496 0.1917 0.3516
2LI4 224 8.582 0.1967 0.3672
2LI4 225 10.746 0.2304 0.3516
2LI4 226 11.521 0.1871 0.3516
2LI4 227 10.880 0.1592 0.3047
2LI4 228 14.218 0.1620 0.2734
2LI4 229 13.507 0.1868 0.2969
2LI4 230 12.673 0.1696 0.2969
2LI4 231 13.406 0.1556 0.3203
2LI4 232 10.954 0.2110 0.3672
2LI4 233 14.549 0.1851 0.2969
2LI4 234 6.985 0.2006 0.4063
2LI4 235 13.078 0.1697 0.2891
2LI4 236 10.443 0.2142 0.3281
2LI4 237 9.270 0.1812 0.3438
2LI4 238 13.091 0.1760 0.3438
2LI4 239 9.897 0.1911 0.3750
2LI4 240 8.631 0.2362 0.3828
2LI4 241 8.147 0.2579 0.4297
2LI4 242 6.090 0.2304 0.4844
2LI4 243 11.336 0.1848 0.2969
2LI4 244 7.806 0.2118 0.4375
2LI4 245 7.020 0.2759 0.4844
2LI4 246 9.927 0.2511 0.4375
2LI4 247 10.207 0.2105 0.3750
2LI4 248 8.401 0.2058 0.3594
2LI4 249 10.899 0.1994 0.3281
2LI4 250 8.375 0.3032 0.4531
2LI4 251 9.003 0.2673 0.4297
2LI4 252 8.839 0.2442 0.4297
2LI4 253 9.672 0.2760 0.4375
2LI4 254 9.656 0.2734 0.4531
2LI4 255 8.987 0.2311 0.3828
2LI4 256 8.999 0.2891 0.4766
2LI4 257 12.593 0.2293 0.3516
2LI4 258 8.046 0.2119 0.3906
2LI4 259 7.517 0.2381 0.4141
2LI4 260 7.848 0.2584 0.4453
2LI4 261 11.692 0.1124 0.2500
2LI4 262 11.833 0.2431 0.4063
2LI4 263 11.077 0.1229 0.2500
2LI4 264 15.484 0.1629 0.3125
2LI4 265 14.356 0.1729 0.2734
2LI4 266 17.898 0.1486 0.3047
2LI4 267 12.392 0.1661 0.2734
2LI4 268 11.629 0.1328 0.2891
2LI4 269 11.727 0.1569 0.3047
2LI4 270 12.126 0.1824 0.3203
2LI4 271 15.643 0.1982 0.3125
2LI4 272 8.543 0.2148 0.3984
2LI4 273 11.062 0.2052 0.3359
2LI4 274 8.787 0.1931 0.3672
2LI4 275 11.422 0.1842 0.3516
2LI4 276 11.732 0.2130 0.3594
2LI4 277 5.138 0.2605 0.5547
2LI4 278 10.615 0.1924 0.3672
2LI4 279 13.213 0.2233 0.3906
2LI4 280 11.696 0.1844 0.2891
2LI4 281 17.858 0.1782 0.3281
2LI4 282 8.913 0.2618 0.4219
2LI4 283 11.271 0.1887 0.3359
2LI4 284 7.742 0.2707 0.4609
2LI4 285 6.300 0.2163 0.4688
2LI4 286 7.889 0.2736 0.4844
2LI4 287 9.372 0.2851 0.4531
2LI4 288 8.318 0.2337 0.3828
2LI4 289 7.385 0.3209 0.5156
2LI4 290 8.128 0.2570 0.4375
2LI4 291 9.253 0.2932 0.4453
2LI4 292 8.496 0.2719 0.4453
2LI4 293 6.141 0.2870 0.5156
2LI4 294 10.026 0.2993 0.4688
2LI4 295 7.606 0.2397 0.4375
2LI4 296 7.914 0.2872 0.4609
2LI4 297 9.446 0.2846 0.4531
2LI4 298 8.279 0.2457 0.4609
2LI4 299 7.720 0.2678 0.4688
2LI4 300 6.640 0.2979 0.5078
2LI4 301 12.179 0.1216 0.2266
2LI4 302 8.779 0.1915 0.3594
2LI4 303 8.231 0.2109 0.3984
2LI4 304 10.505 0.1838 0.3203
2LI4 305 7.825 0.1928 0.3750
2LI4 306 17.293 0.1715 0.3047
2LI4 307 10.459 0.1734 0.2969
2LI4 308 11.501 0.1830 0.3125
2LI4 309 12.877 0.1572 0.3125
2LI4 310 10.155 0.1878 0.3281
2LI4 311 11.449 0.2189 0.3516
2LI4 312 16.571 0.1851 0.3125
2LI4 313 8.963 0.1862 0.3828
2LI4 314 11.430 0.1966 0.3438
2LI4 315 6.320 0.2619 0.4922
2LI4 316 16.230 0.2321 0.3672
2LI4 317 9.076 0.1930 0.3281
2LI4 318 10.765 0.2250 0.4297
2LI4 319 8.648 0.2383 0.4063
2LI4 320 9.045 0.2849 0.4766
2LI4 321 8.500 0.2612 0.4219
2LI4 322 7.743 0.2491 0.4375
2LI4 323 9.108 0.2701 0.4766
2LI4 324 6.505 0.3354 0.5547
2LI4 325 7.785 0.2500 0.4219
2LI4 326 8.465 0.2646 0.4297
2LI4 327 8.977 0.2751 0.4375
2LI4 328 9.164 0.2829 0.4688
2LI4 329 9.223 0.3010 0.4688
2LI4 330 9.374 0.2870 0.4766
2LI4 331 7.736 0.2423 0.4141
2LI4 332 6.600 0.2529 0.4453
2LI4 333 9.173 0.2611 0.4375
2LI4 334 7.959 0.2715 0.4453
2LI4 335 8.095 0.2627 0.4531
2LI4 336 7.413 0.2953 0.4688
2LI4 337 9.238 0.2347 0.4063
2LI4 338 10.055 0.2837 0.4688
2LI4 339 9.015 0.2647 0.4375
2LI4 340 8.573 0.2600 0.4453
2LI4 341 18.011 0.1168 0.2109
2LI4 342 10.670 0.1499 0.2734
2LI4 343 12.015 0.1131 0.2344
2LI4 344 10.814 0.2126 0.3594
2LI4 345 12.975 0.2313 0.3984
2LI4 346 11.968 0.1735 0.3047
2LI4 347 10.388 0.1176 0.3125
2LI4 348 12.365 0.2065 0.3516
2LI4 349 15.024 0.1291 0.2734
2LI4 350 14.381 0.1626 0.3516
2LI4 351 9.053 0.1903 0.3516
2LI4 352 17.530 0.1714 0.2891
2LI4 353 11.920 0.2027 0.3359
2LI4 354 9.960 0.1868 0.3281
2LI4 355 11.809 0.1839 0.2969
2LI4 356 15.420 0.1653 0.3203
2LI4 357 7.145 0.1753 0.3750
2LI4 358 9.323 0.2686 0.4375
2LI4 359 8.660 0.1832 0.3125
2LI4 360 8.980 0.2919 0.5000
2LI4 361 10.165 0.1847 0.3438
2LI4 362 15.615 0.1735 0.3516
2LI4 363 6.526 0.2229 0.4453
2LI4 364 9.381 0.1976 0.3438
2LI4 365 11.831 0.1977 0.3359
2LI4 366 7.126 0.1960 0.4453
2LI4 367 7.479 0.1999 0.3750
2LI4 368 7.935 0.2076 0.3984
2LI4 369 13.539 0.1737 0.3047
2LI4 370 7.636 0.2220 0.3906
2LI4 371 8.509 0.2325 0.4297
2LI4 372 11.316 0.1959 0.3984
2LI4 373 6.968 0.2895 0.4844
2LI4 374 11.071 0.2110 0.3750
2LI4 375 13.320 0.1620 0.2969
2LI4 376 7.060 0.2487 0.4219
2LI4 377 7.706 0.2227 0.4375
2LI4 378 13.842 0.1840 0.3125
2LI4 379 8.524 0.2021 0.4141
2LI4 380 6.663 0.2533 0.4531
2LI4 381 15.881 0.0950 0.1875
2LI4 382 12.202 0.0965 0.2031
2LI4 383 14.610 0.1409 0.2578
2LI4 384 12.799 0.1896 0.3281
2LI4 385 13.619 0.1785 0.3359
2LI4 386 9.756 0.1347 0.3594
2LI4 387 11.286 0.1376 0.3125
2LI4 388 6.361 0.2309 0.5078
2LI4 389 10.665 0.1413 0.2578
2LI4 390 12.984 0.1957 0.3359
2LI4 391 12.998 0.1738 0.3047
2LI4 392 15.486 0.1385 0.3125
2LI4 393 7.191 0.2172 0.4531
2LI4 394 15.589 0.1504 0.3047
2LI4 395 10.107 0.1715 0.3203
2LI4 396 15.557 0.1573 0.3047
2LI4 397 7.764 0.2778 0.4453
2LI4 398 13.404 0.1737 0.3516
2LI4 399 11.411 0.2059 0.3359
2LI4 400 13.181 0.1567 0.3281
2LI4 401 7.017 0.2836 0.5313
2LI4 402 12.593 0.1839 0.3672
2LI4 403 13.823 0.1716 0.3203
2LI4 404 10.092 0.1879 0.4063
2LI4 405 10.873 0.1994 0.3672
2LI4 406 4.882 0.2923 0.5781
2LI4 407 9.358 0.2108 0.3516
2LI4 408 14.824 0.1879 0.3203
2LI4 409 9.593 0.2217 0.3516
2LI4 410 9.929 0.1852 0.3594
2LI4 411 10.919 0.1874 0.3516
2LI4 412 7.157 0.2372 0.4375
2LI4 413 6.663 0.2882 0.5000
2LI4 414 6.478 0.2482 0.4688
2LI4 415 9.117 0.2327 0.4063
2LI4 416 8.428 0.2702 0.4609
2LI4 417 8.479 0.2786 0.4375
2LI4 418 8.611 0.2433 0.4141
2LI4 419 11.824 0.2131 0.3516
2LI4 420 10.041 0.2620 0.4297
2LI4 421 1.489 0.5636 0.8359
2LI4 422 2.557 0.4188 0.7422
2LI4 423 2.992 0.4050 0.7031
2LI4 424 2.952 0.4000 0.6953
2LI4 425 2.971 0.3868 0.6953
2LI4 426 2.957 0.3852 0.6875
2LI4 427 3.008 0.3832 0.6875
2LI4 428 2.972 0.3890 0.6953
2LI4 429 2.969 0.3913 0.6875
2LI4 430 2.919 0.3894 0.7031
2LI4 431 2.940 0.3881 0.6953
2LI4 432 2.930 0.3964 0.7031
2LI4 433 2.927 0.3927 0.7031
2LI4 434 2.932 0.3934 0.6953
2LI4 435 2.948 0.3908 0.6953
2LI4 436 2.916 0.3952 0.6953
2LI4 437 2.947 0.3920 0.6953
2LI4 438 2.935 0.3944 0.6953
2LI4 439 2.925 0.3952 0.7031
2LI4 440 2.923 0.3940 0.7031
2LI4 441 2.933 0.3905 0.6953
2LI4 442 2.949 0.3891 0.6953
2LI4 443 2.913 0.3921 0.7031
2LI4 444 2.943 0.3938 0.6953
2LI4 445 2.935 0.3901 0.6953
2LI4 446 2.923 0.3902 0.7031
2LI4 447 2.952 0.3883 0.6953
2LI4 448 2.954 0.3895 0.6953
2LI4 449 2.936 0.3922 0.6953
2LI4 450 2.955 0.3879 0.6953
2LI4 451 2.913 0.3958 0.6953
2LI4 452 2.967 0.3844 0.6953
2LI4 453 2.900 0.3911 0.7031
2LI4 454 2.974 0.3881 0.6875
2LI4 455 2.946 0.3928 0.6875
2LI4 456 2.961 0.3863 0.6953
2LI4 457 2.970 0.3907 0.6953
2LI4 458 2.919 0.3917 0.6953
2LI4 459 2.972 0.3893 0.6953
2LI4 460 2.970 0.3897 0.6953
2LI4 461 2.961 0.3872 0.6875
2LI4 462 2.968 0.3928 0.6875
2LI4 463 2.949 0.3878 0.6875
2LI4 464 2.947 0.3872 0.6953
2LI4 465 2.999 0.3833 0.6953
2LI4 466 2.966 0.3874 0.6875
2LI4 467 2.968 0.3871 0.6953
2LI4 468 2.923 0.3891 0.6875
2LI4 469 2.987 0.3896 0.6875
2LI4 470 2.940 0.3893 0.6953
2LI4 471 2.971 0.3849 0.6875
2LI4 472 2.941 0.3914 0.7031
2LI4 473 2.963 0.3964 0.6953
2LI4 474 3.010 0.3822 0.6875
2LI4 475 2.908 0.3990 0.7031
2LI4 476 2.984 0.3870 0.6875
2LI4 477 2.932 0.3930 0.6953
2LI4 478 2.940 0.3911 0.7031
2LI4 479 2.982 0.3888 0.6953
2LI4 480 2.959 0.3858 0.6875
2LI4 481 2.968 0.3885 0.6953
2LI4 482 2.938 0.3917 0.6953
2LI4 483 2.955 0.3890 0.6875
2LI4 484 3.009 0.3881 0.6953
2LI4 485 2.966 0.3992 0.6953
2LI4 486 2.987 0.3852 0.6953
2LI4 487 2.942 0.3883 0.6875
2LI4 488 2.964 0.3860 0.6875
2LI4 489 2.949 0.3915 0.6953
2LI4 490 2.984 0.3866 0.6875
2LI4 491 2.972 0.3871 0.6875
2LI4 492 2.980 0.3900 0.6953
2LI4 493 2.982 0.3809 0.6875
2LI4 494 2.987 0.3863 0.6875
2LI4 495 2.949 0.3803 0.6875
2LI4 496 2.951 0.3933 0.6875
2LI4 497 2.964 0.3824 0.6797
2LI4 498 2.889 0.3900 0.6953
2LI4 499 2.938 0.3885 0.6953
2LI4 500 3.004 0.3910 0.6875
2LI4 501 2.959 0.3839 0.6875
2LI4 502 2.978 0.3913 0.6953
2LI4 503 2.994 0.3877 0.6953
2LI4 504 2.917 0.3879 0.6953
2LI4 505 2.990 0.3892 0.6953
2LI4 506 2.987 0.3860 0.6875
2LI4 507 2.926 0.4002 0.7031
2LI4 508 2.981 0.3854 0.6875
2LI4 509 3.010 0.3842 0.6875
2LI4 510 2.971 0.3871 0.6875
2LI4 511 2.952 0.3994 0.6953
2LI4 512 3.045 0.3781 0.6875
2LI4 513 2.991 0.3870 0.6875
2LI4 514 2.986 0.3852 0.6875
2LI4 515 2.941 0.3947 0.7031
2LI4 516 2.949 0.3928 0.6953
2LI4 517 2.917 0.3948 0.6953
2LI4 518 2.969 0.3936 0.6875
2LI4 519 2.863 0.3892 0.6953
2LI4 520 2.810 0.3987 0.7109
2LI4 521 2.881 0.3880 0.6953
2LI4 522 2.877 0.4046 0.7188
2LI4 523 2.798 0.4124 0.7188
2LI4 524 2.800 0.4002 0.7031
2LI4 525 2.943 0.3900 0.6953
2LI4 526 2.876 0.4050 0.7031
2LI4 527 2.831 0.3956 0.6953
2LI4 528 2.912 0.3954 0.7031
2LI4 529 2.900 0.4129 0.7109
2LI4 530 2.934 0.3865 0.6875
2LI4 531 2.877 0.4091 0.7109
2LI4 532 2.850 0.3935 0.7109
2LI4 533 2.920 0.3882 0.6953
2LI4 534 2.894 0.4168 0.7109
2LI4 535 2.891 0.3948 0.7031
2LI4 536 2.842 0.3974 0.7031
2LI4 537 2.823 0.4041 0.7188
2LI4 538 2.918 0.3995 0.7031
2LI4 539 2.925 0.4044 0.7109
2LI4 540 3.040 0.4007 0.6797
2LI4 541 2.910 0.4042 0.6875
2LI4 542 2.897 0.4129 0.7031
2LI4 543 2.991 0.4214 0.6953
2LI4 544 2.868 0.4122 0.7031
2LI4 545 2.973 0.4101 0.6797
2LI4 546 2.974 0.4163 0.6875
2LI4 547 2.766 0.4237 0.7109
2LI4 548 2.747 0.4329 0.7188
2LI4 549 2.964 0.4121 0.6875
2LI4 550 2.972 0.4263 0.6953
2LI4 551 2.997 0.4117 0.6797
2LI4 552 2.779 0.4293 0.7109
2LI4 553 2.820 0.4240 0.6953
2LI4 554 2.882 0.4097 0.7031
2LI4 555 2.966 0.4085 0.6875
2LI4 556 2.916 0.4088 0.6875
2LI4 557 2.900 0.4245 0.7031
2LI4 558 2.878 0.4350 0.7109
2LI4 559 2.868 0.4174 0.6953
2LI4 560 2.915 0.4159 0.6875
2LI4 561 3.007 0.4133 0.6797
2LI4 562 2.900 0.4211 0.6953
2LI4 563 3.023 0.4045 0.6875
2LI4 564 3.007 0.4097 0.6875
2LI4 565 3.102 0.4032 0.6875
2LI4 566 3.168 0.3840 0.6719
2LI4 567 3.014 0.3992 0.6797
2LI4 568 3.022 0.4026 0.6797
2LI4 569 3.077 0.3932 0.6719
2LI4 570 3.151 0.3887 0.6719
2LI4 571 3.096 0.3795 0.6797
2LI4 572 2.953 0.3916 0.7031
2LI4 573 3.086 0.3852 0.6797
2LI4 574 3.222 0.3797 0.6719
2LI4 575 3.188 0.3592 0.6641
2LI4 576 3.239 0.3685 0.6641
2LI4 577 3.094 0.3683 0.6719
2LI4 578 2.990 0.3779 0.6797
2LI4 579 3.192 0.3600 0.6563
2LI4 580 3.089 0.3759 0.6719
2LI4 581 3.121 0.3713 0.6641
2LI4 582 2.973 0.3794 0.6875
2LI4 583 3.018 0.3795 0.6797
2LI4 584 3.136 0.3736 0.6641
2LI4 585 3.169 0.3744 0.6641
2LI4 586 3.046 0.3709 0.6641
2LI4 587 3.156 0.3515 0.6563
2LI4 588 3.184 0.3476 0.6563
2LI4 589 3.050 0.3774 0.6719
2LI4 590 3.115 0.3700 0.6719
2LI4 591 3.022 0.3798 0.6641
2LI4 592 3.124 0.3758 0.6719
2LI4 593 3.033 0.3823 0.6875
2LI4 594 3.016 0.3995 0.6953
2LI4 595 3.207 0.4020 0.6797
2LI4 596 3.030 0.3957 0.6953
2LI4 597 3.108 0.3848 0.6719
2LI4 598 3.046 0.4059 0.6875
2LI4 599 3.079 0.3922 0.6797
2LI4 600 3.045 0.3861 0.6953
2LI4 601 3.216 0.3828 0.6797
2LI4 602 3.122 0.3890 0.6797
2LI4 603 3.117 0.3696 0.6719
2LI4 604 3.189 0.3704 0.6719
2LI4 605 3.049 0.3743 0.6797
2LI4 606 3.054 0.3900 0.6875
2LI4 607 3.150 0.3821 0.6719
2LI4 608 3.244 0.3767 0.6641
2LI4 609 3.115 0.3734 0.6797
2LI4 610 3.047 0.3849 0.6797
2LI4 611 3.212 0.3641 0.6563
2LI4 612 3.052 0.3734 0.6719
2LI4 613 3.023 0.3724 0.6797
2LI4 614 3.133 0.3722 0.6797
2LI4 615 3.197 0.3651 0.6641
2LI4 616 3.167 0.3643 0.6641
2LI4 617 3.065 0.3906 0.6797
2LI4 618 3.077 0.4076 0.6875
2LI4 619 3.186 0.3625 0.6563
2LI4 620 3.250 0.3624 0.6719
2LI4 621 3.288 0.3629 0.6563
2LI4 622 3.249 0.3600 0.6563
2LI4 623 3.302 0.3414 0.6641
2LI4 624 3.282 0.3605 0.6484
2LI4 625 3.340 0.3593 0.6563
2LI4 626 3.200 0.3760 0.6797
2LI4 627 3.338 0.3337 0.6719
2LI4 628 3.320 0.3438 0.6641
2LI4 629 3.204 0.3527 0.6641
2LI4 630 3.325 0.3507 0.6563
2LI4 631 3.240 0.3718 0.6719
2LI4 632 3.354 0.3604 0.6719
2LI4 633 3.295 0.3735 0.6719
2LI4 634 3.263 0.3814 0.6719
2LI4 635 3.265 0.3824 0.6875
2LI4 636 3.212 0.3798 0.6719
2LI4 637 3.341 0.3781 0.6719
2LI4 638 3.167 0.3764 0.6719
2LI4 639 3.286 0.3648 0.6719
2LI4 640 3.239 0.3621 0.6641
2LI4 641 3.293 0.3388 0.6563
2LI4 642 3.282 0.3693 0.6719
2LI4 643 3.299 0.3764 0.6641
2LI4 644 3.134 0.3511 0.6797
2LI4 645 3.197 0.3668 0.6719
2LI4 646 3.150 0.3678 0.6641
2LI4 647 3.272 0.3643 0.6641
2LI4 648 3.308 0.3560 0.6719
2LI4 649 3.263 0.3629 0.6719
2LI4 650 3.194 0.3963 0.7109
2LI4 651 3.241 0.3888 0.6719
2LI4 652 3.191 0.3552 0.6641
2LI4 653 3.256 0.3589 0.6719
2LI4 654 3.179 0.3995 0.6953
2LI4 655 3.210 0.3927 0.6719
2LI4 656 3.247 0.3696 0.6719
2LI4 657 3.367 0.3462 0.6641
2LI4 658 3.178 0.3725 0.6719
2LI4 659 3.213 0.3551 0.6719
2LI4 660 3.304 0.3598 0.6719
2LI4 661 3.332 0.3688 0.6719
2LI4 662 3.307 0.3582 0.6563
2LI4 663 3.242 0.3871 0.6875
2LI4 664 3.184 0.4084 0.7109
2LI4 665 3.301 0.3781 0.6719
2LI4 666 3.312 0.3655 0.6641
2LI4 667 3.189 0.3505 0.6719
2LI4 668 3.215 0.3690 0.6797
2LI4 669 3.300 0.3751 0.6797
2LI4 670 3.262 0.3761 0.6719
2LI4 671 3.288 0.3866 0.7031
2LI4 672 3.298 0.3776 0.6797
2LI4 673 3.370 0.3509 0.6641
2LI4 674 3.344 0.3829 0.6797
2LI4 675 3.272 0.3904 0.6797
2LI4 676 3.285 0.3882 0.6719
2LI4 677 3.244 0.3596 0.6641
2LI4 678 3.369 0.3481 0.6641
2LI4 679 3.340 0.3440 0.6563
2LI4 680 3.203 0.3932 0.6875
2LI4 681 3.290 0.3760 0.6719
2LI4 682 3.288 0.3655 0.6719
2LI4 683 3.248 0.3742 0.6875
2LI4 684 3.334 0.3642 0.6641
2LI4 685 3.424 0.3773 0.6563
2LI4 686 3.388 0.3522 0.6641
2LI4 687 3.438 0.3707 0.6875
2LI4 688 3.408 0.3875 0.6953
2LI4 689 3.354 0.3732 0.6797
2LI4 690 3.293 0.3817 0.6875
2LI4 691 3.388 0.3553 0.6563
2LI4 692 3.359 0.3776 0.6875
2LI4 693 3.300 0.3843 0.6797
2LI4 694 3.234 0.3864 0.6719
2LI4 695 3.296 0.3878 0.6875
2LI4 696 3.209 0.3759 0.6797
2LI4 697 3.342 0.3774 0.6797
2LI4 698 3.348 0.3815 0.6953
2LI4 699 3.286 0.3751 0.6875
2LI4 700 3.402 0.3573 0.6797
2LI4 701 3.256 0.3692 0.6719
2LI4 702 3.307 0.3393 0.6641
2LI4 703 3.189 0.3663 0.6797
2LI4 704 3.332 0.3961 0.6875
2LI4 705 3.330 0.3697 0.6797
2LI4 706 3.246 0.3810 0.6797
2LI4 707 3.195 0.4042 0.6953
2LI4 708 3.214 0.4117 0.7188
2LI4 709 3.244 0.3657 0.6719
2LI4 710 3.349 0.3224 0.6641
2LI4 711 3.324 0.3542 0.6719
2LI4 712 3.321 0.3987 0.6953
2LI4 713 3.285 0.3869 0.6797
2LI4 714 3.275 0.3213 0.6641
2LI4 715 3.450 0.3382 0.6563
2LI4 716 3.222 0.3492 0.6641
2LI4 717 3.269 0.3853 0.6719
2LI4 718 3.308 0.3751 0.6875
2LI4 719 3.370 0.3638 0.6563
2LI4 720 3.278 0.3571 0.6797
2LI4 721 3.343 0.3692 0.6797
2LI4 722 3.246 0.3857 0.6719
2LI4 723 3.338 0.3599 0.6797
2LI4 724 3.407 0.3591 0.6719
2LI4 725 3.196 0.3915 0.6875
2LI4 726 3.265 0.3901 0.6953
2LI4 727 3.276 0.3885 0.6875
2LI4 728 3.206 0.3743 0.6797
2LI4 729 3.310 0.3763 0.6797
2LI4 730 3.445 0.3841 0.6641
2LI4 731 3.295 0.4176 0.7109
2LI4 732 3.208 0.3958 0.6953
2LI4 733 3.306 0.3832 0.6875
2LI4 734 3.325 0.3544 0.6719
2LI4 735 3.348 0.3745 0.6797
2LI4 736 3.313 0.3714 0.6797
2LI4 737 3.331 0.3919 0.6875
2LI4 738 3.315 0.3696 0.6719
2LI4 739 3.222 0.3771 0.6719
2LI4 740 3.383 0.3717 0.6953
2LI4 741 3.311 0.3669 0.6719
2LI4 742 3.263 0.3765 0.6797
2LI4 743 3.287 0.3535 0.6641
2LI4 744 3.504 0.3452 0.6641
2LI4 745 3.226 0.3786 0.6719
2LI4 746 3.338 0.3895 0.6953
2LI4 747 3.298 0.3820 0.6797
2LI4 748 3.233 0.3897 0.6875
2LI4 749 3.361 0.3717 0.6797
2LI4 750 3.383 0.3797 0.6953
2LI4 751 3.413 0.3431 0.6563
2LI4 752 3.305 0.3667 0.6719
2LI4 753 3.328 0.3539 0.6563
2LI4 754 3.405 0.3904 0.6875
2LI4 755 3.461 0.3678 0.6719
2LI4 756 3.636 0.4024 0.7109
2LI4 757 3.262 0.3954 0.6953
2LI4 758 3.148 0.4064 0.7031
2LI4 759 3.341 0.3976 0.6953
2LI4 760 3.386 0.3651 0.6641
2LI4 761 3.427 0.3703 0.6641
2LI4 762 3.229 0.3537 0.6641
2LI4 763 3.236 0.3632 0.6719
2LI4 764 3.535 0.3563 0.6563
2LI4 765 3.196 0.3765 0.6641
2LI4 766 3.403 0.3783 0.6875
2LI4 767 3.104 0.4095 0.7031
2LI4 768 3.028 0.4125 0.7109
2LI4 769 3.361 0.3993 0.6953
2LI4 770 3.431 0.3586 0.6797
2LI4 771 3.127 0.3800 0.6797
2LI4 772 3.201 0.3664 0.6719
2LI4 773 3.292 0.3714 0.6719
2LI4 774 3.420 0.3635 0.6797
2LI4 775 3.320 0.3735 0.6719
2LI4 776 3.483 0.3743 0.6719
2LI4 777 3.253 0.3700 0.6797
2LI4 778 3.243 0.3925 0.6875
2LI4 779 3.477 0.3917 0.6953
2LI4 780 3.234 0.3961 0.6875
2LI4 781 3.382 0.3733 0.6641
2LI4 782 3.543 0.3802 0.6719
2LI4 783 3.585 0.3747 0.6641
2LI4 784 3.485 0.3641 0.6641
2LI4 785 3.181 0.4131 0.7031
2LI4 786 3.441 0.3822 0.6875
2LI4 787 3.483 0.3798 0.6797
2LI4 788 3.744 0.3353 0.6484
2LI4 789 3.582 0.3496 0.6563
2LI4 790 3.237 0.4287 0.7109
2LI4 791 3.420 0.3571 0.6641
2LI4 792 3.579 0.3443 0.6484
2LI4 793 3.387 0.3590 0.6797
2LI4 794 3.252 0.3806 0.6719
2LI4 795 3.141 0.4219 0.7031
2LI4 796 3.414 0.3617 0.6641
2LI4 797 3.378 0.3595 0.6484
2LI4 798 3.350 0.3507 0.6797
2LI4 799 3.356 0.3491 0.6563
2LI4 800 3.196 0.3621 0.6641
2LI4 801 3.527 0.3632 0.6641
2LI4 802 3.428 0.3238 0.6406
2LI4 803 3.422 0.3730 0.6719
2LI4 804 3.342 0.3566 0.6641
2LI4 805 3.481 0.3543 0.6563
2LI4 806 3.407 0.3378 0.6563
2LI4 807 3.294 0.3591 0.6719
2LI4 808 3.357 0.4058 0.6875
2LI4 809 3.342 0.3692 0.6641
2LI4 810 3.336 0.3643 0.6563
2LI4 811 3.423 0.3702 0.6641
2LI4 812 3.508 0.3422 0.6641
2LI4 813 3.511 0.3614 0.6641
2LI4 814 3.515 0.3767 0.6875
2LI4 815 3.261 0.3972 0.6875
2LI4 816 3.509 0.3593 0.6563
2LI4 817 3.319 0.3855 0.6875
2LI4 818 3.464 0.3852 0.6797
2LI4 819 3.445 0.3702 0.6719
2LI4 820 3.382 0.3963 0.6953
2LI4 821 3.450 0.3551 0.6719
2LI4 822 3.421 0.3839 0.6875
2LI4 823 3.351 0.4002 0.6875
2LI4 824 3.444 0.3752 0.6719
2LI4 825 3.257 0.3619 0.6641
2LI4 826 3.307 0.3586 0.6563
2LI4 827 3.448 0.3988 0.6953
2LI4 828 3.293 0.4036 0.6953
2LI4 829 3.240 0.4047 0.6953
2LI4 830 3.506 0.3819 0.6875
2LI4 831 3.384 0.3734 0.6875
2LI4 832 3.138 0.3857 0.6797
2LI4 833 3.185 0.3836 0.6875
2LI4 834 3.353 0.3601 0.6719
2LI4 835 3.388 0.4204 0.7109
2LI4 836 3.399 0.3796 0.6797
2LI4 837 3.241 0.4047 0.6875
2LI4 838 3.305 0.3885 0.6875
2LI4 839 3.444 0.3701 0.6641
2LI4 840 3.335 0.3734 0.6875
2LI4 841 3.362 0.3845 0.6875
2LI4 842 3.348 0.3980 0.6953
2LI4 843 3.377 0.3918 0.6875
2LI4 844 3.448 0.3808 0.6797
2LI4 845 3.438 0.3759 0.6797
2LI4 846 3.504 0.3734 0.6797
2LI4 847 3.397 0.4040 0.7031
2LI4 848 3.507 0.3629 0.6719
2LI4 849 3.418 0.4021 0.6797
2LI4 850 3.342 0.3803 0.6797
2LI4 851 3.568 0.3863 0.6953
2LI4 852 3.439 0.3534 0.6563
2LI4 853 3.456 0.3583 0.6641
2LI4 854 3.339 0.3902 0.6797
2LI4 855 3.424 0.3894 0.6797
2LI4 856 3.208 0.4063 0.7031
2LI4 857 3.334 0.3295 0.6563
2LI4 858 3.245 0.3234 0.6484
2LI4 859 3.505 0.3453 0.6563
2LI4 860 3.513 0.3920 0.6875
2LI4 861 3.328 0.3612 0.6641
2LI4 862 3.615 0.3244 0.6406
2LI4 863 3.457 0.3744 0.6641
2LI4 864 3.299 0.3905 0.6797
2LI4 865 3.454 0.4121 0.7031
2LI4 866 3.142 0.4287 0.7109
2LI4 867 3.457 0.4091 0.7031
2LI4 868 3.396 0.4024 0.7109
2LI4 869 3.220 0.3791 0.6797
2LI4 870 3.439 0.3654 0.6719
2LI4 871 3.545 0.3361 0.6563
2LI4 872 3.459 0.3273 0.6484
2LI4 873 3.276 0.3447 0.6641
2LI4 874 3.492 0.3694 0.6641
2LI4 875 3.234 0.3729 0.6875
2LI4 876 3.268 0.3641 0.6641
2LI4 877 3.398 0.3781 0.6797
2LI4 878 3.420 0.3759 0.6719
2LI4 879 3.403 0.3414 0.6641
2LI4 880 3.164 0.3448 0.6563
2LI4 881 3.424 0.3564 0.6484
2LI4 882 3.538 0.3512 0.6641
2LI4 883 3.594 0.3723 0.6719
2LI4 884 3.436 0.3530 0.6797
2LI4 885 3.376 0.3739 0.6797
2LI4 886 3.467 0.3730 0.6797
2LI4 887 3.509 0.3747 0.6797
2LI4 888 3.404 0.3804 0.6875
2LI4 889 3.531 0.3288 0.6641
2LI4 890 3.406 0.3487 0.6484
2LI4 891 3.483 0.3647 0.6641
2LI4 892 3.345 0.3755 0.6719
2LI4 893 3.229 0.4195 0.6875
2LI4 894 3.115 0.4279 0.7031
2LI4 895 3.215 0.4400 0.7109
2LI4 896 3.420 0.3670 0.6797
2LI4 897 3.086 0.4332 0.7344
2LI4 898 3.244 0.3946 0.6953
2LI4 899 3.373 0.3837 0.6719
2LI4 900 3.240 0.3992 0.6719
2LI4 901 3.112 0.3646 0.6719
2LI4 902 3.483 0.3249 0.6484
2LI4 903 3.286 0.3404 0.6563
2LI4 904 3.387 0.3430 0.6406
2LI4 905 3.408 0.3595 0.6563
2LI4 906 3.258 0.3976 0.6797
2LI4 907 3.552 0.3547 0.6641
2LI4 908 3.615 0.3360 0.6484
2LI4 909 3.469 0.3340 0.6328
2LI4 910 3.371 0.3364 0.6484
2LI4 911 3.572 0.3474 0.6484
2LI4 912 3.321 0.3658 0.6484
2LI4 913 3.484 0.3309 0.6250
2LI4 914 3.281 0.3776 0.6563
2LI4 915 3.382 0.3650 0.6484
2LI4 916 3.211 0.3377 0.6484
2LI4 917 3.616 0.3173 0.6328
2LI4 918 3.390 0.3436 0.6484
2LI4 919 3.092 0.3604 0.6797
2LI4 920 3.332 0.3659 0.6563
2LI4 921 3.355 0.3584 0.6719
2LI4 922 3.165 0.3609 0.6484
2LI4 923 3.583 0.3398 0.6563
2LI4 924 3.427 0.3481 0.6484
2LI4 925 3.262 0.3448 0.6563
2LI4 926 3.445 0.3795 0.6563
2LI4 927 3.295 0.3807 0.6797
2LI4 928 3.259 0.3544 0.6563
2LI4 929 3.567 0.3638 0.6484
2LI4 930 3.367 0.3637 0.6563
2LI4 931 3.425 0.3592 0.6484
2LI4 932 3.436 0.3572 0.6484
2LI4 933 3.452 0.3481 0.6484
2LI4 934 3.391 0.3293 0.6563
2LI4 935 3.332 0.3596 0.6484
2LI4 936 3.411 0.3394 0.6406
2LI4 937 3.383 0.3633 0.6563
2LI4 938 3.332 0.3859 0.6797
2LI4 939 3.488 0.3435 0.6406
2LI4 940 3.514 0.3233 0.6406
2LI4 941 3.533 0.3347 0.6484
2LI4 942 3.264 0.3727 0.6484
2LI4 943 3.391 0.3502 0.6406
2LI4 944 3.177 0.4068 0.6719
2LI4 945 3.431 0.3659 0.6406
2LI4 946 3.436 0.3615 0.6563
2LI4 947 3.275 0.3572 0.6641
2LI4 948 3.382 0.3529 0.6484
2LI4 949 3.458 0.3346 0.6406
2LI4 950 3.333 0.3339 0.6406
2LI4 951 3.500 0.3396 0.6250
2LI4 952 3.716 0.3105 0.6172
2LI4 953 3.217 0.3540 0.6484
2LI4 954 3.456 0.3484 0.6484
2LI4 955 3.383 0.3436 0.6328
2LI4 956 3.307 0.3351 0.6406
2LI4 957 3.300 0.3714 0.6563
2LI4 958 3.172 0.3610 0.6484
2LI4 959 3.030 0.3522 0.6641
2LI4 960 3.274 0.3475 0.6563
2LI4 961 3.146 0.3798 0.6719
2LI4 962 3.348 0.3751 0.6484
2LI4 963 3.518 0.3624 0.6328
2LI4 964 3.136 0.3503 0.6406
2LI4 965 3.302 0.3470 0.6484
2LI4 966 3.102 0.3676 0.6484
2LI4 967 3.403 0.3335 0.6406
2LI4 968 3.395 0.3492 0.6406
2LI4 969 3.180 0.3569 0.6484
2LI4 970 3.207 0.3513 0.6641
2LI4 971 3.195 0.3653 0.6719
2LI4 972 3.154 0.3451 0.6484
2LI4 973 2.962 0.3751 0.6875
2LI4 974 3.245 0.3412 0.6563
2LI4 975 3.416 0.3398 0.6328
2LI4 976 3.200 0.3740 0.6563
2LI4 977 3.298 0.3641 0.6563
2LI4 978 3.351 0.3447 0.6719
2LI4 979 3.235 0.3949 0.6875
2LI4 980 3.293 0.3879 0.6641
2LI4 981 3.370 0.3438 0.6641
2LI4 982 2.814 0.4144 0.7188
2LI4 983 3.093 0.4087 0.6797
2LI4 984 3.321 0.3821 0.6563
2LI4 985 3.091 0.4806 0.7344
2LI4 986 3.379 0.3883 0.6797
2LI4 987 3.450 0.3548 0.6563
2LI4 988 3.414 0.3983 0.6641
2LI4 989 3.290 0.3642 0.6563
2LI4 990 3.173 0.3997 0.6719
2LI4 991 3.328 0.4002 0.6797
2LI4 992 3.521 0.3783 0.6641
2LI4 993 3.448 0.4105 0.6797
2LI4 994 3.332 0.3787 0.6875
2LI4 995 2.983 0.4230 0.7109
2LI4 996 3.340 0.3824 0.6797
2LI4 997 3.401 0.3999 0.6797
2LI4 998 3.375 0.4076 0.6797
2LI4 999 3.257 0.4239 0.7031
2LI4 1000 3.436 0.3943 0.6797
2LI4 1001 3.238 0.4194 0.6797
2LI4 1002 3.421 0.4253 0.6797
2LI4 1003 3.245 0.4321 0.6875
2LI4 1004 3.203 0.4186 0.6953
2LI4 1005 3.330 0.4228 0.7109
2LI4 1006 3.316 0.4149 0.6875
2LI4 1007 3.294 0.4274 0.7109
2LI4 1008 3.163 0.4118 0.6875
2LI4 1009 3.262 0.3946 0.6875
2LI4 1010 3.585 0.4069 0.6719
2LI4 1011 3.396 0.4206 0.6953
2LI4 1012 3.015 0.4170 0.6953
2LI4 1013 3.111 0.4493 0.7188
2LI4 1014 3.460 0.3893 0.6797
2LI4 1015 3.147 0.4010 0.6797
2LI4 1016 3.358 0.3601 0.6641
2LI4 1017 3.336 0.3848 0.6641
2LI4 1018 3.677 0.3647 0.6563
2LI4 1019 3.494 0.3923 0.6719
2LI4 1020 3.328 0.3815 0.6719
2LI4 1021 3.637 0.3779 0.6563
2LI4 1022 3.590 0.4037 0.6797
2LI4 1023 3.733 0.3867 0.6641
2LI4 1024 3.476 0.3795 0.6641
2LI4 1025 3.286 0.3982 0.6875
2LI4 1026 3.348 0.3748 0.6641
2LI4 1027 3.783 0.3778 0.6484
2LI4 1028 3.707 0.3671 0.6563
2LI4 1029 3.420 0.3827 0.6719
2LI4 1030 3.191 0.3743 0.6719
2LI4 1031 3.017 0.4334 0.7188
2LI4 1032 3.579 0.3760 0.6641
2LI4 1033 3.958 0.3350 0.6406
2LI4 1034 3.523 0.3824 0.6641
2LI4 1035 3.588 0.3519 0.6641
2LI4 1036 3.448 0.3796 0.6719
2LI4 1037 3.349 0.3953 0.6953
2LI4 1038 3.689 0.3742 0.6641
2LI4 1039 3.818 0.3590 0.6406
2LI4 1040 3.346 0.3993 0.6875
2LI4 1041 3.423 0.4419 0.7188
2LI4 1042 3.340 0.4291 0.7031
2LI4 1043 3.332 0.4077 0.6953
2LI4 1044 3.558 0.3757 0.6797
2LI4 1045 3.643 0.3718 0.6641
2LI4 1046 3.535 0.3850 0.6719
2LI4 1047 3.543 0.3983 0.6797
2LI4 1048 3.519 0.3872 0.6797
2LI4 1049 3.460 0.3777 0.6719
2LI4 1050 3.480 0.3562 0.6563
2LI4 1051 3.533 0.3375 0.6484
2LI4 1052 3.424 0.3894 0.6797
2LI4 1053 3.316 0.3986 0.6875
2LI4 1054 3.153 0.3588 0.6484
2LI4 1055 3.295 0.3396 0.6484
2LI4 1056 3.431 0.3872 0.6563
2LI4 1057 3.218 0.4018 0.6953
2LI4 1058 3.261 0.3782 0.6719
2LI4 1059 3.448 0.3543 0.6641
2LI4 1060 3.296 0.3679 0.6641
2LI4 1061 3.373 0.3461 0.6641
2LI4 1062 3.289 0.3614 0.6563
2LI4 1063 3.436 0.3647 0.6563
2LI4 1064 3.248 0.3274 0.6563
2LI4 1065 3.438 0.3367 0.6484
2LI4 1066 3.482 0.3088 0.6406
2LI4 1067 3.497 0.3524 0.6484
2LI4 1068 3.422 0.3560 0.6406
2LI4 1069 3.013 0.3550 0.6484
2LI4 1070 3.058 0.3507 0.6719
2LI4 1071 2.989 0.3940 0.6641
2LI4 1072 2.992 0.3802 0.6953
2LI4 1073 3.240 0.3480 0.6797
2LI4 1074 3.228 0.3706 0.6641
2LI4 1075 3.398 0.3317 0.6172
2LI4 1076 3.327 0.3561 0.6484
2LI4 1077 3.189 0.3716 0.6875
2LI4 1078 3.090 0.3473 0.6406
2LI4 1079 3.529 0.3332 0.6406
2LI4 1080 3.220 0.3497 0.6875
2LI4 1081 3.577 0.3383 0.6328
2LI4 1082 3.002 0.3692 0.6875
2LI4 1083 3.288 0.3481 0.6484
2LI4 1084 3.499 0.3289 0.6484
2LI4 1085 3.327 0.3644 0.6797
2LI4 1086 3.543 0.3666 0.6484
2LI4 1087 3.306 0.3239 0.6484
2LI4 1088 3.494 0.3264 0.6484
2LI4 1089 3.212 0.3635 0.6641
2LI4 1090 3.163 0.4072 0.6875
2LI4 1091 3.406 0.3701 0.6484
2LI4 1092 3.784 0.3096 0.6250
2LI4 1093 3.632 0.3197 0.6172
2LI4 1094 3.315 0.3215 0.6563
2LI4 1095 3.393 0.3308 0.6484
2LI4 1096 3.376 0.3396 0.6484
2LI4 1097 3.232 0.3407 0.6484
2LI4 1098 3.515 0.3081 0.6328
2LI4 1099 3.409 0.3432 0.6563
2LI4 1100 3.362 0.3288 0.6406
2LI4 1101 3.414 0.3426 0.6641
2LI4 1102 3.231 0.3662 0.6719
2LI4 1103 3.272 0.3652 0.6719
2LI4 1104 3.515 0.3263 0.6406
2LI4 1105 3.652 0.3272 0.6563
2LI4 1106 3.586 0.2997 0.6328
2LI4 1107 3.493 0.3584 0.6641
2LI4 1108 3.707 0.3374 0.6406
2LI4 1109 3.452 0.3430 0.6406
2LI4 1110 3.443 0.3329 0.6563
2LI4 1111 3.302 0.3173 0.6406
2LI4 1112 3.281 0.3863 0.6719
2LI4 1113 3.322 0.3772 0.6484
2LI4 1114 3.536 0.3156 0.6484
2LI4 1115 3.419 0.3522 0.6641
2LI4 1116 3.177 0.3442 0.6641
2LI4 1117 3.111 0.3717 0.6641
2LI4 1118 3.003 0.3539 0.6797
2LI4 1119 3.300 0.3501 0.6719
2LI4 1120 3.263 0.3733 0.6875
2LI4 1121 3.560 0.3356 0.6484
2LI4 1122 3.225 0.3657 0.6875
2LI4 1123 3.217 0.3280 0.6563
2LI4 1124 3.390 0.3621 0.6563
2LI4 1125 3.067 0.3937 0.6953
2LI4 1126 3.317 0.3586 0.6797
2LI4 1127 3.203 0.3812 0.6797
2LI4 1128 3.176 0.3996 0.6875
2LI4 1129 3.116 0.4228 0.7031
2LI4 1130 3.377 0.3725 0.6875
2LI4 1131 3.367 0.3731 0.6719
2LI4 1132 3.504 0.3515 0.6484
2LI4 1133 3.506 0.3526 0.6406
2LI4 1134 3.795 0.3187 0.6328
2LI4 1135 3.442 0.3730 0.6641
2LI4 1136 3.717 0.3715 0.6563
2LI4 1137 3.381 0.4088 0.6797
2LI4 1138 3.644 0.3640 0.6641
2LI4 1139 3.570 0.3718 0.6719
2LI4 1140 3.332 0.3725 0.6875
2LI4 1141 3.740 0.3758 0.6563
2LI4 1142 3.633 0.3817 0.6797
2LI4 1143 3.462 0.3472 0.6406
2LI4 1144 3.198 0.3718 0.6797
2LI4 1145 3.122 0.4242 0.6797
2LI4 1146 2.809 0.4290 0.7188
2LI4 1147 2.847 0.4143 0.7031
2LI4 1148 3.136 0.3867 0.6797
2LI4 1149 3.443 0.3785 0.6641
2LI4 1150 3.152 0.4532 0.7109
2LI4 1151 3.172 0.3876 0.6719
2LI4 1152 3.375 0.3791 0.6875
2LI4 1153 3.255 0.3930 0.6641
2LI4 1154 3.495 0.3459 0.6484
2LI4 1155 3.412 0.3727 0.6563
2LI4 1156 3.527 0.3550 0.6563
2LI4 1157 3.372 0.4041 0.6797
2LI4 1158 3.520 0.3878 0.6719
2LI4 1159 3.519 0.3433 0.6406
2LI4 1160 3.284 0.4032 0.6875
2LI4 1161 3.270 0.3742 0.6719
2LI4 1162 2.897 0.3898 0.6719
2LI4 1163 2.822 0.4128 0.6875
2LI4 1164 3.040 0.3788 0.6719
2LI4 1165 2.868 0.4195 0.6875
2LI4 1166 3.085 0.3904 0.6953
2LI4 1167 2.896 0.4335 0.7109
2LI4 1168 2.564 0.4716 0.7344
2LI4 1169 2.750 0.4182 0.6953
2LI4 1170 2.873 0.4393 0.7109
2LI4 1171 2.828 0.4606 0.7266
2LI4 1172 2.762 0.4270 0.7422
2LI4 1173 2.856 0.3802 0.6953
2LI4 1174 2.964 0.4627 0.7344
2LI4 1175 2.800 0.4724 0.7422
2LI4 1176 2.692 0.4500 0.7422
2LI4 1177 3.013 0.4051 0.6875
2LI4 1178 2.754 0.4513 0.7031
2LI4 1179 2.533 0.4631 0.7422
2LI4 1180 2.987 0.4314 0.7109
2LI4 1181 2.845 0.4180 0.7109
2LI4 1182 2.725 0.4484 0.7422
2LI4 1183 2.595 0.4381 0.7266
2LI4 1184 2.749 0.4259 0.7109
2LI4 1185 2.883 0.4079 0.6875
2LI4 1186 2.647 0.4524 0.7266
2LI4 1187 2.679 0.4311 0.7188
2LI4 1188 2.618 0.4235 0.7266
2LI4 1189 2.600 0.4255 0.7266
2LI4 1190 2.792 0.4162 0.7031
2LI4 1191 2.784 0.4409 0.7031
2LI4 1192 2.761 0.4114 0.6875
2LI4 1193 2.630 0.4241 0.7266
2LI4 1194 2.623 0.4633 0.7422
2LI4 1195 2.868 0.3950 0.6797
2LI4 1196 2.714 0.4388 0.7344
2LI4 1197 2.850 0.4202 0.7031
2LI4 1198 2.755 0.4376 0.7344
2LI4 1199 2.923 0.4259 0.6875
2LI4 1200 2.839 0.4099 0.6875
2LI4 1201 3.113 0.4260 0.6953
2LI4 1202 2.878 0.4281 0.7109
2LI4 1203 2.741 0.4203 0.6953
2LI4 1204 3.268 0.4287 0.6953
2LI4 1205 2.941 0.4566 0.7266
2LI4 1206 3.024 0.4051 0.6797
2LI4 1207 2.949 0.4520 0.7031
2LI4 1208 3.143 0.4252 0.6797
2LI4 1209 3.122 0.4668 0.7109
2LI4 1210 2.614 0.4524 0.7188
2LI4 1211 3.041 0.4331 0.6953
2LI4 1212 2.759 0.4776 0.7344
2LI4 1213 2.761 0.4568 0.7266
2LI4 1214 3.016 0.4212 0.6953
2LI4 1215 2.824 0.4511 0.7031
2LI4 1216 3.223 0.4031 0.6953
2LI4 1217 2.691 0.4260 0.7031
2LI4 1218 2.459 0.4484 0.7422
2LI4 1219 2.986 0.4361 0.7031
2LI4 1220 3.150 0.4078 0.6875
2LI4 1221 2.688 0.4303 0.7109
2LI4 1222 2.530 0.4627 0.7344
2LI4 1223 2.901 0.4199 0.7188
2LI4 1224 2.654 0.4564 0.7422
2LI4 1225 2.612 0.4266 0.7188
2LI4 1226 2.863 0.4313 0.7109
2LI4 1227 2.954 0.4404 0.7031
2LI4 1228 2.987 0.4450 0.7031
2LI4 1229 2.929 0.3778 0.6875
2LI4 1230 2.855 0.4476 0.7109
2LI4 1231 2.649 0.4700 0.7422
2LI4 1232 2.921 0.4162 0.6953
2LI4 1233 2.804 0.4017 0.6719
2LI4 1234 2.673 0.4775 0.7422
2LI4 1235 3.070 0.4842 0.7422
2LI4 1236 2.602 0.4615 0.7266
2LI4 1237 2.919 0.4454 0.7109
2LI4 1238 3.059 0.4655 0.7188
2LI4 1239 2.761 0.4609 0.7188
2LI4 1240 2.642 0.4336 0.7109
2LI4 1241 2.647 0.4195 0.6953
2LI4 1242 2.862 0.4206 0.7031
2LI4 1243 2.753 0.4115 0.6797
2LI4 1244 2.581 0.4427 0.7266
2LI4 1245 2.786 0.3863 0.6875
2LI4 1246 2.525 0.4362 0.7188
2LI4 1247 2.454 0.4409 0.7344
2LI4 1248 2.511 0.4143 0.7188
2LI4 1249 2.516 0.4027 0.6953
2LI4 1250 2.542 0.4073 0.7188
2LI4 1251 2.250 0.4249 0.7500
2LI4 1252 2.526 0.4499 0.7266
2LI4 1253 2.527 0.4510 0.7109
2LI4 1254 2.559 0.4310 0.7188
2LI4 1255 2.926 0.3737 0.6719
2LI4 1256 2.819 0.3848 0.6719
2LI4 1257 2.660 0.3860 0.6797
2LI4 1258 2.691 0.3862 0.6953
2LI4 1259 2.887 0.4014 0.6797
2LI4 1260 2.383 0.4364 0.7188
2LI4 1261 3.071 0.4014 0.6875
2LI4 1262 3.136 0.3905 0.6875
2LI4 1263 2.941 0.3997 0.6797
2LI4 1264 3.190 0.3936 0.6797
2LI4 1265 3.425 0.4353 0.7031
2LI4 1266 2.903 0.4137 0.7031
2LI4 1267 2.714 0.4610 0.7422
2LI4 1268 3.196 0.4291 0.6875
2LI4 1269 3.307 0.4045 0.6953
2LI4 1270 3.090 0.4180 0.6875
2LI4 1271 2.966 0.4386 0.7109
2LI4 1272 3.233 0.4547 0.7031
2LI4 1273 3.124 0.4162 0.7031
2LI4 1274 2.544 0.4655 0.7344
2LI4 1275 2.850 0.3991 0.6875
2LI4 1276 2.849 0.3904 0.6719
2LI4 1277 2.921 0.4302 0.6953
2LI4 1278 2.961 0.4074 0.6797
2LI4 1279 2.943 0.4573 0.7422
2LI4 1280 3.222 0.4504 0.7109
2LI4 1281 2.966 0.4206 0.7031
2LI4 1282 2.949 0.4468 0.7031
2LI4 1283 3.207 0.4315 0.7109
2LI4 1284 3.363 0.4186 0.6797
2LI4 1285 2.956 0.4331 0.7031
2LI4 1286 3.169 0.4092 0.6875
2LI4 1287 3.017 0.4119 0.6875
2LI4 1288 2.807 0.4706 0.7266
2LI4 1289 3.017 0.4293 0.7266
2LI4 1290 3.167 0.4090 0.6953
2LI4 1291 3.002 0.3820 0.6719
2LI4 1292 2.807 0.4246 0.6953
2LI4 1293 2.663 0.4445 0.7266
2LI4 1294 2.948 0.3990 0.6797
2LI4 1295 3.088 0.4128 0.6875
2LI4 1296 2.766 0.3952 0.6875
2LI4 1297 2.538 0.4797 0.7422
2LI4 1298 2.667 0.4763 0.7500
2LI4 1299 2.967 0.4258 0.7031
2LI4 1300 2.942 0.3883 0.6953
2LI4 1301 2.790 0.4264 0.7109
2LI4 1302 3.027 0.4440 0.7188
2LI4 1303 2.788 0.4263 0.7031
2LI4 1304 2.715 0.4238 0.6953
2LI4 1305 2.924 0.3565 0.6641
2LI4 1306 2.825 0.4029 0.6875
2LI4 1307 2.825 0.4192 0.7031
2LI4 1308 2.927 0.4210 0.7031
2LI4 1309 2.527 0.4705 0.7266
2LI4 1310 2.612 0.4634 0.7188
2LI4 1311 2.379 0.4662 0.7578
2LI4 1312 3.067 0.3912 0.6641
2LI4 1313 3.091 0.4622 0.7266
2LI4 1314 2.443 0.4522 0.7422
2LI4 1315 2.740 0.3717 0.6953
2LI4 1316 2.817 0.3865 0.6797
2LI4 1317 3.090 0.3851 0.6719
2LI4 1318 3.029 0.4130 0.6797
2LI4 1319 2.895 0.4356 0.7109
2LI4 1320 2.534 0.4429 0.7188
2LI4 1321 2.902 0.4389 0.7266
2LI4 1322 3.019 0.4006 0.6953
2LI4 1323 2.952 0.3772 0.6797
2LI4 1324 2.854 0.4115 0.7031
2LI4 1325 2.700 0.4184 0.7031
2LI4 1326 2.728 0.4764 0.7266
2LI4 1327 2.643 0.4492 0.7188
2LI4 1328 2.862 0.4288 0.7031
2LI4 1329 2.666 0.4781 0.7344
2LI4 1330 2.570 0.4229 0.7344
2LI4 1331 2.808 0.4393 0.7109
2LI4 1332 2.874 0.4250 0.6953
2LI4 1333 2.810 0.4516 0.7266
2LI4 1334 2.899 0.4811 0.7344
2LI4 1335 2.707 0.3972 0.7031
2LI4 1336 3.222 0.4339 0.6953
2LI4 1337 2.849 0.4816 0.7344
2LI4 1338 3.140 0.4017 0.6953
2LI4 1339 2.791 0.4076 0.6953
2LI4 1340 2.534 0.3892 0.7109
2LI4 1341 2.616 0.4414 0.7500
2LI4 1342 2.979 0.4416 0.7109
2LI4 1343 2.842 0.4435 0.7500
2LI4 1344 2.651 0.4499 0.7266
