2JWV 1 0.000 1.0000 1.0000
2JWV 2 2.690 0.5744 0.8190
2JWV 3 1.160 0.5956 0.9052
2JWV 4 1.776 0.6374 0.8707
2JWV 5 0.960 0.6975 0.9483
2JWV 6 1.158 0.6739 0.9224
2JWV 7 1.791 0.6307 0.8448
2JWV 8 2.780 0.5833 0.7845
2JWV 9 2.582 0.6073 0.8276
2JWV 10 2.101 0.5805 0.8362
2JWV 11 11.695 0.1185 0.2500
2JWV 12 11.462 0.1650 0.2931
2JWV 13 16.315 0.2782 0.4310
2JWV 14 12.153 0.1572 0.2845
2JWV 15 14.260 0.1595 0.2931
2JWV 16 6.935 0.3200 0.5345
2JWV 17 9.740 0.2694 0.4397
2JWV 18 17.568 0.1425 0.3103
2JWV 19 6.646 0.3407 0.5259
2JWV 20 10.361 0.3432 0.5000
2JWV 21 5.810 0.2015 0.5086
2JWV 22 11.149 0.2817 0.4224
2JWV 23 12.251 0.1469 0.3190
2JWV 24 10.151 0.2107 0.3966
2JWV 25 9.597 0.2994 0.5000
2JWV 26 11.993 0.3175 0.5000
2JWV 27 8.261 0.2833 0.5000
2JWV 28 7.863 0.2564 0.4569
2JWV 29 11.633 0.2585 0.3879
2JWV 30 5.377 0.2430 0.5259
2JWV 31 9.734 0.3489 0.5086
2JWV 32 4.461 0.2992 0.5948
2JWV 33 6.491 0.2638 0.5086
2JWV 34 9.470 0.2732 0.4483
2JWV 35 11.964 0.3238 0.5259
2JWV 36 6.635 0.3108 0.5172
2JWV 37 9.714 0.3205 0.4828
2JWV 38 10.112 0.2871 0.4741
2JWV 39 13.926 0.2175 0.4397
2JWV 40 5.364 0.2942 0.5345
2JWV 41 11.790 0.2702 0.4052
2JWV 42 14.809 0.2586 0.4655
2JWV 43 3.265 0.3475 0.6724
2JWV 44 5.923 0.2636 0.5086
2JWV 45 6.953 0.3007 0.5000
2JWV 46 5.353 0.2494 0.5431
2JWV 47 8.678 0.3079 0.4569
2JWV 48 6.963 0.3641 0.5431
2JWV 49 3.956 0.2698 0.5948
2JWV 50 11.232 0.3118 0.4828
2JWV 51 8.345 0.1928 0.3879
2JWV 52 11.754 0.1412 0.3103
2JWV 53 7.365 0.2516 0.4569
2JWV 54 16.922 0.1279 0.2931
2JWV 55 18.349 0.1181 0.2845
2JWV 56 13.244 0.3104 0.5000
2JWV 57 9.579 0.1313 0.3017
2JWV 58 10.320 0.2008 0.3707
2JWV 59 8.391 0.1572 0.3793
2JWV 60 14.904 0.1257 0.2845
2JWV 61 13.372 0.0962 0.2500
2JWV 62 12.684 0.2397 0.3621
2JWV 63 8.212 0.2486 0.4310
2JWV 64 8.520 0.3306 0.4914
2JWV 65 10.476 0.2334 0.3793
2JWV 66 3.983 0.2309 0.5603
2JWV 67 12.890 0.1560 0.3362
2JWV 68 12.883 0.1780 0.3707
2JWV 69 10.578 0.1787 0.3362
2JWV 70 8.910 0.2855 0.4914
2JWV 71 9.453 0.2707 0.4310
2JWV 72 8.288 0.2974 0.4569
2JWV 73 4.270 0.3474 0.6121
2JWV 74 6.700 0.3018 0.5172
2JWV 75 6.189 0.3419 0.5690
2JWV 76 11.679 0.1308 0.3448
2JWV 77 12.746 0.3022 0.4655
2JWV 78 7.703 0.3445 0.5172
2JWV 79 8.963 0.1848 0.4052
2JWV 80 5.838 0.2960 0.5517
2JWV 81 12.269 0.2706 0.4310
2JWV 82 11.870 0.2452 0.3534
2JWV 83 4.605 0.3680 0.6293
2JWV 84 12.407 0.2268 0.4397
2JWV 85 9.005 0.3357 0.5086
2JWV 86 8.355 0.2885 0.4569
2JWV 87 4.733 0.3454 0.6121
2JWV 88 8.358 0.3396 0.5000
2JWV 89 7.403 0.2675 0.4914
2JWV 90 4.567 0.3560 0.6293
2JWV 91 11.106 0.1258 0.2672
2JWV 92 9.417 0.3014 0.5345
2JWV 93 11.047 0.1348 0.2845
2JWV 94 14.770 0.1390 0.2759
2JWV 95 14.942 0.1594 0.3103
2JWV 96 13.689 0.2601 0.3966
2JWV 97 13.858 0.1318 0.2759
2JWV 98 8.142 0.3597 0.6034
2JWV 99 7.723 0.3182 0.4828
2JWV 100 5.887 0.2477 0.4914
2JWV 101 10.636 0.2945 0.4569
2JWV 102 11.766 0.1399 0.3448
2JWV 103 8.113 0.2844 0.5086
2JWV 104 4.337 0.3980 0.6810
2JWV 105 6.230 0.3929 0.5862
2JWV 106 16.262 0.2798 0.4052
2JWV 107 7.660 0.2626 0.5345
2JWV 108 10.241 0.2950 0.4741
2JWV 109 8.603 0.2983 0.5086
2JWV 110 4.845 0.3194 0.6207
2JWV 111 11.597 0.2703 0.4224
2JWV 112 7.942 0.2637 0.5000
2JWV 113 6.608 0.3107 0.5172
2JWV 114 3.314 0.3897 0.7241
2JWV 115 3.955 0.3266 0.6121
2JWV 116 6.224 0.3546 0.5517
2JWV 117 6.552 0.2786 0.5345
2JWV 118 4.688 0.3575 0.6379
2JWV 119 7.465 0.3275 0.4914
2JWV 120 2.108 0.3714 0.7500
2JWV 121 13.248 0.2374 0.4483
2JWV 122 6.312 0.2997 0.5172
2JWV 123 5.664 0.3405 0.5948
2JWV 124 4.369 0.3255 0.6121
2JWV 125 3.825 0.3537 0.6466
2JWV 126 5.365 0.3358 0.5776
2JWV 127 6.469 0.3300 0.5690
2JWV 128 3.660 0.3617 0.6552
2JWV 129 4.329 0.2926 0.5862
2JWV 130 5.827 0.3403 0.5603
2JWV 131 10.233 0.1973 0.3534
2JWV 132 10.506 0.1485 0.3362
2JWV 133 11.241 0.1461 0.2845
2JWV 134 18.374 0.1561 0.2586
2JWV 135 9.416 0.1509 0.3017
2JWV 136 10.868 0.1319 0.2931
2JWV 137 13.559 0.1305 0.2500
2JWV 138 13.721 0.1539 0.3362
2JWV 139 9.554 0.2312 0.3966
2JWV 140 7.809 0.3002 0.5000
2JWV 141 8.204 0.2913 0.4483
2JWV 142 14.444 0.1240 0.2500
2JWV 143 12.323 0.3035 0.4310
2JWV 144 11.915 0.2708 0.4483
2JWV 145 7.602 0.3154 0.4914
2JWV 146 14.433 0.1471 0.2931
2JWV 147 15.614 0.1339 0.2845
2JWV 148 12.313 0.2745 0.4397
2JWV 149 11.274 0.1506 0.3103
2JWV 150 9.267 0.3369 0.4741
2JWV 151 9.324 0.2830 0.4655
2JWV 152 7.312 0.2983 0.4828
2JWV 153 10.276 0.2221 0.4224
2JWV 154 11.542 0.2613 0.4138
2JWV 155 7.372 0.3377 0.5086
2JWV 156 4.440 0.2748 0.5690
2JWV 157 10.239 0.2421 0.4224
2JWV 158 9.925 0.2884 0.4052
2JWV 159 6.148 0.3228 0.5603
2JWV 160 10.751 0.2847 0.4741
2JWV 161 9.187 0.3195 0.5086
2JWV 162 7.509 0.2642 0.4483
2JWV 163 8.994 0.3014 0.4483
2JWV 164 10.190 0.2995 0.4138
2JWV 165 8.709 0.3320 0.4655
2JWV 166 6.114 0.3077 0.5345
2JWV 167 8.171 0.3295 0.5259
2JWV 168 6.884 0.3280 0.5000
2JWV 169 9.901 0.3083 0.4741
2JWV 170 7.577 0.3233 0.5172
2JWV 171 9.854 0.1388 0.3103
2JWV 172 10.497 0.1601 0.3103
2JWV 173 9.031 0.1293 0.2931
2JWV 174 7.070 0.2099 0.4397
2JWV 175 16.022 0.1408 0.2931
2JWV 176 16.180 0.2023 0.3276
2JWV 177 4.704 0.3098 0.5948
2JWV 178 7.417 0.2689 0.4483
2JWV 179 7.927 0.1594 0.3879
2JWV 180 11.253 0.2644 0.4138
2JWV 181 11.022 0.2856 0.4483
2JWV 182 16.711 0.1639 0.3276
2JWV 183 5.959 0.2344 0.4914
2JWV 184 13.062 0.1410 0.3190
2JWV 185 11.239 0.3449 0.4914
2JWV 186 5.067 0.3190 0.5690
2JWV 187 14.376 0.2480 0.3879
2JWV 188 10.211 0.1825 0.3534
2JWV 189 12.114 0.2575 0.4310
2JWV 190 10.602 0.2231 0.3879
2JWV 191 10.484 0.1795 0.3879
2JWV 192 8.472 0.3400 0.5948
2JWV 193 10.670 0.2845 0.4224
2JWV 194 12.182 0.2829 0.4052
2JWV 195 9.120 0.3080 0.4655
2JWV 196 11.304 0.2994 0.4741
2JWV 197 8.406 0.3483 0.5000
2JWV 198 10.684 0.2435 0.4655
2JWV 199 11.961 0.2174 0.4224
2JWV 200 8.701 0.2646 0.4828
2JWV 201 4.317 0.2983 0.5862
2JWV 202 2.070 0.3848 0.7586
2JWV 203 6.319 0.2691 0.5259
2JWV 204 5.042 0.3474 0.6207
2JWV 205 3.132 0.3284 0.6810
2JWV 206 9.190 0.2551 0.4224
2JWV 207 4.452 0.3788 0.6466
2JWV 208 6.654 0.3490 0.5603
2JWV 209 4.758 0.2665 0.5690
2JWV 210 4.799 0.3470 0.5948
2JWV 211 10.586 0.1705 0.2672
2JWV 212 7.641 0.1731 0.3966
2JWV 213 10.444 0.1466 0.2931
2JWV 214 10.242 0.1365 0.3707
2JWV 215 15.242 0.1414 0.2845
2JWV 216 12.263 0.1715 0.3534
2JWV 217 6.832 0.2711 0.5086
2JWV 218 15.566 0.1294 0.2759
2JWV 219 11.414 0.1160 0.2759
2JWV 220 12.464 0.1483 0.3190
2JWV 221 11.345 0.1239 0.3103
2JWV 222 9.782 0.3002 0.4914
2JWV 223 12.516 0.1599 0.3017
2JWV 224 9.276 0.1948 0.3966
2JWV 225 13.092 0.1912 0.3190
2JWV 226 12.392 0.2815 0.4483
2JWV 227 12.452 0.3258 0.4655
2JWV 228 10.765 0.2674 0.4483
2JWV 229 5.096 0.2599 0.5603
2JWV 230 8.236 0.2402 0.4310
2JWV 231 6.553 0.2512 0.4655
2JWV 232 10.830 0.2496 0.4224
2JWV 233 5.363 0.3829 0.6379
2JWV 234 8.974 0.3079 0.5000
2JWV 235 15.560 0.2416 0.3879
2JWV 236 7.205 0.3428 0.5517
2JWV 237 6.196 0.3361 0.5517
2JWV 238 7.897 0.3186 0.5172
2JWV 239 5.510 0.3107 0.5517
2JWV 240 9.090 0.2907 0.5172
2JWV 241 7.339 0.2892 0.5172
2JWV 242 7.756 0.3217 0.5000
2JWV 243 4.787 0.3897 0.6121
2JWV 244 5.827 0.3285 0.5862
2JWV 245 5.760 0.3399 0.5776
2JWV 246 5.335 0.2889 0.5517
2JWV 247 7.420 0.2256 0.4655
2JWV 248 5.671 0.3438 0.6034
2JWV 249 10.428 0.3037 0.4741
2JWV 250 6.548 0.3354 0.5431
2JWV 251 14.405 0.1290 0.2586
2JWV 252 10.528 0.2197 0.4310
2JWV 253 11.808 0.1402 0.3103
2JWV 254 8.971 0.2614 0.4483
2JWV 255 10.204 0.2690 0.4483
2JWV 256 10.192 0.1117 0.3103
2JWV 257 10.089 0.2058 0.3707
2JWV 258 8.701 0.1269 0.3276
2JWV 259 12.585 0.2504 0.4138
2JWV 260 10.567 0.2547 0.3966
2JWV 261 6.469 0.3028 0.5086
2JWV 262 6.525 0.3129 0.5776
2JWV 263 11.211 0.3468 0.4655
2JWV 264 5.470 0.2861 0.5690
2JWV 265 7.995 0.3039 0.5172
2JWV 266 9.871 0.3400 0.5172
2JWV 267 8.100 0.2883 0.4655
2JWV 268 8.673 0.2215 0.3879
2JWV 269 11.675 0.2835 0.4138
2JWV 270 6.458 0.2974 0.5086
2JWV 271 8.195 0.3610 0.5603
2JWV 272 11.219 0.3394 0.4655
2JWV 273 11.071 0.3402 0.5000
2JWV 274 14.897 0.1531 0.3448
2JWV 275 12.564 0.2630 0.4397
2JWV 276 2.367 0.3513 0.7241
2JWV 277 13.469 0.1804 0.3621
2JWV 278 4.256 0.3401 0.6466
2JWV 279 6.856 0.3060 0.5259
2JWV 280 6.717 0.3106 0.5259
2JWV 281 5.682 0.3321 0.5690
2JWV 282 5.366 0.2554 0.5259
2JWV 283 8.986 0.2565 0.4655
2JWV 284 3.312 0.3802 0.6810
2JWV 285 5.344 0.2341 0.5517
2JWV 286 7.693 0.3463 0.4828
2JWV 287 5.307 0.3490 0.5862
2JWV 288 4.530 0.3197 0.6121
2JWV 289 10.700 0.3520 0.5259
2JWV 290 7.266 0.3497 0.5000
2JWV 291 9.675 0.1560 0.3103
2JWV 292 9.153 0.1189 0.3362
2JWV 293 9.512 0.1955 0.3966
2JWV 294 6.556 0.2827 0.5345
2JWV 295 11.047 0.3168 0.5259
2JWV 296 10.466 0.1311 0.2759
2JWV 297 10.321 0.1322 0.2845
2JWV 298 10.831 0.2898 0.4397
2JWV 299 14.991 0.1474 0.3103
2JWV 300 14.504 0.1402 0.2759
2JWV 301 11.161 0.2497 0.4310
2JWV 302 10.862 0.1775 0.3534
2JWV 303 9.983 0.1658 0.3966
2JWV 304 9.206 0.3451 0.5000
2JWV 305 14.422 0.2904 0.4483
2JWV 306 8.219 0.3379 0.5517
2JWV 307 11.083 0.3102 0.4655
2JWV 308 9.985 0.1936 0.3966
2JWV 309 8.344 0.3170 0.5086
2JWV 310 8.103 0.2923 0.4569
2JWV 311 11.372 0.3098 0.4914
2JWV 312 6.477 0.2621 0.5259
2JWV 313 15.099 0.2891 0.4224
2JWV 314 10.815 0.2851 0.4569
2JWV 315 9.813 0.2254 0.4310
2JWV 316 8.044 0.2822 0.4741
2JWV 317 8.668 0.2864 0.4655
2JWV 318 9.693 0.2676 0.4828
2JWV 319 4.329 0.2865 0.6034
2JWV 320 5.358 0.3544 0.6034
2JWV 321 5.369 0.2738 0.5690
2JWV 322 11.717 0.3142 0.4741
2JWV 323 4.526 0.3504 0.6466
2JWV 324 5.556 0.3626 0.5948
2JWV 325 4.086 0.2946 0.5948
2JWV 326 8.764 0.3403 0.4741
2JWV 327 3.220 0.2969 0.6552
2JWV 328 5.010 0.3703 0.6034
2JWV 329 5.665 0.3473 0.5776
2JWV 330 4.024 0.3373 0.6638
2JWV 331 4.932 0.2279 0.5345
2JWV 332 9.706 0.1772 0.3534
2JWV 333 9.033 0.2311 0.4397
2JWV 334 13.152 0.1986 0.3448
2JWV 335 9.935 0.1148 0.3276
2JWV 336 10.728 0.1425 0.3017
2JWV 337 10.674 0.1862 0.3534
2JWV 338 13.226 0.1729 0.3276
2JWV 339 7.339 0.3176 0.5345
2JWV 340 8.796 0.2506 0.5086
2JWV 341 12.674 0.3000 0.4483
2JWV 342 11.163 0.2919 0.4224
2JWV 343 9.567 0.2203 0.4138
2JWV 344 12.311 0.1992 0.3534
2JWV 345 7.849 0.3128 0.4914
2JWV 346 10.326 0.2972 0.4397
2JWV 347 5.963 0.3411 0.5431
2JWV 348 11.702 0.3346 0.4310
2JWV 349 7.750 0.2752 0.4828
2JWV 350 14.321 0.1860 0.3190
2JWV 351 6.011 0.2918 0.5345
2JWV 352 6.050 0.3327 0.5603
2JWV 353 14.831 0.1580 0.3017
2JWV 354 6.606 0.3680 0.5690
2JWV 355 6.989 0.3350 0.5259
2JWV 356 13.121 0.2486 0.4310
2JWV 357 7.005 0.3017 0.5086
2JWV 358 8.245 0.3297 0.5000
2JWV 359 5.266 0.3143 0.5948
2JWV 360 11.322 0.2885 0.4397
2JWV 361 6.102 0.3077 0.5431
2JWV 362 6.838 0.2892 0.5000
2JWV 363 11.109 0.2602 0.4397
2JWV 364 6.546 0.3192 0.5431
2JWV 365 7.753 0.3197 0.5345
2JWV 366 9.832 0.3504 0.4569
2JWV 367 9.034 0.3437 0.5086
2JWV 368 4.884 0.3496 0.5862
2JWV 369 4.614 0.2748 0.6034
2JWV 370 4.815 0.3219 0.6034
2JWV 371 11.427 0.1910 0.3534
2JWV 372 13.206 0.1338 0.2931
2JWV 373 6.336 0.2349 0.4741
2JWV 374 8.825 0.1570 0.3621
2JWV 375 9.405 0.2817 0.4828
2JWV 376 4.893 0.3444 0.6207
2JWV 377 13.984 0.1339 0.2931
2JWV 378 8.850 0.1672 0.3534
2JWV 379 11.137 0.3087 0.5000
2JWV 380 7.948 0.3252 0.4828
2JWV 381 8.004 0.2193 0.4655
2JWV 382 11.430 0.1977 0.3879
2JWV 383 8.668 0.2871 0.4741
2JWV 384 4.784 0.3353 0.6121
2JWV 385 4.865 0.3107 0.5776
2JWV 386 11.295 0.1586 0.3017
2JWV 387 7.839 0.3466 0.6121
2JWV 388 11.496 0.1224 0.3103
2JWV 389 6.935 0.3527 0.5259
2JWV 390 8.265 0.2761 0.5000
2JWV 391 6.674 0.2705 0.5086
2JWV 392 3.723 0.2699 0.6379
2JWV 393 7.967 0.3580 0.5259
2JWV 394 10.349 0.3423 0.5000
2JWV 395 7.455 0.3450 0.5345
2JWV 396 14.247 0.2895 0.4397
2JWV 397 4.755 0.3267 0.6207
2JWV 398 10.417 0.3607 0.5431
2JWV 399 7.566 0.2500 0.4397
2JWV 400 3.078 0.3971 0.7500
2JWV 401 8.747 0.2370 0.4138
2JWV 402 5.791 0.2423 0.5259
2JWV 403 5.997 0.3396 0.5603
2JWV 404 5.558 0.3153 0.5603
2JWV 405 8.000 0.3564 0.5259
2JWV 406 5.502 0.3338 0.5948
2JWV 407 8.400 0.3401 0.4914
2JWV 408 4.546 0.3790 0.6552
2JWV 409 5.616 0.3215 0.5603
2JWV 410 7.165 0.3449 0.5431
2JWV 411 0.977 0.6707 0.9397
2JWV 412 1.706 0.5136 0.8276
2JWV 413 1.866 0.4584 0.8017
2JWV 414 1.900 0.4491 0.7931
2JWV 415 1.850 0.4500 0.8017
2JWV 416 1.881 0.4460 0.8017
2JWV 417 1.845 0.4464 0.8017
2JWV 418 1.847 0.4498 0.8017
2JWV 419 1.869 0.4543 0.8017
2JWV 420 1.868 0.4482 0.7931
2JWV 421 1.853 0.4459 0.8017
2JWV 422 1.870 0.4398 0.8017
2JWV 423 1.860 0.4452 0.8017
2JWV 424 1.864 0.4486 0.8017
2JWV 425 1.874 0.4469 0.8017
2JWV 426 1.868 0.4472 0.8017
2JWV 427 1.880 0.4412 0.8017
2JWV 428 1.861 0.4477 0.8017
2JWV 429 1.852 0.4404 0.8017
2JWV 430 1.865 0.4492 0.8017
2JWV 431 1.865 0.4403 0.7931
2JWV 432 1.859 0.4459 0.7931
2JWV 433 1.860 0.4458 0.7931
2JWV 434 1.864 0.4441 0.8017
2JWV 435 1.866 0.4433 0.7931
2JWV 436 1.823 0.4485 0.8017
2JWV 437 1.828 0.4524 0.8017
2JWV 438 1.877 0.4475 0.7931
2JWV 439 1.842 0.4523 0.8103
2JWV 440 1.861 0.4444 0.8017
2JWV 441 1.824 0.4424 0.8017
2JWV 442 1.805 0.4480 0.8017
2JWV 443 1.835 0.4451 0.8017
2JWV 444 1.801 0.4438 0.8017
2JWV 445 1.816 0.4475 0.7931
2JWV 446 1.795 0.4407 0.8017
2JWV 447 1.779 0.4427 0.8017
2JWV 448 1.838 0.4373 0.7931
2JWV 449 1.809 0.4350 0.7931
2JWV 450 1.820 0.4355 0.7931
2JWV 451 1.804 0.4315 0.7931
2JWV 452 1.800 0.4390 0.7931
2JWV 453 1.802 0.4415 0.7931
2JWV 454 1.831 0.4371 0.7931
2JWV 455 1.768 0.4365 0.7931
2JWV 456 1.804 0.4560 0.8190
2JWV 457 1.766 0.4484 0.8017
2JWV 458 1.798 0.4293 0.7931
2JWV 459 1.837 0.4315 0.7931
2JWV 460 1.769 0.4426 0.7931
2JWV 461 1.825 0.4276 0.7931
2JWV 462 1.802 0.4409 0.7931
2JWV 463 1.857 0.4288 0.7931
2JWV 464 1.809 0.4337 0.7931
2JWV 465 1.811 0.4408 0.7931
2JWV 466 1.836 0.4509 0.7931
2JWV 467 1.808 0.4460 0.7931
2JWV 468 1.845 0.4370 0.7931
2JWV 469 1.796 0.4515 0.7931
2JWV 470 1.809 0.4396 0.7931
2JWV 471 1.801 0.4348 0.7931
2JWV 472 1.848 0.4451 0.7931
2JWV 473 1.814 0.4516 0.7931
2JWV 474 1.788 0.4616 0.7931
2JWV 475 1.849 0.4545 0.7931
2JWV 476 1.760 0.4731 0.8017
2JWV 477 1.805 0.4538 0.7931
2JWV 478 1.786 0.4567 0.7931
2JWV 479 1.814 0.4683 0.7845
2JWV 480 1.798 0.4523 0.7931
2JWV 481 1.833 0.4415 0.7931
2JWV 482 1.862 0.4605 0.8017
2JWV 483 1.789 0.4704 0.8103
2JWV 484 1.775 0.4704 0.7931
2JWV 485 1.795 0.4650 0.7845
2JWV 486 1.804 0.4666 0.7931
2JWV 487 1.782 0.4923 0.8276
2JWV 488 1.775 0.4827 0.8190
2JWV 489 1.818 0.4814 0.8190
2JWV 490 1.820 0.4696 0.8017
2JWV 491 1.789 0.4826 0.8103
2JWV 492 1.821 0.4672 0.7931
2JWV 493 1.739 0.4949 0.8276
2JWV 494 1.757 0.4902 0.8103
2JWV 495 1.777 0.4718 0.8017
2JWV 496 1.755 0.4793 0.8190
2JWV 497 1.839 0.4828 0.8190
2JWV 498 1.856 0.4694 0.8103
2JWV 499 1.766 0.4747 0.8190
2JWV 500 1.895 0.4798 0.8190
2JWV 501 1.799 0.4723 0.8103
2JWV 502 1.779 0.4655 0.8190
2JWV 503 1.816 0.4841 0.8190
2JWV 504 1.847 0.4618 0.8017
2JWV 505 1.823 0.4683 0.8103
2JWV 506 1.839 0.5005 0.8190
2JWV 507 1.810 0.4759 0.8017
2JWV 508 1.750 0.4891 0.8103
2JWV 509 1.835 0.4725 0.8190
2JWV 510 1.819 0.4602 0.8190
2JWV 511 1.923 0.4671 0.8103
2JWV 512 1.825 0.4634 0.7931
2JWV 513 1.847 0.4592 0.7931
2JWV 514 1.935 0.4501 0.7931
2JWV 515 1.893 0.4710 0.8017
2JWV 516 1.877 0.4619 0.7931
2JWV 517 1.959 0.4573 0.8103
2JWV 518 1.826 0.4773 0.8190
2JWV 519 1.818 0.4675 0.8017
2JWV 520 1.915 0.4645 0.8017
2JWV 521 1.866 0.4596 0.8103
2JWV 522 1.823 0.4962 0.8103
2JWV 523 1.810 0.4808 0.8017
2JWV 524 1.786 0.4852 0.8103
2JWV 525 1.904 0.4652 0.8017
2JWV 526 1.871 0.4591 0.8017
2JWV 527 1.812 0.4769 0.8017
2JWV 528 1.927 0.4900 0.8103
2JWV 529 1.834 0.4991 0.8276
2JWV 530 2.038 0.4762 0.8103
2JWV 531 1.853 0.4905 0.8190
2JWV 532 1.984 0.4971 0.8103
2JWV 533 1.927 0.5217 0.8190
2JWV 534 1.977 0.4914 0.8190
2JWV 535 1.770 0.5013 0.8190
2JWV 536 1.828 0.5085 0.8103
2JWV 537 1.897 0.4833 0.8017
2JWV 538 1.897 0.4951 0.8190
2JWV 539 1.960 0.4981 0.8103
2JWV 540 1.876 0.5204 0.8017
2JWV 541 1.954 0.5051 0.8190
2JWV 542 1.929 0.5073 0.8103
2JWV 543 1.932 0.4737 0.8017
2JWV 544 1.863 0.4964 0.8103
2JWV 545 2.174 0.5053 0.8017
2JWV 546 1.992 0.5112 0.8017
2JWV 547 2.113 0.4671 0.8017
2JWV 548 2.090 0.4588 0.7931
2JWV 549 2.073 0.4805 0.7931
2JWV 550 2.070 0.4886 0.8103
2JWV 551 2.060 0.4808 0.8103
2JWV 552 2.027 0.4970 0.8190
2JWV 553 2.078 0.4798 0.8017
2JWV 554 2.051 0.5118 0.8103
2JWV 555 2.075 0.5085 0.8190
2JWV 556 2.037 0.5024 0.8190
2JWV 557 2.028 0.4824 0.8017
2JWV 558 2.047 0.4927 0.8103
2JWV 559 1.882 0.5378 0.8276
2JWV 560 2.091 0.5241 0.8190
2JWV 561 1.995 0.5204 0.8103
2JWV 562 1.919 0.5130 0.8190
2JWV 563 2.071 0.5077 0.8190
2JWV 564 2.005 0.5338 0.8276
2JWV 565 1.994 0.5394 0.8276
2JWV 566 2.067 0.5170 0.8276
2JWV 567 2.019 0.5132 0.8190
2JWV 568 2.010 0.5239 0.8190
2JWV 569 2.064 0.5085 0.8190
2JWV 570 2.066 0.5258 0.8190
2JWV 571 1.909 0.5336 0.8190
2JWV 572 2.097 0.4963 0.8103
2JWV 573 2.080 0.5085 0.8190
2JWV 574 2.015 0.5029 0.8190
2JWV 575 1.899 0.4867 0.8103
2JWV 576 1.779 0.5313 0.8362
2JWV 577 1.877 0.5055 0.8190
2JWV 578 1.898 0.5323 0.8276
2JWV 579 1.837 0.5178 0.8276
2JWV 580 1.916 0.4762 0.8190
2JWV 581 1.911 0.5021 0.8190
2JWV 582 1.945 0.4985 0.8190
2JWV 583 1.921 0.5146 0.8276
2JWV 584 1.959 0.5125 0.8190
2JWV 585 1.938 0.4989 0.8103
2JWV 586 1.942 0.5240 0.8190
2JWV 587 2.009 0.4851 0.8103
2JWV 588 1.898 0.4732 0.8103
2JWV 589 1.977 0.4597 0.8017
2JWV 590 1.993 0.4509 0.7931
2JWV 591 2.021 0.4716 0.8190
2JWV 592 1.943 0.4442 0.7845
2JWV 593 1.993 0.4233 0.7845
2JWV 594 2.103 0.4171 0.7845
2JWV 595 2.000 0.4195 0.7845
2JWV 596 2.031 0.4102 0.7759
2JWV 597 2.024 0.3902 0.7759
2JWV 598 1.940 0.4038 0.7672
2JWV 599 1.974 0.4328 0.7759
2JWV 600 2.049 0.3892 0.7759
2JWV 601 2.127 0.4087 0.7931
2JWV 602 2.042 0.4130 0.7931
2JWV 603 1.862 0.4163 0.8017
2JWV 604 2.122 0.4101 0.7759
2JWV 605 2.092 0.4228 0.7759
2JWV 606 2.055 0.4108 0.7672
2JWV 607 2.162 0.4389 0.7759
2JWV 608 2.246 0.4316 0.7759
2JWV 609 2.120 0.4366 0.7759
2JWV 610 2.184 0.4210 0.7759
2JWV 611 2.089 0.4052 0.7586
2JWV 612 2.112 0.4320 0.7845
2JWV 613 2.168 0.4024 0.7759
2JWV 614 2.094 0.3873 0.7672
2JWV 615 2.127 0.4117 0.7759
2JWV 616 2.014 0.4059 0.7845
2JWV 617 2.073 0.4150 0.7845
2JWV 618 2.023 0.4140 0.7845
2JWV 619 2.047 0.4004 0.7672
2JWV 620 2.146 0.4058 0.7672
2JWV 621 1.988 0.4136 0.7845
2JWV 622 2.149 0.4188 0.7759
2JWV 623 2.124 0.4186 0.7759
2JWV 624 2.171 0.3801 0.7586
2JWV 625 2.028 0.4137 0.7759
2JWV 626 2.010 0.4144 0.7759
2JWV 627 2.143 0.4105 0.7759
2JWV 628 2.131 0.4024 0.7759
2JWV 629 2.150 0.4072 0.7759
2JWV 630 2.068 0.4245 0.7759
2JWV 631 2.113 0.4156 0.7759
2JWV 632 2.060 0.4176 0.7759
2JWV 633 2.006 0.4356 0.7845
2JWV 634 2.139 0.3910 0.7672
2JWV 635 2.096 0.3912 0.7759
2JWV 636 2.163 0.3942 0.7759
2JWV 637 2.160 0.4099 0.7759
2JWV 638 2.156 0.4036 0.7672
2JWV 639 2.056 0.4130 0.7759
2JWV 640 1.904 0.4192 0.7672
2JWV 641 1.846 0.4341 0.7845
2JWV 642 1.964 0.4294 0.7759
2JWV 643 1.947 0.4344 0.7845
2JWV 644 2.013 0.4321 0.7931
2JWV 645 2.017 0.4030 0.7845
2JWV 646 2.091 0.4068 0.7672
2JWV 647 1.783 0.4347 0.7845
2JWV 648 1.810 0.4350 0.7931
2JWV 649 2.034 0.4069 0.7845
2JWV 650 1.808 0.3932 0.7672
2JWV 651 1.943 0.3928 0.7586
2JWV 652 2.010 0.3837 0.7586
2JWV 653 1.951 0.3927 0.7672
2JWV 654 1.963 0.4077 0.7672
2JWV 655 1.984 0.3853 0.7500
2JWV 656 1.923 0.4151 0.7759
2JWV 657 2.031 0.3904 0.7586
2JWV 658 2.028 0.4141 0.7759
2JWV 659 2.105 0.3998 0.7586
2JWV 660 2.034 0.4073 0.7759
2JWV 661 2.027 0.3751 0.7500
2JWV 662 2.013 0.3947 0.7500
2JWV 663 1.965 0.4130 0.7586
2JWV 664 2.137 0.3951 0.7500
2JWV 665 1.859 0.4109 0.7672
2JWV 666 1.915 0.4137 0.7759
2JWV 667 1.992 0.3945 0.7672
2JWV 668 1.913 0.3947 0.7672
2JWV 669 1.831 0.4220 0.7672
2JWV 670 1.986 0.4303 0.7672
2JWV 671 1.809 0.4474 0.7931
2JWV 672 1.897 0.4232 0.7672
2JWV 673 1.998 0.4087 0.7500
2JWV 674 1.829 0.4348 0.7845
2JWV 675 1.956 0.4174 0.7586
2JWV 676 1.877 0.4252 0.7586
2JWV 677 1.960 0.4267 0.7672
2JWV 678 1.870 0.4374 0.7672
2JWV 679 1.919 0.4192 0.7672
2JWV 680 1.835 0.4433 0.7759
2JWV 681 1.877 0.4501 0.7672
2JWV 682 2.008 0.4137 0.7672
2JWV 683 2.010 0.4160 0.7586
2JWV 684 1.973 0.4310 0.7672
2JWV 685 1.898 0.4322 0.7672
2JWV 686 1.954 0.4061 0.7586
2JWV 687 1.921 0.4163 0.7759
2JWV 688 1.836 0.4265 0.7672
2JWV 689 1.869 0.4184 0.7672
2JWV 690 1.709 0.4268 0.8017
2JWV 691 2.007 0.3888 0.7586
2JWV 692 1.741 0.4476 0.7931
2JWV 693 1.789 0.4295 0.7672
2JWV 694 1.818 0.4288 0.7845
2JWV 695 1.788 0.4351 0.7845
2JWV 696 1.892 0.4406 0.7759
2JWV 697 1.803 0.4290 0.7759
2JWV 698 1.928 0.4065 0.7500
2JWV 699 1.772 0.4339 0.8017
2JWV 700 1.891 0.4276 0.7672
2JWV 701 1.828 0.4078 0.7672
2JWV 702 1.822 0.4241 0.7759
2JWV 703 1.871 0.4186 0.7500
2JWV 704 1.742 0.4300 0.8017
2JWV 705 1.548 0.4497 0.8190
2JWV 706 1.847 0.4032 0.7586
2JWV 707 1.643 0.4515 0.8017
2JWV 708 1.591 0.4472 0.7931
2JWV 709 1.640 0.4478 0.8017
2JWV 710 1.773 0.4117 0.7759
2JWV 711 1.647 0.4433 0.7931
2JWV 712 1.717 0.4523 0.8017
2JWV 713 1.794 0.4452 0.7845
2JWV 714 1.830 0.4104 0.7672
2JWV 715 1.713 0.4328 0.8017
2JWV 716 1.761 0.4110 0.7759
2JWV 717 1.701 0.4254 0.7845
2JWV 718 1.624 0.4329 0.8017
2JWV 719 1.811 0.4287 0.7672
2JWV 720 1.780 0.4367 0.8103
2JWV 721 1.764 0.4284 0.7845
2JWV 722 1.736 0.4486 0.7845
2JWV 723 1.689 0.4302 0.7845
2JWV 724 1.722 0.4267 0.7931
2JWV 725 1.678 0.4622 0.8276
2JWV 726 1.833 0.4289 0.7672
2JWV 727 1.868 0.4054 0.7586
2JWV 728 1.725 0.4167 0.7845
2JWV 729 1.815 0.4299 0.7845
2JWV 730 1.936 0.4044 0.7500
2JWV 731 1.842 0.4201 0.7672
2JWV 732 1.665 0.4377 0.7931
2JWV 733 1.733 0.4261 0.7931
2JWV 734 1.952 0.3851 0.7500
2JWV 735 1.627 0.4414 0.8017
2JWV 736 1.874 0.4029 0.7672
2JWV 737 1.724 0.4292 0.7672
2JWV 738 1.736 0.4222 0.7845
2JWV 739 1.879 0.4092 0.7759
2JWV 740 1.968 0.4249 0.7586
2JWV 741 1.807 0.4073 0.7759
2JWV 742 1.960 0.4359 0.7586
2JWV 743 2.073 0.4313 0.7586
2JWV 744 2.182 0.3649 0.7414
2JWV 745 2.064 0.3978 0.7586
2JWV 746 2.193 0.3721 0.7414
2JWV 747 2.041 0.3990 0.7586
2JWV 748 2.256 0.3971 0.7328
2JWV 749 2.199 0.3879 0.7500
2JWV 750 2.171 0.3922 0.7414
2JWV 751 2.200 0.3745 0.7414
2JWV 752 2.066 0.3729 0.7500
2JWV 753 1.864 0.3983 0.7672
2JWV 754 2.098 0.3914 0.7586
2JWV 755 2.168 0.3786 0.7414
2JWV 756 1.999 0.3725 0.7500
2JWV 757 2.142 0.3782 0.7414
2JWV 758 2.111 0.3847 0.7500
2JWV 759 2.059 0.4040 0.7672
2JWV 760 2.071 0.3858 0.7414
2JWV 761 1.997 0.3946 0.7672
2JWV 762 2.093 0.4032 0.7672
2JWV 763 2.117 0.4011 0.7586
2JWV 764 2.144 0.3895 0.7500
2JWV 765 2.021 0.4063 0.7500
2JWV 766 2.160 0.3864 0.7414
2JWV 767 2.077 0.4249 0.7672
2JWV 768 2.022 0.4034 0.7414
2JWV 769 2.069 0.3950 0.7586
2JWV 770 2.150 0.3992 0.7586
2JWV 771 2.118 0.4063 0.7586
2JWV 772 2.137 0.4008 0.7586
2JWV 773 2.089 0.4222 0.7672
2JWV 774 2.105 0.4028 0.7500
2JWV 775 2.035 0.4031 0.7586
2JWV 776 2.131 0.4001 0.7414
2JWV 777 2.087 0.3996 0.7500
2JWV 778 1.961 0.4384 0.7845
2JWV 779 2.082 0.4009 0.7586
2JWV 780 2.112 0.4391 0.7759
2JWV 781 2.022 0.3987 0.7586
2JWV 782 2.130 0.3844 0.7500
2JWV 783 2.082 0.4112 0.7586
2JWV 784 2.030 0.4182 0.7759
2JWV 785 2.079 0.3926 0.7500
2JWV 786 2.027 0.4134 0.7500
2JWV 787 2.223 0.4059 0.7586
2JWV 788 2.150 0.4100 0.7672
2JWV 789 2.076 0.3911 0.7500
2JWV 790 2.084 0.3885 0.7586
2JWV 791 2.087 0.3795 0.7586
2JWV 792 2.031 0.4060 0.7586
2JWV 793 1.897 0.3979 0.7845
2JWV 794 2.167 0.3877 0.7586
2JWV 795 1.989 0.4119 0.7672
2JWV 796 1.961 0.4025 0.7500
2JWV 797 2.073 0.3715 0.7500
2JWV 798 2.064 0.3881 0.7586
2JWV 799 1.908 0.3989 0.7586
2JWV 800 1.959 0.4235 0.7931
2JWV 801 1.987 0.4024 0.7672
2JWV 802 2.103 0.4041 0.7672
2JWV 803 1.975 0.4027 0.7586
2JWV 804 2.057 0.4099 0.7586
2JWV 805 1.929 0.4338 0.7672
2JWV 806 2.286 0.4051 0.7500
2JWV 807 2.070 0.3953 0.7586
2JWV 808 2.102 0.4035 0.7500
2JWV 809 2.374 0.3872 0.7586
2JWV 810 2.156 0.3803 0.7500
2JWV 811 2.200 0.4097 0.7759
2JWV 812 2.323 0.3899 0.7500
2JWV 813 2.114 0.4200 0.7586
2JWV 814 2.084 0.4341 0.7759
2JWV 815 2.155 0.3732 0.7414
2JWV 816 2.167 0.3987 0.7672
2JWV 817 2.230 0.3808 0.7328
2JWV 818 2.394 0.3842 0.7241
2JWV 819 2.283 0.3657 0.7328
2JWV 820 2.101 0.4080 0.7672
2JWV 821 2.400 0.3613 0.7328
2JWV 822 2.140 0.3752 0.7414
2JWV 823 2.267 0.3546 0.7414
2JWV 824 2.267 0.4134 0.7672
2JWV 825 2.014 0.4256 0.7845
2JWV 826 2.368 0.4021 0.7500
2JWV 827 2.253 0.3695 0.7414
2JWV 828 2.108 0.3950 0.7672
2JWV 829 2.198 0.3824 0.7586
2JWV 830 2.244 0.4267 0.7586
2JWV 831 2.204 0.3822 0.7414
2JWV 832 2.016 0.4259 0.7845
2JWV 833 1.909 0.4263 0.7845
2JWV 834 2.273 0.3795 0.7328
2JWV 835 2.176 0.3927 0.7500
2JWV 836 2.139 0.3959 0.7500
2JWV 837 2.051 0.3927 0.7500
2JWV 838 2.136 0.4189 0.7672
2JWV 839 1.932 0.4204 0.7845
2JWV 840 2.290 0.4011 0.7500
2JWV 841 2.114 0.4045 0.7586
2JWV 842 2.004 0.4115 0.7586
2JWV 843 2.118 0.4076 0.7586
2JWV 844 1.971 0.4186 0.7672
2JWV 845 2.177 0.4003 0.7500
2JWV 846 2.079 0.4059 0.7500
2JWV 847 2.145 0.3920 0.7500
2JWV 848 2.362 0.3839 0.7500
2JWV 849 2.151 0.4060 0.7672
2JWV 850 2.043 0.3755 0.7414
2JWV 851 2.101 0.4181 0.7672
2JWV 852 2.147 0.3663 0.7500
2JWV 853 2.071 0.3929 0.7586
2JWV 854 2.112 0.3912 0.7586
2JWV 855 1.979 0.4232 0.7672
2JWV 856 2.054 0.4044 0.7672
2JWV 857 2.082 0.3996 0.7586
2JWV 858 2.178 0.3997 0.7586
2JWV 859 2.047 0.4202 0.7586
2JWV 860 2.047 0.4065 0.7586
2JWV 861 2.125 0.4074 0.7586
2JWV 862 2.167 0.4089 0.7672
2JWV 863 2.248 0.4152 0.7672
2JWV 864 2.065 0.4134 0.7672
2JWV 865 1.979 0.4327 0.7759
2JWV 866 2.256 0.3947 0.7500
2JWV 867 2.292 0.4020 0.7414
2JWV 868 2.071 0.4001 0.7586
2JWV 869 2.298 0.4079 0.7586
2JWV 870 2.270 0.3941 0.7500
2JWV 871 2.247 0.3843 0.7500
2JWV 872 2.113 0.3892 0.7414
2JWV 873 2.193 0.3692 0.7328
2JWV 874 2.188 0.4009 0.7586
2JWV 875 2.313 0.3946 0.7241
2JWV 876 2.191 0.4081 0.7586
2JWV 877 2.330 0.3880 0.7500
2JWV 878 2.318 0.3550 0.7328
2JWV 879 2.194 0.3709 0.7500
2JWV 880 2.038 0.4042 0.7586
2JWV 881 2.432 0.3717 0.7328
2JWV 882 2.206 0.4067 0.7672
2JWV 883 2.043 0.4057 0.7586
2JWV 884 2.186 0.4136 0.7672
2JWV 885 2.263 0.3922 0.7500
2JWV 886 2.353 0.3544 0.7328
2JWV 887 2.685 0.3809 0.7328
2JWV 888 2.402 0.3823 0.7414
2JWV 889 2.497 0.3578 0.7241
2JWV 890 2.315 0.3736 0.7500
2JWV 891 2.439 0.3767 0.7500
2JWV 892 2.296 0.4060 0.7759
2JWV 893 2.295 0.4117 0.7586
2JWV 894 2.073 0.4435 0.7845
2JWV 895 2.246 0.4029 0.7414
2JWV 896 2.331 0.3628 0.7241
2JWV 897 2.208 0.3718 0.7414
2JWV 898 2.345 0.3804 0.7241
2JWV 899 2.500 0.3511 0.7155
2JWV 900 2.168 0.3742 0.7500
2JWV 901 2.478 0.3382 0.7069
2JWV 902 2.297 0.3650 0.7500
2JWV 903 2.452 0.3638 0.7500
2JWV 904 2.385 0.3645 0.7241
2JWV 905 2.081 0.3947 0.7672
2JWV 906 2.286 0.3762 0.7586
2JWV 907 2.393 0.3691 0.7241
2JWV 908 2.297 0.3607 0.7241
2JWV 909 2.492 0.3989 0.7414
2JWV 910 2.463 0.3691 0.7414
2JWV 911 2.374 0.3716 0.7500
2JWV 912 2.155 0.3853 0.7414
2JWV 913 2.255 0.3750 0.7500
2JWV 914 2.302 0.3602 0.7414
2JWV 915 2.316 0.3535 0.7328
2JWV 916 2.335 0.3799 0.7328
2JWV 917 2.144 0.3979 0.7672
2JWV 918 2.207 0.3711 0.7328
2JWV 919 2.458 0.3497 0.7069
2JWV 920 2.410 0.3660 0.7414
2JWV 921 2.242 0.3698 0.7586
2JWV 922 1.999 0.4002 0.7414
2JWV 923 2.211 0.3667 0.7500
2JWV 924 2.375 0.3635 0.7500
2JWV 925 2.337 0.3780 0.7500
2JWV 926 2.349 0.3631 0.7328
2JWV 927 2.342 0.3493 0.7586
2JWV 928 2.338 0.3727 0.7414
2JWV 929 2.224 0.3737 0.7672
2JWV 930 2.331 0.3721 0.7328
2JWV 931 2.150 0.3963 0.7672
2JWV 932 2.101 0.4118 0.7931
2JWV 933 2.060 0.4256 0.7759
2JWV 934 1.972 0.3857 0.7759
2JWV 935 2.467 0.3491 0.7328
2JWV 936 2.197 0.3628 0.7586
2JWV 937 1.978 0.3811 0.7845
2JWV 938 2.199 0.3563 0.7586
2JWV 939 2.141 0.3652 0.7500
2JWV 940 2.120 0.4029 0.7845
2JWV 941 2.165 0.4059 0.7672
2JWV 942 2.356 0.3742 0.7672
2JWV 943 2.452 0.3857 0.7586
2JWV 944 2.175 0.3584 0.7414
2JWV 945 1.712 0.4348 0.7931
2JWV 946 1.918 0.3971 0.7672
2JWV 947 2.139 0.4216 0.7672
2JWV 948 2.008 0.4559 0.7759
2JWV 949 2.032 0.4287 0.7759
2JWV 950 1.842 0.4323 0.7845
2JWV 951 2.034 0.4298 0.7759
2JWV 952 2.217 0.3876 0.7672
2JWV 953 2.264 0.3940 0.7414
2JWV 954 2.389 0.3434 0.7328
2JWV 955 2.230 0.3822 0.7414
2JWV 956 1.864 0.4281 0.7759
2JWV 957 1.865 0.4031 0.7672
2JWV 958 1.654 0.4583 0.8017
2JWV 959 1.933 0.4954 0.8190
2JWV 960 1.830 0.4517 0.8017
2JWV 961 1.943 0.4626 0.7759
2JWV 962 2.010 0.5009 0.7845
2JWV 963 2.061 0.4307 0.7672
2JWV 964 1.959 0.4302 0.7931
2JWV 965 2.074 0.3803 0.7759
2JWV 966 1.655 0.4722 0.8017
2JWV 967 1.713 0.4174 0.7759
2JWV 968 1.656 0.4163 0.8017
2JWV 969 2.134 0.3949 0.7845
2JWV 970 2.257 0.4007 0.7672
2JWV 971 1.718 0.4789 0.8190
2JWV 972 1.799 0.4690 0.7845
2JWV 973 1.902 0.4544 0.7845
2JWV 974 1.934 0.4659 0.7845
2JWV 975 1.784 0.4691 0.7931
2JWV 976 1.820 0.4768 0.8190
2JWV 977 1.750 0.4752 0.8103
2JWV 978 1.297 0.5664 0.8793
2JWV 979 1.338 0.5263 0.8448
2JWV 980 1.602 0.4516 0.8362
2JWV 981 1.515 0.4680 0.8017
2JWV 982 1.447 0.4890 0.8276
2JWV 983 1.454 0.4882 0.8190
2JWV 984 1.683 0.4220 0.8103
2JWV 985 1.742 0.4552 0.7931
2JWV 986 1.959 0.4002 0.7672
2JWV 987 2.436 0.4018 0.7586
2JWV 988 2.539 0.3827 0.7500
2JWV 989 1.912 0.4114 0.7672
2JWV 990 2.270 0.4285 0.7759
2JWV 991 2.215 0.3875 0.7500
2JWV 992 2.522 0.3741 0.7586
2JWV 993 2.178 0.3884 0.7586
2JWV 994 2.048 0.3534 0.7500
2JWV 995 2.221 0.3816 0.7500
2JWV 996 2.052 0.3626 0.7500
2JWV 997 2.075 0.3945 0.7500
2JWV 998 2.208 0.3776 0.7414
2JWV 999 2.214 0.3703 0.7328
2JWV 1000 2.306 0.4231 0.7759
2JWV 1001 2.105 0.3782 0.7500
2JWV 1002 2.135 0.3896 0.7586
2JWV 1003 2.263 0.3906 0.7586
2JWV 1004 2.049 0.4033 0.7672
2JWV 1005 2.214 0.3882 0.7586
2JWV 1006 2.074 0.4212 0.7759
2JWV 1007 1.935 0.3780 0.7672
2JWV 1008 2.078 0.3718 0.7586
2JWV 1009 2.186 0.3711 0.7414
2JWV 1010 2.304 0.3715 0.7328
2JWV 1011 1.870 0.3922 0.7759
2JWV 1012 2.294 0.3709 0.7414
2JWV 1013 2.396 0.3551 0.7500
2JWV 1014 2.285 0.3805 0.7414
2JWV 1015 2.085 0.3967 0.7672
2JWV 1016 1.821 0.4374 0.8103
2JWV 1017 2.305 0.3848 0.7328
2JWV 1018 2.004 0.3778 0.7586
2JWV 1019 1.789 0.4497 0.8017
2JWV 1020 2.200 0.4280 0.7672
2JWV 1021 2.075 0.4231 0.7759
2JWV 1022 1.662 0.4522 0.7931
2JWV 1023 1.822 0.4262 0.8190
2JWV 1024 2.135 0.4325 0.7759
2JWV 1025 2.299 0.3726 0.7500
2JWV 1026 2.163 0.4110 0.7672
2JWV 1027 2.511 0.3923 0.7500
2JWV 1028 2.408 0.4154 0.7500
2JWV 1029 2.315 0.3764 0.7414
2JWV 1030 2.423 0.3993 0.7586
2JWV 1031 2.326 0.3883 0.7414
2JWV 1032 2.501 0.4081 0.7414
2JWV 1033 2.581 0.3902 0.7328
2JWV 1034 2.329 0.4109 0.7500
2JWV 1035 2.044 0.4009 0.7672
2JWV 1036 1.989 0.3987 0.7586
2JWV 1037 2.591 0.3291 0.7069
2JWV 1038 2.318 0.3867 0.7586
2JWV 1039 1.896 0.4259 0.7845
2JWV 1040 1.981 0.4051 0.7672
2JWV 1041 2.132 0.3958 0.7500
2JWV 1042 2.222 0.4089 0.7672
2JWV 1043 2.356 0.3951 0.7586
2JWV 1044 2.246 0.3822 0.7586
2JWV 1045 1.980 0.3765 0.7586
2JWV 1046 1.923 0.3981 0.7672
2JWV 1047 2.069 0.3768 0.7500
2JWV 1048 2.166 0.3688 0.7586
2JWV 1049 2.168 0.4010 0.7500
2JWV 1050 2.471 0.3675 0.7328
2JWV 1051 2.092 0.4300 0.7931
2JWV 1052 2.144 0.4028 0.7586
2JWV 1053 2.425 0.3704 0.7241
2JWV 1054 2.071 0.4359 0.7845
2JWV 1055 1.979 0.3798 0.7759
2JWV 1056 1.809 0.4203 0.7931
2JWV 1057 1.679 0.4342 0.8017
2JWV 1058 1.760 0.4780 0.8190
2JWV 1059 1.929 0.5408 0.8362
2JWV 1060 2.282 0.4833 0.7931
2JWV 1061 2.195 0.4763 0.8017
2JWV 1062 2.124 0.4994 0.8190
2JWV 1063 2.237 0.4693 0.7931
2JWV 1064 2.144 0.5133 0.8103
2JWV 1065 2.182 0.5004 0.8103
2JWV 1066 2.002 0.5569 0.8362
2JWV 1067 2.031 0.5330 0.8276
2JWV 1068 2.031 0.4859 0.8103
2JWV 1069 2.020 0.5004 0.8276
2JWV 1070 2.105 0.4852 0.8017
2JWV 1071 1.991 0.5677 0.8448
2JWV 1072 2.233 0.4772 0.8017
2JWV 1073 2.297 0.4846 0.7845
2JWV 1074 2.150 0.5149 0.8190
2JWV 1075 2.254 0.4813 0.8017
2JWV 1076 2.519 0.5226 0.8190
2JWV 1077 2.792 0.5014 0.7931
2JWV 1078 2.641 0.4768 0.7931
2JWV 1079 2.662 0.5131 0.8190
2JWV 1080 2.549 0.5093 0.8017
2JWV 1081 2.615 0.4910 0.8017
2JWV 1082 2.682 0.4525 0.7672
2JWV 1083 2.580 0.4650 0.7845
2JWV 1084 2.694 0.4682 0.7759
2JWV 1085 2.576 0.4683 0.7759
2JWV 1086 2.718 0.4663 0.7672
2JWV 1087 2.711 0.4696 0.7672
2JWV 1088 2.466 0.4774 0.7931
2JWV 1089 2.592 0.4925 0.7931
2JWV 1090 2.378 0.5159 0.8190
2JWV 1091 2.707 0.4503 0.7759
2JWV 1092 2.607 0.4910 0.8103
2JWV 1093 2.700 0.4785 0.7931
2JWV 1094 2.580 0.4472 0.7672
2JWV 1095 2.500 0.4800 0.7931
2JWV 1096 2.541 0.4688 0.7931
2JWV 1097 2.431 0.4687 0.7931
2JWV 1098 2.517 0.4969 0.8017
2JWV 1099 2.628 0.4813 0.7845
2JWV 1100 2.750 0.4754 0.7931
2JWV 1101 2.862 0.4117 0.7414
2JWV 1102 2.698 0.4818 0.7845
2JWV 1103 2.615 0.4895 0.7845
2JWV 1104 2.801 0.4486 0.7500
2JWV 1105 2.883 0.4129 0.7586
2JWV 1106 2.688 0.4787 0.7672
2JWV 1107 2.698 0.5124 0.7931
2JWV 1108 2.807 0.4589 0.7759
2JWV 1109 2.805 0.4319 0.7586
2JWV 1110 2.582 0.5080 0.8103
2JWV 1111 2.691 0.4620 0.7845
2JWV 1112 2.641 0.4655 0.7759
2JWV 1113 2.654 0.4672 0.7845
2JWV 1114 2.729 0.4403 0.7759
2JWV 1115 2.765 0.5245 0.7931
2JWV 1116 2.721 0.4231 0.7759
2JWV 1117 2.679 0.4137 0.7328
2JWV 1118 2.546 0.4486 0.7931
2JWV 1119 2.647 0.4906 0.7931
2JWV 1120 2.502 0.4809 0.7931
2JWV 1121 2.704 0.4511 0.7672
2JWV 1122 2.478 0.4307 0.7586
2JWV 1123 2.496 0.4382 0.7845
2JWV 1124 2.774 0.4115 0.7672
2JWV 1125 2.470 0.5265 0.8190
2JWV 1126 2.839 0.4976 0.8017
2JWV 1127 2.594 0.4589 0.8017
2JWV 1128 2.681 0.4796 0.8017
2JWV 1129 2.532 0.4695 0.7931
2JWV 1130 2.838 0.4474 0.7672
2JWV 1131 2.483 0.4967 0.7931
2JWV 1132 2.593 0.4865 0.7845
2JWV 1133 2.722 0.4666 0.7845
2JWV 1134 2.655 0.4861 0.7759
2JWV 1135 2.555 0.4450 0.7845
2JWV 1136 2.609 0.4911 0.8017
2JWV 1137 2.452 0.5055 0.8190
2JWV 1138 2.648 0.4877 0.7845
2JWV 1139 2.559 0.4961 0.7931
2JWV 1140 2.714 0.4652 0.7845
2JWV 1141 2.478 0.5256 0.8103
2JWV 1142 2.573 0.4977 0.8103
2JWV 1143 2.541 0.4593 0.7759
2JWV 1144 2.482 0.5720 0.8276
2JWV 1145 2.654 0.4878 0.7759
2JWV 1146 2.668 0.4980 0.8017
2JWV 1147 2.611 0.4490 0.7672
2JWV 1148 2.624 0.4480 0.7586
2JWV 1149 2.752 0.4353 0.7759
2JWV 1150 2.720 0.5050 0.7931
2JWV 1151 2.854 0.4735 0.7672
2JWV 1152 2.789 0.4004 0.7672
2JWV 1153 2.909 0.4624 0.7586
2JWV 1154 2.731 0.4541 0.7759
2JWV 1155 2.877 0.4093 0.7586
2JWV 1156 2.687 0.4374 0.7586
2JWV 1157 2.733 0.4641 0.7931
2JWV 1158 2.613 0.4848 0.7845
2JWV 1159 2.766 0.4853 0.7845
2JWV 1160 2.928 0.4012 0.7414
2JWV 1161 2.624 0.4616 0.7845
2JWV 1162 2.919 0.4193 0.7328
2JWV 1163 2.737 0.4625 0.7586
2JWV 1164 2.918 0.4731 0.7759
2JWV 1165 2.672 0.4939 0.8017
2JWV 1166 2.763 0.4649 0.7845
2JWV 1167 2.753 0.4507 0.7672
2JWV 1168 2.793 0.4525 0.7672
2JWV 1169 2.764 0.4188 0.7672
2JWV 1170 2.862 0.4101 0.7414
2JWV 1171 2.628 0.4436 0.7672
2JWV 1172 2.717 0.4544 0.7845
2JWV 1173 2.679 0.4376 0.7672
2JWV 1174 2.792 0.4355 0.7672
2JWV 1175 2.639 0.4962 0.7931
2JWV 1176 2.679 0.4949 0.8017
2JWV 1177 2.517 0.4656 0.7931
2JWV 1178 2.557 0.4933 0.7931
2JWV 1179 2.503 0.5329 0.8276
2JWV 1180 2.643 0.4428 0.7845
2JWV 1181 2.661 0.5144 0.8017
2JWV 1182 2.897 0.4226 0.7500
2JWV 1183 2.735 0.4734 0.7759
2JWV 1184 2.708 0.5110 0.7931
2JWV 1185 2.622 0.4921 0.7931
2JWV 1186 3.021 0.4739 0.7759
2JWV 1187 2.837 0.4641 0.7759
2JWV 1188 2.819 0.4958 0.7845
2JWV 1189 2.831 0.5246 0.7931
2JWV 1190 2.794 0.4451 0.7672
2JWV 1191 2.888 0.4472 0.7759
2JWV 1192 2.906 0.4249 0.7414
2JWV 1193 2.907 0.4414 0.7500
2JWV 1194 2.778 0.5079 0.7845
2JWV 1195 2.910 0.5043 0.8190
2JWV 1196 2.679 0.4985 0.8017
2JWV 1197 2.789 0.4788 0.7759
2JWV 1198 2.679 0.5193 0.8103
2JWV 1199 2.713 0.4893 0.7931
2JWV 1200 2.813 0.5196 0.8017
2JWV 1201 2.695 0.4970 0.8017
2JWV 1202 2.809 0.5045 0.8017
2JWV 1203 2.787 0.5185 0.8103
2JWV 1204 2.713 0.4732 0.7845
2JWV 1205 2.798 0.5073 0.8103
2JWV 1206 2.749 0.4667 0.7759
2JWV 1207 2.876 0.4559 0.7845
2JWV 1208 2.966 0.3893 0.7155
2JWV 1209 2.694 0.4628 0.7672
2JWV 1210 2.865 0.4429 0.7586
2JWV 1211 2.678 0.4698 0.7845
2JWV 1212 2.656 0.4728 0.7759
2JWV 1213 2.627 0.4476 0.7586
2JWV 1214 2.743 0.4734 0.7845
2JWV 1215 2.617 0.4829 0.7931
2JWV 1216 2.798 0.4802 0.7931
2JWV 1217 2.713 0.4519 0.7586
2JWV 1218 2.819 0.4432 0.7586
2JWV 1219 2.691 0.4766 0.7759
2JWV 1220 2.865 0.4656 0.7845
2JWV 1221 2.764 0.4817 0.7759
2JWV 1222 2.889 0.4549 0.7759
2JWV 1223 2.828 0.4519 0.7586
2JWV 1224 2.758 0.4857 0.7931
2JWV 1225 2.712 0.4144 0.7414
2JWV 1226 2.513 0.4894 0.8017
2JWV 1227 2.772 0.4812 0.7759
2JWV 1228 2.777 0.5050 0.7931
2JWV 1229 2.833 0.4890 0.7931
2JWV 1230 2.850 0.4904 0.8103
2JWV 1231 2.603 0.5027 0.7931
2JWV 1232 2.795 0.4828 0.7931
2JWV 1233 2.730 0.5008 0.8103
2JWV 1234 2.737 0.4742 0.7931
2JWV 1235 2.885 0.4228 0.7328
2JWV 1236 2.821 0.4563 0.7672
2JWV 1237 2.551 0.4713 0.7845
2JWV 1238 2.564 0.5121 0.8190
2JWV 1239 2.585 0.5442 0.8276
2JWV 1240 2.742 0.4417 0.7845
2JWV 1241 2.796 0.4733 0.7931
2JWV 1242 2.812 0.4886 0.7931
2JWV 1243 2.683 0.5066 0.8190
2JWV 1244 2.791 0.4991 0.8103
2JWV 1245 2.742 0.5044 0.7931
2JWV 1246 2.924 0.4146 0.7672
2JWV 1247 2.809 0.4428 0.7672
2JWV 1248 2.771 0.4401 0.7672
2JWV 1249 2.616 0.4757 0.7845
2JWV 1250 2.847 0.4259 0.7500
2JWV 1251 2.668 0.4498 0.7759
2JWV 1252 2.665 0.4770 0.7845
2JWV 1253 2.580 0.4955 0.7931
2JWV 1254 2.590 0.4421 0.7759
2JWV 1255 2.711 0.4935 0.7845
2JWV 1256 2.869 0.4660 0.7672
2JWV 1257 2.658 0.4917 0.7931
2JWV 1258 2.576 0.5010 0.8017
2JWV 1259 2.513 0.5190 0.8103
2JWV 1260 2.604 0.5024 0.8103
2JWV 1261 2.448 0.5236 0.8276
2JWV 1262 2.518 0.4506 0.7845
2JWV 1263 2.722 0.4809 0.8017
2JWV 1264 2.574 0.4840 0.7845
2JWV 1265 2.672 0.4988 0.8017
2JWV 1266 2.781 0.4923 0.7931
2JWV 1267 2.622 0.4764 0.8017
2JWV 1268 2.456 0.5386 0.8362
2JWV 1269 2.645 0.5054 0.8017
2JWV 1270 2.795 0.4811 0.7759
2JWV 1271 2.710 0.4755 0.8017
2JWV 1272 2.772 0.5397 0.8017
2JWV 1273 2.779 0.5345 0.8103
2JWV 1274 2.978 0.4372 0.7500
2JWV 1275 2.820 0.5178 0.7931
2JWV 1276 3.060 0.4138 0.7500
2JWV 1277 2.841 0.4539 0.7759
2JWV 1278 2.845 0.5448 0.8190
2JWV 1279 2.848 0.4984 0.7931
2JWV 1280 2.738 0.4725 0.7931
2JWV 1281 2.751 0.5078 0.8017
2JWV 1282 2.889 0.4981 0.8017
2JWV 1283 2.738 0.5181 0.8017
2JWV 1284 2.797 0.4623 0.7672
2JWV 1285 2.819 0.4679 0.8017
2JWV 1286 2.849 0.4318 0.7672
2JWV 1287 3.013 0.4719 0.7672
2JWV 1288 2.902 0.4193 0.7500
2JWV 1289 2.805 0.5013 0.7931
2JWV 1290 3.005 0.4478 0.7672
2JWV 1291 2.662 0.4988 0.7931
2JWV 1292 2.917 0.4934 0.7759
2JWV 1293 2.916 0.4243 0.7328
2JWV 1294 2.697 0.4578 0.7759
2JWV 1295 2.732 0.5192 0.8017
2JWV 1296 2.657 0.4557 0.7845
2JWV 1297 2.897 0.4388 0.7672
2JWV 1298 2.819 0.4652 0.7672
2JWV 1299 2.677 0.5018 0.7931
2JWV 1300 2.847 0.4537 0.7845
2JWV 1301 2.790 0.5120 0.8017
2JWV 1302 2.740 0.5161 0.8103
2JWV 1303 2.716 0.4784 0.7759
2JWV 1304 2.885 0.4236 0.7500
2JWV 1305 2.832 0.4487 0.7672
2JWV 1306 2.751 0.4538 0.7759
2JWV 1307 2.674 0.4114 0.7328
2JWV 1308 2.801 0.4769 0.7759
2JWV 1309 2.671 0.4549 0.7672
2JWV 1310 2.927 0.4611 0.7586
2JWV 1311 2.962 0.4079 0.7500
2JWV 1312 3.048 0.4546 0.7586
2JWV 1313 2.869 0.4555 0.7586
2JWV 1314 3.009 0.4515 0.7500
2JWV 1315 3.017 0.4189 0.7328
2JWV 1316 2.919 0.4575 0.7672
2JWV 1317 2.903 0.5183 0.7845
2JWV 1318 2.735 0.4835 0.7759
2JWV 1319 2.814 0.5079 0.8017
2JWV 1320 2.732 0.4702 0.7845
2JWV 1321 2.831 0.4933 0.7845
2JWV 1322 2.767 0.4637 0.7759
2JWV 1323 2.850 0.4473 0.7586
2JWV 1324 2.792 0.4745 0.7845
2JWV 1325 2.989 0.4766 0.7759
2JWV 1326 2.578 0.4955 0.7931
2JWV 1327 2.787 0.4977 0.7759
2JWV 1328 2.742 0.4822 0.8017
2JWV 1329 2.722 0.4680 0.7672
2JWV 1330 2.633 0.5308 0.8190
2JWV 1331 2.753 0.4557 0.7672
2JWV 1332 2.834 0.5056 0.8017
2JWV 1333 2.712 0.5138 0.8017
2JWV 1334 2.481 0.5186 0.7931
2JWV 1335 2.780 0.4672 0.7845
2JWV 1336 2.673 0.4543 0.7586
2JWV 1337 2.790 0.4600 0.7845
2JWV 1338 2.753 0.4427 0.7759
2JWV 1339 2.759 0.4136 0.7500
2JWV 1340 2.866 0.4358 0.7672
2JWV 1341 2.758 0.4846 0.7931
2JWV 1342 2.707 0.4917 0.7759
2JWV 1343 2.784 0.4506 0.7759
2JWV 1344 2.635 0.4176 0.7586
2JWV 1345 2.936 0.4543 0.7759
2JWV 1346 2.672 0.5007 0.8017
2JWV 1347 3.026 0.4578 0.7759
2JWV 1348 2.953 0.4436 0.7672
2JWV 1349 2.873 0.4569 0.7586
2JWV 1350 2.713 0.5533 0.8103
2JWV 1351 2.833 0.4359 0.7759
2JWV 1352 2.669 0.4994 0.8017
2JWV 1353 2.773 0.5128 0.8017
2JWV 1354 2.676 0.4791 0.7845
2JWV 1355 2.958 0.4151 0.7414
2JWV 1356 2.831 0.5077 0.8017
2JWV 1357 2.817 0.4882 0.7845
2JWV 1358 2.892 0.4598 0.7672
2JWV 1359 2.839 0.4539 0.7672
2JWV 1360 2.895 0.4544 0.7759
2JWV 1361 2.983 0.3766 0.7241
2JWV 1362 3.082 0.4695 0.7759
2JWV 1363 2.826 0.4602 0.7845
2JWV 1364 2.859 0.4835 0.7931
2JWV 1365 2.732 0.4746 0.7845
2JWV 1366 2.692 0.4791 0.7931
2JWV 1367 2.728 0.4580 0.7759
2JWV 1368 2.778 0.4765 0.7845
2JWV 1369 2.709 0.4101 0.7500
2JWV 1370 2.810 0.4480 0.7759
2JWV 1371 2.919 0.3973 0.7328
2JWV 1372 2.754 0.4297 0.7672
2JWV 1373 2.640 0.4479 0.7672
2JWV 1374 2.929 0.4293 0.7414
2JWV 1375 2.721 0.4507 0.7845
2JWV 1376 2.476 0.4495 0.7845
2JWV 1377 2.666 0.4488 0.7586
2JWV 1378 2.761 0.4668 0.7586
2JWV 1379 2.462 0.4340 0.7759
2JWV 1380 2.705 0.4215 0.7328
2JWV 1381 2.683 0.4620 0.7759
2JWV 1382 2.563 0.4072 0.7500
2JWV 1383 2.474 0.4749 0.7672
2JWV 1384 3.059 0.4204 0.7414
2JWV 1385 2.695 0.4361 0.7586
2JWV 1386 2.696 0.4393 0.7672
2JWV 1387 2.795 0.4467 0.7586
2JWV 1388 2.957 0.4450 0.7414
2JWV 1389 2.770 0.4311 0.7500
2JWV 1390 2.747 0.4553 0.7845
2JWV 1391 2.642 0.4633 0.7931
2JWV 1392 2.780 0.4921 0.8103
2JWV 1393 2.918 0.4437 0.7586
2JWV 1394 2.618 0.4862 0.7845
2JWV 1395 3.042 0.4056 0.7328
2JWV 1396 2.758 0.4176 0.7500
2JWV 1397 2.691 0.4893 0.7845
2JWV 1398 2.474 0.4388 0.7586
2JWV 1399 2.301 0.4665 0.7845
2JWV 1400 2.946 0.3478 0.7155
2JWV 1401 2.814 0.4116 0.7500
2JWV 1402 2.796 0.4415 0.7500
2JWV 1403 2.881 0.4110 0.7500
2JWV 1404 2.674 0.4029 0.7414
2JWV 1405 2.783 0.4544 0.7759
2JWV 1406 2.642 0.5036 0.8017
2JWV 1407 2.706 0.4569 0.7586
2JWV 1408 2.707 0.5182 0.8017
2JWV 1409 2.604 0.4991 0.8103
2JWV 1410 2.753 0.4862 0.7845
2JWV 1411 2.635 0.5079 0.8017
2JWV 1412 2.830 0.4736 0.7759
2JWV 1413 2.711 0.5130 0.8017
2JWV 1414 2.713 0.4711 0.7931
2JWV 1415 3.076 0.4248 0.7586
2JWV 1416 2.769 0.4700 0.7672
2JWV 1417 2.771 0.4571 0.7931
2JWV 1418 2.904 0.4326 0.7759
2JWV 1419 2.653 0.4920 0.7759
2JWV 1420 2.833 0.4800 0.8017
2JWV 1421 2.761 0.4577 0.7845
2JWV 1422 2.505 0.4709 0.8103
2JWV 1423 2.644 0.4364 0.7759
2JWV 1424 2.628 0.4793 0.7845
2JWV 1425 2.837 0.4484 0.7759
2JWV 1426 2.780 0.4414 0.7672
2JWV 1427 2.762 0.4230 0.7500
2JWV 1428 2.578 0.4566 0.7931
2JWV 1429 2.579 0.4774 0.8103
2JWV 1430 2.639 0.4608 0.7931
2JWV 1431 2.610 0.4088 0.7586
2JWV 1432 2.447 0.4720 0.8017
2JWV 1433 2.384 0.4946 0.8190
2JWV 1434 2.642 0.4571 0.7845
2JWV 1435 2.701 0.4071 0.7414
2JWV 1436 2.682 0.4045 0.7414
2JWV 1437 2.640 0.3836 0.7414
2JWV 1438 2.512 0.4245 0.7414
