4A4S 1 0.000 1.0000 1.0000
4A4S 2 1.872 0.3052 0.7955
4A4S 3 1.891 0.2817 0.7614
4A4S 4 1.917 0.2894 0.7955
4A4S 5 2.358 0.3125 0.7841
4A4S 6 1.467 0.3137 0.8636
4A4S 7 1.606 0.4971 0.8636
4A4S 8 4.444 0.1651 0.5909
4A4S 9 9.414 0.1278 0.4659
4A4S 10 5.461 0.1605 0.5568
4A4S 11 11.686 0.1321 0.4091
4A4S 12 9.241 0.1753 0.4659
4A4S 13 6.506 0.1262 0.5000
4A4S 14 5.294 0.1991 0.5909
4A4S 15 7.623 0.1164 0.4091
4A4S 16 7.596 0.1498 0.5000
4A4S 17 5.587 0.1248 0.5909
4A4S 18 4.038 0.1128 0.5455
4A4S 19 8.048 0.1326 0.4886
4A4S 20 7.491 0.1572 0.4432
4A4S 21 8.157 0.1245 0.3977
4A4S 22 7.122 0.1282 0.4318
4A4S 23 6.093 0.1146 0.4886
4A4S 24 5.327 0.1758 0.5455
4A4S 25 7.456 0.1381 0.4545
4A4S 26 4.855 0.1449 0.5568
4A4S 27 5.373 0.2106 0.6250
4A4S 28 7.187 0.1416 0.5341
4A4S 29 9.267 0.1360 0.4318
4A4S 30 5.272 0.1597 0.5795
4A4S 31 5.725 0.1505 0.5341
4A4S 32 2.730 0.2048 0.7159
4A4S 33 2.957 0.2000 0.6818
4A4S 34 2.613 0.1576 0.6705
4A4S 35 3.510 0.1736 0.6364
4A4S 36 2.443 0.1857 0.7273
4A4S 37 3.088 0.2000 0.7159
4A4S 38 3.050 0.2054 0.6932
4A4S 39 5.579 0.1596 0.5341
4A4S 40 3.814 0.1727 0.6932
4A4S 41 3.029 0.1960 0.6477
4A4S 42 3.848 0.2020 0.6705
4A4S 43 3.873 0.2306 0.7500
4A4S 44 4.486 0.1678 0.5909
4A4S 45 3.449 0.2097 0.6364
4A4S 46 3.147 0.2433 0.7273
4A4S 47 2.903 0.2239 0.7045
4A4S 48 8.526 0.1465 0.4318
4A4S 49 10.550 0.1120 0.4773
4A4S 50 5.103 0.1346 0.5227
4A4S 51 8.247 0.1490 0.5000
4A4S 52 11.209 0.1208 0.3523
4A4S 53 12.100 0.1981 0.4773
4A4S 54 6.475 0.1469 0.5227
4A4S 55 6.597 0.0772 0.4659
4A4S 56 2.278 0.1813 0.7159
4A4S 57 4.065 0.1521 0.6250
4A4S 58 4.566 0.1453 0.6023
4A4S 59 6.675 0.1280 0.5341
4A4S 60 3.843 0.1893 0.6477
4A4S 61 4.471 0.1656 0.5909
4A4S 62 4.037 0.1861 0.6364
4A4S 63 5.225 0.1306 0.5909
4A4S 64 6.110 0.1286 0.5568
4A4S 65 4.007 0.1740 0.6136
4A4S 66 3.906 0.1753 0.6136
4A4S 67 3.939 0.1852 0.6136
4A4S 68 3.121 0.2218 0.7045
4A4S 69 3.566 0.1712 0.6250
4A4S 70 3.853 0.1845 0.6477
4A4S 71 2.641 0.1664 0.7273
4A4S 72 4.245 0.1907 0.6364
4A4S 73 5.109 0.1743 0.5682
4A4S 74 3.760 0.1905 0.6591
4A4S 75 3.351 0.1731 0.6591
4A4S 76 3.178 0.2049 0.6932
4A4S 77 2.817 0.1814 0.7045
4A4S 78 3.705 0.1938 0.6364
4A4S 79 9.517 0.1475 0.4886
4A4S 80 3.554 0.1862 0.6477
4A4S 81 3.456 0.2010 0.6818
4A4S 82 3.335 0.2068 0.6932
4A4S 83 3.490 0.2409 0.7045
4A4S 84 3.070 0.1989 0.6932
4A4S 85 3.826 0.1914 0.6477
4A4S 86 3.442 0.2024 0.6364
4A4S 87 3.244 0.2249 0.6932
4A4S 88 9.488 0.1279 0.4545
4A4S 89 6.642 0.1243 0.5000
4A4S 90 9.667 0.0997 0.3864
4A4S 91 9.880 0.0957 0.3523
4A4S 92 7.845 0.1079 0.5000
4A4S 93 11.753 0.1124 0.4205
4A4S 94 6.550 0.1609 0.5455
4A4S 95 9.615 0.1328 0.3977
4A4S 96 8.849 0.1265 0.3977
4A4S 97 9.866 0.1450 0.3750
4A4S 98 6.598 0.1171 0.4773
4A4S 99 2.768 0.2085 0.7273
4A4S 100 3.373 0.1512 0.6250
4A4S 101 8.223 0.2252 0.6477
4A4S 102 11.593 0.1484 0.3864
4A4S 103 8.085 0.1466 0.4318
4A4S 104 4.713 0.1689 0.5682
4A4S 105 3.965 0.1777 0.6705
4A4S 106 4.160 0.1863 0.6136
4A4S 107 4.659 0.1767 0.6136
4A4S 108 4.341 0.1901 0.6364
4A4S 109 3.077 0.1491 0.6250
4A4S 110 4.936 0.1723 0.6023
4A4S 111 4.335 0.1567 0.5795
4A4S 112 2.763 0.1377 0.6932
4A4S 113 4.136 0.2161 0.6364
4A4S 114 3.379 0.2192 0.6818
4A4S 115 3.864 0.2016 0.6705
4A4S 116 2.797 0.2037 0.7273
4A4S 117 3.721 0.1971 0.6477
4A4S 118 4.138 0.1674 0.6250
4A4S 119 3.307 0.1796 0.6932
4A4S 120 3.397 0.1971 0.7045
4A4S 121 3.501 0.1649 0.6818
4A4S 122 3.930 0.1982 0.6591
4A4S 123 3.338 0.2633 0.7159
4A4S 124 5.120 0.1205 0.5682
4A4S 125 2.977 0.2031 0.6705
4A4S 126 3.132 0.1454 0.6364
4A4S 127 2.919 0.2309 0.7159
4A4S 128 3.642 0.1472 0.6250
4A4S 129 11.009 0.1370 0.3750
4A4S 130 10.550 0.1339 0.4432
4A4S 131 4.627 0.1471 0.5682
4A4S 132 8.708 0.1351 0.3864
4A4S 133 12.023 0.1348 0.3750
4A4S 134 7.425 0.1207 0.4205
4A4S 135 5.954 0.1127 0.4545
4A4S 136 7.404 0.1331 0.4432
4A4S 137 7.767 0.0860 0.4205
4A4S 138 8.896 0.1343 0.4205
4A4S 139 5.787 0.1654 0.5455
4A4S 140 4.561 0.1710 0.6023
4A4S 141 5.639 0.1446 0.5227
4A4S 142 8.602 0.1377 0.4205
4A4S 143 5.512 0.1383 0.5795
4A4S 144 2.597 0.1732 0.7045
4A4S 145 3.866 0.1539 0.6364
4A4S 146 3.505 0.1627 0.6364
4A4S 147 3.546 0.1640 0.6250
4A4S 148 5.328 0.1644 0.5682
4A4S 149 3.748 0.1782 0.6477
4A4S 150 4.087 0.1547 0.6250
4A4S 151 4.908 0.1736 0.6364
4A4S 152 4.557 0.1685 0.5909
4A4S 153 4.359 0.1699 0.6023
4A4S 154 3.335 0.1745 0.6932
4A4S 155 4.012 0.1766 0.6136
4A4S 156 2.691 0.2256 0.7500
4A4S 157 3.537 0.1725 0.6136
4A4S 158 3.643 0.2312 0.7159
4A4S 159 3.112 0.1914 0.6477
4A4S 160 3.459 0.2143 0.6818
4A4S 161 3.522 0.1841 0.6818
4A4S 162 3.408 0.2278 0.7159
4A4S 163 3.202 0.2319 0.7386
4A4S 164 3.401 0.2342 0.6932
4A4S 165 2.978 0.2109 0.6932
4A4S 166 2.550 0.2711 0.7727
4A4S 167 3.732 0.2470 0.6818
4A4S 168 4.795 0.1743 0.5909
4A4S 169 9.594 0.1271 0.4432
4A4S 170 11.224 0.1121 0.3864
4A4S 171 5.649 0.1004 0.4659
4A4S 172 11.262 0.1469 0.3977
4A4S 173 10.099 0.1257 0.3636
4A4S 174 9.273 0.1311 0.4773
4A4S 175 7.980 0.1480 0.4886
4A4S 176 9.771 0.1246 0.3750
4A4S 177 8.535 0.1354 0.4318
4A4S 178 9.938 0.1760 0.4432
4A4S 179 4.882 0.1717 0.5795
4A4S 180 5.917 0.1113 0.4886
4A4S 181 6.729 0.1506 0.5568
4A4S 182 6.977 0.1407 0.4318
4A4S 183 5.829 0.1796 0.5455
4A4S 184 3.476 0.1654 0.6477
4A4S 185 5.867 0.1578 0.5795
4A4S 186 8.651 0.1769 0.5795
4A4S 187 6.119 0.1704 0.5341
4A4S 188 6.865 0.1597 0.4886
4A4S 189 3.080 0.1513 0.6705
4A4S 190 4.281 0.1676 0.6477
4A4S 191 2.726 0.1489 0.6591
4A4S 192 3.189 0.1303 0.6250
4A4S 193 4.494 0.1648 0.6364
4A4S 194 6.109 0.1258 0.5114
4A4S 195 3.473 0.1738 0.6477
4A4S 196 4.288 0.1524 0.6023
4A4S 197 4.451 0.1430 0.6023
4A4S 198 3.595 0.2054 0.6818
4A4S 199 2.722 0.1595 0.6705
4A4S 200 3.140 0.1707 0.6705
4A4S 201 4.248 0.1441 0.6023
4A4S 202 4.308 0.1586 0.6023
4A4S 203 6.581 0.1312 0.4545
4A4S 204 3.445 0.1451 0.5795
4A4S 205 3.628 0.1746 0.6364
4A4S 206 3.844 0.1571 0.6250
4A4S 207 3.460 0.1638 0.6818
4A4S 208 5.794 0.1540 0.5114
4A4S 209 6.638 0.1313 0.4886
4A4S 210 12.570 0.0927 0.2955
4A4S 211 9.062 0.1282 0.3295
4A4S 212 12.529 0.1250 0.3523
4A4S 213 8.874 0.1403 0.4886
4A4S 214 8.018 0.1405 0.4545
4A4S 215 6.083 0.1318 0.4545
4A4S 216 6.594 0.1831 0.5114
4A4S 217 4.654 0.1763 0.6136
4A4S 218 5.909 0.1509 0.5341
4A4S 219 9.237 0.1444 0.4545
4A4S 220 6.111 0.1576 0.5455
4A4S 221 3.205 0.1580 0.6591
4A4S 222 4.900 0.1703 0.5795
4A4S 223 3.441 0.1553 0.6705
4A4S 224 4.605 0.1646 0.6136
4A4S 225 3.913 0.1793 0.6477
4A4S 226 4.684 0.1626 0.5682
4A4S 227 3.761 0.1580 0.6023
4A4S 228 2.837 0.2344 0.7273
4A4S 229 3.154 0.1504 0.6591
4A4S 230 3.212 0.1639 0.6818
4A4S 231 3.245 0.1860 0.6705
4A4S 232 3.793 0.1742 0.6250
4A4S 233 2.827 0.1690 0.6705
4A4S 234 4.074 0.1705 0.6023
4A4S 235 3.499 0.1460 0.6136
4A4S 236 5.826 0.1706 0.5568
4A4S 237 3.869 0.1773 0.6136
4A4S 238 2.751 0.2003 0.7273
4A4S 239 4.162 0.1566 0.6136
4A4S 240 5.821 0.1567 0.5568
4A4S 241 3.105 0.1869 0.7045
4A4S 242 3.445 0.1887 0.6932
4A4S 243 3.678 0.2766 0.7159
4A4S 244 3.816 0.1989 0.6364
4A4S 245 3.065 0.1604 0.6932
4A4S 246 3.663 0.2478 0.6932
4A4S 247 3.152 0.1777 0.6705
4A4S 248 3.602 0.1754 0.6364
4A4S 249 10.561 0.1279 0.4091
4A4S 250 8.512 0.1355 0.4545
4A4S 251 9.607 0.1431 0.4659
4A4S 252 5.787 0.1281 0.4773
4A4S 253 11.180 0.1392 0.4318
4A4S 254 8.973 0.0989 0.4091
4A4S 255 12.341 0.1477 0.4545
4A4S 256 7.791 0.1397 0.4318
4A4S 257 6.953 0.1106 0.4659
4A4S 258 6.616 0.1276 0.5114
4A4S 259 5.788 0.1262 0.5227
4A4S 260 3.732 0.1524 0.6250
4A4S 261 7.709 0.1019 0.4886
4A4S 262 4.456 0.1676 0.6023
4A4S 263 3.609 0.1778 0.6364
4A4S 264 3.487 0.1397 0.6136
4A4S 265 3.359 0.1965 0.6818
4A4S 266 4.922 0.1373 0.5795
4A4S 267 3.300 0.1645 0.6250
4A4S 268 6.774 0.1731 0.5227
4A4S 269 3.151 0.1713 0.6364
4A4S 270 3.393 0.2019 0.6932
4A4S 271 3.753 0.1661 0.6250
4A4S 272 3.747 0.1797 0.6591
4A4S 273 3.837 0.1835 0.6477
4A4S 274 3.013 0.1695 0.7045
4A4S 275 3.627 0.1676 0.6591
4A4S 276 3.360 0.1862 0.6818
4A4S 277 2.835 0.2222 0.6932
4A4S 278 4.066 0.1779 0.6705
4A4S 279 3.532 0.2065 0.6705
4A4S 280 3.688 0.1806 0.6591
4A4S 281 6.429 0.1649 0.4886
4A4S 282 3.349 0.1850 0.6818
4A4S 283 3.361 0.2978 0.7045
4A4S 284 3.609 0.1861 0.6250
4A4S 285 3.727 0.2945 0.6705
4A4S 286 3.183 0.2495 0.7159
4A4S 287 3.240 0.1951 0.6818
4A4S 288 9.879 0.1047 0.3523
4A4S 289 12.901 0.0912 0.2955
4A4S 290 9.429 0.0974 0.4091
4A4S 291 9.289 0.1166 0.3977
4A4S 292 8.508 0.1421 0.4318
4A4S 293 8.883 0.1203 0.3409
4A4S 294 7.809 0.1184 0.4545
4A4S 295 4.728 0.1131 0.5909
4A4S 296 6.305 0.1383 0.4886
4A4S 297 3.207 0.1874 0.6591
4A4S 298 6.148 0.1608 0.5682
4A4S 299 8.081 0.1569 0.5227
4A4S 300 5.177 0.1550 0.5795
4A4S 301 3.972 0.1479 0.6250
4A4S 302 3.859 0.1513 0.6250
4A4S 303 8.056 0.1398 0.4886
4A4S 304 6.658 0.1308 0.5341
4A4S 305 4.221 0.1702 0.6250
4A4S 306 3.511 0.1844 0.6477
4A4S 307 9.453 0.1656 0.4659
4A4S 308 10.324 0.1420 0.3977
4A4S 309 3.606 0.1771 0.6250
4A4S 310 3.993 0.1309 0.5909
4A4S 311 3.693 0.2003 0.6818
4A4S 312 3.483 0.1751 0.6364
4A4S 313 4.120 0.1797 0.6477
4A4S 314 3.530 0.1856 0.6591
4A4S 315 3.981 0.1900 0.6023
4A4S 316 3.207 0.1656 0.6705
4A4S 317 2.822 0.2286 0.7614
4A4S 318 2.493 0.2251 0.7500
4A4S 319 2.669 0.2273 0.7386
4A4S 320 2.109 0.1545 0.7273
4A4S 321 2.764 0.2347 0.7727
4A4S 322 3.282 0.2536 0.7159
4A4S 323 3.511 0.2055 0.6705
4A4S 324 3.486 0.1870 0.6364
4A4S 325 2.832 0.1938 0.7045
4A4S 326 3.415 0.1730 0.6932
4A4S 327 2.966 0.2588 0.7614
4A4S 328 5.378 0.1531 0.5909
4A4S 329 6.865 0.1429 0.4318
4A4S 330 12.539 0.0989 0.3864
4A4S 331 8.703 0.0755 0.3523
4A4S 332 10.392 0.1248 0.4205
4A4S 333 9.912 0.1271 0.4773
4A4S 334 7.814 0.0910 0.4091
4A4S 335 10.501 0.1199 0.3977
4A4S 336 8.220 0.1609 0.4773
4A4S 337 8.299 0.1499 0.4545
4A4S 338 10.208 0.1544 0.4886
4A4S 339 4.880 0.1491 0.5455
4A4S 340 4.038 0.1543 0.6477
4A4S 341 3.631 0.1780 0.6250
4A4S 342 8.979 0.2160 0.5227
4A4S 343 4.055 0.1827 0.6023
4A4S 344 7.792 0.1729 0.5341
4A4S 345 5.711 0.1545 0.5682
4A4S 346 6.600 0.1479 0.5114
4A4S 347 2.980 0.1744 0.6591
4A4S 348 3.389 0.2411 0.6818
4A4S 349 5.075 0.1680 0.5795
4A4S 350 4.750 0.1624 0.5795
4A4S 351 3.372 0.1642 0.6250
4A4S 352 3.537 0.1704 0.6364
4A4S 353 3.544 0.1690 0.6364
4A4S 354 4.015 0.1712 0.6250
4A4S 355 5.503 0.1333 0.5114
4A4S 356 3.991 0.1719 0.6250
4A4S 357 3.586 0.1786 0.6364
4A4S 358 4.959 0.1367 0.5568
4A4S 359 3.234 0.1736 0.6477
4A4S 360 2.696 0.1946 0.6818
4A4S 361 4.318 0.1439 0.6023
4A4S 362 3.356 0.1690 0.6250
4A4S 363 4.062 0.1609 0.6477
4A4S 364 3.902 0.1592 0.6364
4A4S 365 2.982 0.1779 0.7045
4A4S 366 3.441 0.1710 0.6477
4A4S 367 3.620 0.1501 0.6250
4A4S 368 8.828 0.2773 0.6023
4A4S 369 8.379 0.1499 0.4545
4A4S 370 8.030 0.1090 0.4205
4A4S 371 5.754 0.1287 0.4659
4A4S 372 7.833 0.1758 0.5568
4A4S 373 4.908 0.1680 0.6023
4A4S 374 12.778 0.1262 0.3977
4A4S 375 7.472 0.1276 0.4432
4A4S 376 5.569 0.1502 0.5455
4A4S 377 8.352 0.1817 0.4773
4A4S 378 6.751 0.1563 0.5227
4A4S 379 4.374 0.1419 0.6023
4A4S 380 7.667 0.1368 0.5341
4A4S 381 4.065 0.1521 0.5795
4A4S 382 7.105 0.1347 0.4886
4A4S 383 4.579 0.1789 0.6023
4A4S 384 4.845 0.1654 0.6250
4A4S 385 3.387 0.1672 0.6818
4A4S 386 3.953 0.2039 0.6364
4A4S 387 3.979 0.1789 0.6591
4A4S 388 3.753 0.1609 0.6705
4A4S 389 3.158 0.1532 0.6364
4A4S 390 3.855 0.1781 0.6364
4A4S 391 3.788 0.1631 0.6136
4A4S 392 3.672 0.1629 0.6250
4A4S 393 3.426 0.1943 0.6477
4A4S 394 2.694 0.2313 0.7273
4A4S 395 3.050 0.1797 0.6932
4A4S 396 3.109 0.2199 0.7159
4A4S 397 3.162 0.2653 0.7386
4A4S 398 2.341 0.1981 0.7614
4A4S 399 4.178 0.1800 0.6364
4A4S 400 3.661 0.1771 0.6477
4A4S 401 3.344 0.1925 0.6818
4A4S 402 3.284 0.1848 0.6591
4A4S 403 2.701 0.2204 0.7386
4A4S 404 3.578 0.1802 0.6477
4A4S 405 3.006 0.2529 0.7386
4A4S 406 3.652 0.1521 0.6364
4A4S 407 3.188 0.1806 0.6818
4A4S 408 2.002 0.2308 0.7955
4A4S 409 2.166 0.2075 0.7614
4A4S 410 2.234 0.1999 0.7500
4A4S 411 2.289 0.2125 0.7500
4A4S 412 2.315 0.2044 0.7500
4A4S 413 2.315 0.2080 0.7500
4A4S 414 2.293 0.2120 0.7500
4A4S 415 2.300 0.2121 0.7500
4A4S 416 2.300 0.2145 0.7500
4A4S 417 2.270 0.2135 0.7500
4A4S 418 2.300 0.2109 0.7500
4A4S 419 2.292 0.2168 0.7500
4A4S 420 2.284 0.2157 0.7500
4A4S 421 2.292 0.2157 0.7500
4A4S 422 2.295 0.2149 0.7500
4A4S 423 2.281 0.2146 0.7500
4A4S 424 2.300 0.2141 0.7500
4A4S 425 2.292 0.2120 0.7500
4A4S 426 2.301 0.2139 0.7500
4A4S 427 2.307 0.2120 0.7500
4A4S 428 2.286 0.2142 0.7500
4A4S 429 2.293 0.2162 0.7500
4A4S 430 2.290 0.2174 0.7500
4A4S 431 2.261 0.2148 0.7500
4A4S 432 2.300 0.2097 0.7500
4A4S 433 2.276 0.2148 0.7500
4A4S 434 2.282 0.2155 0.7500
4A4S 435 2.295 0.2192 0.7500
4A4S 436 2.287 0.2131 0.7500
4A4S 437 2.301 0.2155 0.7500
4A4S 438 2.301 0.2124 0.7614
4A4S 439 2.278 0.2166 0.7500
4A4S 440 2.267 0.2164 0.7500
4A4S 441 2.295 0.2183 0.7500
4A4S 442 2.300 0.2166 0.7500
4A4S 443 2.315 0.2149 0.7500
4A4S 444 2.297 0.2151 0.7500
4A4S 445 2.280 0.2135 0.7500
4A4S 446 2.293 0.2097 0.7500
4A4S 447 2.277 0.2149 0.7500
4A4S 448 2.280 0.2097 0.7614
4A4S 449 2.287 0.2182 0.7500
4A4S 450 2.258 0.2119 0.7500
4A4S 451 2.291 0.2125 0.7500
4A4S 452 2.294 0.2095 0.7500
4A4S 453 2.312 0.2163 0.7500
4A4S 454 2.282 0.2119 0.7500
4A4S 455 2.287 0.2107 0.7500
4A4S 456 2.291 0.2056 0.7500
4A4S 457 2.314 0.2112 0.7500
4A4S 458 2.258 0.2177 0.7500
4A4S 459 2.295 0.2113 0.7500
4A4S 460 2.291 0.2107 0.7500
4A4S 461 2.301 0.2122 0.7614
4A4S 462 2.280 0.2181 0.7500
4A4S 463 2.327 0.2084 0.7500
4A4S 464 2.277 0.2154 0.7500
4A4S 465 2.265 0.2106 0.7500
4A4S 466 2.307 0.2076 0.7500
4A4S 467 2.285 0.2004 0.7500
4A4S 468 2.303 0.2030 0.7614
4A4S 469 2.265 0.2070 0.7500
4A4S 470 2.282 0.2097 0.7500
4A4S 471 2.277 0.2039 0.7500
4A4S 472 2.279 0.2033 0.7614
4A4S 473 2.292 0.2103 0.7500
4A4S 474 2.318 0.2139 0.7500
4A4S 475 2.313 0.2119 0.7500
4A4S 476 2.322 0.2076 0.7500
4A4S 477 2.267 0.2070 0.7614
4A4S 478 2.290 0.2057 0.7500
4A4S 479 2.266 0.2180 0.7500
4A4S 480 2.366 0.2045 0.7500
4A4S 481 2.294 0.2076 0.7500
4A4S 482 2.333 0.2085 0.7386
4A4S 483 2.339 0.2039 0.7386
4A4S 484 2.274 0.2155 0.7500
4A4S 485 2.264 0.2068 0.7500
4A4S 486 2.365 0.2031 0.7386
4A4S 487 2.305 0.2092 0.7386
4A4S 488 2.284 0.2149 0.7500
4A4S 489 2.322 0.2053 0.7500
4A4S 490 2.326 0.2061 0.7386
4A4S 491 2.320 0.2046 0.7500
4A4S 492 2.317 0.2086 0.7500
4A4S 493 2.285 0.2020 0.7500
4A4S 494 2.305 0.2149 0.7500
4A4S 495 2.402 0.2078 0.7386
4A4S 496 2.233 0.2053 0.7500
4A4S 497 2.386 0.2066 0.7386
4A4S 498 2.245 0.2161 0.7500
4A4S 499 2.352 0.2082 0.7386
4A4S 500 2.321 0.2102 0.7386
4A4S 501 2.313 0.2094 0.7500
4A4S 502 2.283 0.2167 0.7500
4A4S 503 2.304 0.2061 0.7500
4A4S 504 2.311 0.2043 0.7500
4A4S 505 2.310 0.2067 0.7500
4A4S 506 2.256 0.2060 0.7500
4A4S 507 2.378 0.2074 0.7386
4A4S 508 2.277 0.2077 0.7500
4A4S 509 2.322 0.2054 0.7500
4A4S 510 2.342 0.2208 0.7500
4A4S 511 2.266 0.2210 0.7500
4A4S 512 2.280 0.2201 0.7500
4A4S 513 2.235 0.2138 0.7500
4A4S 514 2.206 0.2094 0.7500
4A4S 515 2.220 0.2070 0.7500
4A4S 516 2.339 0.2092 0.7500
4A4S 517 2.293 0.1970 0.7500
4A4S 518 2.274 0.2083 0.7614
4A4S 519 2.275 0.1923 0.7500
4A4S 520 2.259 0.2076 0.7500
4A4S 521 2.356 0.1937 0.7500
4A4S 522 2.321 0.1879 0.7500
4A4S 523 2.382 0.1836 0.7500
4A4S 524 2.302 0.1911 0.7500
4A4S 525 2.313 0.1878 0.7500
4A4S 526 2.262 0.1879 0.7386
4A4S 527 2.320 0.1913 0.7500
4A4S 528 2.303 0.1897 0.7500
4A4S 529 2.261 0.1832 0.7386
4A4S 530 2.274 0.1802 0.7273
4A4S 531 2.321 0.1861 0.7500
4A4S 532 2.230 0.1857 0.7500
4A4S 533 2.266 0.1947 0.7386
4A4S 534 2.283 0.1886 0.7500
4A4S 535 2.287 0.1914 0.7500
4A4S 536 2.306 0.1920 0.7386
4A4S 537 2.253 0.1948 0.7500
4A4S 538 2.350 0.1931 0.7386
4A4S 539 2.334 0.1999 0.7386
4A4S 540 2.324 0.1959 0.7500
4A4S 541 2.304 0.1963 0.7386
4A4S 542 2.305 0.1976 0.7386
4A4S 543 2.391 0.1870 0.7386
4A4S 544 2.256 0.1905 0.7386
4A4S 545 2.393 0.1823 0.7273
4A4S 546 2.353 0.1918 0.7500
4A4S 547 2.357 0.1840 0.7273
4A4S 548 2.375 0.1884 0.7500
4A4S 549 2.269 0.1929 0.7500
4A4S 550 2.172 0.1900 0.7500
4A4S 551 2.149 0.1953 0.7727
4A4S 552 2.313 0.2034 0.7614
4A4S 553 2.205 0.1919 0.7614
4A4S 554 2.262 0.1909 0.7614
4A4S 555 2.206 0.1912 0.7614
4A4S 556 2.264 0.1927 0.7500
4A4S 557 2.308 0.2024 0.7386
4A4S 558 2.247 0.1925 0.7500
4A4S 559 2.246 0.1844 0.7386
4A4S 560 2.305 0.1853 0.7386
4A4S 561 2.195 0.1902 0.7500
4A4S 562 2.237 0.2039 0.7500
4A4S 563 2.251 0.2022 0.7500
4A4S 564 2.361 0.1914 0.7386
4A4S 565 2.239 0.2020 0.7614
4A4S 566 2.296 0.1882 0.7386
4A4S 567 2.263 0.1902 0.7386
4A4S 568 2.238 0.1951 0.7500
4A4S 569 2.253 0.1924 0.7500
4A4S 570 2.298 0.1898 0.7500
4A4S 571 2.280 0.1900 0.7386
4A4S 572 2.269 0.1973 0.7386
4A4S 573 2.210 0.1998 0.7614
4A4S 574 2.303 0.1877 0.7500
4A4S 575 2.312 0.1917 0.7500
4A4S 576 2.223 0.1971 0.7500
4A4S 577 2.262 0.1951 0.7500
4A4S 578 2.200 0.2100 0.7614
4A4S 579 2.266 0.1890 0.7500
4A4S 580 2.234 0.1923 0.7500
4A4S 581 2.287 0.1975 0.7500
4A4S 582 2.258 0.1891 0.7386
4A4S 583 2.324 0.1885 0.7273
4A4S 584 2.278 0.1957 0.7386
4A4S 585 2.253 0.1974 0.7500
4A4S 586 2.231 0.1972 0.7386
4A4S 587 2.330 0.1957 0.7500
4A4S 588 2.332 0.2207 0.7614
4A4S 589 2.257 0.2107 0.7500
4A4S 590 2.237 0.2037 0.7500
4A4S 591 2.241 0.1974 0.7614
4A4S 592 2.234 0.1945 0.7386
4A4S 593 2.384 0.1942 0.7500
4A4S 594 2.227 0.1912 0.7500
4A4S 595 2.188 0.2050 0.7841
4A4S 596 2.253 0.1903 0.7386
4A4S 597 2.290 0.2092 0.7614
4A4S 598 2.304 0.1924 0.7386
4A4S 599 2.273 0.1919 0.7386
4A4S 600 2.263 0.2043 0.7386
4A4S 601 2.314 0.2114 0.7614
4A4S 602 2.271 0.2067 0.7500
4A4S 603 2.328 0.1897 0.7386
4A4S 604 2.363 0.1964 0.7614
4A4S 605 2.294 0.1834 0.7500
4A4S 606 2.221 0.1875 0.7727
4A4S 607 2.260 0.2087 0.7386
4A4S 608 2.227 0.2210 0.7841
4A4S 609 2.255 0.1917 0.7386
4A4S 610 2.248 0.2199 0.7500
4A4S 611 2.272 0.2247 0.7386
4A4S 612 2.401 0.2105 0.7386
4A4S 613 2.250 0.1964 0.7386
4A4S 614 2.197 0.1913 0.7614
4A4S 615 2.200 0.1935 0.7500
4A4S 616 2.199 0.2017 0.7614
4A4S 617 2.239 0.2217 0.7727
4A4S 618 2.336 0.1949 0.7500
4A4S 619 2.322 0.2227 0.7500
4A4S 620 2.281 0.2222 0.7727
4A4S 621 2.271 0.2014 0.7386
4A4S 622 2.332 0.1931 0.7500
4A4S 623 2.134 0.1807 0.7500
4A4S 624 2.319 0.2114 0.7500
4A4S 625 2.335 0.2029 0.7386
4A4S 626 2.229 0.1906 0.7386
4A4S 627 2.278 0.2182 0.7386
4A4S 628 2.087 0.2055 0.7614
4A4S 629 2.310 0.1851 0.7500
4A4S 630 2.287 0.2105 0.7500
4A4S 631 2.221 0.2003 0.7614
4A4S 632 2.336 0.1967 0.7386
4A4S 633 2.151 0.2016 0.7614
4A4S 634 2.209 0.2059 0.7500
4A4S 635 2.237 0.2131 0.7614
4A4S 636 2.308 0.1976 0.7500
4A4S 637 2.235 0.2056 0.7386
4A4S 638 2.218 0.2090 0.7841
4A4S 639 2.461 0.1883 0.7386
4A4S 640 2.284 0.1970 0.7500
4A4S 641 2.302 0.2043 0.7500
4A4S 642 2.161 0.2165 0.7727
4A4S 643 2.310 0.2095 0.7500
4A4S 644 2.217 0.2049 0.7614
4A4S 645 2.261 0.1860 0.7500
4A4S 646 2.303 0.1922 0.7500
4A4S 647 2.240 0.2096 0.7500
4A4S 648 2.295 0.2156 0.7500
4A4S 649 2.273 0.2031 0.7500
4A4S 650 2.207 0.2095 0.7614
4A4S 651 2.296 0.1891 0.7500
4A4S 652 2.298 0.1874 0.7386
4A4S 653 2.234 0.1880 0.7500
4A4S 654 2.189 0.1877 0.7500
4A4S 655 2.307 0.1899 0.7386
4A4S 656 2.302 0.1903 0.7386
4A4S 657 2.259 0.1825 0.7500
4A4S 658 2.274 0.1915 0.7500
4A4S 659 2.502 0.1824 0.7386
4A4S 660 2.484 0.1844 0.7386
4A4S 661 2.219 0.1839 0.7386
4A4S 662 2.288 0.1957 0.7500
4A4S 663 2.192 0.2053 0.7500
4A4S 664 2.278 0.1940 0.7386
4A4S 665 2.298 0.1774 0.7273
4A4S 666 2.287 0.2045 0.7500
4A4S 667 2.310 0.2074 0.7386
4A4S 668 2.171 0.1952 0.7500
4A4S 669 2.246 0.1833 0.7386
4A4S 670 2.279 0.1936 0.7500
4A4S 671 2.201 0.1904 0.7386
4A4S 672 2.260 0.1800 0.7273
4A4S 673 2.249 0.1932 0.7386
4A4S 674 2.155 0.2036 0.7500
4A4S 675 2.217 0.1777 0.7500
4A4S 676 2.168 0.1886 0.7614
4A4S 677 2.173 0.1823 0.7386
4A4S 678 2.428 0.1921 0.7500
4A4S 679 2.250 0.1766 0.7500
4A4S 680 2.167 0.1973 0.7500
4A4S 681 2.445 0.1854 0.7273
4A4S 682 2.377 0.1901 0.7500
4A4S 683 2.449 0.1953 0.7273
4A4S 684 2.435 0.1983 0.7273
4A4S 685 2.419 0.2043 0.7273
4A4S 686 2.343 0.1965 0.7500
4A4S 687 2.421 0.1874 0.7159
4A4S 688 2.341 0.1896 0.7614
4A4S 689 2.311 0.1824 0.7386
4A4S 690 2.189 0.1957 0.7727
4A4S 691 2.274 0.1993 0.7500
4A4S 692 2.240 0.1852 0.7386
4A4S 693 2.271 0.2083 0.7500
4A4S 694 2.196 0.2231 0.7614
4A4S 695 2.227 0.1958 0.7500
4A4S 696 2.395 0.1871 0.7273
4A4S 697 2.303 0.1782 0.7273
4A4S 698 2.237 0.1939 0.7500
4A4S 699 2.204 0.2029 0.7500
4A4S 700 2.280 0.2011 0.7386
4A4S 701 2.388 0.1931 0.7386
4A4S 702 2.278 0.1990 0.7500
4A4S 703 2.356 0.1987 0.7500
4A4S 704 2.422 0.1817 0.7500
4A4S 705 2.395 0.1969 0.7500
4A4S 706 2.280 0.1844 0.7500
4A4S 707 2.365 0.1988 0.7386
4A4S 708 2.294 0.1781 0.7386
4A4S 709 2.350 0.2014 0.7386
4A4S 710 2.329 0.1904 0.7386
4A4S 711 2.312 0.1713 0.7500
4A4S 712 2.356 0.1818 0.7045
4A4S 713 2.273 0.1843 0.7273
4A4S 714 2.348 0.1835 0.7273
4A4S 715 2.338 0.1842 0.7159
4A4S 716 2.370 0.2062 0.7045
4A4S 717 2.353 0.1991 0.7273
4A4S 718 2.423 0.1925 0.7045
4A4S 719 2.314 0.1762 0.7159
4A4S 720 2.314 0.1775 0.6932
4A4S 721 2.311 0.1793 0.7159
4A4S 722 2.421 0.1827 0.7159
4A4S 723 2.385 0.1879 0.7045
4A4S 724 2.331 0.1874 0.7045
4A4S 725 2.407 0.1992 0.7159
4A4S 726 2.426 0.1735 0.7045
4A4S 727 2.249 0.1745 0.7500
4A4S 728 2.452 0.1686 0.7159
4A4S 729 2.255 0.1802 0.7045
4A4S 730 2.306 0.1889 0.7159
4A4S 731 2.261 0.1938 0.7159
4A4S 732 2.315 0.1959 0.7159
4A4S 733 2.376 0.1745 0.7045
4A4S 734 2.343 0.1826 0.7045
4A4S 735 2.344 0.1872 0.7045
4A4S 736 2.383 0.1813 0.6818
4A4S 737 2.460 0.1732 0.6932
4A4S 738 2.284 0.1925 0.7159
4A4S 739 2.331 0.1867 0.7045
4A4S 740 2.260 0.2220 0.7386
4A4S 741 2.397 0.2094 0.7159
4A4S 742 2.340 0.1931 0.7273
4A4S 743 2.375 0.1861 0.7273
4A4S 744 2.421 0.2013 0.7159
4A4S 745 2.321 0.1951 0.7273
4A4S 746 2.475 0.2157 0.7045
4A4S 747 2.240 0.2073 0.7159
4A4S 748 2.242 0.1950 0.7386
4A4S 749 2.390 0.1929 0.7159
4A4S 750 2.449 0.2114 0.7273
4A4S 751 2.490 0.1959 0.7045
4A4S 752 2.287 0.1889 0.7159
4A4S 753 2.484 0.1887 0.6818
4A4S 754 2.320 0.2054 0.7159
4A4S 755 2.318 0.1817 0.7045
4A4S 756 2.262 0.1805 0.7386
4A4S 757 2.392 0.1694 0.7159
4A4S 758 2.363 0.2000 0.7273
4A4S 759 2.427 0.1950 0.7045
4A4S 760 2.460 0.1846 0.7045
4A4S 761 2.394 0.1873 0.7273
4A4S 762 2.269 0.2041 0.7386
4A4S 763 2.387 0.1858 0.7159
4A4S 764 2.342 0.1986 0.7159
4A4S 765 2.365 0.1781 0.7159
4A4S 766 2.200 0.1833 0.7159
4A4S 767 2.367 0.1948 0.7045
4A4S 768 2.201 0.2277 0.7273
4A4S 769 2.313 0.1875 0.7159
4A4S 770 2.361 0.1976 0.7045
4A4S 771 2.478 0.1940 0.6932
4A4S 772 2.374 0.1787 0.7045
4A4S 773 2.303 0.1817 0.7386
4A4S 774 2.400 0.1781 0.6932
4A4S 775 2.273 0.1963 0.7273
4A4S 776 2.436 0.2062 0.7045
4A4S 777 2.391 0.1966 0.7159
4A4S 778 2.399 0.1905 0.7045
4A4S 779 2.155 0.2103 0.7273
4A4S 780 2.144 0.1767 0.7159
4A4S 781 2.369 0.1925 0.7045
4A4S 782 2.269 0.1826 0.7273
4A4S 783 2.337 0.1949 0.7159
4A4S 784 2.394 0.1978 0.7159
4A4S 785 2.239 0.2199 0.7273
4A4S 786 2.355 0.1908 0.7159
4A4S 787 2.486 0.2110 0.7273
4A4S 788 2.445 0.1791 0.6932
4A4S 789 2.411 0.1912 0.7159
4A4S 790 2.444 0.1794 0.6932
4A4S 791 2.278 0.1917 0.7045
4A4S 792 2.405 0.1898 0.7045
4A4S 793 2.344 0.1833 0.7159
4A4S 794 2.517 0.2095 0.7045
4A4S 795 2.434 0.1932 0.7159
4A4S 796 2.272 0.1850 0.7273
4A4S 797 2.453 0.1808 0.7045
4A4S 798 2.349 0.2023 0.7273
4A4S 799 2.386 0.2087 0.7045
4A4S 800 2.256 0.1801 0.7273
4A4S 801 2.293 0.1997 0.7386
4A4S 802 2.381 0.2038 0.7386
4A4S 803 2.110 0.1863 0.7273
4A4S 804 2.362 0.1859 0.7159
4A4S 805 2.272 0.1847 0.7273
4A4S 806 2.263 0.2058 0.7386
4A4S 807 2.441 0.2098 0.7159
4A4S 808 2.258 0.2079 0.7273
4A4S 809 2.280 0.1983 0.7386
4A4S 810 2.286 0.2094 0.7273
4A4S 811 2.311 0.1957 0.7386
4A4S 812 2.293 0.1979 0.7159
4A4S 813 2.213 0.2029 0.7159
4A4S 814 2.361 0.2069 0.7159
4A4S 815 2.339 0.1962 0.7500
4A4S 816 2.312 0.1953 0.7159
4A4S 817 2.480 0.1948 0.6818
4A4S 818 2.464 0.1894 0.7159
4A4S 819 2.438 0.1827 0.6818
4A4S 820 2.399 0.1698 0.6705
4A4S 821 2.413 0.1827 0.7045
4A4S 822 2.402 0.1848 0.6705
4A4S 823 2.566 0.1858 0.7045
4A4S 824 2.344 0.2112 0.7045
4A4S 825 2.444 0.1878 0.7045
4A4S 826 2.552 0.1815 0.6932
4A4S 827 2.305 0.1938 0.7159
4A4S 828 2.397 0.1815 0.7045
4A4S 829 2.427 0.1734 0.6818
4A4S 830 2.420 0.1864 0.6932
4A4S 831 2.502 0.1628 0.7045
4A4S 832 2.467 0.1734 0.7045
4A4S 833 2.411 0.1797 0.7045
4A4S 834 2.530 0.1647 0.7045
4A4S 835 2.474 0.1777 0.7045
4A4S 836 2.343 0.1774 0.7159
4A4S 837 2.545 0.1743 0.6818
4A4S 838 2.348 0.1648 0.7159
4A4S 839 2.301 0.1938 0.7045
4A4S 840 2.468 0.2019 0.7045
4A4S 841 2.212 0.2145 0.7500
4A4S 842 2.180 0.1947 0.7273
4A4S 843 2.226 0.2210 0.7045
4A4S 844 2.212 0.1878 0.7273
4A4S 845 2.341 0.2139 0.7273
4A4S 846 2.261 0.2281 0.7273
4A4S 847 2.393 0.2130 0.7386
4A4S 848 2.343 0.2119 0.7159
4A4S 849 2.362 0.2007 0.7273
4A4S 850 2.285 0.2009 0.7386
4A4S 851 2.261 0.2071 0.7273
4A4S 852 2.270 0.2244 0.7614
4A4S 853 2.257 0.2041 0.7500
4A4S 854 2.327 0.2067 0.7273
4A4S 855 2.236 0.2068 0.7386
4A4S 856 2.486 0.1919 0.7273
4A4S 857 2.382 0.1781 0.7273
4A4S 858 2.395 0.2172 0.7500
4A4S 859 2.244 0.1992 0.7614
4A4S 860 2.334 0.2089 0.7386
4A4S 861 2.285 0.1797 0.7273
4A4S 862 2.391 0.1711 0.7273
4A4S 863 2.290 0.1832 0.7273
4A4S 864 2.277 0.1812 0.7500
4A4S 865 2.391 0.1986 0.7386
4A4S 866 2.308 0.1834 0.7500
4A4S 867 2.443 0.2066 0.7159
4A4S 868 2.302 0.2021 0.7614
4A4S 869 2.310 0.2149 0.7386
4A4S 870 2.191 0.2209 0.7386
4A4S 871 2.325 0.1988 0.7386
4A4S 872 2.377 0.1844 0.7273
4A4S 873 2.307 0.2047 0.7500
4A4S 874 2.273 0.1997 0.7273
4A4S 875 2.187 0.2084 0.7500
4A4S 876 2.287 0.2308 0.7614
4A4S 877 2.219 0.1978 0.7386
4A4S 878 2.332 0.2227 0.7386
4A4S 879 2.236 0.2194 0.7386
4A4S 880 2.250 0.1960 0.7386
4A4S 881 2.274 0.1991 0.7273
4A4S 882 2.356 0.1847 0.7273
4A4S 883 2.098 0.1893 0.7500
4A4S 884 2.479 0.1793 0.7273
4A4S 885 2.489 0.1724 0.7273
4A4S 886 2.252 0.1973 0.7386
4A4S 887 2.431 0.1838 0.7273
4A4S 888 2.138 0.2054 0.7386
4A4S 889 2.242 0.1852 0.7386
4A4S 890 2.250 0.2003 0.7386
4A4S 891 2.121 0.2117 0.7727
4A4S 892 2.431 0.1926 0.7386
4A4S 893 2.154 0.1926 0.7273
4A4S 894 2.242 0.1974 0.7614
4A4S 895 2.254 0.1879 0.7386
4A4S 896 2.066 0.2175 0.7500
4A4S 897 2.331 0.1916 0.7500
4A4S 898 2.318 0.2032 0.7500
4A4S 899 2.338 0.1844 0.7273
4A4S 900 2.219 0.2050 0.7500
4A4S 901 2.352 0.1824 0.7500
4A4S 902 2.267 0.2180 0.7500
4A4S 903 2.175 0.2139 0.7386
4A4S 904 2.478 0.1978 0.7500
4A4S 905 2.327 0.2109 0.7273
4A4S 906 2.155 0.2151 0.7500
4A4S 907 2.209 0.1849 0.7500
4A4S 908 2.225 0.1882 0.7386
4A4S 909 2.248 0.2090 0.7500
4A4S 910 2.333 0.2127 0.7386
4A4S 911 2.132 0.2266 0.7614
4A4S 912 2.251 0.1958 0.7159
4A4S 913 2.187 0.2029 0.7386
4A4S 914 2.423 0.2134 0.7500
4A4S 915 2.536 0.2082 0.7386
4A4S 916 2.099 0.2001 0.7500
4A4S 917 2.250 0.1673 0.7386
4A4S 918 2.111 0.1978 0.7500
4A4S 919 2.303 0.2124 0.7273
4A4S 920 2.454 0.1943 0.7386
4A4S 921 2.426 0.1881 0.7273
4A4S 922 2.402 0.1813 0.7273
4A4S 923 2.344 0.2065 0.7273
4A4S 924 2.346 0.2237 0.7614
4A4S 925 2.229 0.1947 0.7500
4A4S 926 2.163 0.2044 0.7386
4A4S 927 2.490 0.1864 0.7273
4A4S 928 2.209 0.1878 0.7500
4A4S 929 2.300 0.1737 0.7386
4A4S 930 2.276 0.1830 0.7386
4A4S 931 2.375 0.1951 0.7273
4A4S 932 2.218 0.1872 0.7273
4A4S 933 2.460 0.1882 0.7273
4A4S 934 2.238 0.1922 0.7500
4A4S 935 2.098 0.2244 0.7841
4A4S 936 2.299 0.2174 0.7955
4A4S 937 2.357 0.2029 0.7386
4A4S 938 2.492 0.1958 0.7045
4A4S 939 2.395 0.2031 0.7273
4A4S 940 2.328 0.1909 0.7500
4A4S 941 2.229 0.2031 0.7500
4A4S 942 2.300 0.1919 0.7614
4A4S 943 2.123 0.1987 0.7500
4A4S 944 2.296 0.2077 0.7500
4A4S 945 2.343 0.1874 0.7273
4A4S 946 2.201 0.1886 0.7273
4A4S 947 2.157 0.2052 0.7386
4A4S 948 2.154 0.1987 0.7386
4A4S 949 2.368 0.2015 0.7500
4A4S 950 2.222 0.2196 0.7727
4A4S 951 2.294 0.1925 0.7273
4A4S 952 2.277 0.1974 0.7614
4A4S 953 2.266 0.1852 0.7273
4A4S 954 2.377 0.1879 0.7500
4A4S 955 2.241 0.1941 0.7273
4A4S 956 2.320 0.1866 0.7500
4A4S 957 2.401 0.1938 0.7386
4A4S 958 2.236 0.1801 0.7500
4A4S 959 2.166 0.1885 0.7614
4A4S 960 2.354 0.2132 0.7386
4A4S 961 2.290 0.2094 0.7386
4A4S 962 2.305 0.2291 0.7614
4A4S 963 2.364 0.2102 0.7273
4A4S 964 1.938 0.2236 0.7500
4A4S 965 2.145 0.2361 0.7727
4A4S 966 2.233 0.1821 0.7386
4A4S 967 2.246 0.2046 0.7386
4A4S 968 2.404 0.1978 0.7614
4A4S 969 2.369 0.2277 0.7273
4A4S 970 2.206 0.2327 0.7727
4A4S 971 2.378 0.2336 0.7500
4A4S 972 2.348 0.2179 0.7273
4A4S 973 2.234 0.2259 0.7614
4A4S 974 2.336 0.1970 0.7273
4A4S 975 2.326 0.2055 0.7273
4A4S 976 2.280 0.2208 0.7614
4A4S 977 2.270 0.1905 0.7500
4A4S 978 2.267 0.2009 0.7500
4A4S 979 2.143 0.2300 0.7614
4A4S 980 2.292 0.1843 0.7386
4A4S 981 2.192 0.2205 0.7386
4A4S 982 2.422 0.2110 0.7159
4A4S 983 2.274 0.2016 0.7614
4A4S 984 2.237 0.1877 0.7386
4A4S 985 2.365 0.1903 0.7273
4A4S 986 2.275 0.1862 0.7273
4A4S 987 2.536 0.1864 0.7159
4A4S 988 2.265 0.2495 0.7500
4A4S 989 2.367 0.2197 0.7273
4A4S 990 2.325 0.1802 0.7386
4A4S 991 2.601 0.1836 0.7045
4A4S 992 2.415 0.1824 0.7159
4A4S 993 2.349 0.1637 0.7159
4A4S 994 2.377 0.1955 0.7159
4A4S 995 2.496 0.1775 0.7159
4A4S 996 2.654 0.1676 0.6932
4A4S 997 2.344 0.1943 0.7273
4A4S 998 2.433 0.2237 0.7273
4A4S 999 2.269 0.1879 0.7273
4A4S 1000 2.248 0.1985 0.7500
4A4S 1001 2.380 0.2005 0.7386
4A4S 1002 2.352 0.1607 0.6932
4A4S 1003 2.405 0.2348 0.7386
4A4S 1004 2.604 0.1837 0.7045
4A4S 1005 2.590 0.2018 0.7159
4A4S 1006 2.371 0.2399 0.7273
4A4S 1007 2.288 0.1911 0.7500
4A4S 1008 2.273 0.2073 0.7273
4A4S 1009 2.281 0.2249 0.7500
4A4S 1010 2.451 0.2188 0.7045
4A4S 1011 2.429 0.1890 0.7159
4A4S 1012 2.272 0.2331 0.7386
4A4S 1013 2.488 0.1829 0.7159
4A4S 1014 2.445 0.2135 0.7273
4A4S 1015 2.450 0.2012 0.7159
4A4S 1016 2.473 0.1787 0.7273
4A4S 1017 2.056 0.1883 0.7614
4A4S 1018 2.304 0.1903 0.7273
4A4S 1019 2.299 0.1968 0.7273
4A4S 1020 2.278 0.2067 0.7273
4A4S 1021 2.152 0.1922 0.7273
4A4S 1022 2.220 0.2197 0.7386
4A4S 1023 2.225 0.1944 0.7500
4A4S 1024 2.327 0.2102 0.7386
4A4S 1025 2.352 0.1891 0.7273
4A4S 1026 2.493 0.1789 0.7386
4A4S 1027 2.432 0.1814 0.7273
4A4S 1028 2.338 0.1774 0.7273
4A4S 1029 2.403 0.1998 0.7386
4A4S 1030 2.383 0.1962 0.7273
4A4S 1031 2.274 0.1920 0.7159
4A4S 1032 2.313 0.2344 0.7273
4A4S 1033 2.518 0.2062 0.7045
4A4S 1034 2.704 0.1925 0.6932
4A4S 1035 2.655 0.2015 0.7045
4A4S 1036 2.406 0.1936 0.7159
4A4S 1037 2.386 0.1808 0.7273
4A4S 1038 2.347 0.2125 0.7273
4A4S 1039 2.422 0.1909 0.7386
4A4S 1040 2.129 0.1883 0.7386
4A4S 1041 2.557 0.1992 0.7045
4A4S 1042 2.487 0.1942 0.7386
4A4S 1043 2.495 0.1944 0.7273
4A4S 1044 2.311 0.1725 0.7273
4A4S 1045 2.514 0.1778 0.7273
4A4S 1046 2.457 0.2138 0.7159
4A4S 1047 2.447 0.2046 0.7386
4A4S 1048 2.602 0.2262 0.7159
4A4S 1049 2.530 0.1726 0.7045
4A4S 1050 2.462 0.2031 0.7159
4A4S 1051 2.434 0.1786 0.7273
4A4S 1052 2.306 0.2160 0.7614
4A4S 1053 2.607 0.1627 0.6932
4A4S 1054 2.528 0.1862 0.6932
4A4S 1055 2.525 0.1762 0.7045
4A4S 1056 2.806 0.1855 0.6818
4A4S 1057 2.290 0.1886 0.7159
4A4S 1058 2.382 0.2053 0.7500
4A4S 1059 2.574 0.2069 0.7386
4A4S 1060 2.471 0.1785 0.7045
4A4S 1061 2.775 0.1697 0.6932
4A4S 1062 2.339 0.1849 0.7386
4A4S 1063 2.534 0.1760 0.6932
4A4S 1064 2.470 0.2359 0.7273
4A4S 1065 2.629 0.2033 0.6818
4A4S 1066 2.522 0.1874 0.7159
4A4S 1067 2.261 0.2162 0.7500
4A4S 1068 2.488 0.2099 0.7045
4A4S 1069 2.547 0.1827 0.7273
4A4S 1070 2.355 0.2007 0.7500
4A4S 1071 2.340 0.1989 0.7273
4A4S 1072 2.567 0.1867 0.7273
4A4S 1073 2.459 0.1646 0.7045
4A4S 1074 2.456 0.1958 0.7386
4A4S 1075 2.441 0.1999 0.7386
4A4S 1076 2.541 0.1741 0.7045
4A4S 1077 2.476 0.1900 0.7614
4A4S 1078 2.406 0.2069 0.7159
4A4S 1079 2.410 0.2009 0.7386
4A4S 1080 2.265 0.1938 0.7727
4A4S 1081 2.145 0.2006 0.7386
4A4S 1082 2.247 0.2140 0.7500
4A4S 1083 2.089 0.2343 0.8068
4A4S 1084 2.303 0.1906 0.7500
4A4S 1085 2.367 0.1866 0.7500
4A4S 1086 2.186 0.1998 0.7727
4A4S 1087 2.550 0.1612 0.7045
4A4S 1088 2.278 0.1837 0.7273
4A4S 1089 2.340 0.1769 0.7386
4A4S 1090 2.234 0.1948 0.7386
4A4S 1091 2.401 0.1733 0.7159
4A4S 1092 2.254 0.2143 0.7841
4A4S 1093 2.194 0.1888 0.7273
4A4S 1094 2.286 0.1872 0.7273
4A4S 1095 2.156 0.2309 0.7614
4A4S 1096 2.567 0.1627 0.6818
4A4S 1097 2.378 0.1572 0.7386
4A4S 1098 2.429 0.1865 0.7045
4A4S 1099 2.054 0.1959 0.7500
4A4S 1100 2.179 0.2479 0.7500
4A4S 1101 2.157 0.1721 0.7273
4A4S 1102 2.432 0.1961 0.7045
4A4S 1103 2.158 0.2228 0.7614
4A4S 1104 2.355 0.1727 0.7273
4A4S 1105 2.482 0.1846 0.7045
4A4S 1106 2.301 0.1736 0.7386
4A4S 1107 2.224 0.1979 0.7386
4A4S 1108 2.279 0.2128 0.7386
4A4S 1109 2.382 0.2144 0.7159
4A4S 1110 2.322 0.1983 0.7386
4A4S 1111 2.714 0.1975 0.7159
4A4S 1112 2.232 0.2166 0.7386
4A4S 1113 2.512 0.1861 0.7500
4A4S 1114 2.398 0.1798 0.7045
4A4S 1115 2.138 0.1860 0.7614
4A4S 1116 2.328 0.2177 0.7500
4A4S 1117 2.329 0.2358 0.7500
4A4S 1118 2.263 0.2121 0.7500
4A4S 1119 2.138 0.2291 0.7614
4A4S 1120 2.275 0.1976 0.7386
4A4S 1121 2.227 0.2154 0.7273
4A4S 1122 2.368 0.2172 0.7273
4A4S 1123 2.167 0.2090 0.7500
4A4S 1124 2.049 0.2131 0.7386
4A4S 1125 2.261 0.2085 0.7273
4A4S 1126 2.316 0.1721 0.7273
4A4S 1127 2.448 0.1990 0.7273
4A4S 1128 2.272 0.1683 0.7386
4A4S 1129 2.292 0.1895 0.7386
4A4S 1130 2.182 0.2183 0.7500
4A4S 1131 2.291 0.1905 0.7273
4A4S 1132 2.339 0.1755 0.7386
4A4S 1133 2.337 0.1907 0.7159
4A4S 1134 2.232 0.1739 0.7386
4A4S 1135 2.215 0.1721 0.7273
4A4S 1136 2.244 0.1998 0.7386
4A4S 1137 2.332 0.1810 0.7500
4A4S 1138 2.362 0.1892 0.7386
4A4S 1139 2.224 0.1873 0.7386
4A4S 1140 2.352 0.2461 0.7273
4A4S 1141 2.260 0.1582 0.7500
4A4S 1142 2.188 0.2076 0.7386
4A4S 1143 2.492 0.1579 0.7045
4A4S 1144 2.492 0.1713 0.7159
4A4S 1145 2.491 0.1665 0.7273
4A4S 1146 2.299 0.1888 0.7614
4A4S 1147 2.325 0.1681 0.7273
4A4S 1148 2.358 0.1698 0.7273
4A4S 1149 2.463 0.1845 0.7159
4A4S 1150 2.386 0.1646 0.7159
4A4S 1151 2.244 0.1811 0.7273
4A4S 1152 2.263 0.1748 0.7273
4A4S 1153 2.194 0.1788 0.7273
4A4S 1154 2.203 0.1934 0.7614
4A4S 1155 2.450 0.1897 0.7159
4A4S 1156 2.213 0.1970 0.7500
4A4S 1157 2.389 0.1888 0.7273
4A4S 1158 2.142 0.1747 0.7159
4A4S 1159 2.339 0.1811 0.7045
4A4S 1160 2.489 0.1841 0.7273
4A4S 1161 2.129 0.1826 0.7273
4A4S 1162 2.243 0.2012 0.7500
4A4S 1163 2.425 0.1953 0.6932
4A4S 1164 2.163 0.1859 0.7273
4A4S 1165 2.212 0.1861 0.7159
4A4S 1166 2.290 0.1905 0.7273
4A4S 1167 2.291 0.1683 0.7273
4A4S 1168 2.430 0.1535 0.6932
4A4S 1169 2.146 0.2155 0.7614
4A4S 1170 2.100 0.1875 0.7614
4A4S 1171 2.213 0.1996 0.7500
4A4S 1172 2.373 0.2007 0.7159
4A4S 1173 2.105 0.2121 0.7500
4A4S 1174 2.276 0.2068 0.7386
4A4S 1175 2.393 0.2011 0.7159
4A4S 1176 2.232 0.1652 0.7386
4A4S 1177 2.028 0.1963 0.7500
4A4S 1178 2.338 0.1799 0.7045
4A4S 1179 2.223 0.2060 0.7386
4A4S 1180 2.184 0.2185 0.7386
4A4S 1181 1.987 0.1809 0.7500
4A4S 1182 2.000 0.2118 0.7500
4A4S 1183 1.975 0.1887 0.7386
4A4S 1184 2.190 0.1798 0.7159
4A4S 1185 2.040 0.1780 0.7386
4A4S 1186 1.968 0.1659 0.7500
4A4S 1187 2.143 0.1963 0.7386
4A4S 1188 2.064 0.1735 0.7386
4A4S 1189 1.872 0.2027 0.7727
4A4S 1190 2.104 0.1900 0.7386
4A4S 1191 2.336 0.2019 0.7045
4A4S 1192 2.310 0.1620 0.7159
4A4S 1193 2.236 0.1744 0.7159
4A4S 1194 2.395 0.1838 0.7159
4A4S 1195 2.238 0.1864 0.7273
4A4S 1196 2.194 0.1883 0.7614
4A4S 1197 2.275 0.1672 0.7386
4A4S 1198 2.370 0.1783 0.7159
4A4S 1199 2.367 0.1882 0.7045
4A4S 1200 2.240 0.1863 0.7386
4A4S 1201 2.327 0.2183 0.7386
4A4S 1202 2.101 0.1624 0.7159
4A4S 1203 2.431 0.1698 0.7273
4A4S 1204 2.405 0.1812 0.7273
4A4S 1205 2.302 0.1755 0.7159
4A4S 1206 2.228 0.1556 0.7386
4A4S 1207 2.682 0.1640 0.6932
4A4S 1208 2.279 0.1851 0.7386
4A4S 1209 2.380 0.1855 0.7386
4A4S 1210 2.231 0.1786 0.7159
4A4S 1211 2.126 0.2107 0.7500
4A4S 1212 2.384 0.1834 0.7273
4A4S 1213 2.139 0.2113 0.7500
4A4S 1214 2.369 0.1783 0.7159
4A4S 1215 2.215 0.2234 0.7386
4A4S 1216 2.382 0.1752 0.7386
4A4S 1217 2.503 0.1869 0.7159
4A4S 1218 2.281 0.2106 0.7614
4A4S 1219 2.231 0.1792 0.7614
4A4S 1220 2.036 0.1888 0.7386
4A4S 1221 2.077 0.1824 0.7500
4A4S 1222 2.529 0.1778 0.7386
4A4S 1223 2.221 0.2276 0.7727
4A4S 1224 2.316 0.1841 0.7159
4A4S 1225 2.143 0.1902 0.7614
4A4S 1226 2.237 0.1746 0.7386
4A4S 1227 2.576 0.1717 0.7159
4A4S 1228 2.369 0.2181 0.7500
4A4S 1229 2.291 0.2173 0.7614
4A4S 1230 2.392 0.1932 0.7386
4A4S 1231 2.252 0.1931 0.7500
4A4S 1232 2.486 0.1910 0.7045
4A4S 1233 2.262 0.1808 0.7500
4A4S 1234 2.644 0.1859 0.7159
4A4S 1235 2.303 0.2231 0.7614
4A4S 1236 2.262 0.2115 0.7727
4A4S 1237 2.512 0.2060 0.7159
4A4S 1238 2.217 0.1989 0.7614
4A4S 1239 2.271 0.1962 0.7500
4A4S 1240 2.260 0.2327 0.7500
4A4S 1241 2.422 0.1928 0.7273
4A4S 1242 2.329 0.1864 0.7386
4A4S 1243 2.285 0.1839 0.7273
4A4S 1244 2.374 0.2040 0.7386
4A4S 1245 2.417 0.2199 0.7386
4A4S 1246 2.206 0.1802 0.7386
4A4S 1247 2.609 0.1936 0.7273
4A4S 1248 2.498 0.1687 0.7159
4A4S 1249 2.714 0.1637 0.6818
4A4S 1250 2.532 0.1686 0.6818
4A4S 1251 1.990 0.1930 0.7614
4A4S 1252 2.402 0.1650 0.7273
4A4S 1253 2.307 0.1590 0.7386
4A4S 1254 2.102 0.2481 0.7727
4A4S 1255 2.083 0.2098 0.7614
4A4S 1256 2.197 0.1729 0.7273
4A4S 1257 2.136 0.1754 0.7273
4A4S 1258 2.001 0.2033 0.7500
4A4S 1259 2.150 0.2001 0.7386
4A4S 1260 2.338 0.1861 0.7273
4A4S 1261 1.841 0.2074 0.7614
4A4S 1262 2.163 0.1846 0.7386
4A4S 1263 1.920 0.1794 0.7386
4A4S 1264 2.234 0.2044 0.7500
4A4S 1265 2.500 0.1734 0.7273
4A4S 1266 2.497 0.1786 0.7273
4A4S 1267 2.494 0.1663 0.7045
4A4S 1268 2.544 0.1900 0.6932
4A4S 1269 2.620 0.1831 0.7159
4A4S 1270 2.537 0.1644 0.7273
4A4S 1271 2.444 0.1771 0.7159
4A4S 1272 2.307 0.1861 0.7500
4A4S 1273 2.461 0.1715 0.7045
4A4S 1274 2.664 0.1699 0.6818
4A4S 1275 2.482 0.1581 0.7273
4A4S 1276 2.623 0.1764 0.6932
4A4S 1277 2.509 0.1941 0.7386
4A4S 1278 2.366 0.1814 0.7273
4A4S 1279 2.571 0.1620 0.6932
4A4S 1280 2.595 0.2077 0.7159
4A4S 1281 2.360 0.1887 0.7159
4A4S 1282 2.109 0.1892 0.7841
4A4S 1283 2.746 0.2016 0.6932
4A4S 1284 2.259 0.1917 0.7159
4A4S 1285 2.333 0.2021 0.7386
4A4S 1286 2.281 0.1842 0.7159
4A4S 1287 2.403 0.2081 0.7273
4A4S 1288 2.576 0.1677 0.7159
4A4S 1289 2.530 0.1834 0.7159
4A4S 1290 2.426 0.1678 0.7159
4A4S 1291 2.091 0.1829 0.7614
4A4S 1292 2.271 0.2825 0.7955
4A4S 1293 2.204 0.2441 0.7727
4A4S 1294 2.253 0.1647 0.7273
4A4S 1295 2.374 0.1927 0.7159
4A4S 1296 2.124 0.1927 0.7727
4A4S 1297 2.287 0.1641 0.7045
4A4S 1298 2.208 0.1903 0.7614
4A4S 1299 2.474 0.2251 0.7386
4A4S 1300 2.505 0.1953 0.7500
4A4S 1301 2.325 0.1737 0.7159
4A4S 1302 2.220 0.1682 0.7386
4A4S 1303 2.393 0.1976 0.7159
4A4S 1304 2.166 0.1582 0.7273
4A4S 1305 2.259 0.1673 0.7159
4A4S 1306 2.168 0.2229 0.7386
4A4S 1307 2.304 0.2124 0.7614
4A4S 1308 2.181 0.1905 0.7727
4A4S 1309 2.248 0.1732 0.7273
4A4S 1310 2.101 0.1828 0.7614
4A4S 1311 2.345 0.1519 0.7159
4A4S 1312 2.353 0.1592 0.7159
4A4S 1313 2.329 0.1579 0.7045
4A4S 1314 2.213 0.1608 0.7273
4A4S 1315 2.207 0.1834 0.7273
4A4S 1316 2.098 0.2108 0.7386
4A4S 1317 2.132 0.1716 0.7500
4A4S 1318 2.429 0.2059 0.7045
4A4S 1319 2.692 0.1592 0.6591
4A4S 1320 2.467 0.2201 0.7045
4A4S 1321 2.374 0.1674 0.7159
4A4S 1322 2.234 0.2357 0.7500
4A4S 1323 1.991 0.1960 0.7614
4A4S 1324 2.316 0.1792 0.7159
4A4S 1325 2.422 0.1940 0.6932
4A4S 1326 2.201 0.1870 0.7500
4A4S 1327 2.271 0.1802 0.7273
4A4S 1328 2.310 0.1765 0.7159
4A4S 1329 2.489 0.1889 0.7159
4A4S 1330 2.520 0.2039 0.7273
4A4S 1331 2.085 0.1977 0.7841
4A4S 1332 1.910 0.2077 0.7614
4A4S 1333 2.324 0.1856 0.7386
4A4S 1334 2.524 0.1525 0.7045
4A4S 1335 2.239 0.1853 0.7614
4A4S 1336 2.430 0.2012 0.7500
4A4S 1337 2.489 0.1804 0.7500
4A4S 1338 2.380 0.2104 0.7500
4A4S 1339 2.176 0.2007 0.7500
4A4S 1340 2.351 0.1864 0.7386
4A4S 1341 2.620 0.1788 0.7045
4A4S 1342 2.222 0.2179 0.7500
4A4S 1343 2.684 0.1986 0.6932
4A4S 1344 2.554 0.1747 0.7045
4A4S 1345 2.225 0.2192 0.7386
4A4S 1346 2.272 0.1804 0.7386
4A4S 1347 2.221 0.2277 0.8068
4A4S 1348 1.982 0.2398 0.7727
4A4S 1349 2.176 0.1682 0.7273
4A4S 1350 2.187 0.1989 0.7500
4A4S 1351 1.925 0.2331 0.7841
4A4S 1352 2.179 0.2040 0.7841
4A4S 1353 2.453 0.1954 0.7386
4A4S 1354 2.176 0.1899 0.7500
4A4S 1355 2.364 0.1954 0.7500
4A4S 1356 2.880 0.2034 0.7500
4A4S 1357 2.778 0.2233 0.7273
4A4S 1358 2.171 0.2619 0.7955
4A4S 1359 2.262 0.2046 0.7614
4A4S 1360 2.359 0.1802 0.7045
4A4S 1361 2.252 0.2177 0.7727
4A4S 1362 2.225 0.2095 0.7841
4A4S 1363 2.531 0.2153 0.7614
4A4S 1364 2.080 0.2252 0.8068
4A4S 1365 2.752 0.1928 0.7159
4A4S 1366 2.230 0.2465 0.7955
4A4S 1367 2.230 0.1945 0.7500
4A4S 1368 2.245 0.2268 0.7841
4A4S 1369 2.468 0.2182 0.7614
4A4S 1370 2.363 0.2154 0.7614
4A4S 1371 2.495 0.1827 0.7386
4A4S 1372 2.497 0.1709 0.7045
4A4S 1373 2.235 0.2009 0.7386
4A4S 1374 2.070 0.2655 0.7955
4A4S 1375 2.449 0.2139 0.7955
4A4S 1376 2.511 0.1885 0.7159
4A4S 1377 2.274 0.2072 0.7614
4A4S 1378 2.221 0.2321 0.7727
4A4S 1379 2.464 0.2359 0.7614
4A4S 1380 2.428 0.2099 0.7273
4A4S 1381 1.843 0.2421 0.8068
4A4S 1382 2.267 0.1964 0.7500
4A4S 1383 1.926 0.2514 0.7955
4A4S 1384 2.051 0.2380 0.7841
4A4S 1385 2.241 0.2206 0.7500
4A4S 1386 2.112 0.2233 0.7614
4A4S 1387 2.360 0.2003 0.7614
4A4S 1388 2.014 0.2115 0.7841
4A4S 1389 2.177 0.1833 0.7386
4A4S 1390 2.171 0.2184 0.7614
4A4S 1391 2.639 0.1981 0.7273
4A4S 1392 2.146 0.1755 0.7273
4A4S 1393 2.438 0.1886 0.7273
4A4S 1394 2.443 0.2127 0.7386
4A4S 1395 2.455 0.1928 0.7045
4A4S 1396 2.406 0.1909 0.7500
4A4S 1397 2.191 0.2296 0.7500
4A4S 1398 2.375 0.1932 0.7159
4A4S 1399 2.433 0.1781 0.7273
4A4S 1400 2.229 0.2418 0.7955
4A4S 1401 2.630 0.1695 0.7500
4A4S 1402 2.257 0.2228 0.7955
4A4S 1403 2.153 0.2046 0.7955
4A4S 1404 2.601 0.1893 0.7273
4A4S 1405 2.345 0.2146 0.7500
4A4S 1406 2.286 0.1939 0.7386
4A4S 1407 2.121 0.1959 0.7614
4A4S 1408 2.172 0.1629 0.7386
4A4S 1409 2.289 0.2239 0.7841
4A4S 1410 2.270 0.2191 0.7386
4A4S 1411 2.211 0.1841 0.7500
4A4S 1412 2.135 0.1788 0.7727
4A4S 1413 2.374 0.1668 0.7159
4A4S 1414 2.360 0.1683 0.7386
4A4S 1415 2.411 0.1893 0.7386
4A4S 1416 2.522 0.1774 0.7500
4A4S 1417 2.222 0.2339 0.7727
4A4S 1418 2.561 0.1743 0.7386
4A4S 1419 2.165 0.1656 0.7386
4A4S 1420 2.296 0.1951 0.7500
4A4S 1421 2.092 0.1962 0.7500
4A4S 1422 2.355 0.1866 0.7386
4A4S 1423 2.152 0.1897 0.7386
4A4S 1424 2.155 0.2095 0.7841
4A4S 1425 2.178 0.1907 0.7841
4A4S 1426 2.154 0.1817 0.7500
4A4S 1427 2.039 0.2071 0.7841
4A4S 1428 2.331 0.1930 0.7500
4A4S 1429 2.274 0.2069 0.7273
4A4S 1430 2.211 0.1934 0.7386
4A4S 1431 2.125 0.1926 0.7386
4A4S 1432 2.162 0.1603 0.7386
4A4S 1433 2.108 0.1644 0.7500
4A4S 1434 2.325 0.1832 0.7386
4A4S 1435 2.296 0.2058 0.7500
4A4S 1436 2.041 0.1869 0.7727
4A4S 1437 2.399 0.1630 0.7159
4A4S 1438 2.215 0.1726 0.7045
4A4S 1439 2.176 0.1946 0.7500
4A4S 1440 2.116 0.1667 0.7273
4A4S 1441 2.201 0.1717 0.7386
4A4S 1442 2.020 0.2154 0.7841
4A4S 1443 2.136 0.1990 0.7727
4A4S 1444 1.883 0.2154 0.7955
4A4S 1445 2.089 0.1980 0.7386
4A4S 1446 2.185 0.1996 0.7614
4A4S 1447 2.259 0.1804 0.7386
4A4S 1448 2.360 0.1902 0.7386
4A4S 1449 2.023 0.1778 0.7727
4A4S 1450 1.930 0.1788 0.7614
4A4S 1451 2.054 0.1713 0.7386
4A4S 1452 2.022 0.1768 0.7386
4A4S 1453 1.971 0.1814 0.7500
4A4S 1454 1.990 0.1938 0.7841
4A4S 1455 1.793 0.2145 0.7955
4A4S 1456 1.895 0.2081 0.7841
4A4S 1457 2.436 0.1773 0.7273
4A4S 1458 2.012 0.2003 0.7841
4A4S 1459 1.903 0.1790 0.7500
4A4S 1460 2.172 0.2052 0.7273
4A4S 1461 2.317 0.2028 0.7386
4A4S 1462 2.172 0.2020 0.7614
4A4S 1463 2.177 0.1887 0.7500
4A4S 1464 2.149 0.2069 0.7386
4A4S 1465 2.247 0.1769 0.7386
4A4S 1466 1.951 0.1948 0.7614
4A4S 1467 2.354 0.1954 0.7614
4A4S 1468 1.946 0.2070 0.7955
4A4S 1469 2.370 0.1910 0.7159
4A4S 1470 2.211 0.1798 0.6932
4A4S 1471 2.250 0.1754 0.7386
4A4S 1472 2.368 0.1895 0.7614
4A4S 1473 2.140 0.1917 0.7159
4A4S 1474 2.140 0.1570 0.7273
4A4S 1475 1.928 0.1747 0.7614
4A4S 1476 2.176 0.1653 0.7386
4A4S 1477 2.469 0.1823 0.7159
4A4S 1478 2.458 0.1774 0.7159
4A4S 1479 2.537 0.1583 0.7159
4A4S 1480 2.109 0.1840 0.7500
4A4S 1481 2.441 0.1834 0.7386
4A4S 1482 2.310 0.2267 0.7386
4A4S 1483 1.756 0.2111 0.7841
4A4S 1484 1.898 0.1628 0.7614
4A4S 1485 1.899 0.1892 0.7500
4A4S 1486 1.928 0.1799 0.7614
4A4S 1487 1.843 0.1757 0.7727
4A4S 1488 1.880 0.1819 0.7386
4A4S 1489 2.092 0.1827 0.7614
4A4S 1490 1.984 0.1669 0.7727
4A4S 1491 2.291 0.1904 0.7159
4A4S 1492 1.962 0.1953 0.7500
4A4S 1493 2.277 0.2010 0.7159
4A4S 1494 2.411 0.1869 0.6932
4A4S 1495 2.243 0.2164 0.7273
4A4S 1496 2.133 0.1918 0.7273
4A4S 1497 2.274 0.1707 0.7273
4A4S 1498 2.092 0.2473 0.7727
4A4S 1499 2.047 0.2026 0.7727
4A4S 1500 2.207 0.2107 0.7273
4A4S 1501 2.226 0.1696 0.7386
4A4S 1502 2.343 0.2054 0.7386
4A4S 1503 2.580 0.1782 0.7273
4A4S 1504 2.269 0.2021 0.7159
4A4S 1505 2.072 0.1974 0.7727
4A4S 1506 2.379 0.1736 0.7159
4A4S 1507 2.497 0.1935 0.6932
4A4S 1508 2.568 0.1649 0.7045
4A4S 1509 2.099 0.2310 0.7727
4A4S 1510 2.302 0.1760 0.7500
4A4S 1511 2.204 0.1788 0.7273
4A4S 1512 2.296 0.1845 0.7386
4A4S 1513 1.943 0.1589 0.7500
4A4S 1514 1.897 0.1769 0.7614
4A4S 1515 1.956 0.2168 0.7500
4A4S 1516 2.313 0.2442 0.7841
4A4S 1517 2.066 0.2532 0.7614
4A4S 1518 2.261 0.2430 0.7841
4A4S 1519 2.015 0.2563 0.7955
4A4S 1520 2.007 0.2619 0.8068
4A4S 1521 2.095 0.2098 0.7841
4A4S 1522 2.484 0.2058 0.7159
4A4S 1523 2.350 0.2021 0.7273
4A4S 1524 2.184 0.1616 0.7386
4A4S 1525 2.097 0.1692 0.7614
4A4S 1526 2.260 0.1557 0.7386
4A4S 1527 2.272 0.2103 0.7727
4A4S 1528 2.336 0.1994 0.7500
4A4S 1529 2.215 0.1908 0.7500
4A4S 1530 2.421 0.1997 0.7614
4A4S 1531 2.369 0.1585 0.6932
4A4S 1532 2.194 0.1913 0.7386
4A4S 1533 2.147 0.2158 0.7273
4A4S 1534 1.994 0.2096 0.7614
4A4S 1535 2.171 0.1846 0.7273
4A4S 1536 1.952 0.2224 0.7841
4A4S 1537 2.504 0.1518 0.6932
4A4S 1538 2.585 0.2145 0.7273
4A4S 1539 2.563 0.1998 0.7159
4A4S 1540 2.401 0.1768 0.7386
4A4S 1541 2.592 0.1684 0.7045
4A4S 1542 2.582 0.1759 0.7159
4A4S 1543 1.972 0.2070 0.8068
4A4S 1544 1.963 0.2362 0.7955
4A4S 1545 2.021 0.2230 0.7841
4A4S 1546 2.138 0.2070 0.7614
4A4S 1547 1.986 0.2119 0.7841
4A4S 1548 1.798 0.2459 0.8182
4A4S 1549 2.426 0.2107 0.7273
4A4S 1550 1.906 0.2173 0.7955
4A4S 1551 1.649 0.2399 0.8068
4A4S 1552 1.830 0.2029 0.7727
4A4S 1553 1.788 0.2231 0.7955
4A4S 1554 2.036 0.2068 0.7500
4A4S 1555 2.158 0.2015 0.7386
4A4S 1556 2.191 0.2230 0.7614
4A4S 1557 2.696 0.2474 0.7045
4A4S 1558 2.085 0.2324 0.7500
4A4S 1559 1.772 0.1865 0.7500
4A4S 1560 1.646 0.2525 0.8182
4A4S 1561 2.221 0.2187 0.7614
4A4S 1562 2.635 0.2097 0.7045
4A4S 1563 2.392 0.1752 0.7273
4A4S 1564 2.635 0.1725 0.6932
4A4S 1565 2.263 0.1746 0.7386
4A4S 1566 2.746 0.1996 0.7273
4A4S 1567 2.385 0.1941 0.7159
4A4S 1568 2.689 0.1941 0.7159
4A4S 1569 2.299 0.1763 0.7386
4A4S 1570 1.977 0.2145 0.7614
4A4S 1571 2.156 0.1833 0.7386
4A4S 1572 2.161 0.2396 0.7727
4A4S 1573 1.943 0.2070 0.7841
4A4S 1574 2.158 0.1855 0.7273
4A4S 1575 2.388 0.2010 0.7273
4A4S 1576 1.981 0.2303 0.7614
4A4S 1577 2.190 0.1694 0.7386
4A4S 1578 2.302 0.1690 0.7159
4A4S 1579 2.183 0.1944 0.7159
4A4S 1580 2.160 0.2168 0.7273
4A4S 1581 2.132 0.1957 0.7500
4A4S 1582 2.512 0.1780 0.7045
4A4S 1583 2.139 0.2120 0.7614
4A4S 1584 1.758 0.1712 0.7614
4A4S 1585 1.751 0.2413 0.8182
4A4S 1586 2.472 0.1933 0.7614
4A4S 1587 2.521 0.2131 0.7159
4A4S 1588 1.957 0.2253 0.7841
4A4S 1589 1.981 0.2486 0.8068
4A4S 1590 1.808 0.2348 0.7727
4A4S 1591 1.835 0.2370 0.7727
4A4S 1592 1.912 0.2315 0.7841
4A4S 1593 1.872 0.2142 0.7955
4A4S 1594 1.588 0.1936 0.7841
4A4S 1595 1.758 0.1989 0.7841
4A4S 1596 1.948 0.2353 0.7500
4A4S 1597 2.058 0.2112 0.7386
4A4S 1598 1.986 0.1812 0.7841
4A4S 1599 2.113 0.1663 0.7386
4A4S 1600 2.223 0.1680 0.7045
4A4S 1601 2.251 0.1712 0.7273
4A4S 1602 2.108 0.1677 0.7273
4A4S 1603 2.085 0.1725 0.7386
4A4S 1604 2.030 0.1868 0.7614
4A4S 1605 1.876 0.1965 0.7614
4A4S 1606 2.078 0.1903 0.7500
4A4S 1607 1.923 0.2103 0.7614
4A4S 1608 2.035 0.1947 0.7273
4A4S 1609 1.975 0.2315 0.7500
4A4S 1610 1.642 0.2299 0.7955
4A4S 1611 1.977 0.1861 0.7386
4A4S 1612 1.723 0.2235 0.7955
4A4S 1613 1.762 0.1973 0.7727
4A4S 1614 1.898 0.1983 0.7500
4A4S 1615 2.308 0.1473 0.7273
4A4S 1616 2.363 0.1423 0.7045
4A4S 1617 2.342 0.1857 0.7045
4A4S 1618 1.991 0.2077 0.7386
4A4S 1619 2.225 0.1611 0.7159
4A4S 1620 2.063 0.1797 0.7386
4A4S 1621 2.201 0.2475 0.7727
4A4S 1622 2.249 0.1925 0.7500
4A4S 1623 2.023 0.1715 0.7386
4A4S 1624 1.853 0.1606 0.7386
4A4S 1625 2.473 0.2076 0.7273
4A4S 1626 2.420 0.1724 0.7045
4A4S 1627 2.175 0.1879 0.7386
4A4S 1628 1.950 0.1892 0.7614
4A4S 1629 1.952 0.1774 0.7841
4A4S 1630 1.952 0.1886 0.7500
4A4S 1631 2.014 0.1898 0.7614
4A4S 1632 1.866 0.2029 0.7500
4A4S 1633 2.004 0.1681 0.7273
4A4S 1634 1.956 0.2190 0.7386
4A4S 1635 2.128 0.2360 0.7614
4A4S 1636 1.845 0.2233 0.7500
4A4S 1637 1.975 0.2183 0.7500
4A4S 1638 1.718 0.2075 0.7955
4A4S 1639 1.542 0.2586 0.8068
4A4S 1640 1.909 0.2198 0.7841
4A4S 1641 2.138 0.2029 0.7386
4A4S 1642 1.677 0.2360 0.8068
4A4S 1643 1.582 0.2083 0.8068
4A4S 1644 2.404 0.1776 0.7159
4A4S 1645 2.544 0.1691 0.6705
4A4S 1646 2.356 0.1764 0.6932
4A4S 1647 2.568 0.1950 0.6705
4A4S 1648 2.474 0.1375 0.6818
4A4S 1649 2.419 0.1766 0.6818
4A4S 1650 2.881 0.1520 0.6591
4A4S 1651 2.801 0.1855 0.6591
4A4S 1652 2.753 0.1515 0.6591
4A4S 1653 2.957 0.1914 0.6591
4A4S 1654 2.575 0.2026 0.6705
4A4S 1655 2.528 0.1732 0.6818
4A4S 1656 2.565 0.1710 0.7273
4A4S 1657 2.598 0.1758 0.7045
4A4S 1658 2.602 0.1645 0.6932
4A4S 1659 2.876 0.1657 0.6591
4A4S 1660 2.956 0.1497 0.6591
4A4S 1661 2.318 0.1740 0.7159
4A4S 1662 2.555 0.2297 0.6932
4A4S 1663 2.219 0.2026 0.7273
4A4S 1664 2.602 0.1645 0.6591
4A4S 1665 2.748 0.1714 0.6705
4A4S 1666 2.379 0.1683 0.6818
4A4S 1667 2.355 0.2172 0.7045
4A4S 1668 2.120 0.2143 0.7159
4A4S 1669 2.033 0.1874 0.7386
4A4S 1670 2.341 0.1962 0.7273
4A4S 1671 2.449 0.1793 0.7159
4A4S 1672 2.462 0.1585 0.6705
4A4S 1673 2.669 0.1839 0.6705
4A4S 1674 2.346 0.1811 0.7045
4A4S 1675 2.164 0.1537 0.7159
4A4S 1676 2.154 0.1658 0.7045
4A4S 1677 2.358 0.2030 0.7045
4A4S 1678 2.173 0.2160 0.7159
4A4S 1679 2.101 0.1810 0.7614
4A4S 1680 2.291 0.2136 0.7386
4A4S 1681 2.110 0.2133 0.7273
4A4S 1682 2.451 0.1706 0.6932
4A4S 1683 2.231 0.1978 0.7045
4A4S 1684 2.390 0.1779 0.7045
4A4S 1685 2.760 0.1758 0.6591
4A4S 1686 2.814 0.1483 0.6477
4A4S 1687 2.812 0.1561 0.6705
4A4S 1688 2.787 0.1384 0.6818
4A4S 1689 2.823 0.1370 0.6705
4A4S 1690 2.570 0.1772 0.6818
4A4S 1691 2.575 0.1450 0.6818
4A4S 1692 2.447 0.1930 0.6932
4A4S 1693 2.371 0.1424 0.7159
4A4S 1694 2.159 0.1666 0.7273
4A4S 1695 2.047 0.2431 0.7727
4A4S 1696 2.608 0.1455 0.7045
4A4S 1697 2.384 0.1499 0.6932
4A4S 1698 2.582 0.1557 0.6705
4A4S 1699 2.771 0.1639 0.6705
4A4S 1700 2.670 0.1530 0.6591
4A4S 1701 2.555 0.1614 0.6932
4A4S 1702 2.771 0.1851 0.6364
4A4S 1703 2.511 0.1470 0.7045
4A4S 1704 2.434 0.1702 0.6818
4A4S 1705 2.677 0.1708 0.6932
4A4S 1706 2.561 0.1564 0.6932
4A4S 1707 2.665 0.1429 0.6932
4A4S 1708 2.747 0.1585 0.6591
4A4S 1709 2.380 0.1956 0.6818
4A4S 1710 2.323 0.1663 0.7045
4A4S 1711 2.412 0.1551 0.7045
4A4S 1712 2.399 0.1968 0.7159
4A4S 1713 2.243 0.1992 0.6932
4A4S 1714 2.135 0.1831 0.7273
4A4S 1715 2.168 0.1559 0.7500
4A4S 1716 2.353 0.1761 0.7386
4A4S 1717 2.280 0.1494 0.7273
4A4S 1718 2.187 0.1666 0.7273
4A4S 1719 2.160 0.1517 0.7159
4A4S 1720 2.009 0.1703 0.7386
4A4S 1721 2.278 0.1550 0.7159
4A4S 1722 2.296 0.1748 0.7159
4A4S 1723 2.093 0.1841 0.7159
4A4S 1724 2.316 0.1570 0.7045
4A4S 1725 2.381 0.1547 0.6932
4A4S 1726 2.153 0.1787 0.7273
4A4S 1727 2.791 0.1545 0.6705
4A4S 1728 2.261 0.2043 0.7045
4A4S 1729 2.091 0.1696 0.7614
4A4S 1730 2.201 0.1748 0.7045
4A4S 1731 2.187 0.2531 0.7273
4A4S 1732 2.226 0.1889 0.7159
4A4S 1733 2.566 0.1867 0.7045
4A4S 1734 2.409 0.1621 0.6818
4A4S 1735 2.183 0.1763 0.7273
4A4S 1736 2.339 0.1571 0.7159
4A4S 1737 2.483 0.1531 0.6705
4A4S 1738 2.225 0.1824 0.7045
4A4S 1739 2.209 0.1738 0.7273
4A4S 1740 2.105 0.1834 0.7273
4A4S 1741 2.305 0.1510 0.7045
4A4S 1742 2.083 0.1842 0.7273
4A4S 1743 2.323 0.1654 0.6818
4A4S 1744 2.438 0.1594 0.7045
4A4S 1745 2.452 0.1748 0.7045
4A4S 1746 2.521 0.1877 0.7045
4A4S 1747 2.417 0.1770 0.7273
4A4S 1748 2.448 0.1711 0.6932
4A4S 1749 2.646 0.1464 0.6705
4A4S 1750 2.354 0.1615 0.7045
4A4S 1751 2.172 0.1653 0.7159
4A4S 1752 2.195 0.1472 0.7045
4A4S 1753 2.585 0.2085 0.7159
4A4S 1754 2.409 0.2123 0.7273
4A4S 1755 2.391 0.1908 0.7045
4A4S 1756 2.374 0.2000 0.7614
4A4S 1757 2.322 0.1857 0.7159
4A4S 1758 2.679 0.1836 0.7045
4A4S 1759 2.528 0.2268 0.6932
4A4S 1760 2.270 0.2488 0.7614
4A4S 1761 2.267 0.2183 0.7273
4A4S 1762 2.519 0.1958 0.6932
4A4S 1763 2.253 0.1928 0.7273
4A4S 1764 2.572 0.1704 0.6932
4A4S 1765 2.434 0.1838 0.7045
4A4S 1766 2.569 0.1838 0.6932
4A4S 1767 2.449 0.2139 0.7159
4A4S 1768 2.657 0.2065 0.6932
4A4S 1769 2.334 0.1723 0.7159
4A4S 1770 2.503 0.1972 0.6932
4A4S 1771 2.315 0.1901 0.7045
4A4S 1772 2.382 0.1984 0.7159
4A4S 1773 2.336 0.1895 0.7273
4A4S 1774 2.290 0.1849 0.7159
4A4S 1775 2.240 0.2211 0.7159
4A4S 1776 2.670 0.1594 0.6818
4A4S 1777 2.158 0.2327 0.7727
4A4S 1778 2.342 0.2241 0.7500
4A4S 1779 2.118 0.2324 0.7500
4A4S 1780 2.337 0.1639 0.7159
4A4S 1781 2.359 0.1713 0.7159
4A4S 1782 2.204 0.2101 0.7386
4A4S 1783 2.082 0.1720 0.7727
4A4S 1784 2.154 0.2045 0.7386
4A4S 1785 2.388 0.1961 0.7500
4A4S 1786 2.491 0.1823 0.7386
4A4S 1787 2.223 0.1936 0.7273
4A4S 1788 2.170 0.1858 0.7500
4A4S 1789 2.231 0.2119 0.7159
4A4S 1790 1.883 0.2204 0.7841
4A4S 1791 2.482 0.1714 0.7045
4A4S 1792 2.482 0.1619 0.7045
4A4S 1793 2.344 0.1741 0.7386
4A4S 1794 2.404 0.2067 0.7045
4A4S 1795 2.494 0.1794 0.6932
4A4S 1796 2.014 0.2166 0.7614
4A4S 1797 2.197 0.2074 0.7500
4A4S 1798 2.560 0.1772 0.6932
4A4S 1799 1.939 0.2401 0.7727
4A4S 1800 2.012 0.2273 0.7727
4A4S 1801 2.193 0.1896 0.7386
4A4S 1802 2.431 0.1825 0.7045
4A4S 1803 2.148 0.1954 0.7273
