2M8K 1 0.000 1.0000 1.0000
2M8K 2 0.753 0.9007 0.9844
2M8K 3 0.785 0.8920 0.9583
2M8K 4 0.886 0.8714 0.9427
2M8K 5 1.035 0.8432 0.9219
2M8K 6 1.436 0.7578 0.8594
2M8K 7 0.755 0.8999 0.9740
2M8K 8 0.936 0.8655 0.9427
2M8K 9 1.485 0.7590 0.8594
2M8K 10 0.976 0.8503 0.9323
2M8K 11 1.226 0.7988 0.8854
2M8K 12 0.956 0.8478 0.9219
2M8K 13 1.073 0.8204 0.9010
2M8K 14 0.737 0.9058 0.9583
2M8K 15 1.154 0.8337 0.9271
2M8K 16 1.204 0.7904 0.8750
2M8K 17 1.216 0.7871 0.8802
2M8K 18 1.166 0.8366 0.9323
2M8K 19 1.328 0.7716 0.8750
2M8K 20 1.045 0.8385 0.9167
2M8K 21 15.290 0.1319 0.1823
2M8K 22 12.010 0.1311 0.2031
2M8K 23 16.387 0.1818 0.2396
2M8K 24 12.786 0.1678 0.2500
2M8K 25 14.088 0.1465 0.2448
2M8K 26 12.343 0.1517 0.2135
2M8K 27 10.028 0.2052 0.3177
2M8K 28 10.082 0.2064 0.2917
2M8K 29 12.521 0.2203 0.3281
2M8K 30 10.741 0.2842 0.3750
2M8K 31 10.222 0.1709 0.2969
2M8K 32 13.343 0.1599 0.2188
2M8K 33 14.721 0.1901 0.2448
2M8K 34 10.565 0.1568 0.2448
2M8K 35 12.647 0.1206 0.1927
2M8K 36 11.423 0.1454 0.2344
2M8K 37 13.554 0.1871 0.2552
2M8K 38 15.221 0.1545 0.2135
2M8K 39 14.859 0.1136 0.1771
2M8K 40 9.594 0.2399 0.3490
2M8K 41 14.981 0.1370 0.1979
2M8K 42 14.820 0.1529 0.2344
2M8K 43 12.815 0.1421 0.2188
2M8K 44 12.234 0.1241 0.1979
2M8K 45 10.854 0.1746 0.2552
2M8K 46 12.795 0.1643 0.2344
2M8K 47 11.059 0.1996 0.2917
2M8K 48 14.151 0.1537 0.2292
2M8K 49 11.047 0.1463 0.2135
2M8K 50 11.714 0.1428 0.2396
2M8K 51 9.884 0.1692 0.2708
2M8K 52 12.945 0.1469 0.2240
2M8K 53 10.097 0.1927 0.3073
2M8K 54 13.207 0.1667 0.2448
2M8K 55 13.944 0.2216 0.2917
2M8K 56 12.328 0.1896 0.2552
2M8K 57 11.961 0.1912 0.2604
2M8K 58 12.686 0.1618 0.2188
2M8K 59 13.117 0.1788 0.2396
2M8K 60 10.878 0.2321 0.3177
2M8K 61 22.269 0.1824 0.2292
2M8K 62 22.580 0.1074 0.1875
2M8K 63 21.837 0.1103 0.1719
2M8K 64 19.134 0.1176 0.1771
2M8K 65 18.565 0.1472 0.2083
2M8K 66 12.836 0.1833 0.2865
2M8K 67 19.709 0.1193 0.1823
2M8K 68 16.818 0.1758 0.2708
2M8K 69 20.989 0.2046 0.2813
2M8K 70 18.830 0.3223 0.4115
2M8K 71 15.837 0.1750 0.2135
2M8K 72 21.948 0.1769 0.2292
2M8K 73 16.205 0.2280 0.2865
2M8K 74 17.145 0.2649 0.3333
2M8K 75 19.634 0.1799 0.2552
2M8K 76 13.227 0.1523 0.2292
2M8K 77 16.322 0.1631 0.2240
2M8K 78 19.945 0.2310 0.2760
2M8K 79 14.666 0.2854 0.4271
2M8K 80 15.384 0.1849 0.2813
2M8K 81 18.608 0.3253 0.3958
2M8K 82 16.748 0.2608 0.3542
2M8K 83 19.381 0.2217 0.3177
2M8K 84 13.815 0.2123 0.2708
2M8K 85 17.315 0.2537 0.3229
2M8K 86 20.332 0.3394 0.3958
2M8K 87 18.346 0.2355 0.2865
2M8K 88 17.050 0.2650 0.3281
2M8K 89 17.858 0.3161 0.4115
2M8K 90 19.571 0.3319 0.4167
2M8K 91 17.610 0.3152 0.4167
2M8K 92 18.108 0.3294 0.4010
2M8K 93 14.551 0.2976 0.3750
2M8K 94 16.477 0.3349 0.4792
2M8K 95 18.995 0.4108 0.5208
2M8K 96 17.734 0.4164 0.5313
2M8K 97 16.057 0.3166 0.4531
2M8K 98 18.769 0.3827 0.4531
2M8K 99 10.261 0.3702 0.4896
2M8K 100 18.859 0.3498 0.4531
2M8K 101 16.941 0.1463 0.1979
2M8K 102 18.279 0.1323 0.1719
2M8K 103 19.281 0.1427 0.1979
2M8K 104 15.596 0.1778 0.2344
2M8K 105 19.666 0.1958 0.2552
2M8K 106 19.702 0.1769 0.2552
2M8K 107 14.561 0.1474 0.1979
2M8K 108 20.720 0.2433 0.3281
2M8K 109 17.242 0.2345 0.3281
2M8K 110 17.215 0.2114 0.2708
2M8K 111 17.993 0.1441 0.2240
2M8K 112 19.968 0.2440 0.2969
2M8K 113 19.678 0.2247 0.2917
2M8K 114 19.530 0.3104 0.3906
2M8K 115 20.542 0.2494 0.3177
2M8K 116 16.705 0.2365 0.2865
2M8K 117 19.818 0.2218 0.2604
2M8K 118 21.768 0.1864 0.2344
2M8K 119 15.998 0.1798 0.2292
2M8K 120 22.035 0.3353 0.3802
2M8K 121 18.489 0.2126 0.2500
2M8K 122 19.619 0.3466 0.4375
2M8K 123 15.933 0.3146 0.4063
2M8K 124 15.047 0.3063 0.3750
2M8K 125 18.802 0.3955 0.4792
2M8K 126 16.759 0.2336 0.2917
2M8K 127 21.532 0.3188 0.4271
2M8K 128 15.831 0.4141 0.4688
2M8K 129 18.029 0.2189 0.3125
2M8K 130 15.658 0.3179 0.4375
2M8K 131 14.029 0.2983 0.4010
2M8K 132 18.127 0.3289 0.4583
2M8K 133 20.930 0.3561 0.4375
2M8K 134 17.402 0.3746 0.4531
2M8K 135 15.704 0.3115 0.4063
2M8K 136 13.133 0.1995 0.2917
2M8K 137 19.249 0.3783 0.4792
2M8K 138 16.622 0.2219 0.3177
2M8K 139 18.259 0.3464 0.4792
2M8K 140 21.725 0.3672 0.4792
2M8K 141 16.958 0.1176 0.1563
2M8K 142 21.804 0.1320 0.1979
2M8K 143 18.470 0.1656 0.2292
2M8K 144 21.010 0.1992 0.2656
2M8K 145 16.000 0.1398 0.1927
2M8K 146 25.503 0.1701 0.2604
2M8K 147 15.587 0.1560 0.2031
2M8K 148 20.010 0.2483 0.3333
2M8K 149 18.995 0.1144 0.1927
2M8K 150 18.254 0.2156 0.2656
2M8K 151 18.715 0.1403 0.1979
2M8K 152 16.306 0.2829 0.3698
2M8K 153 20.773 0.2247 0.2865
2M8K 154 16.263 0.1857 0.2604
2M8K 155 16.656 0.1333 0.2083
2M8K 156 18.334 0.2694 0.4010
2M8K 157 21.699 0.1909 0.2813
2M8K 158 20.743 0.2773 0.3438
2M8K 159 18.753 0.3758 0.4635
2M8K 160 18.731 0.3885 0.4688
2M8K 161 18.674 0.2609 0.3333
2M8K 162 16.963 0.1838 0.2500
2M8K 163 19.324 0.1800 0.2240
2M8K 164 17.949 0.3662 0.4792
2M8K 165 17.271 0.2654 0.3854
2M8K 166 19.827 0.3649 0.4375
2M8K 167 15.923 0.3585 0.4219
2M8K 168 14.054 0.3110 0.3906
2M8K 169 15.766 0.2564 0.3385
2M8K 170 20.176 0.3490 0.4271
2M8K 171 17.111 0.3738 0.4844
2M8K 172 15.154 0.3970 0.5052
2M8K 173 19.690 0.2723 0.3594
2M8K 174 18.499 0.3662 0.4688
2M8K 175 12.926 0.3273 0.4583
2M8K 176 15.944 0.4182 0.5260
2M8K 177 17.368 0.3520 0.4844
2M8K 178 15.665 0.3671 0.4583
2M8K 179 18.100 0.4432 0.5469
2M8K 180 17.891 0.3911 0.4948
2M8K 181 15.996 0.1081 0.1719
2M8K 182 17.685 0.2318 0.3333
2M8K 183 19.074 0.1256 0.1615
2M8K 184 20.783 0.1666 0.2344
2M8K 185 19.229 0.1862 0.2760
2M8K 186 17.044 0.2492 0.3385
2M8K 187 14.897 0.1042 0.1615
2M8K 188 14.600 0.1286 0.2240
2M8K 189 18.249 0.3845 0.4688
2M8K 190 19.113 0.1504 0.2188
2M8K 191 16.693 0.2077 0.2708
2M8K 192 19.780 0.1130 0.1563
2M8K 193 20.581 0.1463 0.2292
2M8K 194 22.423 0.1599 0.2135
2M8K 195 15.533 0.2379 0.2969
2M8K 196 15.720 0.1362 0.2240
2M8K 197 17.499 0.1440 0.2292
2M8K 198 20.430 0.3811 0.4479
2M8K 199 19.986 0.1689 0.2083
2M8K 200 17.021 0.1758 0.2552
2M8K 201 20.395 0.2745 0.3490
2M8K 202 18.602 0.2708 0.3594
2M8K 203 17.927 0.3788 0.4635
2M8K 204 15.329 0.1673 0.2604
2M8K 205 17.271 0.2865 0.3854
2M8K 206 20.541 0.2157 0.2708
2M8K 207 16.228 0.3860 0.4479
2M8K 208 21.173 0.1951 0.2656
2M8K 209 18.787 0.3444 0.4219
2M8K 210 19.147 0.3279 0.4219
2M8K 211 20.628 0.3557 0.4427
2M8K 212 18.926 0.2923 0.3750
2M8K 213 20.064 0.2867 0.3490
2M8K 214 16.104 0.2433 0.3021
2M8K 215 17.464 0.3961 0.4896
2M8K 216 16.553 0.3218 0.3802
2M8K 217 11.519 0.2770 0.3958
2M8K 218 17.827 0.3915 0.5052
2M8K 219 13.476 0.3970 0.5000
2M8K 220 17.557 0.3885 0.4896
2M8K 221 20.691 0.2142 0.3073
2M8K 222 21.363 0.1909 0.2396
2M8K 223 20.625 0.1994 0.3177
2M8K 224 17.577 0.1219 0.1719
2M8K 225 20.709 0.1545 0.2188
2M8K 226 20.697 0.1273 0.2031
2M8K 227 15.894 0.2582 0.3438
2M8K 228 22.308 0.1310 0.2031
2M8K 229 19.574 0.1464 0.2083
2M8K 230 20.778 0.3045 0.4010
2M8K 231 15.408 0.1883 0.2240
2M8K 232 14.703 0.2367 0.3438
2M8K 233 19.092 0.1664 0.2396
2M8K 234 15.570 0.2074 0.3073
2M8K 235 17.727 0.3581 0.4167
2M8K 236 20.224 0.3169 0.3854
2M8K 237 15.673 0.1799 0.2240
2M8K 238 20.208 0.2569 0.3073
2M8K 239 20.137 0.3803 0.4375
2M8K 240 14.175 0.3379 0.4427
2M8K 241 19.350 0.3016 0.3854
2M8K 242 17.285 0.2680 0.3281
2M8K 243 16.391 0.3363 0.4271
2M8K 244 22.615 0.2757 0.3385
2M8K 245 18.839 0.3331 0.4167
2M8K 246 17.220 0.3322 0.3958
2M8K 247 19.429 0.3205 0.4063
2M8K 248 18.243 0.2983 0.3646
2M8K 249 16.588 0.3372 0.4740
2M8K 250 18.122 0.2913 0.3750
2M8K 251 18.088 0.3134 0.4063
2M8K 252 16.512 0.2924 0.4115
2M8K 253 16.349 0.4002 0.5104
2M8K 254 15.154 0.3477 0.4375
2M8K 255 19.081 0.3165 0.4375
2M8K 256 21.281 0.2554 0.3490
2M8K 257 18.280 0.3780 0.4740
2M8K 258 14.252 0.4250 0.5365
2M8K 259 16.411 0.2937 0.3542
2M8K 260 19.507 0.3762 0.4427
2M8K 261 16.678 0.0966 0.1302
2M8K 262 20.809 0.1425 0.2188
2M8K 263 19.216 0.1150 0.1979
2M8K 264 17.298 0.1542 0.1927
2M8K 265 14.619 0.1424 0.1823
2M8K 266 16.245 0.1287 0.2135
2M8K 267 17.766 0.1146 0.1823
2M8K 268 14.443 0.1167 0.1875
2M8K 269 14.500 0.1883 0.2604
2M8K 270 15.727 0.3428 0.4219
2M8K 271 18.518 0.1715 0.2344
2M8K 272 19.376 0.1649 0.2135
2M8K 273 17.755 0.1736 0.2448
2M8K 274 18.628 0.3297 0.4479
2M8K 275 16.120 0.1859 0.2969
2M8K 276 15.145 0.2346 0.2969
2M8K 277 17.644 0.1561 0.2188
2M8K 278 19.765 0.1289 0.2135
2M8K 279 19.884 0.3056 0.3802
2M8K 280 23.313 0.1452 0.2083
2M8K 281 20.205 0.2341 0.3542
2M8K 282 13.049 0.4080 0.5000
2M8K 283 16.363 0.1444 0.2083
2M8K 284 19.685 0.2581 0.3021
2M8K 285 17.696 0.2707 0.3281
2M8K 286 23.013 0.1736 0.2448
2M8K 287 17.560 0.1429 0.2188
2M8K 288 19.118 0.2939 0.3906
2M8K 289 18.819 0.2480 0.3229
2M8K 290 21.942 0.2259 0.3073
2M8K 291 14.803 0.3918 0.4844
2M8K 292 14.956 0.3597 0.4531
2M8K 293 18.553 0.4306 0.5104
2M8K 294 17.225 0.2963 0.3438
2M8K 295 13.699 0.3481 0.4271
2M8K 296 19.323 0.3445 0.4531
2M8K 297 19.953 0.3381 0.4063
2M8K 298 15.556 0.4074 0.4896
2M8K 299 19.721 0.3529 0.4740
2M8K 300 19.013 0.3509 0.4427
2M8K 301 18.422 0.1245 0.1719
2M8K 302 14.381 0.1786 0.2552
2M8K 303 18.221 0.1599 0.2292
2M8K 304 22.181 0.2011 0.2917
2M8K 305 18.433 0.2008 0.3073
2M8K 306 17.409 0.1095 0.1823
2M8K 307 19.229 0.1670 0.2292
2M8K 308 18.163 0.1430 0.2135
2M8K 309 16.713 0.2914 0.3698
2M8K 310 20.044 0.2708 0.3333
2M8K 311 16.444 0.1363 0.1771
2M8K 312 17.908 0.1778 0.2292
2M8K 313 21.267 0.1901 0.2552
2M8K 314 18.093 0.1620 0.2344
2M8K 315 15.677 0.2755 0.3698
2M8K 316 19.277 0.3362 0.4010
2M8K 317 20.762 0.1531 0.2240
2M8K 318 19.219 0.1690 0.2500
2M8K 319 17.673 0.2581 0.3490
2M8K 320 18.513 0.3469 0.4479
2M8K 321 16.316 0.2522 0.3333
2M8K 322 20.167 0.2095 0.2708
2M8K 323 12.611 0.4016 0.4896
2M8K 324 19.929 0.2016 0.2656
2M8K 325 16.414 0.2251 0.2969
2M8K 326 19.358 0.2725 0.3698
2M8K 327 18.827 0.3540 0.4167
2M8K 328 15.713 0.3565 0.4583
2M8K 329 12.685 0.3549 0.4427
2M8K 330 19.835 0.3306 0.4063
2M8K 331 21.557 0.3408 0.4115
2M8K 332 20.822 0.3017 0.3490
2M8K 333 18.537 0.2417 0.3177
2M8K 334 12.419 0.3416 0.4792
2M8K 335 13.709 0.3681 0.4740
2M8K 336 16.175 0.3946 0.4792
2M8K 337 18.631 0.3212 0.4531
2M8K 338 11.919 0.2476 0.3646
2M8K 339 13.752 0.4080 0.5104
2M8K 340 10.955 0.3909 0.4844
2M8K 341 25.325 0.1194 0.1615
2M8K 342 19.989 0.2020 0.3125
2M8K 343 19.102 0.1621 0.2188
2M8K 344 17.931 0.1102 0.1615
2M8K 345 17.777 0.1660 0.2188
2M8K 346 20.102 0.2378 0.2917
2M8K 347 19.681 0.3574 0.4271
2M8K 348 16.089 0.2127 0.2813
2M8K 349 17.624 0.1485 0.2188
2M8K 350 19.929 0.2415 0.2969
2M8K 351 21.369 0.1766 0.2188
2M8K 352 19.255 0.2486 0.3281
2M8K 353 18.845 0.2554 0.3490
2M8K 354 17.555 0.2426 0.3177
2M8K 355 22.195 0.1667 0.2552
2M8K 356 19.555 0.3608 0.4427
2M8K 357 13.951 0.2125 0.2865
2M8K 358 10.722 0.2236 0.3125
2M8K 359 15.713 0.2413 0.2656
2M8K 360 19.027 0.2528 0.3229
2M8K 361 16.843 0.2247 0.3073
2M8K 362 17.669 0.3332 0.4115
2M8K 363 21.776 0.2095 0.3177
2M8K 364 19.508 0.2273 0.2813
2M8K 365 22.743 0.1658 0.2135
2M8K 366 20.583 0.3029 0.3906
2M8K 367 18.394 0.3307 0.4583
2M8K 368 16.674 0.2709 0.3542
2M8K 369 15.226 0.2613 0.4010
2M8K 370 19.777 0.3905 0.4740
2M8K 371 18.544 0.2074 0.3229
2M8K 372 15.049 0.3354 0.4896
2M8K 373 12.062 0.3669 0.4896
2M8K 374 13.053 0.2676 0.3854
2M8K 375 14.181 0.3493 0.4583
2M8K 376 12.066 0.3162 0.4115
2M8K 377 18.172 0.3812 0.4948
2M8K 378 12.568 0.4254 0.5365
2M8K 379 10.861 0.2519 0.3594
2M8K 380 14.392 0.4144 0.5417
2M8K 381 18.568 0.1606 0.2396
2M8K 382 17.111 0.1893 0.2552
2M8K 383 15.058 0.2155 0.2604
2M8K 384 24.693 0.1086 0.1719
2M8K 385 15.717 0.2099 0.2760
2M8K 386 21.696 0.1299 0.2031
2M8K 387 15.383 0.1859 0.2917
2M8K 388 17.234 0.2844 0.3750
2M8K 389 13.107 0.2914 0.3854
2M8K 390 15.912 0.1755 0.2448
2M8K 391 18.659 0.1436 0.1979
2M8K 392 19.519 0.2504 0.3385
2M8K 393 17.933 0.3150 0.4115
2M8K 394 19.017 0.2751 0.3281
2M8K 395 12.286 0.2439 0.3698
2M8K 396 14.897 0.1490 0.2083
2M8K 397 16.880 0.3695 0.4792
2M8K 398 17.534 0.2608 0.3490
2M8K 399 18.654 0.1507 0.2240
2M8K 400 13.048 0.3394 0.4219
2M8K 401 18.780 0.1577 0.2448
2M8K 402 17.594 0.1469 0.1979
2M8K 403 20.470 0.2306 0.3542
2M8K 404 17.736 0.2610 0.3177
2M8K 405 17.297 0.2694 0.3385
2M8K 406 19.489 0.3189 0.4010
2M8K 407 14.407 0.2449 0.3750
2M8K 408 19.753 0.3361 0.4219
2M8K 409 17.597 0.3947 0.5104
2M8K 410 15.076 0.1375 0.2135
2M8K 411 21.831 0.3543 0.4167
2M8K 412 20.060 0.3842 0.4635
2M8K 413 13.116 0.3969 0.5000
2M8K 414 21.393 0.4136 0.4844
2M8K 415 13.200 0.4206 0.5156
2M8K 416 19.604 0.1688 0.2240
2M8K 417 17.115 0.3847 0.4792
2M8K 418 13.968 0.3898 0.5104
2M8K 419 17.243 0.4094 0.5104
2M8K 420 15.200 0.2412 0.3021
2M8K 421 1.767 0.6503 0.7604
2M8K 422 1.948 0.6392 0.7552
2M8K 423 1.949 0.6403 0.7396
2M8K 424 2.101 0.6185 0.7292
2M8K 425 2.044 0.6191 0.7292
2M8K 426 2.069 0.6209 0.7240
2M8K 427 2.079 0.6205 0.7292
2M8K 428 2.113 0.6154 0.7188
2M8K 429 2.097 0.6194 0.7292
2M8K 430 2.109 0.6167 0.7240
2M8K 431 2.085 0.6193 0.7240
2M8K 432 2.097 0.6172 0.7240
2M8K 433 2.098 0.6170 0.7240
2M8K 434 2.089 0.6190 0.7292
2M8K 435 2.090 0.6184 0.7240
2M8K 436 2.094 0.6170 0.7240
2M8K 437 2.095 0.6180 0.7240
2M8K 438 2.090 0.6180 0.7292
2M8K 439 2.095 0.6178 0.7240
2M8K 440 2.086 0.6196 0.7292
2M8K 441 2.090 0.6190 0.7292
2M8K 442 2.097 0.6186 0.7240
2M8K 443 2.095 0.6180 0.7344
2M8K 444 2.106 0.6177 0.7240
2M8K 445 2.094 0.6181 0.7240
2M8K 446 2.105 0.6182 0.7240
2M8K 447 2.095 0.6176 0.7292
2M8K 448 2.102 0.6179 0.7344
2M8K 449 2.096 0.6182 0.7292
2M8K 450 2.095 0.6183 0.7292
2M8K 451 2.097 0.6184 0.7292
2M8K 452 2.099 0.6176 0.7292
2M8K 453 2.103 0.6183 0.7344
2M8K 454 2.087 0.6199 0.7292
2M8K 455 2.092 0.6178 0.7240
2M8K 456 2.099 0.6166 0.7240
2M8K 457 2.093 0.6188 0.7292
2M8K 458 2.091 0.6188 0.7292
2M8K 459 2.104 0.6181 0.7292
2M8K 460 2.087 0.6183 0.7292
2M8K 461 2.104 0.6167 0.7240
2M8K 462 2.093 0.6178 0.7240
2M8K 463 2.087 0.6195 0.7292
2M8K 464 2.094 0.6191 0.7240
2M8K 465 2.091 0.6194 0.7292
2M8K 466 2.084 0.6184 0.7292
2M8K 467 2.093 0.6191 0.7292
2M8K 468 2.092 0.6193 0.7292
2M8K 469 2.103 0.6176 0.7292
2M8K 470 2.087 0.6187 0.7292
2M8K 471 2.103 0.6175 0.7292
2M8K 472 2.092 0.6174 0.7292
2M8K 473 2.092 0.6183 0.7292
2M8K 474 2.084 0.6194 0.7292
2M8K 475 2.090 0.6190 0.7292
2M8K 476 2.114 0.6160 0.7292
2M8K 477 2.117 0.6154 0.7344
2M8K 478 2.116 0.6153 0.7292
2M8K 479 2.116 0.6145 0.7344
2M8K 480 2.124 0.6141 0.7292
2M8K 481 2.123 0.6148 0.7292
2M8K 482 2.110 0.6136 0.7240
2M8K 483 2.125 0.6139 0.7292
2M8K 484 2.101 0.6142 0.7292
2M8K 485 2.125 0.6131 0.7240
2M8K 486 2.125 0.6123 0.7292
2M8K 487 2.139 0.6100 0.7292
2M8K 488 2.128 0.6120 0.7292
2M8K 489 2.120 0.6115 0.7240
2M8K 490 2.139 0.6101 0.7240
2M8K 491 2.123 0.6125 0.7344
2M8K 492 2.152 0.6073 0.7240
2M8K 493 2.127 0.6108 0.7240
2M8K 494 2.115 0.6123 0.7292
2M8K 495 2.115 0.6143 0.7292
2M8K 496 2.122 0.6121 0.7240
2M8K 497 2.158 0.6088 0.7292
2M8K 498 2.161 0.6085 0.7292
2M8K 499 2.119 0.6155 0.7344
2M8K 500 2.119 0.6122 0.7188
2M8K 501 2.120 0.6116 0.7240
2M8K 502 2.100 0.6134 0.7240
2M8K 503 2.147 0.6094 0.7240
2M8K 504 2.122 0.6110 0.7240
2M8K 505 2.121 0.6131 0.7240
2M8K 506 2.138 0.6113 0.7292
2M8K 507 2.119 0.6138 0.7240
2M8K 508 2.131 0.6102 0.7188
2M8K 509 2.116 0.6117 0.7240
2M8K 510 2.107 0.6137 0.7292
2M8K 511 2.114 0.6132 0.7292
2M8K 512 2.140 0.6087 0.7292
2M8K 513 2.073 0.6190 0.7292
2M8K 514 2.097 0.6157 0.7344
2M8K 515 2.116 0.6098 0.7188
2M8K 516 2.115 0.6146 0.7344
2M8K 517 2.085 0.6161 0.7292
2M8K 518 2.094 0.6121 0.7240
2M8K 519 2.135 0.6071 0.7188
2M8K 520 2.150 0.6081 0.7292
2M8K 521 2.145 0.6048 0.7240
2M8K 522 2.119 0.6087 0.7240
2M8K 523 2.135 0.6077 0.7240
2M8K 524 2.180 0.6022 0.7188
2M8K 525 2.160 0.6047 0.7188
2M8K 526 2.115 0.6154 0.7292
2M8K 527 2.142 0.6078 0.7240
2M8K 528 2.120 0.6103 0.7240
2M8K 529 2.129 0.6112 0.7292
2M8K 530 2.170 0.6056 0.7292
2M8K 531 2.126 0.6124 0.7188
2M8K 532 2.174 0.6010 0.7188
2M8K 533 2.120 0.6074 0.7188
2M8K 534 2.130 0.6086 0.7188
2M8K 535 2.161 0.6069 0.7188
2M8K 536 2.137 0.6115 0.7240
2M8K 537 2.147 0.6062 0.7240
2M8K 538 2.096 0.6107 0.7188
2M8K 539 2.158 0.6062 0.7188
2M8K 540 2.155 0.6068 0.7188
2M8K 541 2.116 0.6101 0.7188
2M8K 542 2.152 0.6079 0.7188
2M8K 543 2.117 0.6124 0.7188
2M8K 544 2.155 0.6116 0.7240
2M8K 545 2.164 0.6055 0.7188
2M8K 546 2.202 0.5992 0.7240
2M8K 547 2.196 0.5978 0.7188
2M8K 548 2.182 0.5992 0.7240
2M8K 549 2.221 0.5944 0.7135
2M8K 550 2.212 0.5955 0.7292
2M8K 551 2.218 0.5948 0.7135
2M8K 552 2.228 0.5929 0.7135
2M8K 553 2.210 0.5982 0.7188
2M8K 554 2.170 0.6062 0.7240
2M8K 555 2.179 0.6015 0.7188
2M8K 556 2.239 0.5965 0.7188
2M8K 557 2.217 0.5984 0.7240
2M8K 558 2.220 0.5982 0.7240
2M8K 559 2.254 0.5906 0.7240
2M8K 560 2.215 0.5944 0.7135
2M8K 561 2.235 0.5917 0.7188
2M8K 562 2.234 0.5923 0.7135
2M8K 563 2.261 0.5908 0.7135
2M8K 564 2.170 0.6002 0.7240
2M8K 565 2.248 0.5980 0.7240
2M8K 566 2.179 0.6021 0.7292
2M8K 567 2.261 0.5939 0.7188
2M8K 568 2.236 0.5905 0.7188
2M8K 569 2.239 0.5991 0.7188
2M8K 570 2.191 0.6021 0.7188
2M8K 571 2.240 0.5949 0.7135
2M8K 572 2.144 0.6000 0.7240
2M8K 573 2.173 0.6011 0.7240
2M8K 574 2.195 0.5998 0.7240
2M8K 575 2.262 0.5882 0.7188
2M8K 576 2.202 0.5980 0.7240
2M8K 577 2.229 0.5958 0.7240
2M8K 578 2.176 0.6032 0.7240
2M8K 579 2.249 0.5940 0.7344
2M8K 580 2.219 0.5929 0.7188
2M8K 581 2.181 0.5987 0.7292
2M8K 582 2.216 0.5980 0.7240
2M8K 583 2.183 0.6017 0.7240
2M8K 584 2.202 0.5985 0.7292
2M8K 585 2.176 0.6023 0.7292
2M8K 586 2.199 0.5977 0.7240
2M8K 587 2.211 0.5941 0.7135
2M8K 588 2.201 0.5988 0.7240
2M8K 589 2.205 0.5986 0.7240
2M8K 590 2.131 0.6043 0.7292
2M8K 591 2.227 0.5982 0.7188
2M8K 592 2.206 0.5946 0.7135
2M8K 593 2.211 0.6031 0.7240
2M8K 594 2.194 0.6073 0.7292
2M8K 595 2.197 0.6012 0.7240
2M8K 596 2.271 0.5987 0.7240
2M8K 597 2.234 0.6046 0.7240
2M8K 598 2.248 0.6080 0.7292
2M8K 599 2.185 0.6102 0.7396
2M8K 600 2.221 0.6137 0.7396
2M8K 601 2.241 0.6100 0.7500
2M8K 602 2.187 0.6164 0.7240
2M8K 603 2.168 0.6184 0.7344
2M8K 604 2.171 0.6254 0.7396
2M8K 605 2.257 0.6143 0.7344
2M8K 606 2.200 0.6196 0.7396
2M8K 607 2.192 0.6194 0.7500
2M8K 608 2.211 0.6256 0.7500
2M8K 609 2.189 0.6168 0.7344
2M8K 610 2.199 0.6289 0.7448
2M8K 611 2.125 0.6277 0.7500
2M8K 612 2.213 0.6237 0.7500
2M8K 613 2.199 0.6207 0.7396
2M8K 614 2.277 0.6154 0.7344
2M8K 615 2.205 0.6181 0.7448
2M8K 616 2.300 0.6073 0.7188
2M8K 617 2.217 0.6127 0.7240
2M8K 618 2.188 0.6240 0.7552
2M8K 619 2.243 0.6144 0.7344
2M8K 620 2.272 0.6026 0.7344
2M8K 621 2.392 0.5909 0.7188
2M8K 622 2.153 0.6086 0.7240
2M8K 623 2.298 0.5931 0.7188
2M8K 624 2.298 0.5964 0.7135
2M8K 625 2.225 0.6073 0.7188
2M8K 626 2.353 0.5975 0.7188
2M8K 627 2.346 0.5911 0.7135
2M8K 628 2.388 0.5856 0.7031
2M8K 629 2.311 0.6003 0.7240
2M8K 630 2.260 0.6060 0.7240
2M8K 631 2.292 0.6063 0.7240
2M8K 632 2.210 0.6146 0.7344
2M8K 633 2.265 0.6030 0.7188
2M8K 634 2.225 0.6127 0.7344
2M8K 635 2.291 0.6041 0.7240
2M8K 636 2.232 0.6116 0.7188
2M8K 637 2.264 0.6078 0.7240
2M8K 638 2.295 0.6027 0.7135
2M8K 639 2.252 0.6015 0.7292
2M8K 640 2.343 0.5958 0.7135
2M8K 641 2.202 0.6137 0.7292
2M8K 642 2.241 0.6018 0.7292
2M8K 643 2.272 0.5967 0.7188
2M8K 644 2.203 0.6073 0.7344
2M8K 645 2.269 0.5936 0.7135
2M8K 646 2.207 0.6017 0.7188
2M8K 647 2.229 0.5954 0.7188
2M8K 648 2.340 0.5858 0.7188
2M8K 649 2.263 0.5928 0.7188
2M8K 650 2.371 0.5701 0.7083
2M8K 651 2.255 0.5905 0.7240
2M8K 652 2.392 0.5767 0.7083
2M8K 653 2.314 0.5879 0.7188
2M8K 654 2.238 0.5953 0.7188
2M8K 655 2.296 0.5896 0.7135
2M8K 656 2.236 0.5922 0.7188
2M8K 657 2.311 0.5868 0.7188
2M8K 658 2.264 0.5908 0.7188
2M8K 659 2.320 0.5845 0.7188
2M8K 660 2.277 0.5933 0.7240
2M8K 661 2.248 0.5908 0.7188
2M8K 662 2.264 0.5910 0.7188
2M8K 663 2.270 0.5951 0.7188
2M8K 664 2.261 0.5983 0.7240
2M8K 665 2.301 0.5898 0.7135
2M8K 666 2.265 0.5957 0.7188
2M8K 667 2.283 0.5946 0.7188
2M8K 668 2.271 0.5928 0.7188
2M8K 669 2.211 0.5982 0.7188
2M8K 670 2.274 0.5874 0.7240
2M8K 671 2.338 0.5800 0.7083
2M8K 672 2.317 0.5755 0.7135
2M8K 673 2.324 0.5792 0.7135
2M8K 674 2.397 0.5656 0.7031
2M8K 675 2.348 0.5741 0.7083
2M8K 676 2.470 0.5576 0.6927
2M8K 677 2.373 0.5723 0.6927
2M8K 678 2.384 0.5704 0.7031
2M8K 679 2.453 0.5545 0.6979
2M8K 680 2.343 0.5786 0.7135
2M8K 681 2.393 0.5709 0.7031
2M8K 682 2.388 0.5768 0.7031
2M8K 683 2.384 0.5684 0.7031
2M8K 684 2.372 0.5738 0.7083
2M8K 685 2.422 0.5545 0.6927
2M8K 686 2.438 0.5674 0.7031
2M8K 687 2.318 0.5842 0.7188
2M8K 688 2.451 0.5657 0.6927
2M8K 689 2.372 0.5661 0.6979
2M8K 690 2.393 0.5685 0.6979
2M8K 691 2.368 0.5746 0.7083
2M8K 692 2.401 0.5646 0.7031
2M8K 693 2.416 0.5614 0.7031
2M8K 694 2.405 0.5729 0.7083
2M8K 695 2.354 0.5810 0.7031
2M8K 696 2.434 0.5664 0.6927
2M8K 697 2.373 0.5701 0.7135
2M8K 698 2.277 0.5829 0.7188
2M8K 699 2.321 0.5746 0.7135
2M8K 700 2.474 0.5593 0.7031
2M8K 701 2.404 0.5623 0.6927
2M8K 702 2.365 0.5778 0.7083
2M8K 703 2.378 0.5715 0.6979
2M8K 704 2.392 0.5658 0.7083
2M8K 705 2.289 0.5915 0.7240
2M8K 706 2.284 0.5812 0.7083
2M8K 707 2.352 0.5717 0.7031
2M8K 708 2.341 0.5825 0.7135
2M8K 709 2.267 0.5858 0.7135
2M8K 710 2.388 0.5711 0.7031
2M8K 711 2.272 0.5843 0.7135
2M8K 712 2.214 0.5916 0.7135
2M8K 713 2.327 0.5717 0.7083
2M8K 714 2.331 0.5783 0.7031
2M8K 715 2.337 0.5730 0.7031
2M8K 716 2.345 0.5808 0.7083
2M8K 717 2.356 0.5762 0.7135
2M8K 718 2.302 0.5768 0.7031
2M8K 719 2.222 0.5938 0.7240
2M8K 720 2.309 0.5870 0.7135
2M8K 721 2.389 0.5635 0.6927
2M8K 722 2.389 0.5645 0.6875
2M8K 723 2.399 0.5641 0.6927
2M8K 724 2.337 0.5675 0.6927
2M8K 725 2.404 0.5593 0.7083
2M8K 726 2.251 0.5871 0.7188
2M8K 727 2.294 0.5791 0.7188
2M8K 728 2.272 0.5693 0.7031
2M8K 729 2.366 0.5666 0.6979
2M8K 730 2.299 0.5720 0.7135
2M8K 731 2.373 0.5709 0.7031
2M8K 732 2.315 0.5678 0.6979
2M8K 733 2.362 0.5695 0.6979
2M8K 734 2.453 0.5716 0.7031
2M8K 735 2.366 0.5696 0.7031
2M8K 736 2.365 0.5789 0.7188
2M8K 737 2.334 0.5706 0.7083
2M8K 738 2.301 0.5740 0.6979
2M8K 739 2.363 0.5567 0.6823
2M8K 740 2.344 0.5734 0.7031
2M8K 741 2.271 0.5840 0.7135
2M8K 742 2.249 0.5777 0.7031
2M8K 743 2.190 0.5823 0.7135
2M8K 744 2.249 0.5812 0.6979
2M8K 745 2.276 0.5701 0.7031
2M8K 746 2.191 0.5862 0.7135
2M8K 747 2.292 0.5616 0.6979
2M8K 748 2.225 0.5738 0.7083
2M8K 749 2.313 0.5642 0.6927
2M8K 750 2.332 0.5619 0.6927
2M8K 751 2.289 0.5660 0.6927
2M8K 752 2.462 0.5338 0.6667
2M8K 753 2.470 0.5312 0.6615
2M8K 754 2.500 0.5317 0.6719
2M8K 755 2.692 0.5138 0.6667
2M8K 756 2.722 0.4960 0.6510
2M8K 757 2.801 0.4945 0.6406
2M8K 758 2.631 0.5098 0.6563
2M8K 759 2.716 0.5108 0.6563
2M8K 760 2.878 0.4773 0.6354
2M8K 761 2.755 0.4865 0.6406
2M8K 762 2.714 0.4908 0.6354
2M8K 763 2.875 0.4752 0.6354
2M8K 764 2.813 0.4882 0.6458
2M8K 765 2.943 0.4660 0.6302
2M8K 766 2.943 0.4704 0.6302
2M8K 767 2.962 0.4626 0.6302
2M8K 768 2.828 0.4761 0.6406
2M8K 769 2.828 0.4777 0.6406
2M8K 770 2.871 0.4822 0.6458
2M8K 771 2.765 0.4877 0.6563
2M8K 772 2.724 0.4985 0.6563
2M8K 773 2.857 0.4880 0.6510
2M8K 774 2.775 0.5019 0.6458
2M8K 775 2.928 0.4786 0.6458
2M8K 776 2.872 0.4755 0.6354
2M8K 777 2.921 0.4747 0.6302
2M8K 778 2.829 0.4869 0.6510
2M8K 779 2.823 0.4822 0.6458
2M8K 780 2.858 0.4862 0.6406
2M8K 781 2.908 0.4714 0.6354
2M8K 782 2.933 0.4723 0.6354
2M8K 783 2.856 0.4820 0.6354
2M8K 784 2.915 0.4697 0.6406
2M8K 785 2.866 0.4750 0.6406
2M8K 786 2.840 0.4829 0.6354
2M8K 787 2.926 0.4679 0.6354
2M8K 788 2.988 0.4677 0.6250
2M8K 789 2.862 0.4767 0.6406
2M8K 790 2.891 0.4811 0.6354
2M8K 791 2.893 0.4715 0.6354
2M8K 792 2.764 0.4884 0.6458
2M8K 793 2.781 0.4888 0.6354
2M8K 794 2.917 0.4670 0.6354
2M8K 795 2.789 0.4802 0.6563
2M8K 796 2.886 0.4711 0.6458
2M8K 797 2.740 0.4864 0.6406
2M8K 798 2.757 0.4923 0.6458
2M8K 799 2.790 0.4752 0.6458
2M8K 800 2.802 0.4775 0.6406
2M8K 801 2.765 0.4869 0.6510
2M8K 802 2.779 0.4856 0.6458
2M8K 803 2.807 0.4791 0.6510
2M8K 804 2.763 0.4909 0.6406
2M8K 805 2.655 0.4939 0.6510
2M8K 806 2.775 0.4673 0.6510
2M8K 807 2.733 0.4789 0.6510
2M8K 808 2.751 0.4841 0.6406
2M8K 809 2.682 0.4876 0.6563
2M8K 810 2.854 0.4643 0.6354
2M8K 811 2.796 0.4820 0.6406
2M8K 812 2.745 0.4851 0.6563
2M8K 813 2.823 0.4808 0.6406
2M8K 814 2.825 0.4729 0.6250
2M8K 815 2.881 0.4557 0.6198
2M8K 816 2.759 0.4815 0.6406
2M8K 817 2.891 0.4682 0.6354
2M8K 818 2.837 0.4713 0.6458
2M8K 819 2.752 0.4849 0.6510
2M8K 820 2.732 0.4821 0.6563
2M8K 821 2.775 0.4729 0.6406
2M8K 822 2.773 0.4764 0.6510
2M8K 823 2.754 0.4733 0.6406
2M8K 824 2.767 0.4798 0.6563
2M8K 825 2.659 0.4861 0.6615
2M8K 826 2.693 0.4801 0.6354
2M8K 827 2.672 0.4790 0.6458
2M8K 828 2.650 0.4828 0.6510
2M8K 829 2.751 0.4635 0.6406
2M8K 830 2.651 0.4883 0.6615
2M8K 831 2.597 0.4912 0.6510
2M8K 832 2.721 0.4684 0.6563
2M8K 833 2.612 0.4853 0.6615
2M8K 834 2.649 0.4780 0.6510
2M8K 835 2.644 0.4870 0.6563
2M8K 836 2.664 0.4866 0.6667
2M8K 837 2.641 0.4943 0.6563
2M8K 838 2.647 0.4878 0.6458
2M8K 839 2.599 0.4929 0.6458
2M8K 840 2.521 0.5048 0.6667
2M8K 841 2.691 0.4911 0.6510
2M8K 842 2.791 0.4744 0.6563
2M8K 843 2.695 0.4795 0.6510
2M8K 844 2.675 0.4828 0.6563
2M8K 845 2.697 0.4771 0.6667
2M8K 846 2.566 0.5076 0.6719
2M8K 847 2.657 0.4833 0.6667
2M8K 848 2.611 0.4950 0.6667
2M8K 849 2.665 0.4799 0.6563
2M8K 850 2.669 0.4904 0.6667
2M8K 851 2.603 0.4924 0.6615
2M8K 852 2.675 0.4812 0.6563
2M8K 853 2.548 0.5053 0.6615
2M8K 854 2.604 0.4971 0.6458
2M8K 855 2.608 0.4964 0.6667
2M8K 856 2.654 0.4997 0.6667
2M8K 857 2.654 0.4944 0.6615
2M8K 858 2.648 0.5020 0.6510
2M8K 859 2.665 0.4889 0.6563
2M8K 860 2.734 0.4840 0.6510
2M8K 861 2.691 0.4954 0.6510
2M8K 862 2.641 0.5009 0.6510
2M8K 863 2.764 0.4752 0.6510
2M8K 864 2.831 0.4648 0.6406
2M8K 865 2.768 0.4709 0.6458
2M8K 866 2.747 0.4773 0.6406
2M8K 867 2.569 0.5119 0.6563
2M8K 868 2.666 0.4888 0.6458
2M8K 869 2.795 0.4698 0.6458
2M8K 870 2.783 0.4795 0.6354
2M8K 871 2.842 0.4624 0.6458
2M8K 872 2.758 0.4776 0.6458
2M8K 873 2.810 0.4679 0.6406
2M8K 874 2.894 0.4534 0.6302
2M8K 875 2.882 0.4755 0.6458
2M8K 876 2.829 0.4841 0.6510
2M8K 877 3.017 0.4584 0.6302
2M8K 878 2.905 0.4648 0.6354
2M8K 879 2.830 0.4733 0.6354
2M8K 880 2.780 0.4696 0.6458
2M8K 881 2.793 0.4713 0.6406
2M8K 882 2.730 0.4774 0.6406
2M8K 883 2.985 0.4433 0.6146
2M8K 884 2.910 0.4498 0.6146
2M8K 885 3.012 0.4455 0.6302
2M8K 886 2.992 0.4448 0.6198
2M8K 887 2.992 0.4481 0.6198
2M8K 888 3.120 0.4248 0.6198
2M8K 889 2.940 0.4477 0.6302
2M8K 890 2.998 0.4439 0.6146
2M8K 891 3.045 0.4399 0.6250
2M8K 892 3.000 0.4563 0.6302
2M8K 893 2.923 0.4607 0.6302
2M8K 894 3.031 0.4457 0.6146
2M8K 895 3.080 0.4452 0.6250
2M8K 896 3.099 0.4377 0.6198
2M8K 897 2.981 0.4583 0.6302
2M8K 898 2.980 0.4596 0.6354
2M8K 899 3.030 0.4566 0.6250
2M8K 900 3.033 0.4451 0.6198
2M8K 901 2.982 0.4616 0.6354
2M8K 902 2.837 0.4658 0.6250
2M8K 903 2.865 0.4659 0.6250
2M8K 904 2.881 0.4510 0.6198
2M8K 905 2.945 0.4393 0.6146
2M8K 906 2.903 0.4523 0.6198
2M8K 907 2.943 0.4729 0.6250
2M8K 908 3.119 0.4442 0.5938
2M8K 909 3.136 0.4307 0.5938
2M8K 910 3.187 0.4426 0.5938
2M8K 911 3.231 0.4301 0.5938
2M8K 912 3.188 0.4418 0.5938
2M8K 913 3.172 0.4473 0.5938
2M8K 914 3.117 0.4450 0.5938
2M8K 915 3.196 0.4395 0.5885
2M8K 916 3.167 0.4356 0.5938
2M8K 917 3.170 0.4304 0.5885
2M8K 918 3.200 0.4319 0.5885
2M8K 919 3.297 0.4173 0.5885
2M8K 920 3.151 0.4523 0.6094
2M8K 921 3.187 0.4355 0.6094
2M8K 922 3.200 0.4415 0.5885
2M8K 923 3.200 0.4329 0.5990
2M8K 924 3.228 0.4292 0.6042
2M8K 925 3.204 0.4320 0.6042
2M8K 926 3.311 0.4229 0.5938
2M8K 927 3.237 0.4269 0.5938
