2NCI 1 0.000 1.0000 1.0000
2NCI 2 1.570 0.5933 0.8482
2NCI 3 0.764 0.7442 0.9643
2NCI 4 1.466 0.5984 0.8661
2NCI 5 1.091 0.5663 0.9018
2NCI 6 0.376 0.9328 0.9911
2NCI 7 1.203 0.6608 0.9107
2NCI 8 0.480 0.8770 0.9911
2NCI 9 0.383 0.9059 1.0000
2NCI 10 1.251 0.6326 0.8839
2NCI 11 12.714 0.1315 0.2411
2NCI 12 11.973 0.1219 0.2768
2NCI 13 14.181 0.1971 0.3571
2NCI 14 9.072 0.1877 0.3929
2NCI 15 10.171 0.1166 0.3036
2NCI 16 11.016 0.1464 0.3125
2NCI 17 7.880 0.2550 0.4643
2NCI 18 11.495 0.1260 0.2946
2NCI 19 15.796 0.1497 0.3214
2NCI 20 11.887 0.2033 0.3571
2NCI 21 14.163 0.1311 0.2589
2NCI 22 4.364 0.2529 0.5804
2NCI 23 11.350 0.2439 0.4018
2NCI 24 9.755 0.1944 0.3839
2NCI 25 9.184 0.2017 0.4464
2NCI 26 8.445 0.2302 0.4107
2NCI 27 12.405 0.3037 0.4643
2NCI 28 6.866 0.3441 0.6161
2NCI 29 13.366 0.2066 0.3571
2NCI 30 7.549 0.2127 0.4821
2NCI 31 11.947 0.2680 0.4018
2NCI 32 12.940 0.2664 0.3929
2NCI 33 7.979 0.2166 0.3839
2NCI 34 7.497 0.2265 0.4464
2NCI 35 5.614 0.2742 0.5446
2NCI 36 8.053 0.1868 0.3929
2NCI 37 6.751 0.2883 0.5179
2NCI 38 11.351 0.2476 0.4464
2NCI 39 8.357 0.2444 0.4286
2NCI 40 8.751 0.3309 0.5000
2NCI 41 10.512 0.1470 0.3036
2NCI 42 10.283 0.2574 0.4286
2NCI 43 7.919 0.3035 0.4554
2NCI 44 12.613 0.2504 0.4732
2NCI 45 14.198 0.2400 0.4196
2NCI 46 10.269 0.2540 0.4375
2NCI 47 4.449 0.3297 0.6250
2NCI 48 13.494 0.2016 0.3929
2NCI 49 10.417 0.3157 0.4643
2NCI 50 12.017 0.2813 0.4554
2NCI 51 9.958 0.1043 0.2857
2NCI 52 12.247 0.1285 0.2946
2NCI 53 11.403 0.2131 0.4286
2NCI 54 10.448 0.2750 0.4554
2NCI 55 12.082 0.2018 0.3393
2NCI 56 8.773 0.2359 0.4375
2NCI 57 10.444 0.2017 0.3929
2NCI 58 7.576 0.3140 0.5179
2NCI 59 10.804 0.1858 0.3571
2NCI 60 10.766 0.2544 0.4018
2NCI 61 9.972 0.2437 0.4375
2NCI 62 11.816 0.1371 0.2857
2NCI 63 12.326 0.2826 0.4732
2NCI 64 11.690 0.2420 0.4196
2NCI 65 13.482 0.2162 0.3750
2NCI 66 12.724 0.1954 0.3661
2NCI 67 12.755 0.2660 0.4196
2NCI 68 14.274 0.1977 0.3482
2NCI 69 12.599 0.2737 0.4107
2NCI 70 7.530 0.2753 0.4732
2NCI 71 12.621 0.2228 0.4554
2NCI 72 11.769 0.1424 0.2946
2NCI 73 8.747 0.2243 0.4196
2NCI 74 11.300 0.2491 0.4196
2NCI 75 10.712 0.3124 0.4643
2NCI 76 12.402 0.2074 0.4554
2NCI 77 15.603 0.2916 0.4286
2NCI 78 9.605 0.3162 0.4821
2NCI 79 10.745 0.2797 0.4821
2NCI 80 10.014 0.2539 0.4375
2NCI 81 14.715 0.1824 0.3750
2NCI 82 10.856 0.2864 0.4375
2NCI 83 8.607 0.2521 0.4643
2NCI 84 6.611 0.2866 0.5089
2NCI 85 11.537 0.2595 0.4464
2NCI 86 11.898 0.2519 0.4286
2NCI 87 11.741 0.3139 0.4732
2NCI 88 7.421 0.2523 0.4375
2NCI 89 10.943 0.2695 0.4554
2NCI 90 8.897 0.2934 0.4821
2NCI 91 15.608 0.1597 0.3304
2NCI 92 14.136 0.1300 0.3304
2NCI 93 10.490 0.1641 0.3036
2NCI 94 9.480 0.1432 0.3125
2NCI 95 13.761 0.2067 0.3839
2NCI 96 14.849 0.1190 0.2321
2NCI 97 10.858 0.1851 0.3839
2NCI 98 9.388 0.2887 0.4554
2NCI 99 10.671 0.2329 0.4375
2NCI 100 14.489 0.1359 0.2857
2NCI 101 11.813 0.1463 0.2946
2NCI 102 9.355 0.2633 0.4286
2NCI 103 9.839 0.2453 0.4107
2NCI 104 11.555 0.2733 0.4286
2NCI 105 13.550 0.1205 0.2589
2NCI 106 11.359 0.1984 0.3571
2NCI 107 10.554 0.2671 0.4196
2NCI 108 9.445 0.2461 0.4464
2NCI 109 16.191 0.1234 0.2946
2NCI 110 8.044 0.2599 0.4732
2NCI 111 9.665 0.2740 0.4643
2NCI 112 11.171 0.3046 0.4732
2NCI 113 11.465 0.2256 0.4107
2NCI 114 10.409 0.2681 0.4375
2NCI 115 12.668 0.3150 0.4732
2NCI 116 11.141 0.2591 0.4554
2NCI 117 11.298 0.1326 0.3036
2NCI 118 9.121 0.2600 0.4732
2NCI 119 11.483 0.2952 0.4286
2NCI 120 14.918 0.2647 0.4375
2NCI 121 13.479 0.3011 0.5089
2NCI 122 12.686 0.2668 0.4732
2NCI 123 10.067 0.1965 0.3661
2NCI 124 11.882 0.2979 0.4554
2NCI 125 9.640 0.2893 0.4732
2NCI 126 10.124 0.2610 0.4375
2NCI 127 12.689 0.2310 0.4107
2NCI 128 13.644 0.2216 0.3839
2NCI 129 14.523 0.2083 0.3750
2NCI 130 11.168 0.2896 0.4643
2NCI 131 11.179 0.0864 0.2500
2NCI 132 9.234 0.1821 0.3661
2NCI 133 8.677 0.2145 0.4732
2NCI 134 11.162 0.1180 0.2679
2NCI 135 11.685 0.2027 0.4375
2NCI 136 12.686 0.1211 0.2589
2NCI 137 10.426 0.2674 0.4821
2NCI 138 14.354 0.1623 0.2768
2NCI 139 9.559 0.3058 0.5268
2NCI 140 12.177 0.1560 0.2857
2NCI 141 11.099 0.1969 0.3571
2NCI 142 9.765 0.1313 0.2946
2NCI 143 12.154 0.1825 0.3393
2NCI 144 8.228 0.2768 0.5000
2NCI 145 8.892 0.2847 0.4732
2NCI 146 8.174 0.2481 0.4911
2NCI 147 8.099 0.2799 0.4821
2NCI 148 11.143 0.2412 0.4643
2NCI 149 7.665 0.2306 0.4196
2NCI 150 10.308 0.1813 0.4018
2NCI 151 8.696 0.1852 0.3571
2NCI 152 7.353 0.2626 0.4643
2NCI 153 10.411 0.3076 0.5089
2NCI 154 10.057 0.2990 0.4643
2NCI 155 9.163 0.2529 0.4375
2NCI 156 10.781 0.2598 0.4018
2NCI 157 10.235 0.2662 0.4107
2NCI 158 9.935 0.2369 0.4554
2NCI 159 6.042 0.2647 0.5357
2NCI 160 12.583 0.2482 0.4554
2NCI 161 5.929 0.2487 0.5000
2NCI 162 10.806 0.2503 0.4732
2NCI 163 8.463 0.2435 0.4375
2NCI 164 10.903 0.2423 0.4375
2NCI 165 10.045 0.2424 0.4286
2NCI 166 4.733 0.2862 0.5625
2NCI 167 11.603 0.2113 0.4018
2NCI 168 7.614 0.2533 0.4286
2NCI 169 7.852 0.2768 0.4643
2NCI 170 9.023 0.2675 0.4643
2NCI 171 13.887 0.0950 0.2143
2NCI 172 12.453 0.1615 0.2679
2NCI 173 11.180 0.1902 0.3393
2NCI 174 13.940 0.1741 0.3036
2NCI 175 10.734 0.2435 0.4554
2NCI 176 11.603 0.1086 0.2857
2NCI 177 12.555 0.2133 0.3482
2NCI 178 16.514 0.1538 0.3304
2NCI 179 9.151 0.2805 0.5179
2NCI 180 11.879 0.1634 0.2857
2NCI 181 10.130 0.1712 0.3482
2NCI 182 6.586 0.2570 0.4911
2NCI 183 10.585 0.1032 0.2589
2NCI 184 14.092 0.2210 0.3661
2NCI 185 13.208 0.2651 0.4196
2NCI 186 9.220 0.2659 0.4643
2NCI 187 13.155 0.2323 0.3929
2NCI 188 13.061 0.1138 0.2768
2NCI 189 8.479 0.2991 0.4732
2NCI 190 15.698 0.2149 0.3750
2NCI 191 9.371 0.1455 0.3304
2NCI 192 8.208 0.2660 0.4554
2NCI 193 10.310 0.1600 0.3304
2NCI 194 5.207 0.3224 0.5893
2NCI 195 11.850 0.2115 0.3482
2NCI 196 12.806 0.1839 0.3750
2NCI 197 7.766 0.2558 0.4375
2NCI 198 12.103 0.1849 0.3125
2NCI 199 9.715 0.3258 0.5089
2NCI 200 7.348 0.3165 0.5179
2NCI 201 7.973 0.2757 0.4732
2NCI 202 10.868 0.1890 0.3750
2NCI 203 9.511 0.3096 0.5089
2NCI 204 7.842 0.2707 0.4911
2NCI 205 11.977 0.2392 0.4018
2NCI 206 11.632 0.2258 0.4196
2NCI 207 11.292 0.1965 0.4286
2NCI 208 6.715 0.2796 0.4732
2NCI 209 9.534 0.2597 0.4464
2NCI 210 6.996 0.2658 0.4643
2NCI 211 12.202 0.1683 0.2946
2NCI 212 11.003 0.1621 0.3304
2NCI 213 11.016 0.2937 0.4286
2NCI 214 13.146 0.1497 0.3036
2NCI 215 10.371 0.2064 0.3929
2NCI 216 13.040 0.2386 0.3661
2NCI 217 10.967 0.2823 0.4911
2NCI 218 8.011 0.2636 0.4821
2NCI 219 10.880 0.2335 0.4107
2NCI 220 11.831 0.2228 0.3750
2NCI 221 8.808 0.2817 0.4554
2NCI 222 10.397 0.1411 0.3036
2NCI 223 12.627 0.2543 0.4107
2NCI 224 11.557 0.3019 0.4554
2NCI 225 7.595 0.2796 0.4911
2NCI 226 11.329 0.2242 0.3750
2NCI 227 13.830 0.1847 0.3304
2NCI 228 8.324 0.2925 0.4732
2NCI 229 8.812 0.2614 0.5089
2NCI 230 10.435 0.2044 0.3839
2NCI 231 7.676 0.2791 0.4911
2NCI 232 8.336 0.2469 0.4464
2NCI 233 11.176 0.2617 0.4732
2NCI 234 9.381 0.2890 0.5357
2NCI 235 13.086 0.2360 0.4107
2NCI 236 4.542 0.2587 0.5982
2NCI 237 11.674 0.2392 0.4375
2NCI 238 12.091 0.2011 0.3929
2NCI 239 5.094 0.2777 0.5625
2NCI 240 10.314 0.2778 0.4643
2NCI 241 8.605 0.2837 0.4732
2NCI 242 6.653 0.2599 0.5000
2NCI 243 8.083 0.2779 0.4732
2NCI 244 8.842 0.2874 0.4911
2NCI 245 11.965 0.2563 0.4375
2NCI 246 5.112 0.2718 0.5446
2NCI 247 9.698 0.3135 0.5446
2NCI 248 9.363 0.2396 0.4286
2NCI 249 10.685 0.2943 0.4375
2NCI 250 7.464 0.3012 0.4911
2NCI 251 8.294 0.2152 0.4464
2NCI 252 6.560 0.2264 0.4643
2NCI 253 9.141 0.1412 0.3482
2NCI 254 8.522 0.1176 0.3482
2NCI 255 8.383 0.1145 0.3036
2NCI 256 15.465 0.1393 0.2768
2NCI 257 10.849 0.2824 0.4196
2NCI 258 12.266 0.2658 0.4375
2NCI 259 11.535 0.2491 0.4375
2NCI 260 9.706 0.2192 0.4911
2NCI 261 6.793 0.2847 0.5000
2NCI 262 11.025 0.2338 0.3839
2NCI 263 8.189 0.1749 0.3839
2NCI 264 12.159 0.1143 0.2500
2NCI 265 13.249 0.2462 0.4554
2NCI 266 7.821 0.1453 0.3661
2NCI 267 11.566 0.2986 0.4464
2NCI 268 11.967 0.1951 0.3571
2NCI 269 11.822 0.2167 0.3661
2NCI 270 8.620 0.1866 0.3929
2NCI 271 9.608 0.2364 0.4196
2NCI 272 10.928 0.2470 0.4732
2NCI 273 12.464 0.2081 0.3661
2NCI 274 8.909 0.3261 0.4911
2NCI 275 11.798 0.1614 0.2946
2NCI 276 8.577 0.3022 0.4732
2NCI 277 8.501 0.2343 0.3929
2NCI 278 7.344 0.2715 0.4911
2NCI 279 11.653 0.2117 0.3839
2NCI 280 12.428 0.1936 0.3304
2NCI 281 5.877 0.2697 0.5089
2NCI 282 12.864 0.2544 0.4196
2NCI 283 11.999 0.1911 0.3661
2NCI 284 9.761 0.2378 0.4732
2NCI 285 10.544 0.2927 0.4732
2NCI 286 8.614 0.2881 0.5179
2NCI 287 8.355 0.2790 0.5089
2NCI 288 11.630 0.1897 0.3661
2NCI 289 9.842 0.3171 0.4911
2NCI 290 7.114 0.2615 0.4732
2NCI 291 9.072 0.1138 0.3036
2NCI 292 10.134 0.1449 0.3125
2NCI 293 11.820 0.1233 0.2857
2NCI 294 7.441 0.1358 0.3571
2NCI 295 7.186 0.2614 0.5268
2NCI 296 15.089 0.1350 0.3036
2NCI 297 8.643 0.2305 0.5000
2NCI 298 9.096 0.1364 0.3214
2NCI 299 10.176 0.1611 0.3661
2NCI 300 13.185 0.2329 0.3393
2NCI 301 13.467 0.2355 0.4196
2NCI 302 11.530 0.2774 0.4375
2NCI 303 11.034 0.1625 0.3571
2NCI 304 11.356 0.2840 0.4554
2NCI 305 12.949 0.1713 0.3750
2NCI 306 8.382 0.2076 0.3839
2NCI 307 9.856 0.2825 0.4286
2NCI 308 13.229 0.2711 0.3839
2NCI 309 8.488 0.2368 0.4554
2NCI 310 11.175 0.1429 0.3125
2NCI 311 9.897 0.2567 0.4375
2NCI 312 9.653 0.2690 0.4732
2NCI 313 9.896 0.2311 0.4732
2NCI 314 8.353 0.2911 0.4911
2NCI 315 10.159 0.1503 0.3571
2NCI 316 6.269 0.2058 0.4911
2NCI 317 9.015 0.2690 0.4554
2NCI 318 9.432 0.2680 0.4732
2NCI 319 9.104 0.2738 0.4464
2NCI 320 5.278 0.2468 0.5357
2NCI 321 8.889 0.2551 0.4464
2NCI 322 7.918 0.2923 0.5000
2NCI 323 11.769 0.3040 0.4643
2NCI 324 9.793 0.2734 0.4554
2NCI 325 14.851 0.3240 0.4821
2NCI 326 12.249 0.2837 0.4732
2NCI 327 5.893 0.2628 0.5268
2NCI 328 7.387 0.2383 0.4911
2NCI 329 5.891 0.3217 0.5804
2NCI 330 10.963 0.2394 0.4821
2NCI 331 13.009 0.1003 0.2143
2NCI 332 9.040 0.1383 0.3125
2NCI 333 9.344 0.2129 0.4107
2NCI 334 11.191 0.2663 0.4375
2NCI 335 8.574 0.2203 0.4286
2NCI 336 11.100 0.1429 0.2857
2NCI 337 11.885 0.2331 0.3661
2NCI 338 11.142 0.1843 0.3304
2NCI 339 14.004 0.2225 0.3929
2NCI 340 12.726 0.1533 0.2857
2NCI 341 14.203 0.1042 0.2679
2NCI 342 9.686 0.2366 0.4196
2NCI 343 8.236 0.1736 0.4107
2NCI 344 10.125 0.2023 0.4375
2NCI 345 7.693 0.2309 0.4375
2NCI 346 9.417 0.2935 0.5268
2NCI 347 12.164 0.1444 0.3214
2NCI 348 12.380 0.1808 0.3304
2NCI 349 9.390 0.2703 0.4911
2NCI 350 8.977 0.2316 0.4107
2NCI 351 10.928 0.2805 0.4643
2NCI 352 12.461 0.2872 0.4554
2NCI 353 10.209 0.2633 0.4464
2NCI 354 13.345 0.2261 0.4107
2NCI 355 10.458 0.2379 0.4911
2NCI 356 10.119 0.1429 0.3304
2NCI 357 9.383 0.2919 0.5000
2NCI 358 11.124 0.1994 0.3839
2NCI 359 9.164 0.2561 0.5000
2NCI 360 5.175 0.3502 0.5982
2NCI 361 8.689 0.3141 0.4911
2NCI 362 10.475 0.2780 0.4464
2NCI 363 11.597 0.2315 0.3750
2NCI 364 11.917 0.2435 0.4286
2NCI 365 12.291 0.2798 0.4464
2NCI 366 8.306 0.3010 0.4821
2NCI 367 6.629 0.2702 0.5089
2NCI 368 9.271 0.2917 0.4911
2NCI 369 12.032 0.2377 0.3929
2NCI 370 10.221 0.2840 0.4286
2NCI 371 10.728 0.1263 0.2857
2NCI 372 10.925 0.1181 0.2679
2NCI 373 10.247 0.3184 0.5357
2NCI 374 9.727 0.2573 0.4375
2NCI 375 6.302 0.2453 0.5179
2NCI 376 8.656 0.1537 0.3393
2NCI 377 7.280 0.2066 0.4643
2NCI 378 13.743 0.2633 0.4196
2NCI 379 10.626 0.2538 0.4375
2NCI 380 12.733 0.2124 0.3661
2NCI 381 12.212 0.2256 0.4286
2NCI 382 7.382 0.1943 0.4196
2NCI 383 9.897 0.2642 0.5268
2NCI 384 10.876 0.3048 0.5357
2NCI 385 10.576 0.2448 0.4643
2NCI 386 7.838 0.2535 0.4643
2NCI 387 13.386 0.1974 0.3393
2NCI 388 11.999 0.2086 0.3750
2NCI 389 10.705 0.2453 0.4732
2NCI 390 12.311 0.1285 0.3125
2NCI 391 13.574 0.2417 0.4464
2NCI 392 8.528 0.1926 0.3839
2NCI 393 10.786 0.2365 0.4107
2NCI 394 11.744 0.1459 0.3571
2NCI 395 12.274 0.2517 0.4107
2NCI 396 13.751 0.2233 0.4196
2NCI 397 13.009 0.2432 0.4196
2NCI 398 10.336 0.3209 0.5536
2NCI 399 12.343 0.2228 0.4375
2NCI 400 10.286 0.2441 0.4286
2NCI 401 11.728 0.2311 0.3839
2NCI 402 8.622 0.2311 0.4375
2NCI 403 11.894 0.1888 0.4018
2NCI 404 12.126 0.1798 0.4018
2NCI 405 10.881 0.2134 0.3661
2NCI 406 9.705 0.2261 0.4107
2NCI 407 7.427 0.2484 0.5089
2NCI 408 13.670 0.2629 0.4375
2NCI 409 14.440 0.1809 0.3661
2NCI 410 9.757 0.2326 0.4375
2NCI 411 0.967 0.6293 0.9375
2NCI 412 1.330 0.4903 0.8839
2NCI 413 1.408 0.5035 0.8839
2NCI 414 1.390 0.5100 0.8750
2NCI 415 1.366 0.5140 0.8839
2NCI 416 1.406 0.5062 0.8661
2NCI 417 1.349 0.5188 0.8750
2NCI 418 1.381 0.5077 0.8750
2NCI 419 1.397 0.5067 0.8750
2NCI 420 1.433 0.5037 0.8571
2NCI 421 1.426 0.5055 0.8750
2NCI 422 1.451 0.5021 0.8571
2NCI 423 1.477 0.4964 0.8571
2NCI 424 1.479 0.4937 0.8661
2NCI 425 1.466 0.4984 0.8661
2NCI 426 1.473 0.5012 0.8661
2NCI 427 1.475 0.4949 0.8750
2NCI 428 1.445 0.4995 0.8661
2NCI 429 1.490 0.4957 0.8571
2NCI 430 1.474 0.4996 0.8571
2NCI 431 1.476 0.4968 0.8750
2NCI 432 1.468 0.4985 0.8750
2NCI 433 1.467 0.4974 0.8750
2NCI 434 1.446 0.4999 0.8661
2NCI 435 1.437 0.4996 0.8661
2NCI 436 1.448 0.5002 0.8750
2NCI 437 1.438 0.5027 0.8750
2NCI 438 1.430 0.4998 0.8661
2NCI 439 1.443 0.5014 0.8661
2NCI 440 1.406 0.5035 0.8661
2NCI 441 1.459 0.5002 0.8661
2NCI 442 1.451 0.4981 0.8750
2NCI 443 1.447 0.4977 0.8661
2NCI 444 1.504 0.4936 0.8571
2NCI 445 1.458 0.4907 0.8661
2NCI 446 1.389 0.5035 0.8661
2NCI 447 1.425 0.4987 0.8661
2NCI 448 1.429 0.4944 0.8571
2NCI 449 1.421 0.4993 0.8661
2NCI 450 1.445 0.4959 0.8571
2NCI 451 1.426 0.4965 0.8661
2NCI 452 1.443 0.4949 0.8750
2NCI 453 1.412 0.5013 0.8750
2NCI 454 1.447 0.5010 0.8571
2NCI 455 1.429 0.5010 0.8750
2NCI 456 1.442 0.5004 0.8571
2NCI 457 1.423 0.5025 0.8750
2NCI 458 1.415 0.5027 0.8750
2NCI 459 1.461 0.4958 0.8661
2NCI 460 1.414 0.5040 0.8661
2NCI 461 1.451 0.4973 0.8571
2NCI 462 1.440 0.4992 0.8571
2NCI 463 1.448 0.4893 0.8571
2NCI 464 1.405 0.5059 0.8750
2NCI 465 1.338 0.5137 0.8750
2NCI 466 1.426 0.5072 0.8750
2NCI 467 1.420 0.5037 0.8839
2NCI 468 1.451 0.5042 0.8750
2NCI 469 1.629 0.4896 0.8571
2NCI 470 1.712 0.4869 0.8393
2NCI 471 1.844 0.4813 0.8393
2NCI 472 1.876 0.4832 0.8304
2NCI 473 1.926 0.4782 0.8393
2NCI 474 1.964 0.4852 0.8393
2NCI 475 1.954 0.4854 0.8393
2NCI 476 2.005 0.4831 0.8393
2NCI 477 1.902 0.4844 0.8393
2NCI 478 1.913 0.4877 0.8482
2NCI 479 1.978 0.4800 0.8393
2NCI 480 1.905 0.4893 0.8304
2NCI 481 1.870 0.4907 0.8393
2NCI 482 1.920 0.4906 0.8393
2NCI 483 1.911 0.4827 0.8393
2NCI 484 1.915 0.4885 0.8393
2NCI 485 1.892 0.4889 0.8393
2NCI 486 1.806 0.4832 0.8393
2NCI 487 1.906 0.4857 0.8304
2NCI 488 1.936 0.4827 0.8482
2NCI 489 1.903 0.4888 0.8393
2NCI 490 1.913 0.4899 0.8482
2NCI 491 1.928 0.4803 0.8304
2NCI 492 1.910 0.4851 0.8482
2NCI 493 1.886 0.4918 0.8304
2NCI 494 1.962 0.4854 0.8482
2NCI 495 1.928 0.4872 0.8393
2NCI 496 1.894 0.4838 0.8482
2NCI 497 1.901 0.4762 0.8304
2NCI 498 1.928 0.4919 0.8393
2NCI 499 1.960 0.4906 0.8393
2NCI 500 1.887 0.4737 0.8304
2NCI 501 1.963 0.4685 0.8393
2NCI 502 2.023 0.4812 0.8304
2NCI 503 2.045 0.4766 0.8304
2NCI 504 1.938 0.4761 0.8304
2NCI 505 1.890 0.4833 0.8482
2NCI 506 1.864 0.4920 0.8482
2NCI 507 1.885 0.4883 0.8304
2NCI 508 1.896 0.4796 0.8393
2NCI 509 1.832 0.4842 0.8304
2NCI 510 1.874 0.4796 0.8304
2NCI 511 1.845 0.5001 0.8304
2NCI 512 1.912 0.4782 0.8214
2NCI 513 1.921 0.4752 0.8393
2NCI 514 1.791 0.4865 0.8393
2NCI 515 1.862 0.4755 0.8304
2NCI 516 1.940 0.4696 0.8304
2NCI 517 2.001 0.4840 0.8304
2NCI 518 1.924 0.4818 0.8304
2NCI 519 1.924 0.4629 0.8304
2NCI 520 1.969 0.4583 0.8214
2NCI 521 2.025 0.4531 0.8125
2NCI 522 2.052 0.4467 0.8214
2NCI 523 2.114 0.4260 0.7946
2NCI 524 2.043 0.4347 0.8036
2NCI 525 2.202 0.3997 0.7768
2NCI 526 2.073 0.3895 0.7768
2NCI 527 2.093 0.4107 0.7946
2NCI 528 2.179 0.4231 0.8036
2NCI 529 2.020 0.4010 0.7857
2NCI 530 2.102 0.4088 0.7946
2NCI 531 2.117 0.3937 0.7857
2NCI 532 2.144 0.3869 0.7768
2NCI 533 2.166 0.3840 0.7768
2NCI 534 2.153 0.3866 0.7857
2NCI 535 2.084 0.3764 0.7679
2NCI 536 2.197 0.3670 0.7679
2NCI 537 2.208 0.3788 0.7679
2NCI 538 2.206 0.3947 0.7768
2NCI 539 2.133 0.3852 0.7857
2NCI 540 2.104 0.3932 0.7768
2NCI 541 2.203 0.3783 0.7679
2NCI 542 2.151 0.3923 0.7679
2NCI 543 2.161 0.3812 0.7589
2NCI 544 2.178 0.3664 0.7589
2NCI 545 2.218 0.3631 0.7679
2NCI 546 2.168 0.3736 0.7768
2NCI 547 2.227 0.3579 0.7679
2NCI 548 2.246 0.3482 0.7589
2NCI 549 2.144 0.3624 0.7768
2NCI 550 2.141 0.3440 0.7679
2NCI 551 2.176 0.3565 0.7589
2NCI 552 2.194 0.3450 0.7768
2NCI 553 2.286 0.3375 0.7679
2NCI 554 2.278 0.3406 0.7589
2NCI 555 2.302 0.3382 0.7589
2NCI 556 2.132 0.3473 0.7679
2NCI 557 2.237 0.3518 0.7679
2NCI 558 2.201 0.3486 0.7500
2NCI 559 2.186 0.3487 0.7768
2NCI 560 2.224 0.3494 0.7679
2NCI 561 2.200 0.3347 0.7589
2NCI 562 2.233 0.3447 0.7679
2NCI 563 2.241 0.3330 0.7500
2NCI 564 2.247 0.3491 0.7679
2NCI 565 2.284 0.3467 0.7768
2NCI 566 2.200 0.3543 0.7768
2NCI 567 2.293 0.3387 0.7500
2NCI 568 2.298 0.3427 0.7679
2NCI 569 2.237 0.3382 0.7768
2NCI 570 2.317 0.3401 0.7679
2NCI 571 2.244 0.3478 0.7679
2NCI 572 2.252 0.3341 0.7768
2NCI 573 2.234 0.3311 0.7857
2NCI 574 2.245 0.3405 0.7857
2NCI 575 2.177 0.3497 0.7768
2NCI 576 2.203 0.3509 0.7768
2NCI 577 2.229 0.3445 0.7768
2NCI 578 2.260 0.3434 0.7768
2NCI 579 2.157 0.3513 0.7768
2NCI 580 2.222 0.3471 0.7679
2NCI 581 2.228 0.3531 0.7768
2NCI 582 2.179 0.3539 0.7768
2NCI 583 2.158 0.3455 0.7768
2NCI 584 2.118 0.3633 0.7857
2NCI 585 2.271 0.3614 0.7768
2NCI 586 2.129 0.3532 0.7857
2NCI 587 2.031 0.3628 0.7768
2NCI 588 2.137 0.3510 0.7679
2NCI 589 2.171 0.3573 0.7857
2NCI 590 2.201 0.3558 0.7857
2NCI 591 2.212 0.3677 0.7679
2NCI 592 2.130 0.3591 0.7679
2NCI 593 2.163 0.3533 0.7768
2NCI 594 2.137 0.3687 0.7768
2NCI 595 2.233 0.3492 0.7768
2NCI 596 2.225 0.3470 0.7768
2NCI 597 2.196 0.3467 0.7768
2NCI 598 2.285 0.3369 0.7679
2NCI 599 2.117 0.3681 0.7768
2NCI 600 2.288 0.3311 0.7679
2NCI 601 2.099 0.3793 0.7768
2NCI 602 2.119 0.3435 0.7589
2NCI 603 2.168 0.3367 0.7500
2NCI 604 2.065 0.3503 0.7768
2NCI 605 2.205 0.3336 0.7679
2NCI 606 2.181 0.3427 0.7768
2NCI 607 2.179 0.3379 0.7768
2NCI 608 2.197 0.3430 0.7679
2NCI 609 2.246 0.3331 0.7589
2NCI 610 2.129 0.3515 0.7857
2NCI 611 2.124 0.3582 0.7679
2NCI 612 2.183 0.3555 0.7679
2NCI 613 2.202 0.3651 0.7679
2NCI 614 2.158 0.3575 0.7679
2NCI 615 2.110 0.3623 0.7679
2NCI 616 2.179 0.3541 0.7679
2NCI 617 2.215 0.3615 0.7857
2NCI 618 2.239 0.3492 0.7857
2NCI 619 2.275 0.3504 0.7679
2NCI 620 2.101 0.3551 0.7857
2NCI 621 2.125 0.3528 0.7768
2NCI 622 2.231 0.3572 0.7768
2NCI 623 2.271 0.3478 0.7768
2NCI 624 2.202 0.3412 0.7589
2NCI 625 2.059 0.3588 0.7857
2NCI 626 2.234 0.3523 0.7857
2NCI 627 2.235 0.3346 0.7768
2NCI 628 2.021 0.3495 0.7589
2NCI 629 2.108 0.3525 0.7768
2NCI 630 2.307 0.3397 0.7589
2NCI 631 1.972 0.3635 0.7679
2NCI 632 2.286 0.3265 0.7411
2NCI 633 2.206 0.3325 0.7589
2NCI 634 2.036 0.3474 0.7768
2NCI 635 2.096 0.3441 0.7589
2NCI 636 2.104 0.3392 0.7589
2NCI 637 2.192 0.3470 0.7857
2NCI 638 2.166 0.3561 0.7768
2NCI 639 2.218 0.3429 0.7589
2NCI 640 2.139 0.3629 0.7768
2NCI 641 2.228 0.3593 0.7768
2NCI 642 2.153 0.3494 0.7679
2NCI 643 2.179 0.3574 0.7768
2NCI 644 2.204 0.3762 0.7768
2NCI 645 2.135 0.3681 0.7768
2NCI 646 2.108 0.3823 0.7768
2NCI 647 2.322 0.3619 0.7679
2NCI 648 2.250 0.3422 0.7679
2NCI 649 2.233 0.3594 0.7679
2NCI 650 2.157 0.3938 0.7768
2NCI 651 2.194 0.3892 0.7857
2NCI 652 2.198 0.3700 0.7768
2NCI 653 2.114 0.3868 0.7768
2NCI 654 2.186 0.3828 0.7589
2NCI 655 2.221 0.4030 0.7857
2NCI 656 2.233 0.3808 0.7768
2NCI 657 2.296 0.3900 0.7679
2NCI 658 2.283 0.3952 0.7768
2NCI 659 2.147 0.3910 0.7768
2NCI 660 2.268 0.3873 0.7768
2NCI 661 2.296 0.3957 0.7768
2NCI 662 2.323 0.3919 0.7857
2NCI 663 2.189 0.3883 0.7679
2NCI 664 2.270 0.3900 0.7768
2NCI 665 2.213 0.3944 0.7857
2NCI 666 2.265 0.3989 0.7768
2NCI 667 2.139 0.4165 0.7857
2NCI 668 2.260 0.3929 0.7768
2NCI 669 2.271 0.3889 0.7768
2NCI 670 2.077 0.3553 0.7679
2NCI 671 2.176 0.3683 0.7768
2NCI 672 2.319 0.3939 0.7768
2NCI 673 2.244 0.4176 0.8036
2NCI 674 2.118 0.3829 0.7768
2NCI 675 2.140 0.3765 0.7768
2NCI 676 2.269 0.3990 0.7857
2NCI 677 2.147 0.3881 0.7857
2NCI 678 2.157 0.3830 0.7857
2NCI 679 2.228 0.3700 0.7679
2NCI 680 2.253 0.3762 0.7768
2NCI 681 2.242 0.3502 0.7589
2NCI 682 2.318 0.3836 0.7679
2NCI 683 2.358 0.3639 0.7857
2NCI 684 2.116 0.3695 0.7679
2NCI 685 2.276 0.3855 0.7768
2NCI 686 2.266 0.4002 0.7768
2NCI 687 2.180 0.4003 0.7857
2NCI 688 2.178 0.3725 0.7679
2NCI 689 2.265 0.3915 0.7768
2NCI 690 2.356 0.3944 0.7857
2NCI 691 2.194 0.3840 0.7768
2NCI 692 1.929 0.4208 0.8125
2NCI 693 2.071 0.3909 0.7768
2NCI 694 2.132 0.3810 0.7768
2NCI 695 2.096 0.3618 0.7857
2NCI 696 2.199 0.3936 0.7768
2NCI 697 2.096 0.3813 0.7768
2NCI 698 2.212 0.3839 0.7768
2NCI 699 2.360 0.3924 0.7857
2NCI 700 2.179 0.3612 0.7768
2NCI 701 2.152 0.3772 0.7679
2NCI 702 2.183 0.3835 0.7857
2NCI 703 2.116 0.4028 0.7857
2NCI 704 2.092 0.3896 0.7768
2NCI 705 2.175 0.3733 0.7768
2NCI 706 2.164 0.3847 0.7857
2NCI 707 2.120 0.3795 0.7768
2NCI 708 2.239 0.4066 0.7946
2NCI 709 2.232 0.3758 0.7768
2NCI 710 2.203 0.4008 0.7768
2NCI 711 2.223 0.3866 0.7768
2NCI 712 2.193 0.4219 0.7946
2NCI 713 2.126 0.3979 0.7857
2NCI 714 2.069 0.3996 0.7768
2NCI 715 2.153 0.3884 0.7768
2NCI 716 1.988 0.4239 0.7946
2NCI 717 2.202 0.3756 0.7679
2NCI 718 2.132 0.3977 0.7857
2NCI 719 2.247 0.3835 0.7768
2NCI 720 2.190 0.3717 0.7679
2NCI 721 2.130 0.3791 0.7857
2NCI 722 2.331 0.3574 0.7768
2NCI 723 2.312 0.3525 0.7589
2NCI 724 2.002 0.4013 0.8036
2NCI 725 2.188 0.4022 0.7857
2NCI 726 2.167 0.3739 0.7768
2NCI 727 2.224 0.3589 0.7768
2NCI 728 2.125 0.3739 0.7589
2NCI 729 2.234 0.3546 0.7857
2NCI 730 2.173 0.4087 0.8036
2NCI 731 2.132 0.3882 0.7768
2NCI 732 2.226 0.3928 0.7768
2NCI 733 2.241 0.3900 0.7768
2NCI 734 2.074 0.3955 0.7768
2NCI 735 2.213 0.3684 0.7679
2NCI 736 2.010 0.3813 0.7589
2NCI 737 2.266 0.4026 0.7768
2NCI 738 2.100 0.4266 0.7946
2NCI 739 2.156 0.3771 0.7768
2NCI 740 2.201 0.3921 0.7768
2NCI 741 2.259 0.3376 0.7589
2NCI 742 2.105 0.3770 0.7589
2NCI 743 2.239 0.3851 0.7679
2NCI 744 2.202 0.3949 0.7768
2NCI 745 2.176 0.3815 0.7768
2NCI 746 2.083 0.4327 0.8036
2NCI 747 2.299 0.4102 0.7857
2NCI 748 2.295 0.4146 0.7857
2NCI 749 2.101 0.3680 0.7768
2NCI 750 2.200 0.3579 0.7679
2NCI 751 2.175 0.3813 0.7768
2NCI 752 2.226 0.3740 0.7589
2NCI 753 2.244 0.4176 0.7857
2NCI 754 2.174 0.3802 0.7679
2NCI 755 2.157 0.3929 0.7857
2NCI 756 2.164 0.3842 0.7679
2NCI 757 2.304 0.3796 0.7679
2NCI 758 2.240 0.4022 0.7857
2NCI 759 2.283 0.3561 0.7679
2NCI 760 1.943 0.4125 0.8036
2NCI 761 2.220 0.3705 0.7768
2NCI 762 2.366 0.3623 0.7768
2NCI 763 2.267 0.3850 0.7679
2NCI 764 2.269 0.4018 0.7946
2NCI 765 2.364 0.3819 0.7768
2NCI 766 2.153 0.3943 0.7857
2NCI 767 2.163 0.3695 0.7768
2NCI 768 2.361 0.3700 0.7679
2NCI 769 2.442 0.4174 0.7946
2NCI 770 2.050 0.3743 0.7679
2NCI 771 2.342 0.4106 0.7768
2NCI 772 2.285 0.4261 0.8036
2NCI 773 2.065 0.4304 0.7946
2NCI 774 2.104 0.3705 0.7679
2NCI 775 2.266 0.3709 0.7679
2NCI 776 2.025 0.3994 0.7679
2NCI 777 2.203 0.4220 0.7946
2NCI 778 2.378 0.4160 0.7946
2NCI 779 2.311 0.3811 0.7679
2NCI 780 2.177 0.3671 0.7589
2NCI 781 2.325 0.3314 0.7679
2NCI 782 2.237 0.3605 0.7589
2NCI 783 2.328 0.3929 0.7768
2NCI 784 2.320 0.3813 0.7768
2NCI 785 2.244 0.3991 0.7679
2NCI 786 2.173 0.3979 0.7679
2NCI 787 2.251 0.3850 0.7679
2NCI 788 2.251 0.4292 0.7946
2NCI 789 2.221 0.3687 0.7679
2NCI 790 1.976 0.4531 0.8036
2NCI 791 2.175 0.3664 0.7500
2NCI 792 2.162 0.3995 0.7768
2NCI 793 2.234 0.3497 0.7679
2NCI 794 2.212 0.3803 0.7589
2NCI 795 2.236 0.3973 0.7679
2NCI 796 2.311 0.3491 0.7679
2NCI 797 2.319 0.3660 0.7500
2NCI 798 2.154 0.3668 0.7500
2NCI 799 2.131 0.3939 0.7768
2NCI 800 2.319 0.4031 0.7768
2NCI 801 2.032 0.4193 0.7857
2NCI 802 2.273 0.4018 0.7768
2NCI 803 2.337 0.3776 0.7768
2NCI 804 2.135 0.3727 0.7500
2NCI 805 2.003 0.3913 0.7768
2NCI 806 1.947 0.3916 0.7679
2NCI 807 2.421 0.3548 0.7589
2NCI 808 2.367 0.3545 0.7589
2NCI 809 1.950 0.3834 0.7679
2NCI 810 2.056 0.3885 0.7589
2NCI 811 2.166 0.3902 0.7768
2NCI 812 2.210 0.3920 0.7768
2NCI 813 2.127 0.3760 0.7679
2NCI 814 2.057 0.3871 0.7589
2NCI 815 2.383 0.3835 0.7589
2NCI 816 2.190 0.3703 0.7768
2NCI 817 2.149 0.3361 0.7500
2NCI 818 2.255 0.3591 0.7589
2NCI 819 2.408 0.4083 0.7857
2NCI 820 2.262 0.4084 0.7768
2NCI 821 1.931 0.3939 0.7500
2NCI 822 1.884 0.3786 0.7589
2NCI 823 2.043 0.3637 0.7500
2NCI 824 2.195 0.3534 0.7500
2NCI 825 2.025 0.3694 0.7500
2NCI 826 1.936 0.4055 0.7768
2NCI 827 2.049 0.4032 0.7768
2NCI 828 2.086 0.3982 0.7679
2NCI 829 2.257 0.4009 0.7679
2NCI 830 2.371 0.4016 0.7768
2NCI 831 2.308 0.4438 0.8036
2NCI 832 2.172 0.4604 0.8036
2NCI 833 1.957 0.4508 0.8036
2NCI 834 2.091 0.4312 0.7946
2NCI 835 2.477 0.3975 0.7589
2NCI 836 2.464 0.4190 0.7857
2NCI 837 2.220 0.3854 0.7589
2NCI 838 2.181 0.4092 0.7679
2NCI 839 2.157 0.4045 0.7679
2NCI 840 2.211 0.4250 0.7768
2NCI 841 2.376 0.4042 0.7768
2NCI 842 2.261 0.3866 0.7500
2NCI 843 1.995 0.4119 0.7857
2NCI 844 2.286 0.3763 0.7768
2NCI 845 2.438 0.3657 0.7411
2NCI 846 2.289 0.4239 0.7768
2NCI 847 2.376 0.4144 0.7768
2NCI 848 2.350 0.3879 0.7589
2NCI 849 2.243 0.4287 0.7768
2NCI 850 2.188 0.4057 0.7857
2NCI 851 2.421 0.3885 0.7411
2NCI 852 2.193 0.4125 0.7857
2NCI 853 2.069 0.4223 0.7857
2NCI 854 2.590 0.3891 0.7589
2NCI 855 2.378 0.3831 0.7500
2NCI 856 2.296 0.4441 0.7857
2NCI 857 2.111 0.3791 0.7679
2NCI 858 2.169 0.3636 0.7411
2NCI 859 1.998 0.4261 0.7857
2NCI 860 2.209 0.3880 0.7679
2NCI 861 2.116 0.4119 0.7768
2NCI 862 2.035 0.3859 0.7589
2NCI 863 2.172 0.3776 0.7679
2NCI 864 2.171 0.3984 0.7589
2NCI 865 2.430 0.4168 0.7857
2NCI 866 2.309 0.4010 0.7768
2NCI 867 2.170 0.4256 0.7857
2NCI 868 2.225 0.4182 0.7857
2NCI 869 2.710 0.3742 0.7411
2NCI 870 2.343 0.3901 0.7679
2NCI 871 2.345 0.4092 0.7857
2NCI 872 1.943 0.4015 0.7857
2NCI 873 2.012 0.3902 0.7589
2NCI 874 2.292 0.3656 0.7500
2NCI 875 2.599 0.3926 0.7589
2NCI 876 2.227 0.3625 0.7589
2NCI 877 2.117 0.4279 0.8036
2NCI 878 2.189 0.4633 0.8125
2NCI 879 2.419 0.4062 0.7679
2NCI 880 2.362 0.3903 0.7589
2NCI 881 2.424 0.3859 0.7411
2NCI 882 2.277 0.3850 0.7679
2NCI 883 2.327 0.3392 0.7589
2NCI 884 2.464 0.3722 0.7500
2NCI 885 2.363 0.3855 0.7768
2NCI 886 2.182 0.3608 0.7500
2NCI 887 2.230 0.3566 0.7679
2NCI 888 2.188 0.3631 0.7857
2NCI 889 2.322 0.3894 0.7679
2NCI 890 2.761 0.4154 0.7679
2NCI 891 2.627 0.3908 0.7679
2NCI 892 2.376 0.3875 0.7768
2NCI 893 2.418 0.3797 0.7679
2NCI 894 2.499 0.3782 0.7768
2NCI 895 2.256 0.4312 0.7768
2NCI 896 2.176 0.4142 0.7946
2NCI 897 1.919 0.4385 0.8125
2NCI 898 2.211 0.3528 0.7768
2NCI 899 2.401 0.3795 0.7589
2NCI 900 2.192 0.3815 0.7679
2NCI 901 2.474 0.4104 0.7946
2NCI 902 2.301 0.4057 0.7857
2NCI 903 2.455 0.3937 0.7589
2NCI 904 2.467 0.4321 0.8036
2NCI 905 2.377 0.3868 0.7857
2NCI 906 2.606 0.3958 0.7768
2NCI 907 2.663 0.4139 0.7679
2NCI 908 2.385 0.4018 0.7679
2NCI 909 2.370 0.4098 0.7768
2NCI 910 2.635 0.4327 0.7857
2NCI 911 2.169 0.3651 0.7768
2NCI 912 2.163 0.4267 0.8125
2NCI 913 2.274 0.4139 0.7946
2NCI 914 2.170 0.4185 0.7946
2NCI 915 2.436 0.4184 0.7768
2NCI 916 2.613 0.4125 0.7679
2NCI 917 2.457 0.3749 0.7589
2NCI 918 2.262 0.3855 0.7768
2NCI 919 2.367 0.4212 0.7857
2NCI 920 2.778 0.3937 0.7411
2NCI 921 2.507 0.4319 0.7679
2NCI 922 2.179 0.4127 0.7946
2NCI 923 2.295 0.4019 0.7679
2NCI 924 2.572 0.4262 0.7679
2NCI 925 2.601 0.4376 0.7679
2NCI 926 2.404 0.4285 0.7946
2NCI 927 2.483 0.4222 0.7768
2NCI 928 2.263 0.4288 0.7946
2NCI 929 2.399 0.4114 0.7679
2NCI 930 2.594 0.4027 0.7589
2NCI 931 2.301 0.4131 0.7768
2NCI 932 2.196 0.4349 0.7857
2NCI 933 2.361 0.4243 0.7679
2NCI 934 2.504 0.4341 0.7679
2NCI 935 2.629 0.4072 0.7679
2NCI 936 2.407 0.4298 0.7768
2NCI 937 2.418 0.4314 0.7857
2NCI 938 2.478 0.4408 0.7857
2NCI 939 2.481 0.4436 0.7768
2NCI 940 2.530 0.4103 0.7679
2NCI 941 2.098 0.4488 0.8036
2NCI 942 2.348 0.4127 0.7679
2NCI 943 2.698 0.3955 0.7500
2NCI 944 2.435 0.4125 0.7679
2NCI 945 2.287 0.4488 0.7946
2NCI 946 2.531 0.4433 0.7857
2NCI 947 2.412 0.4323 0.7857
2NCI 948 2.320 0.4389 0.7857
2NCI 949 2.419 0.4518 0.7946
2NCI 950 2.254 0.4170 0.7857
2NCI 951 2.450 0.4281 0.7589
2NCI 952 2.358 0.4190 0.7946
2NCI 953 2.307 0.3720 0.7768
2NCI 954 2.203 0.3861 0.7679
2NCI 955 2.321 0.3519 0.7500
2NCI 956 2.194 0.3625 0.7679
2NCI 957 2.167 0.3674 0.7679
2NCI 958 2.170 0.3847 0.7857
2NCI 959 2.211 0.3905 0.7768
2NCI 960 1.950 0.3959 0.7946
2NCI 961 1.904 0.3917 0.7679
2NCI 962 2.008 0.4182 0.7768
2NCI 963 2.263 0.4028 0.7679
2NCI 964 2.053 0.4216 0.7857
2NCI 965 1.724 0.4288 0.7857
2NCI 966 2.026 0.3718 0.7768
2NCI 967 1.872 0.4191 0.7857
2NCI 968 2.100 0.3692 0.7768
2NCI 969 2.236 0.3424 0.7679
2NCI 970 1.989 0.3975 0.7857
2NCI 971 2.057 0.4075 0.7679
2NCI 972 1.890 0.3929 0.7857
2NCI 973 2.016 0.3839 0.7589
2NCI 974 2.056 0.3943 0.7679
2NCI 975 2.005 0.4023 0.7768
2NCI 976 2.182 0.3722 0.7589
2NCI 977 2.167 0.3644 0.7500
2NCI 978 2.003 0.3565 0.7411
2NCI 979 1.839 0.4053 0.7589
2NCI 980 1.858 0.4065 0.7857
2NCI 981 1.635 0.4599 0.8214
2NCI 982 1.552 0.4419 0.8036
2NCI 983 1.588 0.4312 0.8036
2NCI 984 1.741 0.3931 0.7768
2NCI 985 2.043 0.3790 0.7768
2NCI 986 1.790 0.3892 0.7857
2NCI 987 1.396 0.4952 0.8393
2NCI 988 1.399 0.4657 0.8214
2NCI 989 1.649 0.4013 0.7768
2NCI 990 1.848 0.3395 0.7679
2NCI 991 2.063 0.3794 0.7589
2NCI 992 2.296 0.3466 0.7232
2NCI 993 2.160 0.3633 0.7500
2NCI 994 2.027 0.4000 0.7500
2NCI 995 1.939 0.4051 0.7589
2NCI 996 1.808 0.4251 0.8036
2NCI 997 2.123 0.3724 0.7411
2NCI 998 2.313 0.3612 0.7321
2NCI 999 2.023 0.4125 0.7857
2NCI 1000 2.054 0.3635 0.7589
2NCI 1001 2.199 0.3836 0.7411
2NCI 1002 2.654 0.3485 0.7143
2NCI 1003 2.843 0.3074 0.7143
2NCI 1004 2.342 0.3379 0.7321
2NCI 1005 2.176 0.3818 0.7411
2NCI 1006 2.246 0.3396 0.7500
2NCI 1007 2.768 0.2870 0.6786
2NCI 1008 2.561 0.3162 0.7143
2NCI 1009 2.145 0.3673 0.7321
2NCI 1010 2.299 0.3489 0.7143
2NCI 1011 2.111 0.3899 0.7411
2NCI 1012 2.018 0.3720 0.7411
2NCI 1013 2.102 0.3658 0.7321
2NCI 1014 2.026 0.3782 0.7500
2NCI 1015 2.348 0.3628 0.7321
2NCI 1016 2.420 0.3543 0.7411
2NCI 1017 2.605 0.3673 0.7411
2NCI 1018 2.316 0.3700 0.7321
2NCI 1019 2.211 0.3520 0.7321
2NCI 1020 2.214 0.3992 0.7589
2NCI 1021 2.332 0.3922 0.7500
2NCI 1022 2.193 0.3992 0.7500
2NCI 1023 2.358 0.3627 0.7232
2NCI 1024 2.373 0.3685 0.7411
2NCI 1025 2.322 0.3406 0.7143
2NCI 1026 2.397 0.3568 0.7321
2NCI 1027 2.379 0.3481 0.6964
2NCI 1028 2.430 0.3455 0.7321
2NCI 1029 2.434 0.3148 0.6964
2NCI 1030 2.259 0.3689 0.7321
2NCI 1031 2.170 0.3878 0.7411
2NCI 1032 2.498 0.3233 0.7143
2NCI 1033 2.718 0.3278 0.6875
2NCI 1034 2.061 0.3670 0.7411
2NCI 1035 2.348 0.3060 0.7143
2NCI 1036 2.504 0.3124 0.7054
2NCI 1037 2.637 0.3240 0.7054
2NCI 1038 2.469 0.3331 0.6964
2NCI 1039 2.162 0.3771 0.7411
2NCI 1040 2.203 0.3819 0.7321
2NCI 1041 2.282 0.3897 0.7589
2NCI 1042 2.595 0.3003 0.7143
2NCI 1043 2.465 0.3301 0.7232
2NCI 1044 2.386 0.3876 0.7679
2NCI 1045 2.246 0.3838 0.7679
2NCI 1046 2.346 0.3465 0.7232
2NCI 1047 2.616 0.2776 0.6875
2NCI 1048 2.526 0.2883 0.6964
2NCI 1049 2.306 0.3489 0.7321
2NCI 1050 2.596 0.3353 0.6786
2NCI 1051 2.394 0.3564 0.7321
2NCI 1052 2.211 0.3574 0.7411
2NCI 1053 2.203 0.3673 0.7500
2NCI 1054 2.572 0.3450 0.7143
2NCI 1055 2.318 0.3601 0.7500
2NCI 1056 2.305 0.3479 0.7232
2NCI 1057 2.352 0.3706 0.7232
2NCI 1058 2.333 0.3568 0.7321
2NCI 1059 2.181 0.3409 0.7321
2NCI 1060 2.347 0.3985 0.7232
2NCI 1061 2.369 0.3453 0.7054
2NCI 1062 2.206 0.3621 0.7321
2NCI 1063 2.424 0.3667 0.7232
2NCI 1064 2.595 0.3209 0.6875
2NCI 1065 2.258 0.3738 0.7411
2NCI 1066 2.237 0.3699 0.7232
2NCI 1067 2.280 0.4027 0.7500
2NCI 1068 2.208 0.3924 0.7679
2NCI 1069 2.193 0.3488 0.7232
2NCI 1070 2.428 0.3497 0.7143
2NCI 1071 2.161 0.3959 0.7500
2NCI 1072 2.505 0.3430 0.7232
2NCI 1073 2.205 0.3678 0.7232
2NCI 1074 2.213 0.3525 0.7321
2NCI 1075 2.576 0.3050 0.6875
2NCI 1076 2.270 0.3718 0.7321
2NCI 1077 2.563 0.3216 0.7054
2NCI 1078 2.628 0.3528 0.7143
2NCI 1079 2.481 0.3124 0.7143
2NCI 1080 2.134 0.4090 0.7411
2NCI 1081 2.162 0.3661 0.7232
2NCI 1082 2.893 0.3376 0.7143
2NCI 1083 2.624 0.3410 0.6875
2NCI 1084 2.428 0.3404 0.7232
2NCI 1085 2.342 0.3409 0.7321
2NCI 1086 2.342 0.3436 0.7232
2NCI 1087 2.424 0.3802 0.7232
2NCI 1088 2.662 0.2888 0.6964
2NCI 1089 2.419 0.3543 0.7411
2NCI 1090 2.108 0.3358 0.7321
2NCI 1091 2.230 0.3769 0.7411
2NCI 1092 2.167 0.3775 0.7321
2NCI 1093 2.587 0.3332 0.7321
2NCI 1094 2.450 0.3698 0.7232
2NCI 1095 2.303 0.3592 0.7143
2NCI 1096 2.547 0.3404 0.7054
2NCI 1097 2.684 0.3092 0.6786
2NCI 1098 2.471 0.3027 0.6964
2NCI 1099 2.515 0.3254 0.7232
2NCI 1100 2.434 0.3287 0.7143
2NCI 1101 2.550 0.3166 0.6964
2NCI 1102 2.251 0.3511 0.7143
2NCI 1103 2.115 0.3792 0.7321
2NCI 1104 2.409 0.3355 0.7143
2NCI 1105 2.316 0.3712 0.7411
2NCI 1106 2.297 0.3072 0.7232
2NCI 1107 2.387 0.2960 0.6964
2NCI 1108 2.050 0.3655 0.7411
2NCI 1109 2.095 0.3658 0.7411
2NCI 1110 2.369 0.3730 0.7232
2NCI 1111 2.486 0.3338 0.7054
2NCI 1112 2.186 0.3937 0.7679
2NCI 1113 2.229 0.3642 0.7321
2NCI 1114 2.315 0.3228 0.7321
2NCI 1115 2.563 0.2908 0.6875
2NCI 1116 2.190 0.3894 0.7500
2NCI 1117 2.150 0.3770 0.7679
2NCI 1118 2.247 0.3417 0.7321
2NCI 1119 2.532 0.3188 0.6875
2NCI 1120 2.585 0.3505 0.7232
2NCI 1121 2.434 0.3103 0.7321
2NCI 1122 2.486 0.3189 0.6964
2NCI 1123 2.360 0.3420 0.7143
2NCI 1124 2.449 0.2957 0.6875
2NCI 1125 2.703 0.2878 0.6696
2NCI 1126 2.509 0.2933 0.7054
2NCI 1127 2.232 0.3545 0.7411
2NCI 1128 2.274 0.3501 0.7054
2NCI 1129 2.449 0.3348 0.7321
2NCI 1130 2.478 0.3131 0.6964
2NCI 1131 2.623 0.2888 0.6964
2NCI 1132 2.253 0.3535 0.7321
2NCI 1133 2.101 0.3993 0.7589
2NCI 1134 2.089 0.3843 0.7411
2NCI 1135 2.534 0.3265 0.7232
2NCI 1136 2.238 0.3924 0.7411
2NCI 1137 2.214 0.4312 0.7679
2NCI 1138 2.387 0.3659 0.7054
2NCI 1139 2.506 0.3947 0.7589
2NCI 1140 2.484 0.3362 0.7143
2NCI 1141 2.242 0.3405 0.7232
2NCI 1142 2.416 0.3680 0.7321
2NCI 1143 2.577 0.3131 0.7054
2NCI 1144 2.597 0.3139 0.6786
2NCI 1145 2.280 0.3870 0.7411
2NCI 1146 2.294 0.3799 0.7321
2NCI 1147 2.443 0.3444 0.7143
2NCI 1148 2.133 0.4108 0.7768
2NCI 1149 2.394 0.3205 0.6964
2NCI 1150 2.260 0.3465 0.7232
2NCI 1151 1.992 0.3781 0.7589
2NCI 1152 2.305 0.3582 0.7500
2NCI 1153 2.531 0.3055 0.6786
2NCI 1154 2.501 0.3334 0.7143
2NCI 1155 2.582 0.2734 0.6875
2NCI 1156 2.353 0.2922 0.7054
2NCI 1157 2.571 0.2708 0.6875
2NCI 1158 2.364 0.3571 0.7411
2NCI 1159 2.350 0.3173 0.7232
2NCI 1160 2.504 0.2947 0.6875
2NCI 1161 2.306 0.3226 0.7054
2NCI 1162 2.325 0.3048 0.7054
2NCI 1163 2.135 0.3188 0.7232
2NCI 1164 2.150 0.3566 0.7232
2NCI 1165 2.469 0.2951 0.6696
2NCI 1166 2.259 0.3322 0.7143
2NCI 1167 2.009 0.3565 0.7321
2NCI 1168 2.240 0.2954 0.7232
2NCI 1169 2.173 0.3771 0.7411
2NCI 1170 2.527 0.3019 0.6786
2NCI 1171 2.372 0.3746 0.7321
2NCI 1172 2.545 0.2982 0.6607
2NCI 1173 2.473 0.3477 0.7321
2NCI 1174 2.560 0.3369 0.6964
2NCI 1175 2.537 0.3030 0.6696
2NCI 1176 2.960 0.2785 0.6518
2NCI 1177 2.345 0.3485 0.7143
2NCI 1178 2.581 0.2638 0.6696
2NCI 1179 2.504 0.3517 0.7143
2NCI 1180 2.521 0.3193 0.6786
2NCI 1181 2.554 0.2625 0.6786
2NCI 1182 2.533 0.3228 0.6964
2NCI 1183 2.366 0.3730 0.7411
2NCI 1184 2.539 0.3009 0.6786
2NCI 1185 2.750 0.2919 0.6607
2NCI 1186 2.400 0.3485 0.7143
2NCI 1187 2.523 0.2987 0.6786
2NCI 1188 2.497 0.3316 0.6875
2NCI 1189 2.263 0.3523 0.7232
2NCI 1190 2.094 0.3791 0.7411
2NCI 1191 2.495 0.3146 0.6964
2NCI 1192 2.446 0.3120 0.7054
2NCI 1193 2.268 0.2877 0.7321
2NCI 1194 2.318 0.3163 0.6875
2NCI 1195 2.678 0.3699 0.7143
2NCI 1196 2.346 0.3379 0.7143
2NCI 1197 2.266 0.3274 0.7321
2NCI 1198 1.942 0.3721 0.7500
2NCI 1199 2.428 0.3608 0.7232
2NCI 1200 2.863 0.2933 0.6607
2NCI 1201 2.679 0.3396 0.7143
2NCI 1202 2.151 0.3610 0.7232
2NCI 1203 2.146 0.3510 0.7143
2NCI 1204 2.338 0.2826 0.6964
2NCI 1205 2.383 0.2557 0.6875
2NCI 1206 2.590 0.2478 0.6875
2NCI 1207 2.564 0.3030 0.6786
2NCI 1208 2.563 0.3059 0.7143
2NCI 1209 2.520 0.2994 0.6964
2NCI 1210 2.705 0.2904 0.6786
2NCI 1211 3.165 0.2764 0.6607
2NCI 1212 2.937 0.2888 0.6875
2NCI 1213 3.004 0.2759 0.6875
2NCI 1214 3.031 0.2689 0.6607
2NCI 1215 2.659 0.3315 0.6964
2NCI 1216 2.630 0.3132 0.7143
2NCI 1217 2.217 0.3255 0.7411
2NCI 1218 2.212 0.3059 0.7500
2NCI 1219 2.229 0.3343 0.7321
2NCI 1220 2.152 0.3464 0.7500
2NCI 1221 2.611 0.3230 0.6964
2NCI 1222 3.073 0.3053 0.6607
2NCI 1223 2.906 0.2896 0.6964
2NCI 1224 2.652 0.2998 0.7143
2NCI 1225 2.846 0.2903 0.6786
2NCI 1226 2.858 0.2375 0.6607
2NCI 1227 2.721 0.2770 0.6786
2NCI 1228 2.257 0.3208 0.7232
2NCI 1229 2.294 0.2924 0.7232
2NCI 1230 2.595 0.2732 0.6786
2NCI 1231 2.242 0.3791 0.7411
2NCI 1232 2.315 0.3077 0.7054
2NCI 1233 2.348 0.3517 0.7232
2NCI 1234 2.724 0.2767 0.6786
2NCI 1235 2.489 0.3508 0.7232
2NCI 1236 2.545 0.2936 0.6786
2NCI 1237 2.542 0.2819 0.7143
2NCI 1238 2.481 0.3148 0.7143
2NCI 1239 2.530 0.2949 0.6964
2NCI 1240 2.288 0.3359 0.7143
2NCI 1241 2.566 0.2961 0.6964
2NCI 1242 2.460 0.2870 0.6875
2NCI 1243 2.708 0.2984 0.6964
2NCI 1244 2.579 0.3414 0.7054
2NCI 1245 2.681 0.2923 0.6964
2NCI 1246 2.683 0.3302 0.6875
2NCI 1247 2.887 0.2838 0.6696
2NCI 1248 2.878 0.2740 0.6429
2NCI 1249 2.529 0.2993 0.7143
2NCI 1250 2.861 0.2529 0.6607
2NCI 1251 2.479 0.3323 0.7054
2NCI 1252 2.643 0.2807 0.6696
2NCI 1253 2.402 0.3373 0.7143
2NCI 1254 2.429 0.2698 0.6964
2NCI 1255 2.865 0.2747 0.6607
2NCI 1256 2.394 0.3412 0.7143
2NCI 1257 2.236 0.3269 0.7143
2NCI 1258 2.536 0.2811 0.6964
2NCI 1259 2.713 0.3009 0.7143
2NCI 1260 2.828 0.2939 0.6786
2NCI 1261 2.714 0.2835 0.6875
2NCI 1262 2.368 0.3231 0.7232
2NCI 1263 2.602 0.3345 0.6964
2NCI 1264 2.896 0.2773 0.6339
2NCI 1265 2.772 0.2674 0.6607
2NCI 1266 2.777 0.3063 0.6964
2NCI 1267 2.852 0.2995 0.6696
2NCI 1268 2.531 0.3352 0.7232
2NCI 1269 2.739 0.3346 0.6875
2NCI 1270 2.302 0.3547 0.7143
2NCI 1271 2.692 0.3287 0.7054
2NCI 1272 2.399 0.3623 0.7321
2NCI 1273 2.300 0.3375 0.6964
2NCI 1274 2.488 0.3181 0.7054
2NCI 1275 2.134 0.3257 0.7232
2NCI 1276 2.445 0.2807 0.6875
2NCI 1277 2.464 0.3001 0.6964
2NCI 1278 2.587 0.2594 0.6607
2NCI 1279 2.698 0.2697 0.6518
2NCI 1280 2.474 0.2746 0.6875
2NCI 1281 2.735 0.2580 0.6607
2NCI 1282 2.927 0.2343 0.6429
2NCI 1283 2.849 0.2525 0.6696
2NCI 1284 2.784 0.2305 0.6518
2NCI 1285 2.381 0.2883 0.6875
2NCI 1286 2.584 0.2610 0.6696
2NCI 1287 2.571 0.2654 0.6607
2NCI 1288 2.740 0.2672 0.6607
2NCI 1289 2.381 0.2912 0.6875
2NCI 1290 2.565 0.2469 0.6518
2NCI 1291 2.449 0.2568 0.6518
2NCI 1292 2.396 0.2463 0.6607
2NCI 1293 2.454 0.2652 0.6875
2NCI 1294 2.236 0.3046 0.6875
2NCI 1295 2.298 0.2933 0.7054
2NCI 1296 2.396 0.2712 0.6786
2NCI 1297 2.415 0.2887 0.6786
2NCI 1298 2.362 0.2977 0.6875
2NCI 1299 2.390 0.2741 0.6786
2NCI 1300 2.385 0.3102 0.7054
2NCI 1301 2.399 0.3568 0.7232
2NCI 1302 2.519 0.3028 0.6786
2NCI 1303 2.655 0.2924 0.6607
2NCI 1304 2.445 0.4083 0.7321
2NCI 1305 2.421 0.3589 0.7054
2NCI 1306 2.229 0.3549 0.7143
2NCI 1307 2.226 0.3292 0.7054
2NCI 1308 2.458 0.3536 0.7143
2NCI 1309 2.345 0.3205 0.7143
2NCI 1310 2.238 0.3544 0.7321
2NCI 1311 2.262 0.3228 0.7054
2NCI 1312 2.337 0.3643 0.7232
2NCI 1313 2.396 0.3320 0.7232
2NCI 1314 2.326 0.3872 0.7232
2NCI 1315 2.508 0.3928 0.7232
2NCI 1316 2.353 0.4172 0.7411
2NCI 1317 2.237 0.4197 0.7768
2NCI 1318 2.559 0.3562 0.6875
2NCI 1319 2.137 0.4160 0.7589
2NCI 1320 2.165 0.4260 0.7589
2NCI 1321 2.288 0.3996 0.7500
2NCI 1322 2.190 0.4022 0.7411
2NCI 1323 2.173 0.4363 0.7768
2NCI 1324 2.188 0.4124 0.7500
2NCI 1325 2.306 0.4041 0.7500
2NCI 1326 2.170 0.4109 0.7589
2NCI 1327 2.202 0.3953 0.7500
2NCI 1328 2.272 0.3839 0.7321
2NCI 1329 2.103 0.3794 0.7589
2NCI 1330 2.040 0.4205 0.7589
2NCI 1331 2.168 0.3909 0.7411
2NCI 1332 2.441 0.3608 0.7411
2NCI 1333 2.261 0.3834 0.7321
2NCI 1334 2.093 0.3540 0.7321
2NCI 1335 1.968 0.4137 0.7589
2NCI 1336 2.064 0.3897 0.7500
2NCI 1337 2.091 0.3529 0.7411
2NCI 1338 2.122 0.3320 0.7321
2NCI 1339 2.186 0.3410 0.7321
2NCI 1340 2.262 0.3441 0.7321
2NCI 1341 2.091 0.3801 0.7411
2NCI 1342 2.151 0.4246 0.7679
2NCI 1343 2.267 0.3938 0.7411
2NCI 1344 2.073 0.3869 0.7411
2NCI 1345 2.002 0.3611 0.7589
2NCI 1346 2.204 0.3823 0.7232
2NCI 1347 2.177 0.3857 0.7500
2NCI 1348 2.708 0.3526 0.7054
2NCI 1349 2.361 0.3621 0.7411
2NCI 1350 2.054 0.3811 0.7500
2NCI 1351 2.015 0.3786 0.7589
2NCI 1352 2.124 0.4063 0.7679
2NCI 1353 2.364 0.3686 0.7143
2NCI 1354 2.411 0.3550 0.7232
2NCI 1355 2.189 0.3797 0.7411
2NCI 1356 2.062 0.3592 0.7589
2NCI 1357 2.093 0.3800 0.7500
2NCI 1358 2.050 0.3839 0.7411
2NCI 1359 2.039 0.3479 0.7321
2NCI 1360 2.195 0.3802 0.7321
2NCI 1361 2.224 0.3683 0.7232
2NCI 1362 2.119 0.3981 0.7679
2NCI 1363 1.961 0.4139 0.7768
2NCI 1364 2.378 0.3355 0.7054
2NCI 1365 2.208 0.3178 0.6964
2NCI 1366 1.975 0.3896 0.7411
2NCI 1367 2.050 0.4018 0.7500
2NCI 1368 2.235 0.3607 0.7143
2NCI 1369 2.359 0.3381 0.7054
2NCI 1370 2.284 0.2984 0.6964
2NCI 1371 2.183 0.4060 0.7411
2NCI 1372 2.475 0.3077 0.6786
2NCI 1373 2.294 0.3234 0.7143
2NCI 1374 2.209 0.3365 0.7232
2NCI 1375 2.467 0.2989 0.6875
2NCI 1376 2.564 0.3110 0.7143
2NCI 1377 2.543 0.2965 0.7054
2NCI 1378 2.090 0.3838 0.7411
2NCI 1379 2.354 0.3138 0.6964
2NCI 1380 2.144 0.3203 0.7232
2NCI 1381 2.317 0.3176 0.7054
2NCI 1382 2.233 0.3347 0.7232
2NCI 1383 2.156 0.3580 0.7232
2NCI 1384 2.166 0.3324 0.7054
2NCI 1385 2.530 0.2504 0.6607
2NCI 1386 2.380 0.3040 0.6964
2NCI 1387 2.167 0.3382 0.7232
2NCI 1388 2.190 0.3275 0.6964
2NCI 1389 2.428 0.2602 0.6786
2NCI 1390 2.596 0.2621 0.6875
2NCI 1391 2.270 0.2943 0.7054
2NCI 1392 2.054 0.3580 0.7321
2NCI 1393 2.095 0.3459 0.7143
2NCI 1394 2.375 0.2966 0.6786
2NCI 1395 2.565 0.2574 0.6607
2NCI 1396 2.453 0.2825 0.6786
2NCI 1397 2.292 0.3031 0.6964
2NCI 1398 2.228 0.3398 0.7232
2NCI 1399 2.279 0.3360 0.7054
2NCI 1400 2.502 0.2839 0.6964
2NCI 1401 2.183 0.3610 0.7054
2NCI 1402 2.267 0.3121 0.7054
2NCI 1403 2.181 0.3381 0.7321
2NCI 1404 2.222 0.3358 0.6964
2NCI 1405 2.344 0.3076 0.6964
2NCI 1406 2.322 0.3114 0.6964
2NCI 1407 2.196 0.3209 0.7054
2NCI 1408 2.150 0.3288 0.7054
2NCI 1409 2.206 0.3334 0.7054
2NCI 1410 2.260 0.3352 0.7054
2NCI 1411 2.488 0.2936 0.6964
2NCI 1412 2.451 0.3013 0.6786
2NCI 1413 2.515 0.2814 0.6696
2NCI 1414 2.405 0.3184 0.6696
2NCI 1415 2.449 0.2804 0.6696
2NCI 1416 2.593 0.2667 0.6696
2NCI 1417 2.384 0.2989 0.6875
2NCI 1418 2.218 0.3192 0.7143
2NCI 1419 2.472 0.2839 0.6964
2NCI 1420 2.471 0.2822 0.6875
2NCI 1421 2.586 0.2944 0.6786
2NCI 1422 2.426 0.2796 0.6964
2NCI 1423 2.270 0.2809 0.7232
2NCI 1424 2.340 0.2964 0.6875
2NCI 1425 2.386 0.2740 0.6964
2NCI 1426 2.553 0.2966 0.6875
2NCI 1427 2.490 0.2867 0.6786
2NCI 1428 2.494 0.3036 0.6607
2NCI 1429 2.450 0.3120 0.6786
2NCI 1430 2.410 0.3371 0.6964
2NCI 1431 2.250 0.3553 0.7054
2NCI 1432 2.281 0.3359 0.7143
2NCI 1433 2.454 0.3090 0.7143
2NCI 1434 2.774 0.2982 0.6964
2NCI 1435 2.337 0.3238 0.7143
2NCI 1436 2.543 0.3334 0.7143
2NCI 1437 2.471 0.3694 0.7143
2NCI 1438 2.314 0.3423 0.7054
2NCI 1439 2.533 0.2885 0.6875
2NCI 1440 2.569 0.2835 0.6696
2NCI 1441 2.488 0.3315 0.7054
2NCI 1442 2.076 0.4144 0.7500
2NCI 1443 2.095 0.3825 0.7411
2NCI 1444 2.232 0.3785 0.7500
2NCI 1445 2.228 0.3110 0.6964
2NCI 1446 2.246 0.3805 0.7500
2NCI 1447 1.986 0.4054 0.7589
2NCI 1448 2.147 0.4038 0.7500
2NCI 1449 2.333 0.3667 0.7232
2NCI 1450 2.570 0.2754 0.6607
2NCI 1451 2.164 0.3943 0.7500
2NCI 1452 2.398 0.3956 0.7232
2NCI 1453 2.281 0.3800 0.7232
2NCI 1454 2.225 0.3637 0.7232
2NCI 1455 2.122 0.3177 0.7232
2NCI 1456 2.109 0.3769 0.7321
2NCI 1457 2.158 0.3648 0.7321
2NCI 1458 2.033 0.3599 0.7232
2NCI 1459 2.099 0.3489 0.7232
2NCI 1460 2.281 0.3551 0.7143
2NCI 1461 2.201 0.3564 0.7143
