2LUB 1 0.000 1.0000 1.0000
2LUB 2 1.479 0.6449 0.8446
2LUB 3 1.792 0.5573 0.8108
2LUB 4 1.780 0.5749 0.7973
2LUB 5 1.829 0.5291 0.7905
2LUB 6 1.375 0.6552 0.8716
2LUB 7 1.577 0.5672 0.8446
2LUB 8 1.435 0.6053 0.8581
2LUB 9 1.644 0.5979 0.8378
2LUB 10 1.942 0.4691 0.7635
2LUB 11 10.820 0.2224 0.3446
2LUB 12 12.075 0.1098 0.2162
2LUB 13 10.415 0.1945 0.2905
2LUB 14 14.242 0.2186 0.3649
2LUB 15 6.638 0.2452 0.4257
2LUB 16 10.112 0.1868 0.3378
2LUB 17 16.076 0.1804 0.2500
2LUB 18 12.176 0.2082 0.3378
2LUB 19 14.750 0.2398 0.3716
2LUB 20 5.276 0.2630 0.5135
2LUB 21 10.445 0.1884 0.3041
2LUB 22 14.208 0.2459 0.3378
2LUB 23 15.357 0.3154 0.4324
2LUB 24 13.980 0.1879 0.3446
2LUB 25 13.542 0.2046 0.3108
2LUB 26 11.566 0.1969 0.2905
2LUB 27 18.512 0.2640 0.3919
2LUB 28 14.848 0.1986 0.3243
2LUB 29 8.296 0.1999 0.3986
2LUB 30 13.809 0.2619 0.3919
2LUB 31 9.388 0.2244 0.3378
2LUB 32 10.763 0.2134 0.3919
2LUB 33 7.860 0.2630 0.4054
2LUB 34 14.700 0.2561 0.3716
2LUB 35 10.338 0.2536 0.3851
2LUB 36 6.558 0.2376 0.4392
2LUB 37 7.770 0.2882 0.4527
2LUB 38 9.821 0.2337 0.3851
2LUB 39 13.537 0.2176 0.3514
2LUB 40 9.250 0.2455 0.3784
2LUB 41 10.683 0.2761 0.3784
2LUB 42 11.927 0.2280 0.3581
2LUB 43 10.856 0.2449 0.3649
2LUB 44 9.166 0.2815 0.4257
2LUB 45 12.413 0.2595 0.3514
2LUB 46 6.747 0.2727 0.4324
2LUB 47 10.682 0.2593 0.3919
2LUB 48 10.796 0.2557 0.3919
2LUB 49 8.246 0.2564 0.4392
2LUB 50 6.560 0.2657 0.4662
2LUB 51 14.609 0.2574 0.3986
2LUB 52 12.739 0.0914 0.2027
2LUB 53 14.473 0.1038 0.1892
2LUB 54 10.948 0.2313 0.3919
2LUB 55 9.355 0.2228 0.3716
2LUB 56 12.826 0.1164 0.2162
2LUB 57 12.658 0.1932 0.3176
2LUB 58 8.969 0.2341 0.4257
2LUB 59 9.702 0.2542 0.4459
2LUB 60 17.424 0.1368 0.2230
2LUB 61 11.928 0.1821 0.2500
2LUB 62 9.221 0.2469 0.4324
2LUB 63 10.726 0.2396 0.3716
2LUB 64 14.565 0.1196 0.2230
2LUB 65 9.443 0.2594 0.4595
2LUB 66 12.560 0.2133 0.2770
2LUB 67 11.591 0.2066 0.3514
2LUB 68 13.134 0.2347 0.3851
2LUB 69 12.503 0.1471 0.2500
2LUB 70 13.259 0.2194 0.3108
2LUB 71 12.657 0.2563 0.3784
2LUB 72 6.589 0.2155 0.4324
2LUB 73 14.267 0.2033 0.3176
2LUB 74 16.072 0.2771 0.4054
2LUB 75 11.629 0.2424 0.3378
2LUB 76 6.773 0.2479 0.4324
2LUB 77 9.945 0.2080 0.3716
2LUB 78 15.331 0.1866 0.2838
2LUB 79 8.522 0.2118 0.3649
2LUB 80 7.411 0.2445 0.4122
2LUB 81 6.584 0.2380 0.4459
2LUB 82 6.122 0.2435 0.4527
2LUB 83 12.153 0.2547 0.3784
2LUB 84 7.042 0.2622 0.4257
2LUB 85 8.068 0.2329 0.3851
2LUB 86 5.980 0.2391 0.4527
2LUB 87 7.445 0.2522 0.4257
2LUB 88 13.815 0.2579 0.3986
2LUB 89 6.822 0.2999 0.4797
2LUB 90 8.579 0.2781 0.4122
2LUB 91 9.656 0.1706 0.2905
2LUB 92 7.790 0.2877 0.4527
2LUB 93 12.602 0.2292 0.3311
2LUB 94 14.627 0.1365 0.2095
2LUB 95 12.617 0.2358 0.3311
2LUB 96 14.689 0.2096 0.3243
2LUB 97 9.004 0.1853 0.3446
2LUB 98 13.136 0.1456 0.2365
2LUB 99 12.536 0.2545 0.3649
2LUB 100 15.661 0.2139 0.3851
2LUB 101 9.614 0.2275 0.3784
2LUB 102 18.616 0.1593 0.2838
2LUB 103 14.580 0.2434 0.3716
2LUB 104 11.200 0.2295 0.3581
2LUB 105 15.559 0.1398 0.2432
2LUB 106 14.125 0.2324 0.3378
2LUB 107 10.432 0.2932 0.4527
2LUB 108 13.487 0.2330 0.3514
2LUB 109 8.560 0.2213 0.3716
2LUB 110 12.231 0.1999 0.3311
2LUB 111 13.262 0.2184 0.3243
2LUB 112 9.752 0.1896 0.3176
2LUB 113 7.732 0.2002 0.3716
2LUB 114 8.213 0.2023 0.3716
2LUB 115 9.781 0.2684 0.3919
2LUB 116 7.711 0.2331 0.3986
2LUB 117 7.428 0.2602 0.4527
2LUB 118 13.046 0.2272 0.3581
2LUB 119 12.133 0.2502 0.4054
2LUB 120 9.276 0.2754 0.3851
2LUB 121 11.999 0.2386 0.4122
2LUB 122 5.202 0.3075 0.5203
2LUB 123 8.063 0.2382 0.3851
2LUB 124 6.819 0.2465 0.4324
2LUB 125 8.740 0.2693 0.4122
2LUB 126 12.574 0.2325 0.3716
2LUB 127 6.782 0.2709 0.4459
2LUB 128 8.473 0.3000 0.4662
2LUB 129 6.469 0.3139 0.4865
2LUB 130 8.440 0.2611 0.4054
2LUB 131 17.003 0.1160 0.1622
2LUB 132 14.004 0.0960 0.1757
2LUB 133 16.152 0.1785 0.2770
2LUB 134 15.633 0.2279 0.3649
2LUB 135 12.022 0.1057 0.2297
2LUB 136 13.994 0.2676 0.4054
2LUB 137 10.523 0.1891 0.3311
2LUB 138 10.713 0.1916 0.3041
2LUB 139 12.133 0.2117 0.3378
2LUB 140 15.399 0.2202 0.3514
2LUB 141 7.856 0.2551 0.3986
2LUB 142 7.859 0.2565 0.4257
2LUB 143 12.534 0.1740 0.3041
2LUB 144 12.403 0.2362 0.3649
2LUB 145 12.361 0.1921 0.3378
2LUB 146 15.456 0.1893 0.3041
2LUB 147 17.872 0.2295 0.3446
2LUB 148 9.948 0.2408 0.3716
2LUB 149 9.481 0.2460 0.3649
2LUB 150 10.126 0.2236 0.3581
2LUB 151 6.475 0.2885 0.4932
2LUB 152 12.566 0.2314 0.3446
2LUB 153 12.259 0.2067 0.3581
2LUB 154 10.708 0.2333 0.3581
2LUB 155 6.686 0.2973 0.4595
2LUB 156 7.353 0.2642 0.4189
2LUB 157 14.155 0.2729 0.4122
2LUB 158 10.871 0.2744 0.4122
2LUB 159 5.533 0.3569 0.5811
2LUB 160 9.731 0.2013 0.3378
2LUB 161 6.250 0.2607 0.4527
2LUB 162 10.854 0.2331 0.3919
2LUB 163 6.326 0.3641 0.5541
2LUB 164 7.245 0.2880 0.4527
2LUB 165 8.441 0.2591 0.4257
2LUB 166 6.381 0.2695 0.4662
2LUB 167 10.450 0.2308 0.3851
2LUB 168 6.428 0.3509 0.5405
2LUB 169 7.855 0.2669 0.4122
2LUB 170 8.751 0.2288 0.4189
2LUB 171 17.777 0.0906 0.1689
2LUB 172 15.810 0.1047 0.1689
2LUB 173 11.216 0.1707 0.3378
2LUB 174 13.151 0.1253 0.2095
2LUB 175 10.770 0.2475 0.3919
2LUB 176 12.003 0.1881 0.3108
2LUB 177 15.298 0.1948 0.2770
2LUB 178 9.532 0.2243 0.3581
2LUB 179 9.433 0.2133 0.3986
2LUB 180 12.165 0.1870 0.3176
2LUB 181 6.785 0.2488 0.4459
2LUB 182 7.569 0.2185 0.3919
2LUB 183 14.497 0.2003 0.3176
2LUB 184 10.827 0.2700 0.4392
2LUB 185 15.589 0.1952 0.2838
2LUB 186 10.209 0.1758 0.2838
2LUB 187 10.610 0.1914 0.3176
2LUB 188 9.676 0.2197 0.4054
2LUB 189 15.695 0.2015 0.3243
2LUB 190 7.706 0.2156 0.4257
2LUB 191 10.051 0.2103 0.3581
2LUB 192 7.551 0.2681 0.4392
2LUB 193 10.041 0.2076 0.3176
2LUB 194 11.679 0.2879 0.4662
2LUB 195 16.099 0.1500 0.2297
2LUB 196 11.284 0.1789 0.3243
2LUB 197 15.405 0.2163 0.3108
2LUB 198 8.258 0.2954 0.4662
2LUB 199 10.765 0.2083 0.2838
2LUB 200 10.053 0.2261 0.3851
2LUB 201 11.965 0.1932 0.2973
2LUB 202 6.218 0.3163 0.5203
2LUB 203 9.918 0.2027 0.3378
2LUB 204 9.533 0.2273 0.3784
2LUB 205 7.945 0.3056 0.4662
2LUB 206 8.143 0.1923 0.3514
2LUB 207 9.603 0.2035 0.3716
2LUB 208 6.123 0.2825 0.4797
2LUB 209 6.526 0.2850 0.5000
2LUB 210 8.446 0.2582 0.4122
2LUB 211 14.891 0.0980 0.1892
2LUB 212 12.089 0.2609 0.3649
2LUB 213 11.698 0.2314 0.3311
2LUB 214 10.178 0.1697 0.3108
2LUB 215 17.587 0.1831 0.3108
2LUB 216 11.598 0.2121 0.3176
2LUB 217 11.583 0.1965 0.3041
2LUB 218 13.521 0.1712 0.2770
2LUB 219 9.744 0.2515 0.3986
2LUB 220 13.386 0.1562 0.2500
2LUB 221 16.346 0.2148 0.3243
2LUB 222 10.461 0.2648 0.4189
2LUB 223 11.735 0.1770 0.3108
2LUB 224 11.800 0.1975 0.3581
2LUB 225 15.988 0.2000 0.3514
2LUB 226 18.597 0.1951 0.3243
2LUB 227 10.307 0.2167 0.3378
2LUB 228 18.842 0.2214 0.3108
2LUB 229 15.066 0.2072 0.3243
2LUB 230 9.518 0.2833 0.4527
2LUB 231 9.399 0.2051 0.3784
2LUB 232 10.161 0.2709 0.4257
2LUB 233 10.913 0.2466 0.3784
2LUB 234 6.701 0.2548 0.4797
2LUB 235 7.106 0.2619 0.4595
2LUB 236 9.022 0.2204 0.3446
2LUB 237 10.118 0.2209 0.3514
2LUB 238 10.340 0.2765 0.4527
2LUB 239 6.569 0.2602 0.4459
2LUB 240 10.359 0.2211 0.3649
2LUB 241 11.322 0.2016 0.3378
2LUB 242 9.989 0.2689 0.3919
2LUB 243 5.703 0.2560 0.4865
2LUB 244 7.314 0.2121 0.3986
2LUB 245 6.876 0.2952 0.4797
2LUB 246 8.816 0.2241 0.3581
2LUB 247 6.127 0.2939 0.4932
2LUB 248 6.184 0.2708 0.4662
2LUB 249 7.824 0.2603 0.4257
2LUB 250 8.659 0.2443 0.3649
2LUB 251 11.392 0.1646 0.2635
2LUB 252 13.477 0.1398 0.2162
2LUB 253 7.904 0.2185 0.4189
2LUB 254 15.765 0.1353 0.2500
2LUB 255 15.859 0.1796 0.3041
2LUB 256 10.854 0.1604 0.2838
2LUB 257 15.630 0.2243 0.3108
2LUB 258 10.705 0.3009 0.4392
2LUB 259 8.190 0.2269 0.3851
2LUB 260 10.954 0.2597 0.3784
2LUB 261 11.352 0.1977 0.2905
2LUB 262 16.088 0.1853 0.2973
2LUB 263 14.054 0.2177 0.3243
2LUB 264 9.226 0.2025 0.3378
2LUB 265 12.655 0.2139 0.3446
2LUB 266 14.171 0.2013 0.3041
2LUB 267 5.046 0.4456 0.6149
2LUB 268 12.478 0.1712 0.2905
2LUB 269 12.146 0.2351 0.3514
2LUB 270 10.407 0.2086 0.3716
2LUB 271 16.056 0.1845 0.2838
2LUB 272 10.821 0.1738 0.3176
2LUB 273 9.138 0.2582 0.4189
2LUB 274 11.126 0.2820 0.4189
2LUB 275 11.123 0.1801 0.3041
2LUB 276 8.341 0.2746 0.4459
2LUB 277 10.195 0.2389 0.3581
2LUB 278 11.821 0.2497 0.3378
2LUB 279 13.616 0.2110 0.3176
2LUB 280 18.147 0.2400 0.3649
2LUB 281 15.813 0.2579 0.4189
2LUB 282 10.460 0.2666 0.3716
2LUB 283 8.400 0.3056 0.5000
2LUB 284 6.799 0.2625 0.4392
2LUB 285 13.531 0.1967 0.3243
2LUB 286 6.475 0.2503 0.4527
2LUB 287 5.491 0.3267 0.5338
2LUB 288 6.580 0.2567 0.4459
2LUB 289 7.880 0.3054 0.4527
2LUB 290 8.119 0.2559 0.4189
2LUB 291 15.569 0.1145 0.1892
2LUB 292 13.586 0.1447 0.2162
2LUB 293 15.493 0.1284 0.2027
2LUB 294 12.139 0.2097 0.3176
2LUB 295 10.921 0.2156 0.3311
2LUB 296 9.152 0.2036 0.3243
2LUB 297 16.317 0.1478 0.2432
2LUB 298 15.892 0.1436 0.2432
2LUB 299 8.657 0.1797 0.3041
2LUB 300 13.391 0.3344 0.4932
2LUB 301 12.817 0.1858 0.3311
2LUB 302 11.786 0.1806 0.2905
2LUB 303 8.504 0.2016 0.3311
2LUB 304 6.923 0.2941 0.4730
2LUB 305 14.444 0.2118 0.3514
2LUB 306 16.613 0.1305 0.2568
2LUB 307 16.177 0.1979 0.3514
2LUB 308 13.858 0.2503 0.3446
2LUB 309 17.531 0.1685 0.2973
2LUB 310 7.717 0.2714 0.4122
2LUB 311 7.226 0.2037 0.3784
2LUB 312 13.420 0.1941 0.2973
2LUB 313 12.771 0.2637 0.3851
2LUB 314 8.550 0.2200 0.3514
2LUB 315 16.656 0.1518 0.2500
2LUB 316 4.276 0.3192 0.5473
2LUB 317 6.818 0.2565 0.4662
2LUB 318 12.234 0.2418 0.3514
2LUB 319 10.299 0.2241 0.3784
2LUB 320 14.814 0.2874 0.3919
2LUB 321 9.518 0.2281 0.3919
2LUB 322 5.226 0.3086 0.5473
2LUB 323 13.529 0.1804 0.3108
2LUB 324 14.556 0.2663 0.3919
2LUB 325 6.159 0.2687 0.4662
2LUB 326 8.583 0.2221 0.3986
2LUB 327 12.214 0.2694 0.3919
2LUB 328 6.885 0.2633 0.4527
2LUB 329 8.316 0.2395 0.3919
2LUB 330 6.235 0.3062 0.4865
2LUB 331 11.217 0.1096 0.2095
2LUB 332 11.202 0.2074 0.3784
2LUB 333 8.160 0.2552 0.3784
2LUB 334 16.544 0.1172 0.2162
2LUB 335 11.880 0.1935 0.3311
2LUB 336 8.990 0.2577 0.4324
2LUB 337 7.135 0.1678 0.3716
2LUB 338 16.354 0.1648 0.2770
2LUB 339 14.580 0.1913 0.3176
2LUB 340 11.011 0.1796 0.3041
2LUB 341 8.086 0.2649 0.4257
2LUB 342 13.537 0.1585 0.2365
2LUB 343 10.201 0.2136 0.3851
2LUB 344 12.799 0.1718 0.2703
2LUB 345 14.315 0.1487 0.2500
2LUB 346 10.887 0.1983 0.3176
2LUB 347 7.785 0.2773 0.4459
2LUB 348 13.447 0.1975 0.3243
2LUB 349 7.162 0.2590 0.4054
2LUB 350 10.815 0.2822 0.3919
2LUB 351 9.130 0.1871 0.3446
2LUB 352 10.472 0.2258 0.3581
2LUB 353 12.042 0.2122 0.3581
2LUB 354 11.239 0.2418 0.3919
2LUB 355 9.807 0.2480 0.3851
2LUB 356 13.882 0.2450 0.3649
2LUB 357 16.134 0.2354 0.3446
2LUB 358 9.985 0.2724 0.3919
2LUB 359 11.318 0.2405 0.3986
2LUB 360 13.716 0.2760 0.4054
2LUB 361 7.698 0.2889 0.4392
2LUB 362 6.550 0.2538 0.4392
2LUB 363 8.647 0.2881 0.4324
2LUB 364 6.043 0.2950 0.4730
2LUB 365 11.964 0.2781 0.3919
2LUB 366 7.277 0.2932 0.4527
2LUB 367 12.770 0.1851 0.3311
2LUB 368 8.201 0.2887 0.4122
2LUB 369 7.218 0.2980 0.4730
2LUB 370 6.729 0.2860 0.4595
2LUB 371 12.131 0.0879 0.1892
2LUB 372 10.415 0.2279 0.3446
2LUB 373 11.264 0.1848 0.3041
2LUB 374 14.710 0.1143 0.2095
2LUB 375 14.794 0.2193 0.3311
2LUB 376 8.232 0.2425 0.4257
2LUB 377 13.341 0.1186 0.2162
2LUB 378 10.485 0.1993 0.3243
2LUB 379 8.820 0.2471 0.3784
2LUB 380 11.743 0.1653 0.2973
2LUB 381 17.250 0.2007 0.3378
2LUB 382 14.800 0.2235 0.3581
2LUB 383 10.398 0.2216 0.3784
2LUB 384 11.148 0.2723 0.3919
2LUB 385 7.566 0.2464 0.4054
2LUB 386 14.268 0.3125 0.4257
2LUB 387 13.762 0.1779 0.2703
2LUB 388 13.300 0.1799 0.2905
2LUB 389 13.978 0.2160 0.3108
2LUB 390 14.757 0.2317 0.3378
2LUB 391 11.930 0.2519 0.3514
2LUB 392 7.134 0.2935 0.4662
2LUB 393 11.100 0.2794 0.4730
2LUB 394 9.013 0.2645 0.3716
2LUB 395 3.873 0.3192 0.5676
2LUB 396 12.131 0.1545 0.2973
2LUB 397 13.113 0.1458 0.2703
2LUB 398 8.478 0.2311 0.4189
2LUB 399 13.781 0.1682 0.2770
2LUB 400 6.783 0.2386 0.4257
2LUB 401 5.885 0.2401 0.4459
2LUB 402 11.130 0.1450 0.2568
2LUB 403 7.970 0.2714 0.4257
2LUB 404 7.732 0.2574 0.4527
2LUB 405 6.527 0.2780 0.4797
2LUB 406 7.249 0.2711 0.4527
2LUB 407 6.376 0.2509 0.4392
2LUB 408 9.006 0.2922 0.4189
2LUB 409 6.502 0.2687 0.4527
2LUB 410 5.285 0.3135 0.5338
2LUB 411 1.277 0.6840 0.8581
2LUB 412 1.902 0.5421 0.7770
2LUB 413 1.886 0.5516 0.7905
2LUB 414 1.507 0.6218 0.8311
2LUB 415 1.606 0.5924 0.8108
2LUB 416 1.718 0.5782 0.8041
2LUB 417 1.785 0.5664 0.7973
2LUB 418 1.764 0.5699 0.8041
2LUB 419 1.755 0.5677 0.8041
2LUB 420 1.772 0.5652 0.7973
2LUB 421 1.787 0.5671 0.7973
2LUB 422 1.769 0.5711 0.8041
2LUB 423 1.759 0.5723 0.7973
2LUB 424 1.791 0.5671 0.7973
2LUB 425 1.754 0.5709 0.7973
2LUB 426 1.775 0.5669 0.7905
2LUB 427 1.770 0.5710 0.7973
2LUB 428 1.781 0.5685 0.8041
2LUB 429 1.763 0.5691 0.8041
2LUB 430 1.778 0.5659 0.8041
2LUB 431 1.754 0.5706 0.8041
2LUB 432 1.753 0.5721 0.8041
2LUB 433 1.735 0.5749 0.7973
2LUB 434 1.764 0.5701 0.8108
2LUB 435 1.778 0.5663 0.7905
2LUB 436 1.758 0.5678 0.8041
2LUB 437 1.758 0.5710 0.8108
2LUB 438 1.752 0.5717 0.8041
2LUB 439 1.778 0.5679 0.8041
2LUB 440 1.778 0.5678 0.7973
2LUB 441 1.791 0.5649 0.7973
2LUB 442 1.792 0.5669 0.7905
2LUB 443 1.754 0.5696 0.8041
2LUB 444 1.771 0.5663 0.7905
2LUB 445 1.785 0.5643 0.7973
2LUB 446 1.772 0.5660 0.7905
2LUB 447 1.805 0.5618 0.7905
2LUB 448 1.797 0.5618 0.7905
2LUB 449 1.789 0.5638 0.8041
2LUB 450 1.788 0.5643 0.8041
2LUB 451 1.723 0.5800 0.8108
2LUB 452 1.813 0.5593 0.7973
2LUB 453 1.771 0.5696 0.8041
2LUB 454 1.718 0.5741 0.8108
2LUB 455 1.757 0.5690 0.8108
2LUB 456 1.724 0.5779 0.8108
2LUB 457 1.748 0.5701 0.8041
2LUB 458 1.755 0.5677 0.8041
2LUB 459 1.741 0.5769 0.8108
2LUB 460 1.722 0.5739 0.8108
2LUB 461 1.708 0.5794 0.8176
2LUB 462 1.714 0.5802 0.8108
2LUB 463 1.767 0.5707 0.8108
2LUB 464 1.714 0.5785 0.8108
2LUB 465 1.766 0.5739 0.8041
2LUB 466 1.731 0.5723 0.8041
2LUB 467 1.730 0.5711 0.8108
2LUB 468 1.714 0.5728 0.8041
2LUB 469 1.738 0.5724 0.8108
2LUB 470 1.770 0.5664 0.7973
2LUB 471 1.726 0.5703 0.8108
2LUB 472 1.721 0.5720 0.8041
2LUB 473 1.757 0.5615 0.7973
2LUB 474 1.777 0.5659 0.7973
2LUB 475 1.732 0.5716 0.8108
2LUB 476 1.746 0.5699 0.7973
2LUB 477 1.744 0.5668 0.8108
2LUB 478 1.714 0.5789 0.8041
2LUB 479 1.736 0.5664 0.8041
2LUB 480 1.805 0.5623 0.7973
2LUB 481 1.765 0.5662 0.7973
2LUB 482 1.732 0.5716 0.8108
2LUB 483 1.740 0.5691 0.7973
2LUB 484 1.735 0.5688 0.7973
2LUB 485 1.696 0.5857 0.8108
2LUB 486 1.730 0.5768 0.8041
2LUB 487 1.825 0.5570 0.7973
2LUB 488 1.866 0.5510 0.7905
2LUB 489 1.703 0.5714 0.8108
2LUB 490 1.740 0.5773 0.8108
2LUB 491 1.756 0.5649 0.7973
2LUB 492 1.674 0.5782 0.8108
2LUB 493 1.739 0.5634 0.8041
2LUB 494 1.788 0.5662 0.7973
2LUB 495 1.733 0.5666 0.8108
2LUB 496 1.762 0.5604 0.8041
2LUB 497 1.799 0.5529 0.7905
2LUB 498 1.794 0.5559 0.7905
2LUB 499 1.790 0.5600 0.7905
2LUB 500 1.870 0.5406 0.7905
2LUB 501 1.872 0.5467 0.7905
2LUB 502 1.863 0.5546 0.7905
2LUB 503 1.897 0.5473 0.7905
2LUB 504 1.897 0.5451 0.7905
2LUB 505 1.811 0.5527 0.7905
2LUB 506 1.847 0.5468 0.7905
2LUB 507 1.917 0.5492 0.7838
2LUB 508 1.823 0.5540 0.7973
2LUB 509 1.763 0.5571 0.7973
2LUB 510 1.859 0.5541 0.7905
2LUB 511 1.816 0.5486 0.7905
2LUB 512 1.795 0.5594 0.7905
2LUB 513 1.792 0.5589 0.7973
2LUB 514 1.728 0.5717 0.8176
2LUB 515 1.783 0.5542 0.8041
2LUB 516 1.848 0.5562 0.7905
2LUB 517 1.915 0.5363 0.7770
2LUB 518 1.907 0.5451 0.7770
2LUB 519 1.871 0.5466 0.7973
2LUB 520 1.843 0.5421 0.7838
2LUB 521 1.892 0.5419 0.7838
2LUB 522 1.887 0.5402 0.7838
2LUB 523 1.895 0.5481 0.7770
2LUB 524 1.824 0.5504 0.7905
2LUB 525 1.792 0.5530 0.7973
2LUB 526 1.932 0.5477 0.7973
2LUB 527 1.976 0.5489 0.7770
2LUB 528 1.897 0.5593 0.7973
2LUB 529 1.853 0.5327 0.7635
2LUB 530 2.012 0.5223 0.7635
2LUB 531 1.988 0.5169 0.7500
2LUB 532 1.900 0.5340 0.7770
2LUB 533 1.846 0.5483 0.7905
2LUB 534 1.985 0.5303 0.7500
2LUB 535 1.979 0.5306 0.7500
2LUB 536 1.954 0.5218 0.7635
2LUB 537 1.867 0.5474 0.7770
2LUB 538 1.985 0.5324 0.7635
2LUB 539 2.064 0.5107 0.7568
2LUB 540 1.830 0.5499 0.7838
2LUB 541 1.945 0.5320 0.7568
2LUB 542 1.908 0.5331 0.7770
2LUB 543 1.914 0.5343 0.7703
2LUB 544 1.906 0.5357 0.7703
2LUB 545 1.886 0.5372 0.7635
2LUB 546 1.892 0.5402 0.7838
2LUB 547 1.820 0.5565 0.7905
2LUB 548 1.778 0.5495 0.7838
2LUB 549 1.712 0.5612 0.7973
2LUB 550 1.861 0.5373 0.7568
2LUB 551 2.000 0.5217 0.7500
2LUB 552 1.794 0.5660 0.8041
2LUB 553 1.756 0.5705 0.7973
2LUB 554 1.951 0.5257 0.7635
2LUB 555 2.027 0.5115 0.7500
2LUB 556 1.797 0.5496 0.7905
2LUB 557 1.795 0.5467 0.7905
2LUB 558 1.972 0.5251 0.7500
2LUB 559 1.917 0.5505 0.7770
2LUB 560 1.869 0.5392 0.7568
2LUB 561 1.914 0.5373 0.7568
2LUB 562 2.032 0.5355 0.7635
2LUB 563 1.998 0.5354 0.7568
2LUB 564 1.878 0.5475 0.7703
2LUB 565 1.809 0.5496 0.7770
2LUB 566 1.894 0.5404 0.7635
2LUB 567 1.938 0.5402 0.7568
2LUB 568 1.922 0.5482 0.7635
2LUB 569 1.942 0.5473 0.7770
2LUB 570 1.881 0.5502 0.7703
2LUB 571 1.818 0.5562 0.7905
2LUB 572 1.883 0.5614 0.7838
2LUB 573 1.993 0.5364 0.7568
2LUB 574 1.938 0.5478 0.7703
2LUB 575 1.824 0.5486 0.7905
2LUB 576 1.891 0.5427 0.7635
2LUB 577 1.934 0.5406 0.7838
2LUB 578 1.942 0.5401 0.7770
2LUB 579 1.778 0.5675 0.7838
2LUB 580 1.742 0.5644 0.7973
2LUB 581 1.862 0.5552 0.7905
2LUB 582 1.955 0.5449 0.7703
2LUB 583 1.943 0.5466 0.7635
2LUB 584 1.776 0.5542 0.7905
2LUB 585 1.659 0.5816 0.8041
2LUB 586 1.953 0.5448 0.7635
2LUB 587 1.971 0.5501 0.7635
2LUB 588 1.929 0.5570 0.7770
2LUB 589 1.989 0.5317 0.7568
2LUB 590 1.867 0.5443 0.7770
2LUB 591 1.824 0.5630 0.7973
2LUB 592 1.771 0.5653 0.7973
2LUB 593 1.806 0.5607 0.7905
2LUB 594 1.907 0.5614 0.7905
2LUB 595 1.786 0.5621 0.7770
2LUB 596 1.811 0.5642 0.7838
2LUB 597 1.874 0.5410 0.7838
2LUB 598 1.945 0.5555 0.7770
2LUB 599 1.945 0.5485 0.7838
2LUB 600 1.803 0.5578 0.7838
2LUB 601 1.920 0.5481 0.7635
2LUB 602 1.909 0.5681 0.8041
2LUB 603 1.815 0.5652 0.8041
2LUB 604 1.718 0.5786 0.8041
2LUB 605 1.760 0.5870 0.8108
2LUB 606 1.629 0.5880 0.8243
2LUB 607 1.734 0.5820 0.8378
2LUB 608 1.786 0.5741 0.8041
2LUB 609 1.939 0.5415 0.7568
2LUB 610 1.913 0.5608 0.7838
2LUB 611 1.849 0.5573 0.7838
2LUB 612 1.923 0.5476 0.7635
2LUB 613 1.914 0.5471 0.7770
2LUB 614 1.831 0.5510 0.7770
2LUB 615 1.739 0.5760 0.8176
2LUB 616 1.943 0.5400 0.7635
2LUB 617 1.960 0.5370 0.7635
2LUB 618 2.090 0.5355 0.7635
2LUB 619 1.996 0.5535 0.7703
2LUB 620 1.669 0.5900 0.8176
2LUB 621 1.872 0.5399 0.7635
2LUB 622 1.997 0.5159 0.7432
2LUB 623 1.950 0.5356 0.7568
2LUB 624 1.850 0.5487 0.7703
2LUB 625 1.798 0.5647 0.7973
2LUB 626 2.005 0.5466 0.7703
2LUB 627 1.982 0.5361 0.7703
2LUB 628 1.762 0.5621 0.7973
2LUB 629 1.732 0.5804 0.8176
2LUB 630 1.811 0.5464 0.7905
2LUB 631 1.712 0.5759 0.8108
2LUB 632 1.898 0.5593 0.7905
2LUB 633 1.904 0.5580 0.7770
2LUB 634 1.789 0.5607 0.7973
2LUB 635 1.875 0.5567 0.7838
2LUB 636 1.885 0.5550 0.7838
2LUB 637 1.918 0.5436 0.7770
2LUB 638 1.845 0.5509 0.7905
2LUB 639 1.837 0.5577 0.7838
2LUB 640 1.857 0.5460 0.7838
2LUB 641 1.826 0.5552 0.7770
2LUB 642 1.835 0.5424 0.7838
2LUB 643 1.920 0.5332 0.7770
2LUB 644 1.817 0.5450 0.7635
2LUB 645 1.747 0.5545 0.7770
2LUB 646 1.788 0.5329 0.7635
2LUB 647 1.967 0.5375 0.7770
2LUB 648 1.978 0.5339 0.7703
2LUB 649 1.882 0.5223 0.7770
2LUB 650 1.824 0.5233 0.7703
2LUB 651 2.021 0.5055 0.7635
2LUB 652 2.019 0.5018 0.7568
2LUB 653 2.044 0.5103 0.7703
2LUB 654 1.969 0.5206 0.7635
2LUB 655 1.825 0.5232 0.7635
2LUB 656 1.898 0.5303 0.7635
2LUB 657 2.132 0.4994 0.7500
2LUB 658 2.176 0.4969 0.7432
2LUB 659 1.924 0.5106 0.7500
2LUB 660 1.880 0.5287 0.7703
2LUB 661 2.032 0.5098 0.7500
2LUB 662 1.992 0.5140 0.7635
2LUB 663 1.942 0.5322 0.7770
2LUB 664 1.847 0.5427 0.7905
2LUB 665 1.657 0.5911 0.8243
2LUB 666 1.754 0.5664 0.7973
2LUB 667 1.783 0.5698 0.8176
2LUB 668 1.824 0.5617 0.8041
2LUB 669 1.927 0.5542 0.7770
2LUB 670 1.803 0.5805 0.8041
2LUB 671 1.843 0.5599 0.7838
2LUB 672 1.916 0.5643 0.7838
2LUB 673 1.711 0.6075 0.8446
2LUB 674 1.606 0.5974 0.8176
2LUB 675 1.839 0.5507 0.7838
2LUB 676 1.826 0.5627 0.7770
2LUB 677 1.982 0.5655 0.8176
2LUB 678 1.879 0.5823 0.8176
2LUB 679 1.708 0.5900 0.8176
2LUB 680 1.655 0.5743 0.8176
2LUB 681 1.828 0.5670 0.7973
2LUB 682 1.949 0.5476 0.7770
2LUB 683 1.981 0.5238 0.7635
2LUB 684 1.977 0.5106 0.7500
2LUB 685 1.873 0.5348 0.7770
2LUB 686 1.860 0.5390 0.7703
2LUB 687 1.933 0.5295 0.7703
2LUB 688 1.808 0.5452 0.7905
2LUB 689 1.694 0.5602 0.7905
2LUB 690 1.719 0.5588 0.7973
2LUB 691 1.672 0.5625 0.8041
2LUB 692 1.772 0.5615 0.7905
2LUB 693 1.822 0.5533 0.8041
2LUB 694 1.718 0.5921 0.8243
2LUB 695 1.710 0.5684 0.7973
2LUB 696 1.894 0.5522 0.7770
2LUB 697 1.963 0.5413 0.7703
2LUB 698 1.789 0.5750 0.8108
2LUB 699 1.643 0.5899 0.8108
2LUB 700 1.728 0.5985 0.8108
2LUB 701 1.925 0.6261 0.8108
2LUB 702 2.444 0.6197 0.8041
2LUB 703 2.397 0.5905 0.7905
2LUB 704 2.085 0.6480 0.8311
2LUB 705 2.313 0.6357 0.8176
2LUB 706 2.052 0.6250 0.8176
2LUB 707 2.283 0.6148 0.8041
2LUB 708 2.162 0.6293 0.8108
2LUB 709 2.237 0.6266 0.7973
2LUB 710 2.246 0.6086 0.7973
2LUB 711 2.212 0.6411 0.8311
2LUB 712 2.193 0.6302 0.8041
2LUB 713 2.259 0.6161 0.7905
2LUB 714 2.163 0.6066 0.8243
2LUB 715 2.124 0.6354 0.8176
2LUB 716 2.301 0.6182 0.8108
2LUB 717 2.479 0.6018 0.7905
2LUB 718 2.365 0.6510 0.8378
2LUB 719 2.326 0.6308 0.8176
2LUB 720 2.204 0.6697 0.8311
2LUB 721 2.441 0.6367 0.8176
2LUB 722 2.457 0.5971 0.7905
2LUB 723 2.451 0.5906 0.7838
2LUB 724 2.351 0.6114 0.7973
2LUB 725 2.298 0.6264 0.8176
2LUB 726 2.405 0.6055 0.7838
2LUB 727 2.362 0.5946 0.7905
2LUB 728 2.344 0.5874 0.7905
2LUB 729 2.396 0.5769 0.7838
2LUB 730 2.474 0.5700 0.7703
2LUB 731 2.178 0.6237 0.8041
2LUB 732 2.280 0.6218 0.8108
2LUB 733 2.295 0.6070 0.7905
2LUB 734 2.353 0.5708 0.7770
2LUB 735 2.531 0.5685 0.7838
2LUB 736 2.369 0.5641 0.7703
2LUB 737 2.307 0.5938 0.7838
2LUB 738 2.485 0.5618 0.7770
2LUB 739 2.393 0.5706 0.7905
2LUB 740 2.339 0.5957 0.7838
2LUB 741 2.328 0.5804 0.7703
2LUB 742 2.361 0.6462 0.8243
2LUB 743 2.419 0.6296 0.8243
2LUB 744 2.314 0.5993 0.7905
2LUB 745 2.416 0.5758 0.7703
2LUB 746 2.265 0.6079 0.8041
2LUB 747 2.297 0.5868 0.7838
2LUB 748 2.373 0.5683 0.7703
2LUB 749 2.342 0.5688 0.7770
2LUB 750 2.435 0.5645 0.7770
2LUB 751 2.313 0.5896 0.7905
2LUB 752 2.391 0.5356 0.7703
2LUB 753 2.476 0.5332 0.7635
2LUB 754 2.458 0.5291 0.7770
2LUB 755 2.514 0.5455 0.7838
2LUB 756 2.567 0.4960 0.7432
2LUB 757 2.504 0.5519 0.7770
2LUB 758 2.464 0.5629 0.7905
2LUB 759 2.520 0.5720 0.7703
2LUB 760 2.617 0.5552 0.7703
2LUB 761 2.413 0.5777 0.7905
2LUB 762 2.445 0.5529 0.7770
2LUB 763 2.464 0.5550 0.7703
2LUB 764 2.418 0.5602 0.7838
2LUB 765 2.499 0.5147 0.7297
2LUB 766 2.460 0.5694 0.7838
2LUB 767 2.568 0.5711 0.7770
2LUB 768 2.380 0.5811 0.7905
2LUB 769 2.394 0.6013 0.8108
2LUB 770 2.543 0.5679 0.7770
2LUB 771 2.347 0.6055 0.8108
2LUB 772 2.435 0.5790 0.7905
2LUB 773 2.486 0.5751 0.7973
2LUB 774 2.427 0.6012 0.8108
2LUB 775 2.617 0.5707 0.7770
2LUB 776 2.512 0.5833 0.7838
2LUB 777 2.620 0.5502 0.7770
2LUB 778 2.739 0.5339 0.7703
2LUB 779 2.574 0.5285 0.7500
2LUB 780 2.814 0.5310 0.7432
2LUB 781 2.655 0.5415 0.7635
2LUB 782 2.614 0.5691 0.7770
2LUB 783 2.731 0.5543 0.7635
2LUB 784 2.612 0.5668 0.7770
2LUB 785 2.718 0.5643 0.7703
2LUB 786 2.784 0.5442 0.7635
2LUB 787 2.814 0.5294 0.7568
2LUB 788 2.803 0.5638 0.7635
2LUB 789 2.923 0.5519 0.7838
2LUB 790 2.605 0.5539 0.7838
2LUB 791 2.828 0.4988 0.7703
2LUB 792 2.721 0.5266 0.7635
2LUB 793 2.720 0.5437 0.7635
2LUB 794 2.886 0.4868 0.7365
2LUB 795 2.684 0.5196 0.7635
2LUB 796 2.758 0.5264 0.7500
2LUB 797 2.659 0.5450 0.7568
2LUB 798 2.543 0.5454 0.7568
2LUB 799 2.601 0.5530 0.7770
2LUB 800 2.937 0.5394 0.7703
2LUB 801 2.642 0.5581 0.7905
2LUB 802 2.830 0.4818 0.7432
2LUB 803 2.852 0.4709 0.7297
2LUB 804 2.630 0.5522 0.7770
2LUB 805 2.810 0.5209 0.7568
2LUB 806 2.615 0.5165 0.7635
2LUB 807 2.752 0.5126 0.7500
2LUB 808 2.719 0.5468 0.7905
2LUB 809 2.708 0.5264 0.7500
2LUB 810 2.799 0.5152 0.7568
2LUB 811 2.758 0.5099 0.7432
2LUB 812 2.843 0.5338 0.7703
2LUB 813 2.657 0.5438 0.7838
2LUB 814 2.764 0.5175 0.7635
2LUB 815 2.958 0.4876 0.7432
2LUB 816 2.730 0.5323 0.7500
2LUB 817 2.804 0.5271 0.7635
2LUB 818 2.896 0.5166 0.7568
2LUB 819 2.812 0.4793 0.7432
2LUB 820 2.765 0.4877 0.7432
2LUB 821 2.965 0.4592 0.7432
2LUB 822 2.744 0.4982 0.7365
2LUB 823 2.923 0.4864 0.7432
2LUB 824 2.639 0.5032 0.7635
2LUB 825 2.973 0.4805 0.7365
2LUB 826 2.763 0.5062 0.7568
2LUB 827 2.989 0.4527 0.7365
2LUB 828 2.944 0.4729 0.7365
2LUB 829 2.837 0.4845 0.7500
2LUB 830 2.909 0.4530 0.7230
2LUB 831 2.861 0.4888 0.7568
2LUB 832 2.823 0.4742 0.7500
2LUB 833 2.808 0.5106 0.7568
2LUB 834 2.870 0.5061 0.7635
2LUB 835 2.915 0.4912 0.7635
2LUB 836 2.846 0.5224 0.7500
2LUB 837 2.867 0.5355 0.7703
2LUB 838 2.855 0.5376 0.7635
2LUB 839 2.765 0.5508 0.7568
2LUB 840 2.826 0.5091 0.7635
2LUB 841 2.673 0.5547 0.7770
2LUB 842 2.968 0.4665 0.7365
2LUB 843 2.784 0.5028 0.7500
2LUB 844 2.733 0.5197 0.7568
2LUB 845 2.918 0.4966 0.7432
2LUB 846 2.781 0.4851 0.7365
2LUB 847 2.838 0.5015 0.7568
2LUB 848 2.759 0.4819 0.7432
2LUB 849 2.996 0.4578 0.7365
2LUB 850 2.882 0.4861 0.7568
2LUB 851 2.963 0.4712 0.7365
2LUB 852 2.775 0.5045 0.7432
2LUB 853 2.734 0.4989 0.7432
2LUB 854 2.907 0.4780 0.7230
2LUB 855 2.954 0.5119 0.7297
2LUB 856 2.861 0.5096 0.7365
2LUB 857 2.817 0.4969 0.7500
2LUB 858 2.829 0.5034 0.7500
2LUB 859 2.801 0.4962 0.7500
2LUB 860 2.736 0.4941 0.7365
2LUB 861 2.939 0.4696 0.7432
2LUB 862 2.827 0.4878 0.7568
2LUB 863 2.996 0.4703 0.7297
2LUB 864 2.719 0.5381 0.7635
2LUB 865 2.991 0.4677 0.7162
2LUB 866 2.706 0.5229 0.7432
2LUB 867 2.958 0.4664 0.7500
2LUB 868 2.874 0.4691 0.7365
2LUB 869 2.844 0.4853 0.7432
2LUB 870 2.890 0.5223 0.7838
2LUB 871 2.813 0.4849 0.7500
2LUB 872 2.936 0.4758 0.7500
2LUB 873 2.888 0.4857 0.7432
2LUB 874 2.891 0.4804 0.7432
2LUB 875 2.755 0.5291 0.7635
2LUB 876 2.755 0.5137 0.7635
2LUB 877 2.767 0.5411 0.7703
2LUB 878 2.906 0.4926 0.7432
2LUB 879 2.851 0.4695 0.7297
2LUB 880 2.904 0.4499 0.7162
2LUB 881 2.955 0.4517 0.7365
2LUB 882 2.902 0.4738 0.7297
2LUB 883 2.948 0.4621 0.7365
2LUB 884 3.014 0.4398 0.7162
2LUB 885 2.888 0.4506 0.7162
2LUB 886 2.899 0.4757 0.7230
2LUB 887 2.837 0.5154 0.7500
2LUB 888 2.700 0.5294 0.7635
2LUB 889 2.920 0.4555 0.7432
2LUB 890 2.708 0.4674 0.7297
2LUB 891 2.904 0.4579 0.7230
2LUB 892 2.864 0.4851 0.7500
2LUB 893 3.023 0.4883 0.7432
2LUB 894 2.664 0.5103 0.7500
2LUB 895 2.952 0.4685 0.7162
2LUB 896 2.712 0.5055 0.7500
2LUB 897 2.943 0.5113 0.7568
2LUB 898 2.941 0.4651 0.7230
2LUB 899 2.798 0.4868 0.7297
2LUB 900 2.991 0.4656 0.7162
2LUB 901 2.699 0.5007 0.7297
2LUB 902 2.962 0.4461 0.7027
2LUB 903 2.883 0.4430 0.7230
2LUB 904 2.922 0.4242 0.6892
2LUB 905 2.618 0.4780 0.7500
2LUB 906 2.975 0.4316 0.7162
2LUB 907 2.895 0.4407 0.7095
2LUB 908 2.731 0.4916 0.7432
2LUB 909 2.777 0.4839 0.7297
2LUB 910 2.717 0.4537 0.7162
2LUB 911 2.659 0.4876 0.7568
2LUB 912 2.881 0.4426 0.7095
2LUB 913 2.749 0.4646 0.7365
2LUB 914 2.892 0.4930 0.7500
2LUB 915 2.888 0.5041 0.7432
2LUB 916 3.142 0.4022 0.7027
2LUB 917 3.001 0.4426 0.6959
2LUB 918 2.998 0.4019 0.6892
2LUB 919 2.861 0.4737 0.7297
2LUB 920 2.738 0.4725 0.7297
2LUB 921 2.826 0.5061 0.7703
2LUB 922 2.838 0.4460 0.7162
2LUB 923 2.934 0.4978 0.7297
2LUB 924 2.650 0.5343 0.7635
2LUB 925 2.658 0.5253 0.7432
2LUB 926 2.704 0.5191 0.7365
2LUB 927 2.964 0.4808 0.7230
2LUB 928 2.991 0.4659 0.7230
2LUB 929 2.979 0.4652 0.6959
2LUB 930 2.557 0.4914 0.7162
2LUB 931 2.701 0.5012 0.7095
2LUB 932 3.178 0.4530 0.7027
2LUB 933 2.909 0.4571 0.6892
2LUB 934 2.749 0.5024 0.7297
2LUB 935 2.872 0.4615 0.7230
2LUB 936 2.939 0.5056 0.7297
2LUB 937 2.872 0.5003 0.7568
2LUB 938 2.753 0.5496 0.7635
2LUB 939 2.800 0.5340 0.7432
2LUB 940 2.910 0.5086 0.7500
2LUB 941 2.895 0.5364 0.7568
2LUB 942 2.776 0.5104 0.7500
2LUB 943 2.753 0.5076 0.7365
2LUB 944 2.844 0.5693 0.7770
2LUB 945 2.684 0.5644 0.7703
2LUB 946 2.799 0.5590 0.7635
2LUB 947 2.702 0.5453 0.7703
2LUB 948 2.754 0.5099 0.7568
2LUB 949 2.759 0.5061 0.7500
2LUB 950 3.025 0.4394 0.6959
2LUB 951 2.924 0.4700 0.7095
2LUB 952 2.670 0.5320 0.7568
2LUB 953 2.795 0.5315 0.7500
2LUB 954 2.787 0.5415 0.7568
2LUB 955 2.796 0.4659 0.7162
2LUB 956 2.879 0.5102 0.7500
2LUB 957 2.948 0.4896 0.7568
2LUB 958 2.771 0.4890 0.7568
2LUB 959 2.917 0.4886 0.7432
2LUB 960 2.796 0.4853 0.7365
2LUB 961 2.786 0.5110 0.7568
2LUB 962 2.760 0.4964 0.7365
2LUB 963 2.958 0.4690 0.7365
2LUB 964 2.787 0.5282 0.7568
2LUB 965 2.882 0.5227 0.7568
2LUB 966 2.618 0.5394 0.7568
2LUB 967 2.823 0.4418 0.7230
2LUB 968 2.853 0.4538 0.7297
2LUB 969 3.118 0.4918 0.7162
2LUB 970 2.719 0.4912 0.7365
2LUB 971 3.063 0.5110 0.7230
2LUB 972 2.563 0.5416 0.7365
2LUB 973 2.700 0.5183 0.7365
2LUB 974 2.700 0.5345 0.7703
2LUB 975 2.829 0.5327 0.7635
2LUB 976 2.893 0.4328 0.6824
2LUB 977 2.912 0.4458 0.7095
2LUB 978 2.704 0.5139 0.7365
2LUB 979 2.860 0.4919 0.7365
2LUB 980 2.918 0.4243 0.6757
2LUB 981 2.961 0.4421 0.7027
2LUB 982 2.460 0.4717 0.7095
2LUB 983 2.652 0.4916 0.7230
2LUB 984 2.781 0.4274 0.6959
2LUB 985 2.840 0.4472 0.7095
2LUB 986 2.957 0.4425 0.6959
2LUB 987 2.839 0.4578 0.6892
2LUB 988 2.705 0.4633 0.7095
2LUB 989 2.679 0.4639 0.7297
2LUB 990 2.703 0.4808 0.7027
2LUB 991 2.913 0.4432 0.7095
2LUB 992 2.505 0.4880 0.7297
2LUB 993 2.601 0.4563 0.6959
2LUB 994 2.651 0.4529 0.7095
2LUB 995 2.828 0.4717 0.7162
2LUB 996 2.546 0.5061 0.7365
2LUB 997 2.701 0.4721 0.7162
2LUB 998 2.792 0.4725 0.6959
2LUB 999 2.863 0.4824 0.7162
2LUB 1000 2.659 0.5374 0.7568
2LUB 1001 2.829 0.4896 0.7500
2LUB 1002 2.723 0.4535 0.7297
2LUB 1003 2.693 0.4579 0.7432
2LUB 1004 2.888 0.4861 0.7365
2LUB 1005 2.887 0.4719 0.7027
2LUB 1006 2.713 0.5044 0.7365
2LUB 1007 2.730 0.4832 0.7365
2LUB 1008 2.728 0.4931 0.7365
2LUB 1009 2.709 0.5035 0.7568
2LUB 1010 2.544 0.5135 0.7500
2LUB 1011 2.596 0.5100 0.7432
2LUB 1012 2.634 0.5330 0.7500
2LUB 1013 2.958 0.5328 0.7230
2LUB 1014 2.559 0.5267 0.7568
2LUB 1015 2.392 0.5136 0.7230
2LUB 1016 2.292 0.5153 0.7568
2LUB 1017 2.738 0.4870 0.6959
2LUB 1018 2.982 0.4555 0.6824
2LUB 1019 2.721 0.4884 0.7230
2LUB 1020 2.935 0.4532 0.6959
2LUB 1021 2.675 0.4581 0.7095
2LUB 1022 2.641 0.4658 0.7230
2LUB 1023 2.635 0.4878 0.7365
2LUB 1024 2.675 0.4982 0.7365
2LUB 1025 2.614 0.4654 0.7230
2LUB 1026 2.541 0.4851 0.7162
2LUB 1027 2.876 0.4410 0.6959
2LUB 1028 2.936 0.4522 0.7027
2LUB 1029 2.771 0.4647 0.7365
2LUB 1030 2.750 0.4332 0.6892
2LUB 1031 2.708 0.4597 0.7230
2LUB 1032 2.887 0.4514 0.7027
2LUB 1033 2.931 0.4598 0.7230
2LUB 1034 2.697 0.4811 0.7297
2LUB 1035 2.605 0.4868 0.7365
2LUB 1036 2.554 0.4924 0.7297
2LUB 1037 2.802 0.4632 0.6959
2LUB 1038 2.727 0.5085 0.7297
2LUB 1039 2.604 0.5027 0.7500
2LUB 1040 2.618 0.5047 0.7230
2LUB 1041 2.892 0.4596 0.6892
2LUB 1042 2.725 0.5104 0.7297
2LUB 1043 2.647 0.5327 0.7297
2LUB 1044 2.569 0.4860 0.7162
2LUB 1045 2.717 0.4878 0.7297
2LUB 1046 2.686 0.4903 0.7365
2LUB 1047 2.747 0.4863 0.7095
2LUB 1048 2.694 0.4735 0.7297
2LUB 1049 2.879 0.4855 0.7365
2LUB 1050 2.688 0.5045 0.7500
2LUB 1051 2.721 0.5131 0.7500
2LUB 1052 2.613 0.4856 0.7432
2LUB 1053 2.703 0.5072 0.7365
2LUB 1054 2.611 0.5165 0.7568
2LUB 1055 2.790 0.5041 0.7365
2LUB 1056 2.632 0.5138 0.7365
2LUB 1057 2.679 0.4631 0.7230
2LUB 1058 2.825 0.4480 0.7027
2LUB 1059 2.794 0.5133 0.7432
2LUB 1060 2.839 0.4862 0.7365
2LUB 1061 2.597 0.4950 0.7162
2LUB 1062 2.587 0.4927 0.7230
2LUB 1063 2.676 0.4931 0.7230
2LUB 1064 2.877 0.5058 0.7365
2LUB 1065 2.712 0.5132 0.7500
2LUB 1066 2.688 0.5130 0.7432
2LUB 1067 2.643 0.5253 0.7635
2LUB 1068 2.870 0.5221 0.7568
2LUB 1069 2.587 0.5397 0.7703
2LUB 1070 2.759 0.4893 0.7162
2LUB 1071 2.839 0.4780 0.7365
2LUB 1072 2.842 0.4973 0.7230
2LUB 1073 2.769 0.4531 0.6959
2LUB 1074 2.680 0.4899 0.7095
2LUB 1075 2.847 0.4852 0.7297
2LUB 1076 2.680 0.5480 0.7500
2LUB 1077 2.963 0.4607 0.6959
2LUB 1078 2.962 0.4961 0.7162
2LUB 1079 2.704 0.5219 0.7297
2LUB 1080 2.665 0.4675 0.7095
2LUB 1081 2.589 0.5012 0.7027
2LUB 1082 2.670 0.4849 0.7162
2LUB 1083 2.488 0.5281 0.7230
2LUB 1084 2.500 0.4960 0.7027
2LUB 1085 2.716 0.5001 0.7095
2LUB 1086 2.540 0.4879 0.7027
2LUB 1087 2.558 0.4976 0.7162
2LUB 1088 2.537 0.5368 0.7432
2LUB 1089 2.829 0.5043 0.7297
2LUB 1090 2.721 0.4869 0.7365
2LUB 1091 2.762 0.5031 0.7230
2LUB 1092 2.439 0.5633 0.7635
2LUB 1093 2.506 0.5095 0.7365
2LUB 1094 2.805 0.4878 0.7230
2LUB 1095 2.875 0.5190 0.7365
2LUB 1096 2.520 0.5393 0.7365
2LUB 1097 2.740 0.4833 0.7162
2LUB 1098 2.728 0.4895 0.7365
2LUB 1099 2.821 0.4288 0.6824
2LUB 1100 2.684 0.5010 0.7230
2LUB 1101 2.800 0.4941 0.7027
2LUB 1102 2.897 0.4909 0.6824
2LUB 1103 2.670 0.4979 0.7297
2LUB 1104 2.807 0.4633 0.6959
2LUB 1105 2.587 0.5174 0.7635
2LUB 1106 2.620 0.5610 0.7635
2LUB 1107 2.859 0.5173 0.7568
2LUB 1108 2.815 0.5045 0.7297
2LUB 1109 2.613 0.5223 0.7297
2LUB 1110 2.281 0.5723 0.7838
2LUB 1111 2.767 0.5398 0.7568
2LUB 1112 2.707 0.5278 0.7432
2LUB 1113 2.619 0.4904 0.7095
2LUB 1114 2.749 0.4883 0.7095
2LUB 1115 2.813 0.4934 0.7365
2LUB 1116 2.527 0.5494 0.7432
2LUB 1117 2.805 0.5238 0.7365
2LUB 1118 2.830 0.4821 0.7365
2LUB 1119 2.427 0.5418 0.7500
2LUB 1120 2.682 0.5296 0.7365
2LUB 1121 2.450 0.5020 0.7230
2LUB 1122 2.683 0.4996 0.7230
2LUB 1123 2.645 0.5007 0.7027
2LUB 1124 2.487 0.5153 0.7500
2LUB 1125 2.574 0.5229 0.7432
2LUB 1126 2.619 0.5198 0.7230
2LUB 1127 2.809 0.4631 0.7027
2LUB 1128 2.810 0.5030 0.7297
2LUB 1129 2.869 0.5060 0.7297
2LUB 1130 2.687 0.4794 0.7297
2LUB 1131 2.686 0.4578 0.7297
2LUB 1132 2.815 0.5210 0.7297
2LUB 1133 2.708 0.5685 0.7635
2LUB 1134 2.732 0.5114 0.7230
2LUB 1135 2.447 0.5205 0.7297
2LUB 1136 2.621 0.5191 0.7297
2LUB 1137 2.595 0.5016 0.7432
2LUB 1138 2.660 0.4895 0.7297
2LUB 1139 2.690 0.4836 0.7095
2LUB 1140 2.714 0.5033 0.7568
2LUB 1141 2.578 0.5132 0.7365
2LUB 1142 2.614 0.4910 0.7162
2LUB 1143 2.781 0.4696 0.6959
2LUB 1144 2.760 0.4926 0.7500
2LUB 1145 2.863 0.4811 0.7297
2LUB 1146 2.520 0.5249 0.7365
2LUB 1147 2.741 0.4636 0.7027
2LUB 1148 2.671 0.5313 0.7365
2LUB 1149 2.588 0.5025 0.7297
2LUB 1150 2.792 0.4838 0.7230
2LUB 1151 2.858 0.5048 0.7230
2LUB 1152 2.550 0.5431 0.7500
2LUB 1153 2.693 0.5237 0.7500
2LUB 1154 2.831 0.4642 0.7162
2LUB 1155 2.736 0.4571 0.7095
2LUB 1156 2.701 0.5128 0.7500
2LUB 1157 2.743 0.4959 0.7297
2LUB 1158 2.709 0.5040 0.7432
2LUB 1159 2.822 0.5047 0.7568
2LUB 1160 2.819 0.5373 0.7432
2LUB 1161 2.927 0.4869 0.7230
2LUB 1162 2.769 0.4239 0.7027
2LUB 1163 3.042 0.3926 0.6689
2LUB 1164 2.949 0.4360 0.7095
2LUB 1165 2.473 0.4990 0.7365
2LUB 1166 2.586 0.4913 0.7230
2LUB 1167 2.623 0.4665 0.7365
2LUB 1168 2.740 0.4798 0.7162
2LUB 1169 2.809 0.5289 0.7297
2LUB 1170 2.785 0.4252 0.7095
2LUB 1171 3.088 0.4683 0.7027
2LUB 1172 2.531 0.5440 0.7568
2LUB 1173 2.349 0.5210 0.7230
2LUB 1174 2.889 0.4948 0.7095
2LUB 1175 2.910 0.4785 0.6959
2LUB 1176 2.740 0.4884 0.7162
2LUB 1177 2.430 0.4850 0.7095
2LUB 1178 2.432 0.4856 0.7027
2LUB 1179 2.570 0.5277 0.7365
2LUB 1180 2.980 0.4619 0.6824
2LUB 1181 2.687 0.4990 0.7230
2LUB 1182 2.493 0.4877 0.7365
