2N2P 1 0.000 1.0000 1.0000
2N2P 2 2.400 0.4478 0.8587
2N2P 3 3.308 0.4279 0.7717
2N2P 4 5.177 0.4383 0.7283
2N2P 5 5.871 0.4790 0.7826
2N2P 6 4.929 0.4729 0.7717
2N2P 7 8.451 0.4523 0.6957
2N2P 8 6.467 0.5003 0.8043
2N2P 9 6.966 0.5560 0.8261
2N2P 10 8.697 0.3786 0.6630
2N2P 11 7.914 0.1701 0.4565
2N2P 12 8.570 0.1064 0.3478
2N2P 13 7.467 0.1680 0.5109
2N2P 14 7.786 0.1462 0.5000
2N2P 15 9.323 0.1409 0.4130
2N2P 16 9.441 0.1398 0.3587
2N2P 17 10.212 0.1513 0.3587
2N2P 18 10.803 0.1031 0.3913
2N2P 19 13.093 0.0823 0.3370
2N2P 20 7.241 0.1361 0.4783
2N2P 21 7.701 0.1628 0.4891
2N2P 22 7.829 0.1464 0.4783
2N2P 23 7.727 0.1823 0.4891
2N2P 24 9.113 0.1194 0.3587
2N2P 25 12.421 0.1562 0.3696
2N2P 26 7.766 0.1632 0.4565
2N2P 27 7.653 0.1803 0.4891
2N2P 28 12.368 0.1100 0.3370
2N2P 29 7.619 0.1580 0.4457
2N2P 30 8.246 0.1772 0.4783
2N2P 31 7.606 0.1532 0.4674
2N2P 32 7.033 0.1033 0.4891
2N2P 33 7.220 0.1439 0.5000
2N2P 34 8.555 0.1792 0.4239
2N2P 35 7.159 0.1747 0.5217
2N2P 36 8.382 0.1371 0.4457
2N2P 37 8.147 0.1473 0.4348
2N2P 38 8.188 0.1583 0.4565
2N2P 39 7.488 0.1644 0.5217
2N2P 40 6.474 0.1591 0.4891
2N2P 41 7.646 0.1646 0.4891
2N2P 42 7.602 0.1389 0.4565
2N2P 43 7.071 0.1694 0.5217
2N2P 44 7.706 0.1465 0.4674
2N2P 45 8.097 0.1423 0.4457
2N2P 46 8.385 0.1608 0.4348
2N2P 47 7.856 0.1142 0.4565
2N2P 48 7.173 0.1504 0.5000
2N2P 49 7.583 0.1801 0.5326
2N2P 50 7.826 0.1273 0.4783
2N2P 51 9.609 0.1510 0.4457
2N2P 52 8.855 0.1225 0.4022
2N2P 53 9.550 0.1395 0.3804
2N2P 54 11.880 0.1054 0.3370
2N2P 55 6.925 0.1144 0.4565
2N2P 56 8.993 0.1266 0.4348
2N2P 57 9.110 0.1267 0.4565
2N2P 58 10.009 0.1599 0.3913
2N2P 59 8.778 0.0982 0.4457
2N2P 60 10.896 0.1443 0.3478
2N2P 61 14.559 0.1432 0.3804
2N2P 62 10.400 0.1092 0.3804
2N2P 63 9.184 0.1439 0.4565
2N2P 64 8.077 0.1417 0.4457
2N2P 65 7.792 0.1568 0.5435
2N2P 66 10.592 0.1373 0.3587
2N2P 67 9.219 0.1585 0.4783
2N2P 68 8.694 0.1572 0.4565
2N2P 69 8.253 0.1732 0.4565
2N2P 70 8.165 0.1578 0.4674
2N2P 71 8.279 0.1136 0.4348
2N2P 72 8.480 0.1739 0.4130
2N2P 73 9.398 0.1510 0.3696
2N2P 74 9.094 0.1040 0.3696
2N2P 75 7.137 0.1626 0.5217
2N2P 76 8.660 0.1289 0.4348
2N2P 77 8.269 0.1770 0.4565
2N2P 78 8.787 0.1438 0.4348
2N2P 79 8.713 0.1798 0.4783
2N2P 80 9.847 0.1447 0.3913
2N2P 81 7.914 0.1526 0.4674
2N2P 82 8.481 0.1536 0.4783
2N2P 83 7.829 0.1692 0.4783
2N2P 84 8.257 0.1593 0.5217
2N2P 85 8.152 0.1641 0.4565
2N2P 86 8.356 0.1644 0.4783
2N2P 87 8.295 0.1387 0.4783
2N2P 88 8.007 0.1662 0.4783
2N2P 89 8.485 0.1664 0.4783
2N2P 90 8.194 0.1679 0.4891
2N2P 91 11.478 0.1305 0.4239
2N2P 92 13.203 0.0694 0.3696
2N2P 93 9.812 0.1401 0.3261
2N2P 94 10.059 0.1446 0.3696
2N2P 95 11.473 0.1712 0.3804
2N2P 96 9.760 0.1623 0.4239
2N2P 97 10.943 0.1161 0.4239
2N2P 98 10.445 0.0885 0.2826
2N2P 99 7.502 0.1230 0.4457
2N2P 100 10.845 0.1440 0.4022
2N2P 101 7.876 0.1249 0.4783
2N2P 102 9.323 0.1459 0.4130
2N2P 103 8.766 0.1147 0.3696
2N2P 104 7.289 0.1910 0.5326
2N2P 105 8.745 0.1279 0.4457
2N2P 106 9.929 0.1493 0.3587
2N2P 107 10.029 0.0927 0.4022
2N2P 108 7.647 0.1521 0.4783
2N2P 109 10.373 0.1238 0.3478
2N2P 110 11.005 0.1387 0.4022
2N2P 111 8.047 0.1341 0.4674
2N2P 112 9.621 0.1273 0.4239
2N2P 113 12.862 0.1240 0.3587
2N2P 114 7.744 0.1444 0.4565
2N2P 115 12.542 0.1444 0.3587
2N2P 116 7.639 0.1683 0.4891
2N2P 117 7.768 0.1763 0.4783
2N2P 118 7.430 0.1807 0.5217
2N2P 119 7.695 0.1751 0.4891
2N2P 120 7.555 0.1556 0.4891
2N2P 121 7.673 0.1685 0.4891
2N2P 122 7.757 0.1646 0.4783
2N2P 123 7.967 0.1054 0.4348
2N2P 124 8.847 0.1495 0.4457
2N2P 125 7.562 0.1705 0.5000
2N2P 126 7.494 0.1608 0.5109
2N2P 127 8.116 0.1478 0.4674
2N2P 128 7.786 0.1535 0.4891
2N2P 129 7.808 0.1616 0.4783
2N2P 130 7.845 0.1792 0.4783
2N2P 131 9.679 0.1181 0.4022
2N2P 132 12.331 0.1066 0.3913
2N2P 133 11.063 0.1369 0.3804
2N2P 134 7.575 0.0970 0.4239
2N2P 135 11.212 0.1360 0.3478
2N2P 136 11.738 0.1044 0.2935
2N2P 137 7.356 0.1749 0.5435
2N2P 138 11.489 0.1282 0.3478
2N2P 139 7.981 0.1427 0.4348
2N2P 140 10.929 0.1268 0.4022
2N2P 141 9.158 0.1427 0.4239
2N2P 142 7.769 0.1205 0.4783
2N2P 143 12.088 0.1358 0.4022
2N2P 144 10.782 0.1165 0.3804
2N2P 145 9.715 0.1359 0.3696
2N2P 146 8.022 0.1748 0.4783
2N2P 147 8.874 0.1575 0.4239
2N2P 148 9.393 0.1441 0.3913
2N2P 149 8.224 0.1807 0.4783
2N2P 150 9.965 0.1185 0.3370
2N2P 151 7.677 0.1518 0.4674
2N2P 152 8.070 0.1537 0.4565
2N2P 153 7.898 0.1796 0.4891
2N2P 154 8.200 0.1935 0.4674
2N2P 155 8.434 0.1440 0.4457
2N2P 156 8.179 0.1617 0.4891
2N2P 157 9.414 0.1260 0.4891
2N2P 158 7.979 0.1194 0.4565
2N2P 159 8.408 0.1890 0.4674
2N2P 160 7.835 0.1722 0.4674
2N2P 161 7.822 0.1537 0.4565
2N2P 162 8.251 0.1598 0.5000
2N2P 163 7.203 0.1897 0.5109
2N2P 164 8.305 0.1621 0.4674
2N2P 165 8.247 0.1656 0.4674
2N2P 166 8.217 0.1393 0.4674
2N2P 167 7.953 0.1535 0.4783
2N2P 168 7.871 0.1606 0.4783
2N2P 169 7.710 0.1378 0.4674
2N2P 170 7.698 0.1794 0.5326
2N2P 171 8.621 0.1181 0.3913
2N2P 172 12.904 0.1394 0.3913
2N2P 173 9.768 0.1400 0.4022
2N2P 174 7.748 0.1266 0.4457
2N2P 175 8.726 0.1202 0.4022
2N2P 176 12.878 0.0831 0.3261
2N2P 177 9.257 0.1151 0.4348
2N2P 178 10.350 0.1227 0.3478
2N2P 179 12.195 0.1205 0.3696
2N2P 180 9.612 0.1592 0.4348
2N2P 181 7.154 0.1493 0.5435
2N2P 182 7.587 0.1805 0.4783
2N2P 183 7.565 0.1633 0.5326
2N2P 184 10.675 0.1488 0.4348
2N2P 185 6.860 0.1671 0.5435
2N2P 186 6.065 0.1706 0.5326
2N2P 187 8.661 0.1633 0.4783
2N2P 188 7.363 0.1373 0.4783
2N2P 189 6.986 0.1603 0.5000
2N2P 190 7.285 0.1528 0.5000
2N2P 191 8.322 0.1558 0.4565
2N2P 192 7.791 0.1516 0.4348
2N2P 193 7.387 0.1697 0.5109
2N2P 194 7.062 0.1759 0.5109
2N2P 195 7.856 0.1964 0.5109
2N2P 196 7.610 0.1411 0.4674
2N2P 197 8.060 0.1584 0.4565
2N2P 198 7.423 0.1525 0.4783
2N2P 199 7.514 0.1749 0.4891
2N2P 200 7.902 0.1907 0.4783
2N2P 201 7.540 0.1675 0.4891
2N2P 202 7.336 0.2331 0.5000
2N2P 203 7.286 0.1641 0.4891
2N2P 204 8.888 0.1625 0.4022
2N2P 205 7.612 0.1341 0.4783
2N2P 206 7.444 0.1993 0.5000
2N2P 207 8.566 0.1630 0.4783
2N2P 208 7.213 0.2017 0.5109
2N2P 209 7.713 0.1676 0.5000
2N2P 210 9.038 0.1518 0.4239
2N2P 211 13.038 0.1308 0.3804
2N2P 212 10.549 0.2406 0.5109
2N2P 213 9.150 0.1757 0.4130
2N2P 214 8.706 0.1066 0.3696
2N2P 215 10.646 0.1035 0.3478
2N2P 216 12.452 0.1103 0.3478
2N2P 217 10.572 0.1270 0.3587
2N2P 218 8.169 0.1452 0.4239
2N2P 219 12.201 0.1055 0.3370
2N2P 220 8.466 0.1752 0.4565
2N2P 221 10.379 0.1129 0.3696
2N2P 222 7.693 0.1606 0.4674
2N2P 223 10.041 0.1340 0.3370
2N2P 224 7.138 0.1760 0.5652
2N2P 225 7.880 0.1535 0.4783
2N2P 226 7.805 0.1327 0.4783
2N2P 227 8.353 0.1632 0.4783
2N2P 228 7.249 0.1494 0.5326
2N2P 229 12.425 0.1451 0.3913
2N2P 230 7.623 0.1709 0.5109
2N2P 231 8.038 0.1226 0.4457
2N2P 232 8.914 0.1320 0.4239
2N2P 233 7.390 0.1633 0.4674
2N2P 234 8.002 0.1655 0.4674
2N2P 235 7.859 0.1378 0.4674
2N2P 236 7.520 0.1381 0.5000
2N2P 237 8.059 0.1538 0.4674
2N2P 238 7.564 0.1673 0.5000
2N2P 239 8.277 0.1765 0.4457
2N2P 240 7.990 0.1856 0.4783
2N2P 241 7.692 0.1925 0.5000
2N2P 242 7.720 0.1690 0.5000
2N2P 243 8.218 0.1905 0.4783
2N2P 244 7.431 0.1858 0.5217
2N2P 245 7.755 0.1791 0.5109
2N2P 246 8.078 0.1389 0.4565
2N2P 247 7.915 0.1917 0.5217
2N2P 248 7.316 0.1425 0.5000
2N2P 249 8.048 0.1693 0.4565
2N2P 250 7.860 0.1803 0.4783
2N2P 251 11.932 0.1305 0.3370
2N2P 252 10.776 0.0992 0.2826
2N2P 253 12.144 0.1111 0.3370
2N2P 254 12.538 0.1015 0.3587
2N2P 255 9.182 0.1173 0.3261
2N2P 256 10.325 0.1297 0.3587
2N2P 257 8.907 0.1600 0.4457
2N2P 258 9.682 0.1562 0.4239
2N2P 259 12.722 0.1167 0.3152
2N2P 260 12.180 0.1137 0.3913
2N2P 261 7.960 0.1504 0.4891
2N2P 262 12.801 0.1192 0.3478
2N2P 263 8.279 0.1365 0.4239
2N2P 264 13.532 0.1139 0.3478
2N2P 265 12.528 0.1402 0.3913
2N2P 266 9.985 0.0885 0.3587
2N2P 267 9.794 0.1209 0.3696
2N2P 268 8.450 0.1569 0.5435
2N2P 269 8.472 0.1730 0.4565
2N2P 270 12.528 0.0996 0.3152
2N2P 271 8.534 0.1472 0.4783
2N2P 272 8.703 0.1333 0.4348
2N2P 273 7.925 0.1684 0.4891
2N2P 274 8.023 0.1423 0.4674
2N2P 275 8.365 0.1898 0.5326
2N2P 276 7.851 0.1583 0.4674
2N2P 277 8.815 0.1730 0.4891
2N2P 278 8.636 0.1651 0.4348
2N2P 279 7.887 0.1617 0.5000
2N2P 280 7.663 0.1373 0.4348
2N2P 281 8.062 0.1463 0.4457
2N2P 282 8.300 0.1616 0.4891
2N2P 283 7.916 0.1743 0.4783
2N2P 284 7.371 0.1625 0.4457
2N2P 285 8.873 0.1973 0.4457
2N2P 286 8.150 0.1604 0.4783
2N2P 287 9.836 0.1432 0.4565
2N2P 288 7.842 0.1556 0.4891
2N2P 289 8.893 0.1126 0.3587
2N2P 290 8.634 0.1564 0.4457
2N2P 291 9.747 0.1300 0.3478
2N2P 292 7.760 0.1286 0.4457
2N2P 293 7.810 0.1422 0.4457
2N2P 294 11.352 0.1217 0.3152
2N2P 295 8.749 0.1176 0.3913
2N2P 296 8.442 0.1362 0.4239
2N2P 297 10.127 0.1143 0.3370
2N2P 298 10.930 0.1149 0.3587
2N2P 299 8.956 0.1460 0.3370
2N2P 300 11.672 0.1225 0.3152
2N2P 301 7.656 0.1196 0.4565
2N2P 302 8.702 0.1195 0.4130
2N2P 303 10.448 0.1192 0.3478
2N2P 304 11.484 0.0931 0.2826
2N2P 305 8.394 0.1260 0.4130
2N2P 306 7.170 0.1618 0.5109
2N2P 307 7.410 0.1397 0.5000
2N2P 308 8.848 0.1046 0.3478
2N2P 309 7.167 0.1411 0.5217
2N2P 310 7.973 0.1867 0.5435
2N2P 311 7.638 0.1816 0.4783
2N2P 312 10.850 0.1458 0.3478
2N2P 313 7.614 0.1523 0.5109
2N2P 314 7.644 0.1542 0.5000
2N2P 315 6.688 0.1401 0.5326
2N2P 316 9.048 0.1326 0.3913
2N2P 317 7.414 0.1601 0.5109
2N2P 318 7.594 0.1598 0.5000
2N2P 319 7.463 0.1818 0.5109
2N2P 320 7.606 0.1377 0.4891
2N2P 321 7.443 0.1618 0.4891
2N2P 322 7.382 0.1744 0.5217
2N2P 323 7.922 0.1497 0.4891
2N2P 324 8.237 0.1612 0.4783
2N2P 325 7.700 0.1585 0.4783
2N2P 326 8.825 0.1724 0.4348
2N2P 327 8.091 0.1622 0.4348
2N2P 328 8.303 0.1696 0.4783
2N2P 329 7.023 0.1484 0.5217
2N2P 330 7.719 0.1262 0.4674
2N2P 331 11.781 0.0923 0.2609
2N2P 332 7.999 0.1997 0.5109
2N2P 333 9.772 0.1164 0.3370
2N2P 334 10.055 0.0996 0.3152
2N2P 335 11.786 0.1225 0.3261
2N2P 336 12.311 0.1061 0.3478
2N2P 337 12.744 0.1457 0.3370
2N2P 338 10.439 0.1136 0.3478
2N2P 339 8.458 0.1700 0.4457
2N2P 340 8.811 0.1478 0.4891
2N2P 341 12.137 0.1220 0.3478
2N2P 342 11.580 0.0907 0.2935
2N2P 343 8.580 0.1186 0.4348
2N2P 344 7.739 0.1540 0.5000
2N2P 345 10.885 0.1366 0.3587
2N2P 346 9.660 0.1551 0.3696
2N2P 347 10.839 0.1512 0.3913
2N2P 348 8.332 0.1676 0.5000
2N2P 349 10.256 0.1442 0.4348
2N2P 350 9.757 0.1398 0.4457
2N2P 351 9.048 0.1394 0.4239
2N2P 352 9.420 0.1855 0.4674
2N2P 353 9.651 0.1428 0.3804
2N2P 354 9.580 0.1206 0.3804
2N2P 355 8.281 0.1341 0.4565
2N2P 356 7.747 0.1956 0.5217
2N2P 357 9.456 0.1443 0.4022
2N2P 358 10.290 0.1099 0.3370
2N2P 359 8.570 0.2031 0.4674
2N2P 360 7.954 0.1890 0.4891
2N2P 361 7.333 0.2027 0.5326
2N2P 362 8.331 0.1614 0.4457
2N2P 363 8.419 0.1441 0.4674
2N2P 364 8.239 0.1885 0.4674
2N2P 365 8.169 0.1510 0.4565
2N2P 366 8.074 0.1519 0.4565
2N2P 367 8.418 0.1416 0.4783
2N2P 368 7.625 0.1782 0.4891
2N2P 369 8.225 0.1683 0.5217
2N2P 370 8.408 0.1319 0.4239
2N2P 371 7.582 0.1585 0.4674
2N2P 372 11.244 0.1157 0.3261
2N2P 373 8.601 0.1640 0.5109
2N2P 374 8.392 0.1457 0.5217
2N2P 375 9.979 0.1227 0.3587
2N2P 376 13.187 0.1231 0.3587
2N2P 377 12.644 0.1134 0.3370
2N2P 378 10.074 0.1390 0.4239
2N2P 379 8.929 0.1185 0.3696
2N2P 380 8.198 0.1398 0.4457
2N2P 381 8.658 0.1587 0.4022
2N2P 382 12.682 0.1382 0.3478
2N2P 383 10.460 0.1489 0.3587
2N2P 384 8.878 0.1386 0.4457
2N2P 385 7.530 0.1679 0.4674
2N2P 386 8.064 0.1988 0.4674
2N2P 387 8.103 0.1793 0.4783
2N2P 388 7.876 0.1686 0.4783
2N2P 389 7.539 0.1932 0.5109
2N2P 390 8.123 0.1667 0.4674
2N2P 391 11.106 0.1222 0.3804
2N2P 392 10.810 0.1194 0.3478
2N2P 393 8.097 0.1927 0.4891
2N2P 394 8.119 0.1968 0.5000
2N2P 395 8.598 0.1683 0.4783
2N2P 396 8.161 0.1984 0.4783
2N2P 397 7.708 0.1664 0.4783
2N2P 398 8.085 0.1462 0.4674
2N2P 399 7.433 0.1541 0.4674
2N2P 400 7.467 0.2028 0.5000
2N2P 401 7.367 0.1605 0.5326
2N2P 402 8.343 0.1335 0.4348
2N2P 403 7.784 0.1375 0.4674
2N2P 404 8.444 0.1892 0.4783
2N2P 405 7.625 0.1356 0.5109
2N2P 406 7.581 0.2068 0.5000
2N2P 407 7.712 0.1753 0.4783
2N2P 408 8.010 0.1442 0.4674
2N2P 409 7.771 0.1562 0.4783
2N2P 410 7.634 0.1798 0.5000
2N2P 411 1.190 0.3799 0.9022
2N2P 412 2.052 0.4031 0.8478
2N2P 413 2.065 0.3490 0.8478
2N2P 414 2.090 0.3228 0.8370
2N2P 415 2.207 0.3484 0.8370
2N2P 416 2.161 0.3506 0.8370
2N2P 417 2.121 0.3548 0.8370
2N2P 418 2.144 0.3577 0.8370
2N2P 419 2.174 0.3578 0.8478
2N2P 420 2.195 0.3665 0.8370
2N2P 421 2.179 0.3620 0.8370
2N2P 422 2.182 0.3619 0.8370
2N2P 423 2.198 0.3577 0.8261
2N2P 424 2.182 0.3615 0.8370
2N2P 425 2.188 0.3566 0.8370
2N2P 426 2.180 0.3597 0.8370
2N2P 427 2.184 0.3626 0.8370
2N2P 428 2.185 0.3603 0.8370
2N2P 429 2.187 0.3595 0.8370
2N2P 430 2.184 0.3564 0.8370
2N2P 431 2.193 0.3630 0.8261
2N2P 432 2.184 0.3625 0.8370
2N2P 433 2.193 0.3577 0.8370
2N2P 434 2.163 0.3602 0.8370
2N2P 435 2.174 0.3617 0.8370
2N2P 436 2.167 0.3587 0.8370
2N2P 437 2.182 0.3587 0.8370
2N2P 438 2.185 0.3540 0.8261
2N2P 439 2.183 0.3611 0.8261
2N2P 440 2.201 0.3597 0.8370
2N2P 441 2.225 0.3635 0.8261
2N2P 442 2.230 0.3595 0.8261
2N2P 443 2.219 0.3579 0.8261
2N2P 444 2.218 0.3563 0.8261
2N2P 445 2.206 0.3555 0.8261
2N2P 446 2.217 0.3573 0.8261
2N2P 447 2.196 0.3609 0.8261
2N2P 448 2.202 0.3606 0.8152
2N2P 449 2.211 0.3590 0.8261
2N2P 450 2.179 0.3611 0.8261
2N2P 451 2.182 0.3577 0.8261
2N2P 452 2.226 0.3574 0.8261
2N2P 453 2.217 0.3595 0.8261
2N2P 454 2.196 0.3596 0.8261
2N2P 455 2.185 0.3612 0.8370
2N2P 456 2.188 0.3606 0.8261
2N2P 457 2.212 0.3625 0.8261
2N2P 458 2.175 0.3571 0.8370
2N2P 459 2.198 0.3641 0.8370
2N2P 460 2.187 0.3577 0.8478
2N2P 461 2.204 0.3613 0.8370
2N2P 462 2.180 0.3606 0.8370
2N2P 463 2.185 0.3592 0.8370
2N2P 464 2.194 0.3717 0.8370
2N2P 465 2.226 0.3596 0.8261
2N2P 466 2.198 0.3667 0.8370
2N2P 467 2.220 0.3626 0.8261
2N2P 468 2.202 0.3686 0.8261
2N2P 469 2.209 0.3649 0.8152
2N2P 470 2.158 0.3589 0.8370
2N2P 471 2.203 0.3677 0.8478
2N2P 472 2.206 0.3648 0.8370
2N2P 473 2.241 0.3605 0.8261
2N2P 474 2.172 0.3704 0.8370
2N2P 475 2.172 0.3598 0.8261
2N2P 476 2.198 0.3711 0.8370
2N2P 477 2.181 0.3664 0.8370
2N2P 478 2.172 0.3599 0.8370
2N2P 479 2.155 0.3583 0.8370
2N2P 480 2.211 0.3589 0.8261
2N2P 481 2.207 0.3661 0.8261
2N2P 482 2.186 0.3581 0.8261
2N2P 483 2.176 0.3621 0.8261
2N2P 484 2.195 0.3663 0.8261
2N2P 485 2.212 0.3738 0.8370
2N2P 486 2.167 0.3689 0.8370
2N2P 487 2.144 0.3680 0.8370
2N2P 488 2.189 0.3594 0.8370
2N2P 489 2.174 0.3753 0.8370
2N2P 490 2.224 0.3667 0.8478
2N2P 491 2.201 0.3605 0.8261
2N2P 492 2.174 0.3856 0.8370
2N2P 493 2.190 0.3739 0.8261
2N2P 494 2.189 0.3608 0.8370
2N2P 495 2.217 0.3708 0.8370
2N2P 496 2.155 0.3682 0.8478
2N2P 497 2.199 0.3698 0.8370
2N2P 498 2.171 0.3758 0.8370
2N2P 499 2.161 0.3658 0.8478
2N2P 500 2.200 0.3720 0.8261
2N2P 501 2.165 0.3786 0.8370
2N2P 502 2.199 0.3658 0.8261
2N2P 503 2.175 0.3672 0.8370
2N2P 504 2.213 0.3633 0.8370
2N2P 505 2.180 0.3713 0.8370
2N2P 506 2.186 0.3755 0.8370
2N2P 507 2.210 0.3607 0.8261
2N2P 508 2.200 0.3702 0.8370
2N2P 509 2.196 0.3617 0.8370
2N2P 510 2.188 0.3628 0.8370
2N2P 511 2.222 0.3605 0.8370
2N2P 512 2.145 0.3797 0.8478
2N2P 513 2.153 0.3821 0.8370
2N2P 514 2.147 0.3660 0.8478
2N2P 515 2.162 0.3598 0.8261
2N2P 516 2.163 0.3735 0.8261
2N2P 517 2.173 0.3769 0.8261
2N2P 518 2.220 0.3644 0.8370
2N2P 519 2.172 0.3708 0.8370
2N2P 520 2.205 0.3769 0.8370
2N2P 521 2.240 0.3731 0.8261
2N2P 522 2.172 0.3763 0.8478
2N2P 523 2.180 0.3679 0.8370
2N2P 524 2.158 0.3649 0.8478
2N2P 525 2.190 0.3656 0.8261
2N2P 526 2.196 0.3702 0.8370
2N2P 527 2.178 0.3818 0.8478
2N2P 528 2.168 0.3551 0.8370
2N2P 529 2.176 0.3527 0.8478
2N2P 530 2.177 0.3707 0.8370
2N2P 531 2.144 0.3727 0.8478
2N2P 532 2.158 0.3713 0.8370
2N2P 533 2.197 0.3859 0.8478
2N2P 534 2.142 0.3760 0.8370
2N2P 535 2.173 0.3578 0.8478
2N2P 536 2.148 0.3603 0.8370
2N2P 537 2.225 0.3438 0.8261
2N2P 538 2.209 0.3420 0.8261
2N2P 539 2.228 0.3373 0.8152
2N2P 540 2.245 0.3451 0.8261
2N2P 541 2.222 0.3441 0.8370
2N2P 542 2.211 0.3372 0.8370
2N2P 543 2.204 0.3251 0.8152
2N2P 544 2.172 0.3444 0.8478
2N2P 545 2.265 0.3099 0.8261
2N2P 546 2.285 0.3169 0.8043
2N2P 547 2.317 0.2868 0.7935
2N2P 548 2.253 0.3180 0.8152
2N2P 549 2.308 0.3011 0.8152
2N2P 550 2.243 0.3297 0.8152
2N2P 551 2.226 0.3206 0.8370
2N2P 552 2.290 0.2941 0.8043
2N2P 553 2.279 0.3020 0.8043
2N2P 554 2.346 0.2862 0.7826
2N2P 555 2.240 0.2772 0.8043
2N2P 556 2.262 0.2832 0.7935
2N2P 557 2.203 0.2709 0.8043
2N2P 558 2.288 0.2714 0.8043
2N2P 559 2.223 0.2955 0.8261
2N2P 560 2.206 0.2867 0.8043
2N2P 561 2.229 0.2958 0.8152
2N2P 562 2.211 0.2836 0.8152
2N2P 563 2.192 0.2833 0.8043
2N2P 564 2.247 0.2765 0.8043
2N2P 565 2.175 0.2828 0.7935
2N2P 566 2.134 0.3038 0.8152
2N2P 567 2.050 0.3011 0.8152
2N2P 568 2.135 0.3009 0.8261
2N2P 569 2.122 0.2789 0.8261
2N2P 570 2.235 0.2841 0.7935
2N2P 571 2.239 0.2705 0.7935
2N2P 572 2.234 0.2549 0.7717
2N2P 573 2.155 0.2545 0.7826
2N2P 574 2.205 0.2709 0.7935
2N2P 575 2.240 0.2689 0.7826
2N2P 576 2.289 0.2708 0.7935
2N2P 577 2.243 0.2634 0.7935
2N2P 578 2.221 0.2668 0.7826
2N2P 579 2.276 0.2522 0.7826
2N2P 580 2.274 0.2513 0.7826
2N2P 581 2.302 0.2454 0.7609
2N2P 582 2.243 0.2587 0.7717
2N2P 583 2.269 0.2572 0.7717
2N2P 584 2.281 0.2587 0.7826
2N2P 585 2.327 0.2564 0.7826
2N2P 586 2.376 0.2456 0.7609
2N2P 587 2.362 0.2717 0.7717
2N2P 588 2.495 0.2616 0.7717
2N2P 589 2.381 0.2637 0.7826
2N2P 590 2.411 0.2586 0.7500
2N2P 591 2.496 0.2645 0.7500
2N2P 592 2.498 0.2524 0.7500
2N2P 593 2.537 0.2404 0.7500
2N2P 594 2.472 0.2487 0.7609
2N2P 595 2.410 0.2628 0.7826
2N2P 596 2.603 0.2438 0.7391
2N2P 597 2.458 0.2496 0.7609
2N2P 598 2.447 0.2523 0.7717
2N2P 599 2.523 0.2602 0.7609
2N2P 600 2.435 0.2660 0.7609
2N2P 601 2.449 0.2734 0.7500
2N2P 602 2.531 0.2515 0.7609
2N2P 603 2.485 0.2534 0.7717
2N2P 604 2.492 0.2436 0.7500
2N2P 605 2.538 0.2581 0.7717
2N2P 606 2.456 0.2580 0.7609
2N2P 607 2.388 0.2685 0.7609
2N2P 608 2.423 0.2563 0.7500
2N2P 609 2.508 0.2747 0.7609
2N2P 610 2.471 0.2518 0.7609
2N2P 611 2.502 0.2482 0.7500
2N2P 612 2.440 0.2550 0.7717
2N2P 613 2.465 0.2548 0.7717
2N2P 614 2.417 0.2610 0.7717
2N2P 615 2.466 0.2693 0.7717
2N2P 616 2.516 0.2737 0.7500
2N2P 617 2.464 0.2513 0.7500
2N2P 618 2.498 0.2594 0.7609
2N2P 619 2.437 0.2633 0.7609
2N2P 620 2.355 0.2740 0.7826
2N2P 621 2.521 0.2426 0.7609
2N2P 622 2.586 0.2634 0.7609
2N2P 623 2.500 0.2456 0.7500
2N2P 624 2.523 0.2579 0.7609
2N2P 625 2.502 0.2672 0.7500
2N2P 626 2.469 0.2689 0.7717
2N2P 627 2.470 0.2428 0.7609
2N2P 628 2.551 0.2410 0.7500
2N2P 629 2.456 0.2504 0.7500
2N2P 630 2.429 0.2494 0.7717
2N2P 631 2.448 0.2629 0.7609
2N2P 632 2.525 0.2512 0.7500
2N2P 633 2.498 0.2467 0.7609
2N2P 634 2.484 0.2497 0.7609
2N2P 635 2.383 0.2565 0.7609
2N2P 636 2.484 0.2611 0.7500
2N2P 637 2.482 0.2662 0.7609
2N2P 638 2.409 0.2751 0.7717
2N2P 639 2.466 0.2556 0.7717
2N2P 640 2.459 0.2521 0.7826
2N2P 641 2.515 0.2636 0.7609
2N2P 642 2.548 0.2621 0.7609
2N2P 643 2.564 0.2741 0.7826
2N2P 644 2.377 0.2528 0.7609
2N2P 645 2.641 0.2561 0.7609
2N2P 646 2.419 0.2638 0.7717
2N2P 647 2.364 0.2590 0.7717
2N2P 648 2.473 0.2517 0.7717
2N2P 649 2.409 0.2824 0.7717
2N2P 650 2.368 0.2819 0.7826
2N2P 651 2.421 0.2921 0.7717
2N2P 652 2.379 0.2811 0.7826
2N2P 653 2.316 0.2843 0.7609
2N2P 654 2.457 0.2688 0.7609
2N2P 655 2.378 0.2786 0.7717
2N2P 656 2.368 0.2835 0.7826
2N2P 657 2.341 0.2961 0.7717
2N2P 658 2.401 0.2975 0.7609
2N2P 659 2.428 0.2882 0.7826
2N2P 660 2.419 0.2693 0.7717
2N2P 661 2.443 0.2758 0.7500
2N2P 662 2.468 0.2765 0.7609
2N2P 663 2.591 0.2805 0.7717
2N2P 664 2.533 0.2597 0.7826
2N2P 665 2.591 0.2717 0.7609
2N2P 666 2.498 0.2758 0.7609
2N2P 667 2.422 0.2849 0.7826
2N2P 668 2.557 0.2756 0.7500
2N2P 669 2.597 0.2712 0.7609
2N2P 670 2.864 0.2617 0.7500
2N2P 671 2.834 0.2566 0.7391
2N2P 672 2.745 0.2718 0.7391
2N2P 673 2.752 0.2445 0.7391
2N2P 674 2.862 0.2578 0.7283
2N2P 675 2.849 0.2647 0.7500
2N2P 676 2.809 0.2726 0.7391
2N2P 677 2.728 0.2505 0.7391
2N2P 678 2.838 0.2725 0.7500
2N2P 679 2.818 0.2746 0.7500
2N2P 680 2.981 0.2988 0.7609
2N2P 681 2.742 0.2768 0.7609
2N2P 682 2.716 0.2605 0.7500
2N2P 683 2.814 0.2631 0.7391
2N2P 684 2.673 0.2475 0.7500
2N2P 685 2.782 0.2931 0.7717
2N2P 686 2.787 0.2803 0.7500
2N2P 687 2.788 0.2820 0.7500
2N2P 688 2.738 0.2878 0.7717
2N2P 689 2.695 0.2657 0.7609
2N2P 690 2.696 0.2470 0.7391
2N2P 691 2.680 0.2682 0.7500
2N2P 692 2.746 0.2628 0.7500
2N2P 693 2.764 0.3001 0.7717
2N2P 694 2.670 0.2730 0.7500
2N2P 695 2.741 0.2781 0.7500
2N2P 696 2.721 0.2862 0.7500
2N2P 697 2.713 0.2614 0.7609
2N2P 698 2.652 0.2706 0.7609
2N2P 699 2.598 0.2754 0.7609
2N2P 700 2.734 0.2610 0.7609
2N2P 701 2.685 0.2578 0.7391
2N2P 702 2.668 0.2911 0.7609
2N2P 703 2.739 0.2708 0.7391
2N2P 704 2.745 0.2716 0.7500
2N2P 705 2.562 0.2819 0.7826
2N2P 706 2.742 0.2736 0.7391
2N2P 707 2.808 0.2741 0.7500
2N2P 708 2.788 0.2726 0.7500
2N2P 709 2.678 0.2617 0.7500
2N2P 710 2.746 0.2588 0.7391
2N2P 711 2.668 0.2634 0.7500
2N2P 712 2.749 0.2794 0.7500
2N2P 713 2.751 0.2731 0.7500
2N2P 714 2.758 0.2539 0.7391
2N2P 715 2.477 0.2788 0.7826
2N2P 716 2.586 0.2658 0.7500
2N2P 717 2.655 0.2916 0.7500
2N2P 718 2.597 0.2763 0.7609
2N2P 719 2.580 0.2538 0.7609
2N2P 720 2.588 0.2748 0.7717
2N2P 721 2.799 0.2571 0.7500
2N2P 722 2.660 0.2811 0.7500
2N2P 723 2.815 0.2634 0.7283
2N2P 724 2.801 0.2451 0.7500
2N2P 725 2.757 0.2851 0.7500
2N2P 726 2.739 0.2567 0.7391
2N2P 727 2.754 0.2525 0.7391
2N2P 728 2.783 0.2617 0.7609
2N2P 729 2.736 0.2594 0.7500
2N2P 730 2.665 0.2707 0.7717
2N2P 731 2.725 0.2704 0.7391
2N2P 732 2.735 0.2807 0.7391
2N2P 733 2.769 0.2686 0.7391
2N2P 734 2.552 0.2727 0.7717
2N2P 735 2.726 0.2655 0.7391
2N2P 736 2.609 0.2798 0.7609
2N2P 737 2.607 0.2923 0.7826
2N2P 738 2.762 0.2668 0.7391
2N2P 739 2.807 0.2654 0.7500
2N2P 740 2.863 0.2811 0.7500
2N2P 741 2.746 0.2723 0.7500
2N2P 742 2.689 0.2565 0.7500
2N2P 743 2.727 0.2887 0.7500
2N2P 744 2.769 0.2764 0.7500
2N2P 745 2.771 0.2786 0.7717
2N2P 746 2.705 0.2717 0.7500
2N2P 747 2.542 0.2848 0.7826
2N2P 748 2.656 0.2856 0.7609
2N2P 749 2.738 0.2926 0.7500
2N2P 750 2.721 0.2753 0.7717
2N2P 751 2.783 0.2873 0.7717
2N2P 752 2.674 0.2804 0.7717
2N2P 753 2.744 0.2755 0.7609
2N2P 754 2.645 0.3056 0.7826
2N2P 755 2.622 0.2874 0.7717
2N2P 756 2.805 0.2851 0.7717
2N2P 757 2.576 0.3158 0.7717
2N2P 758 2.622 0.2841 0.7609
2N2P 759 2.730 0.3022 0.7717
2N2P 760 2.659 0.2936 0.7609
2N2P 761 2.681 0.2896 0.7609
2N2P 762 2.622 0.2773 0.7500
2N2P 763 2.642 0.2960 0.7717
2N2P 764 2.713 0.2953 0.7826
2N2P 765 2.637 0.2973 0.7717
2N2P 766 2.552 0.3165 0.7717
2N2P 767 2.754 0.3034 0.7609
2N2P 768 2.700 0.2900 0.7717
2N2P 769 2.762 0.2845 0.7609
2N2P 770 2.819 0.2498 0.7500
2N2P 771 2.801 0.2584 0.7283
2N2P 772 2.747 0.2352 0.7283
2N2P 773 2.721 0.2436 0.7500
2N2P 774 2.712 0.2652 0.7500
2N2P 775 2.688 0.2998 0.7609
2N2P 776 2.753 0.3071 0.7717
2N2P 777 2.841 0.2913 0.7609
2N2P 778 2.659 0.2932 0.7717
2N2P 779 2.738 0.2681 0.7391
2N2P 780 2.663 0.2980 0.7500
2N2P 781 2.736 0.2991 0.7717
2N2P 782 2.687 0.3114 0.7717
2N2P 783 2.695 0.2809 0.7717
2N2P 784 2.729 0.2591 0.7609
2N2P 785 2.625 0.2884 0.7717
2N2P 786 2.535 0.2994 0.7717
2N2P 787 2.664 0.2842 0.7826
2N2P 788 2.828 0.2990 0.7717
2N2P 789 2.483 0.3110 0.7826
2N2P 790 2.496 0.2799 0.7826
2N2P 791 2.694 0.3134 0.7826
2N2P 792 2.622 0.2789 0.7609
2N2P 793 2.663 0.2718 0.7717
2N2P 794 2.682 0.2726 0.7500
2N2P 795 2.672 0.3000 0.7826
2N2P 796 2.650 0.2960 0.7609
2N2P 797 2.712 0.2894 0.7609
2N2P 798 2.833 0.3030 0.7609
2N2P 799 2.758 0.2930 0.7609
2N2P 800 2.647 0.3067 0.7826
2N2P 801 2.602 0.2840 0.7717
2N2P 802 2.593 0.2969 0.7826
2N2P 803 2.699 0.2912 0.7717
2N2P 804 2.713 0.2616 0.7500
2N2P 805 2.626 0.3016 0.7935
2N2P 806 2.614 0.3030 0.7717
2N2P 807 2.645 0.2799 0.7826
2N2P 808 2.609 0.3206 0.7826
2N2P 809 2.901 0.2798 0.7609
2N2P 810 2.729 0.2619 0.7391
2N2P 811 2.703 0.2882 0.7717
2N2P 812 2.735 0.2855 0.7500
2N2P 813 2.738 0.2878 0.7500
2N2P 814 2.732 0.2861 0.7609
2N2P 815 2.589 0.2659 0.7717
2N2P 816 2.660 0.2724 0.7500
2N2P 817 2.751 0.2879 0.7500
2N2P 818 2.795 0.2638 0.7500
2N2P 819 2.567 0.2921 0.7500
2N2P 820 2.841 0.2559 0.7609
2N2P 821 2.736 0.3011 0.7717
2N2P 822 2.684 0.3095 0.7935
2N2P 823 2.724 0.2725 0.7717
2N2P 824 2.761 0.3098 0.7826
2N2P 825 2.723 0.2774 0.7500
2N2P 826 2.701 0.2844 0.7717
2N2P 827 2.815 0.2792 0.7500
2N2P 828 2.720 0.3035 0.7826
2N2P 829 2.694 0.2947 0.7935
2N2P 830 2.730 0.2743 0.7609
2N2P 831 2.637 0.2629 0.7500
2N2P 832 2.824 0.2990 0.7609
2N2P 833 2.792 0.2920 0.7609
2N2P 834 2.754 0.2993 0.7717
2N2P 835 2.912 0.2951 0.7717
2N2P 836 2.708 0.2650 0.7500
2N2P 837 2.599 0.2911 0.7717
2N2P 838 2.520 0.3157 0.7826
2N2P 839 2.848 0.3167 0.7609
2N2P 840 2.762 0.2982 0.7826
2N2P 841 2.694 0.2895 0.7717
2N2P 842 2.894 0.2815 0.7609
2N2P 843 2.790 0.3102 0.7609
2N2P 844 2.915 0.3321 0.7826
2N2P 845 2.896 0.3022 0.7609
2N2P 846 2.991 0.3015 0.7609
2N2P 847 2.767 0.2756 0.7717
2N2P 848 2.805 0.2628 0.7283
2N2P 849 2.838 0.2721 0.7500
2N2P 850 2.764 0.2631 0.7500
2N2P 851 2.796 0.2442 0.7391
2N2P 852 2.867 0.2366 0.7391
2N2P 853 2.900 0.2216 0.7174
2N2P 854 2.943 0.1931 0.7065
2N2P 855 2.908 0.2038 0.7174
2N2P 856 2.975 0.2095 0.6957
2N2P 857 2.942 0.2124 0.6957
2N2P 858 2.864 0.2254 0.7065
2N2P 859 2.957 0.2186 0.7065
2N2P 860 3.087 0.1992 0.6739
2N2P 861 3.012 0.2474 0.7065
2N2P 862 3.030 0.2111 0.7065
2N2P 863 2.909 0.2423 0.6957
2N2P 864 2.967 0.2337 0.7174
2N2P 865 3.047 0.2206 0.7065
2N2P 866 3.027 0.2239 0.7174
2N2P 867 2.945 0.2151 0.7174
2N2P 868 2.887 0.2376 0.7283
2N2P 869 2.863 0.2025 0.7065
2N2P 870 2.993 0.2061 0.7065
2N2P 871 2.808 0.2187 0.7174
2N2P 872 2.865 0.2441 0.6957
2N2P 873 2.807 0.2339 0.7283
2N2P 874 2.832 0.2089 0.7391
2N2P 875 2.887 0.2116 0.6957
2N2P 876 2.927 0.2104 0.6957
2N2P 877 2.916 0.2318 0.7065
2N2P 878 2.844 0.2447 0.7283
2N2P 879 2.942 0.2069 0.6848
2N2P 880 2.931 0.2154 0.6957
2N2P 881 2.848 0.2451 0.6957
2N2P 882 3.038 0.2065 0.6957
2N2P 883 2.843 0.2432 0.7065
2N2P 884 2.925 0.2210 0.6957
2N2P 885 3.012 0.2229 0.7174
2N2P 886 2.883 0.2309 0.7174
2N2P 887 2.887 0.2410 0.7065
2N2P 888 2.961 0.2169 0.6957
2N2P 889 3.066 0.1944 0.6848
2N2P 890 2.844 0.2047 0.6957
2N2P 891 2.913 0.2524 0.7065
2N2P 892 2.900 0.2226 0.7065
2N2P 893 2.945 0.2248 0.6957
2N2P 894 3.035 0.2165 0.6848
2N2P 895 3.031 0.2274 0.7174
2N2P 896 2.976 0.2203 0.6957
2N2P 897 2.938 0.2485 0.7065
2N2P 898 2.973 0.2381 0.7283
2N2P 899 2.911 0.2063 0.6848
2N2P 900 2.793 0.2042 0.6957
2N2P 901 3.095 0.2276 0.6957
2N2P 902 2.803 0.2273 0.7174
2N2P 903 2.822 0.2423 0.7174
2N2P 904 3.047 0.2104 0.7065
2N2P 905 2.777 0.2694 0.7283
2N2P 906 2.915 0.2232 0.6957
2N2P 907 2.871 0.1994 0.6848
2N2P 908 2.866 0.2108 0.7065
2N2P 909 2.969 0.2151 0.6957
2N2P 910 2.997 0.2308 0.7065
2N2P 911 2.969 0.2065 0.6957
2N2P 912 3.007 0.1966 0.7065
2N2P 913 3.059 0.1770 0.6848
2N2P 914 2.997 0.2134 0.6848
2N2P 915 3.108 0.1972 0.6957
2N2P 916 3.064 0.2258 0.7174
2N2P 917 3.194 0.2305 0.7283
2N2P 918 3.250 0.2103 0.6848
2N2P 919 2.997 0.2269 0.7065
2N2P 920 3.026 0.2550 0.7391
2N2P 921 3.057 0.2097 0.6957
2N2P 922 3.060 0.2177 0.7174
2N2P 923 3.097 0.2045 0.7065
2N2P 924 3.097 0.2411 0.6957
2N2P 925 2.989 0.2185 0.6957
2N2P 926 3.171 0.2140 0.6957
2N2P 927 3.143 0.2175 0.7065
2N2P 928 3.079 0.2205 0.7065
2N2P 929 2.882 0.2255 0.6957
2N2P 930 3.078 0.2070 0.6957
2N2P 931 3.044 0.2030 0.6957
2N2P 932 3.124 0.1940 0.7065
2N2P 933 2.964 0.2194 0.7065
2N2P 934 3.182 0.1912 0.6957
2N2P 935 3.170 0.1905 0.7065
2N2P 936 3.113 0.1919 0.7065
2N2P 937 3.191 0.2377 0.7065
2N2P 938 3.078 0.2436 0.7391
2N2P 939 3.288 0.2014 0.7065
2N2P 940 2.994 0.2133 0.7065
2N2P 941 3.082 0.2106 0.7065
2N2P 942 3.338 0.2186 0.6739
2N2P 943 3.300 0.1819 0.6739
2N2P 944 3.064 0.2218 0.7065
2N2P 945 3.004 0.1873 0.6957
2N2P 946 3.250 0.1729 0.6848
2N2P 947 3.053 0.2264 0.7065
2N2P 948 3.023 0.1955 0.7065
2N2P 949 3.128 0.2304 0.7065
2N2P 950 3.086 0.2161 0.7065
2N2P 951 3.086 0.1970 0.7065
2N2P 952 3.108 0.2114 0.6957
2N2P 953 3.065 0.2010 0.6957
2N2P 954 3.024 0.2317 0.7174
2N2P 955 3.044 0.2225 0.7065
2N2P 956 3.050 0.1979 0.6957
2N2P 957 2.960 0.2112 0.7065
2N2P 958 2.966 0.2111 0.7174
2N2P 959 3.071 0.2060 0.6957
2N2P 960 3.133 0.2317 0.7174
2N2P 961 2.908 0.2194 0.7174
2N2P 962 3.180 0.2088 0.7065
2N2P 963 3.152 0.2010 0.6957
2N2P 964 2.967 0.2164 0.6957
2N2P 965 3.001 0.2094 0.6957
2N2P 966 2.943 0.2303 0.7174
2N2P 967 2.991 0.2000 0.6957
2N2P 968 3.054 0.2370 0.6957
2N2P 969 3.023 0.2190 0.7065
2N2P 970 2.982 0.2289 0.7065
2N2P 971 3.227 0.1790 0.7065
2N2P 972 3.166 0.2009 0.6848
2N2P 973 3.289 0.1750 0.6739
2N2P 974 3.091 0.1939 0.6848
2N2P 975 3.241 0.2042 0.6957
2N2P 976 3.126 0.2410 0.6739
2N2P 977 3.353 0.1986 0.6739
2N2P 978 3.262 0.2040 0.6630
2N2P 979 3.275 0.1942 0.6739
2N2P 980 3.184 0.1877 0.6848
2N2P 981 3.283 0.1867 0.6739
2N2P 982 3.166 0.2134 0.6739
2N2P 983 3.299 0.1888 0.6630
2N2P 984 3.211 0.1995 0.6957
2N2P 985 3.268 0.1838 0.6630
2N2P 986 3.239 0.1829 0.6957
2N2P 987 3.242 0.1693 0.6522
2N2P 988 3.195 0.1812 0.6739
2N2P 989 3.233 0.2348 0.7065
2N2P 990 3.200 0.1928 0.6630
2N2P 991 3.159 0.2226 0.6848
2N2P 992 3.282 0.1912 0.6739
2N2P 993 3.300 0.1944 0.6630
2N2P 994 3.287 0.1911 0.6739
2N2P 995 3.165 0.1673 0.6630
2N2P 996 3.292 0.2178 0.6848
2N2P 997 3.255 0.2046 0.6848
2N2P 998 3.148 0.2249 0.6957
2N2P 999 3.407 0.2045 0.6630
2N2P 1000 3.262 0.1906 0.6739
2N2P 1001 3.168 0.2105 0.6957
2N2P 1002 3.148 0.2391 0.6957
2N2P 1003 3.245 0.2298 0.6848
2N2P 1004 3.145 0.2019 0.6739
2N2P 1005 3.283 0.1903 0.6848
2N2P 1006 3.127 0.2049 0.6848
2N2P 1007 3.130 0.2136 0.6957
2N2P 1008 3.043 0.2160 0.6957
2N2P 1009 3.259 0.1951 0.6739
2N2P 1010 3.311 0.1837 0.6630
2N2P 1011 3.275 0.1739 0.6630
2N2P 1012 3.290 0.1969 0.6957
2N2P 1013 3.117 0.1881 0.6630
2N2P 1014 3.216 0.2228 0.6957
2N2P 1015 3.313 0.2030 0.6522
2N2P 1016 3.241 0.2159 0.6848
2N2P 1017 3.339 0.2068 0.6630
2N2P 1018 3.272 0.2076 0.6739
2N2P 1019 3.187 0.2013 0.6630
2N2P 1020 3.201 0.1840 0.6848
2N2P 1021 3.110 0.1937 0.6848
2N2P 1022 3.251 0.1788 0.6630
2N2P 1023 3.216 0.2089 0.6957
2N2P 1024 3.127 0.2221 0.6957
2N2P 1025 3.023 0.1974 0.6848
2N2P 1026 3.091 0.2100 0.6739
2N2P 1027 3.141 0.1827 0.6630
2N2P 1028 3.096 0.2082 0.6739
2N2P 1029 3.476 0.2200 0.6739
2N2P 1030 3.364 0.1909 0.6739
2N2P 1031 3.325 0.1717 0.6630
2N2P 1032 3.356 0.1817 0.6522
2N2P 1033 3.254 0.1895 0.6630
2N2P 1034 3.255 0.1827 0.6522
2N2P 1035 3.413 0.1765 0.6413
2N2P 1036 3.158 0.2204 0.6739
2N2P 1037 3.393 0.1939 0.6522
2N2P 1038 3.413 0.1945 0.6522
2N2P 1039 3.212 0.1977 0.6848
2N2P 1040 3.485 0.2017 0.6413
2N2P 1041 3.133 0.2018 0.6957
2N2P 1042 3.560 0.1763 0.6304
2N2P 1043 3.483 0.1968 0.6413
2N2P 1044 3.316 0.2056 0.6848
2N2P 1045 3.307 0.1985 0.6630
2N2P 1046 3.354 0.1504 0.6413
2N2P 1047 3.463 0.1845 0.6413
2N2P 1048 3.414 0.1803 0.6522
2N2P 1049 3.220 0.1922 0.6630
2N2P 1050 3.262 0.1963 0.6630
2N2P 1051 3.350 0.1913 0.6522
2N2P 1052 3.212 0.1816 0.6630
2N2P 1053 3.245 0.1794 0.6630
2N2P 1054 3.044 0.2193 0.6739
2N2P 1055 3.358 0.1968 0.6522
2N2P 1056 3.288 0.1958 0.6522
2N2P 1057 3.473 0.2045 0.6522
2N2P 1058 3.562 0.1944 0.6196
2N2P 1059 3.511 0.1883 0.6413
2N2P 1060 3.677 0.1823 0.6304
2N2P 1061 3.515 0.1922 0.6304
2N2P 1062 3.720 0.1892 0.6413
2N2P 1063 3.559 0.1925 0.6630
2N2P 1064 3.392 0.2090 0.6522
2N2P 1065 3.500 0.2182 0.6739
2N2P 1066 3.436 0.1707 0.6413
2N2P 1067 3.503 0.2020 0.6413
2N2P 1068 3.513 0.1920 0.6413
2N2P 1069 3.319 0.1952 0.6739
2N2P 1070 3.377 0.1941 0.6522
2N2P 1071 3.323 0.1869 0.6522
2N2P 1072 3.450 0.1625 0.6522
2N2P 1073 3.251 0.2036 0.6630
2N2P 1074 3.425 0.1829 0.6522
2N2P 1075 3.497 0.1838 0.6630
2N2P 1076 3.330 0.1563 0.6413
2N2P 1077 3.419 0.1864 0.6630
2N2P 1078 3.373 0.2025 0.6630
2N2P 1079 3.355 0.2007 0.6630
2N2P 1080 3.419 0.1757 0.6522
2N2P 1081 3.308 0.2071 0.6957
2N2P 1082 3.353 0.2106 0.6739
2N2P 1083 3.333 0.2000 0.6522
2N2P 1084 3.403 0.2076 0.6630
2N2P 1085 3.447 0.2066 0.6522
2N2P 1086 3.248 0.2166 0.6739
2N2P 1087 3.381 0.2141 0.6522
2N2P 1088 3.486 0.2101 0.6739
2N2P 1089 3.400 0.2051 0.6522
2N2P 1090 3.269 0.1819 0.6739
2N2P 1091 3.419 0.2235 0.6739
2N2P 1092 3.388 0.1898 0.6522
2N2P 1093 3.226 0.2225 0.6848
2N2P 1094 3.262 0.2455 0.7174
2N2P 1095 3.214 0.2112 0.6739
2N2P 1096 3.403 0.1946 0.6739
2N2P 1097 3.315 0.1968 0.6522
2N2P 1098 3.327 0.1994 0.6739
2N2P 1099 3.138 0.2076 0.6848
2N2P 1100 3.225 0.1801 0.6630
2N2P 1101 3.166 0.2197 0.6522
2N2P 1102 3.255 0.2257 0.7065
2N2P 1103 3.280 0.2188 0.6848
2N2P 1104 3.169 0.2021 0.6739
2N2P 1105 3.272 0.2075 0.6957
2N2P 1106 3.068 0.2269 0.6957
2N2P 1107 3.189 0.2034 0.6848
2N2P 1108 3.215 0.2231 0.7174
2N2P 1109 3.024 0.2129 0.6957
2N2P 1110 3.201 0.2097 0.6848
2N2P 1111 3.138 0.1964 0.7065
2N2P 1112 3.222 0.2113 0.6848
2N2P 1113 3.331 0.2326 0.6630
2N2P 1114 3.313 0.2016 0.6739
2N2P 1115 3.255 0.1856 0.6739
2N2P 1116 3.110 0.1776 0.6739
2N2P 1117 3.233 0.2218 0.6739
2N2P 1118 3.340 0.1849 0.6413
2N2P 1119 3.127 0.1800 0.6739
2N2P 1120 3.369 0.1820 0.6413
2N2P 1121 3.172 0.1813 0.6848
2N2P 1122 3.256 0.1938 0.6630
2N2P 1123 3.240 0.2095 0.6522
2N2P 1124 3.275 0.1888 0.6848
2N2P 1125 3.274 0.2069 0.6739
2N2P 1126 3.119 0.2015 0.6739
2N2P 1127 3.547 0.1960 0.6413
2N2P 1128 3.316 0.1778 0.6522
2N2P 1129 3.276 0.2058 0.6739
2N2P 1130 3.299 0.1821 0.6739
2N2P 1131 3.336 0.1900 0.6522
2N2P 1132 3.259 0.2066 0.6739
2N2P 1133 3.320 0.1868 0.6630
2N2P 1134 3.351 0.1843 0.6630
2N2P 1135 3.387 0.1811 0.6522
2N2P 1136 3.331 0.2024 0.6739
2N2P 1137 3.226 0.1941 0.6630
2N2P 1138 3.163 0.2021 0.6630
2N2P 1139 3.478 0.2029 0.6413
2N2P 1140 3.036 0.2116 0.6957
2N2P 1141 3.252 0.2152 0.6739
2N2P 1142 3.140 0.2128 0.6957
2N2P 1143 3.181 0.2052 0.6848
2N2P 1144 3.307 0.2220 0.6848
2N2P 1145 3.200 0.2272 0.6739
2N2P 1146 3.145 0.2294 0.6957
2N2P 1147 3.302 0.2104 0.6848
2N2P 1148 3.020 0.2199 0.6957
2N2P 1149 3.205 0.2191 0.6957
2N2P 1150 3.462 0.1956 0.6196
2N2P 1151 3.098 0.1938 0.6739
2N2P 1152 3.289 0.1863 0.6522
2N2P 1153 3.351 0.1938 0.6413
2N2P 1154 3.478 0.1911 0.6522
2N2P 1155 3.341 0.1817 0.6522
2N2P 1156 3.177 0.2230 0.6848
2N2P 1157 3.318 0.1858 0.6630
2N2P 1158 2.959 0.1980 0.6848
2N2P 1159 3.293 0.2030 0.6630
2N2P 1160 3.291 0.1890 0.6848
2N2P 1161 3.223 0.2178 0.6848
2N2P 1162 3.140 0.1977 0.6739
2N2P 1163 3.282 0.2109 0.6848
2N2P 1164 3.249 0.2078 0.6522
2N2P 1165 3.248 0.1941 0.6522
2N2P 1166 3.209 0.2021 0.6739
2N2P 1167 3.049 0.2269 0.6739
2N2P 1168 3.295 0.1990 0.6630
2N2P 1169 3.296 0.1903 0.6739
2N2P 1170 3.266 0.1811 0.6630
2N2P 1171 3.130 0.2158 0.6848
2N2P 1172 3.257 0.2088 0.6739
2N2P 1173 3.358 0.2022 0.6848
2N2P 1174 3.275 0.2111 0.6739
2N2P 1175 3.207 0.2037 0.6630
2N2P 1176 3.312 0.2202 0.6739
2N2P 1177 3.298 0.2255 0.6848
2N2P 1178 3.206 0.2034 0.6848
2N2P 1179 3.269 0.2149 0.6739
2N2P 1180 3.316 0.1869 0.6739
2N2P 1181 3.241 0.1932 0.6630
2N2P 1182 3.373 0.1842 0.6630
2N2P 1183 3.405 0.1993 0.6630
2N2P 1184 3.381 0.1861 0.6522
2N2P 1185 3.175 0.1765 0.6522
2N2P 1186 3.398 0.1959 0.6739
2N2P 1187 3.229 0.2133 0.6848
2N2P 1188 3.262 0.2093 0.6522
2N2P 1189 3.377 0.1989 0.6630
2N2P 1190 3.361 0.2162 0.6739
2N2P 1191 3.241 0.2111 0.6739
2N2P 1192 3.622 0.1827 0.6413
2N2P 1193 3.611 0.1960 0.6413
2N2P 1194 3.354 0.1865 0.6630
2N2P 1195 3.574 0.2221 0.6739
2N2P 1196 3.442 0.1992 0.6522
2N2P 1197 3.741 0.2034 0.6630
2N2P 1198 3.726 0.1780 0.6522
2N2P 1199 3.646 0.2128 0.6522
2N2P 1200 3.551 0.1885 0.6630
2N2P 1201 3.169 0.1808 0.6739
2N2P 1202 3.555 0.1781 0.6522
2N2P 1203 3.520 0.2030 0.6630
2N2P 1204 3.369 0.2391 0.7065
2N2P 1205 3.832 0.2104 0.6413
2N2P 1206 3.267 0.1966 0.6630
2N2P 1207 3.508 0.1761 0.6522
2N2P 1208 3.572 0.2305 0.6630
2N2P 1209 3.476 0.1995 0.6739
2N2P 1210 3.479 0.1979 0.6739
2N2P 1211 3.609 0.2020 0.6630
2N2P 1212 3.406 0.2257 0.7065
2N2P 1213 3.618 0.1618 0.6522
2N2P 1214 3.361 0.1979 0.6848
2N2P 1215 3.382 0.2018 0.6848
2N2P 1216 3.510 0.2044 0.6739
2N2P 1217 3.419 0.1996 0.6413
2N2P 1218 3.583 0.1705 0.6630
2N2P 1219 3.427 0.2045 0.6630
2N2P 1220 3.593 0.2128 0.6739
2N2P 1221 3.201 0.2222 0.6957
2N2P 1222 3.564 0.1849 0.6630
2N2P 1223 3.414 0.1965 0.6739
2N2P 1224 3.339 0.2216 0.6957
2N2P 1225 3.538 0.2175 0.6848
2N2P 1226 3.430 0.1919 0.6522
2N2P 1227 3.472 0.1970 0.6739
2N2P 1228 3.257 0.2165 0.6848
2N2P 1229 3.477 0.1829 0.6630
2N2P 1230 3.460 0.1887 0.6739
2N2P 1231 3.411 0.1983 0.6848
2N2P 1232 3.456 0.1926 0.6413
2N2P 1233 3.377 0.1822 0.6630
2N2P 1234 3.276 0.1756 0.6739
2N2P 1235 3.184 0.2106 0.6848
2N2P 1236 3.139 0.1992 0.6957
2N2P 1237 3.259 0.2079 0.6957
2N2P 1238 3.313 0.2011 0.6630
2N2P 1239 3.258 0.2071 0.6739
2N2P 1240 3.358 0.2170 0.6957
2N2P 1241 3.213 0.1938 0.6413
2N2P 1242 3.090 0.1703 0.6630
2N2P 1243 3.329 0.1806 0.6630
2N2P 1244 3.173 0.1669 0.6630
2N2P 1245 3.598 0.1880 0.6630
2N2P 1246 3.429 0.1954 0.6739
2N2P 1247 3.447 0.2032 0.6739
2N2P 1248 3.589 0.1858 0.6630
2N2P 1249 3.503 0.1915 0.6630
2N2P 1250 3.608 0.1898 0.6630
2N2P 1251 3.384 0.1787 0.6630
2N2P 1252 3.569 0.2097 0.6848
2N2P 1253 3.524 0.2156 0.6848
2N2P 1254 3.414 0.1789 0.6739
2N2P 1255 3.509 0.1876 0.6630
2N2P 1256 3.479 0.1871 0.6630
2N2P 1257 3.444 0.2219 0.6848
2N2P 1258 3.388 0.2011 0.6630
2N2P 1259 3.438 0.1952 0.6630
2N2P 1260 3.216 0.1876 0.6630
2N2P 1261 3.404 0.2426 0.7065
2N2P 1262 3.325 0.1883 0.6522
2N2P 1263 3.382 0.1851 0.6413
2N2P 1264 3.491 0.1931 0.6630
2N2P 1265 3.244 0.1929 0.6848
2N2P 1266 3.433 0.1890 0.6522
2N2P 1267 3.458 0.1915 0.6522
2N2P 1268 3.357 0.2152 0.6630
2N2P 1269 3.544 0.2217 0.6522
2N2P 1270 3.389 0.1931 0.6630
2N2P 1271 3.355 0.2194 0.6739
2N2P 1272 3.590 0.2247 0.6522
2N2P 1273 3.315 0.2283 0.6630
2N2P 1274 3.322 0.2161 0.6739
2N2P 1275 3.294 0.2175 0.6522
2N2P 1276 3.581 0.1945 0.6413
2N2P 1277 3.246 0.2075 0.6848
2N2P 1278 3.276 0.2334 0.6739
2N2P 1279 3.142 0.2113 0.6630
2N2P 1280 3.273 0.2029 0.6739
2N2P 1281 3.341 0.1824 0.6630
2N2P 1282 3.281 0.2173 0.6630
2N2P 1283 3.299 0.1943 0.6630
2N2P 1284 3.122 0.2188 0.7065
2N2P 1285 3.534 0.2016 0.6630
2N2P 1286 3.214 0.2324 0.6739
2N2P 1287 3.243 0.1777 0.6413
2N2P 1288 3.207 0.2011 0.6630
2N2P 1289 3.134 0.1970 0.6630
2N2P 1290 3.153 0.2100 0.6739
2N2P 1291 3.165 0.2101 0.6848
2N2P 1292 3.152 0.2432 0.6957
2N2P 1293 3.153 0.2044 0.6848
2N2P 1294 2.980 0.2000 0.6848
2N2P 1295 3.251 0.2160 0.6739
2N2P 1296 3.059 0.2251 0.6848
2N2P 1297 3.191 0.2145 0.6739
2N2P 1298 3.297 0.1963 0.6522
2N2P 1299 3.130 0.2021 0.6848
2N2P 1300 3.216 0.1997 0.6957
2N2P 1301 3.164 0.1967 0.6522
2N2P 1302 3.260 0.2052 0.6739
2N2P 1303 3.164 0.1931 0.6630
2N2P 1304 3.183 0.2250 0.6630
2N2P 1305 3.130 0.2026 0.6522
2N2P 1306 3.104 0.2266 0.7065
2N2P 1307 3.191 0.1988 0.6739
2N2P 1308 3.130 0.1973 0.6957
2N2P 1309 3.205 0.2200 0.6522
2N2P 1310 3.182 0.2437 0.6630
2N2P 1311 3.010 0.2722 0.6848
2N2P 1312 3.400 0.1967 0.6630
2N2P 1313 3.487 0.1947 0.6522
2N2P 1314 3.273 0.2035 0.6739
2N2P 1315 3.109 0.2347 0.7174
2N2P 1316 3.460 0.2058 0.6522
2N2P 1317 2.920 0.1775 0.7065
2N2P 1318 3.191 0.1940 0.6739
2N2P 1319 3.149 0.2095 0.6957
2N2P 1320 3.358 0.2003 0.6739
2N2P 1321 3.131 0.2022 0.6848
2N2P 1322 3.113 0.2223 0.6739
2N2P 1323 3.204 0.2101 0.6630
2N2P 1324 3.333 0.2009 0.6630
2N2P 1325 3.191 0.2295 0.6630
2N2P 1326 3.413 0.1865 0.6630
2N2P 1327 3.177 0.2246 0.6522
2N2P 1328 3.383 0.2036 0.6630
2N2P 1329 3.561 0.1874 0.6304
2N2P 1330 3.255 0.1881 0.6413
2N2P 1331 3.233 0.1841 0.6522
2N2P 1332 3.185 0.1816 0.6522
2N2P 1333 3.274 0.2071 0.6522
2N2P 1334 3.247 0.2005 0.6522
2N2P 1335 3.085 0.2253 0.6522
2N2P 1336 3.549 0.1723 0.6413
2N2P 1337 3.074 0.1941 0.6630
2N2P 1338 3.058 0.1854 0.6630
2N2P 1339 3.193 0.1780 0.6848
2N2P 1340 2.949 0.2160 0.6739
2N2P 1341 3.282 0.1876 0.6413
2N2P 1342 3.293 0.2008 0.6522
2N2P 1343 3.305 0.1827 0.6522
2N2P 1344 3.356 0.2132 0.6522
2N2P 1345 3.322 0.2065 0.6413
2N2P 1346 3.108 0.1838 0.6630
2N2P 1347 3.124 0.1875 0.6522
2N2P 1348 3.321 0.1860 0.6413
2N2P 1349 3.026 0.1960 0.6630
2N2P 1350 3.003 0.2232 0.6957
2N2P 1351 3.053 0.2061 0.6522
2N2P 1352 3.222 0.1991 0.6630
2N2P 1353 3.062 0.2065 0.6848
2N2P 1354 3.188 0.1964 0.6522
2N2P 1355 3.023 0.2049 0.6630
2N2P 1356 3.101 0.1939 0.6848
2N2P 1357 2.778 0.2156 0.6848
2N2P 1358 2.890 0.1887 0.6522
2N2P 1359 2.909 0.2006 0.6848
2N2P 1360 3.089 0.1823 0.6522
2N2P 1361 3.074 0.1795 0.6630
2N2P 1362 2.971 0.2410 0.6848
2N2P 1363 2.953 0.2162 0.6848
2N2P 1364 2.775 0.2053 0.6630
2N2P 1365 3.211 0.2040 0.6522
2N2P 1366 3.183 0.2196 0.6630
2N2P 1367 2.952 0.2043 0.6848
2N2P 1368 2.894 0.1921 0.6848
2N2P 1369 2.946 0.1661 0.6522
2N2P 1370 3.019 0.2172 0.6630
2N2P 1371 2.738 0.2380 0.6957
2N2P 1372 3.231 0.1916 0.6522
2N2P 1373 3.214 0.2212 0.6630
2N2P 1374 3.163 0.2242 0.6739
2N2P 1375 3.262 0.2254 0.6522
2N2P 1376 3.272 0.1817 0.6630
2N2P 1377 3.181 0.2002 0.6739
2N2P 1378 3.186 0.1970 0.6739
2N2P 1379 2.946 0.2044 0.6739
2N2P 1380 3.090 0.1713 0.6413
2N2P 1381 3.188 0.1778 0.6522
2N2P 1382 3.357 0.1927 0.6413
2N2P 1383 3.240 0.1855 0.6522
2N2P 1384 3.023 0.1943 0.6957
2N2P 1385 2.994 0.2003 0.6522
2N2P 1386 3.076 0.2080 0.6522
2N2P 1387 3.139 0.2071 0.6522
2N2P 1388 3.312 0.1980 0.6413
2N2P 1389 3.412 0.2083 0.6304
2N2P 1390 3.399 0.1975 0.6413
2N2P 1391 3.093 0.2087 0.6522
2N2P 1392 3.320 0.2014 0.6522
2N2P 1393 3.246 0.2279 0.6413
2N2P 1394 3.232 0.1921 0.6522
2N2P 1395 3.480 0.2186 0.6304
2N2P 1396 2.967 0.2013 0.6739
2N2P 1397 3.029 0.1931 0.6522
2N2P 1398 2.930 0.1956 0.6630
2N2P 1399 3.163 0.2164 0.6522
2N2P 1400 3.145 0.2014 0.6522
2N2P 1401 3.095 0.2096 0.6630
2N2P 1402 2.931 0.2150 0.6739
2N2P 1403 2.908 0.1974 0.6630
2N2P 1404 3.098 0.2128 0.6848
2N2P 1405 2.912 0.1994 0.6630
2N2P 1406 3.028 0.2043 0.6630
2N2P 1407 3.180 0.2216 0.6522
2N2P 1408 3.112 0.1960 0.6413
2N2P 1409 3.274 0.1771 0.6522
2N2P 1410 2.810 0.2407 0.6957
2N2P 1411 2.999 0.2124 0.6630
2N2P 1412 3.238 0.1847 0.6413
2N2P 1413 3.342 0.1839 0.6413
2N2P 1414 3.078 0.2228 0.6522
2N2P 1415 3.001 0.1878 0.6630
2N2P 1416 2.936 0.1914 0.6630
2N2P 1417 3.204 0.2483 0.6522
2N2P 1418 3.195 0.2100 0.6630
2N2P 1419 3.283 0.1968 0.6522
2N2P 1420 3.162 0.1850 0.6522
2N2P 1421 3.286 0.1787 0.6522
2N2P 1422 3.184 0.1838 0.6413
2N2P 1423 3.208 0.2235 0.6630
2N2P 1424 3.116 0.2108 0.6739
2N2P 1425 2.740 0.2208 0.7065
2N2P 1426 3.195 0.1924 0.6522
2N2P 1427 3.108 0.1774 0.6413
2N2P 1428 3.279 0.2250 0.6522
2N2P 1429 3.374 0.2119 0.6522
2N2P 1430 3.151 0.2096 0.6522
2N2P 1431 3.328 0.1906 0.6522
2N2P 1432 3.291 0.2148 0.6522
2N2P 1433 3.545 0.1945 0.6413
2N2P 1434 3.415 0.1854 0.6413
2N2P 1435 2.899 0.2479 0.6739
2N2P 1436 3.156 0.2300 0.6630
2N2P 1437 3.124 0.2030 0.6522
2N2P 1438 3.005 0.2591 0.6739
2N2P 1439 2.987 0.2352 0.6848
2N2P 1440 2.936 0.2217 0.6739
2N2P 1441 2.846 0.2005 0.6630
2N2P 1442 3.026 0.2056 0.6630
2N2P 1443 2.988 0.2071 0.6739
2N2P 1444 2.872 0.2311 0.6957
2N2P 1445 2.883 0.1979 0.6957
2N2P 1446 2.918 0.2496 0.6739
2N2P 1447 2.860 0.2317 0.6630
2N2P 1448 3.118 0.1968 0.6522
2N2P 1449 3.114 0.2662 0.6848
2N2P 1450 3.329 0.2190 0.6630
2N2P 1451 3.250 0.2070 0.6522
2N2P 1452 3.493 0.1911 0.6413
2N2P 1453 3.415 0.2332 0.6413
2N2P 1454 3.184 0.2368 0.6630
2N2P 1455 3.304 0.2255 0.6413
2N2P 1456 3.538 0.1860 0.6413
2N2P 1457 3.612 0.1967 0.6522
2N2P 1458 3.303 0.2190 0.6304
2N2P 1459 3.161 0.2229 0.6739
2N2P 1460 3.150 0.2083 0.6522
2N2P 1461 3.066 0.2407 0.6739
2N2P 1462 3.093 0.2145 0.6739
2N2P 1463 2.873 0.2134 0.6630
2N2P 1464 3.036 0.2175 0.6630
2N2P 1465 2.896 0.2582 0.6957
2N2P 1466 3.155 0.2000 0.6522
2N2P 1467 3.026 0.2235 0.6848
2N2P 1468 2.992 0.2516 0.6739
2N2P 1469 2.838 0.2297 0.6630
2N2P 1470 3.303 0.2152 0.6630
2N2P 1471 2.923 0.2108 0.6848
2N2P 1472 3.360 0.1894 0.6522
2N2P 1473 3.124 0.1902 0.6630
2N2P 1474 2.756 0.2308 0.6848
2N2P 1475 2.561 0.2274 0.7174
2N2P 1476 2.515 0.2141 0.7283
2N2P 1477 2.735 0.1946 0.6957
2N2P 1478 2.880 0.2130 0.6630
2N2P 1479 2.993 0.2161 0.6630
2N2P 1480 2.837 0.2215 0.6957
2N2P 1481 2.981 0.2035 0.6848
2N2P 1482 3.026 0.2216 0.6848
2N2P 1483 3.119 0.1980 0.6739
2N2P 1484 2.951 0.2346 0.6848
2N2P 1485 3.251 0.1910 0.6630
2N2P 1486 2.778 0.1964 0.7065
2N2P 1487 3.276 0.1945 0.6630
2N2P 1488 2.950 0.2425 0.7065
2N2P 1489 2.984 0.2114 0.6848
2N2P 1490 3.085 0.2133 0.6522
2N2P 1491 2.863 0.1991 0.6739
2N2P 1492 2.861 0.2130 0.6630
2N2P 1493 3.001 0.2424 0.6739
2N2P 1494 2.537 0.2573 0.7283
2N2P 1495 3.177 0.2155 0.6522
2N2P 1496 3.187 0.2071 0.6630
2N2P 1497 3.104 0.2320 0.6739
2N2P 1498 2.988 0.2062 0.6739
2N2P 1499 3.063 0.2130 0.6739
2N2P 1500 2.736 0.2216 0.7065
2N2P 1501 2.906 0.2328 0.6739
2N2P 1502 3.009 0.2154 0.6630
2N2P 1503 3.031 0.2029 0.6739
2N2P 1504 3.175 0.2227 0.6630
2N2P 1505 3.093 0.1928 0.6522
2N2P 1506 3.091 0.2142 0.6739
2N2P 1507 3.070 0.1959 0.6739
2N2P 1508 2.940 0.2143 0.6630
2N2P 1509 3.272 0.2098 0.6522
2N2P 1510 3.415 0.2065 0.6413
2N2P 1511 3.216 0.2096 0.6630
2N2P 1512 3.055 0.2117 0.6630
2N2P 1513 3.333 0.1758 0.6413
2N2P 1514 3.330 0.2080 0.6630
2N2P 1515 3.221 0.1908 0.6522
2N2P 1516 3.294 0.1787 0.6522
2N2P 1517 2.824 0.2044 0.6739
2N2P 1518 3.062 0.1794 0.6304
2N2P 1519 3.479 0.2281 0.6304
2N2P 1520 2.869 0.1913 0.6739
2N2P 1521 3.173 0.1907 0.6522
2N2P 1522 3.174 0.1989 0.6739
2N2P 1523 3.285 0.2009 0.6304
2N2P 1524 3.227 0.2046 0.6522
2N2P 1525 3.484 0.2082 0.6304
2N2P 1526 3.303 0.1930 0.6522
2N2P 1527 3.166 0.1966 0.6630
2N2P 1528 3.288 0.1632 0.6522
2N2P 1529 3.362 0.1822 0.6413
2N2P 1530 3.321 0.1811 0.6522
2N2P 1531 3.485 0.1998 0.6413
2N2P 1532 3.125 0.2031 0.6739
2N2P 1533 2.988 0.1808 0.6630
2N2P 1534 3.019 0.1822 0.6630
2N2P 1535 2.963 0.2109 0.6630
2N2P 1536 3.229 0.1740 0.6413
2N2P 1537 3.134 0.2179 0.6522
2N2P 1538 3.194 0.2440 0.6522
2N2P 1539 3.439 0.2130 0.6522
2N2P 1540 3.490 0.1757 0.6413
2N2P 1541 3.250 0.2055 0.6413
2N2P 1542 3.344 0.1942 0.6413
2N2P 1543 3.318 0.1888 0.6413
2N2P 1544 3.291 0.1999 0.6413
2N2P 1545 3.422 0.2036 0.6413
2N2P 1546 3.270 0.1798 0.6522
2N2P 1547 3.122 0.2294 0.6630
2N2P 1548 3.293 0.2177 0.6630
2N2P 1549 2.739 0.2260 0.6957
2N2P 1550 2.816 0.2162 0.6848
2N2P 1551 2.917 0.2167 0.6739
2N2P 1552 2.937 0.2237 0.6957
2N2P 1553 2.811 0.1980 0.6957
2N2P 1554 3.235 0.1869 0.6522
2N2P 1555 3.059 0.2002 0.6739
2N2P 1556 3.189 0.1942 0.6522
2N2P 1557 2.630 0.2027 0.7065
2N2P 1558 3.208 0.2070 0.6630
2N2P 1559 2.897 0.2133 0.6848
2N2P 1560 3.209 0.2087 0.6630
2N2P 1561 3.304 0.2297 0.6739
2N2P 1562 3.221 0.2077 0.6848
2N2P 1563 3.258 0.2221 0.6630
2N2P 1564 3.115 0.1946 0.6739
2N2P 1565 3.271 0.2124 0.6848
2N2P 1566 3.291 0.1896 0.6630
2N2P 1567 3.437 0.1949 0.6413
2N2P 1568 3.489 0.1955 0.6304
2N2P 1569 3.473 0.1997 0.6522
2N2P 1570 3.372 0.2179 0.6739
2N2P 1571 3.441 0.1935 0.6630
2N2P 1572 3.105 0.2433 0.6630
2N2P 1573 3.105 0.1883 0.6630
2N2P 1574 3.180 0.1902 0.6522
2N2P 1575 3.260 0.1770 0.6304
2N2P 1576 3.193 0.1986 0.6739
2N2P 1577 3.068 0.2000 0.6630
2N2P 1578 3.111 0.1870 0.6630
2N2P 1579 3.289 0.2319 0.6630
2N2P 1580 3.107 0.2161 0.6304
2N2P 1581 3.118 0.1920 0.6522
2N2P 1582 3.385 0.1807 0.6630
2N2P 1583 3.669 0.1801 0.6413
2N2P 1584 3.244 0.2277 0.6739
2N2P 1585 3.300 0.1738 0.6413
2N2P 1586 3.477 0.1824 0.6196
2N2P 1587 3.258 0.2069 0.6413
2N2P 1588 3.346 0.2149 0.6522
2N2P 1589 3.312 0.2033 0.6630
2N2P 1590 2.960 0.2330 0.6739
2N2P 1591 3.042 0.2228 0.6957
2N2P 1592 3.078 0.2098 0.6739
2N2P 1593 3.243 0.1845 0.6522
2N2P 1594 3.470 0.1990 0.6413
2N2P 1595 3.114 0.1967 0.6739
2N2P 1596 3.566 0.2058 0.6087
2N2P 1597 3.443 0.2023 0.6413
2N2P 1598 3.328 0.1961 0.6630
2N2P 1599 3.154 0.1795 0.6522
2N2P 1600 3.142 0.1629 0.6413
2N2P 1601 3.522 0.1938 0.6196
2N2P 1602 3.425 0.1843 0.6196
2N2P 1603 3.266 0.1866 0.6413
2N2P 1604 3.207 0.1903 0.6630
2N2P 1605 3.092 0.1905 0.6630
2N2P 1606 3.094 0.1873 0.6739
2N2P 1607 3.345 0.1826 0.6630
2N2P 1608 3.374 0.1779 0.6630
2N2P 1609 3.239 0.1740 0.6304
2N2P 1610 3.094 0.2015 0.7065
2N2P 1611 3.519 0.1991 0.6413
2N2P 1612 3.202 0.1926 0.6522
2N2P 1613 3.279 0.1758 0.6522
2N2P 1614 3.307 0.1953 0.6522
2N2P 1615 3.062 0.1956 0.6522
2N2P 1616 3.139 0.2342 0.6848
2N2P 1617 3.061 0.1886 0.6522
