2LV0 1 0.000 1.0000 1.0000
2LV0 2 1.081 0.5714 0.9063
2LV0 3 1.298 0.5568 0.9375
2LV0 4 0.865 0.6486 0.9583
2LV0 5 1.619 0.4717 0.8750
2LV0 6 1.128 0.5692 0.9271
2LV0 7 1.773 0.4464 0.8438
2LV0 8 2.326 0.4515 0.8438
2LV0 9 1.601 0.5851 0.8958
2LV0 10 1.325 0.4647 0.9271
2LV0 11 2.194 0.4865 0.8333
2LV0 12 5.346 0.2483 0.6250
2LV0 13 9.222 0.1172 0.3333
2LV0 14 6.636 0.1838 0.4375
2LV0 15 7.358 0.1991 0.5000
2LV0 16 7.581 0.1115 0.4063
2LV0 17 4.278 0.3598 0.7813
2LV0 18 10.139 0.1394 0.3438
2LV0 19 7.730 0.1694 0.4896
2LV0 20 9.825 0.1605 0.3854
2LV0 21 10.042 0.2349 0.5313
2LV0 22 3.975 0.2990 0.7188
2LV0 23 9.068 0.2168 0.4479
2LV0 24 10.254 0.1305 0.3646
2LV0 25 7.405 0.1679 0.4479
2LV0 26 7.511 0.2255 0.5104
2LV0 27 7.303 0.2337 0.5104
2LV0 28 3.328 0.3108 0.7083
2LV0 29 5.171 0.1906 0.5625
2LV0 30 9.779 0.2397 0.5313
2LV0 31 12.301 0.1641 0.3750
2LV0 32 9.886 0.1285 0.3333
2LV0 33 5.526 0.2449 0.6563
2LV0 34 3.634 0.2491 0.6458
2LV0 35 5.110 0.2881 0.6250
2LV0 36 3.724 0.2133 0.6354
2LV0 37 7.421 0.2632 0.5833
2LV0 38 2.691 0.3336 0.7292
2LV0 39 4.515 0.2958 0.6771
2LV0 40 13.581 0.1155 0.3229
2LV0 41 9.532 0.2996 0.5938
2LV0 42 2.861 0.3101 0.7500
2LV0 43 4.886 0.2176 0.6042
2LV0 44 4.430 0.2314 0.5938
2LV0 45 7.913 0.2199 0.5625
2LV0 46 3.919 0.1981 0.6458
2LV0 47 4.356 0.2673 0.6771
2LV0 48 4.742 0.2610 0.6250
2LV0 49 5.090 0.3005 0.6354
2LV0 50 2.401 0.3440 0.7708
2LV0 51 1.906 0.3212 0.8021
2LV0 52 11.618 0.1529 0.3333
2LV0 53 11.840 0.1615 0.3958
2LV0 54 11.763 0.1369 0.3646
2LV0 55 9.799 0.1664 0.3333
2LV0 56 7.110 0.1321 0.3958
2LV0 57 11.122 0.1593 0.3750
2LV0 58 9.875 0.1678 0.3750
2LV0 59 9.673 0.1969 0.4896
2LV0 60 9.148 0.1786 0.4792
2LV0 61 10.109 0.1884 0.4063
2LV0 62 11.915 0.2123 0.4271
2LV0 63 8.358 0.1816 0.4792
2LV0 64 3.945 0.2424 0.6458
2LV0 65 8.264 0.2115 0.4688
2LV0 66 7.989 0.1952 0.4479
2LV0 67 3.769 0.2591 0.6458
2LV0 68 5.204 0.2850 0.6667
2LV0 69 6.013 0.1667 0.4792
2LV0 70 5.707 0.2191 0.5208
2LV0 71 6.823 0.1693 0.4792
2LV0 72 5.418 0.2526 0.6250
2LV0 73 11.308 0.2096 0.4375
2LV0 74 9.434 0.1533 0.4063
2LV0 75 8.529 0.2058 0.4792
2LV0 76 6.253 0.2601 0.5938
2LV0 77 4.082 0.3607 0.7708
2LV0 78 5.699 0.3020 0.6667
2LV0 79 4.901 0.2268 0.6458
2LV0 80 2.982 0.2658 0.7188
2LV0 81 4.138 0.2545 0.6458
2LV0 82 3.028 0.3103 0.7188
2LV0 83 2.540 0.3492 0.7708
2LV0 84 2.359 0.3224 0.7396
2LV0 85 10.429 0.1641 0.4375
2LV0 86 7.885 0.1962 0.4896
2LV0 87 3.372 0.2955 0.7500
2LV0 88 4.555 0.3113 0.7083
2LV0 89 3.017 0.3562 0.7604
2LV0 90 4.597 0.2310 0.6458
2LV0 91 2.978 0.3189 0.7604
2LV0 92 12.724 0.1305 0.2604
2LV0 93 8.840 0.1779 0.4375
2LV0 94 10.796 0.1380 0.3438
2LV0 95 11.393 0.1018 0.3229
2LV0 96 12.331 0.1831 0.4375
2LV0 97 8.006 0.1605 0.4271
2LV0 98 5.011 0.2769 0.6458
2LV0 99 7.461 0.1552 0.3958
2LV0 100 15.108 0.1281 0.3333
2LV0 101 12.805 0.1833 0.3646
2LV0 102 9.237 0.1425 0.3958
2LV0 103 6.804 0.2067 0.5833
2LV0 104 12.736 0.1595 0.4063
2LV0 105 8.373 0.1744 0.4479
2LV0 106 8.416 0.1987 0.5104
2LV0 107 9.074 0.2069 0.4375
2LV0 108 7.258 0.2445 0.5625
2LV0 109 8.499 0.1707 0.4271
2LV0 110 7.040 0.2063 0.5000
2LV0 111 6.375 0.1737 0.4688
2LV0 112 8.430 0.1762 0.4271
2LV0 113 3.698 0.3442 0.7083
2LV0 114 3.434 0.2796 0.6979
2LV0 115 12.277 0.1526 0.4063
2LV0 116 6.905 0.1784 0.5208
2LV0 117 6.840 0.1956 0.5104
2LV0 118 2.110 0.2695 0.7500
2LV0 119 3.899 0.1622 0.5521
2LV0 120 3.912 0.1931 0.6042
2LV0 121 2.989 0.3036 0.7292
2LV0 122 3.732 0.3296 0.7292
2LV0 123 4.248 0.1919 0.6458
2LV0 124 5.078 0.2157 0.6146
2LV0 125 2.639 0.2691 0.7188
2LV0 126 2.927 0.3090 0.7396
2LV0 127 3.969 0.2975 0.6667
2LV0 128 2.685 0.2436 0.6875
2LV0 129 2.435 0.4555 0.8333
2LV0 130 2.036 0.3248 0.7813
2LV0 131 2.681 0.3851 0.8125
2LV0 132 9.595 0.1120 0.3750
2LV0 133 9.694 0.1023 0.3542
2LV0 134 4.008 0.2998 0.6667
2LV0 135 10.855 0.1144 0.3750
2LV0 136 8.273 0.1454 0.4167
2LV0 137 13.415 0.1227 0.3229
2LV0 138 10.186 0.2151 0.4792
2LV0 139 10.788 0.1698 0.4063
2LV0 140 4.045 0.2729 0.6771
2LV0 141 10.332 0.2565 0.5625
2LV0 142 3.293 0.2612 0.6563
2LV0 143 11.647 0.1195 0.3438
2LV0 144 10.749 0.2358 0.5521
2LV0 145 8.140 0.1832 0.5208
2LV0 146 8.313 0.1645 0.4167
2LV0 147 5.729 0.1645 0.4792
2LV0 148 8.303 0.1528 0.4688
2LV0 149 11.056 0.1812 0.3958
2LV0 150 7.342 0.1898 0.5208
2LV0 151 5.150 0.1675 0.5000
2LV0 152 6.824 0.1938 0.5104
2LV0 153 5.826 0.2272 0.6042
2LV0 154 4.975 0.2887 0.6875
2LV0 155 3.237 0.2227 0.6458
2LV0 156 4.956 0.2793 0.6458
2LV0 157 8.136 0.2138 0.5729
2LV0 158 8.332 0.2952 0.6354
2LV0 159 5.844 0.2046 0.5521
2LV0 160 4.361 0.3258 0.7292
2LV0 161 2.290 0.3650 0.8229
2LV0 162 3.864 0.2795 0.6667
2LV0 163 2.841 0.2835 0.6875
2LV0 164 3.420 0.2931 0.6979
2LV0 165 2.579 0.2669 0.7396
2LV0 166 5.188 0.2276 0.5729
2LV0 167 3.069 0.2612 0.6771
2LV0 168 2.215 0.3372 0.7813
2LV0 169 2.198 0.3321 0.7917
2LV0 170 4.319 0.2305 0.6146
2LV0 171 3.982 0.3746 0.7604
2LV0 172 10.001 0.1123 0.3438
2LV0 173 10.897 0.1801 0.4167
2LV0 174 10.575 0.1081 0.3229
2LV0 175 11.327 0.1662 0.4271
2LV0 176 9.249 0.1767 0.5000
2LV0 177 10.893 0.1325 0.3646
2LV0 178 13.115 0.1979 0.4479
2LV0 179 8.730 0.1370 0.3750
2LV0 180 5.933 0.2514 0.5625
2LV0 181 7.844 0.2396 0.5833
2LV0 182 8.498 0.1493 0.4375
2LV0 183 10.561 0.1588 0.3750
2LV0 184 8.565 0.1917 0.4583
2LV0 185 11.824 0.1584 0.3646
2LV0 186 9.448 0.2198 0.4583
2LV0 187 4.117 0.2765 0.6563
2LV0 188 8.790 0.1500 0.4375
2LV0 189 4.960 0.1584 0.5729
2LV0 190 5.918 0.2752 0.6354
2LV0 191 4.350 0.2544 0.6563
2LV0 192 7.297 0.1631 0.5313
2LV0 193 6.823 0.2137 0.5208
2LV0 194 4.513 0.2055 0.6250
2LV0 195 7.748 0.2842 0.5833
2LV0 196 5.127 0.2797 0.6250
2LV0 197 6.298 0.2152 0.5313
2LV0 198 7.711 0.1765 0.4896
2LV0 199 3.129 0.3631 0.7708
2LV0 200 6.491 0.2155 0.5208
2LV0 201 4.181 0.3225 0.7292
2LV0 202 4.713 0.1947 0.5833
2LV0 203 3.487 0.3164 0.7500
2LV0 204 6.025 0.2647 0.5938
2LV0 205 7.474 0.2506 0.5313
2LV0 206 3.633 0.3805 0.7292
2LV0 207 4.757 0.3874 0.7396
2LV0 208 3.625 0.3224 0.6875
2LV0 209 2.703 0.3251 0.7292
2LV0 210 3.075 0.3841 0.8125
2LV0 211 2.212 0.3195 0.7813
2LV0 212 11.555 0.1735 0.3958
2LV0 213 6.417 0.1639 0.4583
2LV0 214 8.903 0.1765 0.4583
2LV0 215 12.596 0.1860 0.4479
2LV0 216 8.055 0.1461 0.3333
2LV0 217 4.134 0.2874 0.6875
2LV0 218 8.118 0.1489 0.4479
2LV0 219 9.709 0.1921 0.4688
2LV0 220 11.696 0.1830 0.3958
2LV0 221 2.650 0.2355 0.7083
2LV0 222 6.856 0.1637 0.4688
2LV0 223 12.262 0.1177 0.2708
2LV0 224 8.108 0.1807 0.4792
2LV0 225 6.330 0.1846 0.5417
2LV0 226 10.511 0.1920 0.4583
2LV0 227 7.776 0.2326 0.5521
2LV0 228 8.277 0.1465 0.4167
2LV0 229 10.269 0.1338 0.3229
2LV0 230 5.096 0.2383 0.6250
2LV0 231 5.545 0.1948 0.5625
2LV0 232 7.901 0.1664 0.4271
2LV0 233 11.285 0.1147 0.3333
2LV0 234 6.749 0.1825 0.4792
2LV0 235 3.412 0.2437 0.6771
2LV0 236 6.308 0.2760 0.6042
2LV0 237 4.637 0.2370 0.6042
2LV0 238 5.258 0.2637 0.6563
2LV0 239 3.043 0.3154 0.7500
2LV0 240 4.382 0.3326 0.7396
2LV0 241 2.482 0.2730 0.7396
2LV0 242 2.895 0.3373 0.7500
2LV0 243 3.554 0.2250 0.6458
2LV0 244 5.504 0.2733 0.6458
2LV0 245 2.080 0.3508 0.8125
2LV0 246 3.594 0.3417 0.7292
2LV0 247 3.120 0.3449 0.7500
2LV0 248 1.966 0.3533 0.8125
2LV0 249 3.020 0.3792 0.8021
2LV0 250 1.923 0.3388 0.8125
2LV0 251 3.651 0.2356 0.6458
2LV0 252 9.673 0.2515 0.5417
2LV0 253 5.526 0.2100 0.5938
2LV0 254 6.171 0.1835 0.5104
2LV0 255 8.473 0.1278 0.4375
2LV0 256 11.112 0.1490 0.3333
2LV0 257 11.091 0.1227 0.3438
2LV0 258 6.066 0.2756 0.6042
2LV0 259 7.844 0.2188 0.5833
2LV0 260 10.612 0.1557 0.4271
2LV0 261 2.589 0.2617 0.7292
2LV0 262 4.835 0.2238 0.6146
2LV0 263 6.444 0.2697 0.5833
2LV0 264 11.143 0.1699 0.3958
2LV0 265 10.918 0.1930 0.4688
2LV0 266 6.186 0.2121 0.5729
2LV0 267 8.267 0.1534 0.4375
2LV0 268 4.316 0.3029 0.6458
2LV0 269 8.772 0.2174 0.4896
2LV0 270 6.182 0.2314 0.6146
2LV0 271 3.232 0.2304 0.6667
2LV0 272 12.341 0.1986 0.4063
2LV0 273 4.811 0.2663 0.6354
2LV0 274 2.767 0.2745 0.7396
2LV0 275 4.780 0.2203 0.5833
2LV0 276 4.176 0.2718 0.6667
2LV0 277 7.210 0.2141 0.5104
2LV0 278 10.864 0.1452 0.3958
2LV0 279 2.934 0.2606 0.6979
2LV0 280 3.180 0.2869 0.6979
2LV0 281 3.389 0.3023 0.7500
2LV0 282 9.853 0.2170 0.4479
2LV0 283 6.300 0.2346 0.5833
2LV0 284 4.156 0.2235 0.6146
2LV0 285 3.120 0.2762 0.6875
2LV0 286 5.084 0.2128 0.5938
2LV0 287 3.783 0.3251 0.7083
2LV0 288 3.322 0.3001 0.7083
2LV0 289 3.215 0.3055 0.7083
2LV0 290 4.176 0.2714 0.6354
2LV0 291 3.812 0.2980 0.6667
2LV0 292 9.813 0.1638 0.3958
2LV0 293 8.889 0.1228 0.3438
2LV0 294 10.761 0.1033 0.2813
2LV0 295 6.353 0.1857 0.5521
2LV0 296 10.816 0.1752 0.3438
2LV0 297 12.266 0.1060 0.2917
2LV0 298 5.194 0.2092 0.5521
2LV0 299 6.382 0.2535 0.5521
2LV0 300 9.588 0.1542 0.3958
2LV0 301 10.033 0.1245 0.3646
2LV0 302 10.927 0.1009 0.3333
2LV0 303 9.776 0.1207 0.3229
2LV0 304 12.102 0.1256 0.3646
2LV0 305 7.716 0.2002 0.5000
2LV0 306 11.089 0.1294 0.3750
2LV0 307 11.787 0.1342 0.3958
2LV0 308 9.369 0.1771 0.4479
2LV0 309 8.923 0.1678 0.4583
2LV0 310 6.802 0.2002 0.4792
2LV0 311 9.051 0.1835 0.4479
2LV0 312 4.344 0.2488 0.6563
2LV0 313 10.764 0.1711 0.3958
2LV0 314 8.972 0.1700 0.4479
2LV0 315 4.985 0.2756 0.6667
2LV0 316 12.697 0.1485 0.3542
2LV0 317 4.943 0.1393 0.5208
2LV0 318 6.608 0.2813 0.6042
2LV0 319 4.535 0.2428 0.6354
2LV0 320 2.221 0.3196 0.7813
2LV0 321 4.232 0.2657 0.6458
2LV0 322 6.145 0.2729 0.5625
2LV0 323 7.700 0.2119 0.4583
2LV0 324 3.300 0.3655 0.7500
2LV0 325 2.926 0.3044 0.7188
2LV0 326 3.866 0.2974 0.6979
2LV0 327 5.218 0.2913 0.6667
2LV0 328 3.237 0.3327 0.7500
2LV0 329 2.671 0.3429 0.7500
2LV0 330 2.233 0.3691 0.7708
2LV0 331 2.924 0.3071 0.7083
2LV0 332 6.583 0.1999 0.4479
2LV0 333 10.446 0.2156 0.4375
2LV0 334 11.190 0.0922 0.2813
2LV0 335 6.830 0.1611 0.4583
2LV0 336 11.320 0.2064 0.3958
2LV0 337 12.809 0.1764 0.3958
2LV0 338 10.414 0.1698 0.4375
2LV0 339 7.254 0.1339 0.4688
2LV0 340 7.262 0.2255 0.4896
2LV0 341 9.647 0.1608 0.4063
2LV0 342 9.498 0.1888 0.4583
2LV0 343 9.682 0.2033 0.4271
2LV0 344 7.475 0.2354 0.4896
2LV0 345 5.000 0.2000 0.5417
2LV0 346 7.200 0.1875 0.4896
2LV0 347 3.944 0.3439 0.7396
2LV0 348 7.779 0.2073 0.4583
2LV0 349 9.448 0.1772 0.4688
2LV0 350 8.038 0.1629 0.4167
2LV0 351 7.002 0.2207 0.5313
2LV0 352 8.489 0.2031 0.4792
2LV0 353 3.640 0.3804 0.7604
2LV0 354 6.018 0.2176 0.6042
2LV0 355 2.210 0.3180 0.7604
2LV0 356 5.244 0.1951 0.5625
2LV0 357 2.780 0.3375 0.7604
2LV0 358 3.660 0.2339 0.6667
2LV0 359 2.243 0.3262 0.7604
2LV0 360 3.316 0.3251 0.7396
2LV0 361 2.631 0.3256 0.7188
2LV0 362 4.130 0.3272 0.7083
2LV0 363 3.190 0.3485 0.7500
2LV0 364 3.162 0.2943 0.7396
2LV0 365 2.020 0.3237 0.7813
2LV0 366 2.841 0.3046 0.7292
2LV0 367 3.824 0.2922 0.7083
2LV0 368 6.818 0.2654 0.5521
2LV0 369 2.698 0.3522 0.7604
2LV0 370 3.653 0.2808 0.6771
2LV0 371 2.107 0.3571 0.8229
2LV0 372 9.440 0.1124 0.3125
2LV0 373 13.741 0.1249 0.3125
2LV0 374 7.096 0.1582 0.4896
2LV0 375 9.604 0.1191 0.3854
2LV0 376 7.055 0.1959 0.4167
2LV0 377 13.704 0.1517 0.3438
2LV0 378 10.585 0.1533 0.3542
2LV0 379 10.643 0.1368 0.3750
2LV0 380 9.425 0.2211 0.5208
2LV0 381 6.805 0.2424 0.5833
2LV0 382 7.612 0.1670 0.4688
2LV0 383 11.479 0.1513 0.3229
2LV0 384 6.876 0.2323 0.5417
2LV0 385 9.381 0.1419 0.4063
2LV0 386 5.391 0.1844 0.5521
2LV0 387 11.831 0.1967 0.5104
2LV0 388 3.662 0.2242 0.6146
2LV0 389 4.410 0.2449 0.6250
2LV0 390 7.187 0.2003 0.4688
2LV0 391 4.856 0.1746 0.5625
2LV0 392 4.999 0.2572 0.6458
2LV0 393 5.275 0.3894 0.7188
2LV0 394 2.692 0.3655 0.7813
2LV0 395 5.525 0.3385 0.6979
2LV0 396 3.762 0.3055 0.6667
2LV0 397 4.314 0.3805 0.7292
2LV0 398 8.125 0.1741 0.4583
2LV0 399 5.251 0.2785 0.6250
2LV0 400 4.548 0.2462 0.6979
2LV0 401 3.111 0.3970 0.7917
2LV0 402 2.958 0.2644 0.7083
2LV0 403 5.064 0.3301 0.6563
2LV0 404 4.055 0.3889 0.7500
2LV0 405 4.280 0.3351 0.7188
2LV0 406 5.321 0.2662 0.6354
2LV0 407 5.016 0.3142 0.6979
2LV0 408 3.010 0.3035 0.7292
2LV0 409 10.663 0.1921 0.4583
2LV0 410 2.338 0.3555 0.7708
2LV0 411 3.195 0.3084 0.7292
2LV0 412 1.083 0.5013 0.9167
2LV0 413 1.305 0.3805 0.8750
2LV0 414 1.304 0.3310 0.8542
2LV0 415 1.354 0.3320 0.8646
2LV0 416 1.421 0.3122 0.8438
2LV0 417 1.436 0.3150 0.8333
2LV0 418 1.398 0.3133 0.8229
2LV0 419 1.416 0.3140 0.8333
2LV0 420 1.413 0.3125 0.8333
2LV0 421 1.428 0.3152 0.8438
2LV0 422 1.413 0.3142 0.8333
2LV0 423 1.419 0.3109 0.8333
2LV0 424 1.418 0.3147 0.8333
2LV0 425 1.406 0.3148 0.8438
2LV0 426 1.404 0.3169 0.8438
2LV0 427 1.422 0.3105 0.8333
2LV0 428 1.414 0.3176 0.8438
2LV0 429 1.417 0.3150 0.8333
2LV0 430 1.427 0.3137 0.8438
2LV0 431 1.428 0.3099 0.8333
2LV0 432 1.425 0.3112 0.8333
2LV0 433 1.420 0.3135 0.8333
2LV0 434 1.418 0.3140 0.8333
2LV0 435 1.411 0.3152 0.8438
2LV0 436 1.409 0.3187 0.8438
2LV0 437 1.425 0.3083 0.8333
2LV0 438 1.410 0.3195 0.8333
2LV0 439 1.383 0.3222 0.8333
2LV0 440 1.422 0.3104 0.8229
2LV0 441 1.391 0.3177 0.8333
2LV0 442 1.408 0.3145 0.8333
2LV0 443 1.405 0.3091 0.8333
2LV0 444 1.418 0.3152 0.8333
2LV0 445 1.421 0.3147 0.8333
2LV0 446 1.432 0.3164 0.8229
2LV0 447 1.426 0.3153 0.8333
2LV0 448 1.415 0.3199 0.8438
2LV0 449 1.424 0.3193 0.8229
2LV0 450 1.434 0.3165 0.8333
2LV0 451 1.400 0.3191 0.8438
2LV0 452 1.435 0.3152 0.8125
2LV0 453 1.416 0.3122 0.8229
2LV0 454 1.420 0.3116 0.8333
2LV0 455 1.431 0.3140 0.8438
2LV0 456 1.460 0.3029 0.8333
2LV0 457 1.479 0.2984 0.8333
2LV0 458 1.522 0.2908 0.8333
2LV0 459 1.539 0.2951 0.8125
2LV0 460 1.517 0.3017 0.8229
2LV0 461 1.512 0.2955 0.8229
2LV0 462 1.523 0.2846 0.8125
2LV0 463 1.549 0.2907 0.8021
2LV0 464 1.544 0.2912 0.8125
2LV0 465 1.544 0.2791 0.8021
2LV0 466 1.622 0.2724 0.7813
2LV0 467 1.529 0.2792 0.8229
2LV0 468 1.554 0.2828 0.8021
2LV0 469 1.562 0.2833 0.8229
2LV0 470 1.559 0.2761 0.8229
2LV0 471 1.569 0.2757 0.8125
2LV0 472 1.571 0.2773 0.8125
2LV0 473 1.604 0.2740 0.8021
2LV0 474 1.590 0.2644 0.7917
2LV0 475 1.620 0.2680 0.7917
2LV0 476 1.604 0.2706 0.8021
2LV0 477 1.560 0.2787 0.8125
2LV0 478 1.607 0.2833 0.8125
2LV0 479 1.574 0.2781 0.8021
2LV0 480 1.607 0.2739 0.8021
2LV0 481 1.601 0.2835 0.8021
2LV0 482 1.628 0.2657 0.7917
2LV0 483 1.626 0.2761 0.8125
2LV0 484 1.612 0.2725 0.7813
2LV0 485 1.653 0.2632 0.7917
2LV0 486 1.653 0.2677 0.7917
2LV0 487 1.652 0.2667 0.7917
2LV0 488 1.677 0.2730 0.8021
2LV0 489 1.711 0.2649 0.8125
2LV0 490 1.685 0.2582 0.7917
2LV0 491 1.779 0.2513 0.7813
2LV0 492 1.703 0.2659 0.7917
2LV0 493 1.699 0.2550 0.7813
2LV0 494 1.715 0.2520 0.7813
2LV0 495 1.725 0.2617 0.7917
2LV0 496 1.693 0.2616 0.7813
2LV0 497 1.777 0.2516 0.7708
2LV0 498 1.728 0.2653 0.7813
2LV0 499 1.782 0.2677 0.7917
2LV0 500 1.798 0.2785 0.7708
2LV0 501 1.775 0.2614 0.8021
2LV0 502 1.795 0.2729 0.7917
2LV0 503 1.758 0.2623 0.7708
2LV0 504 1.716 0.2699 0.7917
2LV0 505 1.736 0.2670 0.7708
2LV0 506 1.788 0.2592 0.8021
2LV0 507 1.803 0.2715 0.7917
2LV0 508 1.736 0.2595 0.7917
2LV0 509 1.775 0.2648 0.7917
2LV0 510 1.751 0.2499 0.7708
2LV0 511 1.811 0.2607 0.8021
2LV0 512 1.766 0.2608 0.7917
2LV0 513 1.700 0.2664 0.8021
2LV0 514 1.789 0.2605 0.7813
2LV0 515 1.767 0.2697 0.8021
2LV0 516 1.802 0.2692 0.7708
2LV0 517 1.759 0.2527 0.7604
2LV0 518 1.777 0.2658 0.7813
2LV0 519 1.781 0.2639 0.7813
2LV0 520 1.762 0.2635 0.7813
2LV0 521 1.777 0.2578 0.7917
2LV0 522 1.788 0.2650 0.7917
2LV0 523 1.764 0.2721 0.7917
2LV0 524 1.787 0.2639 0.7813
2LV0 525 1.753 0.2736 0.7917
2LV0 526 1.737 0.2754 0.8125
2LV0 527 1.781 0.2641 0.7708
2LV0 528 1.701 0.2594 0.7917
2LV0 529 1.850 0.2507 0.7708
2LV0 530 1.754 0.2659 0.8021
2LV0 531 1.826 0.2668 0.7917
2LV0 532 1.826 0.2648 0.7708
2LV0 533 1.928 0.2642 0.7813
2LV0 534 1.981 0.2566 0.7708
2LV0 535 1.941 0.2500 0.7813
2LV0 536 1.879 0.2604 0.7708
2LV0 537 1.937 0.2527 0.7708
2LV0 538 1.910 0.2524 0.7604
2LV0 539 1.938 0.2475 0.7604
2LV0 540 1.867 0.2562 0.7917
2LV0 541 1.910 0.2520 0.7813
2LV0 542 1.970 0.2498 0.7708
2LV0 543 1.872 0.2686 0.7813
2LV0 544 1.842 0.2537 0.7708
2LV0 545 1.918 0.2465 0.7813
2LV0 546 1.885 0.2544 0.7813
2LV0 547 1.913 0.2582 0.7917
2LV0 548 1.932 0.2394 0.7604
2LV0 549 1.940 0.2431 0.7604
2LV0 550 1.960 0.2518 0.7813
2LV0 551 1.933 0.2473 0.7813
2LV0 552 1.851 0.2576 0.7708
2LV0 553 1.849 0.2461 0.7604
2LV0 554 1.833 0.2397 0.7604
2LV0 555 2.004 0.2462 0.7604
2LV0 556 1.892 0.2459 0.7604
2LV0 557 1.911 0.2536 0.7708
2LV0 558 1.827 0.2648 0.8021
2LV0 559 1.834 0.2525 0.7917
2LV0 560 1.844 0.2653 0.7813
2LV0 561 1.860 0.2471 0.7813
2LV0 562 1.861 0.2653 0.7708
2LV0 563 1.796 0.2507 0.7917
2LV0 564 1.848 0.2598 0.7917
2LV0 565 1.852 0.2558 0.7708
2LV0 566 1.844 0.2472 0.7813
2LV0 567 1.864 0.2563 0.7813
2LV0 568 1.809 0.2637 0.7917
2LV0 569 1.862 0.2500 0.7813
2LV0 570 1.914 0.2477 0.7708
2LV0 571 1.850 0.2599 0.7708
2LV0 572 1.971 0.2403 0.7604
2LV0 573 1.852 0.2324 0.7604
2LV0 574 1.820 0.2582 0.7500
2LV0 575 1.840 0.2584 0.7500
2LV0 576 2.013 0.2334 0.7500
2LV0 577 1.828 0.2430 0.7500
2LV0 578 1.892 0.2491 0.7500
2LV0 579 1.970 0.2419 0.7292
2LV0 580 1.869 0.2430 0.7500
2LV0 581 1.930 0.2398 0.7396
2LV0 582 1.904 0.2560 0.7604
2LV0 583 1.837 0.2579 0.7500
2LV0 584 1.968 0.2533 0.7500
2LV0 585 1.941 0.2582 0.7500
2LV0 586 2.013 0.2352 0.7396
2LV0 587 1.894 0.2515 0.7604
2LV0 588 1.982 0.2664 0.7604
2LV0 589 1.949 0.2361 0.7500
2LV0 590 1.774 0.2452 0.7500
2LV0 591 1.817 0.2462 0.7500
2LV0 592 1.867 0.2347 0.7500
2LV0 593 1.847 0.2322 0.7500
2LV0 594 1.819 0.2392 0.7604
2LV0 595 1.849 0.2366 0.7708
2LV0 596 2.012 0.2271 0.7396
2LV0 597 1.882 0.2213 0.7396
2LV0 598 1.819 0.2384 0.7604
2LV0 599 1.820 0.2386 0.7604
2LV0 600 1.913 0.2260 0.7396
2LV0 601 1.988 0.2295 0.7292
2LV0 602 1.840 0.2391 0.7604
2LV0 603 1.917 0.2333 0.7396
2LV0 604 1.892 0.2246 0.7500
2LV0 605 1.832 0.2375 0.7604
2LV0 606 1.862 0.2365 0.7396
2LV0 607 1.805 0.2366 0.7708
2LV0 608 1.846 0.2493 0.7708
2LV0 609 1.920 0.2410 0.7292
2LV0 610 1.881 0.2381 0.7396
2LV0 611 1.821 0.2416 0.7396
2LV0 612 1.830 0.2414 0.7708
2LV0 613 1.825 0.2451 0.7500
2LV0 614 1.849 0.2340 0.7604
2LV0 615 1.933 0.2332 0.7500
2LV0 616 1.733 0.2708 0.7813
2LV0 617 1.950 0.2459 0.7500
2LV0 618 1.796 0.2643 0.7917
2LV0 619 1.906 0.2402 0.7396
2LV0 620 1.971 0.2523 0.7500
2LV0 621 1.974 0.2283 0.7292
2LV0 622 2.000 0.2464 0.7500
2LV0 623 1.906 0.2469 0.7604
2LV0 624 1.887 0.2672 0.7396
2LV0 625 2.032 0.2232 0.7292
2LV0 626 1.919 0.2238 0.7292
2LV0 627 1.995 0.2317 0.7292
2LV0 628 1.992 0.2283 0.7396
2LV0 629 2.013 0.2312 0.7188
2LV0 630 2.020 0.2360 0.7396
2LV0 631 1.942 0.2378 0.7292
2LV0 632 2.093 0.2396 0.7396
2LV0 633 2.028 0.2211 0.7292
2LV0 634 2.029 0.2160 0.7292
2LV0 635 1.971 0.2240 0.7396
2LV0 636 1.965 0.2294 0.7396
2LV0 637 1.987 0.2191 0.7396
2LV0 638 1.936 0.2378 0.7500
2LV0 639 2.061 0.2543 0.7500
2LV0 640 2.038 0.2367 0.7500
2LV0 641 1.981 0.2332 0.7292
2LV0 642 1.893 0.2394 0.7396
2LV0 643 2.098 0.2466 0.7500
2LV0 644 2.057 0.2709 0.7708
2LV0 645 1.962 0.2677 0.7500
2LV0 646 1.950 0.2369 0.7604
2LV0 647 1.879 0.2483 0.7396
2LV0 648 2.056 0.2525 0.7500
2LV0 649 1.963 0.2621 0.7500
2LV0 650 2.034 0.2472 0.7500
2LV0 651 1.986 0.2287 0.7396
2LV0 652 2.028 0.2197 0.7396
2LV0 653 1.966 0.2333 0.7292
2LV0 654 2.091 0.2325 0.7500
2LV0 655 1.978 0.2470 0.7396
2LV0 656 1.975 0.2395 0.7500
2LV0 657 2.039 0.2355 0.7396
2LV0 658 1.918 0.2558 0.7396
2LV0 659 1.965 0.2427 0.7396
2LV0 660 2.133 0.2374 0.7292
2LV0 661 2.087 0.2294 0.7292
2LV0 662 2.019 0.2423 0.7500
2LV0 663 1.971 0.2416 0.7396
2LV0 664 1.922 0.2335 0.7396
2LV0 665 1.983 0.2441 0.7500
2LV0 666 2.090 0.2664 0.7396
2LV0 667 1.922 0.2341 0.7500
2LV0 668 2.025 0.2206 0.7292
2LV0 669 1.972 0.2235 0.7292
2LV0 670 1.889 0.2277 0.7396
2LV0 671 2.093 0.2282 0.7188
2LV0 672 1.983 0.2279 0.7292
2LV0 673 1.780 0.2596 0.7708
2LV0 674 1.800 0.2750 0.7500
2LV0 675 2.003 0.2267 0.7292
2LV0 676 1.964 0.2390 0.7396
2LV0 677 1.974 0.2536 0.7396
2LV0 678 1.838 0.2650 0.7500
2LV0 679 1.920 0.2523 0.7292
2LV0 680 2.062 0.2291 0.7292
2LV0 681 1.926 0.2841 0.7396
2LV0 682 1.986 0.2321 0.7396
2LV0 683 1.953 0.2407 0.7396
2LV0 684 1.954 0.2440 0.7292
2LV0 685 2.078 0.2498 0.7292
2LV0 686 2.212 0.2366 0.7292
2LV0 687 2.106 0.2185 0.7188
2LV0 688 2.051 0.2210 0.7292
2LV0 689 2.055 0.2448 0.7500
2LV0 690 2.162 0.2201 0.7292
2LV0 691 2.179 0.2398 0.7500
2LV0 692 2.326 0.2129 0.7292
2LV0 693 1.987 0.2454 0.7292
2LV0 694 2.031 0.2402 0.7292
2LV0 695 2.016 0.2479 0.7500
2LV0 696 1.928 0.2549 0.7604
2LV0 697 2.050 0.2357 0.7396
2LV0 698 2.083 0.2457 0.7396
2LV0 699 2.009 0.2499 0.7500
2LV0 700 2.056 0.2519 0.7500
2LV0 701 2.120 0.2474 0.7292
2LV0 702 2.000 0.2279 0.7396
2LV0 703 2.049 0.2486 0.7188
2LV0 704 2.116 0.2411 0.7292
2LV0 705 1.967 0.2455 0.7292
2LV0 706 1.925 0.2572 0.7500
2LV0 707 2.027 0.2483 0.7396
2LV0 708 2.061 0.2759 0.7500
2LV0 709 1.977 0.2678 0.7500
2LV0 710 2.048 0.2707 0.7604
2LV0 711 1.875 0.2561 0.7396
2LV0 712 2.081 0.2657 0.7604
2LV0 713 1.868 0.2545 0.7292
2LV0 714 1.975 0.2644 0.7396
2LV0 715 2.069 0.2515 0.7500
2LV0 716 1.880 0.2875 0.7813
2LV0 717 2.078 0.2465 0.7396
2LV0 718 1.979 0.2638 0.7396
2LV0 719 1.921 0.2725 0.7396
2LV0 720 2.058 0.2430 0.7396
2LV0 721 2.138 0.2519 0.7500
2LV0 722 1.984 0.2552 0.7500
2LV0 723 1.924 0.2393 0.7396
2LV0 724 1.971 0.2516 0.7292
2LV0 725 2.032 0.2760 0.7396
2LV0 726 1.994 0.2582 0.7500
2LV0 727 1.884 0.2743 0.7500
2LV0 728 2.005 0.2216 0.7396
2LV0 729 2.073 0.2084 0.7188
2LV0 730 2.033 0.2434 0.7396
2LV0 731 2.141 0.2155 0.7083
2LV0 732 2.169 0.2297 0.7292
2LV0 733 2.095 0.2194 0.7188
2LV0 734 2.152 0.2185 0.7083
2LV0 735 1.933 0.2409 0.7396
2LV0 736 2.105 0.2169 0.7292
2LV0 737 2.122 0.2360 0.7292
2LV0 738 2.139 0.2020 0.7083
2LV0 739 2.047 0.2139 0.7083
2LV0 740 2.145 0.2233 0.7292
2LV0 741 2.233 0.2356 0.7188
2LV0 742 2.198 0.2191 0.7188
2LV0 743 2.075 0.2301 0.7188
2LV0 744 2.003 0.2415 0.7292
2LV0 745 2.108 0.2451 0.7396
2LV0 746 2.117 0.2317 0.7292
2LV0 747 2.008 0.2522 0.7500
2LV0 748 2.191 0.2208 0.7083
2LV0 749 2.044 0.2312 0.7188
2LV0 750 2.097 0.2376 0.7292
2LV0 751 2.059 0.2814 0.7292
2LV0 752 2.047 0.2348 0.7500
2LV0 753 2.158 0.2246 0.7292
2LV0 754 2.126 0.2187 0.7083
2LV0 755 1.916 0.2580 0.7604
2LV0 756 2.014 0.2413 0.7396
2LV0 757 1.881 0.2482 0.7604
2LV0 758 2.013 0.2507 0.7292
2LV0 759 2.248 0.2406 0.7188
2LV0 760 2.081 0.2628 0.7396
2LV0 761 2.006 0.2544 0.7500
2LV0 762 2.298 0.2561 0.7292
2LV0 763 2.171 0.2804 0.7396
2LV0 764 2.152 0.2498 0.7396
2LV0 765 2.071 0.2703 0.7500
2LV0 766 2.057 0.2691 0.7500
2LV0 767 2.053 0.2664 0.7500
2LV0 768 2.094 0.2647 0.7396
2LV0 769 2.130 0.2716 0.7604
2LV0 770 2.187 0.2662 0.7396
2LV0 771 2.095 0.2690 0.7604
2LV0 772 2.118 0.2624 0.7396
2LV0 773 2.116 0.2763 0.7500
2LV0 774 2.082 0.2827 0.7813
2LV0 775 2.138 0.2674 0.7292
2LV0 776 2.038 0.2687 0.7396
2LV0 777 2.009 0.2702 0.7396
2LV0 778 2.146 0.2735 0.7500
2LV0 779 2.038 0.2594 0.7396
2LV0 780 1.988 0.2849 0.7604
2LV0 781 2.083 0.2556 0.7396
2LV0 782 2.073 0.2666 0.7604
2LV0 783 2.056 0.2811 0.7500
2LV0 784 2.217 0.2523 0.7396
2LV0 785 2.140 0.3126 0.7708
2LV0 786 2.242 0.2659 0.7500
2LV0 787 2.117 0.2778 0.7708
2LV0 788 2.253 0.2699 0.7500
2LV0 789 2.250 0.2883 0.7500
2LV0 790 2.211 0.2775 0.7500
2LV0 791 2.312 0.2556 0.7396
2LV0 792 2.428 0.2775 0.7396
2LV0 793 2.218 0.2715 0.7604
2LV0 794 2.386 0.2955 0.7604
2LV0 795 2.355 0.2947 0.7604
2LV0 796 2.588 0.2903 0.7604
2LV0 797 2.528 0.2719 0.7396
2LV0 798 2.128 0.2811 0.7500
2LV0 799 2.225 0.2902 0.7500
2LV0 800 2.376 0.2905 0.7604
2LV0 801 2.142 0.2715 0.7604
2LV0 802 2.250 0.2832 0.7500
2LV0 803 2.290 0.2878 0.7500
2LV0 804 2.038 0.2918 0.7708
2LV0 805 2.263 0.2843 0.7604
2LV0 806 2.321 0.2878 0.7396
2LV0 807 2.265 0.2870 0.7708
2LV0 808 2.207 0.2729 0.7500
2LV0 809 2.452 0.2806 0.7500
2LV0 810 2.630 0.2610 0.7292
2LV0 811 2.251 0.2961 0.7708
2LV0 812 2.382 0.2642 0.7292
2LV0 813 2.248 0.2787 0.7500
2LV0 814 2.167 0.3236 0.7604
2LV0 815 2.347 0.2639 0.7396
2LV0 816 2.414 0.2740 0.7396
2LV0 817 2.253 0.2857 0.7396
2LV0 818 2.237 0.3077 0.7708
2LV0 819 2.498 0.2899 0.7500
2LV0 820 2.382 0.2821 0.7396
2LV0 821 2.204 0.2976 0.7604
2LV0 822 2.493 0.2669 0.7396
2LV0 823 2.346 0.2673 0.7500
2LV0 824 2.402 0.2884 0.7604
2LV0 825 2.594 0.2733 0.7500
2LV0 826 2.198 0.2862 0.7708
2LV0 827 2.380 0.2870 0.7708
2LV0 828 2.474 0.2636 0.7396
2LV0 829 2.399 0.2734 0.7604
2LV0 830 2.294 0.2799 0.7500
2LV0 831 2.058 0.2867 0.7500
2LV0 832 2.145 0.2979 0.7500
2LV0 833 2.365 0.3281 0.8021
2LV0 834 2.240 0.3663 0.8125
2LV0 835 1.985 0.3057 0.7813
2LV0 836 2.164 0.3037 0.7917
2LV0 837 2.131 0.2699 0.7500
2LV0 838 2.490 0.2739 0.7708
2LV0 839 2.514 0.2799 0.7500
2LV0 840 2.173 0.2980 0.7813
2LV0 841 2.399 0.2828 0.7500
2LV0 842 2.343 0.2605 0.7396
2LV0 843 2.356 0.2716 0.7604
2LV0 844 2.433 0.2757 0.7500
2LV0 845 2.195 0.2596 0.7500
2LV0 846 2.304 0.2499 0.7500
2LV0 847 1.910 0.2846 0.7708
2LV0 848 2.474 0.3038 0.7604
2LV0 849 2.662 0.2908 0.7500
2LV0 850 2.019 0.3379 0.7708
2LV0 851 2.186 0.2684 0.7604
2LV0 852 2.578 0.3122 0.7813
2LV0 853 2.496 0.3324 0.7917
2LV0 854 2.130 0.3072 0.7500
2LV0 855 2.154 0.2920 0.7604
2LV0 856 2.506 0.2688 0.7500
2LV0 857 2.151 0.2765 0.7708
2LV0 858 2.223 0.3045 0.7917
2LV0 859 2.102 0.2769 0.7917
2LV0 860 2.188 0.2779 0.7708
2LV0 861 2.581 0.2813 0.7604
2LV0 862 2.130 0.2754 0.7604
2LV0 863 2.365 0.2650 0.7188
2LV0 864 2.582 0.2756 0.7500
2LV0 865 2.281 0.2837 0.7708
2LV0 866 2.051 0.2722 0.7708
2LV0 867 2.138 0.2643 0.7500
2LV0 868 2.284 0.3012 0.7604
2LV0 869 2.222 0.3209 0.7708
2LV0 870 2.057 0.3190 0.8021
2LV0 871 2.225 0.3040 0.7708
2LV0 872 2.380 0.3007 0.7604
2LV0 873 2.411 0.2857 0.7708
2LV0 874 2.205 0.2596 0.7500
2LV0 875 2.162 0.3017 0.7708
2LV0 876 2.106 0.2918 0.7813
2LV0 877 2.048 0.3339 0.8125
2LV0 878 2.170 0.2822 0.7500
2LV0 879 1.973 0.2495 0.7604
2LV0 880 2.035 0.2747 0.7813
2LV0 881 2.290 0.2734 0.7604
2LV0 882 2.096 0.2645 0.7708
2LV0 883 2.496 0.2738 0.7813
2LV0 884 2.501 0.2747 0.7292
2LV0 885 2.159 0.2687 0.7604
2LV0 886 1.885 0.2947 0.7813
2LV0 887 2.058 0.2974 0.7813
2LV0 888 2.374 0.2484 0.7292
2LV0 889 2.236 0.2844 0.7500
2LV0 890 2.460 0.2979 0.7604
2LV0 891 2.188 0.2913 0.7604
2LV0 892 2.530 0.2748 0.7396
2LV0 893 2.197 0.3077 0.7604
2LV0 894 2.007 0.2880 0.7708
2LV0 895 2.063 0.2902 0.7604
2LV0 896 2.125 0.2784 0.7708
2LV0 897 2.038 0.2926 0.7917
2LV0 898 2.063 0.3061 0.7813
2LV0 899 2.033 0.2957 0.7917
2LV0 900 1.996 0.2548 0.7708
2LV0 901 1.880 0.3192 0.8125
2LV0 902 2.021 0.3044 0.7917
2LV0 903 2.286 0.3014 0.7813
2LV0 904 1.991 0.3345 0.7917
2LV0 905 1.774 0.2704 0.7813
2LV0 906 1.859 0.2865 0.7813
2LV0 907 1.927 0.2974 0.8021
2LV0 908 2.018 0.2864 0.7604
2LV0 909 1.976 0.2802 0.7708
2LV0 910 2.006 0.2894 0.7708
2LV0 911 2.217 0.2885 0.7813
2LV0 912 2.130 0.2778 0.7813
2LV0 913 1.860 0.3025 0.7917
2LV0 914 2.104 0.2740 0.7708
2LV0 915 2.157 0.2848 0.7500
2LV0 916 1.827 0.2802 0.7708
2LV0 917 1.958 0.3167 0.8021
2LV0 918 2.179 0.2867 0.7604
2LV0 919 2.017 0.3045 0.7917
2LV0 920 1.836 0.3198 0.7917
2LV0 921 1.930 0.2597 0.7813
2LV0 922 2.172 0.2769 0.7604
2LV0 923 2.078 0.3149 0.7813
2LV0 924 1.952 0.2899 0.7917
2LV0 925 1.933 0.2947 0.7813
2LV0 926 2.080 0.2947 0.7708
2LV0 927 2.135 0.2822 0.7708
2LV0 928 2.150 0.2679 0.7708
2LV0 929 2.182 0.2589 0.7500
2LV0 930 2.011 0.2702 0.7708
2LV0 931 2.183 0.2812 0.7604
2LV0 932 2.368 0.2593 0.7500
2LV0 933 2.251 0.2395 0.7292
2LV0 934 2.034 0.2918 0.7813
2LV0 935 1.970 0.2791 0.7708
2LV0 936 1.979 0.2867 0.7604
2LV0 937 2.273 0.2824 0.7708
2LV0 938 2.012 0.2968 0.7813
2LV0 939 2.036 0.2698 0.7708
2LV0 940 2.083 0.2594 0.7500
2LV0 941 2.119 0.2930 0.7813
2LV0 942 2.046 0.2877 0.7813
2LV0 943 2.030 0.2835 0.7917
2LV0 944 1.979 0.3021 0.7708
2LV0 945 1.826 0.2847 0.7708
2LV0 946 1.934 0.3270 0.8021
2LV0 947 2.004 0.2820 0.7917
2LV0 948 2.083 0.2895 0.7604
2LV0 949 2.298 0.2836 0.7708
2LV0 950 1.922 0.3133 0.8125
2LV0 951 2.183 0.2835 0.7813
2LV0 952 2.018 0.2829 0.7500
2LV0 953 2.067 0.2748 0.7604
2LV0 954 2.156 0.2779 0.7917
2LV0 955 1.804 0.2823 0.7813
2LV0 956 2.063 0.2602 0.7604
2LV0 957 2.151 0.2761 0.7396
2LV0 958 2.027 0.2786 0.7708
2LV0 959 1.902 0.3116 0.7917
2LV0 960 1.929 0.2844 0.7604
2LV0 961 1.952 0.2753 0.7708
2LV0 962 1.816 0.2742 0.7917
2LV0 963 2.020 0.2804 0.7708
2LV0 964 2.325 0.2287 0.7396
2LV0 965 2.019 0.3001 0.7917
2LV0 966 1.875 0.2662 0.7708
2LV0 967 1.800 0.2944 0.7813
2LV0 968 2.239 0.2561 0.7396
2LV0 969 2.166 0.2821 0.7604
2LV0 970 1.880 0.2870 0.7604
2LV0 971 2.076 0.2678 0.7708
2LV0 972 2.057 0.2730 0.7604
2LV0 973 1.972 0.2910 0.7813
2LV0 974 1.889 0.3321 0.8021
2LV0 975 1.929 0.2955 0.7813
2LV0 976 1.933 0.2418 0.7500
2LV0 977 2.174 0.2628 0.7500
2LV0 978 2.217 0.2696 0.7500
2LV0 979 2.222 0.2746 0.7500
2LV0 980 1.857 0.3215 0.8021
2LV0 981 1.917 0.3039 0.7708
2LV0 982 1.927 0.3075 0.7813
2LV0 983 2.027 0.2733 0.7708
2LV0 984 2.005 0.2902 0.7708
2LV0 985 2.147 0.2450 0.7396
2LV0 986 1.904 0.2826 0.7708
2LV0 987 2.161 0.2927 0.7604
2LV0 988 2.092 0.3005 0.7917
2LV0 989 1.996 0.2668 0.7708
2LV0 990 1.734 0.3008 0.7813
2LV0 991 2.236 0.2698 0.7604
2LV0 992 2.225 0.3147 0.8021
2LV0 993 1.950 0.3259 0.7917
2LV0 994 1.859 0.2914 0.7813
2LV0 995 2.037 0.2942 0.7813
2LV0 996 2.186 0.2604 0.7917
2LV0 997 2.492 0.2760 0.7500
2LV0 998 1.918 0.3122 0.7813
2LV0 999 1.746 0.2972 0.7708
2LV0 1000 2.205 0.2794 0.7813
2LV0 1001 2.184 0.2461 0.7396
2LV0 1002 2.075 0.2509 0.7500
2LV0 1003 1.846 0.2568 0.7604
2LV0 1004 1.661 0.2854 0.7917
2LV0 1005 2.118 0.2688 0.7813
2LV0 1006 2.136 0.2410 0.7500
2LV0 1007 2.164 0.2679 0.7292
2LV0 1008 2.219 0.2917 0.7708
2LV0 1009 2.206 0.2452 0.7500
2LV0 1010 2.088 0.2939 0.7604
2LV0 1011 1.959 0.2897 0.7813
2LV0 1012 2.062 0.2740 0.7396
2LV0 1013 2.055 0.3145 0.7813
2LV0 1014 2.162 0.3301 0.7708
2LV0 1015 2.105 0.2946 0.7500
2LV0 1016 1.863 0.2826 0.7813
2LV0 1017 2.004 0.2610 0.7708
2LV0 1018 2.143 0.2877 0.7708
2LV0 1019 1.945 0.2877 0.7708
2LV0 1020 1.859 0.3303 0.8021
2LV0 1021 2.265 0.2651 0.7813
2LV0 1022 1.939 0.3373 0.8021
2LV0 1023 2.138 0.3043 0.7500
2LV0 1024 1.964 0.3271 0.7708
2LV0 1025 2.039 0.2824 0.7813
2LV0 1026 1.930 0.3380 0.7917
2LV0 1027 2.096 0.3285 0.7813
2LV0 1028 2.098 0.3226 0.7813
2LV0 1029 2.081 0.2915 0.7813
2LV0 1030 2.252 0.2629 0.7604
2LV0 1031 2.093 0.3369 0.8021
2LV0 1032 2.190 0.3005 0.8021
2LV0 1033 2.313 0.2681 0.7604
2LV0 1034 2.006 0.3154 0.7813
2LV0 1035 2.129 0.2900 0.7813
2LV0 1036 2.034 0.3276 0.8021
2LV0 1037 2.133 0.2682 0.7813
2LV0 1038 1.921 0.3421 0.8229
2LV0 1039 1.947 0.2911 0.7813
2LV0 1040 2.027 0.2769 0.7708
2LV0 1041 2.276 0.2522 0.7292
2LV0 1042 2.154 0.2983 0.7708
2LV0 1043 1.998 0.2881 0.7604
2LV0 1044 1.929 0.2781 0.7708
2LV0 1045 2.225 0.2558 0.7604
2LV0 1046 1.952 0.3447 0.7917
2LV0 1047 1.960 0.2805 0.7604
2LV0 1048 1.995 0.3403 0.8021
2LV0 1049 2.098 0.2956 0.7917
2LV0 1050 1.956 0.2665 0.7396
2LV0 1051 2.282 0.2717 0.7500
2LV0 1052 2.228 0.2778 0.7708
2LV0 1053 2.053 0.2855 0.7708
2LV0 1054 2.218 0.3177 0.7813
2LV0 1055 2.262 0.3173 0.7917
2LV0 1056 2.193 0.2886 0.7708
2LV0 1057 2.174 0.3126 0.7917
2LV0 1058 2.174 0.2923 0.7708
2LV0 1059 2.371 0.3320 0.7917
2LV0 1060 2.287 0.2706 0.7396
2LV0 1061 1.900 0.3397 0.8021
2LV0 1062 2.146 0.2610 0.7708
2LV0 1063 2.188 0.2637 0.7604
2LV0 1064 2.287 0.2777 0.7708
2LV0 1065 2.392 0.2205 0.7604
2LV0 1066 2.190 0.3147 0.7917
2LV0 1067 2.575 0.2273 0.7500
2LV0 1068 2.379 0.2494 0.7604
2LV0 1069 2.323 0.2527 0.7708
2LV0 1070 2.343 0.2647 0.7500
2LV0 1071 2.215 0.3282 0.7813
2LV0 1072 2.551 0.2969 0.7396
2LV0 1073 2.244 0.2962 0.7708
2LV0 1074 2.213 0.2878 0.7708
2LV0 1075 2.239 0.2806 0.7708
2LV0 1076 2.203 0.2747 0.7604
2LV0 1077 2.087 0.3063 0.7813
2LV0 1078 1.841 0.3423 0.8229
2LV0 1079 2.161 0.3043 0.7813
2LV0 1080 2.472 0.2543 0.7604
2LV0 1081 2.172 0.2674 0.7500
2LV0 1082 2.501 0.2953 0.7396
2LV0 1083 2.396 0.2701 0.7604
2LV0 1084 1.908 0.3196 0.7917
2LV0 1085 2.075 0.2922 0.7604
2LV0 1086 2.446 0.2877 0.7292
2LV0 1087 2.159 0.2589 0.7500
2LV0 1088 2.065 0.2627 0.7708
2LV0 1089 2.098 0.3195 0.8021
2LV0 1090 2.263 0.2815 0.7500
2LV0 1091 2.104 0.3082 0.7708
2LV0 1092 2.157 0.2557 0.7604
2LV0 1093 2.317 0.3085 0.7917
2LV0 1094 2.338 0.3133 0.8229
2LV0 1095 2.121 0.3167 0.7917
2LV0 1096 2.040 0.2874 0.7708
2LV0 1097 2.331 0.3001 0.7708
2LV0 1098 2.080 0.2998 0.7708
2LV0 1099 1.795 0.3204 0.8125
2LV0 1100 1.859 0.3095 0.7813
2LV0 1101 2.342 0.2877 0.7604
2LV0 1102 2.281 0.3329 0.8125
2LV0 1103 2.154 0.2684 0.7604
2LV0 1104 2.008 0.3158 0.7917
2LV0 1105 2.245 0.3344 0.8125
2LV0 1106 2.398 0.3211 0.7917
2LV0 1107 2.267 0.3273 0.7917
2LV0 1108 1.936 0.3377 0.8021
2LV0 1109 1.873 0.3501 0.7917
2LV0 1110 2.486 0.2966 0.7813
2LV0 1111 2.465 0.3163 0.7917
2LV0 1112 2.378 0.3192 0.7813
2LV0 1113 2.031 0.2997 0.7813
2LV0 1114 2.139 0.3336 0.7917
2LV0 1115 2.340 0.2998 0.7604
2LV0 1116 2.071 0.3329 0.7917
2LV0 1117 2.096 0.3002 0.7708
2LV0 1118 2.087 0.3349 0.8125
2LV0 1119 2.021 0.3222 0.8021
2LV0 1120 1.979 0.3707 0.7917
2LV0 1121 1.915 0.3538 0.8125
2LV0 1122 2.143 0.2822 0.7500
2LV0 1123 1.978 0.3082 0.8021
2LV0 1124 2.013 0.3006 0.7917
2LV0 1125 1.979 0.3103 0.7813
2LV0 1126 2.190 0.3007 0.7813
2LV0 1127 1.859 0.3129 0.7917
2LV0 1128 1.848 0.3268 0.7813
2LV0 1129 2.085 0.2983 0.7917
2LV0 1130 2.336 0.3059 0.7500
2LV0 1131 2.117 0.3024 0.7604
2LV0 1132 2.135 0.3362 0.8021
2LV0 1133 1.990 0.3336 0.8021
2LV0 1134 1.948 0.2761 0.7604
2LV0 1135 2.115 0.3169 0.8021
2LV0 1136 2.321 0.2942 0.7500
2LV0 1137 1.979 0.3580 0.7917
2LV0 1138 1.811 0.3477 0.7917
2LV0 1139 1.771 0.3418 0.8125
2LV0 1140 2.054 0.2784 0.7708
2LV0 1141 2.217 0.2903 0.7813
2LV0 1142 2.128 0.2831 0.7813
2LV0 1143 1.873 0.3478 0.8125
2LV0 1144 2.045 0.3272 0.7813
2LV0 1145 2.316 0.3439 0.8021
2LV0 1146 2.208 0.3148 0.7917
2LV0 1147 2.356 0.2948 0.7604
2LV0 1148 1.874 0.3403 0.8021
2LV0 1149 1.781 0.3454 0.8125
2LV0 1150 2.109 0.3233 0.8021
2LV0 1151 2.384 0.2763 0.7604
2LV0 1152 2.323 0.2837 0.7708
2LV0 1153 1.978 0.3244 0.7917
2LV0 1154 1.932 0.3735 0.8333
2LV0 1155 2.313 0.3513 0.8229
2LV0 1156 2.234 0.3200 0.7813
2LV0 1157 2.087 0.3298 0.7813
2LV0 1158 1.815 0.3908 0.8229
2LV0 1159 2.240 0.3536 0.7917
2LV0 1160 2.309 0.2799 0.7604
2LV0 1161 1.850 0.2881 0.7813
2LV0 1162 1.973 0.2889 0.7708
2LV0 1163 2.267 0.3845 0.8125
2LV0 1164 2.369 0.3013 0.7708
2LV0 1165 2.097 0.3203 0.7917
2LV0 1166 2.041 0.3096 0.7708
2LV0 1167 2.193 0.3013 0.7708
2LV0 1168 2.242 0.3835 0.8021
2LV0 1169 1.878 0.3603 0.8021
2LV0 1170 1.832 0.3650 0.7917
2LV0 1171 2.351 0.3108 0.7604
2LV0 1172 1.856 0.3790 0.8229
2LV0 1173 2.022 0.2831 0.7813
2LV0 1174 1.798 0.2979 0.7917
2LV0 1175 2.080 0.3116 0.7813
2LV0 1176 2.450 0.3273 0.8021
2LV0 1177 2.172 0.3041 0.8021
2LV0 1178 1.835 0.3506 0.8021
2LV0 1179 2.006 0.3556 0.7917
2LV0 1180 1.861 0.3850 0.8125
2LV0 1181 2.249 0.3079 0.7708
2LV0 1182 2.163 0.3306 0.8021
2LV0 1183 2.299 0.2844 0.7813
2LV0 1184 2.276 0.3132 0.7917
2LV0 1185 2.191 0.3170 0.8125
2LV0 1186 1.905 0.2935 0.7813
2LV0 1187 2.508 0.3049 0.7604
2LV0 1188 2.215 0.3063 0.7813
2LV0 1189 2.065 0.2795 0.7917
2LV0 1190 2.497 0.2888 0.7500
2LV0 1191 2.127 0.3319 0.7917
2LV0 1192 2.283 0.3097 0.7708
2LV0 1193 1.789 0.3615 0.8125
2LV0 1194 1.700 0.3424 0.8021
2LV0 1195 2.256 0.3010 0.7708
2LV0 1196 2.321 0.3301 0.8021
2LV0 1197 2.382 0.3299 0.7813
2LV0 1198 1.998 0.3494 0.8125
2LV0 1199 2.157 0.2926 0.7604
2LV0 1200 2.443 0.2782 0.7708
2LV0 1201 2.189 0.2974 0.7708
2LV0 1202 2.486 0.3876 0.8021
2LV0 1203 2.296 0.3427 0.7813
2LV0 1204 2.149 0.2974 0.7604
2LV0 1205 2.193 0.3449 0.8125
2LV0 1206 2.218 0.2966 0.7708
2LV0 1207 2.414 0.2813 0.7604
2LV0 1208 2.137 0.2845 0.7708
2LV0 1209 2.077 0.2949 0.7813
2LV0 1210 2.075 0.3254 0.7917
2LV0 1211 2.527 0.2960 0.7708
2LV0 1212 2.211 0.2721 0.7813
2LV0 1213 1.743 0.3782 0.8229
2LV0 1214 1.620 0.3271 0.8125
2LV0 1215 2.477 0.2997 0.7604
2LV0 1216 2.440 0.2649 0.7500
2LV0 1217 2.069 0.3193 0.7708
2LV0 1218 1.973 0.3614 0.8021
2LV0 1219 2.251 0.3003 0.8021
2LV0 1220 2.215 0.2803 0.7813
2LV0 1221 2.112 0.2711 0.7500
2LV0 1222 2.331 0.2616 0.7604
2LV0 1223 1.840 0.3768 0.8229
2LV0 1224 2.105 0.2848 0.7604
2LV0 1225 2.194 0.3228 0.7604
2LV0 1226 2.312 0.3543 0.8021
2LV0 1227 1.866 0.2986 0.7917
2LV0 1228 2.265 0.3099 0.7813
2LV0 1229 2.545 0.3325 0.7813
2LV0 1230 1.922 0.3127 0.7917
2LV0 1231 2.087 0.3321 0.8021
2LV0 1232 1.797 0.3724 0.8229
2LV0 1233 2.210 0.2690 0.7604
2LV0 1234 2.295 0.2611 0.7500
2LV0 1235 2.262 0.3021 0.7604
2LV0 1236 2.001 0.2720 0.7708
2LV0 1237 1.995 0.3380 0.7917
2LV0 1238 2.325 0.3598 0.7917
2LV0 1239 1.978 0.3618 0.8125
2LV0 1240 1.866 0.3276 0.8125
2LV0 1241 1.968 0.2929 0.7708
2LV0 1242 1.648 0.3137 0.8021
2LV0 1243 2.332 0.3065 0.7813
2LV0 1244 2.319 0.2771 0.7813
2LV0 1245 1.728 0.2584 0.7708
2LV0 1246 1.833 0.2991 0.7813
2LV0 1247 1.896 0.2872 0.7708
2LV0 1248 2.191 0.2606 0.7708
2LV0 1249 2.240 0.2502 0.7604
2LV0 1250 2.138 0.2604 0.7708
2LV0 1251 2.082 0.3062 0.7917
2LV0 1252 2.143 0.2715 0.7813
2LV0 1253 2.027 0.3031 0.7917
2LV0 1254 2.181 0.2915 0.7813
2LV0 1255 1.930 0.3217 0.8125
2LV0 1256 1.979 0.3917 0.8125
2LV0 1257 2.008 0.3016 0.8021
2LV0 1258 2.613 0.3087 0.7604
2LV0 1259 2.820 0.3206 0.7708
2LV0 1260 2.441 0.2701 0.7813
2LV0 1261 1.519 0.3463 0.8229
2LV0 1262 2.144 0.3662 0.7917
2LV0 1263 2.313 0.3521 0.8021
2LV0 1264 2.078 0.3294 0.7917
2LV0 1265 1.946 0.3391 0.7917
2LV0 1266 1.831 0.3314 0.8125
2LV0 1267 1.739 0.2723 0.8021
2LV0 1268 1.781 0.2715 0.7708
2LV0 1269 1.727 0.2852 0.7917
2LV0 1270 1.688 0.3632 0.8021
2LV0 1271 2.276 0.2670 0.7396
2LV0 1272 1.827 0.3104 0.8021
2LV0 1273 2.162 0.2445 0.7500
2LV0 1274 2.220 0.2575 0.7708
2LV0 1275 1.956 0.2907 0.7708
2LV0 1276 2.297 0.2943 0.7396
2LV0 1277 2.282 0.2734 0.7500
2LV0 1278 2.144 0.2973 0.7708
2LV0 1279 1.974 0.3099 0.7604
2LV0 1280 1.897 0.3263 0.7917
2LV0 1281 1.765 0.2910 0.7813
2LV0 1282 1.806 0.3040 0.7708
2LV0 1283 1.712 0.3358 0.8021
2LV0 1284 1.786 0.2898 0.7708
2LV0 1285 1.918 0.2644 0.7292
2LV0 1286 1.923 0.3043 0.7813
2LV0 1287 1.845 0.3236 0.7708
2LV0 1288 1.857 0.2769 0.7604
2LV0 1289 1.947 0.2949 0.7813
2LV0 1290 1.647 0.3067 0.8021
2LV0 1291 1.788 0.3090 0.8021
2LV0 1292 1.925 0.2578 0.7500
2LV0 1293 1.880 0.2637 0.7604
2LV0 1294 1.787 0.3447 0.7917
2LV0 1295 1.678 0.3310 0.8021
2LV0 1296 1.864 0.2982 0.7708
2LV0 1297 1.870 0.3825 0.8125
2LV0 1298 1.723 0.3728 0.8125
2LV0 1299 1.871 0.3180 0.7813
2LV0 1300 1.787 0.3505 0.8125
2LV0 1301 1.917 0.3258 0.7708
2LV0 1302 1.806 0.2805 0.7917
2LV0 1303 1.661 0.4115 0.8542
2LV0 1304 1.680 0.3247 0.7917
2LV0 1305 1.806 0.3038 0.7813
2LV0 1306 1.661 0.3043 0.8021
2LV0 1307 1.804 0.3429 0.8021
2LV0 1308 1.605 0.3575 0.8333
2LV0 1309 1.532 0.3453 0.8229
2LV0 1310 1.654 0.3136 0.7917
2LV0 1311 1.883 0.3062 0.7917
2LV0 1312 2.011 0.2723 0.7604
2LV0 1313 1.696 0.3353 0.8021
2LV0 1314 1.718 0.3396 0.8125
2LV0 1315 1.688 0.3383 0.7917
2LV0 1316 2.060 0.2968 0.7708
2LV0 1317 1.943 0.2633 0.7604
2LV0 1318 1.904 0.3750 0.8438
2LV0 1319 1.826 0.3520 0.8229
2LV0 1320 1.664 0.3596 0.8021
2LV0 1321 1.901 0.3234 0.8021
2LV0 1322 1.639 0.3153 0.8021
2LV0 1323 1.644 0.3308 0.8229
2LV0 1324 1.926 0.3109 0.7813
2LV0 1325 2.079 0.3011 0.7500
2LV0 1326 2.224 0.3132 0.7708
2LV0 1327 1.992 0.3196 0.7708
2LV0 1328 1.848 0.2876 0.7917
2LV0 1329 2.142 0.2806 0.7292
2LV0 1330 1.857 0.3624 0.8125
2LV0 1331 2.198 0.2844 0.7604
2LV0 1332 2.232 0.2511 0.7188
2LV0 1333 1.990 0.3577 0.8125
2LV0 1334 2.183 0.3127 0.7604
2LV0 1335 2.330 0.2959 0.7813
2LV0 1336 2.204 0.2477 0.7396
2LV0 1337 2.037 0.3641 0.8125
2LV0 1338 2.401 0.3767 0.7813
2LV0 1339 2.018 0.3714 0.7917
2LV0 1340 2.128 0.3662 0.8125
2LV0 1341 2.010 0.3183 0.7708
2LV0 1342 2.173 0.3334 0.7813
2LV0 1343 2.010 0.3453 0.7917
2LV0 1344 1.810 0.3660 0.8125
2LV0 1345 1.985 0.3230 0.7604
2LV0 1346 2.041 0.3509 0.8125
2LV0 1347 2.013 0.3557 0.8125
2LV0 1348 1.842 0.3636 0.8333
2LV0 1349 1.883 0.3161 0.7917
2LV0 1350 2.043 0.3382 0.8021
2LV0 1351 2.268 0.3341 0.8125
2LV0 1352 2.312 0.3315 0.7813
2LV0 1353 2.024 0.3628 0.8125
2LV0 1354 2.134 0.3430 0.7917
2LV0 1355 1.978 0.3339 0.7917
2LV0 1356 1.780 0.3288 0.8125
2LV0 1357 2.148 0.2898 0.7500
2LV0 1358 1.937 0.2954 0.7604
2LV0 1359 2.171 0.3103 0.7500
2LV0 1360 2.307 0.2861 0.7396
2LV0 1361 1.917 0.2905 0.7813
2LV0 1362 1.964 0.3156 0.7813
2LV0 1363 1.976 0.3005 0.7813
2LV0 1364 2.148 0.3016 0.7396
2LV0 1365 2.029 0.2980 0.7604
2LV0 1366 1.759 0.3446 0.8125
2LV0 1367 1.832 0.3159 0.7813
2LV0 1368 1.493 0.3836 0.8438
2LV0 1369 1.614 0.3034 0.8021
2LV0 1370 1.944 0.2892 0.7604
2LV0 1371 1.962 0.3108 0.7604
2LV0 1372 2.044 0.2854 0.7708
2LV0 1373 2.009 0.2649 0.7500
2LV0 1374 1.793 0.2937 0.7813
2LV0 1375 2.087 0.2701 0.7396
2LV0 1376 2.181 0.3074 0.7604
2LV0 1377 1.941 0.3693 0.8125
2LV0 1378 1.847 0.3492 0.8125
2LV0 1379 2.195 0.2337 0.7292
2LV0 1380 1.640 0.3808 0.8333
2LV0 1381 2.027 0.2696 0.7500
2LV0 1382 1.719 0.3220 0.8125
2LV0 1383 1.775 0.2909 0.7917
2LV0 1384 1.772 0.2916 0.8021
2LV0 1385 1.863 0.3176 0.8021
2LV0 1386 2.310 0.2834 0.7188
2LV0 1387 2.020 0.3050 0.7813
2LV0 1388 1.556 0.3808 0.8333
2LV0 1389 2.060 0.2583 0.7604
2LV0 1390 2.146 0.2924 0.7813
2LV0 1391 1.911 0.3092 0.7708
2LV0 1392 2.047 0.3077 0.7604
2LV0 1393 2.084 0.2801 0.7500
2LV0 1394 2.196 0.2244 0.7292
2LV0 1395 1.941 0.2663 0.7708
2LV0 1396 1.790 0.2652 0.7813
2LV0 1397 1.651 0.2779 0.7813
2LV0 1398 1.698 0.2688 0.7708
2LV0 1399 1.857 0.2413 0.7604
2LV0 1400 1.926 0.2466 0.7604
2LV0 1401 1.984 0.2438 0.7396
2LV0 1402 1.794 0.2490 0.7813
2LV0 1403 1.950 0.3028 0.7604
2LV0 1404 1.963 0.2732 0.7708
2LV0 1405 2.020 0.2538 0.7500
2LV0 1406 1.969 0.2573 0.7500
2LV0 1407 1.816 0.2546 0.7500
2LV0 1408 1.901 0.2933 0.7708
2LV0 1409 1.960 0.2835 0.7708
2LV0 1410 1.765 0.3217 0.7917
2LV0 1411 1.934 0.2755 0.7708
2LV0 1412 1.867 0.2544 0.7604
2LV0 1413 2.039 0.2475 0.7604
2LV0 1414 1.964 0.2629 0.7500
2LV0 1415 2.199 0.2563 0.7292
2LV0 1416 2.164 0.2178 0.7292
2LV0 1417 2.258 0.2214 0.7083
2LV0 1418 1.812 0.3166 0.7813
2LV0 1419 1.875 0.2877 0.7813
2LV0 1420 1.773 0.3252 0.7917
2LV0 1421 1.723 0.3649 0.8229
2LV0 1422 1.936 0.3293 0.8125
2LV0 1423 1.553 0.3263 0.8125
2LV0 1424 1.937 0.2873 0.8125
2LV0 1425 1.873 0.3704 0.8229
2LV0 1426 2.043 0.3751 0.8021
2LV0 1427 1.980 0.3290 0.7917
2LV0 1428 1.829 0.3349 0.7813
2LV0 1429 1.896 0.2876 0.7813
2LV0 1430 2.118 0.3109 0.7917
2LV0 1431 1.875 0.2825 0.7813
2LV0 1432 1.696 0.3511 0.8125
2LV0 1433 1.593 0.3637 0.8438
2LV0 1434 1.773 0.3313 0.7917
2LV0 1435 1.774 0.2904 0.7917
2LV0 1436 1.809 0.3272 0.8125
2LV0 1437 1.489 0.3896 0.8438
2LV0 1438 1.656 0.3920 0.8438
2LV0 1439 1.886 0.3627 0.8229
2LV0 1440 1.701 0.3229 0.7813
2LV0 1441 1.613 0.3095 0.8021
2LV0 1442 1.640 0.3491 0.8229
2LV0 1443 1.500 0.3500 0.8333
2LV0 1444 1.423 0.4017 0.8438
2LV0 1445 1.737 0.3474 0.8021
2LV0 1446 1.726 0.3796 0.8438
2LV0 1447 1.456 0.3405 0.8438
2LV0 1448 1.534 0.3899 0.8542
2LV0 1449 1.362 0.4406 0.8750
2LV0 1450 1.571 0.3885 0.8438
2LV0 1451 1.908 0.3597 0.8125
2LV0 1452 1.755 0.3361 0.8021
2LV0 1453 1.582 0.3745 0.8438
2LV0 1454 1.796 0.3233 0.8333
2LV0 1455 2.061 0.3018 0.7604
2LV0 1456 1.874 0.2628 0.7708
2LV0 1457 1.732 0.3546 0.8021
2LV0 1458 1.924 0.3097 0.8021
2LV0 1459 1.551 0.4429 0.8854
2LV0 1460 1.371 0.3782 0.8542
2LV0 1461 1.757 0.2883 0.7813
2LV0 1462 1.700 0.4176 0.8333
2LV0 1463 2.012 0.3678 0.8229
2LV0 1464 2.022 0.3336 0.8333
2LV0 1465 1.864 0.3466 0.8021
2LV0 1466 1.694 0.3770 0.8438
2LV0 1467 1.811 0.3101 0.8021
2LV0 1468 2.005 0.3483 0.7917
2LV0 1469 2.042 0.4022 0.8333
2LV0 1470 1.948 0.3151 0.7917
2LV0 1471 1.814 0.3482 0.8125
2LV0 1472 2.042 0.3188 0.7813
2LV0 1473 1.794 0.4001 0.8438
2LV0 1474 1.777 0.3825 0.8229
2LV0 1475 1.676 0.3561 0.8229
2LV0 1476 1.907 0.3631 0.8125
2LV0 1477 1.624 0.3991 0.8438
2LV0 1478 1.859 0.2915 0.7708
2LV0 1479 1.709 0.3313 0.8021
2LV0 1480 1.632 0.4057 0.8333
2LV0 1481 1.797 0.3154 0.8021
2LV0 1482 1.969 0.3810 0.8229
2LV0 1483 1.652 0.3672 0.8438
2LV0 1484 1.631 0.3340 0.8021
2LV0 1485 1.979 0.3966 0.8333
2LV0 1486 1.904 0.3125 0.7708
2LV0 1487 1.529 0.3592 0.8333
2LV0 1488 1.773 0.3902 0.8438
2LV0 1489 2.076 0.3185 0.7708
2LV0 1490 1.539 0.3888 0.8646
2LV0 1491 1.635 0.2838 0.7813
2LV0 1492 1.585 0.3821 0.8333
2LV0 1493 2.059 0.2817 0.7604
2LV0 1494 1.821 0.3231 0.7813
2LV0 1495 1.898 0.3449 0.7813
2LV0 1496 2.089 0.3098 0.8021
2LV0 1497 2.253 0.3222 0.7813
2LV0 1498 1.730 0.3623 0.8333
2LV0 1499 1.490 0.3449 0.8542
2LV0 1500 1.701 0.3988 0.8646
2LV0 1501 1.769 0.3280 0.8229
2LV0 1502 1.725 0.3971 0.8333
2LV0 1503 1.766 0.3649 0.8229
2LV0 1504 1.700 0.3775 0.8125
2LV0 1505 1.631 0.3517 0.8229
2LV0 1506 2.100 0.2894 0.7813
2LV0 1507 1.661 0.4018 0.8438
2LV0 1508 2.106 0.3339 0.8125
2LV0 1509 1.990 0.3417 0.7917
2LV0 1510 1.575 0.3745 0.8333
2LV0 1511 1.775 0.3476 0.8021
2LV0 1512 1.517 0.4375 0.8646
2LV0 1513 2.063 0.3837 0.8438
2LV0 1514 1.926 0.3610 0.8229
2LV0 1515 1.901 0.3414 0.7813
2LV0 1516 1.862 0.3709 0.7917
2LV0 1517 1.599 0.4054 0.8542
2LV0 1518 1.759 0.3941 0.8438
2LV0 1519 2.047 0.3713 0.8021
2LV0 1520 1.675 0.3963 0.8438
2LV0 1521 1.545 0.3487 0.8438
2LV0 1522 1.620 0.4042 0.8333
2LV0 1523 1.724 0.3284 0.8229
2LV0 1524 1.633 0.3648 0.8125
2LV0 1525 1.755 0.4091 0.8438
2LV0 1526 1.679 0.4057 0.8438
2LV0 1527 1.741 0.3418 0.8125
2LV0 1528 2.058 0.2776 0.7500
2LV0 1529 1.564 0.4282 0.8333
2LV0 1530 1.574 0.3992 0.8542
2LV0 1531 1.859 0.3611 0.8125
2LV0 1532 1.645 0.3437 0.8229
2LV0 1533 2.015 0.3307 0.7708
2LV0 1534 2.314 0.2982 0.7292
2LV0 1535 1.843 0.3143 0.8021
2LV0 1536 1.738 0.3115 0.8021
2LV0 1537 1.561 0.3301 0.8021
2LV0 1538 2.208 0.2691 0.7500
2LV0 1539 2.291 0.3153 0.7500
2LV0 1540 2.111 0.2798 0.7500
2LV0 1541 1.821 0.3932 0.8021
2LV0 1542 2.077 0.2852 0.7396
2LV0 1543 1.799 0.3167 0.7813
2LV0 1544 1.940 0.2969 0.7604
2LV0 1545 1.624 0.3293 0.8021
2LV0 1546 2.029 0.3032 0.7813
2LV0 1547 1.925 0.3411 0.7708
2LV0 1548 1.938 0.3145 0.8021
2LV0 1549 1.852 0.2682 0.7708
2LV0 1550 1.924 0.3300 0.7604
2LV0 1551 1.881 0.2757 0.7604
2LV0 1552 1.779 0.3742 0.8021
2LV0 1553 1.522 0.4060 0.8438
2LV0 1554 2.035 0.2899 0.7708
2LV0 1555 2.110 0.3056 0.7708
2LV0 1556 1.581 0.4258 0.8438
2LV0 1557 1.948 0.2910 0.7708
2LV0 1558 1.646 0.3302 0.8125
2LV0 1559 1.676 0.3069 0.7813
2LV0 1560 1.632 0.3306 0.8125
2LV0 1561 1.600 0.3927 0.8229
2LV0 1562 1.469 0.4191 0.8438
2LV0 1563 1.536 0.3820 0.8125
2LV0 1564 1.799 0.3253 0.8125
2LV0 1565 1.896 0.3760 0.8125
2LV0 1566 2.001 0.3385 0.7813
2LV0 1567 1.785 0.3311 0.7917
2LV0 1568 1.705 0.3539 0.8125
2LV0 1569 1.980 0.2705 0.7708
2LV0 1570 1.624 0.3811 0.8438
2LV0 1571 1.908 0.3726 0.8229
2LV0 1572 1.587 0.4132 0.8542
2LV0 1573 1.866 0.3474 0.7813
2LV0 1574 1.886 0.3282 0.7813
2LV0 1575 2.014 0.2645 0.7500
2LV0 1576 1.818 0.3137 0.7813
2LV0 1577 2.176 0.2725 0.7500
2LV0 1578 2.068 0.2866 0.7500
2LV0 1579 2.240 0.2514 0.7083
2LV0 1580 2.189 0.3093 0.7708
2LV0 1581 2.005 0.3621 0.8125
2LV0 1582 1.939 0.3569 0.7917
2LV0 1583 1.686 0.3000 0.8125
2LV0 1584 1.537 0.3734 0.8229
2LV0 1585 1.333 0.3405 0.8438
2LV0 1586 1.773 0.3251 0.8125
2LV0 1587 1.678 0.2785 0.8021
2LV0 1588 1.691 0.3381 0.8125
2LV0 1589 1.574 0.3756 0.8333
2LV0 1590 1.527 0.3035 0.8229
2LV0 1591 1.459 0.3868 0.8750
2LV0 1592 1.525 0.3877 0.8438
2LV0 1593 1.709 0.3027 0.7813
2LV0 1594 1.573 0.3270 0.8021
2LV0 1595 1.753 0.3007 0.7917
2LV0 1596 2.104 0.2308 0.7083
2LV0 1597 1.764 0.2901 0.7813
2LV0 1598 1.522 0.3408 0.8125
2LV0 1599 1.903 0.3333 0.8021
2LV0 1600 1.923 0.3601 0.8229
2LV0 1601 2.153 0.3453 0.7708
2LV0 1602 2.147 0.3512 0.7813
2LV0 1603 2.057 0.3465 0.7813
2LV0 1604 2.198 0.3314 0.7708
2LV0 1605 2.232 0.3095 0.7604
2LV0 1606 2.264 0.3229 0.7917
2LV0 1607 2.074 0.3098 0.7813
2LV0 1608 1.949 0.3634 0.8021
2LV0 1609 2.208 0.2980 0.7604
2LV0 1610 2.181 0.3279 0.7813
2LV0 1611 2.196 0.3208 0.7813
2LV0 1612 2.389 0.3381 0.7500
2LV0 1613 2.325 0.3183 0.7500
2LV0 1614 2.027 0.3271 0.7813
2LV0 1615 2.645 0.3161 0.7500
2LV0 1616 2.297 0.3431 0.7813
2LV0 1617 1.918 0.3306 0.7917
