1KKA 1 0.000 1.0000 1.0000
1KKA 2 0.702 0.5829 0.9706
1KKA 3 2.971 0.3812 0.7794
1KKA 4 2.131 0.5285 0.8676
1KKA 5 4.533 0.2781 0.7206
1KKA 6 4.831 0.2864 0.6912
1KKA 7 4.323 0.3498 0.7794
1KKA 8 4.420 0.4151 0.7794
1KKA 9 9.306 0.1723 0.4118
1KKA 10 8.307 0.1369 0.4559
1KKA 11 7.503 0.1532 0.4559
1KKA 12 6.688 0.1715 0.4853
1KKA 13 7.835 0.1421 0.5735
1KKA 14 4.904 0.1172 0.5294
1KKA 15 7.011 0.1869 0.5735
1KKA 16 4.451 0.1986 0.6029
1KKA 17 6.611 0.1437 0.4412
1KKA 18 8.847 0.1414 0.4412
1KKA 19 7.418 0.1494 0.5000
1KKA 20 6.278 0.1341 0.5147
1KKA 21 7.537 0.2029 0.5735
1KKA 22 5.725 0.2204 0.6324
1KKA 23 7.809 0.1776 0.4118
1KKA 24 4.183 0.1941 0.6765
1KKA 25 2.802 0.1991 0.6912
1KKA 26 4.225 0.1700 0.6618
1KKA 27 7.654 0.1802 0.5441
1KKA 28 3.605 0.1095 0.6176
1KKA 29 3.711 0.2254 0.6618
1KKA 30 3.920 0.1641 0.6176
1KKA 31 5.280 0.1922 0.6029
1KKA 32 5.909 0.2176 0.6176
1KKA 33 6.766 0.1816 0.5588
1KKA 34 4.103 0.1699 0.6471
1KKA 35 5.381 0.2071 0.6324
1KKA 36 5.214 0.2007 0.6324
1KKA 37 5.895 0.1771 0.6029
1KKA 38 5.056 0.2195 0.6765
1KKA 39 6.375 0.2363 0.6176
1KKA 40 4.664 0.2175 0.6176
1KKA 41 4.109 0.1899 0.6765
1KKA 42 2.722 0.2105 0.7059
1KKA 43 5.417 0.1953 0.6176
1KKA 44 5.097 0.2187 0.6176
1KKA 45 6.076 0.2037 0.5882
1KKA 46 4.240 0.1859 0.6324
1KKA 47 3.493 0.2101 0.6618
1KKA 48 6.730 0.2004 0.5882
1KKA 49 8.512 0.1251 0.4853
1KKA 50 9.736 0.1549 0.3676
1KKA 51 6.276 0.1309 0.4559
1KKA 52 7.796 0.1055 0.4412
1KKA 53 6.120 0.0947 0.4559
1KKA 54 6.959 0.1268 0.4706
1KKA 55 4.631 0.2428 0.6471
1KKA 56 3.858 0.1957 0.5882
1KKA 57 4.474 0.2005 0.6324
1KKA 58 4.221 0.1983 0.6471
1KKA 59 4.171 0.2023 0.6324
1KKA 60 4.079 0.2094 0.6618
1KKA 61 7.865 0.1851 0.4559
1KKA 62 4.613 0.2049 0.6471
1KKA 63 3.812 0.1960 0.6618
1KKA 64 4.691 0.1974 0.6029
1KKA 65 5.145 0.1604 0.6029
1KKA 66 3.627 0.2106 0.6765
1KKA 67 5.159 0.2251 0.6324
1KKA 68 2.954 0.2171 0.6912
1KKA 69 4.677 0.1986 0.6324
1KKA 70 4.875 0.2161 0.5735
1KKA 71 5.135 0.1439 0.5735
1KKA 72 4.337 0.2203 0.6618
1KKA 73 4.454 0.1931 0.6618
1KKA 74 4.662 0.2017 0.6176
1KKA 75 4.797 0.2143 0.6176
1KKA 76 3.923 0.2027 0.6324
1KKA 77 4.659 0.2054 0.6176
1KKA 78 4.561 0.2079 0.6324
1KKA 79 4.415 0.2017 0.6324
1KKA 80 6.426 0.2197 0.5735
1KKA 81 5.065 0.1984 0.5882
1KKA 82 4.146 0.1762 0.6324
1KKA 83 5.356 0.2049 0.5882
1KKA 84 4.861 0.1672 0.5882
1KKA 85 4.368 0.2301 0.6471
1KKA 86 4.051 0.2222 0.6618
1KKA 87 4.247 0.1874 0.6471
1KKA 88 5.365 0.2080 0.6029
1KKA 89 4.322 0.1200 0.5588
1KKA 90 8.121 0.1608 0.4706
1KKA 91 5.407 0.1651 0.5882
1KKA 92 4.701 0.2073 0.5441
1KKA 93 8.624 0.1212 0.4265
1KKA 94 7.666 0.1369 0.4853
1KKA 95 5.990 0.1546 0.5882
1KKA 96 3.016 0.1851 0.6324
1KKA 97 8.584 0.1682 0.5000
1KKA 98 5.308 0.1426 0.6176
1KKA 99 5.451 0.1529 0.5882
1KKA 100 4.473 0.1805 0.5882
1KKA 101 6.421 0.1993 0.5441
1KKA 102 4.709 0.2363 0.6324
1KKA 103 4.077 0.1770 0.6471
1KKA 104 4.707 0.1475 0.6324
1KKA 105 6.220 0.2272 0.5441
1KKA 106 5.887 0.2333 0.5147
1KKA 107 5.775 0.1942 0.6029
1KKA 108 4.638 0.1932 0.6176
1KKA 109 7.805 0.2038 0.5147
1KKA 110 7.442 0.1455 0.4853
1KKA 111 3.485 0.2077 0.6765
1KKA 112 8.633 0.1586 0.4118
1KKA 113 5.258 0.1774 0.5882
1KKA 114 3.210 0.1862 0.6324
1KKA 115 4.656 0.2006 0.6176
1KKA 116 2.664 0.2393 0.7059
1KKA 117 6.876 0.1966 0.5588
1KKA 118 4.375 0.2293 0.6324
1KKA 119 5.716 0.2048 0.5735
1KKA 120 2.864 0.2574 0.7059
1KKA 121 3.417 0.2451 0.6765
1KKA 122 6.936 0.1924 0.5441
1KKA 123 5.266 0.2323 0.6029
1KKA 124 3.686 0.2009 0.6471
1KKA 125 4.188 0.1908 0.6324
1KKA 126 4.547 0.2254 0.6765
1KKA 127 5.308 0.2146 0.6176
1KKA 128 4.119 0.2204 0.6471
1KKA 129 6.672 0.1476 0.5000
1KKA 130 6.331 0.1754 0.4559
1KKA 131 10.225 0.1660 0.3824
1KKA 132 9.430 0.0973 0.4853
1KKA 133 8.159 0.1155 0.4412
1KKA 134 2.857 0.1648 0.7059
1KKA 135 4.918 0.1709 0.5882
1KKA 136 8.827 0.1570 0.4706
1KKA 137 7.784 0.1739 0.5000
1KKA 138 5.375 0.1744 0.6029
1KKA 139 5.516 0.0725 0.5147
1KKA 140 5.121 0.2106 0.6324
1KKA 141 8.200 0.1384 0.5294
1KKA 142 5.580 0.2066 0.5882
1KKA 143 5.315 0.2188 0.5882
1KKA 144 4.396 0.1929 0.6324
1KKA 145 4.471 0.1905 0.6324
1KKA 146 5.911 0.2035 0.5735
1KKA 147 4.454 0.2410 0.6324
1KKA 148 4.095 0.2215 0.6765
1KKA 149 3.129 0.1800 0.7059
1KKA 150 6.541 0.2065 0.5882
1KKA 151 5.504 0.1947 0.6176
1KKA 152 4.686 0.1684 0.5882
1KKA 153 6.464 0.2266 0.5882
1KKA 154 2.171 0.2076 0.7500
1KKA 155 5.136 0.1673 0.5882
1KKA 156 4.077 0.2139 0.6765
1KKA 157 3.867 0.2265 0.6324
1KKA 158 5.451 0.2225 0.6029
1KKA 159 6.404 0.1168 0.5000
1KKA 160 4.039 0.1912 0.6324
1KKA 161 5.159 0.2036 0.6029
1KKA 162 4.579 0.2187 0.6618
1KKA 163 4.256 0.2141 0.6324
1KKA 164 3.908 0.1987 0.6618
1KKA 165 4.484 0.2094 0.6324
1KKA 166 3.912 0.1967 0.6324
1KKA 167 3.991 0.2195 0.6471
1KKA 168 4.031 0.1927 0.6618
1KKA 169 6.069 0.1753 0.5147
1KKA 170 5.665 0.2152 0.5882
1KKA 171 3.820 0.1984 0.6618
1KKA 172 5.268 0.2081 0.5882
1KKA 173 2.834 0.1798 0.7059
1KKA 174 3.595 0.1901 0.6471
1KKA 175 5.262 0.1620 0.6471
1KKA 176 7.004 0.2090 0.5735
1KKA 177 3.570 0.2210 0.6618
1KKA 178 4.249 0.1966 0.6765
1KKA 179 5.084 0.2001 0.6176
1KKA 180 3.545 0.2317 0.7059
1KKA 181 4.696 0.1693 0.6176
1KKA 182 4.626 0.2086 0.6324
1KKA 183 3.829 0.1627 0.6324
1KKA 184 5.078 0.2140 0.6176
1KKA 185 4.755 0.2097 0.6176
1KKA 186 3.660 0.2213 0.6765
1KKA 187 4.982 0.2215 0.6029
1KKA 188 4.480 0.2250 0.6618
1KKA 189 6.604 0.1834 0.5882
1KKA 190 4.922 0.1845 0.5882
1KKA 191 3.745 0.1895 0.6471
1KKA 192 4.195 0.1985 0.6471
1KKA 193 4.662 0.2189 0.6176
1KKA 194 5.620 0.2005 0.6029
1KKA 195 3.950 0.1991 0.6471
1KKA 196 4.433 0.2126 0.6324
1KKA 197 4.058 0.1914 0.6765
1KKA 198 4.519 0.2010 0.6324
1KKA 199 3.397 0.2165 0.6765
1KKA 200 4.051 0.1818 0.6618
1KKA 201 3.971 0.2094 0.6324
1KKA 202 4.462 0.2172 0.6471
1KKA 203 4.744 0.1935 0.6176
1KKA 204 4.384 0.2109 0.6324
1KKA 205 4.745 0.2045 0.6176
1KKA 206 3.798 0.1978 0.6471
1KKA 207 4.614 0.2260 0.6176
1KKA 208 3.627 0.2030 0.6471
1KKA 209 7.539 0.1582 0.5000
1KKA 210 10.666 0.1451 0.4853
1KKA 211 10.144 0.1211 0.3676
1KKA 212 9.951 0.1282 0.4265
1KKA 213 9.615 0.1636 0.3824
1KKA 214 7.079 0.1226 0.3971
1KKA 215 7.326 0.2075 0.5735
1KKA 216 6.855 0.2102 0.5735
1KKA 217 4.428 0.1930 0.6324
1KKA 218 4.178 0.1755 0.6471
1KKA 219 8.648 0.1098 0.4412
1KKA 220 7.637 0.1708 0.4853
1KKA 221 4.802 0.1890 0.6029
1KKA 222 5.224 0.1933 0.6029
1KKA 223 4.416 0.2107 0.6029
1KKA 224 7.839 0.2058 0.5000
1KKA 225 6.448 0.1099 0.5147
1KKA 226 4.169 0.2153 0.6618
1KKA 227 7.055 0.1293 0.5294
1KKA 228 6.788 0.1361 0.5441
1KKA 229 6.222 0.1564 0.5588
1KKA 230 6.293 0.2094 0.5588
1KKA 231 2.486 0.2258 0.7941
1KKA 232 7.034 0.2193 0.5735
1KKA 233 5.705 0.2329 0.6324
1KKA 234 2.309 0.2243 0.7500
1KKA 235 6.357 0.2101 0.5294
1KKA 236 2.484 0.1847 0.7059
1KKA 237 2.992 0.2438 0.6765
1KKA 238 5.505 0.2009 0.5735
1KKA 239 4.734 0.2094 0.6324
1KKA 240 4.289 0.2108 0.6471
1KKA 241 6.373 0.1838 0.5588
1KKA 242 3.794 0.2346 0.6471
1KKA 243 5.463 0.2003 0.6176
1KKA 244 4.128 0.1403 0.6324
1KKA 245 5.587 0.2313 0.6029
1KKA 246 5.698 0.2289 0.6029
1KKA 247 6.156 0.1047 0.4706
1KKA 248 7.257 0.1665 0.5294
1KKA 249 3.140 0.1971 0.6912
1KKA 250 5.599 0.1316 0.5147
1KKA 251 4.430 0.2063 0.6324
1KKA 252 3.103 0.2167 0.6471
1KKA 253 3.114 0.2060 0.7059
1KKA 254 5.899 0.2034 0.5147
1KKA 255 6.218 0.2364 0.6176
1KKA 256 4.922 0.2417 0.6176
1KKA 257 5.293 0.1980 0.6029
1KKA 258 2.488 0.1441 0.6618
1KKA 259 2.630 0.2157 0.7941
1KKA 260 5.506 0.1897 0.5882
1KKA 261 4.468 0.2331 0.6176
1KKA 262 2.227 0.2144 0.7353
1KKA 263 4.266 0.2371 0.6618
1KKA 264 5.528 0.1867 0.5882
1KKA 265 4.740 0.2155 0.6176
1KKA 266 4.779 0.2356 0.6324
1KKA 267 4.514 0.1913 0.6618
1KKA 268 4.605 0.2150 0.6324
1KKA 269 4.882 0.2007 0.6176
1KKA 270 4.584 0.2119 0.6176
1KKA 271 2.034 0.1837 0.7794
1KKA 272 4.572 0.2139 0.6765
1KKA 273 4.048 0.2266 0.6176
1KKA 274 5.274 0.1898 0.6176
1KKA 275 4.660 0.2121 0.6029
1KKA 276 4.381 0.1897 0.6324
1KKA 277 3.825 0.2038 0.6765
1KKA 278 4.805 0.2031 0.6029
1KKA 279 4.307 0.2185 0.6324
1KKA 280 4.550 0.2157 0.6029
1KKA 281 4.810 0.2136 0.6176
1KKA 282 3.882 0.1978 0.6765
1KKA 283 5.195 0.2085 0.5735
1KKA 284 4.547 0.1957 0.6176
1KKA 285 4.354 0.1978 0.6471
1KKA 286 4.506 0.2048 0.6176
1KKA 287 4.593 0.2176 0.6029
1KKA 288 4.887 0.2584 0.6324
1KKA 289 7.828 0.1348 0.4412
1KKA 290 4.048 0.1468 0.6176
1KKA 291 3.920 0.2370 0.7353
1KKA 292 3.532 0.2276 0.6765
1KKA 293 4.210 0.1745 0.6324
1KKA 294 4.274 0.2002 0.6471
1KKA 295 3.581 0.1264 0.6618
1KKA 296 3.450 0.1771 0.6912
1KKA 297 2.998 0.1960 0.6912
1KKA 298 4.849 0.1812 0.6176
1KKA 299 3.822 0.2225 0.6765
1KKA 300 4.082 0.2363 0.6912
1KKA 301 4.669 0.2025 0.6324
1KKA 302 4.410 0.1976 0.6618
1KKA 303 3.528 0.2221 0.6471
1KKA 304 3.447 0.2000 0.6912
1KKA 305 4.873 0.1961 0.6176
1KKA 306 5.114 0.1932 0.6029
1KKA 307 4.361 0.2113 0.6471
1KKA 308 5.842 0.1872 0.5882
1KKA 309 4.253 0.2087 0.6618
1KKA 310 3.789 0.2204 0.6471
1KKA 311 5.119 0.2076 0.6029
1KKA 312 4.102 0.2079 0.6471
1KKA 313 4.744 0.1442 0.6029
1KKA 314 4.828 0.2047 0.6176
1KKA 315 4.117 0.1841 0.6618
1KKA 316 4.663 0.2092 0.6471
1KKA 317 4.320 0.2368 0.6765
1KKA 318 5.357 0.1877 0.5882
1KKA 319 4.722 0.1896 0.5882
1KKA 320 4.233 0.2160 0.6618
1KKA 321 4.338 0.2333 0.6765
1KKA 322 5.664 0.1835 0.5882
1KKA 323 4.353 0.2104 0.6471
1KKA 324 5.078 0.1961 0.6029
1KKA 325 4.491 0.2189 0.6324
1KKA 326 4.165 0.1849 0.6324
1KKA 327 4.198 0.1997 0.6471
1KKA 328 3.965 0.2418 0.6912
1KKA 329 4.053 0.1590 0.5882
1KKA 330 8.871 0.1219 0.3971
1KKA 331 4.441 0.1787 0.5588
1KKA 332 9.851 0.0908 0.4118
1KKA 333 8.491 0.0895 0.4118
1KKA 334 5.410 0.1068 0.5000
1KKA 335 9.237 0.1779 0.5000
1KKA 336 6.158 0.2254 0.5588
1KKA 337 9.770 0.1273 0.4265
1KKA 338 9.410 0.1094 0.3676
1KKA 339 5.513 0.2400 0.6029
1KKA 340 6.923 0.1716 0.4559
1KKA 341 9.313 0.1378 0.4118
1KKA 342 3.528 0.2211 0.6471
1KKA 343 9.330 0.1412 0.4265
1KKA 344 6.765 0.2091 0.5294
1KKA 345 3.332 0.2058 0.6176
1KKA 346 5.989 0.0969 0.5147
1KKA 347 6.374 0.1902 0.5294
1KKA 348 6.796 0.1538 0.5294
1KKA 349 2.709 0.2112 0.6765
1KKA 350 8.544 0.2152 0.4853
1KKA 351 6.759 0.2521 0.5588
1KKA 352 5.622 0.1635 0.5735
1KKA 353 5.931 0.1930 0.5735
1KKA 354 5.021 0.1990 0.6029
1KKA 355 3.026 0.2015 0.6471
1KKA 356 6.032 0.2089 0.5441
1KKA 357 10.670 0.1222 0.3824
1KKA 358 6.534 0.2032 0.5735
1KKA 359 7.718 0.1154 0.4118
1KKA 360 6.033 0.1916 0.5735
1KKA 361 4.909 0.1922 0.6471
1KKA 362 6.131 0.1473 0.5588
1KKA 363 5.902 0.2077 0.5588
1KKA 364 6.799 0.1867 0.5294
1KKA 365 6.569 0.1942 0.5294
1KKA 366 3.985 0.2201 0.6765
1KKA 367 6.424 0.1976 0.5441
1KKA 368 4.924 0.2149 0.6176
1KKA 369 8.475 0.1100 0.3382
1KKA 370 9.534 0.0868 0.3971
1KKA 371 6.424 0.1683 0.5147
1KKA 372 7.687 0.1388 0.5000
1KKA 373 10.326 0.1487 0.4118
1KKA 374 2.854 0.2637 0.7059
1KKA 375 5.668 0.1353 0.5588
1KKA 376 3.774 0.2351 0.6471
1KKA 377 4.619 0.2027 0.6324
1KKA 378 6.143 0.1775 0.5882
1KKA 379 4.825 0.1793 0.6324
1KKA 380 7.148 0.1794 0.5000
1KKA 381 6.850 0.1670 0.5735
1KKA 382 5.472 0.1619 0.6176
1KKA 383 5.284 0.1430 0.5294
1KKA 384 5.131 0.1995 0.6176
1KKA 385 6.107 0.2099 0.5441
1KKA 386 10.847 0.1064 0.4265
1KKA 387 5.024 0.2237 0.6471
1KKA 388 5.025 0.1686 0.6029
1KKA 389 4.471 0.1799 0.6324
1KKA 390 3.343 0.1998 0.6324
1KKA 391 5.155 0.1997 0.6471
1KKA 392 6.602 0.2039 0.5735
1KKA 393 5.099 0.1706 0.6029
1KKA 394 7.415 0.1913 0.5147
1KKA 395 5.771 0.2129 0.5735
1KKA 396 4.666 0.1940 0.6176
1KKA 397 5.202 0.2053 0.6324
1KKA 398 5.649 0.2006 0.5882
1KKA 399 6.656 0.1330 0.5441
1KKA 400 6.602 0.2405 0.6029
1KKA 401 5.997 0.2222 0.5882
1KKA 402 5.737 0.2000 0.5882
1KKA 403 6.400 0.2048 0.5588
1KKA 404 6.013 0.1888 0.5882
1KKA 405 4.540 0.1689 0.6176
1KKA 406 6.392 0.2272 0.5882
1KKA 407 6.270 0.2091 0.5588
1KKA 408 6.138 0.1791 0.6029
1KKA 409 1.185 0.2802 0.8971
1KKA 410 1.922 0.2438 0.7941
1KKA 411 2.052 0.2514 0.7941
1KKA 412 1.938 0.2337 0.7941
1KKA 413 1.978 0.2376 0.8088
1KKA 414 1.966 0.2303 0.7794
1KKA 415 1.940 0.2324 0.7941
1KKA 416 1.972 0.2195 0.7941
1KKA 417 2.016 0.2227 0.7941
1KKA 418 2.023 0.2269 0.7794
1KKA 419 2.018 0.2210 0.7941
1KKA 420 2.022 0.2234 0.7941
1KKA 421 2.016 0.2257 0.7941
1KKA 422 2.006 0.2173 0.7941
1KKA 423 1.991 0.2254 0.7941
1KKA 424 1.975 0.2195 0.7941
1KKA 425 1.992 0.2271 0.7941
1KKA 426 1.986 0.2264 0.7941
1KKA 427 1.988 0.2240 0.7941
1KKA 428 1.996 0.2276 0.7941
1KKA 429 2.011 0.2147 0.7941
1KKA 430 2.000 0.2233 0.7941
1KKA 431 1.979 0.2210 0.7941
1KKA 432 1.999 0.2223 0.7941
1KKA 433 1.989 0.2189 0.7941
1KKA 434 2.000 0.2265 0.7941
1KKA 435 2.015 0.2302 0.7941
1KKA 436 1.985 0.2200 0.7941
1KKA 437 1.968 0.2200 0.7941
1KKA 438 1.984 0.2173 0.7941
1KKA 439 1.967 0.2230 0.7941
1KKA 440 1.990 0.2216 0.7941
1KKA 441 1.983 0.2218 0.7941
1KKA 442 1.966 0.2167 0.7941
1KKA 443 1.977 0.2203 0.7941
1KKA 444 2.001 0.2289 0.7941
1KKA 445 2.012 0.2322 0.7941
1KKA 446 2.007 0.2369 0.7941
1KKA 447 1.982 0.2303 0.7941
1KKA 448 2.026 0.2369 0.7941
1KKA 449 1.989 0.2332 0.7941
1KKA 450 2.049 0.2476 0.7941
1KKA 451 2.033 0.2398 0.7941
1KKA 452 1.994 0.2290 0.7941
1KKA 453 2.004 0.2363 0.7941
1KKA 454 2.011 0.2277 0.7941
1KKA 455 2.007 0.2387 0.7941
1KKA 456 2.025 0.2426 0.7941
1KKA 457 1.986 0.2174 0.7941
1KKA 458 1.949 0.2182 0.7941
1KKA 459 2.005 0.2417 0.7941
1KKA 460 1.991 0.2297 0.7941
1KKA 461 2.006 0.2294 0.7941
1KKA 462 1.992 0.2460 0.7941
1KKA 463 2.004 0.2480 0.7941
1KKA 464 1.996 0.2366 0.7941
1KKA 465 1.968 0.2225 0.7941
1KKA 466 2.024 0.2468 0.7941
1KKA 467 2.005 0.2373 0.7941
1KKA 468 1.972 0.2230 0.7941
1KKA 469 1.992 0.2254 0.7941
1KKA 470 2.009 0.2294 0.7941
1KKA 471 2.007 0.2448 0.7794
1KKA 472 1.997 0.2430 0.7794
1KKA 473 1.948 0.2192 0.7941
1KKA 474 1.986 0.2469 0.7794
1KKA 475 1.953 0.2322 0.7941
1KKA 476 1.950 0.2217 0.7941
1KKA 477 2.028 0.2573 0.7941
1KKA 478 1.980 0.2276 0.7941
1KKA 479 2.040 0.2591 0.7941
1KKA 480 2.014 0.2468 0.7794
1KKA 481 1.967 0.2366 0.7941
1KKA 482 1.953 0.2231 0.7941
1KKA 483 1.959 0.2337 0.7794
1KKA 484 2.019 0.2558 0.7941
1KKA 485 2.009 0.2402 0.7794
1KKA 486 2.015 0.2278 0.7794
1KKA 487 1.976 0.2209 0.7941
1KKA 488 1.992 0.2450 0.7941
1KKA 489 1.967 0.2382 0.7941
1KKA 490 1.998 0.2231 0.7941
1KKA 491 2.008 0.2110 0.7794
1KKA 492 1.973 0.2226 0.7941
1KKA 493 1.952 0.2261 0.7941
1KKA 494 1.939 0.2303 0.7941
1KKA 495 1.985 0.2214 0.7941
1KKA 496 1.975 0.2333 0.7941
1KKA 497 1.971 0.2419 0.7794
1KKA 498 2.025 0.2197 0.7794
1KKA 499 1.972 0.2383 0.7794
1KKA 500 2.004 0.2180 0.7941
1KKA 501 1.936 0.2352 0.7941
1KKA 502 2.014 0.2305 0.7941
1KKA 503 1.993 0.2283 0.7794
1KKA 504 2.057 0.2440 0.7794
1KKA 505 1.942 0.2251 0.7941
1KKA 506 1.956 0.2084 0.7941
1KKA 507 2.095 0.2313 0.7794
1KKA 508 2.092 0.2099 0.7500
1KKA 509 2.123 0.2032 0.7353
1KKA 510 2.070 0.2077 0.7647
1KKA 511 2.057 0.2134 0.7794
1KKA 512 2.070 0.2104 0.7794
1KKA 513 2.006 0.2246 0.7941
1KKA 514 2.071 0.2174 0.7500
1KKA 515 2.000 0.2127 0.7794
1KKA 516 2.090 0.2222 0.7941
1KKA 517 1.946 0.2092 0.7647
1KKA 518 2.020 0.2095 0.7353
1KKA 519 1.912 0.2106 0.7647
1KKA 520 2.013 0.2086 0.7794
1KKA 521 1.957 0.1961 0.7647
1KKA 522 2.040 0.1942 0.7647
1KKA 523 2.072 0.2029 0.7647
1KKA 524 2.080 0.1880 0.7647
1KKA 525 2.015 0.2088 0.7647
1KKA 526 2.071 0.1967 0.7647
1KKA 527 2.061 0.1941 0.7647
1KKA 528 1.984 0.1977 0.7647
1KKA 529 2.057 0.1833 0.7647
1KKA 530 1.980 0.1954 0.7647
1KKA 531 2.091 0.1924 0.7647
1KKA 532 2.114 0.1964 0.7647
1KKA 533 2.047 0.2022 0.7794
1KKA 534 2.087 0.2080 0.7647
1KKA 535 2.097 0.1898 0.7794
1KKA 536 2.034 0.2031 0.7647
1KKA 537 2.064 0.2046 0.7500
1KKA 538 2.013 0.2025 0.7647
1KKA 539 2.161 0.2052 0.7500
1KKA 540 2.076 0.2050 0.7500
1KKA 541 2.166 0.2016 0.7500
1KKA 542 2.036 0.2033 0.7647
1KKA 543 2.140 0.2103 0.7794
1KKA 544 2.086 0.2120 0.7500
1KKA 545 2.079 0.2157 0.7500
1KKA 546 2.112 0.2215 0.7647
1KKA 547 2.023 0.1993 0.7794
1KKA 548 2.063 0.2086 0.7500
1KKA 549 2.079 0.2120 0.7647
1KKA 550 2.125 0.2049 0.7500
1KKA 551 2.110 0.2080 0.7500
1KKA 552 2.070 0.2008 0.7500
1KKA 553 2.177 0.2192 0.7500
1KKA 554 2.039 0.2079 0.7500
1KKA 555 1.979 0.2128 0.7647
1KKA 556 2.027 0.2200 0.7647
1KKA 557 2.083 0.2152 0.7794
1KKA 558 1.999 0.2087 0.7647
1KKA 559 2.072 0.2180 0.7647
1KKA 560 2.068 0.2141 0.7647
1KKA 561 2.071 0.2190 0.7647
1KKA 562 2.019 0.2184 0.7500
1KKA 563 2.072 0.2030 0.7647
1KKA 564 1.961 0.2108 0.7794
1KKA 565 2.067 0.2045 0.7647
1KKA 566 2.097 0.2218 0.7647
1KKA 567 1.951 0.2210 0.7794
1KKA 568 1.998 0.2330 0.7647
1KKA 569 2.122 0.2088 0.7647
1KKA 570 2.028 0.1960 0.7647
1KKA 571 2.230 0.2083 0.7794
1KKA 572 2.146 0.1983 0.7500
1KKA 573 1.964 0.2187 0.7794
1KKA 574 2.072 0.2021 0.7647
1KKA 575 1.985 0.1978 0.7647
1KKA 576 2.073 0.2091 0.7647
1KKA 577 2.080 0.1953 0.7647
1KKA 578 2.111 0.1971 0.7500
1KKA 579 1.959 0.2013 0.7647
1KKA 580 2.021 0.2163 0.7647
1KKA 581 1.880 0.2141 0.7647
1KKA 582 2.031 0.2055 0.7647
1KKA 583 2.043 0.2127 0.7500
1KKA 584 2.068 0.1901 0.7647
1KKA 585 2.063 0.2033 0.7647
1KKA 586 2.038 0.2107 0.7794
1KKA 587 2.024 0.2123 0.7647
1KKA 588 2.032 0.2132 0.7647
1KKA 589 2.059 0.2015 0.7647
1KKA 590 1.993 0.2293 0.7647
1KKA 591 2.036 0.2179 0.7794
1KKA 592 2.038 0.2093 0.7647
1KKA 593 1.980 0.2295 0.7647
1KKA 594 2.028 0.2084 0.7500
1KKA 595 2.065 0.2038 0.7647
1KKA 596 2.029 0.2001 0.7647
1KKA 597 2.020 0.1871 0.7647
1KKA 598 2.027 0.2009 0.7647
1KKA 599 2.048 0.2085 0.7647
1KKA 600 2.130 0.2058 0.7794
1KKA 601 1.975 0.1865 0.7647
1KKA 602 2.100 0.2008 0.7647
1KKA 603 2.072 0.1929 0.7647
1KKA 604 1.970 0.2001 0.7794
1KKA 605 1.994 0.2054 0.7647
1KKA 606 2.031 0.2096 0.7500
1KKA 607 1.984 0.2138 0.7647
1KKA 608 1.871 0.2073 0.7941
1KKA 609 1.952 0.2196 0.7941
1KKA 610 1.926 0.2261 0.7794
1KKA 611 1.917 0.2188 0.7794
1KKA 612 1.944 0.2271 0.7794
1KKA 613 1.972 0.2195 0.7941
1KKA 614 1.948 0.2155 0.7647
1KKA 615 1.849 0.2146 0.7794
1KKA 616 1.799 0.2053 0.7794
1KKA 617 1.883 0.2250 0.7794
1KKA 618 1.777 0.2345 0.7941
1KKA 619 1.877 0.2461 0.7941
1KKA 620 1.791 0.2315 0.7794
1KKA 621 1.898 0.2204 0.7941
1KKA 622 1.885 0.2151 0.7794
1KKA 623 1.917 0.2311 0.7794
1KKA 624 1.786 0.2435 0.7794
1KKA 625 1.948 0.2112 0.7794
1KKA 626 1.944 0.2208 0.7794
1KKA 627 1.960 0.2076 0.7941
1KKA 628 1.901 0.2348 0.7941
1KKA 629 1.870 0.2124 0.7941
1KKA 630 1.926 0.2357 0.7941
1KKA 631 2.049 0.2265 0.7794
1KKA 632 1.876 0.2359 0.7941
1KKA 633 2.047 0.2427 0.7794
1KKA 634 1.901 0.2572 0.7941
1KKA 635 2.011 0.2183 0.7794
1KKA 636 1.863 0.2268 0.7794
1KKA 637 1.934 0.2415 0.7794
1KKA 638 1.925 0.2313 0.7794
1KKA 639 1.976 0.2185 0.7794
1KKA 640 1.885 0.2220 0.7794
1KKA 641 1.991 0.2358 0.7941
1KKA 642 2.016 0.2036 0.7941
1KKA 643 1.860 0.2285 0.7941
1KKA 644 1.834 0.2528 0.7941
1KKA 645 1.823 0.2411 0.7941
1KKA 646 1.987 0.2173 0.7794
1KKA 647 1.968 0.2224 0.7647
1KKA 648 2.024 0.2162 0.7794
1KKA 649 1.785 0.2399 0.8088
1KKA 650 1.991 0.2351 0.7941
1KKA 651 1.989 0.2240 0.7647
1KKA 652 1.870 0.2015 0.7647
1KKA 653 2.066 0.2302 0.7794
1KKA 654 1.874 0.2203 0.7794
1KKA 655 1.848 0.2241 0.7941
1KKA 656 2.041 0.2124 0.7794
1KKA 657 1.767 0.2298 0.7794
1KKA 658 2.104 0.2304 0.7647
1KKA 659 1.800 0.2238 0.7941
1KKA 660 1.948 0.2583 0.7941
1KKA 661 1.887 0.2325 0.7941
1KKA 662 2.082 0.2347 0.7794
1KKA 663 1.881 0.2510 0.7941
1KKA 664 1.909 0.2255 0.7941
1KKA 665 1.862 0.2126 0.7794
1KKA 666 1.773 0.2213 0.7941
1KKA 667 2.004 0.2003 0.7647
1KKA 668 1.768 0.2526 0.7941
1KKA 669 2.002 0.2439 0.7794
1KKA 670 1.841 0.2134 0.7941
1KKA 671 1.846 0.2585 0.7941
1KKA 672 1.856 0.2262 0.7941
1KKA 673 1.869 0.2413 0.7794
1KKA 674 1.957 0.1997 0.7794
1KKA 675 1.833 0.2468 0.7941
1KKA 676 1.833 0.2302 0.7941
1KKA 677 1.853 0.2341 0.7941
1KKA 678 1.977 0.2303 0.7794
1KKA 679 1.774 0.2394 0.7794
1KKA 680 1.852 0.2345 0.7941
1KKA 681 1.961 0.2197 0.7794
1KKA 682 1.786 0.2512 0.8088
1KKA 683 1.827 0.2228 0.7941
1KKA 684 1.886 0.2391 0.7941
1KKA 685 1.962 0.2179 0.7647
1KKA 686 1.958 0.2431 0.7500
1KKA 687 1.828 0.2531 0.7941
1KKA 688 1.894 0.2179 0.7647
1KKA 689 1.835 0.2213 0.7941
1KKA 690 1.922 0.2330 0.7794
1KKA 691 1.932 0.2186 0.7794
1KKA 692 1.763 0.2283 0.7941
1KKA 693 1.929 0.2116 0.7941
1KKA 694 1.946 0.2314 0.8088
1KKA 695 1.764 0.2402 0.7941
1KKA 696 1.852 0.2323 0.7941
1KKA 697 2.007 0.2304 0.8088
1KKA 698 1.722 0.2131 0.7941
1KKA 699 1.944 0.2221 0.7794
1KKA 700 1.928 0.2102 0.7647
1KKA 701 1.839 0.2267 0.8088
1KKA 702 1.792 0.2114 0.7941
1KKA 703 1.928 0.2179 0.7794
1KKA 704 1.861 0.2213 0.7794
1KKA 705 1.897 0.2336 0.7794
1KKA 706 1.853 0.2301 0.7941
1KKA 707 2.047 0.2407 0.7794
1KKA 708 1.732 0.2196 0.7794
1KKA 709 1.990 0.2191 0.7794
1KKA 710 1.988 0.2071 0.7500
1KKA 711 1.857 0.2352 0.7647
1KKA 712 1.867 0.2203 0.7794
1KKA 713 1.865 0.2304 0.7794
1KKA 714 1.828 0.2157 0.7647
1KKA 715 1.856 0.2181 0.7941
1KKA 716 1.954 0.2103 0.7647
1KKA 717 1.768 0.2278 0.7941
1KKA 718 1.819 0.2362 0.7941
1KKA 719 1.792 0.2378 0.7941
1KKA 720 1.893 0.2471 0.7941
1KKA 721 2.015 0.2145 0.7647
1KKA 722 1.868 0.2335 0.7794
1KKA 723 1.852 0.2291 0.7794
1KKA 724 1.862 0.2076 0.7941
1KKA 725 1.848 0.2028 0.7794
1KKA 726 1.730 0.2366 0.7794
1KKA 727 1.711 0.2357 0.7941
1KKA 728 1.851 0.2619 0.7941
1KKA 729 1.861 0.2309 0.7941
1KKA 730 1.733 0.2144 0.7941
1KKA 731 1.789 0.2377 0.7941
1KKA 732 1.691 0.2206 0.7794
1KKA 733 1.937 0.2286 0.7647
1KKA 734 1.676 0.2264 0.8088
1KKA 735 1.916 0.2243 0.7647
1KKA 736 2.117 0.2065 0.7647
1KKA 737 1.847 0.2255 0.7941
1KKA 738 2.076 0.2194 0.8088
1KKA 739 1.985 0.2249 0.7941
1KKA 740 1.877 0.2431 0.7794
1KKA 741 2.026 0.2168 0.8088
1KKA 742 2.087 0.2206 0.7794
1KKA 743 2.266 0.2004 0.7941
1KKA 744 2.284 0.2163 0.7794
1KKA 745 2.317 0.2218 0.7941
1KKA 746 2.332 0.2069 0.7794
1KKA 747 2.413 0.2171 0.7941
1KKA 748 2.270 0.2247 0.7941
1KKA 749 2.216 0.2474 0.7794
1KKA 750 2.037 0.2374 0.8088
1KKA 751 2.262 0.2253 0.7941
1KKA 752 2.257 0.2131 0.7941
1KKA 753 2.265 0.2127 0.7794
1KKA 754 2.363 0.2320 0.7794
1KKA 755 2.171 0.2032 0.7941
1KKA 756 2.194 0.2127 0.7941
1KKA 757 2.290 0.2154 0.7647
1KKA 758 2.246 0.2306 0.7794
1KKA 759 2.168 0.2283 0.7794
1KKA 760 2.318 0.2204 0.7794
1KKA 761 2.147 0.2259 0.7794
1KKA 762 2.145 0.1959 0.7941
1KKA 763 2.055 0.2452 0.8088
1KKA 764 2.361 0.2157 0.7794
1KKA 765 2.249 0.2131 0.7794
1KKA 766 2.072 0.2507 0.8235
1KKA 767 2.303 0.2343 0.7941
1KKA 768 2.057 0.2913 0.8088
1KKA 769 2.080 0.2590 0.8088
1KKA 770 2.159 0.2417 0.7941
1KKA 771 2.172 0.2061 0.7794
1KKA 772 1.990 0.2537 0.7941
1KKA 773 1.763 0.2177 0.8088
1KKA 774 2.179 0.2592 0.7794
1KKA 775 1.992 0.2684 0.7647
1KKA 776 1.794 0.2879 0.8088
1KKA 777 1.993 0.2440 0.7941
1KKA 778 1.817 0.2263 0.8088
1KKA 779 1.961 0.2335 0.7941
1KKA 780 1.925 0.2486 0.8088
1KKA 781 2.115 0.2156 0.8088
1KKA 782 1.903 0.2316 0.7794
1KKA 783 1.846 0.2231 0.7941
1KKA 784 1.897 0.1957 0.7941
1KKA 785 1.708 0.2265 0.7941
1KKA 786 1.664 0.2303 0.7941
1KKA 787 2.206 0.1845 0.7647
1KKA 788 1.797 0.2267 0.7794
1KKA 789 2.015 0.2079 0.7794
1KKA 790 1.911 0.2613 0.7941
1KKA 791 1.837 0.2370 0.7794
1KKA 792 2.080 0.2264 0.7794
1KKA 793 1.760 0.2484 0.8088
1KKA 794 1.966 0.2528 0.7941
1KKA 795 2.109 0.2282 0.7794
1KKA 796 2.133 0.2368 0.7941
1KKA 797 1.967 0.2262 0.7794
1KKA 798 1.923 0.2195 0.7794
1KKA 799 1.779 0.2526 0.8088
1KKA 800 1.932 0.2553 0.7941
1KKA 801 1.869 0.2727 0.8088
1KKA 802 2.034 0.2457 0.7941
1KKA 803 1.824 0.2209 0.8088
1KKA 804 2.066 0.2289 0.7647
1KKA 805 1.748 0.2493 0.8088
1KKA 806 1.992 0.2353 0.7647
1KKA 807 2.009 0.2088 0.8088
1KKA 808 1.940 0.2164 0.7794
1KKA 809 2.009 0.2199 0.7794
1KKA 810 2.058 0.2194 0.7794
1KKA 811 1.807 0.2946 0.8235
1KKA 812 2.066 0.1918 0.8235
1KKA 813 1.894 0.2031 0.7941
1KKA 814 1.883 0.1596 0.7647
1KKA 815 2.199 0.1940 0.7647
1KKA 816 2.219 0.1842 0.7794
1KKA 817 1.873 0.1773 0.7794
1KKA 818 2.124 0.1623 0.7794
1KKA 819 2.053 0.1782 0.7941
1KKA 820 1.935 0.2047 0.7794
1KKA 821 1.930 0.1857 0.7941
1KKA 822 2.015 0.1900 0.8088
1KKA 823 2.185 0.1944 0.7794
1KKA 824 1.837 0.1799 0.8235
1KKA 825 1.925 0.1747 0.7941
1KKA 826 1.964 0.2024 0.7647
1KKA 827 2.086 0.1779 0.7500
1KKA 828 1.954 0.1791 0.7794
1KKA 829 2.217 0.1698 0.7500
1KKA 830 2.010 0.2071 0.7794
1KKA 831 2.074 0.2157 0.7647
1KKA 832 2.009 0.1852 0.7794
1KKA 833 2.130 0.1750 0.7353
1KKA 834 1.940 0.1879 0.7500
1KKA 835 2.107 0.1887 0.7206
1KKA 836 1.973 0.1698 0.7500
1KKA 837 1.985 0.1841 0.7794
1KKA 838 2.008 0.1801 0.7941
1KKA 839 2.148 0.1726 0.7647
1KKA 840 2.087 0.1735 0.7647
1KKA 841 2.049 0.1600 0.7500
1KKA 842 2.064 0.1510 0.7500
1KKA 843 2.148 0.1442 0.7500
1KKA 844 2.108 0.1699 0.7500
1KKA 845 2.085 0.1615 0.7647
1KKA 846 2.033 0.1555 0.7794
1KKA 847 2.057 0.1788 0.7647
1KKA 848 2.091 0.1761 0.7647
1KKA 849 2.044 0.1641 0.7500
1KKA 850 1.950 0.1704 0.7647
1KKA 851 1.883 0.1735 0.7794
1KKA 852 1.919 0.1637 0.7794
1KKA 853 2.045 0.1901 0.7647
1KKA 854 2.004 0.1881 0.7794
1KKA 855 1.883 0.1668 0.7794
1KKA 856 1.974 0.1865 0.7941
1KKA 857 1.956 0.1895 0.7647
1KKA 858 2.176 0.1650 0.7647
1KKA 859 1.991 0.1953 0.7794
1KKA 860 1.879 0.1787 0.7941
1KKA 861 2.208 0.1615 0.7500
1KKA 862 1.931 0.1913 0.7941
1KKA 863 2.278 0.1907 0.7500
1KKA 864 2.147 0.1620 0.7794
1KKA 865 2.116 0.1866 0.7647
1KKA 866 2.136 0.1593 0.7500
1KKA 867 2.071 0.1747 0.7500
1KKA 868 2.095 0.1713 0.7794
1KKA 869 2.016 0.1712 0.7500
1KKA 870 2.060 0.1692 0.7647
1KKA 871 2.091 0.1860 0.7647
1KKA 872 2.040 0.1748 0.7647
1KKA 873 2.201 0.1554 0.7647
1KKA 874 1.998 0.1968 0.7941
1KKA 875 1.894 0.1757 0.7794
1KKA 876 1.873 0.1786 0.7794
1KKA 877 1.838 0.1822 0.7794
1KKA 878 2.139 0.1735 0.7500
1KKA 879 1.991 0.1883 0.7794
1KKA 880 1.983 0.1835 0.7500
1KKA 881 1.913 0.1733 0.7794
1KKA 882 2.099 0.1867 0.7353
1KKA 883 2.324 0.1667 0.7206
1KKA 884 2.032 0.1960 0.7647
1KKA 885 2.195 0.1430 0.7206
1KKA 886 2.196 0.1554 0.7353
1KKA 887 2.250 0.1476 0.7059
1KKA 888 2.318 0.1599 0.7206
1KKA 889 2.212 0.1856 0.7206
1KKA 890 2.161 0.1601 0.7647
1KKA 891 2.239 0.1733 0.7206
1KKA 892 2.335 0.1591 0.7206
1KKA 893 2.361 0.1676 0.6912
1KKA 894 2.174 0.1719 0.7206
1KKA 895 2.265 0.1924 0.7353
1KKA 896 2.135 0.1903 0.7206
1KKA 897 2.112 0.1847 0.7500
1KKA 898 2.317 0.1432 0.7059
1KKA 899 2.213 0.1882 0.7353
1KKA 900 2.328 0.1795 0.7059
1KKA 901 2.287 0.1658 0.7206
1KKA 902 2.309 0.1884 0.7353
1KKA 903 2.253 0.1660 0.7206
1KKA 904 2.138 0.1832 0.7500
1KKA 905 2.243 0.1762 0.7353
1KKA 906 2.114 0.1765 0.7353
1KKA 907 2.234 0.1509 0.7206
1KKA 908 2.334 0.1413 0.7206
1KKA 909 2.229 0.1836 0.7206
1KKA 910 2.394 0.2045 0.7353
1KKA 911 2.283 0.1555 0.7206
1KKA 912 2.227 0.1617 0.7500
1KKA 913 2.255 0.1563 0.7206
1KKA 914 2.269 0.1940 0.7059
1KKA 915 2.331 0.1632 0.7206
1KKA 916 2.307 0.1645 0.7353
1KKA 917 2.114 0.1708 0.7353
1KKA 918 2.353 0.1723 0.7059
1KKA 919 2.116 0.2367 0.7500
1KKA 920 2.435 0.1677 0.7206
1KKA 921 2.185 0.1808 0.7647
1KKA 922 2.156 0.1709 0.7353
1KKA 923 2.270 0.1741 0.7353
1KKA 924 2.259 0.1602 0.7353
1KKA 925 2.306 0.1916 0.7353
1KKA 926 2.214 0.1558 0.7353
1KKA 927 2.440 0.1489 0.7206
1KKA 928 2.025 0.1887 0.7353
1KKA 929 2.144 0.2031 0.7500
1KKA 930 2.261 0.1689 0.7500
1KKA 931 2.176 0.1735 0.7059
1KKA 932 2.442 0.1979 0.7059
1KKA 933 2.166 0.1774 0.7500
1KKA 934 2.317 0.1686 0.7500
1KKA 935 2.176 0.1676 0.7206
1KKA 936 2.330 0.1461 0.7059
1KKA 937 2.231 0.1621 0.7353
1KKA 938 2.316 0.1525 0.7353
1KKA 939 2.360 0.1755 0.7059
1KKA 940 2.135 0.1676 0.7353
1KKA 941 2.074 0.1504 0.7206
1KKA 942 2.389 0.1572 0.7059
1KKA 943 2.067 0.1619 0.7794
1KKA 944 2.148 0.1638 0.7353
1KKA 945 2.335 0.1605 0.7206
1KKA 946 2.233 0.1632 0.7353
1KKA 947 2.141 0.1854 0.7794
1KKA 948 2.149 0.1805 0.7353
1KKA 949 2.175 0.1906 0.7353
1KKA 950 2.344 0.1737 0.7353
1KKA 951 2.199 0.1698 0.7500
1KKA 952 2.266 0.1779 0.7353
1KKA 953 2.211 0.1862 0.7647
1KKA 954 2.177 0.2050 0.7500
1KKA 955 2.316 0.2039 0.7059
1KKA 956 2.274 0.1798 0.7500
1KKA 957 2.323 0.1833 0.7353
1KKA 958 2.093 0.1700 0.7353
1KKA 959 2.300 0.1868 0.7206
1KKA 960 2.214 0.1644 0.7647
1KKA 961 2.252 0.2174 0.7500
1KKA 962 2.310 0.1450 0.7206
1KKA 963 2.055 0.1533 0.7353
1KKA 964 2.191 0.1987 0.7794
1KKA 965 2.153 0.1502 0.7353
1KKA 966 2.274 0.1627 0.7353
1KKA 967 2.160 0.1956 0.7353
1KKA 968 2.117 0.1920 0.7794
1KKA 969 2.190 0.1913 0.7794
1KKA 970 2.183 0.1641 0.7647
1KKA 971 2.304 0.1877 0.7647
1KKA 972 2.078 0.2041 0.7647
1KKA 973 2.284 0.1795 0.7500
1KKA 974 2.180 0.2105 0.7353
1KKA 975 2.024 0.1935 0.7647
1KKA 976 2.238 0.2077 0.7353
1KKA 977 2.243 0.1753 0.7500
1KKA 978 1.910 0.1730 0.7647
1KKA 979 2.019 0.1785 0.7500
1KKA 980 2.060 0.1973 0.7794
1KKA 981 2.078 0.1631 0.7500
1KKA 982 1.892 0.1944 0.7794
1KKA 983 2.135 0.1496 0.7941
1KKA 984 1.995 0.1640 0.7647
1KKA 985 2.270 0.1655 0.7059
1KKA 986 2.259 0.1790 0.7500
1KKA 987 2.109 0.1861 0.7647
1KKA 988 2.405 0.1804 0.7353
1KKA 989 1.963 0.1950 0.7647
1KKA 990 2.307 0.1510 0.7500
1KKA 991 2.299 0.1924 0.7500
1KKA 992 2.231 0.1565 0.7353
1KKA 993 2.311 0.1844 0.7647
1KKA 994 2.283 0.1507 0.7059
1KKA 995 2.032 0.1907 0.7647
1KKA 996 2.239 0.1783 0.7353
1KKA 997 2.365 0.1811 0.7059
1KKA 998 2.166 0.1612 0.7794
1KKA 999 2.445 0.1916 0.7353
1KKA 1000 2.166 0.1739 0.7353
1KKA 1001 2.194 0.1736 0.7647
1KKA 1002 2.089 0.1949 0.7353
1KKA 1003 2.429 0.2092 0.7353
1KKA 1004 2.436 0.1509 0.6912
1KKA 1005 2.079 0.1855 0.7500
1KKA 1006 2.284 0.1577 0.7206
1KKA 1007 2.239 0.1972 0.7647
1KKA 1008 2.137 0.2011 0.7353
1KKA 1009 2.289 0.1778 0.7353
1KKA 1010 2.456 0.2074 0.7353
1KKA 1011 2.307 0.1610 0.7059
1KKA 1012 2.218 0.1925 0.7500
1KKA 1013 2.114 0.1732 0.7500
1KKA 1014 2.149 0.1707 0.7647
1KKA 1015 2.134 0.1764 0.7353
1KKA 1016 2.217 0.2293 0.7500
1KKA 1017 2.291 0.1633 0.7206
1KKA 1018 2.304 0.1883 0.7500
1KKA 1019 2.235 0.1685 0.7500
1KKA 1020 2.156 0.1636 0.7500
1KKA 1021 2.186 0.2265 0.7794
1KKA 1022 2.258 0.1559 0.7206
1KKA 1023 2.118 0.2503 0.7794
1KKA 1024 2.119 0.1929 0.7647
1KKA 1025 2.430 0.1745 0.7206
1KKA 1026 2.198 0.1632 0.7794
1KKA 1027 2.221 0.1799 0.7794
1KKA 1028 2.244 0.1995 0.7647
1KKA 1029 2.204 0.1595 0.7353
1KKA 1030 2.137 0.1775 0.7353
1KKA 1031 2.116 0.1808 0.7353
1KKA 1032 2.117 0.1612 0.7500
1KKA 1033 2.167 0.1459 0.7353
1KKA 1034 2.073 0.1798 0.7353
1KKA 1035 2.510 0.1423 0.7206
1KKA 1036 2.261 0.1535 0.7206
1KKA 1037 2.442 0.1754 0.7353
1KKA 1038 2.220 0.1915 0.7500
1KKA 1039 2.435 0.1684 0.7206
1KKA 1040 2.178 0.1776 0.7500
1KKA 1041 2.324 0.1660 0.7059
1KKA 1042 2.492 0.1762 0.7353
1KKA 1043 2.136 0.1887 0.7794
1KKA 1044 2.317 0.1976 0.7353
1KKA 1045 2.418 0.1619 0.7353
1KKA 1046 2.556 0.1724 0.7353
1KKA 1047 2.118 0.1738 0.7794
1KKA 1048 2.597 0.1612 0.7206
1KKA 1049 2.092 0.2005 0.7647
1KKA 1050 2.499 0.1744 0.7059
1KKA 1051 2.368 0.1525 0.7206
1KKA 1052 2.525 0.1793 0.7353
1KKA 1053 2.255 0.2121 0.7500
1KKA 1054 2.212 0.1775 0.7353
1KKA 1055 2.343 0.2047 0.7500
1KKA 1056 2.350 0.1886 0.7794
1KKA 1057 2.088 0.1720 0.7500
1KKA 1058 2.291 0.1915 0.7500
1KKA 1059 2.316 0.1739 0.7059
1KKA 1060 2.166 0.1962 0.7647
1KKA 1061 2.319 0.1642 0.7206
1KKA 1062 2.175 0.1795 0.7500
1KKA 1063 1.893 0.2038 0.7941
1KKA 1064 2.292 0.1647 0.7353
1KKA 1065 2.097 0.1611 0.7500
1KKA 1066 2.274 0.1885 0.7206
1KKA 1067 1.975 0.1922 0.7794
1KKA 1068 2.060 0.1878 0.8088
1KKA 1069 2.028 0.1895 0.7794
1KKA 1070 2.337 0.2086 0.7353
1KKA 1071 2.102 0.2103 0.7794
1KKA 1072 2.060 0.2297 0.7794
1KKA 1073 2.429 0.2205 0.7353
1KKA 1074 1.928 0.2235 0.7941
1KKA 1075 2.325 0.2113 0.7500
1KKA 1076 2.376 0.1989 0.7353
1KKA 1077 2.020 0.1699 0.7794
1KKA 1078 2.201 0.2096 0.7353
1KKA 1079 2.453 0.1630 0.7353
1KKA 1080 2.117 0.1863 0.7500
1KKA 1081 1.994 0.1932 0.7647
1KKA 1082 2.289 0.2022 0.7500
1KKA 1083 2.126 0.1928 0.7647
1KKA 1084 2.394 0.2069 0.7206
1KKA 1085 2.350 0.1710 0.7647
1KKA 1086 2.454 0.2084 0.7794
1KKA 1087 2.369 0.1989 0.7647
1KKA 1088 2.156 0.1906 0.7794
1KKA 1089 2.209 0.1651 0.7500
1KKA 1090 2.441 0.2045 0.7647
1KKA 1091 2.619 0.2080 0.7647
1KKA 1092 2.236 0.1945 0.7500
1KKA 1093 2.313 0.2155 0.7647
1KKA 1094 2.231 0.1834 0.7647
1KKA 1095 2.208 0.2136 0.7941
1KKA 1096 2.045 0.2058 0.7794
1KKA 1097 2.190 0.1666 0.7647
1KKA 1098 2.248 0.2062 0.7794
1KKA 1099 2.181 0.2398 0.8088
1KKA 1100 2.440 0.2122 0.7647
1KKA 1101 2.405 0.2137 0.7500
1KKA 1102 2.325 0.2402 0.7647
1KKA 1103 2.741 0.1921 0.7353
1KKA 1104 2.047 0.2052 0.7794
1KKA 1105 2.554 0.1831 0.7500
1KKA 1106 2.345 0.2126 0.7794
1KKA 1107 2.126 0.1906 0.7794
1KKA 1108 2.356 0.2032 0.7500
1KKA 1109 2.253 0.2163 0.7500
1KKA 1110 2.292 0.2136 0.7941
1KKA 1111 2.396 0.2246 0.7941
1KKA 1112 2.261 0.2247 0.7941
1KKA 1113 1.909 0.2539 0.7794
1KKA 1114 2.236 0.1818 0.7647
1KKA 1115 2.246 0.2237 0.7794
1KKA 1116 2.115 0.2286 0.7794
1KKA 1117 2.391 0.1895 0.7647
1KKA 1118 2.046 0.2660 0.7647
1KKA 1119 2.411 0.2402 0.7794
1KKA 1120 2.124 0.2139 0.7647
1KKA 1121 1.971 0.2460 0.7941
1KKA 1122 2.102 0.2307 0.7794
1KKA 1123 1.881 0.2696 0.8235
1KKA 1124 1.896 0.2726 0.8088
1KKA 1125 2.287 0.2129 0.7941
1KKA 1126 2.205 0.1916 0.7941
1KKA 1127 2.062 0.1866 0.7647
1KKA 1128 2.249 0.2454 0.7647
1KKA 1129 2.251 0.2048 0.7794
1KKA 1130 2.044 0.2470 0.7941
1KKA 1131 2.252 0.2163 0.7647
1KKA 1132 2.312 0.2285 0.7647
1KKA 1133 2.249 0.2438 0.7941
1KKA 1134 2.334 0.2320 0.7500
1KKA 1135 2.541 0.1908 0.7353
1KKA 1136 2.432 0.2474 0.7647
1KKA 1137 2.136 0.2224 0.7794
1KKA 1138 2.109 0.2090 0.7794
1KKA 1139 2.486 0.1800 0.7500
1KKA 1140 1.896 0.2335 0.7941
1KKA 1141 2.230 0.1907 0.7500
1KKA 1142 2.282 0.1776 0.7500
1KKA 1143 2.031 0.1785 0.7794
1KKA 1144 2.224 0.1908 0.7647
1KKA 1145 2.235 0.1707 0.7353
1KKA 1146 2.208 0.1859 0.7500
1KKA 1147 2.248 0.2005 0.7353
1KKA 1148 2.530 0.2102 0.7353
1KKA 1149 2.289 0.2759 0.7647
1KKA 1150 2.159 0.2063 0.7647
1KKA 1151 2.113 0.1836 0.7500
1KKA 1152 2.396 0.2331 0.7794
1KKA 1153 2.439 0.1924 0.7353
1KKA 1154 2.459 0.2064 0.7353
1KKA 1155 1.882 0.2023 0.7941
1KKA 1156 2.189 0.1866 0.7794
1KKA 1157 2.451 0.1634 0.7059
1KKA 1158 2.357 0.2412 0.7794
1KKA 1159 2.280 0.2261 0.7794
1KKA 1160 2.484 0.1921 0.7059
1KKA 1161 2.090 0.1731 0.7647
1KKA 1162 2.421 0.2746 0.7647
1KKA 1163 2.152 0.2216 0.7647
1KKA 1164 2.300 0.1961 0.7647
1KKA 1165 2.185 0.2221 0.7647
1KKA 1166 2.292 0.2093 0.7647
1KKA 1167 2.476 0.2242 0.7500
1KKA 1168 2.194 0.2006 0.7794
1KKA 1169 2.481 0.2453 0.7647
1KKA 1170 2.107 0.2443 0.7794
1KKA 1171 2.152 0.2423 0.8088
1KKA 1172 2.609 0.2743 0.7794
1KKA 1173 2.512 0.2096 0.7794
1KKA 1174 2.648 0.2024 0.7500
1KKA 1175 2.170 0.2309 0.8088
1KKA 1176 2.027 0.2196 0.7794
1KKA 1177 2.234 0.2278 0.7794
1KKA 1178 2.278 0.2179 0.7794
1KKA 1179 2.151 0.2546 0.7941
1KKA 1180 2.217 0.2402 0.7794
1KKA 1181 2.141 0.2534 0.7647
1KKA 1182 2.559 0.2026 0.7647
1KKA 1183 2.206 0.2852 0.7941
1KKA 1184 2.424 0.2147 0.8088
1KKA 1185 2.222 0.2527 0.7794
1KKA 1186 1.986 0.2403 0.7941
1KKA 1187 2.391 0.2387 0.7647
1KKA 1188 2.305 0.2220 0.7647
1KKA 1189 2.085 0.2442 0.8382
1KKA 1190 2.357 0.2104 0.7647
1KKA 1191 2.472 0.2302 0.7500
1KKA 1192 2.428 0.2379 0.7941
1KKA 1193 2.247 0.2404 0.7794
1KKA 1194 2.298 0.2841 0.7647
1KKA 1195 2.520 0.2477 0.7794
1KKA 1196 2.434 0.2924 0.7941
1KKA 1197 2.289 0.2235 0.7941
1KKA 1198 2.577 0.2044 0.7500
1KKA 1199 1.757 0.2848 0.8088
1KKA 1200 2.311 0.1860 0.7794
1KKA 1201 2.171 0.2009 0.7794
1KKA 1202 2.223 0.1895 0.7500
1KKA 1203 2.523 0.2054 0.7647
1KKA 1204 2.174 0.1976 0.7794
1KKA 1205 2.496 0.2028 0.7353
1KKA 1206 1.999 0.2087 0.8235
1KKA 1207 2.110 0.2077 0.7941
1KKA 1208 2.257 0.1811 0.7647
1KKA 1209 2.307 0.2215 0.7500
1KKA 1210 2.869 0.2210 0.7059
1KKA 1211 2.703 0.2753 0.7794
1KKA 1212 2.613 0.2393 0.7794
1KKA 1213 2.444 0.2681 0.7353
1KKA 1214 2.405 0.2699 0.7941
1KKA 1215 2.260 0.2616 0.8088
1KKA 1216 2.554 0.2533 0.7500
1KKA 1217 2.180 0.2250 0.7794
1KKA 1218 2.561 0.2231 0.7794
1KKA 1219 2.426 0.2454 0.7647
1KKA 1220 2.227 0.2100 0.7941
1KKA 1221 2.410 0.2396 0.7353
1KKA 1222 2.351 0.2870 0.7647
1KKA 1223 2.401 0.1890 0.7353
1KKA 1224 2.369 0.2641 0.7941
1KKA 1225 2.557 0.2457 0.7794
1KKA 1226 2.516 0.2490 0.7794
1KKA 1227 2.647 0.2531 0.7941
1KKA 1228 2.602 0.2381 0.7353
1KKA 1229 2.205 0.2170 0.8088
1KKA 1230 2.475 0.2185 0.7647
1KKA 1231 1.924 0.2417 0.8529
1KKA 1232 1.883 0.1918 0.8088
1KKA 1233 2.100 0.2362 0.8382
1KKA 1234 2.052 0.1973 0.8235
1KKA 1235 2.163 0.2356 0.7941
1KKA 1236 2.637 0.2299 0.7500
1KKA 1237 2.495 0.2071 0.7353
1KKA 1238 2.612 0.2610 0.7500
1KKA 1239 2.726 0.2692 0.7353
1KKA 1240 2.342 0.2462 0.7500
1KKA 1241 2.224 0.2594 0.7647
1KKA 1242 2.628 0.2146 0.7647
1KKA 1243 2.373 0.2648 0.7647
1KKA 1244 2.332 0.2382 0.7794
1KKA 1245 2.514 0.1898 0.7353
1KKA 1246 2.604 0.2195 0.7353
1KKA 1247 2.173 0.2439 0.8235
1KKA 1248 2.228 0.2178 0.7941
1KKA 1249 2.089 0.2599 0.7941
1KKA 1250 2.333 0.2246 0.8088
1KKA 1251 2.625 0.2414 0.7353
1KKA 1252 2.352 0.2387 0.7500
1KKA 1253 2.509 0.2315 0.7500
1KKA 1254 2.367 0.3200 0.8088
1KKA 1255 2.317 0.2312 0.7941
1KKA 1256 2.584 0.2225 0.7500
1KKA 1257 2.457 0.2448 0.7941
1KKA 1258 2.347 0.2374 0.7794
1KKA 1259 2.471 0.2190 0.7647
1KKA 1260 2.615 0.2150 0.7647
1KKA 1261 2.727 0.2276 0.7647
1KKA 1262 2.167 0.2561 0.8088
1KKA 1263 2.497 0.2269 0.7794
1KKA 1264 1.871 0.1893 0.7647
1KKA 1265 1.929 0.2000 0.7941
1KKA 1266 1.964 0.2295 0.7794
1KKA 1267 2.049 0.2524 0.7941
1KKA 1268 2.243 0.2185 0.7647
1KKA 1269 1.866 0.2144 0.7941
1KKA 1270 2.063 0.2182 0.7794
1KKA 1271 1.980 0.1839 0.7647
1KKA 1272 1.886 0.1850 0.7941
1KKA 1273 2.198 0.2272 0.7941
1KKA 1274 2.128 0.1959 0.7647
1KKA 1275 2.394 0.2032 0.7500
1KKA 1276 2.196 0.2289 0.7941
1KKA 1277 2.392 0.1611 0.7353
1KKA 1278 1.800 0.2044 0.7941
1KKA 1279 2.093 0.2146 0.8235
1KKA 1280 2.269 0.2107 0.7353
1KKA 1281 2.258 0.1994 0.7647
1KKA 1282 2.015 0.1924 0.7941
1KKA 1283 2.206 0.2207 0.7794
1KKA 1284 1.933 0.1920 0.7794
1KKA 1285 2.027 0.1838 0.7794
1KKA 1286 1.907 0.2471 0.7941
1KKA 1287 2.015 0.2232 0.7794
1KKA 1288 2.070 0.2344 0.7941
1KKA 1289 1.866 0.1752 0.8088
1KKA 1290 2.239 0.2076 0.7500
1KKA 1291 2.001 0.1925 0.7794
1KKA 1292 2.259 0.2067 0.7647
1KKA 1293 2.225 0.2007 0.7794
1KKA 1294 2.268 0.2153 0.8088
1KKA 1295 2.205 0.2405 0.7794
1KKA 1296 2.349 0.2570 0.8088
1KKA 1297 2.148 0.2704 0.7941
1KKA 1298 2.142 0.2464 0.7647
1KKA 1299 1.637 0.2900 0.8529
1KKA 1300 1.961 0.1912 0.8088
1KKA 1301 1.816 0.2607 0.8088
1KKA 1302 1.762 0.2060 0.7941
1KKA 1303 2.117 0.2151 0.7647
1KKA 1304 2.322 0.1764 0.7647
1KKA 1305 1.971 0.2287 0.7794
1KKA 1306 1.959 0.2919 0.7941
1KKA 1307 2.009 0.2006 0.7647
1KKA 1308 1.840 0.2667 0.8088
1KKA 1309 2.258 0.2674 0.7941
1KKA 1310 1.967 0.2356 0.7941
1KKA 1311 1.851 0.2292 0.8088
1KKA 1312 2.004 0.2435 0.8088
1KKA 1313 2.040 0.2413 0.8088
1KKA 1314 2.222 0.2754 0.7941
1KKA 1315 1.952 0.2020 0.7794
1KKA 1316 1.798 0.2767 0.8088
1KKA 1317 2.161 0.2098 0.7794
1KKA 1318 1.904 0.2600 0.8088
1KKA 1319 2.006 0.2204 0.7794
1KKA 1320 2.267 0.2093 0.7794
1KKA 1321 2.180 0.1828 0.7941
1KKA 1322 2.118 0.2370 0.7941
1KKA 1323 1.835 0.2472 0.7941
1KKA 1324 1.961 0.2370 0.7941
1KKA 1325 2.151 0.2824 0.8088
1KKA 1326 2.409 0.1965 0.7647
1KKA 1327 1.732 0.2614 0.8529
1KKA 1328 1.789 0.2352 0.8382
1KKA 1329 1.602 0.2646 0.8529
1KKA 1330 2.137 0.2369 0.7941
1KKA 1331 1.774 0.2237 0.8235
1KKA 1332 1.531 0.2552 0.8382
1KKA 1333 1.971 0.2524 0.8088
1KKA 1334 1.732 0.2270 0.7941
1KKA 1335 1.937 0.2521 0.8235
1KKA 1336 1.930 0.2790 0.8235
1KKA 1337 1.829 0.2564 0.8529
1KKA 1338 2.029 0.2346 0.7647
1KKA 1339 1.950 0.2536 0.7794
1KKA 1340 2.152 0.1915 0.7647
1KKA 1341 1.874 0.2184 0.7941
1KKA 1342 2.291 0.1882 0.7500
1KKA 1343 2.030 0.2689 0.8088
1KKA 1344 1.923 0.2398 0.7794
1KKA 1345 2.137 0.2137 0.7794
1KKA 1346 2.197 0.2732 0.7794
1KKA 1347 2.010 0.2342 0.7941
1KKA 1348 1.986 0.2271 0.7794
1KKA 1349 1.825 0.2040 0.7941
1KKA 1350 1.750 0.2783 0.8382
1KKA 1351 1.732 0.1970 0.8088
1KKA 1352 1.780 0.2554 0.8235
1KKA 1353 2.009 0.2161 0.7647
1KKA 1354 1.712 0.2249 0.8235
1KKA 1355 2.192 0.2150 0.7794
1KKA 1356 2.149 0.2304 0.7794
1KKA 1357 1.670 0.2012 0.8235
1KKA 1358 1.594 0.1979 0.8235
1KKA 1359 1.739 0.2250 0.8088
1KKA 1360 1.646 0.2045 0.8235
1KKA 1361 1.615 0.1929 0.8088
1KKA 1362 1.821 0.2585 0.8088
1KKA 1363 1.785 0.2342 0.7941
1KKA 1364 1.812 0.2292 0.7941
1KKA 1365 1.862 0.2329 0.7794
1KKA 1366 1.336 0.2972 0.8529
1KKA 1367 1.903 0.2219 0.8088
1KKA 1368 2.209 0.1950 0.7647
1KKA 1369 2.316 0.2867 0.7794
1KKA 1370 2.226 0.2310 0.7500
1KKA 1371 2.353 0.2545 0.7941
1KKA 1372 2.551 0.2527 0.7353
1KKA 1373 2.350 0.2368 0.7941
1KKA 1374 1.973 0.2293 0.7941
1KKA 1375 2.382 0.2264 0.7794
1KKA 1376 2.214 0.2446 0.7941
1KKA 1377 2.207 0.2281 0.7941
1KKA 1378 2.253 0.2352 0.8088
1KKA 1379 2.349 0.2053 0.7353
1KKA 1380 2.414 0.2137 0.7500
1KKA 1381 2.590 0.2060 0.7500
1KKA 1382 2.158 0.2271 0.7647
1KKA 1383 2.396 0.2144 0.7647
1KKA 1384 2.385 0.2045 0.7206
1KKA 1385 2.114 0.2500 0.8088
1KKA 1386 2.303 0.1942 0.7794
1KKA 1387 2.345 0.2305 0.7500
1KKA 1388 2.711 0.1897 0.7353
1KKA 1389 2.268 0.1815 0.7647
1KKA 1390 2.377 0.2109 0.7647
1KKA 1391 2.255 0.2163 0.7941
1KKA 1392 2.396 0.2479 0.8088
1KKA 1393 2.256 0.2154 0.8088
1KKA 1394 2.002 0.2059 0.7794
1KKA 1395 1.985 0.2145 0.8235
1KKA 1396 2.045 0.2229 0.8088
1KKA 1397 2.059 0.1706 0.7794
1KKA 1398 2.039 0.2016 0.7941
1KKA 1399 1.940 0.2126 0.8235
1KKA 1400 2.031 0.1868 0.8088
1KKA 1401 2.332 0.1745 0.7647
1KKA 1402 2.243 0.1984 0.7794
1KKA 1403 2.197 0.1873 0.7647
1KKA 1404 2.233 0.1905 0.7647
1KKA 1405 2.021 0.2914 0.7941
1KKA 1406 2.079 0.2048 0.7941
1KKA 1407 1.878 0.2384 0.8235
1KKA 1408 2.208 0.2209 0.7941
1KKA 1409 1.966 0.2244 0.8088
1KKA 1410 2.175 0.2417 0.7794
1KKA 1411 2.271 0.2587 0.7794
1KKA 1412 2.346 0.2173 0.8088
1KKA 1413 1.793 0.1959 0.8235
1KKA 1414 2.131 0.2396 0.7941
1KKA 1415 2.079 0.2290 0.7647
1KKA 1416 1.937 0.2467 0.8088
1KKA 1417 2.137 0.2217 0.7794
1KKA 1418 2.083 0.2491 0.8088
1KKA 1419 1.925 0.2396 0.7794
1KKA 1420 2.119 0.2431 0.7941
1KKA 1421 2.493 0.1739 0.7353
1KKA 1422 2.175 0.1655 0.7647
1KKA 1423 1.775 0.2057 0.8235
1KKA 1424 1.868 0.2651 0.7941
1KKA 1425 2.137 0.2241 0.7794
1KKA 1426 2.131 0.2362 0.7794
1KKA 1427 2.077 0.2190 0.7941
1KKA 1428 2.042 0.2230 0.7647
1KKA 1429 2.238 0.1760 0.7647
1KKA 1430 2.121 0.2087 0.7647
1KKA 1431 2.269 0.1811 0.7647
1KKA 1432 2.090 0.2433 0.7794
1KKA 1433 2.307 0.2549 0.7647
1KKA 1434 1.742 0.2014 0.8235
1KKA 1435 2.042 0.2928 0.8088
1KKA 1436 2.009 0.2425 0.7941
1KKA 1437 2.442 0.2229 0.7647
1KKA 1438 2.493 0.2550 0.7794
1KKA 1439 2.405 0.1829 0.7500
1KKA 1440 2.461 0.2052 0.7353
1KKA 1441 2.189 0.2075 0.7794
1KKA 1442 2.372 0.2372 0.7794
1KKA 1443 2.392 0.2371 0.7647
1KKA 1444 2.602 0.2555 0.7353
1KKA 1445 2.366 0.2513 0.7647
1KKA 1446 2.178 0.2148 0.7941
1KKA 1447 2.057 0.2481 0.7794
1KKA 1448 2.087 0.2502 0.8088
1KKA 1449 1.874 0.2530 0.8088
1KKA 1450 1.520 0.2614 0.8382
1KKA 1451 1.949 0.2111 0.7647
1KKA 1452 1.770 0.2449 0.8382
1KKA 1453 2.019 0.2389 0.7941
1KKA 1454 2.249 0.2013 0.7647
1KKA 1455 2.450 0.2263 0.7500
1KKA 1456 2.350 0.2065 0.7647
1KKA 1457 2.027 0.2121 0.7794
1KKA 1458 2.141 0.2390 0.8088
1KKA 1459 2.064 0.2575 0.7941
1KKA 1460 2.327 0.2005 0.7647
1KKA 1461 2.455 0.1587 0.7500
1KKA 1462 1.898 0.2871 0.8088
1KKA 1463 2.476 0.2441 0.7647
1KKA 1464 2.059 0.2369 0.7941
1KKA 1465 2.310 0.1765 0.7647
1KKA 1466 2.232 0.2358 0.7647
1KKA 1467 2.239 0.2429 0.7794
1KKA 1468 2.112 0.2341 0.7941
1KKA 1469 2.091 0.2000 0.7647
1KKA 1470 2.144 0.2439 0.7794
1KKA 1471 2.171 0.2513 0.7794
1KKA 1472 2.313 0.2707 0.7941
1KKA 1473 2.070 0.2346 0.8235
1KKA 1474 1.918 0.2106 0.8529
1KKA 1475 2.037 0.1946 0.7941
1KKA 1476 2.264 0.1706 0.7500
1KKA 1477 2.133 0.2197 0.8088
1KKA 1478 2.157 0.2137 0.7647
1KKA 1479 2.024 0.2539 0.7941
1KKA 1480 1.642 0.2413 0.8382
1KKA 1481 1.856 0.2916 0.8235
1KKA 1482 1.817 0.2268 0.7941
1KKA 1483 2.184 0.1690 0.7500
1KKA 1484 2.287 0.2536 0.7647
1KKA 1485 1.952 0.2191 0.8088
1KKA 1486 1.887 0.2198 0.7941
1KKA 1487 2.170 0.2496 0.7941
1KKA 1488 2.113 0.2750 0.7647
1KKA 1489 2.154 0.2265 0.7794
1KKA 1490 1.886 0.2939 0.8235
1KKA 1491 2.215 0.2586 0.8235
1KKA 1492 1.999 0.2356 0.8088
1KKA 1493 2.139 0.2179 0.7794
1KKA 1494 1.974 0.2015 0.7794
1KKA 1495 2.013 0.2108 0.7794
1KKA 1496 1.944 0.3043 0.8382
1KKA 1497 1.882 0.2080 0.7941
1KKA 1498 2.173 0.2292 0.7941
1KKA 1499 2.316 0.2132 0.7941
1KKA 1500 2.132 0.1912 0.7500
1KKA 1501 2.152 0.2210 0.7794
1KKA 1502 2.356 0.1880 0.7500
1KKA 1503 1.858 0.2463 0.8235
1KKA 1504 1.963 0.2686 0.8235
1KKA 1505 1.484 0.2859 0.8529
1KKA 1506 1.406 0.2928 0.8382
1KKA 1507 1.785 0.2293 0.8235
1KKA 1508 1.916 0.2406 0.8235
1KKA 1509 1.764 0.2528 0.8235
1KKA 1510 2.179 0.2314 0.7794
1KKA 1511 1.920 0.2787 0.8382
1KKA 1512 1.792 0.2261 0.8088
1KKA 1513 2.135 0.2469 0.7647
1KKA 1514 1.855 0.2859 0.8529
1KKA 1515 2.229 0.1981 0.7941
1KKA 1516 2.139 0.1900 0.7500
1KKA 1517 1.923 0.2520 0.7794
1KKA 1518 2.200 0.2339 0.7794
1KKA 1519 2.142 0.2296 0.7500
1KKA 1520 2.234 0.2278 0.7500
1KKA 1521 2.047 0.2599 0.8235
1KKA 1522 2.454 0.2111 0.7500
1KKA 1523 2.121 0.2259 0.7941
1KKA 1524 2.165 0.2209 0.7794
1KKA 1525 2.278 0.2359 0.7794
1KKA 1526 2.377 0.2224 0.7794
1KKA 1527 2.207 0.1967 0.7794
1KKA 1528 2.168 0.2389 0.7500
1KKA 1529 2.377 0.2547 0.7794
1KKA 1530 2.433 0.2551 0.7353
1KKA 1531 2.191 0.2743 0.7941
1KKA 1532 2.400 0.2186 0.7500
1KKA 1533 2.511 0.1975 0.7353
1KKA 1534 2.049 0.2705 0.7647
1KKA 1535 2.392 0.2220 0.7206
1KKA 1536 2.246 0.1966 0.7500
1KKA 1537 2.089 0.2375 0.7647
1KKA 1538 2.263 0.2088 0.7647
1KKA 1539 1.844 0.2169 0.8235
1KKA 1540 2.218 0.2413 0.7647
1KKA 1541 2.212 0.2071 0.7500
1KKA 1542 2.023 0.2310 0.8088
1KKA 1543 2.128 0.2233 0.7647
1KKA 1544 1.985 0.2117 0.7353
1KKA 1545 2.213 0.2365 0.7500
1KKA 1546 1.859 0.2510 0.8235
1KKA 1547 1.635 0.2345 0.8529
1KKA 1548 1.986 0.2247 0.7647
1KKA 1549 1.841 0.2298 0.7941
1KKA 1550 2.374 0.2675 0.7794
1KKA 1551 2.053 0.2687 0.8088
1KKA 1552 2.004 0.2219 0.7794
1KKA 1553 1.778 0.3135 0.8382
1KKA 1554 2.187 0.1935 0.7794
1KKA 1555 2.578 0.2164 0.7206
1KKA 1556 2.355 0.2241 0.7500
1KKA 1557 2.196 0.2256 0.7794
1KKA 1558 1.876 0.2608 0.8235
1KKA 1559 1.969 0.2233 0.8088
1KKA 1560 1.812 0.2880 0.8088
1KKA 1561 2.122 0.2345 0.7794
1KKA 1562 1.808 0.2139 0.8088
1KKA 1563 1.898 0.3153 0.8235
1KKA 1564 2.661 0.3031 0.7647
1KKA 1565 2.700 0.2648 0.7647
1KKA 1566 2.732 0.2108 0.6912
1KKA 1567 2.561 0.2247 0.7941
1KKA 1568 2.614 0.2384 0.7647
1KKA 1569 2.212 0.2615 0.8235
1KKA 1570 2.249 0.1774 0.7647
1KKA 1571 2.369 0.2238 0.7647
1KKA 1572 2.314 0.2202 0.7794
1KKA 1573 2.513 0.2597 0.7647
1KKA 1574 2.052 0.3245 0.8235
1KKA 1575 2.671 0.2455 0.7647
1KKA 1576 2.733 0.2322 0.7647
1KKA 1577 2.260 0.2222 0.7353
1KKA 1578 2.252 0.1666 0.7500
1KKA 1579 2.130 0.1910 0.7353
1KKA 1580 1.760 0.2953 0.7941
1KKA 1581 1.675 0.2628 0.8382
1KKA 1582 2.559 0.2143 0.7353
1KKA 1583 1.903 0.2833 0.8235
1KKA 1584 1.926 0.3372 0.7941
1KKA 1585 2.605 0.1871 0.7206
1KKA 1586 2.683 0.1893 0.7353
1KKA 1587 2.573 0.1763 0.7206
1KKA 1588 2.031 0.2338 0.7941
1KKA 1589 1.724 0.2304 0.8382
1KKA 1590 1.974 0.2402 0.8088
1KKA 1591 1.626 0.2092 0.7941
1KKA 1592 2.218 0.2091 0.7647
1KKA 1593 2.368 0.2501 0.7500
1KKA 1594 2.185 0.1871 0.7059
1KKA 1595 2.077 0.1940 0.7500
1KKA 1596 2.359 0.1927 0.7647
1KKA 1597 2.163 0.1944 0.7647
1KKA 1598 2.540 0.2256 0.7794
1KKA 1599 2.020 0.2083 0.7647
1KKA 1600 2.057 0.1862 0.7647
1KKA 1601 1.859 0.2171 0.7941
1KKA 1602 2.130 0.2577 0.7794
1KKA 1603 2.305 0.2143 0.7500
1KKA 1604 2.115 0.2082 0.7353
1KKA 1605 1.736 0.3162 0.7941
1KKA 1606 2.066 0.2022 0.7500
1KKA 1607 1.765 0.2677 0.8235
1KKA 1608 1.947 0.2146 0.7941
1KKA 1609 1.808 0.2948 0.8088
1KKA 1610 1.741 0.1989 0.7941
1KKA 1611 1.618 0.1801 0.8235
1KKA 1612 1.693 0.1769 0.7941
1KKA 1613 1.695 0.2028 0.7794
1KKA 1614 1.639 0.2354 0.8235
1KKA 1615 1.214 0.2979 0.8824
1KKA 1616 1.765 0.2220 0.8088
1KKA 1617 1.431 0.2204 0.8235
1KKA 1618 1.713 0.2028 0.7647
1KKA 1619 1.491 0.2371 0.8088
1KKA 1620 1.474 0.2571 0.8529
1KKA 1621 2.005 0.2196 0.7941
1KKA 1622 2.040 0.2253 0.7941
1KKA 1623 1.749 0.2392 0.7941
1KKA 1624 2.129 0.1974 0.7647
1KKA 1625 2.285 0.1863 0.7500
1KKA 1626 2.003 0.1732 0.7794
1KKA 1627 2.089 0.2590 0.7500
1KKA 1628 2.038 0.2341 0.7353
1KKA 1629 2.111 0.1857 0.7500
1KKA 1630 2.280 0.2589 0.7500
1KKA 1631 2.190 0.1902 0.7647
1KKA 1632 2.090 0.1702 0.7500
1KKA 1633 1.615 0.1744 0.7941
1KKA 1634 1.349 0.2190 0.8676
1KKA 1635 1.672 0.2683 0.8088
1KKA 1636 1.698 0.2306 0.8088
1KKA 1637 1.737 0.2554 0.8088
1KKA 1638 1.915 0.1928 0.7794
1KKA 1639 1.682 0.2525 0.8382
1KKA 1640 1.856 0.2284 0.7794
1KKA 1641 1.897 0.2210 0.8088
1KKA 1642 1.853 0.2663 0.8088
1KKA 1643 1.803 0.1960 0.7941
1KKA 1644 1.840 0.3084 0.7941
1KKA 1645 1.609 0.2563 0.8382
1KKA 1646 1.792 0.2094 0.7647
1KKA 1647 1.533 0.1722 0.7941
1KKA 1648 1.956 0.2130 0.7647
1KKA 1649 1.503 0.2091 0.8235
1KKA 1650 2.335 0.1463 0.7206
1KKA 1651 2.000 0.2045 0.7500
1KKA 1652 1.978 0.2106 0.7794
1KKA 1653 1.952 0.2125 0.7941
1KKA 1654 2.431 0.2398 0.7206
1KKA 1655 1.947 0.2108 0.7794
1KKA 1656 1.864 0.2268 0.7647
1KKA 1657 2.106 0.2428 0.7500
1KKA 1658 2.361 0.2795 0.8235
1KKA 1659 1.996 0.2270 0.7941
1KKA 1660 1.794 0.2171 0.7941
1KKA 1661 1.931 0.2070 0.7794
1KKA 1662 2.372 0.2401 0.7353
1KKA 1663 2.299 0.2152 0.7941
1KKA 1664 2.116 0.1906 0.7647
1KKA 1665 2.076 0.1876 0.7794
1KKA 1666 1.792 0.1898 0.7500
1KKA 1667 1.617 0.2508 0.8382
1KKA 1668 2.046 0.1904 0.7647
1KKA 1669 1.697 0.1926 0.7941
1KKA 1670 1.095 0.3283 0.9118
1KKA 1671 1.906 0.2909 0.8382
1KKA 1672 1.830 0.2774 0.8529
1KKA 1673 2.231 0.1915 0.7353
1KKA 1674 1.985 0.2356 0.7941
1KKA 1675 2.172 0.2516 0.7941
1KKA 1676 2.198 0.2157 0.7647
1KKA 1677 2.230 0.1647 0.7500
1KKA 1678 2.217 0.2060 0.7500
1KKA 1679 2.317 0.2092 0.7647
1KKA 1680 2.245 0.2127 0.7941
1KKA 1681 2.467 0.2463 0.8382
1KKA 1682 2.533 0.2450 0.8088
1KKA 1683 2.277 0.1723 0.7206
1KKA 1684 2.059 0.2081 0.7500
1KKA 1685 2.170 0.2647 0.8088
1KKA 1686 2.355 0.2099 0.7647
1KKA 1687 2.162 0.2221 0.7794
1KKA 1688 1.798 0.2048 0.7941
1KKA 1689 2.024 0.1794 0.7500
1KKA 1690 2.011 0.2612 0.8235
1KKA 1691 2.257 0.2369 0.7794
1KKA 1692 2.088 0.2322 0.8088
1KKA 1693 2.326 0.1869 0.7647
1KKA 1694 2.309 0.1907 0.7500
1KKA 1695 2.206 0.2744 0.8088
1KKA 1696 1.916 0.2461 0.8235
1KKA 1697 2.090 0.2067 0.7500
1KKA 1698 1.869 0.2087 0.7500
1KKA 1699 2.290 0.2043 0.7794
1KKA 1700 2.624 0.2397 0.7353
1KKA 1701 2.229 0.2712 0.8088
1KKA 1702 1.916 0.2289 0.7941
1KKA 1703 2.253 0.1850 0.7647
1KKA 1704 2.410 0.2120 0.7941
1KKA 1705 2.806 0.1821 0.7500
1KKA 1706 2.784 0.2185 0.7353
1KKA 1707 2.204 0.2022 0.7941
1KKA 1708 2.021 0.2172 0.7647
1KKA 1709 1.918 0.2394 0.8088
1KKA 1710 1.873 0.2617 0.8235
1KKA 1711 2.300 0.2603 0.7941
1KKA 1712 2.138 0.2281 0.7647
1KKA 1713 1.824 0.2215 0.8088
1KKA 1714 2.636 0.1928 0.7647
1KKA 1715 2.091 0.2067 0.7794
1KKA 1716 1.600 0.2249 0.8382
1KKA 1717 1.902 0.1854 0.7647
1KKA 1718 2.601 0.2141 0.7500
1KKA 1719 2.376 0.2772 0.7941
1KKA 1720 1.986 0.2016 0.7500
1KKA 1721 1.839 0.2088 0.7353
1KKA 1722 1.895 0.1974 0.7647
1KKA 1723 2.150 0.2014 0.7647
1KKA 1724 1.604 0.2859 0.7794
1KKA 1725 1.595 0.1863 0.7941
1KKA 1726 1.742 0.1989 0.8088
1KKA 1727 1.625 0.2335 0.8382
1KKA 1728 1.877 0.2373 0.8088
1KKA 1729 1.939 0.2004 0.7941
1KKA 1730 1.886 0.2445 0.8088
1KKA 1731 1.480 0.2218 0.8088
1KKA 1732 1.682 0.2276 0.7941
1KKA 1733 1.453 0.2549 0.8824
1KKA 1734 2.146 0.1792 0.7500
1KKA 1735 1.870 0.2567 0.8235
1KKA 1736 1.956 0.1917 0.7647
1KKA 1737 1.920 0.2029 0.7647
1KKA 1738 2.214 0.2056 0.7500
1KKA 1739 2.101 0.2443 0.7794
1KKA 1740 2.145 0.2459 0.7647
1KKA 1741 1.768 0.2125 0.7794
1KKA 1742 1.889 0.1880 0.7794
1KKA 1743 2.700 0.1836 0.7353
1KKA 1744 2.247 0.1479 0.7206
1KKA 1745 1.870 0.2050 0.7941
1KKA 1746 1.768 0.2268 0.8235
1KKA 1747 1.663 0.2213 0.7794
1KKA 1748 1.634 0.2756 0.8235
1KKA 1749 1.626 0.2086 0.8088
1KKA 1750 1.803 0.2033 0.7794
1KKA 1751 1.856 0.2171 0.7941
1KKA 1752 1.672 0.2462 0.7941
1KKA 1753 2.867 0.1707 0.7206
1KKA 1754 1.987 0.2186 0.7500
1KKA 1755 1.924 0.2247 0.7500
1KKA 1756 1.985 0.2313 0.7794
1KKA 1757 1.933 0.2437 0.7794
1KKA 1758 1.920 0.2369 0.8088
1KKA 1759 1.933 0.1513 0.7647
1KKA 1760 1.961 0.1829 0.7794
1KKA 1761 1.938 0.2180 0.7941
1KKA 1762 2.339 0.2095 0.7353
1KKA 1763 2.096 0.1624 0.7794
1KKA 1764 2.445 0.1457 0.7206
1KKA 1765 2.052 0.2608 0.7794
1KKA 1766 2.278 0.2509 0.7353
1KKA 1767 2.072 0.1846 0.7353
1KKA 1768 1.794 0.1762 0.7794
1KKA 1769 1.716 0.2232 0.7941
1KKA 1770 1.760 0.1929 0.8088
1KKA 1771 2.087 0.2239 0.7500
1KKA 1772 1.894 0.2699 0.7941
1KKA 1773 1.594 0.2025 0.8235
1KKA 1774 1.664 0.2596 0.8382
1KKA 1775 1.690 0.2063 0.7794
1KKA 1776 1.556 0.2189 0.8088
1KKA 1777 1.735 0.2499 0.7941
1KKA 1778 1.767 0.2753 0.8529
1KKA 1779 2.060 0.1813 0.7500
1KKA 1780 1.615 0.2270 0.8382
1KKA 1781 1.952 0.2118 0.7941
1KKA 1782 1.888 0.2364 0.7647
1KKA 1783 2.117 0.2032 0.7794
1KKA 1784 2.307 0.2430 0.7941
1KKA 1785 1.578 0.2350 0.8529
1KKA 1786 1.736 0.2123 0.7794
1KKA 1787 1.878 0.2460 0.8235
1KKA 1788 1.742 0.2819 0.8235
1KKA 1789 1.400 0.2961 0.8676
1KKA 1790 1.537 0.2329 0.8235
1KKA 1791 1.628 0.2230 0.8382
1KKA 1792 1.937 0.2039 0.7794
1KKA 1793 1.917 0.2301 0.7647
1KKA 1794 1.983 0.2311 0.7794
1KKA 1795 1.623 0.2975 0.8235
1KKA 1796 1.590 0.2428 0.8382
1KKA 1797 1.615 0.2765 0.8235
1KKA 1798 1.483 0.2489 0.8676
1KKA 1799 1.141 0.3093 0.8971
1KKA 1800 1.573 0.2462 0.8529
1KKA 1801 1.632 0.2443 0.7941
1KKA 1802 1.452 0.2130 0.8382
1KKA 1803 1.888 0.2101 0.7941
1KKA 1804 2.368 0.1733 0.7353
1KKA 1805 2.032 0.1840 0.7353
1KKA 1806 1.680 0.2133 0.8235
1KKA 1807 2.217 0.2669 0.7794
1KKA 1808 2.212 0.1902 0.7500
1KKA 1809 2.086 0.2338 0.7794
1KKA 1810 2.053 0.2301 0.7500
1KKA 1811 1.665 0.2029 0.8235
1KKA 1812 1.868 0.2250 0.7794
1KKA 1813 1.981 0.2179 0.7647
1KKA 1814 2.179 0.1871 0.7647
1KKA 1815 1.689 0.2792 0.8382
1KKA 1816 1.746 0.2073 0.7941
1KKA 1817 1.945 0.2429 0.7941
1KKA 1818 2.081 0.2075 0.7647
1KKA 1819 2.242 0.2575 0.7647
1KKA 1820 1.983 0.2661 0.7794
1KKA 1821 1.885 0.2207 0.7941
1KKA 1822 2.013 0.2472 0.7941
1KKA 1823 2.185 0.2107 0.7500
1KKA 1824 2.106 0.2305 0.7794
1KKA 1825 2.129 0.2555 0.8088
1KKA 1826 2.114 0.2913 0.7941
1KKA 1827 1.707 0.1886 0.7941
1KKA 1828 1.812 0.2109 0.7941
1KKA 1829 1.577 0.2213 0.7941
1KKA 1830 1.876 0.1892 0.7794
1KKA 1831 1.515 0.2249 0.8235
1KKA 1832 1.661 0.2574 0.7941
1KKA 1833 1.574 0.2608 0.8088
1KKA 1834 1.959 0.2074 0.7794
1KKA 1835 1.935 0.1720 0.7353
1KKA 1836 1.950 0.2179 0.7647
1KKA 1837 1.591 0.2285 0.8088
1KKA 1838 1.596 0.2071 0.8088
1KKA 1839 1.822 0.2021 0.7794
1KKA 1840 2.214 0.1549 0.7353
1KKA 1841 1.808 0.2330 0.8382
1KKA 1842 1.548 0.2148 0.8382
1KKA 1843 2.098 0.2107 0.7794
1KKA 1844 1.641 0.2080 0.8529
1KKA 1845 2.306 0.2143 0.7500
1KKA 1846 2.022 0.1847 0.7794
1KKA 1847 1.877 0.1891 0.7647
1KKA 1848 1.866 0.1613 0.7500
1KKA 1849 2.053 0.1696 0.7353
1KKA 1850 1.785 0.1976 0.7794
1KKA 1851 1.805 0.1653 0.7647
1KKA 1852 2.016 0.1932 0.7500
1KKA 1853 1.885 0.1716 0.7794
1KKA 1854 2.044 0.1503 0.7500
1KKA 1855 1.604 0.2101 0.8235
1KKA 1856 1.958 0.1639 0.7647
1KKA 1857 1.495 0.2163 0.8088
1KKA 1858 1.350 0.1947 0.8382
1KKA 1859 1.913 0.1939 0.7941
1KKA 1860 1.431 0.2507 0.8235
1KKA 1861 1.630 0.2000 0.8088
1KKA 1862 1.323 0.2852 0.8676
1KKA 1863 2.160 0.2255 0.7941
1KKA 1864 1.819 0.2124 0.7794
1KKA 1865 2.012 0.2384 0.7941
1KKA 1866 2.544 0.1705 0.7059
1KKA 1867 2.587 0.1768 0.7059
1KKA 1868 1.954 0.2421 0.7941
1KKA 1869 2.402 0.1802 0.7206
1KKA 1870 1.484 0.2412 0.8235
1KKA 1871 1.935 0.2182 0.7794
1KKA 1872 1.936 0.2125 0.8088
1KKA 1873 2.226 0.2210 0.7500
1KKA 1874 2.237 0.2120 0.7206
1KKA 1875 2.058 0.2158 0.7941
1KKA 1876 2.170 0.2348 0.8088
1KKA 1877 2.096 0.2038 0.7794
1KKA 1878 2.426 0.1942 0.7353
1KKA 1879 2.187 0.2161 0.7647
1KKA 1880 1.948 0.2151 0.7794
1KKA 1881 1.945 0.2329 0.7941
1KKA 1882 1.837 0.2419 0.8088
1KKA 1883 1.860 0.2756 0.8382
1KKA 1884 2.074 0.3086 0.8235
1KKA 1885 2.069 0.2046 0.7794
1KKA 1886 2.058 0.2192 0.7647
1KKA 1887 2.006 0.2367 0.7941
1KKA 1888 1.715 0.2403 0.8235
1KKA 1889 2.022 0.2168 0.8088
1KKA 1890 2.064 0.2530 0.7941
1KKA 1891 2.020 0.2152 0.7794
1KKA 1892 1.789 0.2844 0.8088
1KKA 1893 2.062 0.2652 0.7941
1KKA 1894 1.889 0.2319 0.8088
1KKA 1895 2.006 0.1923 0.7941
1KKA 1896 1.765 0.2539 0.8088
1KKA 1897 2.053 0.2353 0.7794
1KKA 1898 2.451 0.1389 0.7059
1KKA 1899 2.184 0.1324 0.7353
1KKA 1900 2.519 0.1660 0.7206
1KKA 1901 2.414 0.2281 0.7500
1KKA 1902 1.648 0.2110 0.8088
1KKA 1903 1.485 0.2426 0.8088
1KKA 1904 1.798 0.2915 0.8088
1KKA 1905 1.637 0.2061 0.7941
1KKA 1906 1.385 0.1979 0.8235
1KKA 1907 1.943 0.1906 0.7500
1KKA 1908 1.792 0.1764 0.7941
1KKA 1909 2.039 0.1665 0.7353
1KKA 1910 1.765 0.1716 0.7794
1KKA 1911 1.638 0.2169 0.7794
1KKA 1912 1.555 0.2050 0.8382
1KKA 1913 1.736 0.1836 0.7794
1KKA 1914 1.592 0.2640 0.8382
1KKA 1915 2.034 0.1309 0.7647
1KKA 1916 2.257 0.2020 0.7941
1KKA 1917 2.380 0.1785 0.7353
1KKA 1918 2.077 0.2282 0.7647
1KKA 1919 2.138 0.2696 0.7794
1KKA 1920 2.228 0.2073 0.7647
1KKA 1921 2.100 0.2398 0.7647
1KKA 1922 2.120 0.2105 0.7500
1KKA 1923 2.300 0.2207 0.7353
1KKA 1924 2.486 0.1759 0.7206
1KKA 1925 2.051 0.2098 0.7647
1KKA 1926 2.153 0.1849 0.7647
1KKA 1927 2.050 0.1788 0.7500
1KKA 1928 1.969 0.1923 0.7500
1KKA 1929 1.734 0.2472 0.7941
1KKA 1930 2.026 0.2771 0.7794
1KKA 1931 2.042 0.2062 0.7353
1KKA 1932 1.821 0.2143 0.7794
1KKA 1933 1.825 0.2354 0.7647
1KKA 1934 1.676 0.2437 0.8235
1KKA 1935 1.670 0.2581 0.7941
1KKA 1936 2.120 0.2324 0.7500
1KKA 1937 2.326 0.1969 0.7206
1KKA 1938 1.890 0.2362 0.7794
1KKA 1939 1.820 0.2455 0.7794
1KKA 1940 1.748 0.2214 0.7794
1KKA 1941 1.682 0.2675 0.8382
1KKA 1942 2.185 0.1958 0.7647
1KKA 1943 2.319 0.2105 0.7647
1KKA 1944 1.918 0.2198 0.7941
1KKA 1945 1.868 0.2367 0.8235
1KKA 1946 2.045 0.2015 0.7500
1KKA 1947 2.338 0.1876 0.7059
1KKA 1948 2.199 0.1996 0.7353
1KKA 1949 1.982 0.2146 0.8235
1KKA 1950 2.330 0.2289 0.7500
1KKA 1951 2.580 0.2210 0.7059
1KKA 1952 2.823 0.1463 0.6912
1KKA 1953 2.234 0.1501 0.7353
1KKA 1954 2.627 0.1715 0.6912
1KKA 1955 2.470 0.2050 0.7647
1KKA 1956 2.249 0.2335 0.7500
1KKA 1957 2.351 0.2175 0.7206
1KKA 1958 1.904 0.2123 0.7500
1KKA 1959 1.577 0.2230 0.7941
1KKA 1960 2.309 0.2211 0.7794
1KKA 1961 2.285 0.1635 0.7206
1KKA 1962 1.693 0.2133 0.7794
1KKA 1963 1.643 0.1655 0.7941
1KKA 1964 2.211 0.2013 0.7206
1KKA 1965 2.027 0.2190 0.7647
1KKA 1966 1.717 0.2384 0.7941
1KKA 1967 1.965 0.2231 0.7647
1KKA 1968 2.212 0.1862 0.7500
1KKA 1969 2.019 0.1619 0.7500
1KKA 1970 1.884 0.2807 0.7794
1KKA 1971 2.111 0.1744 0.7647
1KKA 1972 1.764 0.2124 0.7794
1KKA 1973 1.303 0.2087 0.8235
1KKA 1974 1.804 0.1965 0.7941
1KKA 1975 2.021 0.1732 0.7647
1KKA 1976 1.919 0.1700 0.7500
1KKA 1977 2.102 0.2075 0.7500
1KKA 1978 1.713 0.2432 0.8529
1KKA 1979 2.054 0.1664 0.7647
1KKA 1980 1.919 0.1518 0.7353
1KKA 1981 1.675 0.1441 0.7794
1KKA 1982 1.612 0.2150 0.8235
1KKA 1983 1.860 0.1805 0.7647
1KKA 1984 1.806 0.2516 0.7794
1KKA 1985 1.913 0.2311 0.8235
1KKA 1986 2.052 0.2102 0.7794
1KKA 1987 1.910 0.2047 0.7500
1KKA 1988 1.680 0.2155 0.7941
1KKA 1989 1.659 0.2070 0.8235
1KKA 1990 2.294 0.1774 0.7500
1KKA 1991 2.641 0.1786 0.7059
1KKA 1992 2.147 0.1761 0.7206
1KKA 1993 1.753 0.2136 0.7794
1KKA 1994 2.173 0.2348 0.7647
1KKA 1995 2.756 0.2158 0.7647
1KKA 1996 2.206 0.1949 0.7647
1KKA 1997 1.916 0.2567 0.7500
1KKA 1998 2.091 0.2234 0.7353
1KKA 1999 1.900 0.2538 0.7941
1KKA 2000 2.161 0.1800 0.7500
1KKA 2001 1.764 0.2295 0.8235
1KKA 2002 2.062 0.2046 0.7647
1KKA 2003 1.773 0.2349 0.8235
1KKA 2004 2.158 0.1708 0.7353
1KKA 2005 1.925 0.2272 0.7647
1KKA 2006 1.839 0.2653 0.8088
1KKA 2007 2.017 0.1967 0.7647
1KKA 2008 1.788 0.2301 0.7794
1KKA 2009 1.789 0.2056 0.7794
1KKA 2010 1.834 0.2122 0.7794
1KKA 2011 1.712 0.1998 0.8088
1KKA 2012 1.705 0.1993 0.7941
1KKA 2013 1.938 0.2356 0.8235
1KKA 2014 2.202 0.2481 0.7500
1KKA 2015 2.131 0.2606 0.7647
1KKA 2016 1.949 0.1988 0.8088
1KKA 2017 2.232 0.1709 0.7353
1KKA 2018 2.045 0.1258 0.7500
1KKA 2019 2.373 0.1643 0.7059
1KKA 2020 2.310 0.2456 0.7206
1KKA 2021 2.414 0.2074 0.7059
1KKA 2022 2.706 0.1556 0.6765
1KKA 2023 2.594 0.1646 0.6618
1KKA 2024 2.418 0.1362 0.6912
1KKA 2025 2.338 0.1453 0.7206
1KKA 2026 2.670 0.1152 0.6765
1KKA 2027 2.359 0.1681 0.7206
1KKA 2028 2.912 0.1457 0.6765
1KKA 2029 2.471 0.1541 0.7206
1KKA 2030 2.672 0.1404 0.6912
1KKA 2031 3.062 0.1093 0.6618
1KKA 2032 2.394 0.1182 0.6912
1KKA 2033 2.759 0.1612 0.6765
1KKA 2034 1.985 0.1659 0.7206
1KKA 2035 2.065 0.1575 0.7206
1KKA 2036 2.218 0.1802 0.7353
1KKA 2037 2.121 0.1719 0.7206
1KKA 2038 1.769 0.2055 0.8088
1KKA 2039 1.636 0.2388 0.8235
1KKA 2040 2.123 0.1933 0.7500
1KKA 2041 2.097 0.2003 0.7353
1KKA 2042 1.712 0.1947 0.7794
1KKA 2043 1.935 0.2161 0.7941
1KKA 2044 1.466 0.2296 0.8088
1KKA 2045 1.742 0.2703 0.8088
1KKA 2046 1.615 0.1692 0.8088
1KKA 2047 1.561 0.2806 0.8529
1KKA 2048 1.904 0.2490 0.8235
1KKA 2049 2.112 0.2478 0.7794
1KKA 2050 1.811 0.2154 0.8235
1KKA 2051 1.608 0.2640 0.8382
1KKA 2052 1.929 0.2571 0.8235
1KKA 2053 1.841 0.2099 0.8235
1KKA 2054 2.126 0.1976 0.7794
1KKA 2055 1.878 0.1819 0.7794
1KKA 2056 1.990 0.2420 0.7794
1KKA 2057 1.861 0.1801 0.7941
1KKA 2058 1.735 0.2261 0.8235
1KKA 2059 1.833 0.1518 0.7647
1KKA 2060 1.414 0.2655 0.8529
1KKA 2061 1.952 0.2296 0.7794
1KKA 2062 1.574 0.1745 0.8235
1KKA 2063 1.832 0.2413 0.8382
1KKA 2064 2.014 0.2313 0.7794
1KKA 2065 1.836 0.2735 0.8088
1KKA 2066 1.713 0.2056 0.8235
1KKA 2067 1.710 0.2652 0.8382
1KKA 2068 1.858 0.2966 0.7941
1KKA 2069 1.626 0.2982 0.8382
1KKA 2070 1.628 0.2546 0.8382
1KKA 2071 1.766 0.1951 0.7941
1KKA 2072 1.909 0.1967 0.7941
1KKA 2073 2.403 0.1957 0.7500
1KKA 2074 2.045 0.2552 0.7941
1KKA 2075 1.950 0.1763 0.7941
1KKA 2076 1.836 0.2224 0.7794
1KKA 2077 2.030 0.2012 0.7941
1KKA 2078 1.745 0.2248 0.8088
1KKA 2079 1.736 0.2095 0.8235
1KKA 2080 1.770 0.2050 0.8235
1KKA 2081 1.912 0.2204 0.8382
1KKA 2082 1.805 0.2140 0.8235
1KKA 2083 1.785 0.2203 0.8235
1KKA 2084 1.809 0.2143 0.7794
1KKA 2085 1.814 0.3044 0.8382
1KKA 2086 2.047 0.3011 0.7941
1KKA 2087 1.832 0.2233 0.8235
1KKA 2088 2.019 0.2090 0.7647
1KKA 2089 2.015 0.1831 0.7353
1KKA 2090 1.843 0.2124 0.7941
1KKA 2091 1.875 0.2180 0.8088
1KKA 2092 2.151 0.1984 0.7941
1KKA 2093 2.073 0.1897 0.7794
1KKA 2094 1.897 0.2192 0.7941
1KKA 2095 1.906 0.2105 0.7794
1KKA 2096 1.780 0.2545 0.8088
1KKA 2097 2.152 0.2015 0.8088
1KKA 2098 2.024 0.1885 0.7941
1KKA 2099 1.985 0.1884 0.7647
1KKA 2100 1.732 0.2501 0.8382
1KKA 2101 1.614 0.2895 0.8382
1KKA 2102 1.951 0.2450 0.8088
1KKA 2103 2.157 0.2766 0.7794
1KKA 2104 2.114 0.1855 0.7941
1KKA 2105 2.248 0.1791 0.7647
1KKA 2106 2.214 0.1870 0.7941
1KKA 2107 1.934 0.2741 0.8088
1KKA 2108 2.065 0.1990 0.7794
1KKA 2109 1.838 0.2639 0.8088
1KKA 2110 1.822 0.1878 0.7941
1KKA 2111 1.696 0.2053 0.7941
1KKA 2112 1.805 0.1914 0.8088
1KKA 2113 1.605 0.2550 0.8382
1KKA 2114 1.943 0.2220 0.8088
1KKA 2115 1.733 0.3100 0.8529
1KKA 2116 2.044 0.2138 0.8088
1KKA 2117 2.421 0.1670 0.7500
1KKA 2118 2.584 0.1621 0.6912
1KKA 2119 2.279 0.1467 0.7059
1KKA 2120 1.860 0.2498 0.7941
1KKA 2121 1.994 0.2392 0.8088
1KKA 2122 1.914 0.1894 0.7647
1KKA 2123 1.694 0.1720 0.8088
1KKA 2124 1.767 0.2398 0.8088
1KKA 2125 1.813 0.2395 0.7647
1KKA 2126 1.689 0.1645 0.7941
1KKA 2127 1.992 0.1943 0.7647
1KKA 2128 1.686 0.2345 0.7941
1KKA 2129 1.561 0.2263 0.8529
1KKA 2130 1.748 0.2132 0.8088
1KKA 2131 1.768 0.2135 0.7941
1KKA 2132 1.502 0.2099 0.8088
1KKA 2133 1.519 0.2308 0.8088
1KKA 2134 1.676 0.2170 0.8235
1KKA 2135 1.386 0.2423 0.8529
1KKA 2136 1.642 0.2273 0.8235
1KKA 2137 1.640 0.2364 0.8088
1KKA 2138 1.951 0.2176 0.7941
1KKA 2139 1.800 0.2219 0.7941
1KKA 2140 1.564 0.2163 0.8382
1KKA 2141 1.524 0.1948 0.8088
1KKA 2142 1.631 0.2689 0.8676
1KKA 2143 1.414 0.2545 0.8529
1KKA 2144 1.580 0.2085 0.8235
1KKA 2145 1.374 0.2483 0.8676
1KKA 2146 1.467 0.3056 0.8382
1KKA 2147 1.443 0.2572 0.8529
1KKA 2148 1.865 0.1604 0.7794
1KKA 2149 1.606 0.2547 0.8088
1KKA 2150 1.833 0.2414 0.8088
1KKA 2151 2.056 0.2279 0.8088
1KKA 2152 2.244 0.2109 0.7353
1KKA 2153 1.582 0.2512 0.8235
1KKA 2154 2.023 0.2337 0.7941
1KKA 2155 1.893 0.2287 0.8235
1KKA 2156 1.590 0.2315 0.8088
1KKA 2157 1.735 0.2055 0.8088
1KKA 2158 1.591 0.2201 0.8235
1KKA 2159 1.660 0.2466 0.8235
1KKA 2160 2.145 0.2141 0.7941
1KKA 2161 1.750 0.2396 0.8235
1KKA 2162 2.292 0.2248 0.7941
1KKA 2163 1.616 0.2511 0.8088
1KKA 2164 2.099 0.2189 0.7794
1KKA 2165 1.853 0.1895 0.7941
1KKA 2166 2.061 0.2052 0.7500
1KKA 2167 2.015 0.1822 0.7647
1KKA 2168 1.906 0.2066 0.7647
1KKA 2169 1.929 0.1807 0.7941
1KKA 2170 2.172 0.2239 0.7500
1KKA 2171 2.147 0.1798 0.7794
1KKA 2172 2.132 0.2131 0.7647
1KKA 2173 1.975 0.1670 0.7941
1KKA 2174 2.385 0.1982 0.7794
1KKA 2175 2.373 0.2212 0.7353
1KKA 2176 2.155 0.2396 0.7794
1KKA 2177 2.208 0.2062 0.7500
1KKA 2178 2.072 0.2105 0.7941
1KKA 2179 1.904 0.2135 0.8088
1KKA 2180 1.814 0.2236 0.8088
1KKA 2181 1.782 0.2038 0.8088
1KKA 2182 1.426 0.2277 0.8529
1KKA 2183 1.949 0.2326 0.7647
1KKA 2184 1.755 0.2318 0.7941
1KKA 2185 1.896 0.2148 0.8088
1KKA 2186 2.339 0.1926 0.7794
1KKA 2187 2.215 0.1677 0.7647
1KKA 2188 2.093 0.1771 0.7647
1KKA 2189 2.279 0.1630 0.7353
1KKA 2190 1.926 0.1902 0.7794
1KKA 2191 2.271 0.1757 0.7059
1KKA 2192 2.330 0.2710 0.7500
1KKA 2193 2.591 0.1421 0.7059
1KKA 2194 2.088 0.2164 0.7794
1KKA 2195 1.670 0.1642 0.7794
1KKA 2196 1.953 0.1957 0.7794
1KKA 2197 2.257 0.1651 0.7206
1KKA 2198 2.143 0.1953 0.7647
1KKA 2199 2.037 0.1873 0.7500
1KKA 2200 2.200 0.1771 0.7500
1KKA 2201 1.881 0.2035 0.7941
1KKA 2202 2.175 0.1844 0.7500
1KKA 2203 1.971 0.1796 0.7794
1KKA 2204 2.287 0.2029 0.7500
1KKA 2205 2.037 0.1760 0.7647
1KKA 2206 2.437 0.2200 0.7353
1KKA 2207 2.185 0.1911 0.7794
1KKA 2208 2.456 0.1661 0.7353
1KKA 2209 2.399 0.1232 0.7206
1KKA 2210 1.905 0.2023 0.7941
1KKA 2211 2.314 0.1624 0.7353
1KKA 2212 2.235 0.2059 0.7794
1KKA 2213 2.752 0.1673 0.6765
1KKA 2214 2.227 0.1309 0.7206
1KKA 2215 2.318 0.1886 0.7059
1KKA 2216 2.606 0.1671 0.6912
1KKA 2217 2.663 0.1364 0.6912
1KKA 2218 2.720 0.1285 0.6765
1KKA 2219 2.550 0.1656 0.7059
1KKA 2220 2.831 0.1665 0.6912
1KKA 2221 3.100 0.1702 0.6765
1KKA 2222 2.445 0.1480 0.7353
1KKA 2223 2.245 0.1838 0.7353
