2QH4 1 0.000 1.0000 1.0000
2QH4 2 1.045 0.4178 0.9306
2QH4 3 1.037 0.3448 0.9167
2QH4 4 0.896 0.4257 0.9306
2QH4 5 0.955 0.3987 0.9306
2QH4 6 0.864 0.4088 0.9444
2QH4 7 0.806 0.4912 0.9583
2QH4 8 1.259 0.3443 0.9167
2QH4 9 0.661 0.5222 0.9722
2QH4 10 0.898 0.3941 0.9306
2QH4 11 1.072 0.3494 0.9167
2QH4 12 0.981 0.3280 0.9306
2QH4 13 1.232 0.5071 0.9167
2QH4 14 1.028 0.4190 0.9444
2QH4 15 1.034 0.3676 0.9167
2QH4 16 0.639 0.5476 0.9722
2QH4 17 0.720 0.4653 0.9861
2QH4 18 1.084 0.3785 0.9167
2QH4 19 0.711 0.4507 0.9861
2QH4 20 1.472 0.4631 0.8750
2QH4 21 9.061 0.1087 0.4306
2QH4 22 5.108 0.0759 0.4861
2QH4 23 8.488 0.0976 0.4306
2QH4 24 6.793 0.1456 0.4583
2QH4 25 7.600 0.1655 0.4861
2QH4 26 7.106 0.0969 0.4583
2QH4 27 10.302 0.0733 0.4167
2QH4 28 7.956 0.1184 0.4167
2QH4 29 3.586 0.1568 0.6389
2QH4 30 7.026 0.1269 0.4444
2QH4 31 4.467 0.1800 0.5972
2QH4 32 4.704 0.1624 0.6111
2QH4 33 3.597 0.1777 0.6944
2QH4 34 3.787 0.2134 0.6667
2QH4 35 2.404 0.2260 0.7639
2QH4 36 2.787 0.1879 0.7361
2QH4 37 2.922 0.2328 0.6806
2QH4 38 3.655 0.2187 0.6944
2QH4 39 2.507 0.2345 0.7639
2QH4 40 8.032 0.1478 0.5000
2QH4 41 2.647 0.1828 0.7361
2QH4 42 2.534 0.1934 0.7222
2QH4 43 4.471 0.1863 0.6250
2QH4 44 2.613 0.2468 0.7222
2QH4 45 3.305 0.2235 0.6944
2QH4 46 2.229 0.1885 0.7361
2QH4 47 2.988 0.2012 0.7222
2QH4 48 2.151 0.2200 0.7917
2QH4 49 5.736 0.1571 0.5694
2QH4 50 2.687 0.1768 0.7361
2QH4 51 3.876 0.2035 0.6667
2QH4 52 3.189 0.1987 0.7083
2QH4 53 2.815 0.2360 0.7083
2QH4 54 2.861 0.1885 0.7222
2QH4 55 3.661 0.1337 0.6528
2QH4 56 2.523 0.1793 0.7639
2QH4 57 2.410 0.2388 0.7500
2QH4 58 3.289 0.1903 0.7500
2QH4 59 3.741 0.1797 0.6806
2QH4 60 3.287 0.1729 0.6667
2QH4 61 10.797 0.1150 0.3333
2QH4 62 11.798 0.1403 0.4167
2QH4 63 4.892 0.1532 0.5556
2QH4 64 10.289 0.1342 0.4583
2QH4 65 13.037 0.0914 0.3889
2QH4 66 5.741 0.1383 0.5278
2QH4 67 6.832 0.0914 0.4861
2QH4 68 6.391 0.1363 0.5556
2QH4 69 5.403 0.1365 0.5417
2QH4 70 9.458 0.1231 0.4444
2QH4 71 6.737 0.1438 0.5972
2QH4 72 7.331 0.1303 0.4583
2QH4 73 3.221 0.2357 0.6667
2QH4 74 7.583 0.1056 0.4306
2QH4 75 7.726 0.1075 0.4583
2QH4 76 3.603 0.2183 0.6528
2QH4 77 9.495 0.0831 0.4444
2QH4 78 2.254 0.2000 0.7500
2QH4 79 4.838 0.1650 0.6528
2QH4 80 7.904 0.1249 0.5000
2QH4 81 4.165 0.1788 0.6250
2QH4 82 2.433 0.1762 0.7361
2QH4 83 2.866 0.1821 0.7083
2QH4 84 4.775 0.1706 0.5556
2QH4 85 5.082 0.1200 0.5417
2QH4 86 4.185 0.1697 0.5833
2QH4 87 3.224 0.1925 0.7083
2QH4 88 4.457 0.1459 0.5972
2QH4 89 8.256 0.1404 0.3889
2QH4 90 3.160 0.1649 0.6250
2QH4 91 3.717 0.2144 0.6528
2QH4 92 4.659 0.1837 0.6528
2QH4 93 3.938 0.1695 0.6528
2QH4 94 2.368 0.1962 0.7083
2QH4 95 2.670 0.1482 0.6944
2QH4 96 3.890 0.1820 0.6667
2QH4 97 2.777 0.1766 0.7222
2QH4 98 2.808 0.1920 0.7361
2QH4 99 2.685 0.1884 0.7222
2QH4 100 2.819 0.1554 0.6944
2QH4 101 9.682 0.0608 0.3472
2QH4 102 10.813 0.1751 0.4444
2QH4 103 10.618 0.1226 0.4444
2QH4 104 7.478 0.0769 0.4167
2QH4 105 6.760 0.0983 0.4444
2QH4 106 6.241 0.1247 0.4722
2QH4 107 4.434 0.1419 0.5833
2QH4 108 3.921 0.1146 0.5556
2QH4 109 4.077 0.1758 0.6111
2QH4 110 7.744 0.1376 0.4722
2QH4 111 5.962 0.1377 0.4861
2QH4 112 2.467 0.2104 0.7361
2QH4 113 4.191 0.1150 0.5972
2QH4 114 2.802 0.2333 0.7083
2QH4 115 5.692 0.1963 0.5833
2QH4 116 3.248 0.1819 0.6806
2QH4 117 4.207 0.1504 0.5833
2QH4 118 2.742 0.1949 0.6944
2QH4 119 4.066 0.1501 0.6250
2QH4 120 8.000 0.1364 0.5000
2QH4 121 5.449 0.1613 0.5833
2QH4 122 2.441 0.1851 0.7222
2QH4 123 2.134 0.2979 0.8194
2QH4 124 3.706 0.1946 0.6528
2QH4 125 3.175 0.1912 0.6667
2QH4 126 3.024 0.1880 0.6806
2QH4 127 3.189 0.1843 0.6944
2QH4 128 2.491 0.2187 0.7361
2QH4 129 3.306 0.2140 0.6667
2QH4 130 3.105 0.1907 0.6944
2QH4 131 3.462 0.1732 0.6806
2QH4 132 3.273 0.1619 0.6944
2QH4 133 3.629 0.1814 0.6667
2QH4 134 2.348 0.2202 0.7639
2QH4 135 2.756 0.1833 0.7500
2QH4 136 3.046 0.1902 0.7222
2QH4 137 2.917 0.2180 0.6944
2QH4 138 4.073 0.1897 0.6250
2QH4 139 4.164 0.1966 0.6667
2QH4 140 3.163 0.2216 0.6944
2QH4 141 6.009 0.1671 0.5278
2QH4 142 8.346 0.1256 0.3750
2QH4 143 9.962 0.1369 0.3750
2QH4 144 4.370 0.1853 0.6111
2QH4 145 8.475 0.1666 0.4028
2QH4 146 9.299 0.1340 0.3750
2QH4 147 7.139 0.0806 0.4306
2QH4 148 8.722 0.1589 0.4028
2QH4 149 8.103 0.1372 0.4444
2QH4 150 2.319 0.1888 0.7361
2QH4 151 3.023 0.2329 0.6944
2QH4 152 3.922 0.1547 0.6111
2QH4 153 7.646 0.1079 0.4028
2QH4 154 2.796 0.1797 0.7222
2QH4 155 2.641 0.2511 0.7361
2QH4 156 2.748 0.1972 0.6806
2QH4 157 2.865 0.2549 0.7222
2QH4 158 6.430 0.1511 0.5139
2QH4 159 3.017 0.1755 0.6806
2QH4 160 3.937 0.2023 0.6250
2QH4 161 3.712 0.1779 0.6944
2QH4 162 3.513 0.1444 0.6944
2QH4 163 2.530 0.2118 0.7083
2QH4 164 3.491 0.1548 0.6389
2QH4 165 3.994 0.1874 0.6250
2QH4 166 3.043 0.2000 0.6944
2QH4 167 2.623 0.1602 0.6944
2QH4 168 5.838 0.1559 0.5972
2QH4 169 2.314 0.1818 0.7361
2QH4 170 4.019 0.1800 0.6389
2QH4 171 2.290 0.2213 0.7778
2QH4 172 2.448 0.1987 0.6944
2QH4 173 2.146 0.2640 0.7500
2QH4 174 2.805 0.1841 0.7083
2QH4 175 3.291 0.2352 0.6667
2QH4 176 2.318 0.2504 0.7500
2QH4 177 4.220 0.1825 0.6250
2QH4 178 3.696 0.1961 0.6528
2QH4 179 2.252 0.2578 0.7778
2QH4 180 2.583 0.2345 0.7222
2QH4 181 6.827 0.1413 0.4722
2QH4 182 9.266 0.1708 0.4028
2QH4 183 8.043 0.1289 0.4028
2QH4 184 4.294 0.1903 0.6111
2QH4 185 9.570 0.1320 0.4028
2QH4 186 4.771 0.1368 0.5556
2QH4 187 7.314 0.1587 0.4861
2QH4 188 9.860 0.1255 0.4167
2QH4 189 8.145 0.1535 0.4583
2QH4 190 5.076 0.1376 0.5278
2QH4 191 2.335 0.2448 0.7500
2QH4 192 2.774 0.2038 0.7222
2QH4 193 8.380 0.1381 0.4861
2QH4 194 3.597 0.2112 0.6528
2QH4 195 2.819 0.1525 0.6667
2QH4 196 4.414 0.1381 0.6111
2QH4 197 2.240 0.2199 0.7500
2QH4 198 4.177 0.1439 0.5556
2QH4 199 2.662 0.1955 0.7222
2QH4 200 2.681 0.1895 0.7361
2QH4 201 2.303 0.2460 0.7222
2QH4 202 2.411 0.1634 0.7083
2QH4 203 2.949 0.2217 0.7361
2QH4 204 2.327 0.2099 0.7361
2QH4 205 2.203 0.1899 0.7222
2QH4 206 4.358 0.1664 0.6389
2QH4 207 2.860 0.1833 0.6944
2QH4 208 3.278 0.1826 0.6250
2QH4 209 2.550 0.2460 0.7222
2QH4 210 4.229 0.1873 0.6667
2QH4 211 3.378 0.1584 0.6667
2QH4 212 3.578 0.1698 0.6667
2QH4 213 5.449 0.1903 0.5694
2QH4 214 3.252 0.1891 0.7361
2QH4 215 3.567 0.1713 0.6528
2QH4 216 4.019 0.1522 0.6528
2QH4 217 5.967 0.1539 0.5139
2QH4 218 2.380 0.2347 0.7361
2QH4 219 2.999 0.1720 0.6944
2QH4 220 2.620 0.2176 0.7222
2QH4 221 9.179 0.1721 0.4306
2QH4 222 3.933 0.1499 0.5833
2QH4 223 8.404 0.1199 0.3889
2QH4 224 5.731 0.1273 0.5278
2QH4 225 5.614 0.1761 0.5278
2QH4 226 8.810 0.1271 0.4167
2QH4 227 8.252 0.1318 0.4444
2QH4 228 6.351 0.1785 0.5139
2QH4 229 4.098 0.1615 0.6389
2QH4 230 3.276 0.2010 0.7083
2QH4 231 5.980 0.0951 0.5000
2QH4 232 2.806 0.1565 0.6944
2QH4 233 5.997 0.2099 0.5694
2QH4 234 8.054 0.0963 0.4722
2QH4 235 5.418 0.1568 0.5417
2QH4 236 4.044 0.1934 0.6389
2QH4 237 2.678 0.1590 0.6667
2QH4 238 4.452 0.2033 0.6389
2QH4 239 4.598 0.1777 0.5972
2QH4 240 4.190 0.1654 0.6111
2QH4 241 5.311 0.1496 0.5694
2QH4 242 3.305 0.1733 0.5833
2QH4 243 8.640 0.1445 0.4028
2QH4 244 5.702 0.1223 0.5139
2QH4 245 3.615 0.1654 0.6250
2QH4 246 4.100 0.1924 0.6667
2QH4 247 5.465 0.1938 0.5694
2QH4 248 3.834 0.1419 0.6111
2QH4 249 4.484 0.1889 0.6250
2QH4 250 6.251 0.1081 0.5278
2QH4 251 6.590 0.1295 0.4722
2QH4 252 3.846 0.1752 0.6528
2QH4 253 8.406 0.1653 0.4306
2QH4 254 5.269 0.1633 0.5972
2QH4 255 4.500 0.1645 0.5972
2QH4 256 7.725 0.1199 0.4028
2QH4 257 3.717 0.1597 0.6667
2QH4 258 4.102 0.1533 0.5972
2QH4 259 2.772 0.2010 0.7639
2QH4 260 3.913 0.1601 0.6111
2QH4 261 8.428 0.1326 0.4722
2QH4 262 5.470 0.1515 0.5556
2QH4 263 9.813 0.0945 0.4167
2QH4 264 3.494 0.1698 0.6528
2QH4 265 6.368 0.1094 0.4583
2QH4 266 10.052 0.1615 0.4444
2QH4 267 8.883 0.1405 0.3889
2QH4 268 6.797 0.1805 0.4861
2QH4 269 11.827 0.0723 0.3889
2QH4 270 5.754 0.1261 0.5556
2QH4 271 7.529 0.0830 0.4167
2QH4 272 8.447 0.1064 0.4167
2QH4 273 7.550 0.0979 0.4306
2QH4 274 6.849 0.1472 0.5139
2QH4 275 3.125 0.1583 0.6806
2QH4 276 11.406 0.1434 0.3889
2QH4 277 4.086 0.1451 0.5972
2QH4 278 2.512 0.1854 0.7361
2QH4 279 3.765 0.1638 0.6944
2QH4 280 5.226 0.2264 0.6250
2QH4 281 3.947 0.1771 0.6806
2QH4 282 3.562 0.1900 0.5972
2QH4 283 3.730 0.1753 0.6250
2QH4 284 3.407 0.1993 0.6667
2QH4 285 5.112 0.1655 0.6528
2QH4 286 3.104 0.1828 0.6944
2QH4 287 4.373 0.1680 0.6250
2QH4 288 7.194 0.1126 0.4444
2QH4 289 6.122 0.1856 0.5278
2QH4 290 3.357 0.1653 0.6667
2QH4 291 3.528 0.2236 0.6667
2QH4 292 2.598 0.1918 0.7500
2QH4 293 3.621 0.1748 0.6667
2QH4 294 3.526 0.2012 0.6806
2QH4 295 2.642 0.2379 0.7083
2QH4 296 3.235 0.1827 0.6806
2QH4 297 2.795 0.1932 0.6806
2QH4 298 3.305 0.1963 0.6806
2QH4 299 2.353 0.2054 0.7778
2QH4 300 2.433 0.2408 0.7222
2QH4 301 3.866 0.1395 0.6250
2QH4 302 9.040 0.1569 0.4444
2QH4 303 5.972 0.1024 0.4722
2QH4 304 5.607 0.1113 0.5139
2QH4 305 6.007 0.1106 0.4722
2QH4 306 10.457 0.0847 0.4028
2QH4 307 7.481 0.1345 0.4861
2QH4 308 7.724 0.1482 0.4722
2QH4 309 4.330 0.2013 0.5972
2QH4 310 5.335 0.1408 0.5417
2QH4 311 2.938 0.1963 0.7500
2QH4 312 4.587 0.2080 0.6389
2QH4 313 8.061 0.0837 0.4444
2QH4 314 4.621 0.1331 0.5833
2QH4 315 2.309 0.2121 0.7361
2QH4 316 3.202 0.1927 0.6806
2QH4 317 3.001 0.1713 0.6944
2QH4 318 2.276 0.1920 0.7500
2QH4 319 4.034 0.2227 0.6250
2QH4 320 3.614 0.1966 0.6944
2QH4 321 2.344 0.1943 0.7500
2QH4 322 2.935 0.1843 0.6944
2QH4 323 3.737 0.1889 0.6667
2QH4 324 3.415 0.1899 0.6528
2QH4 325 3.756 0.1668 0.6250
2QH4 326 4.083 0.1997 0.6250
2QH4 327 2.797 0.2244 0.7222
2QH4 328 2.688 0.2392 0.7639
2QH4 329 3.526 0.1751 0.6389
2QH4 330 2.057 0.2230 0.8056
2QH4 331 4.304 0.1774 0.6250
2QH4 332 2.328 0.2807 0.7361
2QH4 333 2.383 0.1770 0.7361
2QH4 334 3.183 0.1649 0.6944
2QH4 335 2.678 0.1922 0.6944
2QH4 336 4.485 0.1466 0.5972
2QH4 337 3.054 0.1798 0.6806
2QH4 338 3.371 0.1886 0.6667
2QH4 339 4.249 0.1916 0.6389
2QH4 340 2.267 0.2278 0.7778
2QH4 341 9.601 0.0720 0.2917
2QH4 342 6.296 0.1891 0.5139
2QH4 343 3.292 0.2157 0.6389
2QH4 344 6.689 0.1692 0.4444
2QH4 345 6.783 0.1026 0.4583
2QH4 346 9.828 0.1324 0.4028
2QH4 347 4.082 0.1511 0.6111
2QH4 348 6.535 0.1563 0.4722
2QH4 349 3.462 0.1963 0.6806
2QH4 350 3.205 0.1857 0.6528
2QH4 351 5.704 0.1670 0.5556
2QH4 352 3.440 0.2037 0.6389
2QH4 353 3.160 0.1814 0.6806
2QH4 354 3.192 0.1990 0.6667
2QH4 355 2.510 0.2761 0.7361
2QH4 356 2.819 0.2034 0.7222
2QH4 357 3.304 0.1716 0.6806
2QH4 358 2.137 0.2299 0.7639
2QH4 359 3.684 0.1973 0.7083
2QH4 360 2.651 0.2087 0.7500
2QH4 361 3.285 0.2129 0.7361
2QH4 362 2.162 0.1856 0.7778
2QH4 363 4.100 0.1773 0.6528
2QH4 364 4.837 0.1567 0.5833
2QH4 365 3.154 0.2168 0.7222
2QH4 366 3.184 0.1492 0.6528
2QH4 367 2.692 0.2025 0.7500
2QH4 368 3.363 0.1613 0.6667
2QH4 369 2.935 0.1925 0.7083
2QH4 370 2.049 0.1912 0.7917
2QH4 371 3.995 0.1920 0.6389
2QH4 372 3.771 0.1748 0.6250
2QH4 373 3.594 0.1913 0.6944
2QH4 374 2.182 0.2103 0.7639
2QH4 375 2.335 0.2065 0.7500
2QH4 376 4.294 0.1108 0.5972
2QH4 377 3.777 0.1824 0.6528
2QH4 378 3.786 0.1952 0.6806
2QH4 379 2.012 0.2032 0.7778
2QH4 380 4.478 0.1770 0.6389
2QH4 381 9.098 0.1221 0.4444
2QH4 382 7.360 0.0587 0.3889
2QH4 383 8.254 0.1023 0.3889
2QH4 384 6.443 0.1340 0.4861
2QH4 385 5.409 0.1335 0.5694
2QH4 386 5.763 0.1759 0.5556
2QH4 387 6.969 0.1027 0.4861
2QH4 388 4.837 0.1680 0.6389
2QH4 389 2.787 0.2039 0.7222
2QH4 390 6.345 0.1809 0.5417
2QH4 391 4.533 0.1505 0.6389
2QH4 392 3.443 0.1741 0.6667
2QH4 393 8.567 0.1418 0.4861
2QH4 394 3.585 0.2050 0.6944
2QH4 395 2.816 0.2157 0.7361
2QH4 396 2.828 0.2131 0.7500
2QH4 397 2.528 0.1808 0.7222
2QH4 398 3.275 0.2132 0.6528
2QH4 399 3.520 0.1866 0.6667
2QH4 400 2.652 0.1930 0.7083
2QH4 401 2.787 0.1969 0.7083
2QH4 402 3.478 0.1618 0.6389
2QH4 403 2.534 0.1871 0.7083
2QH4 404 2.510 0.2155 0.7361
2QH4 405 5.874 0.2172 0.5556
2QH4 406 3.696 0.1490 0.6528
2QH4 407 4.190 0.1844 0.6528
2QH4 408 4.542 0.1922 0.6250
2QH4 409 4.586 0.1522 0.5972
2QH4 410 2.592 0.2136 0.7361
2QH4 411 3.490 0.1961 0.6667
2QH4 412 2.857 0.1991 0.7361
2QH4 413 3.524 0.1981 0.6806
2QH4 414 2.017 0.1865 0.7500
2QH4 415 2.683 0.1896 0.7083
2QH4 416 4.936 0.2149 0.6250
2QH4 417 2.592 0.2012 0.6806
2QH4 418 4.332 0.2046 0.6250
2QH4 419 2.293 0.2023 0.7361
2QH4 420 3.403 0.1512 0.6667
2QH4 421 1.651 0.2171 0.8611
2QH4 422 1.661 0.2976 0.8472
2QH4 423 1.727 0.2268 0.8056
2QH4 424 1.758 0.2106 0.8056
2QH4 425 1.768 0.2274 0.8056
2QH4 426 1.921 0.2152 0.7917
2QH4 427 1.901 0.2062 0.7917
2QH4 428 1.910 0.2095 0.7917
2QH4 429 1.913 0.2136 0.7917
2QH4 430 1.893 0.2126 0.7917
2QH4 431 1.910 0.2104 0.7917
2QH4 432 1.907 0.2092 0.7917
2QH4 433 1.902 0.2107 0.7917
2QH4 434 1.905 0.2114 0.7917
2QH4 435 1.898 0.2126 0.7917
2QH4 436 1.906 0.2116 0.7917
2QH4 437 1.900 0.2115 0.7917
2QH4 438 1.905 0.2116 0.7917
2QH4 439 1.898 0.2112 0.7917
2QH4 440 1.900 0.2077 0.7917
2QH4 441 1.895 0.2093 0.7917
2QH4 442 1.899 0.2117 0.7917
2QH4 443 1.900 0.2103 0.7917
2QH4 444 1.900 0.2104 0.7917
2QH4 445 1.918 0.2127 0.7917
2QH4 446 1.896 0.2142 0.7917
2QH4 447 1.907 0.2127 0.7917
2QH4 448 1.890 0.2132 0.7917
2QH4 449 1.902 0.2108 0.7917
2QH4 450 1.913 0.2079 0.7917
2QH4 451 1.895 0.2122 0.7917
2QH4 452 1.905 0.2089 0.7917
2QH4 453 1.926 0.2102 0.7917
2QH4 454 1.895 0.2133 0.7917
2QH4 455 1.897 0.2102 0.8056
2QH4 456 1.891 0.2141 0.7917
2QH4 457 1.893 0.2092 0.7917
2QH4 458 1.909 0.2101 0.7917
2QH4 459 1.886 0.2104 0.8056
2QH4 460 1.923 0.2126 0.7917
2QH4 461 1.881 0.2150 0.7917
2QH4 462 1.898 0.2110 0.7917
2QH4 463 1.886 0.2111 0.7917
2QH4 464 1.882 0.2111 0.8056
2QH4 465 1.916 0.2132 0.7917
2QH4 466 1.845 0.2139 0.7917
2QH4 467 1.906 0.2107 0.7917
2QH4 468 1.896 0.2116 0.7917
2QH4 469 1.909 0.2119 0.7917
2QH4 470 1.895 0.2116 0.7917
2QH4 471 1.873 0.2121 0.7917
2QH4 472 1.882 0.2138 0.7917
2QH4 473 1.920 0.2115 0.7917
2QH4 474 1.872 0.2112 0.7917
2QH4 475 1.911 0.2041 0.7917
2QH4 476 1.874 0.2145 0.7917
2QH4 477 1.924 0.2085 0.7917
2QH4 478 1.892 0.2119 0.7917
2QH4 479 1.885 0.2129 0.8056
2QH4 480 1.864 0.2152 0.8056
2QH4 481 1.937 0.2156 0.7917
2QH4 482 1.917 0.2107 0.7917
2QH4 483 1.905 0.2141 0.8056
2QH4 484 1.910 0.2020 0.7917
2QH4 485 1.891 0.2147 0.7917
2QH4 486 1.865 0.2121 0.7917
2QH4 487 1.849 0.2028 0.7917
2QH4 488 1.850 0.2074 0.7917
2QH4 489 1.865 0.2150 0.8056
2QH4 490 1.843 0.2189 0.8056
2QH4 491 1.874 0.2154 0.8056
2QH4 492 1.872 0.2220 0.7917
2QH4 493 1.909 0.2121 0.7917
2QH4 494 1.919 0.2120 0.8056
2QH4 495 1.884 0.2097 0.7917
2QH4 496 1.902 0.2131 0.7917
2QH4 497 1.895 0.2059 0.7917
2QH4 498 1.884 0.2117 0.7917
2QH4 499 1.890 0.2133 0.7917
2QH4 500 1.886 0.2123 0.7917
2QH4 501 1.893 0.2062 0.7917
2QH4 502 1.923 0.2002 0.8056
2QH4 503 1.864 0.2037 0.7917
2QH4 504 1.906 0.2014 0.8056
2QH4 505 1.896 0.2177 0.8056
2QH4 506 1.908 0.2100 0.8056
2QH4 507 1.883 0.2016 0.8056
2QH4 508 1.929 0.2110 0.7917
2QH4 509 1.943 0.2050 0.7917
2QH4 510 1.938 0.2062 0.8056
2QH4 511 1.968 0.2081 0.8056
2QH4 512 1.987 0.2133 0.7917
2QH4 513 1.927 0.2109 0.8056
2QH4 514 1.902 0.2212 0.8056
2QH4 515 1.913 0.2157 0.7917
2QH4 516 1.897 0.2112 0.7917
2QH4 517 1.986 0.2044 0.8056
2QH4 518 1.951 0.2005 0.7917
2QH4 519 1.926 0.2123 0.8056
2QH4 520 1.941 0.2040 0.8056
2QH4 521 1.928 0.2094 0.7917
2QH4 522 1.965 0.2144 0.8056
2QH4 523 1.924 0.2192 0.8056
2QH4 524 2.001 0.2061 0.8056
2QH4 525 1.971 0.2178 0.7917
2QH4 526 1.936 0.2040 0.8056
2QH4 527 1.940 0.2064 0.7917
2QH4 528 1.909 0.2119 0.8056
2QH4 529 1.910 0.2176 0.7917
2QH4 530 1.960 0.2106 0.8056
2QH4 531 1.881 0.2091 0.8056
2QH4 532 1.948 0.2200 0.8056
2QH4 533 1.938 0.2013 0.7917
2QH4 534 1.978 0.2292 0.7917
2QH4 535 1.973 0.2169 0.7917
2QH4 536 1.920 0.2119 0.7917
2QH4 537 2.018 0.2268 0.8056
2QH4 538 1.971 0.2139 0.7917
2QH4 539 1.912 0.2123 0.8194
2QH4 540 1.992 0.2006 0.8056
2QH4 541 1.902 0.2253 0.8056
2QH4 542 1.956 0.2306 0.8056
2QH4 543 1.928 0.1975 0.8056
2QH4 544 1.960 0.2259 0.8056
2QH4 545 1.927 0.2202 0.8056
2QH4 546 2.027 0.2229 0.8056
2QH4 547 1.890 0.2182 0.7917
2QH4 548 1.955 0.2114 0.7917
2QH4 549 1.936 0.2222 0.8056
2QH4 550 1.958 0.2046 0.8056
2QH4 551 2.000 0.2054 0.7917
2QH4 552 1.951 0.2160 0.7917
2QH4 553 1.948 0.2172 0.7778
2QH4 554 1.962 0.2097 0.7917
2QH4 555 1.926 0.2082 0.8056
2QH4 556 1.963 0.2126 0.8056
2QH4 557 1.918 0.2153 0.8194
2QH4 558 1.920 0.2075 0.8194
2QH4 559 1.989 0.2058 0.7917
2QH4 560 1.955 0.1993 0.7917
2QH4 561 1.985 0.2107 0.8056
2QH4 562 1.821 0.2101 0.8056
2QH4 563 1.874 0.2292 0.8056
2QH4 564 1.992 0.2181 0.7917
2QH4 565 1.906 0.2294 0.7917
2QH4 566 1.953 0.2358 0.8056
2QH4 567 1.965 0.2355 0.8056
2QH4 568 1.934 0.2203 0.8056
2QH4 569 1.912 0.2246 0.7917
2QH4 570 1.867 0.2198 0.7917
2QH4 571 1.897 0.2280 0.8056
2QH4 572 1.851 0.2574 0.8056
2QH4 573 1.959 0.2279 0.8056
2QH4 574 1.821 0.2370 0.8194
2QH4 575 1.917 0.2510 0.7917
2QH4 576 1.876 0.2279 0.7917
2QH4 577 1.860 0.2286 0.7917
2QH4 578 1.883 0.2291 0.7917
2QH4 579 1.889 0.2473 0.7917
2QH4 580 1.916 0.2351 0.8056
2QH4 581 1.865 0.2464 0.8056
2QH4 582 1.839 0.2447 0.8194
2QH4 583 1.841 0.2366 0.8056
2QH4 584 1.890 0.2518 0.8056
2QH4 585 1.827 0.2450 0.8056
2QH4 586 1.950 0.2413 0.7917
2QH4 587 1.829 0.2332 0.7917
2QH4 588 1.940 0.2255 0.8056
2QH4 589 1.902 0.2365 0.7917
2QH4 590 1.882 0.2334 0.8056
2QH4 591 1.882 0.2450 0.8194
2QH4 592 1.989 0.2354 0.8056
2QH4 593 1.835 0.2434 0.8056
2QH4 594 1.908 0.2221 0.8194
2QH4 595 1.768 0.2519 0.8194
2QH4 596 1.867 0.2318 0.8194
2QH4 597 1.665 0.2614 0.8194
2QH4 598 1.796 0.2393 0.8056
2QH4 599 1.810 0.2419 0.7917
2QH4 600 1.768 0.2405 0.8333
2QH4 601 1.782 0.2262 0.8194
2QH4 602 1.771 0.2256 0.7917
2QH4 603 1.751 0.2431 0.8056
2QH4 604 1.792 0.2166 0.8056
2QH4 605 1.833 0.2543 0.7917
2QH4 606 1.735 0.2504 0.8194
2QH4 607 1.783 0.2455 0.8056
2QH4 608 1.695 0.2306 0.8194
2QH4 609 1.778 0.2660 0.8194
2QH4 610 1.853 0.2251 0.8056
2QH4 611 1.827 0.2240 0.8056
2QH4 612 1.768 0.2404 0.8056
2QH4 613 1.856 0.2226 0.8056
2QH4 614 1.802 0.2460 0.8194
2QH4 615 1.867 0.2509 0.8056
2QH4 616 1.832 0.2295 0.8056
2QH4 617 1.872 0.2335 0.8056
2QH4 618 1.897 0.2281 0.7917
2QH4 619 1.879 0.2271 0.7917
2QH4 620 1.880 0.2311 0.8194
2QH4 621 1.884 0.2259 0.7917
2QH4 622 1.773 0.2266 0.8056
2QH4 623 1.855 0.2112 0.7917
2QH4 624 1.866 0.2218 0.8056
2QH4 625 1.762 0.2481 0.8333
2QH4 626 1.854 0.2287 0.8056
2QH4 627 1.875 0.2116 0.8056
2QH4 628 1.895 0.2246 0.7917
2QH4 629 1.844 0.2220 0.8056
2QH4 630 1.808 0.2217 0.8194
2QH4 631 1.944 0.2276 0.7917
2QH4 632 1.766 0.2317 0.8056
2QH4 633 1.744 0.2575 0.8194
2QH4 634 1.821 0.2172 0.8194
2QH4 635 1.869 0.2236 0.8056
2QH4 636 1.852 0.2387 0.8194
2QH4 637 1.812 0.2208 0.8194
2QH4 638 1.821 0.2303 0.8056
2QH4 639 1.827 0.2476 0.8194
2QH4 640 1.920 0.2242 0.7917
2QH4 641 1.919 0.2469 0.8056
2QH4 642 1.825 0.2392 0.8056
2QH4 643 1.904 0.2319 0.7917
2QH4 644 1.868 0.2446 0.8056
2QH4 645 1.676 0.2393 0.8333
2QH4 646 1.808 0.2396 0.8056
2QH4 647 1.874 0.2328 0.8056
2QH4 648 1.904 0.2502 0.8194
2QH4 649 1.914 0.2441 0.8056
2QH4 650 1.830 0.2989 0.8333
2QH4 651 1.876 0.2386 0.8194
2QH4 652 1.781 0.2248 0.8333
2QH4 653 1.887 0.2557 0.8056
2QH4 654 1.764 0.2586 0.8333
2QH4 655 1.827 0.2360 0.8056
2QH4 656 1.723 0.2503 0.8333
2QH4 657 1.914 0.2661 0.8194
2QH4 658 1.831 0.2490 0.8194
2QH4 659 1.788 0.2501 0.8194
2QH4 660 1.878 0.2454 0.8056
2QH4 661 1.835 0.2595 0.8194
2QH4 662 1.889 0.2592 0.8194
2QH4 663 1.874 0.2373 0.8056
2QH4 664 1.788 0.2618 0.8472
2QH4 665 1.884 0.2420 0.8333
2QH4 666 1.819 0.2502 0.8194
2QH4 667 1.804 0.2458 0.8056
2QH4 668 1.684 0.2698 0.8333
2QH4 669 1.845 0.2585 0.8056
2QH4 670 1.715 0.2357 0.8194
2QH4 671 1.749 0.2582 0.8333
2QH4 672 1.673 0.2716 0.8472
2QH4 673 1.713 0.2614 0.8333
2QH4 674 1.840 0.2540 0.8056
2QH4 675 1.909 0.2471 0.8056
2QH4 676 1.803 0.2425 0.8056
2QH4 677 1.664 0.2810 0.8194
2QH4 678 1.814 0.2600 0.8194
2QH4 679 1.746 0.2467 0.8333
2QH4 680 1.707 0.3084 0.8194
2QH4 681 1.699 0.2212 0.8194
2QH4 682 2.033 0.2362 0.8056
2QH4 683 1.889 0.2363 0.7917
2QH4 684 1.639 0.2278 0.8333
2QH4 685 1.803 0.2239 0.8056
2QH4 686 1.887 0.2545 0.8056
2QH4 687 1.740 0.2603 0.8194
2QH4 688 1.832 0.2408 0.8194
2QH4 689 1.900 0.2411 0.8056
2QH4 690 1.912 0.2727 0.8194
2QH4 691 1.986 0.2479 0.8056
2QH4 692 1.907 0.2786 0.8333
2QH4 693 1.838 0.2431 0.8056
2QH4 694 1.810 0.2605 0.8333
2QH4 695 1.801 0.2558 0.8194
2QH4 696 1.830 0.2609 0.8056
2QH4 697 1.880 0.2773 0.8472
2QH4 698 1.827 0.2750 0.8472
2QH4 699 1.997 0.2519 0.8056
2QH4 700 1.998 0.2876 0.8333
2QH4 701 1.782 0.3054 0.8472
2QH4 702 1.769 0.2435 0.8333
2QH4 703 1.874 0.2797 0.8333
2QH4 704 1.911 0.2542 0.8194
2QH4 705 1.862 0.2383 0.8333
2QH4 706 1.929 0.2455 0.8194
2QH4 707 1.818 0.2640 0.8194
2QH4 708 1.954 0.2872 0.8194
2QH4 709 2.087 0.2922 0.8333
2QH4 710 2.170 0.3011 0.8194
2QH4 711 2.093 0.2551 0.8056
2QH4 712 2.080 0.2672 0.8194
2QH4 713 1.975 0.3083 0.8333
2QH4 714 2.151 0.2818 0.8333
2QH4 715 2.108 0.3095 0.8333
2QH4 716 2.073 0.2560 0.8194
2QH4 717 2.127 0.3029 0.8194
2QH4 718 2.223 0.2545 0.8056
2QH4 719 2.206 0.2793 0.8194
2QH4 720 2.107 0.2750 0.8194
2QH4 721 2.059 0.2795 0.8194
2QH4 722 1.999 0.2736 0.8333
2QH4 723 1.897 0.2709 0.8194
2QH4 724 1.927 0.2921 0.8194
2QH4 725 2.107 0.2837 0.8333
2QH4 726 2.115 0.2441 0.8056
2QH4 727 2.187 0.3121 0.8194
2QH4 728 2.173 0.2810 0.8194
2QH4 729 2.159 0.2735 0.8194
2QH4 730 2.155 0.2702 0.8056
2QH4 731 2.139 0.3021 0.8333
2QH4 732 2.207 0.2760 0.8194
2QH4 733 2.226 0.2491 0.8194
2QH4 734 1.820 0.2818 0.8611
2QH4 735 2.179 0.3121 0.8194
2QH4 736 2.128 0.2836 0.8333
2QH4 737 2.153 0.2910 0.8194
2QH4 738 2.253 0.2911 0.8056
2QH4 739 2.211 0.2921 0.8194
2QH4 740 2.150 0.2718 0.8194
2QH4 741 1.956 0.3294 0.8611
2QH4 742 2.141 0.2431 0.8056
2QH4 743 2.047 0.2732 0.8472
2QH4 744 2.027 0.3478 0.8472
2QH4 745 1.888 0.3469 0.8472
2QH4 746 2.107 0.3073 0.8472
2QH4 747 2.010 0.3149 0.8472
2QH4 748 2.007 0.3048 0.8333
2QH4 749 2.045 0.3028 0.8333
2QH4 750 2.125 0.2662 0.8333
2QH4 751 1.989 0.2866 0.8472
2QH4 752 2.188 0.2552 0.8056
2QH4 753 2.086 0.2593 0.8194
2QH4 754 2.000 0.3144 0.8333
2QH4 755 2.224 0.2613 0.8056
2QH4 756 2.046 0.2986 0.8333
2QH4 757 2.147 0.2958 0.8333
2QH4 758 2.137 0.2577 0.8194
2QH4 759 1.858 0.2727 0.8611
2QH4 760 2.144 0.2932 0.8194
2QH4 761 2.149 0.2888 0.8333
2QH4 762 2.095 0.2851 0.8333
2QH4 763 2.146 0.2970 0.8194
2QH4 764 2.014 0.2770 0.8194
2QH4 765 2.161 0.2663 0.8194
2QH4 766 2.009 0.2417 0.8194
2QH4 767 2.215 0.2725 0.8056
2QH4 768 2.237 0.2857 0.8333
2QH4 769 1.957 0.2389 0.8194
2QH4 770 2.215 0.2958 0.8194
2QH4 771 2.210 0.2276 0.8056
2QH4 772 2.078 0.2557 0.8194
2QH4 773 1.868 0.2911 0.8611
2QH4 774 2.089 0.3036 0.8472
2QH4 775 2.031 0.3207 0.8472
2QH4 776 2.030 0.2944 0.8194
2QH4 777 2.138 0.2343 0.8056
2QH4 778 2.176 0.2766 0.8333
2QH4 779 2.037 0.2697 0.8472
2QH4 780 2.165 0.3103 0.8472
2QH4 781 1.978 0.2665 0.8333
2QH4 782 2.064 0.2588 0.8194
2QH4 783 2.031 0.2517 0.8194
2QH4 784 2.047 0.2814 0.8056
2QH4 785 2.002 0.3135 0.8611
2QH4 786 1.931 0.2933 0.8472
2QH4 787 2.031 0.2996 0.8472
2QH4 788 1.984 0.2620 0.8333
2QH4 789 2.000 0.2860 0.8333
2QH4 790 2.101 0.3045 0.8056
2QH4 791 1.996 0.2974 0.8611
2QH4 792 2.115 0.3321 0.8333
2QH4 793 2.057 0.3190 0.8611
2QH4 794 1.887 0.3161 0.8611
2QH4 795 2.011 0.3208 0.8194
2QH4 796 2.046 0.2681 0.8333
2QH4 797 2.065 0.2947 0.8472
2QH4 798 2.007 0.3185 0.8472
2QH4 799 2.040 0.3032 0.8194
2QH4 800 2.130 0.3591 0.8472
2QH4 801 2.029 0.2696 0.8333
2QH4 802 2.052 0.2317 0.8333
2QH4 803 2.018 0.2623 0.8472
2QH4 804 2.097 0.3486 0.8333
2QH4 805 2.080 0.2936 0.8194
2QH4 806 2.060 0.3065 0.8333
2QH4 807 1.973 0.2894 0.8472
2QH4 808 1.881 0.3349 0.8472
2QH4 809 2.022 0.3255 0.8472
2QH4 810 2.002 0.3825 0.8750
2QH4 811 1.821 0.2758 0.8611
2QH4 812 1.897 0.3648 0.8750
2QH4 813 1.923 0.3089 0.8611
2QH4 814 2.105 0.3145 0.8472
2QH4 815 1.945 0.2569 0.8194
2QH4 816 2.111 0.2745 0.8194
2QH4 817 2.299 0.2937 0.8194
2QH4 818 2.126 0.2530 0.7917
2QH4 819 2.087 0.3081 0.8472
2QH4 820 2.145 0.2435 0.8194
2QH4 821 2.074 0.3106 0.8472
2QH4 822 2.103 0.3052 0.8333
2QH4 823 2.040 0.3029 0.8194
2QH4 824 1.986 0.2491 0.8333
2QH4 825 1.924 0.2642 0.8194
2QH4 826 1.943 0.2931 0.8333
2QH4 827 2.095 0.2129 0.8194
2QH4 828 1.973 0.2934 0.8333
2QH4 829 2.134 0.2801 0.8333
2QH4 830 1.970 0.2820 0.8333
2QH4 831 2.027 0.2404 0.8194
2QH4 832 2.133 0.3245 0.8194
2QH4 833 1.910 0.3009 0.8472
2QH4 834 1.913 0.2790 0.8333
2QH4 835 1.982 0.2757 0.8333
2QH4 836 1.970 0.2781 0.8333
2QH4 837 2.145 0.3046 0.8333
2QH4 838 1.935 0.2800 0.8472
2QH4 839 1.968 0.3070 0.8472
2QH4 840 2.031 0.2879 0.8194
2QH4 841 2.063 0.3055 0.8333
2QH4 842 2.221 0.2314 0.8056
2QH4 843 2.086 0.2848 0.8194
2QH4 844 1.993 0.2723 0.8194
2QH4 845 2.070 0.2901 0.8333
2QH4 846 1.966 0.2936 0.8194
2QH4 847 2.097 0.2619 0.8194
2QH4 848 2.008 0.2898 0.8333
2QH4 849 2.124 0.2831 0.8056
2QH4 850 1.955 0.3124 0.8333
2QH4 851 2.125 0.2385 0.7778
2QH4 852 1.943 0.2377 0.8056
2QH4 853 1.901 0.2631 0.8194
2QH4 854 2.117 0.1976 0.7778
2QH4 855 1.857 0.2995 0.8194
2QH4 856 1.933 0.1983 0.8194
2QH4 857 2.048 0.2502 0.8056
2QH4 858 2.102 0.2087 0.7778
2QH4 859 1.869 0.2714 0.8056
2QH4 860 2.263 0.2121 0.7778
2QH4 861 1.956 0.2670 0.8194
2QH4 862 2.218 0.2287 0.7917
2QH4 863 2.015 0.2268 0.8056
2QH4 864 1.997 0.2782 0.8056
2QH4 865 2.107 0.2662 0.8194
2QH4 866 2.081 0.2198 0.8056
2QH4 867 2.047 0.1998 0.7917
2QH4 868 2.040 0.2170 0.8056
2QH4 869 2.077 0.2305 0.8056
2QH4 870 2.041 0.2292 0.8056
2QH4 871 2.050 0.2644 0.8194
2QH4 872 2.130 0.2006 0.7917
2QH4 873 1.960 0.2041 0.8056
2QH4 874 1.879 0.2450 0.8056
2QH4 875 1.979 0.2273 0.8194
2QH4 876 2.084 0.2237 0.7917
2QH4 877 1.967 0.2379 0.7917
2QH4 878 1.886 0.2468 0.8194
2QH4 879 2.083 0.2285 0.7917
2QH4 880 2.027 0.2046 0.8056
2QH4 881 1.892 0.2459 0.8194
2QH4 882 2.178 0.2321 0.7917
2QH4 883 2.301 0.2320 0.7917
2QH4 884 2.058 0.2684 0.8194
2QH4 885 2.113 0.1971 0.7917
2QH4 886 2.054 0.2755 0.7917
2QH4 887 1.995 0.2457 0.8056
2QH4 888 2.078 0.2562 0.8056
2QH4 889 2.060 0.2204 0.7917
2QH4 890 2.170 0.2334 0.8056
2QH4 891 2.156 0.2796 0.8056
2QH4 892 2.095 0.2179 0.7917
2QH4 893 2.126 0.2303 0.7917
2QH4 894 1.882 0.2425 0.8194
2QH4 895 1.906 0.2095 0.8056
2QH4 896 1.826 0.2763 0.8333
2QH4 897 2.006 0.2162 0.8194
2QH4 898 1.970 0.2188 0.8056
2QH4 899 1.990 0.2175 0.8056
2QH4 900 2.059 0.2259 0.8194
2QH4 901 2.011 0.2479 0.8194
2QH4 902 1.847 0.2882 0.8194
2QH4 903 1.915 0.2679 0.8333
2QH4 904 1.889 0.2164 0.8194
2QH4 905 2.111 0.2275 0.7778
2QH4 906 1.969 0.2285 0.8194
2QH4 907 1.876 0.2822 0.8333
2QH4 908 2.043 0.2586 0.8333
2QH4 909 2.000 0.2423 0.7917
2QH4 910 1.918 0.1927 0.7917
2QH4 911 1.870 0.2215 0.8333
2QH4 912 1.901 0.2663 0.8194
2QH4 913 1.934 0.2516 0.8056
2QH4 914 1.958 0.2526 0.8194
2QH4 915 1.766 0.3210 0.8472
2QH4 916 2.033 0.2200 0.8056
2QH4 917 2.028 0.2201 0.8056
2QH4 918 1.846 0.2877 0.8333
2QH4 919 1.995 0.2248 0.8194
2QH4 920 1.839 0.2339 0.8194
2QH4 921 2.002 0.2014 0.7917
2QH4 922 1.985 0.2349 0.7917
2QH4 923 1.917 0.2403 0.8056
2QH4 924 2.175 0.2063 0.8194
2QH4 925 1.943 0.2578 0.8194
2QH4 926 2.315 0.1851 0.7639
2QH4 927 2.109 0.2614 0.7917
2QH4 928 2.118 0.2467 0.8056
2QH4 929 2.134 0.2435 0.7917
2QH4 930 2.224 0.2564 0.7639
2QH4 931 1.881 0.2037 0.8056
2QH4 932 2.148 0.2477 0.7778
2QH4 933 2.227 0.2145 0.7778
2QH4 934 2.067 0.2196 0.8056
2QH4 935 1.994 0.2502 0.8194
2QH4 936 2.085 0.2265 0.8056
2QH4 937 2.007 0.2059 0.7778
2QH4 938 2.301 0.1867 0.7639
2QH4 939 2.162 0.2042 0.7917
2QH4 940 1.991 0.2229 0.8056
2QH4 941 1.736 0.1966 0.8056
2QH4 942 1.958 0.2189 0.7917
2QH4 943 1.840 0.2667 0.8333
2QH4 944 1.880 0.2091 0.7778
2QH4 945 1.823 0.2380 0.8194
2QH4 946 1.743 0.2601 0.8472
2QH4 947 1.935 0.2054 0.7778
2QH4 948 1.813 0.2311 0.8194
2QH4 949 1.818 0.2221 0.8194
2QH4 950 1.804 0.2396 0.8194
2QH4 951 1.856 0.2504 0.8194
2QH4 952 1.793 0.2480 0.8333
2QH4 953 1.911 0.2338 0.8194
2QH4 954 1.830 0.2264 0.8056
2QH4 955 2.022 0.2953 0.7917
2QH4 956 1.921 0.2258 0.8056
2QH4 957 1.864 0.2448 0.8194
2QH4 958 1.975 0.2585 0.8056
2QH4 959 2.157 0.2361 0.7778
2QH4 960 2.063 0.2287 0.7917
2QH4 961 2.159 0.2432 0.7917
2QH4 962 2.059 0.2171 0.7917
2QH4 963 2.249 0.2340 0.7639
2QH4 964 2.111 0.2292 0.7917
2QH4 965 2.563 0.2260 0.7778
2QH4 966 2.377 0.2154 0.7778
2QH4 967 2.156 0.2348 0.8194
2QH4 968 2.149 0.2457 0.7917
2QH4 969 2.270 0.2942 0.8333
2QH4 970 2.189 0.2385 0.8056
2QH4 971 2.283 0.2387 0.8056
2QH4 972 2.158 0.2145 0.8056
2QH4 973 2.030 0.2232 0.8056
2QH4 974 2.282 0.2442 0.8056
2QH4 975 2.163 0.2254 0.8056
2QH4 976 2.048 0.2445 0.8056
2QH4 977 2.127 0.2321 0.8194
2QH4 978 2.234 0.2243 0.7917
2QH4 979 2.081 0.2795 0.8194
2QH4 980 2.276 0.2416 0.7778
2QH4 981 2.341 0.2031 0.7778
2QH4 982 2.062 0.2159 0.8333
2QH4 983 2.248 0.2641 0.8194
2QH4 984 2.395 0.2256 0.7917
2QH4 985 2.351 0.2385 0.8056
2QH4 986 2.476 0.2928 0.8056
2QH4 987 2.346 0.2312 0.8056
2QH4 988 2.280 0.2640 0.8056
2QH4 989 2.352 0.2944 0.8194
2QH4 990 2.272 0.2849 0.8056
2QH4 991 2.240 0.2339 0.7917
2QH4 992 2.406 0.2576 0.7917
2QH4 993 2.118 0.2232 0.8194
2QH4 994 2.488 0.2278 0.7639
2QH4 995 2.274 0.2551 0.8194
2QH4 996 2.596 0.2381 0.7639
2QH4 997 2.271 0.2432 0.7778
2QH4 998 1.938 0.2107 0.8333
2QH4 999 2.284 0.2219 0.7500
2QH4 1000 2.206 0.2536 0.8333
2QH4 1001 2.255 0.2824 0.8194
2QH4 1002 2.260 0.2408 0.7639
2QH4 1003 1.945 0.2315 0.8194
2QH4 1004 1.912 0.2982 0.8472
2QH4 1005 2.281 0.2712 0.7917
2QH4 1006 2.085 0.2613 0.8333
2QH4 1007 2.138 0.2337 0.7917
2QH4 1008 2.426 0.2189 0.7639
2QH4 1009 2.215 0.3283 0.8472
2QH4 1010 2.244 0.2571 0.8056
2QH4 1011 2.107 0.2316 0.8194
2QH4 1012 2.509 0.2361 0.7639
2QH4 1013 2.438 0.2555 0.7639
2QH4 1014 2.089 0.2742 0.8333
2QH4 1015 2.513 0.2325 0.7639
2QH4 1016 2.297 0.2932 0.8194
2QH4 1017 2.273 0.2281 0.8056
2QH4 1018 2.222 0.2417 0.7917
2QH4 1019 2.322 0.2332 0.8056
2QH4 1020 2.424 0.2344 0.7778
2QH4 1021 2.057 0.3190 0.8472
2QH4 1022 2.167 0.2460 0.8056
2QH4 1023 2.343 0.2076 0.7778
2QH4 1024 2.396 0.2405 0.7639
2QH4 1025 2.193 0.2489 0.7778
2QH4 1026 2.244 0.2435 0.7917
2QH4 1027 2.373 0.2465 0.7917
2QH4 1028 2.459 0.2641 0.7778
2QH4 1029 2.518 0.2407 0.7917
2QH4 1030 2.095 0.2758 0.8333
2QH4 1031 2.381 0.2060 0.7778
2QH4 1032 2.363 0.2744 0.8194
2QH4 1033 2.332 0.2197 0.7778
2QH4 1034 2.291 0.2592 0.8194
2QH4 1035 2.489 0.2520 0.7639
2QH4 1036 2.430 0.2348 0.7639
2QH4 1037 2.504 0.2271 0.7778
2QH4 1038 2.278 0.2271 0.7778
2QH4 1039 2.230 0.2536 0.8056
2QH4 1040 2.324 0.2161 0.7917
2QH4 1041 2.375 0.2504 0.7778
2QH4 1042 2.147 0.2554 0.8333
2QH4 1043 2.300 0.3036 0.8194
2QH4 1044 2.430 0.2414 0.7778
2QH4 1045 2.228 0.2677 0.8333
2QH4 1046 2.724 0.2194 0.7361
2QH4 1047 2.089 0.2244 0.7778
2QH4 1048 2.270 0.2557 0.7778
2QH4 1049 2.138 0.2582 0.7917
2QH4 1050 2.486 0.2205 0.7222
2QH4 1051 2.134 0.2361 0.7917
2QH4 1052 2.154 0.2423 0.7778
2QH4 1053 2.074 0.2788 0.8333
2QH4 1054 1.968 0.2145 0.8333
2QH4 1055 2.286 0.2145 0.7778
2QH4 1056 2.323 0.2668 0.7917
2QH4 1057 2.377 0.2400 0.7778
2QH4 1058 2.529 0.2250 0.7639
2QH4 1059 2.088 0.2662 0.8194
2QH4 1060 2.202 0.2475 0.8194
2QH4 1061 2.565 0.2355 0.7917
2QH4 1062 2.427 0.2312 0.7917
2QH4 1063 2.155 0.2411 0.8194
2QH4 1064 2.084 0.2509 0.8194
2QH4 1065 2.071 0.2591 0.8194
2QH4 1066 2.156 0.2047 0.7917
2QH4 1067 1.887 0.2570 0.8472
2QH4 1068 1.964 0.2857 0.8194
2QH4 1069 2.111 0.2445 0.8333
2QH4 1070 2.167 0.2585 0.8194
2QH4 1071 2.028 0.2473 0.8056
2QH4 1072 1.930 0.2872 0.8472
2QH4 1073 2.029 0.2408 0.8194
2QH4 1074 1.937 0.2803 0.8194
2QH4 1075 2.179 0.2329 0.7917
2QH4 1076 2.220 0.2269 0.8056
2QH4 1077 2.199 0.2964 0.8194
2QH4 1078 2.307 0.2486 0.7917
2QH4 1079 2.290 0.2370 0.7778
2QH4 1080 2.494 0.2839 0.8056
2QH4 1081 2.201 0.2778 0.8194
2QH4 1082 2.232 0.2247 0.8056
2QH4 1083 2.423 0.2612 0.8194
2QH4 1084 1.987 0.2883 0.8333
2QH4 1085 2.380 0.2316 0.7778
2QH4 1086 2.105 0.2776 0.8194
2QH4 1087 2.401 0.2676 0.7917
2QH4 1088 2.560 0.2288 0.7639
2QH4 1089 2.284 0.2615 0.8056
2QH4 1090 2.208 0.2785 0.8194
2QH4 1091 2.030 0.2900 0.8333
2QH4 1092 2.616 0.2432 0.7917
2QH4 1093 2.623 0.2740 0.8056
2QH4 1094 2.112 0.3458 0.8472
2QH4 1095 2.067 0.3024 0.8333
2QH4 1096 2.513 0.2686 0.8056
2QH4 1097 2.235 0.2393 0.7917
2QH4 1098 2.330 0.2342 0.8056
2QH4 1099 2.240 0.2764 0.8194
2QH4 1100 2.188 0.2334 0.8056
2QH4 1101 2.173 0.2470 0.8056
2QH4 1102 2.330 0.2248 0.7917
2QH4 1103 2.253 0.2648 0.8472
2QH4 1104 2.288 0.2840 0.8194
2QH4 1105 2.193 0.2586 0.8056
2QH4 1106 2.403 0.2720 0.8056
2QH4 1107 2.287 0.2803 0.8194
2QH4 1108 2.283 0.2556 0.8194
2QH4 1109 2.420 0.2289 0.8194
2QH4 1110 1.908 0.3074 0.8750
2QH4 1111 2.232 0.2716 0.7917
2QH4 1112 2.369 0.2390 0.7917
2QH4 1113 2.175 0.2535 0.8333
2QH4 1114 2.160 0.3027 0.8472
2QH4 1115 2.074 0.2996 0.8472
2QH4 1116 1.990 0.2229 0.8472
2QH4 1117 2.344 0.2670 0.8333
2QH4 1118 2.263 0.3196 0.8472
2QH4 1119 2.195 0.2566 0.8333
2QH4 1120 2.014 0.2519 0.8333
2QH4 1121 2.008 0.2484 0.8056
2QH4 1122 2.319 0.2800 0.8194
2QH4 1123 2.240 0.2774 0.8056
2QH4 1124 2.156 0.2200 0.7917
2QH4 1125 2.689 0.2094 0.7639
2QH4 1126 2.091 0.2215 0.7917
2QH4 1127 2.336 0.2110 0.7917
2QH4 1128 2.298 0.2064 0.7639
2QH4 1129 2.492 0.2267 0.7778
2QH4 1130 2.167 0.2938 0.8056
2QH4 1131 2.503 0.1925 0.7778
2QH4 1132 2.085 0.2395 0.8333
2QH4 1133 2.027 0.2461 0.8194
2QH4 1134 2.377 0.2440 0.8056
2QH4 1135 2.536 0.2423 0.7778
2QH4 1136 2.159 0.2532 0.8056
2QH4 1137 2.166 0.2532 0.8194
2QH4 1138 2.307 0.2596 0.8194
2QH4 1139 2.071 0.2626 0.8333
2QH4 1140 2.035 0.2734 0.8194
2QH4 1141 2.289 0.2451 0.7917
2QH4 1142 2.430 0.2400 0.7778
2QH4 1143 2.463 0.2895 0.7917
2QH4 1144 2.545 0.2457 0.7778
2QH4 1145 2.334 0.2281 0.7500
2QH4 1146 2.394 0.3086 0.8194
2QH4 1147 2.368 0.2938 0.8056
2QH4 1148 2.296 0.1984 0.7639
2QH4 1149 2.496 0.2129 0.8056
2QH4 1150 2.335 0.2423 0.7917
2QH4 1151 2.556 0.2080 0.7639
2QH4 1152 2.106 0.3146 0.8194
2QH4 1153 2.123 0.2366 0.7778
2QH4 1154 2.222 0.2824 0.8333
2QH4 1155 2.219 0.2431 0.8056
2QH4 1156 2.375 0.2740 0.7917
2QH4 1157 2.264 0.2524 0.8056
2QH4 1158 2.307 0.2514 0.7778
2QH4 1159 2.387 0.2316 0.7639
2QH4 1160 2.366 0.2854 0.8194
2QH4 1161 2.139 0.3043 0.8333
2QH4 1162 2.089 0.2213 0.7639
2QH4 1163 2.196 0.2096 0.7917
2QH4 1164 2.254 0.2498 0.8194
2QH4 1165 2.210 0.2419 0.8194
2QH4 1166 2.291 0.2022 0.7778
2QH4 1167 2.297 0.2254 0.8194
2QH4 1168 2.154 0.2306 0.7917
2QH4 1169 1.981 0.2612 0.8056
2QH4 1170 2.413 0.2549 0.7778
2QH4 1171 2.338 0.2528 0.7778
2QH4 1172 2.485 0.3027 0.8194
2QH4 1173 2.297 0.2804 0.8056
2QH4 1174 2.155 0.2204 0.7917
2QH4 1175 1.749 0.2691 0.8472
2QH4 1176 2.285 0.2652 0.8056
2QH4 1177 2.332 0.2881 0.8194
2QH4 1178 2.115 0.3246 0.8333
2QH4 1179 2.369 0.2658 0.7639
2QH4 1180 1.997 0.2612 0.8333
2QH4 1181 2.258 0.2650 0.8194
2QH4 1182 2.237 0.3135 0.8194
2QH4 1183 1.957 0.2915 0.8472
2QH4 1184 1.948 0.2705 0.8472
2QH4 1185 1.899 0.2067 0.7917
2QH4 1186 1.832 0.2303 0.8194
2QH4 1187 1.934 0.2610 0.8194
2QH4 1188 2.066 0.2211 0.8056
2QH4 1189 1.842 0.2390 0.8472
2QH4 1190 2.131 0.2027 0.7778
2QH4 1191 1.835 0.2314 0.8194
2QH4 1192 1.914 0.2418 0.8056
2QH4 1193 2.020 0.2481 0.8194
2QH4 1194 1.917 0.1940 0.7917
2QH4 1195 2.062 0.1652 0.7917
2QH4 1196 2.205 0.2079 0.7500
2QH4 1197 2.131 0.1870 0.7639
2QH4 1198 2.012 0.2080 0.7778
2QH4 1199 2.180 0.2057 0.8056
2QH4 1200 1.877 0.2041 0.8056
2QH4 1201 2.097 0.2203 0.8194
2QH4 1202 1.846 0.2476 0.8333
2QH4 1203 1.849 0.2708 0.8194
2QH4 1204 1.994 0.2141 0.7917
2QH4 1205 1.818 0.2340 0.8472
2QH4 1206 2.120 0.1935 0.7778
2QH4 1207 1.840 0.2174 0.7917
2QH4 1208 2.230 0.1922 0.7778
2QH4 1209 2.047 0.1777 0.7917
2QH4 1210 2.043 0.2188 0.8056
2QH4 1211 2.216 0.1710 0.7500
2QH4 1212 2.112 0.1826 0.7917
2QH4 1213 1.889 0.1903 0.8056
2QH4 1214 2.093 0.1713 0.7917
2QH4 1215 1.734 0.2108 0.7917
2QH4 1216 1.803 0.2545 0.8472
2QH4 1217 1.830 0.1947 0.8472
2QH4 1218 1.920 0.2391 0.8472
2QH4 1219 1.909 0.1912 0.8056
2QH4 1220 1.737 0.2609 0.8333
2QH4 1221 1.961 0.1965 0.8056
2QH4 1222 1.734 0.2626 0.8750
2QH4 1223 1.698 0.2711 0.8611
2QH4 1224 1.575 0.2407 0.8750
2QH4 1225 1.797 0.2444 0.8056
2QH4 1226 1.926 0.2210 0.8194
2QH4 1227 1.945 0.2000 0.7917
2QH4 1228 1.972 0.1886 0.7917
2QH4 1229 1.700 0.2675 0.8472
2QH4 1230 2.039 0.2469 0.7778
2QH4 1231 1.852 0.1996 0.7917
2QH4 1232 1.972 0.2069 0.7778
2QH4 1233 1.694 0.2212 0.8056
2QH4 1234 1.929 0.2209 0.7917
2QH4 1235 1.772 0.2070 0.8056
2QH4 1236 2.098 0.2168 0.7778
2QH4 1237 1.690 0.2283 0.8056
2QH4 1238 1.749 0.2318 0.8194
2QH4 1239 2.100 0.2045 0.7778
2QH4 1240 1.958 0.2152 0.8194
2QH4 1241 1.722 0.2249 0.8194
2QH4 1242 1.795 0.2272 0.8056
2QH4 1243 1.937 0.2314 0.8611
2QH4 1244 1.676 0.2216 0.8333
2QH4 1245 1.776 0.2352 0.8472
2QH4 1246 1.919 0.1763 0.7917
2QH4 1247 1.914 0.2358 0.8056
2QH4 1248 1.789 0.2092 0.8056
2QH4 1249 1.892 0.1814 0.8056
2QH4 1250 2.160 0.2039 0.7917
2QH4 1251 2.046 0.2253 0.7639
2QH4 1252 2.021 0.2198 0.7778
2QH4 1253 2.205 0.1886 0.7778
2QH4 1254 1.933 0.2020 0.7917
2QH4 1255 2.128 0.1739 0.7500
2QH4 1256 1.881 0.1901 0.8056
2QH4 1257 1.971 0.1936 0.8056
2QH4 1258 2.148 0.2486 0.7917
2QH4 1259 2.079 0.1874 0.8056
2QH4 1260 1.865 0.2112 0.8056
2QH4 1261 1.905 0.2326 0.8194
2QH4 1262 1.762 0.2585 0.8333
2QH4 1263 1.572 0.3008 0.8750
2QH4 1264 2.033 0.2065 0.7778
2QH4 1265 1.869 0.2078 0.7778
2QH4 1266 2.272 0.1713 0.7500
2QH4 1267 1.588 0.2618 0.8611
2QH4 1268 1.733 0.2047 0.8194
2QH4 1269 1.851 0.3006 0.8472
2QH4 1270 1.829 0.2064 0.8056
2QH4 1271 2.056 0.2126 0.7778
2QH4 1272 1.887 0.2503 0.8333
2QH4 1273 1.835 0.2227 0.8194
2QH4 1274 2.096 0.2150 0.7917
2QH4 1275 1.947 0.2426 0.8056
2QH4 1276 1.945 0.1711 0.7639
2QH4 1277 1.909 0.2539 0.8194
2QH4 1278 1.736 0.2514 0.8472
2QH4 1279 1.834 0.2401 0.8194
2QH4 1280 1.929 0.2231 0.8056
2QH4 1281 2.021 0.1926 0.8333
2QH4 1282 1.928 0.2189 0.7639
2QH4 1283 2.116 0.2004 0.8056
2QH4 1284 2.272 0.2524 0.7917
2QH4 1285 2.389 0.1956 0.7639
2QH4 1286 2.368 0.2027 0.7500
2QH4 1287 2.247 0.1992 0.7500
2QH4 1288 1.962 0.2206 0.8056
2QH4 1289 1.864 0.2944 0.8333
2QH4 1290 2.064 0.1682 0.7778
2QH4 1291 2.278 0.1700 0.7222
2QH4 1292 2.146 0.1795 0.7500
2QH4 1293 2.123 0.2103 0.7778
2QH4 1294 2.068 0.1719 0.7500
2QH4 1295 1.787 0.2643 0.8333
2QH4 1296 2.051 0.1971 0.7639
2QH4 1297 2.076 0.2178 0.7500
2QH4 1298 2.111 0.2206 0.7361
2QH4 1299 2.084 0.2299 0.7778
2QH4 1300 2.246 0.1755 0.7639
2QH4 1301 2.107 0.2262 0.7778
2QH4 1302 2.369 0.1899 0.7500
2QH4 1303 2.071 0.1883 0.7917
2QH4 1304 2.180 0.1944 0.7361
2QH4 1305 2.006 0.2873 0.8333
2QH4 1306 1.645 0.3591 0.8750
2QH4 1307 1.512 0.2156 0.8194
2QH4 1308 1.619 0.2072 0.8611
2QH4 1309 1.883 0.2002 0.7778
2QH4 1310 1.542 0.3053 0.8889
2QH4 1311 1.657 0.2456 0.8333
2QH4 1312 1.944 0.2011 0.7500
2QH4 1313 1.829 0.1983 0.7778
2QH4 1314 1.977 0.2285 0.8194
2QH4 1315 1.893 0.2216 0.8056
2QH4 1316 1.847 0.2403 0.8333
2QH4 1317 1.896 0.2255 0.7778
2QH4 1318 1.747 0.1901 0.7917
2QH4 1319 1.756 0.2400 0.8194
2QH4 1320 2.233 0.1834 0.7500
2QH4 1321 1.659 0.2211 0.8194
2QH4 1322 1.781 0.2518 0.8611
2QH4 1323 1.949 0.2432 0.8056
2QH4 1324 1.778 0.2295 0.8472
2QH4 1325 1.979 0.2566 0.8333
2QH4 1326 2.049 0.2203 0.8194
2QH4 1327 1.649 0.2989 0.8333
2QH4 1328 1.753 0.2484 0.8194
2QH4 1329 2.128 0.2175 0.7778
2QH4 1330 1.669 0.2640 0.8194
2QH4 1331 1.816 0.1911 0.7917
2QH4 1332 2.114 0.2019 0.7500
2QH4 1333 1.929 0.1982 0.7500
2QH4 1334 1.778 0.2333 0.8194
2QH4 1335 1.933 0.2475 0.8056
2QH4 1336 1.760 0.2387 0.8194
2QH4 1337 1.475 0.2279 0.8472
2QH4 1338 1.706 0.2253 0.8333
2QH4 1339 1.890 0.1950 0.7917
2QH4 1340 1.929 0.2151 0.7778
2QH4 1341 1.910 0.1908 0.8056
2QH4 1342 1.797 0.1994 0.7917
2QH4 1343 1.731 0.2010 0.7917
2QH4 1344 1.764 0.2279 0.8472
2QH4 1345 2.035 0.1789 0.7917
2QH4 1346 1.665 0.2297 0.8194
2QH4 1347 2.171 0.2058 0.7500
2QH4 1348 2.252 0.2053 0.7917
2QH4 1349 1.689 0.2027 0.8194
2QH4 1350 1.973 0.2435 0.8056
2QH4 1351 1.864 0.1988 0.7917
2QH4 1352 1.672 0.1985 0.8194
2QH4 1353 1.838 0.1971 0.7778
2QH4 1354 1.620 0.2088 0.8194
2QH4 1355 1.875 0.2114 0.8056
2QH4 1356 1.591 0.2539 0.8333
2QH4 1357 1.595 0.2066 0.7917
2QH4 1358 1.778 0.2573 0.8194
2QH4 1359 2.276 0.1792 0.7639
2QH4 1360 2.213 0.1782 0.7361
2QH4 1361 2.234 0.1980 0.7639
2QH4 1362 2.253 0.1946 0.7222
2QH4 1363 2.511 0.1842 0.7500
2QH4 1364 2.175 0.1977 0.7222
2QH4 1365 2.551 0.1756 0.7500
2QH4 1366 2.051 0.2506 0.7639
2QH4 1367 2.322 0.1693 0.7361
2QH4 1368 2.481 0.2036 0.7083
2QH4 1369 1.918 0.2730 0.8194
2QH4 1370 2.064 0.2315 0.7917
2QH4 1371 2.112 0.2124 0.7917
2QH4 1372 2.238 0.2131 0.7361
2QH4 1373 2.030 0.1926 0.7361
2QH4 1374 1.880 0.1921 0.7917
2QH4 1375 2.090 0.1569 0.7500
2QH4 1376 2.027 0.1735 0.7917
2QH4 1377 2.004 0.2279 0.8194
2QH4 1378 2.263 0.1975 0.7917
2QH4 1379 2.012 0.2010 0.7917
2QH4 1380 2.014 0.2253 0.7917
2QH4 1381 1.532 0.2747 0.8611
2QH4 1382 2.130 0.2161 0.7778
2QH4 1383 1.860 0.2071 0.8056
2QH4 1384 2.198 0.1879 0.7500
2QH4 1385 2.015 0.1934 0.7917
2QH4 1386 1.996 0.1983 0.7639
2QH4 1387 2.197 0.1891 0.7500
2QH4 1388 2.111 0.2364 0.7500
2QH4 1389 2.188 0.1856 0.7500
2QH4 1390 2.031 0.1458 0.7778
2QH4 1391 1.946 0.1955 0.7778
2QH4 1392 2.263 0.1853 0.7639
2QH4 1393 2.498 0.1982 0.7639
2QH4 1394 1.833 0.2360 0.8056
2QH4 1395 2.042 0.2065 0.8194
2QH4 1396 2.053 0.2310 0.8333
2QH4 1397 1.994 0.2410 0.8194
2QH4 1398 1.676 0.1994 0.8056
2QH4 1399 2.194 0.1927 0.7778
2QH4 1400 1.962 0.2643 0.8611
2QH4 1401 2.137 0.2179 0.7917
2QH4 1402 1.987 0.2749 0.8611
2QH4 1403 2.056 0.2570 0.8333
2QH4 1404 1.919 0.1975 0.8056
2QH4 1405 1.858 0.2441 0.8333
2QH4 1406 1.944 0.2506 0.8194
2QH4 1407 1.937 0.2935 0.8750
2QH4 1408 1.846 0.2435 0.8056
2QH4 1409 1.851 0.2137 0.8333
2QH4 1410 2.152 0.2531 0.8333
2QH4 1411 1.927 0.2071 0.8056
2QH4 1412 2.172 0.2702 0.8333
2QH4 1413 2.038 0.1835 0.7917
2QH4 1414 2.006 0.1896 0.8056
2QH4 1415 2.275 0.1640 0.7639
2QH4 1416 1.937 0.2113 0.8056
2QH4 1417 2.084 0.2206 0.8056
2QH4 1418 2.170 0.2151 0.8056
2QH4 1419 1.933 0.2457 0.8750
2QH4 1420 2.092 0.2410 0.7917
2QH4 1421 1.879 0.2491 0.8472
2QH4 1422 2.378 0.2000 0.7222
2QH4 1423 2.336 0.1911 0.7500
2QH4 1424 2.395 0.2199 0.7639
2QH4 1425 2.496 0.1582 0.7222
2QH4 1426 2.554 0.2021 0.7222
2QH4 1427 2.567 0.1810 0.7361
2QH4 1428 2.641 0.1700 0.6944
2QH4 1429 2.816 0.1832 0.7222
2QH4 1430 2.342 0.1776 0.7361
2QH4 1431 2.351 0.2040 0.7639
2QH4 1432 2.398 0.2139 0.7361
2QH4 1433 2.430 0.1521 0.7222
2QH4 1434 2.475 0.1869 0.7361
2QH4 1435 2.230 0.1666 0.7500
2QH4 1436 2.154 0.1707 0.7500
2QH4 1437 2.307 0.2205 0.7778
2QH4 1438 2.162 0.2008 0.7500
2QH4 1439 2.400 0.1795 0.7778
2QH4 1440 1.922 0.2518 0.8194
2QH4 1441 1.765 0.2226 0.8194
2QH4 1442 2.248 0.1669 0.7778
2QH4 1443 2.279 0.1714 0.7639
2QH4 1444 1.874 0.2081 0.8056
2QH4 1445 1.745 0.2130 0.8056
2QH4 1446 2.157 0.2150 0.7917
2QH4 1447 1.935 0.2255 0.7917
2QH4 1448 1.753 0.2122 0.8194
2QH4 1449 2.019 0.1938 0.7917
2QH4 1450 2.004 0.1971 0.7778
2QH4 1451 1.729 0.1620 0.7917
2QH4 1452 2.160 0.2246 0.7917
2QH4 1453 2.362 0.2718 0.7917
2QH4 1454 2.056 0.2131 0.8194
2QH4 1455 2.337 0.2153 0.7639
2QH4 1456 2.271 0.1512 0.7500
2QH4 1457 2.031 0.1692 0.7500
2QH4 1458 2.065 0.1695 0.7639
2QH4 1459 2.289 0.1664 0.7639
2QH4 1460 2.112 0.1578 0.7500
2QH4 1461 1.743 0.1739 0.8056
2QH4 1462 2.326 0.1541 0.7361
2QH4 1463 2.242 0.1639 0.7361
2QH4 1464 2.237 0.1911 0.7500
2QH4 1465 2.129 0.2067 0.7917
2QH4 1466 1.855 0.1916 0.7917
2QH4 1467 2.257 0.1602 0.7500
2QH4 1468 2.442 0.1834 0.7222
2QH4 1469 2.179 0.1548 0.7500
2QH4 1470 2.152 0.1771 0.7500
2QH4 1471 2.130 0.2249 0.7778
2QH4 1472 1.989 0.1757 0.8194
2QH4 1473 2.149 0.1924 0.7639
2QH4 1474 1.926 0.2420 0.8056
2QH4 1475 2.028 0.2137 0.8333
2QH4 1476 1.808 0.2143 0.8194
2QH4 1477 2.206 0.2247 0.7639
2QH4 1478 2.042 0.1936 0.7639
2QH4 1479 2.200 0.1897 0.7778
2QH4 1480 1.975 0.2591 0.8333
2QH4 1481 2.151 0.2533 0.7917
2QH4 1482 1.885 0.2370 0.8194
2QH4 1483 2.131 0.1795 0.7639
2QH4 1484 2.438 0.1979 0.7500
2QH4 1485 2.216 0.2226 0.7778
2QH4 1486 1.842 0.2031 0.7778
2QH4 1487 2.254 0.1880 0.7500
2QH4 1488 2.123 0.2057 0.7639
2QH4 1489 2.281 0.2117 0.7639
2QH4 1490 1.583 0.2319 0.8333
2QH4 1491 2.093 0.1776 0.7639
2QH4 1492 1.751 0.2076 0.8056
2QH4 1493 2.321 0.1530 0.7222
2QH4 1494 1.951 0.2161 0.7917
2QH4 1495 2.323 0.1943 0.7778
2QH4 1496 2.046 0.2056 0.7917
2QH4 1497 2.459 0.1958 0.7083
2QH4 1498 2.295 0.2087 0.7639
2QH4 1499 2.280 0.1949 0.7500
2QH4 1500 2.087 0.2106 0.7778
2QH4 1501 2.389 0.1942 0.7500
2QH4 1502 2.498 0.1925 0.7083
2QH4 1503 2.503 0.1905 0.7083
2QH4 1504 2.662 0.1904 0.6944
2QH4 1505 2.422 0.1812 0.7083
2QH4 1506 2.506 0.1679 0.7083
2QH4 1507 2.424 0.1808 0.7222
2QH4 1508 2.357 0.1927 0.7639
2QH4 1509 2.668 0.1691 0.6944
2QH4 1510 2.331 0.1230 0.7222
2QH4 1511 2.572 0.2019 0.7083
2QH4 1512 2.234 0.1932 0.7361
2QH4 1513 2.063 0.1722 0.7361
2QH4 1514 2.287 0.1533 0.7083
2QH4 1515 2.588 0.1440 0.7083
2QH4 1516 2.410 0.1460 0.7083
2QH4 1517 2.371 0.1368 0.7083
2QH4 1518 2.538 0.1474 0.6944
2QH4 1519 2.468 0.1583 0.7222
2QH4 1520 2.306 0.1794 0.7083
2QH4 1521 2.506 0.1577 0.6667
2QH4 1522 2.229 0.1735 0.7361
2QH4 1523 2.208 0.2328 0.7778
2QH4 1524 2.693 0.1783 0.6944
2QH4 1525 2.495 0.2039 0.7083
2QH4 1526 2.779 0.2040 0.7222
2QH4 1527 2.479 0.2179 0.7222
2QH4 1528 2.445 0.1844 0.7361
2QH4 1529 2.470 0.1632 0.7361
2QH4 1530 2.464 0.1569 0.7222
2QH4 1531 2.614 0.1590 0.6944
2QH4 1532 2.386 0.1313 0.7222
2QH4 1533 2.414 0.1815 0.7222
2QH4 1534 2.220 0.1718 0.7500
2QH4 1535 1.992 0.2028 0.7500
2QH4 1536 2.417 0.2148 0.7500
2QH4 1537 2.547 0.1966 0.7222
2QH4 1538 2.388 0.1714 0.7083
2QH4 1539 2.425 0.1942 0.7083
2QH4 1540 2.716 0.1779 0.6806
2QH4 1541 2.276 0.1447 0.7222
2QH4 1542 2.318 0.1508 0.7361
2QH4 1543 2.111 0.1648 0.7361
2QH4 1544 1.874 0.1702 0.7639
2QH4 1545 2.276 0.1666 0.7222
2QH4 1546 1.896 0.1512 0.7500
2QH4 1547 2.094 0.1439 0.7361
2QH4 1548 1.906 0.2083 0.7778
2QH4 1549 2.096 0.1638 0.7361
2QH4 1550 2.154 0.1634 0.7222
2QH4 1551 2.139 0.1437 0.7222
2QH4 1552 2.293 0.2021 0.7500
2QH4 1553 1.829 0.2000 0.7778
2QH4 1554 2.330 0.1565 0.7361
2QH4 1555 2.041 0.2039 0.7639
2QH4 1556 2.091 0.2559 0.7778
2QH4 1557 2.060 0.2120 0.7639
2QH4 1558 1.987 0.2226 0.7917
2QH4 1559 2.360 0.1798 0.7361
2QH4 1560 2.366 0.2087 0.7222
2QH4 1561 2.274 0.1801 0.7361
2QH4 1562 2.348 0.1667 0.7500
2QH4 1563 2.146 0.1630 0.7500
2QH4 1564 2.340 0.1538 0.7083
2QH4 1565 1.961 0.1707 0.7639
2QH4 1566 2.205 0.1955 0.7361
2QH4 1567 1.644 0.2384 0.8194
2QH4 1568 1.825 0.2343 0.7500
2QH4 1569 1.961 0.1803 0.7500
2QH4 1570 1.869 0.1952 0.7639
2QH4 1571 2.174 0.1443 0.7222
2QH4 1572 2.395 0.1346 0.7083
2QH4 1573 2.752 0.1405 0.6944
2QH4 1574 2.355 0.2066 0.7778
2QH4 1575 2.495 0.1554 0.7222
2QH4 1576 2.242 0.1468 0.7222
2QH4 1577 2.158 0.1324 0.7222
2QH4 1578 2.494 0.1430 0.7083
2QH4 1579 2.057 0.1812 0.7639
2QH4 1580 2.084 0.1413 0.7361
2QH4 1581 2.621 0.1653 0.6944
2QH4 1582 2.276 0.1719 0.7222
2QH4 1583 2.342 0.1463 0.7222
2QH4 1584 2.479 0.1735 0.7222
2QH4 1585 1.969 0.1504 0.7500
2QH4 1586 2.274 0.1623 0.7500
2QH4 1587 2.485 0.1191 0.6806
2QH4 1588 2.357 0.1644 0.7222
2QH4 1589 2.378 0.1322 0.7222
2QH4 1590 1.934 0.1737 0.7639
2QH4 1591 2.570 0.1295 0.6806
2QH4 1592 1.937 0.1584 0.7639
2QH4 1593 1.823 0.1603 0.7917
2QH4 1594 2.067 0.1754 0.7778
2QH4 1595 2.519 0.1378 0.7083
2QH4 1596 2.106 0.1936 0.7500
2QH4 1597 2.024 0.1771 0.7500
2QH4 1598 2.392 0.1618 0.7222
2QH4 1599 2.361 0.1224 0.7361
2QH4 1600 2.147 0.1711 0.7500
2QH4 1601 2.007 0.1609 0.7361
2QH4 1602 2.377 0.1215 0.6944
2QH4 1603 2.390 0.1304 0.7083
2QH4 1604 2.304 0.1392 0.6944
2QH4 1605 2.080 0.1375 0.7361
2QH4 1606 1.920 0.1692 0.7500
2QH4 1607 2.096 0.1454 0.7361
2QH4 1608 1.854 0.2027 0.7917
2QH4 1609 1.977 0.2338 0.7917
2QH4 1610 2.052 0.2517 0.7639
2QH4 1611 2.340 0.1596 0.7500
2QH4 1612 1.733 0.2022 0.7778
2QH4 1613 2.129 0.1733 0.7500
2QH4 1614 2.433 0.2253 0.7778
2QH4 1615 2.319 0.2088 0.7361
2QH4 1616 2.358 0.2837 0.7639
2QH4 1617 2.208 0.2337 0.7917
2QH4 1618 2.191 0.1931 0.7500
2QH4 1619 1.922 0.2224 0.8056
2QH4 1620 1.691 0.1813 0.7917
2QH4 1621 1.906 0.1974 0.8194
2QH4 1622 2.483 0.2063 0.7500
2QH4 1623 2.167 0.1892 0.7778
2QH4 1624 1.649 0.2028 0.8194
2QH4 1625 2.198 0.2146 0.7917
2QH4 1626 1.500 0.2291 0.8333
2QH4 1627 2.330 0.1822 0.7639
2QH4 1628 1.906 0.2355 0.8333
2QH4 1629 1.884 0.1890 0.7639
2QH4 1630 2.072 0.1824 0.7500
2QH4 1631 1.832 0.1735 0.7639
2QH4 1632 2.003 0.2335 0.8056
2QH4 1633 1.690 0.2370 0.8333
2QH4 1634 1.926 0.1878 0.7917
2QH4 1635 1.882 0.2400 0.8194
2QH4 1636 1.947 0.1658 0.8056
2QH4 1637 1.904 0.1951 0.8056
2QH4 1638 2.178 0.1754 0.7639
2QH4 1639 2.111 0.1975 0.7500
2QH4 1640 2.010 0.2434 0.7778
2QH4 1641 1.893 0.2285 0.7778
2QH4 1642 1.568 0.2013 0.8194
2QH4 1643 1.462 0.2011 0.8333
2QH4 1644 1.965 0.1850 0.8056
2QH4 1645 1.880 0.2004 0.7917
2QH4 1646 2.294 0.2249 0.7361
2QH4 1647 2.527 0.2089 0.7500
2QH4 1648 2.169 0.1983 0.7500
2QH4 1649 1.894 0.2113 0.7917
2QH4 1650 2.021 0.1881 0.7500
2QH4 1651 1.889 0.1581 0.7500
2QH4 1652 2.086 0.1377 0.7222
2QH4 1653 1.910 0.1935 0.7361
2QH4 1654 2.000 0.1535 0.7500
2QH4 1655 2.336 0.1753 0.7361
2QH4 1656 1.845 0.1697 0.7500
2QH4 1657 2.023 0.2187 0.7778
2QH4 1658 2.290 0.2100 0.7361
2QH4 1659 2.013 0.1722 0.7361
2QH4 1660 1.679 0.2245 0.7917
2QH4 1661 1.906 0.2129 0.7778
2QH4 1662 1.849 0.1790 0.7778
2QH4 1663 2.143 0.1426 0.7500
2QH4 1664 1.895 0.1514 0.7500
2QH4 1665 1.976 0.1479 0.7361
2QH4 1666 2.031 0.1625 0.7361
2QH4 1667 1.570 0.1878 0.8194
2QH4 1668 1.945 0.1642 0.7500
2QH4 1669 2.041 0.1799 0.7500
2QH4 1670 1.889 0.1589 0.7500
2QH4 1671 1.886 0.1845 0.7500
2QH4 1672 1.861 0.1897 0.7500
2QH4 1673 1.779 0.1837 0.7778
2QH4 1674 1.959 0.2106 0.7639
2QH4 1675 2.255 0.1548 0.7778
2QH4 1676 1.803 0.2019 0.7500
2QH4 1677 2.131 0.2025 0.7778
2QH4 1678 2.150 0.1776 0.7639
2QH4 1679 2.148 0.1640 0.7500
2QH4 1680 1.535 0.2144 0.8194
2QH4 1681 1.826 0.1617 0.7639
2QH4 1682 2.082 0.1608 0.7500
2QH4 1683 1.945 0.1790 0.7917
2QH4 1684 1.842 0.2069 0.8194
2QH4 1685 1.806 0.2025 0.7917
2QH4 1686 1.787 0.1729 0.7917
2QH4 1687 1.748 0.1992 0.7778
2QH4 1688 1.758 0.1816 0.7917
2QH4 1689 1.734 0.1874 0.7917
2QH4 1690 2.329 0.2210 0.7222
2QH4 1691 1.861 0.1875 0.7639
2QH4 1692 2.063 0.2152 0.7917
2QH4 1693 2.354 0.1890 0.7361
2QH4 1694 1.940 0.1679 0.7778
2QH4 1695 1.795 0.1988 0.7917
2QH4 1696 2.065 0.2129 0.7361
2QH4 1697 2.012 0.1817 0.7500
2QH4 1698 2.021 0.1646 0.7500
2QH4 1699 2.027 0.1868 0.7917
2QH4 1700 2.016 0.1865 0.7639
2QH4 1701 2.101 0.1796 0.7500
2QH4 1702 2.120 0.1513 0.7361
2QH4 1703 2.227 0.1501 0.7500
2QH4 1704 1.941 0.1916 0.7778
2QH4 1705 2.508 0.1809 0.7222
2QH4 1706 1.978 0.2068 0.7639
2QH4 1707 2.116 0.2394 0.7500
2QH4 1708 1.749 0.3173 0.7917
2QH4 1709 1.806 0.2379 0.8056
2QH4 1710 1.972 0.2028 0.7917
2QH4 1711 1.735 0.1681 0.7639
2QH4 1712 1.876 0.2077 0.7917
2QH4 1713 1.792 0.2811 0.8333
2QH4 1714 2.000 0.1903 0.7917
2QH4 1715 2.038 0.2128 0.7361
2QH4 1716 2.396 0.1557 0.7222
2QH4 1717 1.922 0.1832 0.7639
2QH4 1718 2.171 0.1467 0.7500
2QH4 1719 1.830 0.1939 0.7639
2QH4 1720 2.230 0.2076 0.7500
2QH4 1721 2.021 0.1712 0.7778
2QH4 1722 1.723 0.2192 0.8333
2QH4 1723 1.917 0.1999 0.7778
2QH4 1724 1.876 0.2304 0.8056
2QH4 1725 1.894 0.2066 0.8056
2QH4 1726 2.352 0.2202 0.7500
2QH4 1727 1.988 0.1805 0.7639
2QH4 1728 1.958 0.2316 0.7639
2QH4 1729 2.317 0.1907 0.7361
2QH4 1730 2.094 0.1704 0.7639
2QH4 1731 2.183 0.1257 0.7083
2QH4 1732 2.164 0.1811 0.7500
2QH4 1733 1.958 0.1811 0.7917
2QH4 1734 1.845 0.1511 0.7639
2QH4 1735 2.215 0.1512 0.7361
2QH4 1736 1.977 0.1844 0.7500
2QH4 1737 2.026 0.1788 0.7778
2QH4 1738 1.956 0.2032 0.7778
2QH4 1739 2.122 0.2316 0.7639
2QH4 1740 1.748 0.2486 0.7917
2QH4 1741 2.195 0.1887 0.7222
2QH4 1742 1.985 0.2045 0.7500
2QH4 1743 1.835 0.2275 0.7917
2QH4 1744 1.930 0.2176 0.7778
2QH4 1745 1.926 0.1864 0.7917
2QH4 1746 1.920 0.2306 0.7778
2QH4 1747 1.772 0.2307 0.8194
2QH4 1748 1.930 0.1943 0.8056
2QH4 1749 1.640 0.2116 0.8194
2QH4 1750 2.216 0.2027 0.7778
2QH4 1751 1.887 0.2107 0.7917
2QH4 1752 1.996 0.2047 0.7639
2QH4 1753 2.023 0.2017 0.7917
2QH4 1754 2.012 0.2149 0.7500
2QH4 1755 1.863 0.3131 0.8472
2QH4 1756 1.887 0.2274 0.7917
2QH4 1757 1.854 0.2206 0.8194
2QH4 1758 1.812 0.1909 0.8333
2QH4 1759 2.184 0.1989 0.7917
2QH4 1760 1.855 0.2128 0.7917
2QH4 1761 1.825 0.2250 0.7917
2QH4 1762 1.808 0.1997 0.8056
2QH4 1763 1.908 0.2689 0.7917
2QH4 1764 1.899 0.3076 0.7917
2QH4 1765 2.029 0.1843 0.7778
2QH4 1766 2.290 0.2086 0.7361
2QH4 1767 1.895 0.2447 0.8056
2QH4 1768 1.877 0.2799 0.7917
2QH4 1769 1.801 0.2424 0.8194
2QH4 1770 1.829 0.2209 0.7917
2QH4 1771 1.903 0.2512 0.8056
2QH4 1772 1.760 0.2300 0.8333
2QH4 1773 1.786 0.2166 0.7917
2QH4 1774 1.717 0.2267 0.8194
2QH4 1775 1.754 0.2908 0.8333
2QH4 1776 1.940 0.1836 0.7639
2QH4 1777 1.763 0.2104 0.8333
2QH4 1778 1.633 0.1941 0.8472
2QH4 1779 1.825 0.1766 0.7778
2QH4 1780 1.748 0.1819 0.7917
2QH4 1781 1.700 0.2277 0.8194
2QH4 1782 1.734 0.2320 0.8194
2QH4 1783 1.751 0.2663 0.8194
2QH4 1784 1.914 0.2241 0.8056
2QH4 1785 2.305 0.2539 0.7639
2QH4 1786 1.835 0.2339 0.7917
2QH4 1787 2.132 0.1455 0.7639
2QH4 1788 2.082 0.1657 0.7361
2QH4 1789 1.817 0.2374 0.8056
2QH4 1790 2.006 0.2261 0.8056
2QH4 1791 1.802 0.2294 0.8333
2QH4 1792 1.756 0.1962 0.8333
2QH4 1793 1.714 0.2268 0.8194
2QH4 1794 1.624 0.2884 0.8611
2QH4 1795 1.879 0.2473 0.8333
2QH4 1796 2.006 0.1965 0.7917
2QH4 1797 1.922 0.2150 0.7917
2QH4 1798 2.139 0.1940 0.7778
2QH4 1799 2.001 0.1946 0.7778
2QH4 1800 1.841 0.1726 0.7778
2QH4 1801 1.942 0.2170 0.7917
2QH4 1802 2.131 0.2708 0.7778
2QH4 1803 1.866 0.2515 0.8194
2QH4 1804 1.947 0.2638 0.8194
2QH4 1805 1.976 0.1886 0.7917
2QH4 1806 1.919 0.2355 0.7917
2QH4 1807 2.188 0.1756 0.7222
2QH4 1808 1.910 0.2302 0.7917
2QH4 1809 1.967 0.2208 0.7778
2QH4 1810 1.954 0.2093 0.7917
2QH4 1811 2.138 0.1944 0.7778
2QH4 1812 2.111 0.1713 0.7917
2QH4 1813 2.081 0.2392 0.7917
2QH4 1814 2.643 0.2050 0.7361
2QH4 1815 1.982 0.2140 0.7778
2QH4 1816 2.042 0.1843 0.7778
2QH4 1817 2.429 0.1605 0.7500
2QH4 1818 2.011 0.1924 0.7778
2QH4 1819 1.906 0.2047 0.8194
2QH4 1820 1.857 0.1750 0.7917
2QH4 1821 1.929 0.2562 0.7639
2QH4 1822 1.702 0.2481 0.8194
2QH4 1823 1.799 0.2145 0.8056
2QH4 1824 1.820 0.3045 0.8472
2QH4 1825 1.783 0.2108 0.8056
2QH4 1826 1.879 0.2124 0.8056
2QH4 1827 1.984 0.1815 0.7917
2QH4 1828 2.104 0.2360 0.8056
2QH4 1829 1.915 0.2125 0.8194
2QH4 1830 1.828 0.3074 0.8333
2QH4 1831 1.630 0.2457 0.8472
2QH4 1832 1.783 0.2479 0.8056
2QH4 1833 1.940 0.1902 0.7778
2QH4 1834 1.882 0.2343 0.7917
2QH4 1835 2.245 0.2438 0.7639
2QH4 1836 2.028 0.2255 0.8056
2QH4 1837 1.810 0.2324 0.8056
2QH4 1838 1.677 0.2319 0.8333
2QH4 1839 1.872 0.2245 0.8333
2QH4 1840 1.822 0.2512 0.8194
2QH4 1841 1.970 0.2124 0.8194
2QH4 1842 1.668 0.2470 0.8750
2QH4 1843 1.901 0.1919 0.7917
2QH4 1844 2.054 0.2206 0.7778
2QH4 1845 1.938 0.1810 0.7778
2QH4 1846 1.973 0.1823 0.7917
2QH4 1847 1.886 0.2121 0.8056
2QH4 1848 1.972 0.1889 0.7917
2QH4 1849 2.135 0.1953 0.7917
2QH4 1850 2.002 0.2735 0.8056
2QH4 1851 1.913 0.2373 0.8056
2QH4 1852 1.733 0.2495 0.8333
2QH4 1853 1.899 0.2681 0.8333
2QH4 1854 1.801 0.2128 0.8194
2QH4 1855 1.934 0.2421 0.8056
2QH4 1856 1.901 0.2098 0.7917
2QH4 1857 1.761 0.1993 0.8056
2QH4 1858 2.025 0.2804 0.8056
2QH4 1859 1.789 0.2455 0.8333
2QH4 1860 1.731 0.2391 0.8333
2QH4 1861 1.696 0.2455 0.8472
2QH4 1862 1.785 0.2337 0.8194
2QH4 1863 1.762 0.2253 0.8056
2QH4 1864 1.646 0.1820 0.8472
2QH4 1865 1.770 0.2235 0.8056
2QH4 1866 1.739 0.2397 0.8333
2QH4 1867 2.043 0.1990 0.7778
2QH4 1868 1.885 0.2308 0.7778
2QH4 1869 1.873 0.2078 0.7500
2QH4 1870 1.973 0.2134 0.7917
2QH4 1871 1.835 0.2261 0.7917
2QH4 1872 1.961 0.2386 0.7778
2QH4 1873 1.509 0.2108 0.8333
2QH4 1874 1.669 0.2493 0.8333
2QH4 1875 1.852 0.2531 0.7917
2QH4 1876 1.761 0.2415 0.8056
2QH4 1877 1.571 0.2704 0.8333
2QH4 1878 1.681 0.2418 0.8056
2QH4 1879 1.728 0.2145 0.8194
2QH4 1880 1.943 0.2525 0.7917
2QH4 1881 1.939 0.2050 0.7639
2QH4 1882 1.922 0.1817 0.7639
2QH4 1883 2.063 0.1876 0.7361
2QH4 1884 1.834 0.2133 0.8194
2QH4 1885 1.874 0.2273 0.7917
2QH4 1886 1.776 0.2174 0.7778
2QH4 1887 1.819 0.2395 0.8194
2QH4 1888 1.773 0.1968 0.8194
2QH4 1889 1.969 0.2211 0.7917
2QH4 1890 1.732 0.2443 0.8194
2QH4 1891 2.361 0.1733 0.7222
2QH4 1892 2.124 0.2102 0.8056
2QH4 1893 1.953 0.1882 0.8056
2QH4 1894 1.901 0.1897 0.8056
2QH4 1895 1.821 0.2310 0.7917
2QH4 1896 1.746 0.2013 0.7917
2QH4 1897 1.717 0.1929 0.8194
2QH4 1898 1.838 0.1708 0.8056
2QH4 1899 1.888 0.1978 0.8194
2QH4 1900 2.159 0.2239 0.7500
2QH4 1901 1.640 0.2418 0.8472
2QH4 1902 2.092 0.1706 0.7500
2QH4 1903 2.220 0.2077 0.8056
2QH4 1904 1.797 0.1781 0.8056
2QH4 1905 1.979 0.2235 0.7917
2QH4 1906 1.868 0.2038 0.8056
2QH4 1907 1.814 0.1926 0.8333
2QH4 1908 1.863 0.1465 0.7639
2QH4 1909 2.055 0.1978 0.7917
2QH4 1910 1.835 0.1751 0.7778
2QH4 1911 2.057 0.2230 0.7778
2QH4 1912 1.843 0.2222 0.8194
2QH4 1913 2.204 0.1893 0.7361
2QH4 1914 1.844 0.1837 0.8194
2QH4 1915 1.820 0.2348 0.8194
2QH4 1916 1.930 0.2910 0.8333
2QH4 1917 1.809 0.2576 0.8194
2QH4 1918 1.703 0.2635 0.8333
2QH4 1919 1.949 0.1993 0.8056
2QH4 1920 1.938 0.2376 0.7917
2QH4 1921 1.761 0.2329 0.8056
2QH4 1922 1.876 0.2550 0.8056
2QH4 1923 2.149 0.2005 0.7917
2QH4 1924 1.955 0.2896 0.8194
2QH4 1925 1.883 0.2007 0.7917
2QH4 1926 1.765 0.2037 0.8194
2QH4 1927 1.753 0.2403 0.8194
2QH4 1928 1.885 0.2021 0.7778
2QH4 1929 1.804 0.2057 0.8194
2QH4 1930 1.592 0.2307 0.8333
2QH4 1931 1.776 0.2514 0.8194
2QH4 1932 1.875 0.2826 0.8056
2QH4 1933 1.958 0.2239 0.8056
2QH4 1934 1.761 0.2446 0.8194
2QH4 1935 1.935 0.2662 0.8056
2QH4 1936 1.970 0.2741 0.7778
2QH4 1937 2.207 0.2460 0.7917
2QH4 1938 1.995 0.2130 0.7639
2QH4 1939 1.887 0.2089 0.8194
2QH4 1940 1.979 0.2040 0.7639
2QH4 1941 2.122 0.1784 0.7917
2QH4 1942 1.881 0.2508 0.8056
2QH4 1943 2.017 0.2092 0.7639
2QH4 1944 2.123 0.2360 0.7778
2QH4 1945 1.936 0.2013 0.7778
2QH4 1946 1.904 0.1884 0.7917
2QH4 1947 2.070 0.1765 0.7500
2QH4 1948 1.915 0.1931 0.7917
2QH4 1949 1.770 0.1914 0.8333
2QH4 1950 1.850 0.1897 0.8056
2QH4 1951 1.805 0.2400 0.8333
2QH4 1952 1.780 0.2589 0.8333
2QH4 1953 1.888 0.2211 0.8194
2QH4 1954 1.874 0.2534 0.8056
2QH4 1955 1.810 0.2312 0.8194
2QH4 1956 1.830 0.2137 0.7917
2QH4 1957 1.591 0.2293 0.8472
2QH4 1958 1.801 0.2256 0.8472
2QH4 1959 1.713 0.3095 0.8333
2QH4 1960 2.024 0.2264 0.8333
2QH4 1961 1.695 0.2249 0.8194
2QH4 1962 1.921 0.2662 0.7917
2QH4 1963 1.935 0.2470 0.7917
2QH4 1964 1.821 0.2753 0.8194
2QH4 1965 1.794 0.2034 0.7917
2QH4 1966 1.813 0.2417 0.8194
2QH4 1967 1.853 0.2572 0.8056
2QH4 1968 2.106 0.2605 0.7917
2QH4 1969 1.899 0.2078 0.7917
2QH4 1970 1.912 0.2116 0.7917
2QH4 1971 1.761 0.3207 0.8056
2QH4 1972 1.978 0.2689 0.8056
2QH4 1973 1.906 0.2264 0.7917
2QH4 1974 2.193 0.2020 0.7639
2QH4 1975 1.938 0.1992 0.7778
2QH4 1976 2.008 0.2511 0.8056
2QH4 1977 1.856 0.2550 0.7917
2QH4 1978 1.673 0.2221 0.8194
2QH4 1979 2.052 0.1556 0.7778
2QH4 1980 2.212 0.1860 0.7500
2QH4 1981 2.051 0.1798 0.7917
2QH4 1982 2.097 0.1703 0.7500
2QH4 1983 1.773 0.1664 0.8194
2QH4 1984 1.955 0.1901 0.7778
2QH4 1985 1.938 0.1714 0.7917
2QH4 1986 1.903 0.2048 0.7778
2QH4 1987 1.523 0.2524 0.8472
2QH4 1988 1.797 0.2306 0.8333
2QH4 1989 1.731 0.2668 0.8194
2QH4 1990 1.692 0.2125 0.8194
2QH4 1991 1.761 0.2329 0.8056
2QH4 1992 1.881 0.1810 0.7917
2QH4 1993 1.809 0.2250 0.7917
2QH4 1994 1.820 0.2085 0.8194
2QH4 1995 1.741 0.1851 0.8056
2QH4 1996 1.784 0.2519 0.8472
2QH4 1997 1.584 0.2176 0.8194
2QH4 1998 1.761 0.2026 0.8056
2QH4 1999 1.921 0.2416 0.8056
2QH4 2000 1.689 0.2124 0.8056
2QH4 2001 1.900 0.2019 0.7778
2QH4 2002 1.814 0.1950 0.7778
2QH4 2003 1.993 0.2094 0.7639
2QH4 2004 1.994 0.2147 0.7639
2QH4 2005 2.063 0.1472 0.7639
2QH4 2006 2.116 0.1857 0.7639
2QH4 2007 1.699 0.2801 0.8333
2QH4 2008 1.877 0.2409 0.8333
2QH4 2009 1.471 0.2690 0.8750
2QH4 2010 2.011 0.2031 0.8194
2QH4 2011 1.760 0.2362 0.8194
2QH4 2012 1.967 0.2161 0.8194
2QH4 2013 1.881 0.2338 0.7778
2QH4 2014 1.809 0.1928 0.8056
2QH4 2015 1.439 0.2395 0.8611
2QH4 2016 1.474 0.2252 0.8472
2QH4 2017 1.719 0.2631 0.8333
2QH4 2018 1.916 0.2602 0.8056
2QH4 2019 1.837 0.2396 0.8194
2QH4 2020 1.949 0.2466 0.8194
2QH4 2021 1.939 0.2082 0.8056
2QH4 2022 1.936 0.2739 0.8194
2QH4 2023 1.950 0.2473 0.8056
2QH4 2024 1.956 0.2978 0.8194
2QH4 2025 1.928 0.2108 0.8056
2QH4 2026 2.031 0.2080 0.7778
2QH4 2027 1.898 0.2211 0.8194
2QH4 2028 1.953 0.2211 0.7778
2QH4 2029 1.943 0.2283 0.8194
2QH4 2030 1.741 0.2095 0.8056
2QH4 2031 2.005 0.2946 0.8194
2QH4 2032 2.032 0.1957 0.7778
2QH4 2033 1.779 0.2119 0.8056
2QH4 2034 2.052 0.2337 0.7778
2QH4 2035 1.562 0.2416 0.8472
2QH4 2036 1.827 0.2786 0.8333
2QH4 2037 1.850 0.2263 0.7917
2QH4 2038 1.830 0.2575 0.8056
2QH4 2039 2.011 0.2635 0.8333
2QH4 2040 1.913 0.2180 0.8056
2QH4 2041 1.783 0.2654 0.8056
2QH4 2042 2.239 0.1545 0.7361
2QH4 2043 1.867 0.2171 0.7917
2QH4 2044 1.949 0.1657 0.7778
2QH4 2045 2.147 0.2062 0.7778
2QH4 2046 1.894 0.1830 0.7917
2QH4 2047 1.920 0.2528 0.7917
2QH4 2048 1.845 0.2056 0.8194
2QH4 2049 1.996 0.2278 0.7917
2QH4 2050 2.035 0.2036 0.7778
2QH4 2051 2.157 0.2337 0.7917
2QH4 2052 1.910 0.2258 0.7778
2QH4 2053 2.008 0.2092 0.7778
2QH4 2054 2.124 0.2491 0.7639
2QH4 2055 2.257 0.1924 0.7361
2QH4 2056 2.063 0.1842 0.7639
2QH4 2057 1.825 0.2150 0.8056
2QH4 2058 1.937 0.1942 0.7917
2QH4 2059 1.988 0.1691 0.7639
2QH4 2060 1.926 0.1812 0.7778
2QH4 2061 1.957 0.2287 0.7778
2QH4 2062 1.876 0.1632 0.7917
2QH4 2063 1.906 0.2126 0.7778
2QH4 2064 1.724 0.2278 0.8194
2QH4 2065 1.876 0.2089 0.7917
2QH4 2066 1.838 0.2339 0.8194
2QH4 2067 2.024 0.1938 0.7639
2QH4 2068 2.055 0.2629 0.7917
2QH4 2069 1.703 0.2970 0.8333
2QH4 2070 2.074 0.1792 0.7639
2QH4 2071 1.816 0.2257 0.8333
2QH4 2072 1.948 0.2361 0.7917
