2N6S 1 0.000 1.0000 1.0000
2N6S 2 1.009 0.7833 0.9444
2N6S 3 1.364 0.7557 0.9236
2N6S 4 0.983 0.7742 0.9167
2N6S 5 0.952 0.8071 0.9514
2N6S 6 1.086 0.7505 0.9306
2N6S 7 0.860 0.8362 0.9792
2N6S 8 1.317 0.7589 0.9028
2N6S 9 0.800 0.8254 0.9653
2N6S 10 0.923 0.7691 0.9444
2N6S 11 12.983 0.0979 0.1875
2N6S 12 10.602 0.1885 0.3125
2N6S 13 12.966 0.2803 0.4375
2N6S 14 11.036 0.2279 0.3264
2N6S 15 11.858 0.2536 0.4236
2N6S 16 10.254 0.2041 0.3403
2N6S 17 8.609 0.2114 0.4097
2N6S 18 11.984 0.2634 0.3611
2N6S 19 13.384 0.1495 0.3056
2N6S 20 12.262 0.1967 0.3333
2N6S 21 12.090 0.1504 0.2639
2N6S 22 14.342 0.1527 0.2847
2N6S 23 12.263 0.2185 0.3611
2N6S 24 11.915 0.2665 0.3889
2N6S 25 13.729 0.2282 0.3125
2N6S 26 9.262 0.3160 0.4931
2N6S 27 7.010 0.3035 0.4931
2N6S 28 8.113 0.3369 0.4792
2N6S 29 17.162 0.2460 0.4375
2N6S 30 11.972 0.3194 0.4653
2N6S 31 11.558 0.2796 0.4792
2N6S 32 13.198 0.2239 0.3333
2N6S 33 10.004 0.2512 0.4236
2N6S 34 8.170 0.2687 0.4236
2N6S 35 9.210 0.2873 0.4167
2N6S 36 6.307 0.2664 0.4444
2N6S 37 9.388 0.2917 0.4931
2N6S 38 10.723 0.3241 0.4931
2N6S 39 9.287 0.3486 0.4931
2N6S 40 3.831 0.4198 0.6736
2N6S 41 6.585 0.3110 0.5139
2N6S 42 4.492 0.3037 0.5556
2N6S 43 5.855 0.2779 0.4931
2N6S 44 6.541 0.2816 0.4861
2N6S 45 3.600 0.3557 0.6250
2N6S 46 5.193 0.3432 0.6042
2N6S 47 5.867 0.3119 0.5972
2N6S 48 5.274 0.3714 0.6389
2N6S 49 5.340 0.3788 0.6181
2N6S 50 4.216 0.3599 0.6389
2N6S 51 16.978 0.1176 0.1875
2N6S 52 12.570 0.1338 0.2153
2N6S 53 11.988 0.2030 0.3194
2N6S 54 12.178 0.1360 0.2222
2N6S 55 17.346 0.1843 0.3194
2N6S 56 9.736 0.3067 0.4653
2N6S 57 7.275 0.3416 0.5208
2N6S 58 14.053 0.1477 0.2292
2N6S 59 14.504 0.1586 0.2639
2N6S 60 15.295 0.2133 0.3056
2N6S 61 6.097 0.3062 0.5139
2N6S 62 10.726 0.2992 0.4306
2N6S 63 11.795 0.1760 0.2708
2N6S 64 13.010 0.2521 0.4097
2N6S 65 6.153 0.2718 0.4792
2N6S 66 10.172 0.2021 0.3264
2N6S 67 6.122 0.3083 0.5625
2N6S 68 10.921 0.2134 0.3611
2N6S 69 3.972 0.3523 0.6250
2N6S 70 6.238 0.2548 0.4792
2N6S 71 7.258 0.3535 0.5278
2N6S 72 5.182 0.2980 0.5833
2N6S 73 5.008 0.3158 0.5486
2N6S 74 7.964 0.3411 0.5208
2N6S 75 4.023 0.2838 0.5625
2N6S 76 5.900 0.3836 0.6111
2N6S 77 11.193 0.2383 0.3611
2N6S 78 14.085 0.2799 0.4028
2N6S 79 7.096 0.3245 0.5208
2N6S 80 4.970 0.3434 0.6042
2N6S 81 3.728 0.3842 0.6528
2N6S 82 4.211 0.3635 0.6319
2N6S 83 3.881 0.3410 0.6319
2N6S 84 3.221 0.3816 0.6528
2N6S 85 9.105 0.3101 0.5486
2N6S 86 4.836 0.3968 0.6042
2N6S 87 3.583 0.3751 0.6111
2N6S 88 5.604 0.3402 0.5972
2N6S 89 4.593 0.3528 0.6042
2N6S 90 4.316 0.4029 0.6181
2N6S 91 13.056 0.1239 0.2014
2N6S 92 11.751 0.1542 0.2569
2N6S 93 10.345 0.2521 0.4236
2N6S 94 5.278 0.3191 0.5625
2N6S 95 12.524 0.1263 0.2222
2N6S 96 13.271 0.1033 0.2222
2N6S 97 11.841 0.1525 0.2708
2N6S 98 5.764 0.2781 0.5208
2N6S 99 9.229 0.1915 0.3542
2N6S 100 11.897 0.1629 0.2847
2N6S 101 7.238 0.2937 0.4792
2N6S 102 11.847 0.3028 0.4236
2N6S 103 10.363 0.3323 0.4722
2N6S 104 12.163 0.2988 0.4167
2N6S 105 13.148 0.2567 0.4028
2N6S 106 6.362 0.2948 0.5347
2N6S 107 14.094 0.1992 0.3472
2N6S 108 6.358 0.3004 0.5208
2N6S 109 10.376 0.2866 0.4028
2N6S 110 17.777 0.2019 0.3056
2N6S 111 9.489 0.1820 0.3403
2N6S 112 13.101 0.2562 0.3750
2N6S 113 9.665 0.3558 0.5347
2N6S 114 10.083 0.2552 0.3958
2N6S 115 8.070 0.2923 0.4583
2N6S 116 11.573 0.2946 0.4097
2N6S 117 6.275 0.2635 0.4931
2N6S 118 7.573 0.3058 0.4792
2N6S 119 7.359 0.3371 0.5486
2N6S 120 10.412 0.2714 0.3819
2N6S 121 10.042 0.3686 0.5625
2N6S 122 10.395 0.3342 0.4722
2N6S 123 8.118 0.2748 0.5000
2N6S 124 6.716 0.3439 0.5903
2N6S 125 4.184 0.3414 0.6111
2N6S 126 5.826 0.3475 0.6042
2N6S 127 4.339 0.3537 0.6042
2N6S 128 3.279 0.3749 0.6319
2N6S 129 4.503 0.3305 0.5972
2N6S 130 3.823 0.4549 0.7014
2N6S 131 14.937 0.1638 0.2569
2N6S 132 9.971 0.1895 0.3194
2N6S 133 9.973 0.2571 0.3958
2N6S 134 7.699 0.2760 0.4167
2N6S 135 13.419 0.2770 0.3958
2N6S 136 11.505 0.2769 0.4028
2N6S 137 11.889 0.2278 0.3056
2N6S 138 11.526 0.2065 0.3125
2N6S 139 18.092 0.1518 0.3125
2N6S 140 11.077 0.2957 0.4375
2N6S 141 14.659 0.2462 0.3542
2N6S 142 7.778 0.3623 0.5208
2N6S 143 11.589 0.1671 0.3125
2N6S 144 9.007 0.2392 0.3611
2N6S 145 11.128 0.2067 0.3125
2N6S 146 11.766 0.1841 0.3472
2N6S 147 7.624 0.3567 0.5278
2N6S 148 7.240 0.3203 0.5069
2N6S 149 15.406 0.2439 0.3472
2N6S 150 7.682 0.2301 0.4028
2N6S 151 13.809 0.1555 0.2569
2N6S 152 10.188 0.3387 0.4861
2N6S 153 7.423 0.3697 0.5069
2N6S 154 14.351 0.3053 0.4097
2N6S 155 8.411 0.3371 0.4722
2N6S 156 9.838 0.2589 0.4097
2N6S 157 7.306 0.4141 0.5694
2N6S 158 9.664 0.3214 0.4792
2N6S 159 11.699 0.2472 0.4514
2N6S 160 7.282 0.2864 0.5000
2N6S 161 13.508 0.2665 0.3819
2N6S 162 9.324 0.3321 0.5417
2N6S 163 5.973 0.3533 0.5694
2N6S 164 9.535 0.3584 0.5694
2N6S 165 6.855 0.3181 0.5278
2N6S 166 6.454 0.3132 0.5139
2N6S 167 4.583 0.3490 0.6111
2N6S 168 4.511 0.3456 0.6042
2N6S 169 6.299 0.3424 0.5903
2N6S 170 8.045 0.3602 0.5417
2N6S 171 12.209 0.1247 0.2153
2N6S 172 14.181 0.1877 0.2917
2N6S 173 10.827 0.1107 0.2292
2N6S 174 10.432 0.1446 0.2500
2N6S 175 3.493 0.3870 0.6528
2N6S 176 6.273 0.3740 0.5833
2N6S 177 9.358 0.2639 0.4028
2N6S 178 12.609 0.1481 0.2431
2N6S 179 8.647 0.2641 0.4444
2N6S 180 9.006 0.2753 0.4306
2N6S 181 12.066 0.1483 0.2639
2N6S 182 12.950 0.2039 0.3264
2N6S 183 11.141 0.2238 0.3403
2N6S 184 10.081 0.1813 0.3056
2N6S 185 11.344 0.2267 0.3750
2N6S 186 18.214 0.2596 0.3819
2N6S 187 11.086 0.2371 0.3611
2N6S 188 12.776 0.1747 0.2569
2N6S 189 10.105 0.2124 0.3542
2N6S 190 4.830 0.3189 0.5972
2N6S 191 9.866 0.1923 0.3333
2N6S 192 14.230 0.2263 0.3472
2N6S 193 10.240 0.2134 0.4028
2N6S 194 14.023 0.2137 0.2778
2N6S 195 12.812 0.2123 0.3056
2N6S 196 11.555 0.3028 0.4306
2N6S 197 7.787 0.3234 0.5833
2N6S 198 7.408 0.2855 0.4861
2N6S 199 15.178 0.2441 0.3681
2N6S 200 6.352 0.2046 0.4375
2N6S 201 3.829 0.3683 0.6528
2N6S 202 2.963 0.3618 0.6528
2N6S 203 5.174 0.3051 0.5417
2N6S 204 5.528 0.3784 0.6319
2N6S 205 3.395 0.4386 0.6736
2N6S 206 3.274 0.4215 0.6736
2N6S 207 5.633 0.3997 0.6181
2N6S 208 4.328 0.3531 0.6111
2N6S 209 4.977 0.3491 0.6181
2N6S 210 3.945 0.3806 0.6528
2N6S 211 12.912 0.1899 0.3333
2N6S 212 13.437 0.1979 0.3472
2N6S 213 12.894 0.2647 0.3819
2N6S 214 14.564 0.2089 0.3264
2N6S 215 11.826 0.1175 0.2292
2N6S 216 14.757 0.1307 0.2639
2N6S 217 11.168 0.1992 0.2986
2N6S 218 10.627 0.2312 0.3958
2N6S 219 9.489 0.2219 0.3611
2N6S 220 12.543 0.3578 0.5000
2N6S 221 14.328 0.1499 0.2569
2N6S 222 7.243 0.3460 0.5278
2N6S 223 6.894 0.3098 0.4931
2N6S 224 9.292 0.2312 0.3750
2N6S 225 10.943 0.2000 0.3681
2N6S 226 11.490 0.2493 0.3819
2N6S 227 11.415 0.3108 0.4514
2N6S 228 11.962 0.1964 0.2917
2N6S 229 17.769 0.1476 0.2639
2N6S 230 7.524 0.2058 0.4236
2N6S 231 8.130 0.3282 0.4722
2N6S 232 8.146 0.3354 0.5208
2N6S 233 8.498 0.2793 0.4514
2N6S 234 6.686 0.3122 0.4861
2N6S 235 8.233 0.2659 0.4028
2N6S 236 7.405 0.3519 0.5486
2N6S 237 11.030 0.2878 0.4444
2N6S 238 6.420 0.3405 0.5486
2N6S 239 8.092 0.3526 0.5625
2N6S 240 9.080 0.2798 0.4583
2N6S 241 7.961 0.3535 0.6042
2N6S 242 5.847 0.3294 0.5625
2N6S 243 5.647 0.3590 0.5694
2N6S 244 5.945 0.3282 0.5139
2N6S 245 6.964 0.2977 0.5486
2N6S 246 5.700 0.3704 0.5903
2N6S 247 3.956 0.3795 0.6528
2N6S 248 3.702 0.3508 0.6181
2N6S 249 4.222 0.4408 0.6944
2N6S 250 3.514 0.3915 0.6528
2N6S 251 13.504 0.1186 0.1736
2N6S 252 16.555 0.1266 0.1806
2N6S 253 11.319 0.1713 0.2917
2N6S 254 10.582 0.1162 0.2222
2N6S 255 6.657 0.2583 0.4861
2N6S 256 13.072 0.1884 0.2847
2N6S 257 7.906 0.2593 0.4306
2N6S 258 9.494 0.1430 0.3194
2N6S 259 10.213 0.2756 0.3889
2N6S 260 13.778 0.1806 0.3056
2N6S 261 6.381 0.3433 0.5208
2N6S 262 15.034 0.1883 0.2917
2N6S 263 10.407 0.2993 0.4375
2N6S 264 4.631 0.3877 0.6111
2N6S 265 12.194 0.1567 0.2569
2N6S 266 5.144 0.3313 0.5833
2N6S 267 11.191 0.3252 0.4583
2N6S 268 7.509 0.3556 0.5556
2N6S 269 5.715 0.3211 0.5625
2N6S 270 10.907 0.3035 0.4722
2N6S 271 9.930 0.2774 0.4167
2N6S 272 8.110 0.2727 0.4444
2N6S 273 3.102 0.4916 0.7292
2N6S 274 4.583 0.3593 0.6042
2N6S 275 10.087 0.3233 0.5069
2N6S 276 12.118 0.3417 0.5069
2N6S 277 7.885 0.3304 0.5208
2N6S 278 10.577 0.2936 0.4583
2N6S 279 4.456 0.3431 0.5903
2N6S 280 8.332 0.2689 0.4444
2N6S 281 5.452 0.3053 0.5278
2N6S 282 6.291 0.3491 0.5694
2N6S 283 4.704 0.3385 0.5833
2N6S 284 6.583 0.3886 0.5972
2N6S 285 4.908 0.3889 0.6111
2N6S 286 4.577 0.3195 0.5625
2N6S 287 7.667 0.4418 0.6181
2N6S 288 5.422 0.3349 0.5625
2N6S 289 4.121 0.3249 0.6111
2N6S 290 3.630 0.4173 0.6667
2N6S 291 14.191 0.0871 0.1667
2N6S 292 13.139 0.0864 0.1736
2N6S 293 12.437 0.1232 0.2153
2N6S 294 10.047 0.1725 0.2778
2N6S 295 8.117 0.2875 0.4444
2N6S 296 11.418 0.1192 0.2222
2N6S 297 11.344 0.2262 0.3333
2N6S 298 7.692 0.3723 0.5972
2N6S 299 13.335 0.2014 0.3264
2N6S 300 14.350 0.2981 0.4167
2N6S 301 9.587 0.2154 0.3611
2N6S 302 8.677 0.3257 0.4722
2N6S 303 8.706 0.2759 0.4792
2N6S 304 12.199 0.2657 0.3750
2N6S 305 6.568 0.3754 0.5347
2N6S 306 14.331 0.1938 0.2986
2N6S 307 8.235 0.2122 0.3958
2N6S 308 7.913 0.2914 0.4583
2N6S 309 6.376 0.2902 0.4931
2N6S 310 11.895 0.3805 0.5139
2N6S 311 16.988 0.2735 0.3958
2N6S 312 14.960 0.2602 0.3958
2N6S 313 9.623 0.3044 0.4653
2N6S 314 8.265 0.3525 0.5069
2N6S 315 5.918 0.2608 0.4931
2N6S 316 8.442 0.3245 0.5764
2N6S 317 4.955 0.3570 0.6042
2N6S 318 6.130 0.2808 0.4722
2N6S 319 5.046 0.4042 0.6319
2N6S 320 6.443 0.2990 0.4792
2N6S 321 6.393 0.3062 0.5625
2N6S 322 7.425 0.4190 0.6111
2N6S 323 5.591 0.3601 0.5833
2N6S 324 5.345 0.3206 0.5764
2N6S 325 5.216 0.3343 0.5833
2N6S 326 4.212 0.3532 0.6181
2N6S 327 4.859 0.3064 0.5903
2N6S 328 5.072 0.3159 0.5625
2N6S 329 3.862 0.4358 0.6736
2N6S 330 6.699 0.3017 0.5069
2N6S 331 14.533 0.1146 0.2222
2N6S 332 14.639 0.1434 0.2500
2N6S 333 15.179 0.2405 0.3542
2N6S 334 11.869 0.2833 0.3889
2N6S 335 13.127 0.1388 0.2153
2N6S 336 12.750 0.2427 0.4167
2N6S 337 11.894 0.3121 0.5208
2N6S 338 8.382 0.2773 0.4792
2N6S 339 5.987 0.2984 0.5000
2N6S 340 9.779 0.2742 0.4236
2N6S 341 6.911 0.2965 0.4792
2N6S 342 7.245 0.3369 0.5417
2N6S 343 12.799 0.3070 0.4792
2N6S 344 10.595 0.2748 0.3750
2N6S 345 12.238 0.2163 0.3333
2N6S 346 13.716 0.1882 0.2917
2N6S 347 14.764 0.1781 0.3056
2N6S 348 8.664 0.2253 0.4097
2N6S 349 10.511 0.3056 0.4514
2N6S 350 7.889 0.3482 0.5556
2N6S 351 5.787 0.3241 0.5139
2N6S 352 6.121 0.2819 0.5000
2N6S 353 15.194 0.3036 0.4375
2N6S 354 7.639 0.3260 0.5625
2N6S 355 6.981 0.2998 0.4931
2N6S 356 2.840 0.4401 0.7153
2N6S 357 4.389 0.3519 0.6250
2N6S 358 11.752 0.2360 0.3750
2N6S 359 13.848 0.2090 0.3333
2N6S 360 7.142 0.3176 0.5347
2N6S 361 6.013 0.3660 0.6389
2N6S 362 14.155 0.2611 0.4097
2N6S 363 3.059 0.4379 0.7153
2N6S 364 13.461 0.2352 0.3611
2N6S 365 15.243 0.3550 0.4931
2N6S 366 7.192 0.4174 0.5972
2N6S 367 5.166 0.3157 0.5278
2N6S 368 3.768 0.3378 0.6181
2N6S 369 4.715 0.3684 0.5764
2N6S 370 6.424 0.2855 0.5069
2N6S 371 14.244 0.1205 0.2014
2N6S 372 14.186 0.1819 0.3194
2N6S 373 12.868 0.1201 0.2569
2N6S 374 13.984 0.1507 0.2708
2N6S 375 7.652 0.3057 0.5486
2N6S 376 13.573 0.2346 0.3750
2N6S 377 9.410 0.3000 0.4583
2N6S 378 15.555 0.2368 0.3403
2N6S 379 7.379 0.3672 0.5486
2N6S 380 13.568 0.1589 0.2708
2N6S 381 8.811 0.2735 0.4722
2N6S 382 9.828 0.2688 0.4097
2N6S 383 14.677 0.3022 0.4444
2N6S 384 13.882 0.2447 0.3611
2N6S 385 3.738 0.4066 0.6667
2N6S 386 8.713 0.2709 0.4653
2N6S 387 9.091 0.2978 0.4931
2N6S 388 17.840 0.2137 0.3542
2N6S 389 9.838 0.2907 0.4167
2N6S 390 9.015 0.3184 0.5278
2N6S 391 10.793 0.3174 0.5208
2N6S 392 5.911 0.3816 0.6042
2N6S 393 7.167 0.2746 0.4861
2N6S 394 11.105 0.2896 0.4583
2N6S 395 5.924 0.3038 0.5000
2N6S 396 7.487 0.3235 0.5347
2N6S 397 3.235 0.3453 0.6319
2N6S 398 6.444 0.3266 0.5556
2N6S 399 2.556 0.5191 0.7292
2N6S 400 8.586 0.3088 0.4583
2N6S 401 5.783 0.2911 0.5625
2N6S 402 5.640 0.3081 0.5417
2N6S 403 4.948 0.3500 0.6042
2N6S 404 6.059 0.3138 0.5486
2N6S 405 2.999 0.4046 0.6528
2N6S 406 4.366 0.5285 0.7083
2N6S 407 2.986 0.3966 0.6875
2N6S 408 4.179 0.3848 0.6458
2N6S 409 6.840 0.3190 0.4931
2N6S 410 4.998 0.3959 0.6389
2N6S 411 1.139 0.7145 0.8889
2N6S 412 1.852 0.5288 0.8125
2N6S 413 2.341 0.4620 0.7361
2N6S 414 2.106 0.4871 0.7639
2N6S 415 1.995 0.5094 0.7847
2N6S 416 2.125 0.4912 0.7778
2N6S 417 2.197 0.4896 0.7708
2N6S 418 2.178 0.4941 0.7778
2N6S 419 2.217 0.4845 0.7639
2N6S 420 2.137 0.4935 0.7639
2N6S 421 2.209 0.4877 0.7639
2N6S 422 2.207 0.4873 0.7708
2N6S 423 2.193 0.4891 0.7639
2N6S 424 2.206 0.4861 0.7708
2N6S 425 2.175 0.4900 0.7639
2N6S 426 2.185 0.4892 0.7639
2N6S 427 2.174 0.4906 0.7639
2N6S 428 2.201 0.4905 0.7708
2N6S 429 2.185 0.4897 0.7639
2N6S 430 2.173 0.4912 0.7639
2N6S 431 2.164 0.4923 0.7708
2N6S 432 2.211 0.4897 0.7708
2N6S 433 2.205 0.4899 0.7708
2N6S 434 2.191 0.4904 0.7708
2N6S 435 2.204 0.4876 0.7708
2N6S 436 2.198 0.4883 0.7708
2N6S 437 2.212 0.4870 0.7708
2N6S 438 2.218 0.4855 0.7639
2N6S 439 2.192 0.4906 0.7708
2N6S 440 2.162 0.4934 0.7708
2N6S 441 2.216 0.4879 0.7639
2N6S 442 2.177 0.4882 0.7778
2N6S 443 2.146 0.4921 0.7847
2N6S 444 2.221 0.4848 0.7708
2N6S 445 2.212 0.4875 0.7708
2N6S 446 2.223 0.4880 0.7708
2N6S 447 2.219 0.4834 0.7639
2N6S 448 2.174 0.4919 0.7708
2N6S 449 2.172 0.4906 0.7778
2N6S 450 2.135 0.4926 0.7708
2N6S 451 2.082 0.4994 0.7778
2N6S 452 2.123 0.5006 0.7847
2N6S 453 2.158 0.4912 0.7708
2N6S 454 2.142 0.4997 0.7708
2N6S 455 2.194 0.4907 0.7639
2N6S 456 2.144 0.4974 0.7708
2N6S 457 2.086 0.5040 0.7847
2N6S 458 2.121 0.5000 0.7847
2N6S 459 2.150 0.4924 0.7778
2N6S 460 2.220 0.4897 0.7708
2N6S 461 2.121 0.4968 0.7708
2N6S 462 2.097 0.5091 0.7778
2N6S 463 2.118 0.5077 0.7708
2N6S 464 2.105 0.4937 0.7708
2N6S 465 2.052 0.5027 0.7778
2N6S 466 2.104 0.5050 0.7847
2N6S 467 2.158 0.5032 0.7778
2N6S 468 2.122 0.5039 0.7847
2N6S 469 2.047 0.5121 0.7917
2N6S 470 2.093 0.5059 0.7917
2N6S 471 2.067 0.5106 0.7986
2N6S 472 1.989 0.5073 0.7917
2N6S 473 2.056 0.5009 0.7847
2N6S 474 2.088 0.5002 0.7847
2N6S 475 2.097 0.5071 0.7917
2N6S 476 2.118 0.5105 0.7847
2N6S 477 2.041 0.5229 0.7917
2N6S 478 2.076 0.5199 0.7917
2N6S 479 2.025 0.5178 0.7917
2N6S 480 2.076 0.5020 0.7917
2N6S 481 2.135 0.5091 0.7778
2N6S 482 2.103 0.5030 0.7778
2N6S 483 2.056 0.5136 0.7917
2N6S 484 2.049 0.5173 0.7917
2N6S 485 2.036 0.5145 0.7847
2N6S 486 2.075 0.5104 0.7986
2N6S 487 2.088 0.5067 0.7917
2N6S 488 2.132 0.4916 0.7708
2N6S 489 2.019 0.5146 0.7917
2N6S 490 1.961 0.5240 0.7917
2N6S 491 2.040 0.5058 0.7778
2N6S 492 2.112 0.4953 0.7778
2N6S 493 2.067 0.5000 0.7917
2N6S 494 2.083 0.4990 0.7778
2N6S 495 2.095 0.4986 0.7778
2N6S 496 2.058 0.5072 0.7778
2N6S 497 2.094 0.5141 0.7847
2N6S 498 2.037 0.5223 0.7847
2N6S 499 2.076 0.5133 0.7778
2N6S 500 2.031 0.4988 0.7778
2N6S 501 2.013 0.5215 0.7917
2N6S 502 1.998 0.5235 0.7917
2N6S 503 2.017 0.5171 0.7917
2N6S 504 2.068 0.5097 0.7778
2N6S 505 2.067 0.5097 0.7778
2N6S 506 2.117 0.4965 0.7778
2N6S 507 2.030 0.5095 0.7778
2N6S 508 2.090 0.5083 0.7778
2N6S 509 2.111 0.4932 0.7917
2N6S 510 1.969 0.5186 0.7917
2N6S 511 2.026 0.5065 0.7778
2N6S 512 2.077 0.5002 0.7847
2N6S 513 2.034 0.5162 0.7778
2N6S 514 2.062 0.5103 0.7917
2N6S 515 2.150 0.5106 0.7847
2N6S 516 2.124 0.5171 0.7847
2N6S 517 2.002 0.5291 0.7917
2N6S 518 2.019 0.5252 0.7847
2N6S 519 2.025 0.5309 0.7778
2N6S 520 2.048 0.5142 0.7917
2N6S 521 2.116 0.5101 0.7778
2N6S 522 2.001 0.5249 0.7986
2N6S 523 2.013 0.5171 0.7847
2N6S 524 2.166 0.4916 0.7708
2N6S 525 2.141 0.4956 0.7639
2N6S 526 2.126 0.5017 0.7847
2N6S 527 2.061 0.5157 0.7847
2N6S 528 1.992 0.5329 0.7986
2N6S 529 2.027 0.5093 0.8056
2N6S 530 2.123 0.4969 0.7639
2N6S 531 1.989 0.5239 0.7917
2N6S 532 2.050 0.5083 0.7986
2N6S 533 2.069 0.5087 0.7708
2N6S 534 2.016 0.5144 0.7917
2N6S 535 2.002 0.5300 0.7986
2N6S 536 1.982 0.5198 0.7847
2N6S 537 1.960 0.5468 0.7986
2N6S 538 1.994 0.5309 0.7917
2N6S 539 1.966 0.5234 0.7917
2N6S 540 1.946 0.5408 0.7917
2N6S 541 1.916 0.5466 0.7917
2N6S 542 1.881 0.5414 0.7986
2N6S 543 1.941 0.5351 0.8056
2N6S 544 1.982 0.5154 0.7847
2N6S 545 1.969 0.5398 0.7917
2N6S 546 1.884 0.5442 0.7986
2N6S 547 1.983 0.5340 0.7847
2N6S 548 2.034 0.5243 0.7778
2N6S 549 1.991 0.5235 0.7917
2N6S 550 1.930 0.5433 0.7986
2N6S 551 1.941 0.5365 0.7917
2N6S 552 2.085 0.5162 0.7708
2N6S 553 2.100 0.5168 0.7778
2N6S 554 1.958 0.5390 0.7986
2N6S 555 1.971 0.5512 0.7986
2N6S 556 1.893 0.5496 0.7847
2N6S 557 1.935 0.5344 0.7847
2N6S 558 1.899 0.5350 0.7986
2N6S 559 1.930 0.5378 0.7917
2N6S 560 1.938 0.5184 0.7917
2N6S 561 1.838 0.5384 0.7847
2N6S 562 1.848 0.5418 0.7847
2N6S 563 1.863 0.5561 0.7917
2N6S 564 1.891 0.5387 0.7986
2N6S 565 2.161 0.4956 0.7639
2N6S 566 1.951 0.5188 0.7847
2N6S 567 1.921 0.5274 0.7778
2N6S 568 1.839 0.5548 0.7917
2N6S 569 1.776 0.5517 0.8125
2N6S 570 1.886 0.5301 0.7847
2N6S 571 1.857 0.5420 0.7847
2N6S 572 1.922 0.5262 0.7917
2N6S 573 1.919 0.5289 0.7778
2N6S 574 1.899 0.5405 0.7847
2N6S 575 1.750 0.5526 0.7847
2N6S 576 1.783 0.5569 0.7986
2N6S 577 1.826 0.5406 0.7917
2N6S 578 1.829 0.5337 0.7847
2N6S 579 1.759 0.5583 0.7847
2N6S 580 1.879 0.5435 0.7847
2N6S 581 1.866 0.5333 0.7847
2N6S 582 1.927 0.5169 0.7708
2N6S 583 1.865 0.5348 0.7917
2N6S 584 1.975 0.5144 0.7917
2N6S 585 1.857 0.5406 0.7847
2N6S 586 1.920 0.5167 0.7917
2N6S 587 1.961 0.5092 0.7708
2N6S 588 1.898 0.5118 0.7708
2N6S 589 1.771 0.5529 0.7986
2N6S 590 1.715 0.5422 0.7986
2N6S 591 1.966 0.5029 0.7708
2N6S 592 1.885 0.5173 0.7847
2N6S 593 1.870 0.5367 0.7917
2N6S 594 1.953 0.5327 0.7708
2N6S 595 1.887 0.5395 0.7778
2N6S 596 1.931 0.5214 0.7778
2N6S 597 1.814 0.5398 0.7986
2N6S 598 1.902 0.5309 0.7917
2N6S 599 1.973 0.5058 0.7639
2N6S 600 2.014 0.5125 0.7569
2N6S 601 1.925 0.5229 0.7778
2N6S 602 1.895 0.5368 0.7917
2N6S 603 1.840 0.5423 0.7986
2N6S 604 1.863 0.5410 0.7986
2N6S 605 1.889 0.5169 0.7778
2N6S 606 2.001 0.5066 0.7708
2N6S 607 1.925 0.5223 0.7847
2N6S 608 1.914 0.5346 0.7847
2N6S 609 1.930 0.5257 0.7917
2N6S 610 1.965 0.5242 0.7778
2N6S 611 1.953 0.5232 0.7778
2N6S 612 1.855 0.5471 0.7986
2N6S 613 1.928 0.5397 0.7917
2N6S 614 1.958 0.5235 0.7708
2N6S 615 1.907 0.5217 0.7917
2N6S 616 1.944 0.5285 0.7917
2N6S 617 1.986 0.5270 0.7778
2N6S 618 1.904 0.5396 0.7917
2N6S 619 1.853 0.5421 0.7778
2N6S 620 1.972 0.5001 0.7847
2N6S 621 1.964 0.5220 0.7708
2N6S 622 1.923 0.5526 0.7847
2N6S 623 1.979 0.5293 0.7708
2N6S 624 2.058 0.5077 0.7500
2N6S 625 2.082 0.5207 0.7708
2N6S 626 2.102 0.4923 0.7708
2N6S 627 2.172 0.4928 0.7569
2N6S 628 2.158 0.4870 0.7569
2N6S 629 2.105 0.4962 0.7569
2N6S 630 2.071 0.5008 0.7639
2N6S 631 2.085 0.4894 0.7639
2N6S 632 2.160 0.4996 0.7639
2N6S 633 2.220 0.4940 0.7500
2N6S 634 2.134 0.4909 0.7639
2N6S 635 2.163 0.4967 0.7639
2N6S 636 2.197 0.4825 0.7569
2N6S 637 2.079 0.5064 0.7708
2N6S 638 1.961 0.5088 0.7778
2N6S 639 2.129 0.4889 0.7569
2N6S 640 2.147 0.4781 0.7639
2N6S 641 2.167 0.4754 0.7500
2N6S 642 2.107 0.4829 0.7500
2N6S 643 2.166 0.4708 0.7639
2N6S 644 2.247 0.4679 0.7431
2N6S 645 2.233 0.4548 0.7292
2N6S 646 2.088 0.4727 0.7639
2N6S 647 2.156 0.4750 0.7500
2N6S 648 2.265 0.4696 0.7500
2N6S 649 2.324 0.4525 0.7222
2N6S 650 2.241 0.4564 0.7431
2N6S 651 2.304 0.4573 0.7292
2N6S 652 2.168 0.4551 0.7361
2N6S 653 2.148 0.4634 0.7569
2N6S 654 2.174 0.4534 0.7500
2N6S 655 2.156 0.4420 0.7500
2N6S 656 2.366 0.4092 0.7083
2N6S 657 2.248 0.4478 0.7222
2N6S 658 2.069 0.4791 0.7500
2N6S 659 2.079 0.4582 0.7500
2N6S 660 2.346 0.4267 0.7153
2N6S 661 2.262 0.4251 0.7361
2N6S 662 2.069 0.4735 0.7569
2N6S 663 2.036 0.4890 0.7639
2N6S 664 2.217 0.4465 0.7431
2N6S 665 2.431 0.4210 0.7014
2N6S 666 2.325 0.4286 0.7292
2N6S 667 2.262 0.4225 0.7153
2N6S 668 2.252 0.4263 0.7222
2N6S 669 2.344 0.4199 0.7083
2N6S 670 2.447 0.4319 0.7153
2N6S 671 2.203 0.4519 0.7431
2N6S 672 2.077 0.4842 0.7500
2N6S 673 2.176 0.4671 0.7500
2N6S 674 2.262 0.4369 0.7153
2N6S 675 2.415 0.4065 0.7361
2N6S 676 2.191 0.4739 0.7500
2N6S 677 2.222 0.4651 0.7500
2N6S 678 2.189 0.4381 0.7222
2N6S 679 2.300 0.4583 0.7500
2N6S 680 2.222 0.4681 0.7639
2N6S 681 2.271 0.4552 0.7361
2N6S 682 2.307 0.4564 0.7222
2N6S 683 2.500 0.4137 0.7153
2N6S 684 2.584 0.4335 0.7153
2N6S 685 2.423 0.4449 0.7431
2N6S 686 2.436 0.4490 0.7153
2N6S 687 2.482 0.4302 0.7083
2N6S 688 2.478 0.4255 0.7292
2N6S 689 2.458 0.4168 0.7083
2N6S 690 2.405 0.4190 0.7083
2N6S 691 2.437 0.4118 0.7083
2N6S 692 2.504 0.4020 0.6806
2N6S 693 2.522 0.4001 0.7083
2N6S 694 2.475 0.4100 0.6944
2N6S 695 2.295 0.4480 0.7222
2N6S 696 2.360 0.4436 0.7153
2N6S 697 2.527 0.4037 0.6944
2N6S 698 2.656 0.3972 0.6806
2N6S 699 2.460 0.4259 0.7083
2N6S 700 2.225 0.4507 0.7222
2N6S 701 2.620 0.4124 0.7014
2N6S 702 2.611 0.4314 0.7153
2N6S 703 2.388 0.4511 0.7222
2N6S 704 2.394 0.4271 0.7083
2N6S 705 2.565 0.4362 0.7153
2N6S 706 2.332 0.4565 0.7222
2N6S 707 2.434 0.4518 0.7083
2N6S 708 2.373 0.4464 0.7292
2N6S 709 2.358 0.4287 0.7153
2N6S 710 2.448 0.4231 0.7153
2N6S 711 2.441 0.4207 0.7222
2N6S 712 2.324 0.4620 0.7361
2N6S 713 2.433 0.4185 0.7222
2N6S 714 2.602 0.3715 0.6806
2N6S 715 2.407 0.4266 0.7083
2N6S 716 2.492 0.3980 0.6944
2N6S 717 2.404 0.4544 0.7292
2N6S 718 2.405 0.4379 0.7222
2N6S 719 2.521 0.3863 0.6806
2N6S 720 2.472 0.4177 0.7083
2N6S 721 2.668 0.4095 0.6875
2N6S 722 2.326 0.4195 0.7153
2N6S 723 2.234 0.4420 0.7153
2N6S 724 2.262 0.4583 0.7292
2N6S 725 2.424 0.4270 0.7153
2N6S 726 2.504 0.4205 0.7083
2N6S 727 2.226 0.4698 0.7292
2N6S 728 2.226 0.4593 0.7292
2N6S 729 2.464 0.4359 0.7153
2N6S 730 2.375 0.4366 0.7153
2N6S 731 2.183 0.4660 0.7292
2N6S 732 2.184 0.4672 0.7292
2N6S 733 2.321 0.4381 0.7222
2N6S 734 2.506 0.4077 0.6944
2N6S 735 2.487 0.4312 0.7083
2N6S 736 2.457 0.4539 0.7292
2N6S 737 2.336 0.4566 0.7153
2N6S 738 2.333 0.4603 0.7222
2N6S 739 2.434 0.4597 0.7222
2N6S 740 2.408 0.4058 0.7014
2N6S 741 2.405 0.4311 0.7153
2N6S 742 2.346 0.4464 0.7153
2N6S 743 2.169 0.4826 0.7431
2N6S 744 2.390 0.4476 0.7222
2N6S 745 2.391 0.4147 0.7153
2N6S 746 2.296 0.4611 0.7361
2N6S 747 2.164 0.4844 0.7569
2N6S 748 2.208 0.4998 0.7778
2N6S 749 2.405 0.4224 0.7083
2N6S 750 2.584 0.4062 0.6736
2N6S 751 2.377 0.4711 0.7361
2N6S 752 2.222 0.4704 0.7500
2N6S 753 2.285 0.4689 0.7361
2N6S 754 2.497 0.4382 0.7292
2N6S 755 2.321 0.4248 0.7292
2N6S 756 2.297 0.4469 0.7361
2N6S 757 2.507 0.4320 0.7153
2N6S 758 2.576 0.4262 0.6875
2N6S 759 2.333 0.4564 0.7292
2N6S 760 2.232 0.4614 0.7153
2N6S 761 2.447 0.4424 0.7222
2N6S 762 2.577 0.4325 0.7292
2N6S 763 2.488 0.4364 0.7222
2N6S 764 2.395 0.4354 0.7222
2N6S 765 2.392 0.4517 0.7222
2N6S 766 2.465 0.4391 0.7153
2N6S 767 2.402 0.4348 0.7222
2N6S 768 2.339 0.4339 0.7222
2N6S 769 2.354 0.4276 0.7222
2N6S 770 2.365 0.4335 0.7083
2N6S 771 2.393 0.4276 0.7292
2N6S 772 2.446 0.4246 0.7222
2N6S 773 2.427 0.4391 0.7292
2N6S 774 2.399 0.4491 0.7222
2N6S 775 2.421 0.4351 0.7014
2N6S 776 2.389 0.4254 0.7014
2N6S 777 2.387 0.4301 0.7222
2N6S 778 2.160 0.4803 0.7361
2N6S 779 2.106 0.4972 0.7569
2N6S 780 2.534 0.4336 0.7083
2N6S 781 2.446 0.4685 0.7431
2N6S 782 2.268 0.4561 0.7500
2N6S 783 2.366 0.4332 0.7083
2N6S 784 2.431 0.4450 0.7083
2N6S 785 2.423 0.4307 0.7153
2N6S 786 2.437 0.4187 0.7083
2N6S 787 2.415 0.4160 0.7014
2N6S 788 2.395 0.4274 0.6944
2N6S 789 2.329 0.4218 0.7222
2N6S 790 2.309 0.4607 0.7153
2N6S 791 2.413 0.4133 0.7153
2N6S 792 2.565 0.4250 0.7083
2N6S 793 2.523 0.4439 0.7153
2N6S 794 2.237 0.4471 0.7292
2N6S 795 2.553 0.4452 0.6944
2N6S 796 2.618 0.4182 0.6875
2N6S 797 2.473 0.4177 0.6806
2N6S 798 2.500 0.4369 0.6944
2N6S 799 2.608 0.4234 0.6944
2N6S 800 2.602 0.4286 0.7014
2N6S 801 2.598 0.4408 0.6875
2N6S 802 2.371 0.4597 0.7222
2N6S 803 2.311 0.4628 0.7292
2N6S 804 2.264 0.4692 0.7361
2N6S 805 2.504 0.4325 0.7083
2N6S 806 2.467 0.4527 0.7153
2N6S 807 2.284 0.4654 0.7222
2N6S 808 2.464 0.4431 0.7014
2N6S 809 2.749 0.4010 0.6736
2N6S 810 2.436 0.4335 0.7083
2N6S 811 2.362 0.4702 0.7292
2N6S 812 2.324 0.4833 0.7292
2N6S 813 2.353 0.4729 0.7153
2N6S 814 2.797 0.4256 0.6736
2N6S 815 2.786 0.4414 0.6875
2N6S 816 2.734 0.4377 0.6806
2N6S 817 2.512 0.4500 0.7014
2N6S 818 2.526 0.4686 0.7083
2N6S 819 2.431 0.4872 0.7292
2N6S 820 2.217 0.4823 0.7222
2N6S 821 2.377 0.4957 0.7431
2N6S 822 2.590 0.4644 0.7014
2N6S 823 2.654 0.4499 0.7083
2N6S 824 2.403 0.4698 0.7083
2N6S 825 2.266 0.5105 0.7361
2N6S 826 2.346 0.4879 0.7431
2N6S 827 2.488 0.4732 0.7083
2N6S 828 2.581 0.4645 0.7153
2N6S 829 2.684 0.4167 0.6806
2N6S 830 2.551 0.4886 0.7153
2N6S 831 2.611 0.4393 0.6806
2N6S 832 2.246 0.4946 0.7222
2N6S 833 2.375 0.5073 0.7361
2N6S 834 2.372 0.4976 0.7153
2N6S 835 2.420 0.4651 0.7222
2N6S 836 2.209 0.4884 0.7292
2N6S 837 2.262 0.4878 0.7292
2N6S 838 2.371 0.4712 0.7153
2N6S 839 2.588 0.4557 0.7083
2N6S 840 2.540 0.4265 0.7153
2N6S 841 2.292 0.4941 0.7431
2N6S 842 2.307 0.5043 0.7292
2N6S 843 2.191 0.5150 0.7569
2N6S 844 2.352 0.5015 0.7292
2N6S 845 2.536 0.4380 0.7153
2N6S 846 2.353 0.4772 0.7153
2N6S 847 2.284 0.5054 0.7292
2N6S 848 2.310 0.5084 0.7361
2N6S 849 2.513 0.4188 0.7014
2N6S 850 2.577 0.4165 0.6736
2N6S 851 2.610 0.4696 0.7083
2N6S 852 2.423 0.4808 0.7222
2N6S 853 2.327 0.4890 0.7153
2N6S 854 2.223 0.4961 0.7292
2N6S 855 2.471 0.4528 0.7153
2N6S 856 2.660 0.4312 0.6806
2N6S 857 2.489 0.4604 0.7014
2N6S 858 2.316 0.4755 0.7222
2N6S 859 2.549 0.4648 0.7083
2N6S 860 2.308 0.4530 0.7222
2N6S 861 2.671 0.4217 0.7014
2N6S 862 2.796 0.4035 0.7014
2N6S 863 2.752 0.4105 0.6736
2N6S 864 2.606 0.4202 0.7014
2N6S 865 2.429 0.4688 0.7153
2N6S 866 2.627 0.4587 0.6875
2N6S 867 2.477 0.4831 0.7153
2N6S 868 2.309 0.4890 0.7292
2N6S 869 2.389 0.4734 0.7292
2N6S 870 2.494 0.4485 0.6944
2N6S 871 2.410 0.4391 0.7014
2N6S 872 2.453 0.4752 0.7153
2N6S 873 2.354 0.4880 0.7361
2N6S 874 2.307 0.5122 0.7431
2N6S 875 2.442 0.4632 0.7083
2N6S 876 2.329 0.4760 0.7153
2N6S 877 2.349 0.5114 0.7292
2N6S 878 2.268 0.4993 0.7292
2N6S 879 2.424 0.4795 0.7222
2N6S 880 2.586 0.4501 0.7083
2N6S 881 2.491 0.4577 0.7014
2N6S 882 2.367 0.4933 0.7222
2N6S 883 2.414 0.4927 0.7222
2N6S 884 2.627 0.4637 0.7153
2N6S 885 2.648 0.4666 0.7222
2N6S 886 2.125 0.5331 0.7639
2N6S 887 1.929 0.5380 0.7639
2N6S 888 2.168 0.5096 0.7500
2N6S 889 2.586 0.4203 0.7014
2N6S 890 2.609 0.4201 0.6736
2N6S 891 2.640 0.4350 0.6875
2N6S 892 2.293 0.4922 0.7292
2N6S 893 2.290 0.5199 0.7431
2N6S 894 2.339 0.5085 0.7361
2N6S 895 2.303 0.4670 0.7222
2N6S 896 2.410 0.4622 0.7222
2N6S 897 2.407 0.4317 0.7014
2N6S 898 2.390 0.4533 0.7014
2N6S 899 2.417 0.4655 0.7083
2N6S 900 2.395 0.4895 0.7222
2N6S 901 2.405 0.4567 0.7014
2N6S 902 2.331 0.4784 0.7222
2N6S 903 2.448 0.4564 0.7153
2N6S 904 2.482 0.4842 0.7083
2N6S 905 2.241 0.4950 0.7292
2N6S 906 2.438 0.4821 0.7153
2N6S 907 2.657 0.4259 0.6944
2N6S 908 2.693 0.4210 0.6944
2N6S 909 2.415 0.4866 0.7153
2N6S 910 2.553 0.4732 0.7083
2N6S 911 2.404 0.4969 0.7292
2N6S 912 2.454 0.4849 0.7153
2N6S 913 2.713 0.4618 0.6944
2N6S 914 2.384 0.4924 0.7361
2N6S 915 2.277 0.4717 0.7153
2N6S 916 2.559 0.4376 0.6875
2N6S 917 2.927 0.3864 0.6458
2N6S 918 2.904 0.4171 0.6667
2N6S 919 2.470 0.4498 0.7083
2N6S 920 2.385 0.4722 0.7083
2N6S 921 2.542 0.4404 0.6875
2N6S 922 2.515 0.4532 0.7014
2N6S 923 2.370 0.4547 0.7083
2N6S 924 2.419 0.4739 0.7153
2N6S 925 2.383 0.4919 0.7292
2N6S 926 2.596 0.4142 0.6667
2N6S 927 2.660 0.3900 0.6806
2N6S 928 2.409 0.4431 0.7153
2N6S 929 2.517 0.4388 0.6875
2N6S 930 2.525 0.4841 0.7222
2N6S 931 2.258 0.4715 0.7153
2N6S 932 2.381 0.4937 0.7222
2N6S 933 2.581 0.4451 0.7083
2N6S 934 2.377 0.4800 0.7222
2N6S 935 2.126 0.5173 0.7639
2N6S 936 2.213 0.5368 0.7708
2N6S 937 2.312 0.5250 0.7569
2N6S 938 2.036 0.5919 0.8056
2N6S 939 1.944 0.5529 0.7917
2N6S 940 2.441 0.5206 0.7431
2N6S 941 2.068 0.5297 0.7569
2N6S 942 2.324 0.4694 0.7222
2N6S 943 2.170 0.4938 0.7292
2N6S 944 2.209 0.5203 0.7500
2N6S 945 2.511 0.4742 0.7222
2N6S 946 2.408 0.5035 0.7361
2N6S 947 2.448 0.4440 0.7222
2N6S 948 2.385 0.4415 0.7014
2N6S 949 2.062 0.5395 0.7708
2N6S 950 1.872 0.5617 0.7986
2N6S 951 2.365 0.4810 0.7222
2N6S 952 2.536 0.4382 0.7014
2N6S 953 2.517 0.4196 0.6944
2N6S 954 2.558 0.4612 0.7014
2N6S 955 2.276 0.4949 0.7292
2N6S 956 2.217 0.5202 0.7569
2N6S 957 2.293 0.4739 0.7014
2N6S 958 2.671 0.4215 0.6736
2N6S 959 2.457 0.4634 0.7083
2N6S 960 2.386 0.4941 0.7292
2N6S 961 2.528 0.4472 0.7014
2N6S 962 2.608 0.4564 0.6875
2N6S 963 2.400 0.4565 0.7083
2N6S 964 2.607 0.4371 0.6875
2N6S 965 2.735 0.4199 0.6736
2N6S 966 2.422 0.4955 0.7153
2N6S 967 2.389 0.5110 0.7361
2N6S 968 2.195 0.5602 0.7639
2N6S 969 2.086 0.5534 0.7708
2N6S 970 2.541 0.4976 0.7153
2N6S 971 2.178 0.5311 0.7500
2N6S 972 2.038 0.5682 0.7917
2N6S 973 2.173 0.5445 0.7500
2N6S 974 2.351 0.5074 0.7431
2N6S 975 2.440 0.4611 0.7222
2N6S 976 2.348 0.4941 0.7292
2N6S 977 2.438 0.4848 0.7222
2N6S 978 2.392 0.4751 0.7222
2N6S 979 2.134 0.5057 0.7708
2N6S 980 1.976 0.5474 0.7778
2N6S 981 2.192 0.5162 0.7500
2N6S 982 2.655 0.4635 0.7014
2N6S 983 2.570 0.4491 0.6944
2N6S 984 2.312 0.4805 0.7292
2N6S 985 2.442 0.4506 0.7153
2N6S 986 2.783 0.4069 0.6597
2N6S 987 2.931 0.4138 0.6806
2N6S 988 2.639 0.4374 0.6944
2N6S 989 2.567 0.3942 0.6667
2N6S 990 2.505 0.4618 0.7083
2N6S 991 2.437 0.4823 0.7153
2N6S 992 2.302 0.4853 0.7222
2N6S 993 2.362 0.4877 0.7361
2N6S 994 2.387 0.4836 0.7222
2N6S 995 2.442 0.4659 0.7292
2N6S 996 2.448 0.4676 0.7222
2N6S 997 2.629 0.4375 0.6944
2N6S 998 2.553 0.4483 0.7153
2N6S 999 2.543 0.3909 0.6736
2N6S 1000 2.484 0.4935 0.7222
2N6S 1001 2.198 0.4800 0.7361
2N6S 1002 2.533 0.4603 0.7083
2N6S 1003 2.533 0.4629 0.7014
2N6S 1004 2.224 0.5033 0.7361
2N6S 1005 2.175 0.5410 0.7639
2N6S 1006 2.227 0.4952 0.7431
2N6S 1007 2.461 0.4505 0.6944
2N6S 1008 2.918 0.4151 0.6667
2N6S 1009 2.645 0.4297 0.6944
2N6S 1010 2.139 0.4983 0.7500
2N6S 1011 2.226 0.5204 0.7569
2N6S 1012 2.292 0.5059 0.7431
2N6S 1013 2.495 0.4872 0.7222
2N6S 1014 2.296 0.4752 0.7292
2N6S 1015 2.334 0.4680 0.7292
2N6S 1016 2.549 0.4838 0.7153
2N6S 1017 2.203 0.5150 0.7361
2N6S 1018 2.417 0.5191 0.7361
2N6S 1019 2.169 0.5336 0.7708
2N6S 1020 2.269 0.4870 0.7292
2N6S 1021 2.331 0.5017 0.7361
2N6S 1022 2.327 0.4821 0.7292
2N6S 1023 2.103 0.5426 0.7708
2N6S 1024 2.458 0.4682 0.7153
2N6S 1025 2.356 0.4826 0.7292
2N6S 1026 2.513 0.4521 0.7083
2N6S 1027 2.463 0.4456 0.6875
2N6S 1028 2.407 0.4739 0.7153
2N6S 1029 2.240 0.5255 0.7569
2N6S 1030 2.286 0.5005 0.7222
2N6S 1031 2.330 0.5103 0.7500
2N6S 1032 2.749 0.4528 0.7083
2N6S 1033 2.979 0.4308 0.6667
2N6S 1034 2.701 0.4357 0.6875
2N6S 1035 2.432 0.4822 0.7292
2N6S 1036 2.634 0.4747 0.7222
2N6S 1037 2.877 0.4531 0.6944
2N6S 1038 2.684 0.4756 0.7153
2N6S 1039 2.538 0.4954 0.7153
2N6S 1040 2.402 0.4946 0.7292
2N6S 1041 2.676 0.4748 0.7083
2N6S 1042 2.476 0.4628 0.7153
2N6S 1043 2.497 0.4447 0.7083
2N6S 1044 2.540 0.4711 0.7153
2N6S 1045 2.396 0.5011 0.7500
2N6S 1046 2.593 0.4644 0.7153
2N6S 1047 2.408 0.4887 0.7361
2N6S 1048 2.170 0.5314 0.7569
2N6S 1049 2.248 0.5015 0.7361
2N6S 1050 2.512 0.4713 0.7153
2N6S 1051 2.205 0.5203 0.7639
2N6S 1052 2.071 0.5562 0.7917
2N6S 1053 2.358 0.5174 0.7569
2N6S 1054 2.184 0.5117 0.7292
2N6S 1055 2.314 0.5088 0.7361
2N6S 1056 2.268 0.5277 0.7569
2N6S 1057 2.194 0.4844 0.7222
2N6S 1058 2.122 0.5038 0.7292
2N6S 1059 2.383 0.5075 0.7500
2N6S 1060 2.352 0.5083 0.7222
2N6S 1061 2.221 0.5151 0.7431
2N6S 1062 2.208 0.5083 0.7569
2N6S 1063 2.189 0.5076 0.7361
2N6S 1064 2.244 0.4828 0.7222
2N6S 1065 2.305 0.4915 0.7500
2N6S 1066 2.175 0.5500 0.7639
2N6S 1067 2.134 0.5126 0.7500
2N6S 1068 1.982 0.5168 0.7639
2N6S 1069 2.280 0.4886 0.7292
2N6S 1070 2.520 0.4373 0.7014
2N6S 1071 2.177 0.5083 0.7292
2N6S 1072 1.950 0.5044 0.7569
2N6S 1073 2.081 0.4789 0.7361
2N6S 1074 2.353 0.4847 0.7292
2N6S 1075 2.588 0.4789 0.7361
2N6S 1076 2.352 0.4425 0.7222
2N6S 1077 2.434 0.4232 0.6875
2N6S 1078 2.533 0.3935 0.7014
2N6S 1079 2.492 0.4133 0.6875
2N6S 1080 2.481 0.4868 0.7361
2N6S 1081 2.497 0.4723 0.7083
2N6S 1082 2.488 0.4355 0.7222
2N6S 1083 2.448 0.4292 0.7083
2N6S 1084 2.531 0.4494 0.7361
2N6S 1085 2.493 0.4452 0.7014
2N6S 1086 2.482 0.4504 0.7222
2N6S 1087 2.327 0.4704 0.7153
2N6S 1088 2.296 0.4803 0.7361
2N6S 1089 2.413 0.4286 0.7083
2N6S 1090 2.359 0.4617 0.7292
2N6S 1091 2.271 0.4322 0.7153
2N6S 1092 2.229 0.4843 0.7361
2N6S 1093 2.303 0.4645 0.7292
2N6S 1094 2.282 0.4494 0.7361
2N6S 1095 2.430 0.4386 0.7014
2N6S 1096 2.522 0.4036 0.6806
2N6S 1097 2.331 0.4552 0.7153
2N6S 1098 2.389 0.4597 0.7153
2N6S 1099 2.565 0.4218 0.6944
2N6S 1100 2.770 0.4179 0.6806
2N6S 1101 2.684 0.4044 0.6944
2N6S 1102 2.287 0.4229 0.7153
2N6S 1103 2.048 0.4588 0.7292
2N6S 1104 2.353 0.4455 0.7014
2N6S 1105 2.352 0.4775 0.7222
2N6S 1106 2.330 0.4821 0.7431
2N6S 1107 2.407 0.4684 0.7292
2N6S 1108 2.629 0.4242 0.7014
2N6S 1109 2.419 0.4437 0.7222
2N6S 1110 2.525 0.3923 0.6806
2N6S 1111 2.548 0.4459 0.7083
2N6S 1112 2.417 0.4209 0.7014
2N6S 1113 2.402 0.4257 0.6875
2N6S 1114 2.375 0.4079 0.6736
2N6S 1115 2.556 0.4427 0.7153
2N6S 1116 2.441 0.4321 0.7083
2N6S 1117 2.579 0.3966 0.6736
2N6S 1118 2.589 0.3989 0.6944
2N6S 1119 2.360 0.5016 0.7361
2N6S 1120 2.444 0.4770 0.7431
2N6S 1121 2.313 0.4434 0.7153
2N6S 1122 2.766 0.3662 0.6667
2N6S 1123 2.602 0.4237 0.6806
2N6S 1124 2.258 0.4517 0.7222
2N6S 1125 2.128 0.4532 0.7292
2N6S 1126 2.295 0.4427 0.7153
2N6S 1127 2.612 0.4268 0.6944
2N6S 1128 2.473 0.4502 0.7292
2N6S 1129 2.400 0.4268 0.7292
2N6S 1130 2.106 0.4696 0.7292
2N6S 1131 2.190 0.4849 0.7431
2N6S 1132 2.163 0.4777 0.7431
2N6S 1133 2.124 0.4808 0.7361
2N6S 1134 1.996 0.4730 0.7500
2N6S 1135 2.484 0.4190 0.6944
2N6S 1136 2.178 0.5079 0.7361
2N6S 1137 2.515 0.4505 0.7153
2N6S 1138 2.505 0.4645 0.7083
2N6S 1139 2.221 0.4844 0.7569
2N6S 1140 2.228 0.4453 0.7153
2N6S 1141 2.320 0.4676 0.7292
2N6S 1142 2.373 0.4470 0.7153
2N6S 1143 2.750 0.4375 0.6944
2N6S 1144 2.736 0.4715 0.7083
2N6S 1145 2.009 0.4884 0.7639
2N6S 1146 2.388 0.4990 0.7431
2N6S 1147 2.258 0.4503 0.7222
2N6S 1148 2.202 0.4634 0.7292
2N6S 1149 2.474 0.4250 0.6944
2N6S 1150 2.257 0.4239 0.7222
2N6S 1151 2.304 0.4208 0.7153
2N6S 1152 2.415 0.4592 0.7292
2N6S 1153 2.526 0.4322 0.7083
2N6S 1154 2.253 0.4645 0.7361
2N6S 1155 2.373 0.4631 0.7431
2N6S 1156 2.089 0.4958 0.7569
2N6S 1157 2.347 0.4336 0.7083
2N6S 1158 2.530 0.4405 0.7153
2N6S 1159 2.513 0.4577 0.6875
2N6S 1160 2.186 0.4582 0.7292
2N6S 1161 2.559 0.4248 0.7222
2N6S 1162 2.400 0.4236 0.7014
2N6S 1163 2.220 0.4495 0.7153
2N6S 1164 2.347 0.4666 0.7222
2N6S 1165 2.215 0.4701 0.7222
2N6S 1166 2.346 0.4904 0.7431
2N6S 1167 2.435 0.4895 0.7500
2N6S 1168 2.643 0.4451 0.6944
2N6S 1169 2.676 0.3992 0.6806
2N6S 1170 2.595 0.4208 0.7083
2N6S 1171 2.598 0.4371 0.6944
2N6S 1172 2.432 0.4856 0.7431
2N6S 1173 2.507 0.4708 0.7361
2N6S 1174 2.233 0.4956 0.7361
2N6S 1175 2.419 0.4819 0.7222
2N6S 1176 2.490 0.4521 0.6875
2N6S 1177 2.460 0.4554 0.7222
2N6S 1178 2.219 0.5010 0.7361
2N6S 1179 2.206 0.4640 0.7222
2N6S 1180 1.967 0.5252 0.7778
2N6S 1181 2.048 0.5191 0.7639
2N6S 1182 2.291 0.4793 0.7222
2N6S 1183 2.404 0.4417 0.7361
2N6S 1184 2.217 0.4256 0.7153
2N6S 1185 2.333 0.4221 0.7014
2N6S 1186 1.965 0.4993 0.7569
2N6S 1187 2.597 0.4354 0.7222
2N6S 1188 2.432 0.4413 0.7153
2N6S 1189 2.280 0.4459 0.7014
2N6S 1190 2.175 0.4707 0.7292
2N6S 1191 2.197 0.4658 0.7292
2N6S 1192 2.405 0.4528 0.7014
2N6S 1193 2.397 0.4629 0.7153
2N6S 1194 2.184 0.4665 0.7292
2N6S 1195 2.663 0.3900 0.6736
2N6S 1196 2.387 0.4606 0.7153
2N6S 1197 2.297 0.4456 0.7083
2N6S 1198 2.363 0.4393 0.7014
2N6S 1199 2.486 0.3967 0.7222
2N6S 1200 2.426 0.4142 0.7222
2N6S 1201 2.069 0.4840 0.7500
2N6S 1202 2.036 0.5149 0.7778
