2LBJ 1 0.000 1.0000 1.0000
2LBJ 2 0.274 0.7837 1.0000
2LBJ 3 0.395 0.6957 1.0000
2LBJ 4 0.645 0.4837 0.9853
2LBJ 5 0.770 0.4895 0.9559
2LBJ 6 0.834 0.5548 0.9412
2LBJ 7 0.804 0.4189 0.9559
2LBJ 8 0.763 0.5825 0.9559
2LBJ 9 9.916 0.0971 0.3824
2LBJ 10 11.575 0.1344 0.4265
2LBJ 11 4.364 0.1482 0.6176
2LBJ 12 8.104 0.1961 0.4853
2LBJ 13 5.235 0.1035 0.5294
2LBJ 14 7.239 0.1658 0.5000
2LBJ 15 3.846 0.2281 0.6765
2LBJ 16 3.214 0.2391 0.6618
2LBJ 17 3.926 0.2309 0.6176
2LBJ 18 3.440 0.1989 0.6765
2LBJ 19 4.085 0.1745 0.6029
2LBJ 20 8.843 0.1626 0.4559
2LBJ 21 3.574 0.1992 0.6765
2LBJ 22 2.997 0.2128 0.7206
2LBJ 23 3.885 0.1943 0.6912
2LBJ 24 4.532 0.1849 0.5735
2LBJ 25 4.460 0.1929 0.6471
2LBJ 26 4.345 0.2033 0.5882
2LBJ 27 4.248 0.2408 0.6765
2LBJ 28 2.533 0.2148 0.7059
2LBJ 29 2.677 0.2449 0.7059
2LBJ 30 4.167 0.1644 0.6324
2LBJ 31 5.280 0.2346 0.6029
2LBJ 32 3.071 0.2219 0.7059
2LBJ 33 4.825 0.2187 0.6324
2LBJ 34 4.430 0.2011 0.6471
2LBJ 35 6.214 0.1996 0.6029
2LBJ 36 5.306 0.1941 0.5882
2LBJ 37 3.542 0.2137 0.6618
2LBJ 38 2.565 0.2042 0.7206
2LBJ 39 3.413 0.2075 0.6765
2LBJ 40 5.336 0.1642 0.6176
2LBJ 41 4.606 0.1980 0.6324
2LBJ 42 2.407 0.1851 0.7206
2LBJ 43 6.702 0.1911 0.6176
2LBJ 44 3.766 0.1605 0.6176
2LBJ 45 3.795 0.2232 0.6324
2LBJ 46 3.821 0.1666 0.6324
2LBJ 47 3.275 0.2198 0.6912
2LBJ 48 2.930 0.2551 0.6912
2LBJ 49 9.326 0.0890 0.3088
2LBJ 50 11.557 0.1022 0.3676
2LBJ 51 5.239 0.1407 0.5735
2LBJ 52 7.567 0.1919 0.5147
2LBJ 53 10.642 0.1120 0.4118
2LBJ 54 2.255 0.2345 0.7500
2LBJ 55 3.587 0.2296 0.6912
2LBJ 56 5.841 0.1341 0.5735
2LBJ 57 3.660 0.2108 0.6324
2LBJ 58 4.240 0.1889 0.6471
2LBJ 59 6.139 0.1923 0.5735
2LBJ 60 2.825 0.2287 0.6765
2LBJ 61 6.431 0.2061 0.5294
2LBJ 62 2.710 0.2031 0.7500
2LBJ 63 5.474 0.1945 0.6765
2LBJ 64 4.824 0.1579 0.5735
2LBJ 65 2.405 0.2394 0.7353
2LBJ 66 2.823 0.1900 0.6912
2LBJ 67 2.993 0.1601 0.6618
2LBJ 68 5.222 0.2360 0.6324
2LBJ 69 6.376 0.2347 0.6029
2LBJ 70 6.517 0.1537 0.5294
2LBJ 71 3.782 0.2216 0.6324
2LBJ 72 6.702 0.1698 0.5588
2LBJ 73 3.224 0.1787 0.6912
2LBJ 74 2.444 0.2250 0.7647
2LBJ 75 2.267 0.2057 0.7353
2LBJ 76 2.823 0.1885 0.6912
2LBJ 77 3.239 0.1891 0.6618
2LBJ 78 2.630 0.1857 0.7353
2LBJ 79 3.003 0.2056 0.6912
2LBJ 80 3.062 0.2252 0.6765
2LBJ 81 2.964 0.2346 0.6912
2LBJ 82 3.337 0.2024 0.6765
2LBJ 83 2.777 0.2128 0.7206
2LBJ 84 3.042 0.2554 0.7059
2LBJ 85 2.259 0.2405 0.7500
2LBJ 86 2.636 0.2254 0.7353
2LBJ 87 2.666 0.2645 0.7206
2LBJ 88 2.356 0.2460 0.7647
2LBJ 89 3.991 0.1607 0.6324
2LBJ 90 3.214 0.2060 0.6618
2LBJ 91 4.743 0.2152 0.5882
2LBJ 92 4.433 0.2123 0.6618
2LBJ 93 3.803 0.1603 0.6324
2LBJ 94 3.677 0.2172 0.7500
2LBJ 95 8.372 0.1219 0.4706
2LBJ 96 3.562 0.2036 0.6765
2LBJ 97 5.682 0.2104 0.6324
2LBJ 98 2.094 0.2352 0.7647
2LBJ 99 6.754 0.2034 0.5000
2LBJ 100 2.238 0.2082 0.7206
2LBJ 101 3.433 0.2168 0.6765
2LBJ 102 2.827 0.2164 0.6912
2LBJ 103 2.537 0.2116 0.7059
2LBJ 104 4.977 0.2340 0.6324
2LBJ 105 4.179 0.2002 0.7059
2LBJ 106 3.512 0.2108 0.6471
2LBJ 107 3.416 0.2040 0.6618
2LBJ 108 3.326 0.2397 0.7059
2LBJ 109 2.087 0.1925 0.7500
2LBJ 110 3.848 0.1482 0.6618
2LBJ 111 3.037 0.1769 0.6618
2LBJ 112 3.603 0.1582 0.6471
2LBJ 113 5.317 0.2303 0.6029
2LBJ 114 3.631 0.1906 0.6765
2LBJ 115 3.250 0.1809 0.6618
2LBJ 116 4.197 0.1947 0.6765
2LBJ 117 2.933 0.2134 0.6912
2LBJ 118 3.121 0.2241 0.6765
2LBJ 119 4.193 0.1805 0.6176
2LBJ 120 3.319 0.1914 0.6618
2LBJ 121 3.677 0.2000 0.6324
2LBJ 122 4.218 0.1780 0.6471
2LBJ 123 4.193 0.1646 0.6324
2LBJ 124 5.194 0.2076 0.6176
2LBJ 125 3.218 0.1625 0.6765
2LBJ 126 2.142 0.2206 0.7794
2LBJ 127 4.051 0.1827 0.6471
2LBJ 128 2.689 0.2327 0.7206
2LBJ 129 9.954 0.1791 0.4853
2LBJ 130 10.659 0.1930 0.5147
2LBJ 131 6.632 0.1299 0.4853
2LBJ 132 8.013 0.1480 0.4559
2LBJ 133 2.977 0.1859 0.6765
2LBJ 134 8.319 0.1406 0.4118
2LBJ 135 5.814 0.1635 0.5882
2LBJ 136 5.976 0.1410 0.5000
2LBJ 137 5.513 0.1178 0.5294
2LBJ 138 3.096 0.2344 0.7059
2LBJ 139 5.977 0.1866 0.5441
2LBJ 140 4.139 0.1807 0.6471
2LBJ 141 3.223 0.1869 0.6471
2LBJ 142 1.629 0.3174 0.8235
2LBJ 143 5.696 0.1989 0.6324
2LBJ 144 4.767 0.1694 0.6029
2LBJ 145 4.271 0.1843 0.6618
2LBJ 146 4.233 0.1993 0.6176
2LBJ 147 3.410 0.2083 0.6912
2LBJ 148 2.795 0.2196 0.6765
2LBJ 149 6.323 0.2267 0.5588
2LBJ 150 3.249 0.1896 0.6912
2LBJ 151 2.981 0.1706 0.6618
2LBJ 152 3.930 0.1784 0.6324
2LBJ 153 1.794 0.2685 0.7941
2LBJ 154 3.529 0.2206 0.6765
2LBJ 155 2.977 0.2152 0.7059
2LBJ 156 2.444 0.2032 0.7647
2LBJ 157 6.442 0.1689 0.5882
2LBJ 158 4.933 0.2362 0.6324
2LBJ 159 3.735 0.2041 0.6618
2LBJ 160 3.369 0.2256 0.6765
2LBJ 161 3.192 0.2177 0.6618
2LBJ 162 2.423 0.1958 0.7353
2LBJ 163 3.123 0.1647 0.6618
2LBJ 164 5.840 0.1724 0.5588
2LBJ 165 5.296 0.1692 0.5735
2LBJ 166 3.006 0.2397 0.6765
2LBJ 167 3.189 0.2129 0.7059
2LBJ 168 3.179 0.2244 0.6618
2LBJ 169 9.031 0.1419 0.4706
2LBJ 170 4.373 0.1482 0.6029
2LBJ 171 6.530 0.1429 0.5294
2LBJ 172 8.609 0.1466 0.5147
2LBJ 173 5.746 0.1262 0.5147
2LBJ 174 4.389 0.1216 0.5735
2LBJ 175 4.944 0.1975 0.5882
2LBJ 176 3.820 0.1566 0.6324
2LBJ 177 2.974 0.2208 0.7353
2LBJ 178 3.417 0.1796 0.6176
2LBJ 179 8.607 0.1716 0.4265
2LBJ 180 9.021 0.1365 0.5000
2LBJ 181 4.967 0.1617 0.5588
2LBJ 182 7.488 0.2015 0.5882
2LBJ 183 2.657 0.2297 0.7206
2LBJ 184 4.360 0.1818 0.6324
2LBJ 185 3.557 0.2091 0.6471
2LBJ 186 4.002 0.1302 0.6324
2LBJ 187 6.099 0.1431 0.5147
2LBJ 188 3.760 0.1851 0.6176
2LBJ 189 8.657 0.0968 0.4559
2LBJ 190 3.598 0.1887 0.6324
2LBJ 191 3.893 0.1486 0.5735
2LBJ 192 3.568 0.1969 0.6176
2LBJ 193 2.675 0.2278 0.7059
2LBJ 194 3.561 0.1704 0.6471
2LBJ 195 4.184 0.1907 0.5882
2LBJ 196 3.091 0.1937 0.6912
2LBJ 197 3.443 0.1964 0.6471
2LBJ 198 3.812 0.1828 0.6029
2LBJ 199 3.266 0.1658 0.6618
2LBJ 200 3.247 0.2049 0.6471
2LBJ 201 3.128 0.1921 0.6765
2LBJ 202 3.801 0.1828 0.6324
2LBJ 203 3.045 0.1995 0.6912
2LBJ 204 3.281 0.2010 0.6765
2LBJ 205 3.191 0.1939 0.6324
2LBJ 206 3.088 0.2091 0.6618
2LBJ 207 3.217 0.1839 0.6618
2LBJ 208 3.343 0.1908 0.6471
2LBJ 209 9.975 0.1415 0.3382
2LBJ 210 9.576 0.1401 0.4412
2LBJ 211 4.282 0.2233 0.6618
2LBJ 212 5.242 0.1259 0.5588
2LBJ 213 2.801 0.2575 0.7500
2LBJ 214 9.583 0.1856 0.4118
2LBJ 215 8.251 0.1630 0.5000
2LBJ 216 3.503 0.1242 0.6176
2LBJ 217 4.220 0.1656 0.6471
2LBJ 218 4.610 0.1943 0.6176
2LBJ 219 3.536 0.1116 0.6029
2LBJ 220 5.100 0.1480 0.5882
2LBJ 221 5.293 0.0888 0.5000
2LBJ 222 6.205 0.1417 0.4853
2LBJ 223 2.428 0.1945 0.7059
2LBJ 224 3.129 0.1753 0.6912
2LBJ 225 3.743 0.1903 0.6471
2LBJ 226 2.624 0.2102 0.7206
2LBJ 227 2.930 0.1931 0.6912
2LBJ 228 2.754 0.2306 0.6765
2LBJ 229 2.296 0.1917 0.7353
2LBJ 230 3.262 0.2081 0.6471
2LBJ 231 3.795 0.1948 0.6324
2LBJ 232 2.729 0.1603 0.6765
2LBJ 233 4.571 0.2192 0.6029
2LBJ 234 3.262 0.2174 0.6765
2LBJ 235 5.144 0.1636 0.6029
2LBJ 236 3.711 0.1818 0.6471
2LBJ 237 2.846 0.2129 0.7059
2LBJ 238 2.821 0.1835 0.7059
2LBJ 239 3.442 0.2415 0.6618
2LBJ 240 3.646 0.1943 0.6471
2LBJ 241 3.384 0.2040 0.6471
2LBJ 242 2.763 0.2252 0.7059
2LBJ 243 3.178 0.2023 0.6618
2LBJ 244 3.800 0.1697 0.6324
2LBJ 245 3.801 0.1993 0.6324
2LBJ 246 3.058 0.2438 0.6765
2LBJ 247 2.779 0.1819 0.6912
2LBJ 248 2.310 0.2121 0.7353
2LBJ 249 8.048 0.2025 0.4265
2LBJ 250 11.529 0.1334 0.4118
2LBJ 251 9.930 0.1664 0.3529
2LBJ 252 7.657 0.1756 0.4412
2LBJ 253 6.196 0.1792 0.5147
2LBJ 254 4.056 0.2103 0.6912
2LBJ 255 7.434 0.1429 0.4412
2LBJ 256 6.568 0.1983 0.5147
2LBJ 257 6.237 0.1772 0.6029
2LBJ 258 8.185 0.0906 0.4265
2LBJ 259 9.808 0.1200 0.5294
2LBJ 260 4.241 0.1919 0.6765
2LBJ 261 6.663 0.1227 0.4853
2LBJ 262 3.046 0.2219 0.6912
2LBJ 263 4.788 0.2163 0.6765
2LBJ 264 4.519 0.1245 0.6029
2LBJ 265 4.624 0.2341 0.7059
2LBJ 266 5.468 0.1577 0.5441
2LBJ 267 7.919 0.1360 0.5735
2LBJ 268 5.311 0.2214 0.6176
2LBJ 269 6.933 0.1723 0.5735
2LBJ 270 4.937 0.1403 0.5588
2LBJ 271 5.206 0.1410 0.6029
2LBJ 272 6.442 0.1895 0.5882
2LBJ 273 3.519 0.2090 0.7206
2LBJ 274 3.659 0.1796 0.6471
2LBJ 275 3.643 0.2114 0.6471
2LBJ 276 2.939 0.2159 0.7206
2LBJ 277 2.987 0.2474 0.7059
2LBJ 278 5.580 0.2006 0.5882
2LBJ 279 4.236 0.1671 0.6618
2LBJ 280 4.194 0.2148 0.6324
2LBJ 281 4.151 0.1685 0.6176
2LBJ 282 2.639 0.1938 0.7206
2LBJ 283 4.861 0.1889 0.5882
2LBJ 284 4.240 0.1758 0.6471
2LBJ 285 3.666 0.1527 0.6765
2LBJ 286 4.260 0.1810 0.6029
2LBJ 287 1.893 0.2413 0.7794
2LBJ 288 4.083 0.1999 0.6765
2LBJ 289 9.020 0.1642 0.5441
2LBJ 290 11.760 0.1343 0.4265
2LBJ 291 8.068 0.1289 0.4706
2LBJ 292 4.147 0.2157 0.6765
2LBJ 293 6.972 0.1807 0.5294
2LBJ 294 5.489 0.1872 0.6029
2LBJ 295 4.295 0.1318 0.5882
2LBJ 296 1.979 0.2134 0.7500
2LBJ 297 4.622 0.1771 0.6176
2LBJ 298 5.062 0.1460 0.5441
2LBJ 299 2.808 0.1871 0.7353
2LBJ 300 2.715 0.1618 0.6912
2LBJ 301 3.960 0.1895 0.6765
2LBJ 302 4.591 0.2231 0.6471
2LBJ 303 3.060 0.2207 0.7206
2LBJ 304 2.708 0.1892 0.6912
2LBJ 305 3.071 0.1943 0.7059
2LBJ 306 4.406 0.1852 0.6471
2LBJ 307 2.812 0.2483 0.6912
2LBJ 308 2.006 0.2175 0.7647
2LBJ 309 2.239 0.2332 0.7500
2LBJ 310 2.896 0.2205 0.7353
2LBJ 311 2.902 0.1893 0.6618
2LBJ 312 2.480 0.2281 0.7206
2LBJ 313 2.116 0.2296 0.7794
2LBJ 314 3.355 0.2210 0.6471
2LBJ 315 2.586 0.1828 0.7059
2LBJ 316 3.239 0.2106 0.6912
2LBJ 317 1.636 0.2232 0.8088
2LBJ 318 3.667 0.1596 0.6618
2LBJ 319 3.463 0.1828 0.6471
2LBJ 320 2.515 0.2219 0.7206
2LBJ 321 2.600 0.2105 0.7059
2LBJ 322 3.150 0.1723 0.6471
2LBJ 323 3.145 0.2223 0.6912
2LBJ 324 3.027 0.1695 0.6765
2LBJ 325 3.186 0.2295 0.6618
2LBJ 326 2.640 0.1943 0.7500
2LBJ 327 3.477 0.1832 0.6471
2LBJ 328 2.298 0.2298 0.7794
2LBJ 329 9.327 0.1755 0.4265
2LBJ 330 9.565 0.1447 0.4706
2LBJ 331 2.596 0.1380 0.7206
2LBJ 332 6.063 0.1816 0.5882
2LBJ 333 4.780 0.0939 0.5294
2LBJ 334 7.682 0.1285 0.5147
2LBJ 335 6.158 0.1695 0.4853
2LBJ 336 7.774 0.1160 0.4706
2LBJ 337 7.024 0.1139 0.5441
2LBJ 338 4.021 0.1221 0.5882
2LBJ 339 4.584 0.1623 0.5882
2LBJ 340 9.536 0.1475 0.3971
2LBJ 341 4.963 0.1606 0.6324
2LBJ 342 7.704 0.1389 0.5294
2LBJ 343 5.943 0.1502 0.5588
2LBJ 344 5.890 0.2048 0.5882
2LBJ 345 2.898 0.1849 0.6912
2LBJ 346 3.489 0.1645 0.6324
2LBJ 347 3.421 0.1875 0.6765
2LBJ 348 2.554 0.2058 0.7206
2LBJ 349 2.991 0.2178 0.7059
2LBJ 350 3.813 0.1901 0.6618
2LBJ 351 6.184 0.1490 0.5294
2LBJ 352 2.895 0.1945 0.6765
2LBJ 353 2.911 0.1233 0.6618
2LBJ 354 3.474 0.1634 0.6618
2LBJ 355 3.800 0.2359 0.6471
2LBJ 356 2.851 0.2394 0.7353
2LBJ 357 2.112 0.1987 0.7353
2LBJ 358 3.135 0.2311 0.6912
2LBJ 359 2.819 0.2251 0.6912
2LBJ 360 3.355 0.1947 0.6618
2LBJ 361 2.999 0.2230 0.6765
2LBJ 362 3.791 0.1828 0.6471
2LBJ 363 3.532 0.1908 0.6912
2LBJ 364 4.765 0.2219 0.6324
2LBJ 365 2.385 0.1904 0.6912
2LBJ 366 2.693 0.1652 0.6912
2LBJ 367 2.855 0.2132 0.6765
2LBJ 368 2.956 0.1864 0.7059
2LBJ 369 6.446 0.1416 0.5294
2LBJ 370 9.498 0.1361 0.4118
2LBJ 371 7.683 0.1407 0.4265
2LBJ 372 8.816 0.2084 0.5000
2LBJ 373 8.944 0.1669 0.4412
2LBJ 374 6.119 0.1682 0.5882
2LBJ 375 2.974 0.2156 0.7059
2LBJ 376 6.375 0.2002 0.5294
2LBJ 377 4.286 0.1960 0.5882
2LBJ 378 3.477 0.2646 0.6471
2LBJ 379 3.999 0.1579 0.6471
2LBJ 380 3.092 0.1855 0.6618
2LBJ 381 4.411 0.1907 0.6176
2LBJ 382 4.447 0.1855 0.6029
2LBJ 383 5.010 0.1799 0.5588
2LBJ 384 5.085 0.2068 0.6029
2LBJ 385 3.964 0.2204 0.6765
2LBJ 386 4.759 0.1944 0.5882
2LBJ 387 5.370 0.1790 0.5735
2LBJ 388 4.888 0.2108 0.5882
2LBJ 389 4.461 0.2331 0.6618
2LBJ 390 5.050 0.2019 0.6176
2LBJ 391 4.093 0.2357 0.6471
2LBJ 392 2.300 0.2162 0.7500
2LBJ 393 4.959 0.2145 0.6176
2LBJ 394 4.617 0.1540 0.6029
2LBJ 395 2.695 0.2366 0.7059
2LBJ 396 2.461 0.1897 0.7206
2LBJ 397 2.572 0.1990 0.7059
2LBJ 398 3.575 0.1908 0.6324
2LBJ 399 4.513 0.1908 0.6176
2LBJ 400 4.455 0.1727 0.6176
2LBJ 401 4.700 0.1753 0.6176
2LBJ 402 4.749 0.1545 0.6176
2LBJ 403 4.894 0.2056 0.6324
2LBJ 404 3.574 0.1837 0.6618
2LBJ 405 4.041 0.1621 0.6176
2LBJ 406 3.008 0.1895 0.6765
2LBJ 407 3.716 0.2079 0.6618
2LBJ 408 3.624 0.1932 0.6324
2LBJ 409 1.589 0.3334 0.8529
2LBJ 410 1.737 0.2478 0.8382
2LBJ 411 1.765 0.2718 0.8235
2LBJ 412 1.724 0.2998 0.8529
2LBJ 413 1.750 0.3036 0.8235
2LBJ 414 1.789 0.2851 0.8235
2LBJ 415 1.742 0.2905 0.8382
2LBJ 416 1.750 0.2969 0.8529
2LBJ 417 1.756 0.2925 0.8235
2LBJ 418 1.763 0.2777 0.8235
2LBJ 419 1.786 0.2764 0.8235
2LBJ 420 1.774 0.2827 0.8235
2LBJ 421 1.773 0.2760 0.8235
2LBJ 422 1.760 0.2837 0.8235
2LBJ 423 1.765 0.2790 0.8235
2LBJ 424 1.757 0.2829 0.8235
2LBJ 425 1.772 0.2806 0.8235
2LBJ 426 1.773 0.2819 0.8235
2LBJ 427 1.756 0.2783 0.8382
2LBJ 428 1.777 0.2745 0.8235
2LBJ 429 1.763 0.2830 0.8235
2LBJ 430 1.761 0.2801 0.8235
2LBJ 431 1.756 0.2862 0.8235
2LBJ 432 1.765 0.2785 0.8235
2LBJ 433 1.761 0.2831 0.8235
2LBJ 434 1.769 0.2866 0.8235
2LBJ 435 1.759 0.2872 0.8235
2LBJ 436 1.765 0.2818 0.8235
2LBJ 437 1.770 0.2839 0.8235
2LBJ 438 1.746 0.2924 0.8235
2LBJ 439 1.776 0.2882 0.8235
2LBJ 440 1.788 0.2804 0.8235
2LBJ 441 1.778 0.2913 0.8235
2LBJ 442 1.747 0.2888 0.8235
2LBJ 443 1.751 0.2987 0.8382
2LBJ 444 1.758 0.2879 0.8235
2LBJ 445 1.769 0.2866 0.8382
2LBJ 446 1.768 0.2908 0.8235
2LBJ 447 1.772 0.3045 0.8382
2LBJ 448 1.768 0.2855 0.8235
2LBJ 449 1.770 0.3048 0.8382
2LBJ 450 1.767 0.2825 0.8235
2LBJ 451 1.757 0.2932 0.8382
2LBJ 452 1.760 0.2925 0.8235
2LBJ 453 1.753 0.2851 0.8382
2LBJ 454 1.748 0.3026 0.8529
2LBJ 455 1.738 0.3039 0.8382
2LBJ 456 1.731 0.2995 0.8382
2LBJ 457 1.760 0.2876 0.8235
2LBJ 458 1.784 0.2778 0.8235
2LBJ 459 1.785 0.2981 0.8382
2LBJ 460 1.758 0.2991 0.8382
2LBJ 461 1.786 0.2966 0.8235
2LBJ 462 1.802 0.2865 0.8529
2LBJ 463 1.732 0.2943 0.8382
2LBJ 464 1.781 0.2826 0.8235
2LBJ 465 1.775 0.3016 0.8382
2LBJ 466 1.784 0.2957 0.8382
2LBJ 467 1.762 0.3000 0.8382
2LBJ 468 1.786 0.2855 0.8235
2LBJ 469 1.745 0.3081 0.8382
2LBJ 470 1.726 0.3047 0.8529
2LBJ 471 1.743 0.3118 0.8382
2LBJ 472 1.780 0.2745 0.8235
2LBJ 473 1.752 0.2930 0.8529
2LBJ 474 1.747 0.2931 0.8235
2LBJ 475 1.752 0.2815 0.8235
2LBJ 476 1.764 0.3125 0.8382
2LBJ 477 1.756 0.2922 0.8529
2LBJ 478 1.774 0.2933 0.8235
2LBJ 479 1.768 0.3012 0.8382
2LBJ 480 1.779 0.2989 0.8382
2LBJ 481 1.764 0.2842 0.8382
2LBJ 482 1.761 0.3053 0.8235
2LBJ 483 1.780 0.2853 0.8235
2LBJ 484 1.776 0.2800 0.8382
2LBJ 485 1.779 0.3057 0.8235
2LBJ 486 1.774 0.3171 0.8382
2LBJ 487 1.762 0.2907 0.8382
2LBJ 488 1.804 0.2718 0.8235
2LBJ 489 1.757 0.2884 0.8382
2LBJ 490 1.801 0.2607 0.8235
2LBJ 491 1.800 0.2619 0.8088
2LBJ 492 1.851 0.2311 0.7794
2LBJ 493 1.811 0.2588 0.8088
2LBJ 494 1.837 0.2476 0.8088
2LBJ 495 1.850 0.2351 0.7941
2LBJ 496 1.801 0.2432 0.8235
2LBJ 497 1.794 0.2493 0.8235
2LBJ 498 1.874 0.2344 0.8088
2LBJ 499 1.781 0.2646 0.8235
2LBJ 500 1.798 0.2747 0.8235
2LBJ 501 1.790 0.2591 0.8235
2LBJ 502 1.821 0.2794 0.8088
2LBJ 503 1.856 0.2483 0.7794
2LBJ 504 1.780 0.2572 0.8088
2LBJ 505 1.791 0.2746 0.8088
2LBJ 506 1.726 0.3079 0.8235
2LBJ 507 1.822 0.2789 0.8088
2LBJ 508 1.817 0.2938 0.8088
2LBJ 509 1.752 0.2718 0.8088
2LBJ 510 1.753 0.2715 0.8088
2LBJ 511 1.753 0.2922 0.8088
2LBJ 512 1.786 0.2793 0.8235
2LBJ 513 1.778 0.2997 0.8235
2LBJ 514 1.768 0.2730 0.8088
2LBJ 515 1.805 0.2804 0.8088
2LBJ 516 1.828 0.2741 0.8088
2LBJ 517 1.801 0.2752 0.8235
2LBJ 518 1.793 0.2946 0.8235
2LBJ 519 1.814 0.2957 0.8088
2LBJ 520 1.806 0.2666 0.8235
2LBJ 521 1.778 0.2846 0.8088
2LBJ 522 1.794 0.2555 0.8088
2LBJ 523 1.755 0.2612 0.8088
2LBJ 524 1.798 0.2822 0.8088
2LBJ 525 1.854 0.2700 0.8088
2LBJ 526 1.803 0.2680 0.8088
2LBJ 527 1.780 0.2892 0.8088
2LBJ 528 1.830 0.2785 0.8235
2LBJ 529 1.737 0.2832 0.8235
2LBJ 530 1.837 0.2510 0.8088
2LBJ 531 1.748 0.2771 0.8088
2LBJ 532 1.818 0.2640 0.8088
2LBJ 533 1.784 0.2766 0.8088
2LBJ 534 1.810 0.2947 0.8235
2LBJ 535 1.751 0.2868 0.8088
2LBJ 536 1.730 0.2835 0.8235
2LBJ 537 1.789 0.2839 0.8088
2LBJ 538 1.795 0.2904 0.8235
2LBJ 539 1.762 0.2838 0.8088
2LBJ 540 1.808 0.2595 0.7941
2LBJ 541 1.811 0.2631 0.7941
2LBJ 542 1.727 0.2864 0.8235
2LBJ 543 1.727 0.2829 0.8235
2LBJ 544 1.728 0.2605 0.8235
2LBJ 545 1.733 0.2828 0.8235
2LBJ 546 1.774 0.2566 0.8088
2LBJ 547 1.799 0.2488 0.8088
2LBJ 548 1.708 0.2723 0.8235
2LBJ 549 1.716 0.2781 0.8235
2LBJ 550 1.746 0.2785 0.8235
2LBJ 551 1.665 0.2692 0.8382
2LBJ 552 1.733 0.2742 0.8235
2LBJ 553 1.771 0.2411 0.8088
2LBJ 554 1.789 0.2855 0.8088
2LBJ 555 1.797 0.2850 0.8088
2LBJ 556 1.666 0.2991 0.8382
2LBJ 557 1.588 0.2772 0.8382
2LBJ 558 1.657 0.2736 0.8235
2LBJ 559 1.616 0.3254 0.8382
2LBJ 560 1.715 0.2888 0.8235
2LBJ 561 1.672 0.2678 0.8235
2LBJ 562 1.677 0.2834 0.8382
2LBJ 563 1.729 0.2561 0.8382
2LBJ 564 1.681 0.3203 0.8235
2LBJ 565 1.774 0.2792 0.8235
2LBJ 566 1.774 0.2533 0.8235
2LBJ 567 1.644 0.3172 0.8382
2LBJ 568 1.680 0.2766 0.8382
2LBJ 569 1.677 0.3009 0.8088
2LBJ 570 1.786 0.2725 0.8235
2LBJ 571 1.756 0.2716 0.8235
2LBJ 572 1.756 0.3080 0.8235
2LBJ 573 1.783 0.2681 0.7941
2LBJ 574 1.726 0.2776 0.8235
2LBJ 575 1.788 0.2570 0.7941
2LBJ 576 1.826 0.2652 0.7794
2LBJ 577 1.713 0.2909 0.8088
2LBJ 578 1.698 0.3053 0.8382
2LBJ 579 1.748 0.2795 0.8088
2LBJ 580 1.679 0.2746 0.8382
2LBJ 581 1.659 0.2585 0.8088
2LBJ 582 1.721 0.2647 0.8088
2LBJ 583 1.717 0.2966 0.8088
2LBJ 584 1.789 0.3035 0.7941
2LBJ 585 1.732 0.2714 0.8235
2LBJ 586 1.735 0.2756 0.8235
2LBJ 587 1.715 0.2648 0.8088
2LBJ 588 1.657 0.2901 0.8382
2LBJ 589 1.747 0.2627 0.8088
2LBJ 590 1.797 0.2556 0.8235
2LBJ 591 1.696 0.2758 0.8382
2LBJ 592 1.690 0.2662 0.8235
2LBJ 593 1.759 0.2317 0.8235
2LBJ 594 1.709 0.2339 0.8382
2LBJ 595 1.825 0.2674 0.8235
2LBJ 596 1.776 0.2795 0.8382
2LBJ 597 1.834 0.2237 0.7941
2LBJ 598 1.800 0.2348 0.8088
2LBJ 599 1.789 0.2408 0.8088
2LBJ 600 1.760 0.2515 0.8088
2LBJ 601 1.784 0.2374 0.8088
2LBJ 602 1.764 0.2392 0.8088
2LBJ 603 1.815 0.2408 0.7794
2LBJ 604 1.811 0.2329 0.8235
2LBJ 605 1.815 0.2400 0.8088
2LBJ 606 1.836 0.2477 0.8088
2LBJ 607 1.965 0.2258 0.7941
2LBJ 608 1.822 0.2253 0.7794
2LBJ 609 1.937 0.2369 0.7941
2LBJ 610 1.828 0.2514 0.8088
2LBJ 611 1.849 0.2367 0.7941
2LBJ 612 1.948 0.2289 0.7794
2LBJ 613 1.802 0.2790 0.7941
2LBJ 614 1.919 0.2295 0.7794
2LBJ 615 1.920 0.2228 0.7794
2LBJ 616 1.982 0.2204 0.7794
2LBJ 617 1.811 0.2207 0.7941
2LBJ 618 1.947 0.2195 0.7941
2LBJ 619 1.866 0.2208 0.7941
2LBJ 620 1.892 0.2333 0.8088
2LBJ 621 1.808 0.2527 0.8235
2LBJ 622 1.861 0.2292 0.7941
2LBJ 623 1.831 0.2378 0.8088
2LBJ 624 1.842 0.2402 0.7941
2LBJ 625 1.796 0.2326 0.7794
2LBJ 626 1.804 0.2326 0.7794
2LBJ 627 1.855 0.2522 0.8088
2LBJ 628 1.834 0.2219 0.7941
2LBJ 629 1.825 0.2327 0.8088
2LBJ 630 1.831 0.2448 0.8088
2LBJ 631 1.875 0.2278 0.7794
2LBJ 632 1.767 0.2461 0.8088
2LBJ 633 1.786 0.2515 0.7941
2LBJ 634 1.855 0.2407 0.8088
2LBJ 635 1.872 0.2096 0.7794
2LBJ 636 1.817 0.2461 0.7941
2LBJ 637 1.831 0.2424 0.8235
2LBJ 638 1.896 0.2433 0.8088
2LBJ 639 1.851 0.2474 0.8088
2LBJ 640 1.803 0.2522 0.8088
2LBJ 641 1.835 0.2435 0.7941
2LBJ 642 1.781 0.2407 0.7941
2LBJ 643 1.967 0.2352 0.8088
2LBJ 644 1.915 0.2602 0.7794
2LBJ 645 1.909 0.2210 0.7941
2LBJ 646 2.076 0.2217 0.7500
2LBJ 647 1.867 0.2296 0.7794
2LBJ 648 1.867 0.2290 0.7794
2LBJ 649 1.833 0.2394 0.7794
2LBJ 650 1.839 0.2604 0.8088
2LBJ 651 1.887 0.2495 0.7941
2LBJ 652 1.789 0.2593 0.8235
2LBJ 653 1.983 0.2217 0.7794
2LBJ 654 1.894 0.2380 0.7941
2LBJ 655 1.957 0.2635 0.7794
2LBJ 656 1.894 0.2722 0.7941
2LBJ 657 1.851 0.2539 0.7941
2LBJ 658 1.863 0.2448 0.8088
2LBJ 659 1.885 0.2668 0.7941
2LBJ 660 1.920 0.2677 0.7941
2LBJ 661 1.929 0.2275 0.8088
2LBJ 662 1.835 0.2478 0.8088
2LBJ 663 1.890 0.2554 0.7941
2LBJ 664 2.005 0.2353 0.7647
2LBJ 665 2.041 0.2315 0.7647
2LBJ 666 1.848 0.2387 0.7941
2LBJ 667 1.805 0.2757 0.8088
2LBJ 668 1.873 0.2524 0.7794
2LBJ 669 1.854 0.2568 0.7941
2LBJ 670 1.847 0.2359 0.7794
2LBJ 671 2.002 0.2208 0.7794
2LBJ 672 1.829 0.2451 0.8088
2LBJ 673 1.898 0.2423 0.7941
2LBJ 674 1.870 0.2453 0.7794
2LBJ 675 1.939 0.2594 0.7794
2LBJ 676 1.904 0.2518 0.7794
2LBJ 677 2.002 0.2344 0.7794
2LBJ 678 1.897 0.2266 0.7794
2LBJ 679 1.962 0.2456 0.7794
2LBJ 680 1.961 0.2267 0.7794
2LBJ 681 1.966 0.2106 0.7794
2LBJ 682 1.913 0.2543 0.7794
2LBJ 683 1.930 0.2189 0.7794
2LBJ 684 1.734 0.2690 0.8382
2LBJ 685 1.826 0.2409 0.8088
2LBJ 686 1.833 0.2426 0.7794
2LBJ 687 1.821 0.2555 0.8088
2LBJ 688 1.846 0.2456 0.7941
2LBJ 689 1.941 0.2203 0.7941
2LBJ 690 1.782 0.2340 0.8088
2LBJ 691 1.778 0.2409 0.8235
2LBJ 692 1.966 0.2175 0.7647
2LBJ 693 1.935 0.2482 0.7794
2LBJ 694 1.956 0.2308 0.7941
2LBJ 695 2.048 0.2645 0.7794
2LBJ 696 2.047 0.2197 0.7647
2LBJ 697 1.979 0.2358 0.7794
2LBJ 698 1.994 0.2162 0.7794
2LBJ 699 1.969 0.2162 0.7794
2LBJ 700 1.982 0.2431 0.7941
2LBJ 701 2.035 0.2379 0.7794
2LBJ 702 1.911 0.2472 0.7941
2LBJ 703 1.847 0.2443 0.7794
2LBJ 704 1.994 0.2679 0.8088
2LBJ 705 1.851 0.2759 0.8088
2LBJ 706 1.940 0.2521 0.8088
2LBJ 707 2.059 0.2451 0.7794
2LBJ 708 2.041 0.2386 0.7794
2LBJ 709 2.116 0.2176 0.7794
2LBJ 710 1.931 0.2422 0.7941
2LBJ 711 1.890 0.2580 0.7794
2LBJ 712 2.155 0.2350 0.7794
2LBJ 713 1.906 0.2272 0.7941
2LBJ 714 2.038 0.2182 0.7794
2LBJ 715 1.932 0.2106 0.7941
2LBJ 716 1.931 0.2143 0.7647
2LBJ 717 1.920 0.2343 0.7794
2LBJ 718 1.904 0.2322 0.8088
2LBJ 719 1.977 0.2603 0.8088
2LBJ 720 2.029 0.2275 0.7647
2LBJ 721 2.078 0.2019 0.7794
2LBJ 722 1.911 0.2650 0.7794
2LBJ 723 1.776 0.2915 0.8235
2LBJ 724 2.182 0.2470 0.7794
2LBJ 725 2.053 0.2398 0.7941
2LBJ 726 1.810 0.2717 0.8382
2LBJ 727 1.908 0.2503 0.7941
2LBJ 728 1.896 0.2469 0.8235
2LBJ 729 2.049 0.2579 0.7794
2LBJ 730 2.035 0.2556 0.8235
2LBJ 731 1.872 0.3000 0.8382
2LBJ 732 1.822 0.3070 0.8088
2LBJ 733 2.051 0.2323 0.7941
2LBJ 734 1.775 0.2779 0.7941
2LBJ 735 1.881 0.2203 0.7941
2LBJ 736 1.837 0.2172 0.8088
2LBJ 737 1.653 0.2968 0.8382
2LBJ 738 1.887 0.2514 0.8382
2LBJ 739 1.805 0.2971 0.8382
2LBJ 740 1.870 0.2454 0.8235
2LBJ 741 1.947 0.2459 0.8382
2LBJ 742 2.047 0.2262 0.8235
2LBJ 743 1.751 0.2589 0.8676
2LBJ 744 1.881 0.2516 0.8235
2LBJ 745 1.973 0.2617 0.8235
2LBJ 746 1.916 0.2318 0.8382
2LBJ 747 1.725 0.2762 0.8529
2LBJ 748 1.821 0.2343 0.8235
2LBJ 749 2.009 0.2334 0.8235
2LBJ 750 1.940 0.2215 0.8235
2LBJ 751 1.917 0.2726 0.8529
2LBJ 752 1.911 0.2931 0.8382
2LBJ 753 1.788 0.2896 0.8676
2LBJ 754 2.044 0.2592 0.8235
2LBJ 755 1.787 0.2803 0.8824
2LBJ 756 1.789 0.2822 0.8676
2LBJ 757 1.981 0.2449 0.8235
2LBJ 758 1.743 0.2800 0.8676
2LBJ 759 1.641 0.3168 0.8676
2LBJ 760 1.936 0.2697 0.8529
2LBJ 761 2.058 0.2542 0.8235
2LBJ 762 1.924 0.2531 0.8235
2LBJ 763 1.674 0.2728 0.8971
2LBJ 764 1.710 0.3010 0.8676
2LBJ 765 1.894 0.2592 0.8529
2LBJ 766 1.860 0.2439 0.8235
2LBJ 767 1.566 0.2902 0.8676
2LBJ 768 1.819 0.2470 0.8235
2LBJ 769 1.799 0.3144 0.8971
2LBJ 770 1.987 0.2670 0.8235
2LBJ 771 1.925 0.2540 0.8676
2LBJ 772 1.787 0.2959 0.8824
2LBJ 773 1.855 0.2407 0.8382
2LBJ 774 1.819 0.2626 0.8676
2LBJ 775 1.949 0.2711 0.8382
2LBJ 776 2.085 0.2899 0.8382
2LBJ 777 1.820 0.2720 0.8235
2LBJ 778 1.961 0.2524 0.8529
2LBJ 779 2.162 0.2272 0.7941
2LBJ 780 1.936 0.3209 0.8529
2LBJ 781 1.906 0.2066 0.8088
2LBJ 782 1.845 0.2860 0.8382
2LBJ 783 1.985 0.2505 0.8529
2LBJ 784 1.972 0.2670 0.8382
2LBJ 785 1.786 0.2418 0.8382
2LBJ 786 1.960 0.2631 0.8235
2LBJ 787 1.939 0.2475 0.8382
2LBJ 788 2.030 0.2381 0.8235
2LBJ 789 2.201 0.2413 0.7941
2LBJ 790 1.918 0.2468 0.8382
2LBJ 791 1.788 0.2766 0.8676
2LBJ 792 2.114 0.2602 0.8235
2LBJ 793 1.814 0.2684 0.8676
2LBJ 794 1.973 0.2652 0.8529
2LBJ 795 1.875 0.2756 0.8529
2LBJ 796 1.744 0.2750 0.8529
2LBJ 797 1.833 0.2771 0.8382
2LBJ 798 1.875 0.2650 0.8235
2LBJ 799 1.782 0.2690 0.8529
2LBJ 800 1.964 0.3216 0.8529
2LBJ 801 2.164 0.2463 0.8088
2LBJ 802 1.881 0.2959 0.8529
2LBJ 803 1.850 0.2619 0.8382
2LBJ 804 1.883 0.2413 0.8235
2LBJ 805 1.909 0.2948 0.8235
2LBJ 806 1.949 0.2582 0.8529
2LBJ 807 1.750 0.2565 0.8235
2LBJ 808 2.015 0.2487 0.8235
2LBJ 809 1.818 0.2633 0.8382
2LBJ 810 2.003 0.2410 0.8235
2LBJ 811 1.971 0.2741 0.8382
2LBJ 812 1.692 0.2565 0.8382
2LBJ 813 1.664 0.2615 0.8382
2LBJ 814 1.908 0.2705 0.8235
2LBJ 815 1.815 0.2308 0.8529
2LBJ 816 1.918 0.2984 0.8529
2LBJ 817 1.929 0.2390 0.8235
2LBJ 818 1.798 0.2715 0.8529
2LBJ 819 1.818 0.2517 0.8529
2LBJ 820 1.933 0.2359 0.8382
2LBJ 821 1.895 0.2378 0.7941
2LBJ 822 1.791 0.2681 0.8824
2LBJ 823 1.800 0.2847 0.8676
2LBJ 824 2.089 0.2380 0.8088
2LBJ 825 1.817 0.2465 0.8382
2LBJ 826 1.848 0.2478 0.8529
2LBJ 827 2.104 0.2533 0.8088
2LBJ 828 1.752 0.2725 0.8676
2LBJ 829 1.854 0.2946 0.8824
2LBJ 830 2.116 0.2378 0.8088
2LBJ 831 1.896 0.2373 0.8088
2LBJ 832 1.750 0.2989 0.8971
2LBJ 833 1.877 0.2537 0.8529
2LBJ 834 1.942 0.2531 0.8235
2LBJ 835 1.881 0.2308 0.8235
2LBJ 836 1.976 0.2644 0.8235
2LBJ 837 2.059 0.2284 0.8382
2LBJ 838 1.961 0.2325 0.8088
2LBJ 839 2.175 0.2507 0.8235
2LBJ 840 2.085 0.2670 0.8235
2LBJ 841 2.185 0.2457 0.7941
2LBJ 842 1.795 0.2721 0.8529
2LBJ 843 1.739 0.2845 0.8529
2LBJ 844 1.929 0.2649 0.8382
2LBJ 845 1.978 0.2600 0.8382
2LBJ 846 1.931 0.2395 0.8382
2LBJ 847 1.876 0.2760 0.8382
2LBJ 848 1.945 0.2548 0.8529
2LBJ 849 1.822 0.2942 0.8529
2LBJ 850 1.951 0.2416 0.8235
2LBJ 851 1.980 0.2224 0.8235
2LBJ 852 1.780 0.3018 0.8382
2LBJ 853 1.894 0.2343 0.8382
2LBJ 854 1.605 0.3000 0.8676
2LBJ 855 2.053 0.2551 0.8235
2LBJ 856 1.887 0.2626 0.8382
2LBJ 857 1.828 0.3021 0.8529
2LBJ 858 1.835 0.2517 0.8235
2LBJ 859 1.825 0.2549 0.8529
2LBJ 860 1.921 0.2483 0.8382
2LBJ 861 1.927 0.2342 0.8088
2LBJ 862 1.855 0.2508 0.8382
2LBJ 863 1.754 0.2510 0.8382
2LBJ 864 2.117 0.2257 0.8088
2LBJ 865 1.710 0.2580 0.8382
2LBJ 866 1.888 0.2755 0.8382
2LBJ 867 1.947 0.2599 0.8235
2LBJ 868 2.046 0.2662 0.8088
2LBJ 869 1.949 0.2422 0.8529
2LBJ 870 1.633 0.3058 0.8529
2LBJ 871 1.759 0.2664 0.8676
2LBJ 872 2.004 0.2092 0.8088
2LBJ 873 1.884 0.2361 0.7794
2LBJ 874 1.769 0.2655 0.8529
2LBJ 875 1.986 0.2353 0.8088
2LBJ 876 1.851 0.2834 0.8235
2LBJ 877 1.849 0.2632 0.8529
2LBJ 878 1.824 0.2489 0.8088
2LBJ 879 1.753 0.2422 0.8235
2LBJ 880 1.730 0.3084 0.8382
2LBJ 881 1.775 0.2983 0.8529
2LBJ 882 1.932 0.2536 0.8382
2LBJ 883 2.060 0.2817 0.8382
2LBJ 884 1.947 0.2384 0.8235
2LBJ 885 1.792 0.2640 0.8382
2LBJ 886 1.756 0.2349 0.8235
2LBJ 887 1.787 0.2765 0.8529
2LBJ 888 1.866 0.2610 0.8088
2LBJ 889 1.836 0.2757 0.8529
2LBJ 890 1.840 0.2452 0.8235
2LBJ 891 2.020 0.2428 0.8382
2LBJ 892 1.741 0.2745 0.8529
2LBJ 893 1.731 0.2467 0.8529
2LBJ 894 2.015 0.2353 0.8235
2LBJ 895 1.940 0.2465 0.8382
2LBJ 896 1.913 0.2776 0.8529
2LBJ 897 1.767 0.2607 0.8529
2LBJ 898 1.755 0.2674 0.8529
2LBJ 899 1.875 0.2621 0.8235
2LBJ 900 1.860 0.2612 0.8529
2LBJ 901 1.997 0.2168 0.7941
2LBJ 902 1.788 0.2660 0.8382
2LBJ 903 1.773 0.2488 0.8235
2LBJ 904 1.964 0.2409 0.8235
2LBJ 905 1.943 0.2551 0.8235
2LBJ 906 1.847 0.2656 0.8382
2LBJ 907 1.623 0.2715 0.8382
2LBJ 908 1.892 0.2588 0.8235
2LBJ 909 1.689 0.2986 0.8529
2LBJ 910 1.854 0.2438 0.8382
2LBJ 911 1.658 0.2673 0.8529
2LBJ 912 1.889 0.2479 0.8382
2LBJ 913 1.873 0.2791 0.8529
2LBJ 914 1.959 0.2401 0.8235
2LBJ 915 1.806 0.2719 0.8529
2LBJ 916 1.795 0.2676 0.8824
2LBJ 917 1.941 0.2321 0.7941
2LBJ 918 1.984 0.2577 0.8235
2LBJ 919 1.755 0.2469 0.8235
2LBJ 920 2.020 0.2528 0.8382
2LBJ 921 1.910 0.2422 0.8235
2LBJ 922 1.908 0.2505 0.8382
2LBJ 923 1.860 0.2353 0.8382
2LBJ 924 2.017 0.2650 0.8382
2LBJ 925 1.806 0.2898 0.8529
2LBJ 926 1.573 0.3075 0.8971
2LBJ 927 1.986 0.2593 0.8088
2LBJ 928 2.011 0.2721 0.8382
2LBJ 929 1.735 0.2824 0.8529
2LBJ 930 2.058 0.2361 0.8235
2LBJ 931 1.885 0.2313 0.8382
2LBJ 932 1.742 0.2350 0.8529
2LBJ 933 1.838 0.2528 0.8235
2LBJ 934 1.921 0.2640 0.8529
2LBJ 935 1.806 0.2549 0.8529
2LBJ 936 1.998 0.2286 0.8088
2LBJ 937 2.111 0.2608 0.7941
2LBJ 938 1.800 0.3205 0.8676
2LBJ 939 1.957 0.2652 0.8235
2LBJ 940 1.862 0.2571 0.8382
2LBJ 941 1.849 0.2667 0.8382
2LBJ 942 1.865 0.2930 0.8235
2LBJ 943 1.957 0.2232 0.8235
2LBJ 944 1.795 0.3004 0.8529
2LBJ 945 1.791 0.3091 0.8824
2LBJ 946 2.058 0.2396 0.8088
2LBJ 947 1.643 0.2672 0.8676
2LBJ 948 2.061 0.2276 0.8088
2LBJ 949 1.772 0.2461 0.8529
2LBJ 950 1.840 0.2608 0.8529
2LBJ 951 1.945 0.2675 0.8529
2LBJ 952 1.840 0.2887 0.8382
2LBJ 953 1.842 0.2607 0.8235
2LBJ 954 2.137 0.2534 0.8235
2LBJ 955 1.813 0.2936 0.8529
2LBJ 956 1.816 0.2740 0.8235
2LBJ 957 1.774 0.2657 0.8382
2LBJ 958 1.982 0.2474 0.8529
2LBJ 959 1.687 0.2730 0.8529
2LBJ 960 1.785 0.2834 0.8382
2LBJ 961 1.682 0.2913 0.8382
2LBJ 962 1.933 0.2425 0.8382
2LBJ 963 2.042 0.2995 0.8235
2LBJ 964 2.127 0.2575 0.8235
2LBJ 965 1.846 0.2642 0.8235
2LBJ 966 1.744 0.2544 0.8235
2LBJ 967 2.070 0.2523 0.8088
2LBJ 968 1.864 0.2729 0.7941
2LBJ 969 1.967 0.2471 0.8382
2LBJ 970 1.969 0.2702 0.8088
2LBJ 971 1.776 0.2704 0.8676
2LBJ 972 2.001 0.2726 0.8382
2LBJ 973 1.654 0.2793 0.8382
2LBJ 974 1.746 0.2746 0.8824
2LBJ 975 1.932 0.2456 0.8235
2LBJ 976 1.854 0.2464 0.8382
2LBJ 977 2.099 0.2508 0.8235
2LBJ 978 2.057 0.2534 0.8235
2LBJ 979 2.007 0.2798 0.8235
2LBJ 980 1.779 0.2583 0.8235
2LBJ 981 1.891 0.2553 0.8382
2LBJ 982 1.999 0.2852 0.8088
2LBJ 983 1.909 0.2553 0.8235
2LBJ 984 1.885 0.2895 0.8235
2LBJ 985 1.967 0.2470 0.8088
2LBJ 986 1.851 0.2738 0.8382
2LBJ 987 2.006 0.2409 0.8235
2LBJ 988 2.134 0.2590 0.8088
2LBJ 989 1.908 0.2772 0.8235
2LBJ 990 1.590 0.2596 0.8529
2LBJ 991 1.673 0.2714 0.8382
2LBJ 992 1.802 0.2417 0.8676
2LBJ 993 1.912 0.2548 0.8382
2LBJ 994 2.049 0.2249 0.8235
2LBJ 995 1.665 0.2694 0.8382
2LBJ 996 1.943 0.2313 0.8235
2LBJ 997 1.876 0.2269 0.8235
2LBJ 998 1.939 0.2686 0.8235
2LBJ 999 1.953 0.2644 0.8382
2LBJ 1000 1.849 0.3140 0.8235
2LBJ 1001 1.968 0.2532 0.7941
2LBJ 1002 2.127 0.2202 0.8235
2LBJ 1003 1.827 0.2506 0.8529
2LBJ 1004 2.162 0.2395 0.8088
2LBJ 1005 1.836 0.2629 0.8382
2LBJ 1006 1.869 0.2461 0.8382
2LBJ 1007 1.912 0.2413 0.8382
2LBJ 1008 1.894 0.2540 0.8382
2LBJ 1009 1.730 0.2598 0.8529
2LBJ 1010 1.999 0.2708 0.8382
2LBJ 1011 1.750 0.2590 0.8382
2LBJ 1012 1.971 0.2569 0.8088
2LBJ 1013 1.784 0.2686 0.8529
2LBJ 1014 1.676 0.2587 0.8235
2LBJ 1015 1.954 0.2349 0.8382
2LBJ 1016 1.979 0.2253 0.8235
2LBJ 1017 1.666 0.2708 0.8382
2LBJ 1018 2.016 0.2641 0.8088
2LBJ 1019 2.238 0.2454 0.8235
2LBJ 1020 1.788 0.2577 0.8382
2LBJ 1021 1.592 0.3411 0.8676
2LBJ 1022 1.905 0.2267 0.8088
2LBJ 1023 1.988 0.2501 0.8235
2LBJ 1024 1.953 0.2312 0.8235
2LBJ 1025 2.119 0.2524 0.8235
2LBJ 1026 2.062 0.2456 0.8235
2LBJ 1027 2.062 0.2346 0.8088
2LBJ 1028 1.703 0.2906 0.8529
2LBJ 1029 2.002 0.2721 0.8088
2LBJ 1030 2.022 0.2841 0.8529
2LBJ 1031 2.141 0.3063 0.8529
2LBJ 1032 2.056 0.2585 0.7794
2LBJ 1033 1.700 0.2565 0.8382
2LBJ 1034 2.006 0.2894 0.8235
2LBJ 1035 1.848 0.2662 0.8235
2LBJ 1036 1.924 0.2494 0.7941
2LBJ 1037 1.946 0.2269 0.7794
2LBJ 1038 1.985 0.2889 0.8382
2LBJ 1039 1.867 0.2202 0.7794
2LBJ 1040 1.729 0.2587 0.8382
2LBJ 1041 1.823 0.2688 0.8088
2LBJ 1042 2.136 0.2557 0.7647
2LBJ 1043 2.108 0.2430 0.7647
2LBJ 1044 1.953 0.2475 0.7500
2LBJ 1045 1.959 0.2416 0.7647
2LBJ 1046 1.856 0.2685 0.7794
2LBJ 1047 2.026 0.2049 0.7500
2LBJ 1048 1.871 0.2274 0.7941
2LBJ 1049 2.054 0.2358 0.7794
2LBJ 1050 1.906 0.2471 0.7647
2LBJ 1051 2.045 0.2363 0.7500
2LBJ 1052 1.941 0.2580 0.7794
2LBJ 1053 1.961 0.2650 0.7647
2LBJ 1054 2.209 0.2266 0.7794
2LBJ 1055 2.179 0.2474 0.7500
2LBJ 1056 2.027 0.2379 0.7647
2LBJ 1057 2.021 0.2314 0.7647
2LBJ 1058 2.170 0.2544 0.7647
2LBJ 1059 1.890 0.2472 0.7794
2LBJ 1060 1.896 0.2301 0.7647
2LBJ 1061 2.173 0.2098 0.7353
2LBJ 1062 1.993 0.2474 0.7647
2LBJ 1063 1.993 0.2617 0.7647
2LBJ 1064 1.963 0.2322 0.7794
2LBJ 1065 2.019 0.2096 0.7500
2LBJ 1066 1.857 0.2971 0.7794
2LBJ 1067 2.041 0.2465 0.7647
2LBJ 1068 2.190 0.2022 0.7500
2LBJ 1069 1.889 0.2327 0.7794
2LBJ 1070 1.911 0.2354 0.7794
2LBJ 1071 2.018 0.2154 0.7647
2LBJ 1072 1.891 0.2298 0.7941
2LBJ 1073 1.895 0.2055 0.7647
2LBJ 1074 1.818 0.2702 0.7794
2LBJ 1075 2.151 0.1883 0.7647
2LBJ 1076 1.864 0.2167 0.7647
2LBJ 1077 1.564 0.2627 0.8235
2LBJ 1078 2.122 0.2585 0.7794
2LBJ 1079 1.847 0.2494 0.8088
2LBJ 1080 1.777 0.2502 0.7794
2LBJ 1081 2.199 0.1997 0.7353
2LBJ 1082 2.114 0.2259 0.7500
2LBJ 1083 1.905 0.2256 0.7941
2LBJ 1084 1.915 0.2429 0.7794
2LBJ 1085 2.234 0.2424 0.7500
2LBJ 1086 2.455 0.2175 0.7500
2LBJ 1087 1.857 0.2530 0.7794
2LBJ 1088 1.678 0.2700 0.8235
2LBJ 1089 2.022 0.2459 0.7500
2LBJ 1090 2.032 0.2258 0.7941
2LBJ 1091 1.856 0.2550 0.7941
2LBJ 1092 2.176 0.2136 0.7500
2LBJ 1093 2.172 0.2293 0.7500
2LBJ 1094 1.849 0.2438 0.7794
2LBJ 1095 1.808 0.2565 0.7794
2LBJ 1096 2.086 0.2677 0.7647
2LBJ 1097 1.901 0.2199 0.7941
2LBJ 1098 1.738 0.2406 0.7941
2LBJ 1099 2.127 0.2157 0.7941
2LBJ 1100 1.956 0.2216 0.7794
2LBJ 1101 1.804 0.2209 0.7941
2LBJ 1102 2.292 0.2316 0.7500
2LBJ 1103 2.073 0.2130 0.7647
2LBJ 1104 1.905 0.2613 0.7500
2LBJ 1105 2.005 0.2116 0.7500
2LBJ 1106 2.024 0.2114 0.7500
2LBJ 1107 2.159 0.2069 0.7647
2LBJ 1108 2.249 0.2552 0.7500
2LBJ 1109 2.341 0.2485 0.7500
2LBJ 1110 2.280 0.2594 0.7500
2LBJ 1111 2.167 0.2387 0.7500
2LBJ 1112 2.217 0.2395 0.7500
2LBJ 1113 2.037 0.2318 0.7647
2LBJ 1114 2.112 0.2325 0.7647
2LBJ 1115 2.142 0.2297 0.7353
2LBJ 1116 2.258 0.2478 0.7500
2LBJ 1117 2.282 0.2124 0.7500
2LBJ 1118 1.929 0.2541 0.7647
2LBJ 1119 1.918 0.2243 0.7794
2LBJ 1120 2.274 0.2382 0.7353
2LBJ 1121 2.340 0.2373 0.7500
2LBJ 1122 2.297 0.2070 0.7500
2LBJ 1123 2.022 0.3051 0.7647
2LBJ 1124 2.448 0.2372 0.7353
2LBJ 1125 2.210 0.2470 0.7353
2LBJ 1126 2.259 0.2213 0.7500
2LBJ 1127 2.025 0.1925 0.7500
2LBJ 1128 1.939 0.2388 0.7647
2LBJ 1129 2.285 0.2175 0.7500
2LBJ 1130 2.295 0.2306 0.7647
2LBJ 1131 1.822 0.2572 0.7941
2LBJ 1132 1.818 0.2340 0.7794
2LBJ 1133 2.223 0.2304 0.7647
2LBJ 1134 2.058 0.2532 0.7647
2LBJ 1135 2.302 0.2233 0.7353
2LBJ 1136 2.424 0.2540 0.7353
2LBJ 1137 1.891 0.2490 0.7500
2LBJ 1138 1.858 0.2318 0.7941
2LBJ 1139 2.257 0.2266 0.7500
2LBJ 1140 2.129 0.2589 0.7500
2LBJ 1141 2.049 0.2425 0.7353
2LBJ 1142 2.047 0.2487 0.7647
2LBJ 1143 2.005 0.2416 0.7500
2LBJ 1144 1.922 0.2571 0.7647
2LBJ 1145 2.225 0.2232 0.7353
2LBJ 1146 2.356 0.2664 0.7353
2LBJ 1147 2.313 0.2103 0.7353
2LBJ 1148 2.088 0.2354 0.7353
2LBJ 1149 2.195 0.2572 0.7647
2LBJ 1150 2.019 0.2338 0.7794
2LBJ 1151 2.085 0.2541 0.7794
2LBJ 1152 2.319 0.2328 0.7206
2LBJ 1153 1.997 0.2639 0.7941
2LBJ 1154 2.053 0.2301 0.7647
2LBJ 1155 1.890 0.2543 0.7647
2LBJ 1156 2.146 0.2406 0.7500
2LBJ 1157 2.371 0.2316 0.7206
2LBJ 1158 2.154 0.2236 0.7206
2LBJ 1159 2.060 0.2057 0.7353
2LBJ 1160 2.368 0.2376 0.7206
2LBJ 1161 2.107 0.2636 0.7353
2LBJ 1162 1.849 0.2701 0.7794
2LBJ 1163 2.265 0.2261 0.7353
2LBJ 1164 1.789 0.2390 0.7647
2LBJ 1165 2.213 0.2535 0.7647
2LBJ 1166 2.087 0.2930 0.7500
2LBJ 1167 2.099 0.2326 0.7500
2LBJ 1168 2.201 0.2349 0.7647
2LBJ 1169 2.402 0.2288 0.7206
2LBJ 1170 2.287 0.2322 0.7647
2LBJ 1171 1.937 0.2516 0.7647
2LBJ 1172 2.279 0.2321 0.7206
2LBJ 1173 2.299 0.2463 0.7206
2LBJ 1174 1.926 0.2002 0.7794
2LBJ 1175 2.137 0.2278 0.7353
2LBJ 1176 2.062 0.2196 0.7794
2LBJ 1177 2.105 0.2134 0.7647
2LBJ 1178 1.944 0.2759 0.7500
2LBJ 1179 1.876 0.2253 0.7794
2LBJ 1180 2.269 0.2361 0.7647
2LBJ 1181 2.182 0.2128 0.7941
2LBJ 1182 2.214 0.2531 0.7500
2LBJ 1183 1.979 0.2125 0.7794
2LBJ 1184 1.936 0.2060 0.7647
2LBJ 1185 2.114 0.2536 0.7647
2LBJ 1186 2.053 0.2641 0.7647
2LBJ 1187 2.176 0.2267 0.7353
2LBJ 1188 2.099 0.2554 0.7647
2LBJ 1189 1.901 0.2386 0.7794
2LBJ 1190 2.140 0.2631 0.7647
2LBJ 1191 2.349 0.2231 0.7353
2LBJ 1192 1.864 0.2513 0.7794
2LBJ 1193 1.946 0.2379 0.7647
2LBJ 1194 2.036 0.2628 0.7500
2LBJ 1195 2.202 0.2316 0.7500
2LBJ 1196 2.110 0.2362 0.7794
2LBJ 1197 2.010 0.2641 0.7500
2LBJ 1198 2.043 0.2586 0.7941
2LBJ 1199 2.118 0.2952 0.7500
2LBJ 1200 2.347 0.2226 0.7206
2LBJ 1201 2.005 0.2788 0.7647
2LBJ 1202 2.407 0.2092 0.7206
2LBJ 1203 1.904 0.2804 0.7941
2LBJ 1204 1.953 0.2539 0.7647
2LBJ 1205 2.563 0.2109 0.7353
2LBJ 1206 2.052 0.2376 0.7500
2LBJ 1207 1.933 0.2525 0.7794
2LBJ 1208 2.088 0.2350 0.7794
2LBJ 1209 2.264 0.2428 0.7500
2LBJ 1210 2.185 0.2150 0.7500
2LBJ 1211 2.040 0.2475 0.7794
2LBJ 1212 2.041 0.2772 0.7647
2LBJ 1213 2.179 0.2368 0.7794
2LBJ 1214 1.758 0.2288 0.7794
2LBJ 1215 2.175 0.2274 0.7353
2LBJ 1216 2.543 0.1931 0.7059
2LBJ 1217 2.092 0.2391 0.7794
2LBJ 1218 2.199 0.2470 0.7353
2LBJ 1219 2.112 0.2199 0.7500
2LBJ 1220 1.998 0.2283 0.7647
2LBJ 1221 2.098 0.2907 0.7941
2LBJ 1222 2.249 0.2463 0.7794
2LBJ 1223 2.132 0.2521 0.7500
2LBJ 1224 1.848 0.2211 0.8088
2LBJ 1225 1.859 0.2138 0.7794
2LBJ 1226 2.106 0.2019 0.7353
2LBJ 1227 2.262 0.2352 0.7647
2LBJ 1228 2.062 0.2340 0.7647
2LBJ 1229 2.148 0.2293 0.7353
2LBJ 1230 2.026 0.2501 0.7794
2LBJ 1231 1.976 0.2334 0.7647
2LBJ 1232 1.860 0.2265 0.7794
2LBJ 1233 2.167 0.2336 0.7353
2LBJ 1234 2.303 0.2247 0.7500
2LBJ 1235 2.187 0.2431 0.7500
2LBJ 1236 2.201 0.2552 0.7500
2LBJ 1237 2.367 0.2338 0.7500
2LBJ 1238 2.126 0.2163 0.7647
2LBJ 1239 2.368 0.2192 0.7353
2LBJ 1240 2.066 0.2556 0.7500
2LBJ 1241 2.152 0.2367 0.7500
2LBJ 1242 2.047 0.2419 0.7647
2LBJ 1243 2.003 0.2079 0.7941
2LBJ 1244 2.240 0.2202 0.7647
2LBJ 1245 2.169 0.2360 0.7647
2LBJ 1246 2.021 0.2687 0.7941
2LBJ 1247 1.843 0.2884 0.7794
2LBJ 1248 2.118 0.2345 0.7941
2LBJ 1249 2.575 0.2347 0.7353
2LBJ 1250 1.786 0.2806 0.8088
2LBJ 1251 1.784 0.2350 0.7794
2LBJ 1252 2.309 0.2095 0.7500
2LBJ 1253 2.071 0.3004 0.8235
2LBJ 1254 1.748 0.2700 0.8382
2LBJ 1255 2.195 0.2496 0.7647
2LBJ 1256 1.988 0.2311 0.7941
2LBJ 1257 1.632 0.2493 0.8382
2LBJ 1258 2.211 0.1947 0.7500
2LBJ 1259 1.937 0.2313 0.7941
2LBJ 1260 1.694 0.2621 0.8235
2LBJ 1261 1.935 0.2402 0.7794
2LBJ 1262 1.928 0.2483 0.7941
2LBJ 1263 2.212 0.2285 0.7500
2LBJ 1264 2.041 0.2486 0.7794
2LBJ 1265 2.206 0.2520 0.7794
2LBJ 1266 2.010 0.2751 0.7941
2LBJ 1267 2.071 0.2835 0.7941
2LBJ 1268 2.085 0.2873 0.7794
2LBJ 1269 1.840 0.2332 0.8088
2LBJ 1270 1.936 0.2499 0.7941
2LBJ 1271 1.929 0.2677 0.7941
2LBJ 1272 2.275 0.3014 0.7794
2LBJ 1273 1.856 0.2443 0.8088
2LBJ 1274 2.324 0.2592 0.7794
2LBJ 1275 1.684 0.2248 0.8235
2LBJ 1276 1.963 0.2715 0.7794
2LBJ 1277 1.935 0.2000 0.7941
2LBJ 1278 2.280 0.2229 0.7794
2LBJ 1279 1.983 0.2733 0.7941
2LBJ 1280 1.756 0.2232 0.7941
2LBJ 1281 1.892 0.2700 0.7941
2LBJ 1282 1.958 0.2302 0.7794
2LBJ 1283 2.132 0.2334 0.7794
2LBJ 1284 2.071 0.1906 0.7500
2LBJ 1285 1.813 0.2387 0.7941
2LBJ 1286 2.112 0.2461 0.7647
2LBJ 1287 1.821 0.2548 0.8088
2LBJ 1288 1.919 0.2471 0.7941
2LBJ 1289 2.041 0.2476 0.7647
2LBJ 1290 2.026 0.2355 0.7647
2LBJ 1291 1.944 0.2438 0.7647
2LBJ 1292 2.042 0.2211 0.7647
2LBJ 1293 1.756 0.2478 0.8235
2LBJ 1294 2.254 0.2611 0.7647
2LBJ 1295 1.676 0.2732 0.8088
2LBJ 1296 1.907 0.2928 0.8235
2LBJ 1297 2.112 0.2320 0.7647
2LBJ 1298 2.185 0.2192 0.7500
2LBJ 1299 1.753 0.2653 0.8088
2LBJ 1300 1.964 0.2448 0.7941
2LBJ 1301 1.830 0.2669 0.7941
2LBJ 1302 1.926 0.2250 0.7794
2LBJ 1303 1.850 0.2436 0.7941
2LBJ 1304 2.041 0.2733 0.7941
2LBJ 1305 1.842 0.2259 0.7941
2LBJ 1306 1.849 0.2375 0.7941
2LBJ 1307 1.642 0.2899 0.8235
2LBJ 1308 1.672 0.2299 0.8235
2LBJ 1309 1.776 0.2428 0.8088
2LBJ 1310 2.154 0.2261 0.7794
2LBJ 1311 2.047 0.2595 0.7941
2LBJ 1312 2.289 0.2160 0.7647
2LBJ 1313 1.719 0.2305 0.8235
2LBJ 1314 1.857 0.2191 0.7941
2LBJ 1315 1.874 0.2791 0.8382
2LBJ 1316 2.078 0.2587 0.7794
2LBJ 1317 2.085 0.2124 0.7794
2LBJ 1318 1.934 0.2182 0.8088
2LBJ 1319 1.906 0.2515 0.8235
2LBJ 1320 1.472 0.2609 0.8235
2LBJ 1321 1.552 0.2956 0.8235
2LBJ 1322 1.519 0.2335 0.8382
2LBJ 1323 2.038 0.2194 0.7941
2LBJ 1324 2.194 0.2648 0.7941
2LBJ 1325 1.553 0.2429 0.8235
2LBJ 1326 1.593 0.2427 0.8088
2LBJ 1327 1.638 0.2366 0.7941
2LBJ 1328 1.501 0.2791 0.8529
2LBJ 1329 1.783 0.2239 0.8088
2LBJ 1330 1.892 0.2312 0.7941
2LBJ 1331 1.719 0.2537 0.8235
2LBJ 1332 1.626 0.2949 0.8088
2LBJ 1333 2.005 0.2354 0.8088
2LBJ 1334 1.683 0.2200 0.8088
2LBJ 1335 2.015 0.2507 0.8088
2LBJ 1336 1.751 0.2260 0.8382
2LBJ 1337 1.656 0.2490 0.8235
2LBJ 1338 2.093 0.2449 0.7941
2LBJ 1339 1.591 0.2434 0.8382
2LBJ 1340 1.856 0.2532 0.8088
2LBJ 1341 2.002 0.2169 0.8235
2LBJ 1342 1.671 0.2395 0.8088
2LBJ 1343 2.684 0.1870 0.7353
2LBJ 1344 1.591 0.2404 0.8235
2LBJ 1345 1.484 0.2529 0.8382
2LBJ 1346 1.895 0.2268 0.7794
2LBJ 1347 1.832 0.2102 0.8088
2LBJ 1348 2.210 0.2700 0.7794
2LBJ 1349 1.985 0.2941 0.7941
2LBJ 1350 1.630 0.2728 0.8088
2LBJ 1351 2.055 0.2103 0.7794
2LBJ 1352 2.132 0.2230 0.7647
2LBJ 1353 1.768 0.2604 0.7794
2LBJ 1354 2.022 0.2421 0.7794
2LBJ 1355 1.968 0.2459 0.7941
2LBJ 1356 1.956 0.1795 0.7500
2LBJ 1357 2.240 0.2615 0.7500
2LBJ 1358 1.878 0.2116 0.7794
2LBJ 1359 1.790 0.2533 0.8088
2LBJ 1360 1.562 0.2254 0.8382
2LBJ 1361 1.570 0.2330 0.8088
2LBJ 1362 1.729 0.1908 0.7794
2LBJ 1363 1.784 0.2265 0.8088
2LBJ 1364 1.847 0.2458 0.7647
2LBJ 1365 2.182 0.2286 0.7500
2LBJ 1366 2.204 0.2181 0.7206
2LBJ 1367 2.260 0.1982 0.7500
2LBJ 1368 2.030 0.2146 0.7647
2LBJ 1369 2.025 0.2480 0.7500
2LBJ 1370 1.724 0.2449 0.7941
2LBJ 1371 1.595 0.2096 0.7941
2LBJ 1372 1.880 0.2097 0.7794
2LBJ 1373 2.006 0.1853 0.7647
2LBJ 1374 1.755 0.2450 0.8088
2LBJ 1375 1.883 0.2395 0.7647
2LBJ 1376 1.819 0.2262 0.7794
2LBJ 1377 1.937 0.2385 0.7941
2LBJ 1378 1.992 0.2329 0.7794
2LBJ 1379 2.024 0.2032 0.7794
2LBJ 1380 2.118 0.2291 0.7647
2LBJ 1381 2.378 0.2625 0.7647
2LBJ 1382 1.924 0.2156 0.7941
2LBJ 1383 1.777 0.1711 0.7794
2LBJ 1384 1.745 0.2015 0.8088
2LBJ 1385 1.795 0.2368 0.8382
2LBJ 1386 1.746 0.2360 0.8088
2LBJ 1387 1.946 0.1909 0.7941
2LBJ 1388 1.744 0.2364 0.7941
2LBJ 1389 1.878 0.1925 0.7353
2LBJ 1390 2.054 0.1999 0.7500
2LBJ 1391 2.095 0.1970 0.7500
2LBJ 1392 2.097 0.2079 0.7647
2LBJ 1393 1.799 0.2010 0.7647
2LBJ 1394 2.121 0.2090 0.7647
2LBJ 1395 1.941 0.2566 0.7647
2LBJ 1396 1.936 0.2073 0.7941
2LBJ 1397 1.906 0.2705 0.7794
2LBJ 1398 1.807 0.2303 0.8088
2LBJ 1399 1.749 0.2655 0.8088
2LBJ 1400 1.942 0.2379 0.7794
2LBJ 1401 1.754 0.2414 0.7941
2LBJ 1402 2.403 0.1951 0.7206
2LBJ 1403 2.466 0.1964 0.7647
2LBJ 1404 2.265 0.2079 0.7500
2LBJ 1405 2.170 0.2049 0.7206
2LBJ 1406 2.147 0.2012 0.7206
2LBJ 1407 1.999 0.2249 0.7794
2LBJ 1408 2.408 0.1315 0.7206
2LBJ 1409 2.149 0.2456 0.7794
2LBJ 1410 2.274 0.1966 0.7647
2LBJ 1411 2.376 0.1933 0.7500
2LBJ 1412 2.120 0.2013 0.7353
2LBJ 1413 1.786 0.2426 0.8088
2LBJ 1414 1.751 0.2377 0.8088
2LBJ 1415 1.977 0.1842 0.8088
2LBJ 1416 1.626 0.2577 0.8235
2LBJ 1417 1.774 0.1949 0.7941
2LBJ 1418 1.851 0.2390 0.7941
2LBJ 1419 1.963 0.2193 0.8088
2LBJ 1420 1.812 0.2185 0.7794
2LBJ 1421 1.563 0.1941 0.8088
2LBJ 1422 1.829 0.2240 0.7941
2LBJ 1423 2.003 0.1697 0.7500
2LBJ 1424 1.699 0.2111 0.8088
2LBJ 1425 1.767 0.2091 0.8088
2LBJ 1426 2.109 0.1986 0.7647
2LBJ 1427 1.867 0.1995 0.7941
2LBJ 1428 1.770 0.1822 0.7794
2LBJ 1429 1.620 0.2067 0.8088
2LBJ 1430 1.627 0.2384 0.8529
2LBJ 1431 1.972 0.2118 0.7647
2LBJ 1432 1.436 0.2235 0.8235
2LBJ 1433 1.959 0.2187 0.7794
2LBJ 1434 1.953 0.2135 0.7500
2LBJ 1435 1.928 0.1689 0.7500
2LBJ 1436 1.826 0.2259 0.7794
2LBJ 1437 1.922 0.2245 0.7647
2LBJ 1438 1.734 0.1999 0.7941
2LBJ 1439 1.674 0.1797 0.7941
2LBJ 1440 1.883 0.1353 0.7500
2LBJ 1441 1.638 0.1735 0.7941
2LBJ 1442 1.948 0.2029 0.7647
2LBJ 1443 1.754 0.2505 0.7647
2LBJ 1444 1.916 0.1999 0.7353
2LBJ 1445 1.688 0.2533 0.7941
2LBJ 1446 1.538 0.2583 0.8382
2LBJ 1447 1.712 0.2645 0.8382
2LBJ 1448 2.099 0.2241 0.7500
2LBJ 1449 1.880 0.2046 0.8088
2LBJ 1450 2.139 0.2124 0.7794
2LBJ 1451 2.217 0.2359 0.7353
2LBJ 1452 1.763 0.2483 0.8088
2LBJ 1453 1.693 0.2661 0.8088
2LBJ 1454 1.616 0.3253 0.8235
2LBJ 1455 1.963 0.2311 0.7794
2LBJ 1456 1.728 0.2222 0.8088
2LBJ 1457 1.746 0.2114 0.8088
2LBJ 1458 1.896 0.2296 0.7794
2LBJ 1459 1.708 0.2362 0.7794
2LBJ 1460 1.634 0.2138 0.8235
2LBJ 1461 1.642 0.2131 0.8088
2LBJ 1462 1.507 0.2427 0.8382
2LBJ 1463 1.634 0.1984 0.8088
2LBJ 1464 1.742 0.2421 0.7794
2LBJ 1465 1.648 0.2408 0.8088
2LBJ 1466 1.923 0.2533 0.7500
2LBJ 1467 1.694 0.2206 0.8088
2LBJ 1468 1.477 0.2386 0.8382
2LBJ 1469 1.689 0.2333 0.7794
2LBJ 1470 1.807 0.3115 0.8088
2LBJ 1471 1.677 0.2402 0.8382
2LBJ 1472 2.013 0.2681 0.7941
2LBJ 1473 1.772 0.2305 0.8088
2LBJ 1474 2.186 0.1937 0.7941
2LBJ 1475 2.288 0.2489 0.7353
2LBJ 1476 1.770 0.2009 0.8088
2LBJ 1477 1.788 0.2117 0.8235
2LBJ 1478 1.717 0.2397 0.8382
2LBJ 1479 1.870 0.2249 0.7794
2LBJ 1480 1.970 0.2211 0.7794
2LBJ 1481 1.920 0.2261 0.7794
2LBJ 1482 1.729 0.2387 0.8088
2LBJ 1483 1.866 0.2297 0.7941
2LBJ 1484 1.993 0.2038 0.7794
2LBJ 1485 2.018 0.2195 0.7500
2LBJ 1486 2.034 0.2560 0.7941
2LBJ 1487 2.367 0.1769 0.7647
2LBJ 1488 2.233 0.2146 0.7941
2LBJ 1489 1.661 0.1985 0.7794
2LBJ 1490 2.168 0.2607 0.7794
2LBJ 1491 2.033 0.2223 0.7941
2LBJ 1492 1.938 0.2317 0.7794
2LBJ 1493 1.674 0.2258 0.7941
2LBJ 1494 1.815 0.2264 0.7941
2LBJ 1495 2.110 0.2115 0.7647
2LBJ 1496 2.404 0.2386 0.7647
2LBJ 1497 2.261 0.2258 0.7647
2LBJ 1498 2.425 0.1850 0.7500
2LBJ 1499 2.184 0.2297 0.8088
2LBJ 1500 2.346 0.2142 0.8088
2LBJ 1501 2.291 0.2012 0.7794
2LBJ 1502 1.800 0.2210 0.8088
2LBJ 1503 1.706 0.2110 0.8235
2LBJ 1504 2.147 0.2460 0.7500
2LBJ 1505 2.403 0.2409 0.7941
2LBJ 1506 2.315 0.2574 0.7794
2LBJ 1507 2.300 0.2124 0.7500
2LBJ 1508 2.431 0.2626 0.7500
2LBJ 1509 2.163 0.2292 0.7500
2LBJ 1510 1.961 0.2415 0.7794
2LBJ 1511 1.922 0.2022 0.7941
2LBJ 1512 1.930 0.1862 0.7500
2LBJ 1513 1.859 0.2112 0.7647
2LBJ 1514 2.025 0.2415 0.7941
2LBJ 1515 2.217 0.2154 0.7647
2LBJ 1516 2.185 0.2075 0.7794
2LBJ 1517 2.015 0.2145 0.7941
2LBJ 1518 1.978 0.2159 0.7941
2LBJ 1519 2.380 0.2371 0.7353
2LBJ 1520 2.197 0.2429 0.8088
2LBJ 1521 2.272 0.2354 0.8088
2LBJ 1522 2.284 0.2999 0.7941
2LBJ 1523 2.050 0.2287 0.8088
2LBJ 1524 2.188 0.2427 0.7500
2LBJ 1525 1.690 0.2513 0.8382
2LBJ 1526 2.351 0.2089 0.7500
2LBJ 1527 2.088 0.2088 0.7941
2LBJ 1528 2.023 0.2889 0.8088
2LBJ 1529 1.728 0.3002 0.8235
2LBJ 1530 1.752 0.2310 0.8382
2LBJ 1531 1.776 0.2548 0.8088
2LBJ 1532 1.985 0.2153 0.7794
2LBJ 1533 1.880 0.2206 0.7941
2LBJ 1534 2.043 0.2874 0.8088
2LBJ 1535 2.080 0.2011 0.7941
2LBJ 1536 2.094 0.2205 0.7353
2LBJ 1537 2.034 0.1961 0.7500
2LBJ 1538 2.209 0.2723 0.7941
2LBJ 1539 2.127 0.1822 0.7647
2LBJ 1540 1.958 0.2096 0.8235
2LBJ 1541 2.171 0.1601 0.7647
2LBJ 1542 2.398 0.1864 0.7353
2LBJ 1543 2.261 0.2353 0.7647
2LBJ 1544 2.045 0.2599 0.8088
2LBJ 1545 2.039 0.2599 0.7794
2LBJ 1546 2.031 0.2239 0.7353
2LBJ 1547 2.041 0.2083 0.7500
2LBJ 1548 2.075 0.2343 0.7941
2LBJ 1549 2.406 0.1984 0.7059
2LBJ 1550 1.956 0.2127 0.7941
2LBJ 1551 2.308 0.2634 0.7647
2LBJ 1552 2.662 0.2489 0.7353
2LBJ 1553 2.309 0.2368 0.7500
2LBJ 1554 2.049 0.2220 0.7941
2LBJ 1555 2.105 0.2348 0.7647
2LBJ 1556 2.178 0.1979 0.7500
2LBJ 1557 2.017 0.2312 0.7647
2LBJ 1558 2.210 0.1926 0.7500
2LBJ 1559 2.229 0.2175 0.7794
2LBJ 1560 2.535 0.1369 0.6765
2LBJ 1561 2.610 0.1795 0.6765
2LBJ 1562 2.613 0.1891 0.6912
2LBJ 1563 2.498 0.2192 0.7206
2LBJ 1564 2.374 0.1834 0.7059
2LBJ 1565 2.567 0.2005 0.6765
2LBJ 1566 2.408 0.1859 0.6912
2LBJ 1567 2.258 0.2314 0.7059
2LBJ 1568 2.368 0.1547 0.6912
2LBJ 1569 2.458 0.1820 0.7353
2LBJ 1570 2.552 0.1623 0.7059
2LBJ 1571 2.409 0.1677 0.6765
2LBJ 1572 2.074 0.1932 0.7647
2LBJ 1573 2.565 0.1401 0.6912
2LBJ 1574 2.167 0.1839 0.7500
2LBJ 1575 2.415 0.1908 0.7059
2LBJ 1576 2.457 0.1844 0.7059
2LBJ 1577 2.381 0.1949 0.7206
2LBJ 1578 2.703 0.1310 0.6471
2LBJ 1579 2.508 0.1776 0.7059
2LBJ 1580 2.543 0.1977 0.7206
2LBJ 1581 2.705 0.1962 0.7206
2LBJ 1582 2.488 0.1499 0.6912
2LBJ 1583 2.632 0.1765 0.6912
2LBJ 1584 2.435 0.1932 0.7059
2LBJ 1585 2.441 0.1883 0.7059
2LBJ 1586 2.413 0.1874 0.6912
2LBJ 1587 2.617 0.1914 0.6912
2LBJ 1588 2.097 0.1776 0.7500
2LBJ 1589 2.336 0.1629 0.7059
2LBJ 1590 2.511 0.1856 0.6912
2LBJ 1591 2.461 0.1622 0.6912
2LBJ 1592 2.706 0.1429 0.6912
2LBJ 1593 2.713 0.1460 0.6912
2LBJ 1594 2.664 0.1793 0.6765
2LBJ 1595 2.528 0.1649 0.7059
2LBJ 1596 2.547 0.1635 0.6912
2LBJ 1597 2.353 0.1626 0.7059
2LBJ 1598 2.237 0.1554 0.7353
2LBJ 1599 2.306 0.1808 0.7059
2LBJ 1600 2.376 0.1735 0.7206
2LBJ 1601 2.082 0.2061 0.7500
2LBJ 1602 2.097 0.1810 0.7647
2LBJ 1603 2.324 0.1761 0.7500
2LBJ 1604 2.380 0.1997 0.7794
2LBJ 1605 1.989 0.2467 0.7647
2LBJ 1606 2.721 0.1655 0.7059
2LBJ 1607 2.250 0.2165 0.7647
2LBJ 1608 2.546 0.1845 0.7353
2LBJ 1609 2.752 0.2687 0.7647
2LBJ 1610 2.828 0.2443 0.7647
2LBJ 1611 2.442 0.2061 0.7941
2LBJ 1612 2.571 0.1803 0.7353
2LBJ 1613 2.447 0.1846 0.7647
2LBJ 1614 2.723 0.2484 0.8235
2LBJ 1615 2.668 0.2074 0.7500
2LBJ 1616 2.827 0.2677 0.7941
2LBJ 1617 2.693 0.2554 0.7647
2LBJ 1618 2.821 0.1642 0.6912
2LBJ 1619 3.244 0.2135 0.7059
2LBJ 1620 3.190 0.2052 0.7059
2LBJ 1621 2.763 0.1962 0.7941
2LBJ 1622 2.980 0.2048 0.7647
2LBJ 1623 2.629 0.1953 0.7500
2LBJ 1624 2.429 0.2033 0.7647
2LBJ 1625 2.489 0.2300 0.7794
2LBJ 1626 2.581 0.1944 0.6912
2LBJ 1627 2.593 0.2877 0.7647
2LBJ 1628 2.427 0.1777 0.7059
2LBJ 1629 2.733 0.2598 0.7500
2LBJ 1630 2.516 0.1800 0.7500
2LBJ 1631 2.551 0.2245 0.7500
2LBJ 1632 2.425 0.2104 0.7647
2LBJ 1633 2.444 0.2694 0.7353
2LBJ 1634 2.183 0.2426 0.8088
2LBJ 1635 1.938 0.1935 0.7647
2LBJ 1636 2.130 0.2603 0.7794
2LBJ 1637 2.273 0.2149 0.7647
2LBJ 1638 1.825 0.2601 0.8088
2LBJ 1639 2.493 0.2194 0.7647
2LBJ 1640 1.793 0.2242 0.7794
2LBJ 1641 1.998 0.2117 0.8088
2LBJ 1642 1.895 0.2818 0.8235
2LBJ 1643 1.553 0.2703 0.8088
2LBJ 1644 1.684 0.2314 0.8529
2LBJ 1645 1.736 0.2523 0.8529
2LBJ 1646 2.541 0.2064 0.7353
2LBJ 1647 2.114 0.1636 0.7647
2LBJ 1648 2.364 0.1940 0.7353
2LBJ 1649 2.137 0.1806 0.7500
2LBJ 1650 2.249 0.2274 0.7794
2LBJ 1651 2.515 0.2464 0.7941
2LBJ 1652 2.151 0.2106 0.7647
2LBJ 1653 1.986 0.2264 0.7941
2LBJ 1654 2.094 0.2004 0.7206
2LBJ 1655 1.728 0.2324 0.8088
2LBJ 1656 1.783 0.2082 0.8235
2LBJ 1657 2.125 0.1892 0.7206
2LBJ 1658 2.090 0.2060 0.7794
2LBJ 1659 1.734 0.2184 0.8235
2LBJ 1660 2.074 0.1775 0.7500
2LBJ 1661 2.250 0.1744 0.7500
2LBJ 1662 2.618 0.2033 0.7353
2LBJ 1663 2.527 0.1650 0.7353
2LBJ 1664 2.343 0.1894 0.7353
2LBJ 1665 2.231 0.1548 0.7647
2LBJ 1666 2.316 0.2012 0.7500
2LBJ 1667 2.250 0.1721 0.7500
2LBJ 1668 2.493 0.1752 0.7353
2LBJ 1669 2.839 0.2621 0.7353
2LBJ 1670 2.986 0.1913 0.6765
2LBJ 1671 2.473 0.1730 0.7353
2LBJ 1672 2.854 0.2291 0.7500
2LBJ 1673 2.906 0.1932 0.7059
2LBJ 1674 2.655 0.2117 0.7647
2LBJ 1675 2.800 0.2271 0.7500
2LBJ 1676 2.105 0.2185 0.7794
2LBJ 1677 2.380 0.1540 0.6912
2LBJ 1678 2.537 0.1424 0.6912
2LBJ 1679 2.071 0.1557 0.7500
2LBJ 1680 2.187 0.2464 0.7647
2LBJ 1681 2.343 0.2427 0.8088
2LBJ 1682 2.578 0.2202 0.7794
2LBJ 1683 2.368 0.2230 0.7794
2LBJ 1684 2.456 0.2143 0.7794
2LBJ 1685 2.420 0.2537 0.7794
2LBJ 1686 2.514 0.2323 0.7500
2LBJ 1687 2.925 0.1664 0.6765
2LBJ 1688 2.917 0.2263 0.7206
2LBJ 1689 2.647 0.2008 0.7353
2LBJ 1690 3.011 0.1908 0.7059
2LBJ 1691 2.889 0.2306 0.7353
2LBJ 1692 2.660 0.1896 0.7794
2LBJ 1693 2.428 0.1758 0.7353
2LBJ 1694 2.710 0.2076 0.7647
2LBJ 1695 2.256 0.2121 0.7647
2LBJ 1696 2.634 0.1474 0.6765
2LBJ 1697 2.572 0.2334 0.7794
2LBJ 1698 3.126 0.1829 0.7206
2LBJ 1699 2.790 0.2205 0.7794
2LBJ 1700 2.958 0.2385 0.8088
2LBJ 1701 2.492 0.2075 0.8088
2LBJ 1702 2.556 0.2041 0.7794
2LBJ 1703 2.554 0.1676 0.7059
2LBJ 1704 2.927 0.1823 0.7206
2LBJ 1705 2.883 0.2452 0.7941
2LBJ 1706 3.020 0.2173 0.7794
2LBJ 1707 2.682 0.2320 0.7647
2LBJ 1708 3.177 0.1789 0.7059
2LBJ 1709 2.945 0.2453 0.7647
2LBJ 1710 2.963 0.2241 0.7353
2LBJ 1711 2.838 0.2062 0.7500
2LBJ 1712 2.885 0.2556 0.7941
2LBJ 1713 3.083 0.1918 0.6912
2LBJ 1714 2.812 0.1931 0.7500
2LBJ 1715 2.801 0.1940 0.7206
2LBJ 1716 2.871 0.1956 0.7500
2LBJ 1717 2.848 0.2270 0.7353
2LBJ 1718 2.676 0.1722 0.7500
2LBJ 1719 2.430 0.2642 0.8235
2LBJ 1720 2.542 0.1902 0.7353
2LBJ 1721 2.297 0.2171 0.7941
2LBJ 1722 2.909 0.2163 0.7647
2LBJ 1723 2.814 0.2148 0.7647
2LBJ 1724 2.570 0.2561 0.8088
2LBJ 1725 3.016 0.1766 0.7206
2LBJ 1726 3.075 0.1586 0.7059
2LBJ 1727 2.774 0.2044 0.7353
2LBJ 1728 2.844 0.2031 0.7500
2LBJ 1729 2.506 0.2430 0.7794
2LBJ 1730 3.154 0.2592 0.7500
2LBJ 1731 2.812 0.1929 0.7353
2LBJ 1732 2.698 0.1885 0.7353
2LBJ 1733 2.777 0.2147 0.7941
2LBJ 1734 2.665 0.1655 0.7353
2LBJ 1735 2.677 0.2073 0.7500
2LBJ 1736 2.658 0.2411 0.7500
2LBJ 1737 2.457 0.2533 0.7647
2LBJ 1738 2.795 0.1839 0.7500
2LBJ 1739 2.768 0.2015 0.7206
2LBJ 1740 2.565 0.2240 0.7794
2LBJ 1741 2.627 0.1790 0.7500
2LBJ 1742 2.957 0.1369 0.7206
2LBJ 1743 2.314 0.2001 0.7647
2LBJ 1744 2.549 0.1841 0.7794
2LBJ 1745 2.339 0.2546 0.7794
2LBJ 1746 2.685 0.1992 0.7353
2LBJ 1747 2.496 0.1790 0.7059
2LBJ 1748 1.981 0.2024 0.7794
2LBJ 1749 3.293 0.2226 0.7059
2LBJ 1750 2.457 0.1999 0.7353
2LBJ 1751 2.262 0.2127 0.7647
2LBJ 1752 2.514 0.1892 0.7353
2LBJ 1753 2.549 0.2240 0.7500
2LBJ 1754 2.812 0.1502 0.6618
2LBJ 1755 2.327 0.2354 0.7941
2LBJ 1756 2.342 0.2345 0.7794
2LBJ 1757 2.069 0.2525 0.7647
2LBJ 1758 2.142 0.2181 0.7647
2LBJ 1759 2.427 0.2119 0.7500
2LBJ 1760 2.361 0.1754 0.7647
2LBJ 1761 2.182 0.2648 0.8088
2LBJ 1762 2.346 0.2242 0.7794
2LBJ 1763 2.469 0.1753 0.7500
2LBJ 1764 2.439 0.2085 0.7353
2LBJ 1765 2.668 0.2614 0.7353
2LBJ 1766 2.377 0.2147 0.7647
2LBJ 1767 2.172 0.2154 0.7794
2LBJ 1768 2.815 0.2162 0.7647
2LBJ 1769 2.621 0.2371 0.7647
2LBJ 1770 2.784 0.1781 0.7059
2LBJ 1771 2.631 0.2078 0.7647
2LBJ 1772 2.633 0.2365 0.7353
2LBJ 1773 2.692 0.2154 0.7353
2LBJ 1774 2.816 0.1870 0.7353
2LBJ 1775 2.680 0.2305 0.7500
2LBJ 1776 2.849 0.2010 0.7353
2LBJ 1777 2.969 0.1769 0.6912
2LBJ 1778 3.060 0.2142 0.7353
2LBJ 1779 2.779 0.1865 0.7059
2LBJ 1780 2.683 0.2245 0.7353
2LBJ 1781 2.713 0.2081 0.7353
2LBJ 1782 3.159 0.2097 0.7647
2LBJ 1783 2.789 0.1877 0.7500
2LBJ 1784 3.282 0.1596 0.6618
2LBJ 1785 2.898 0.2105 0.7206
2LBJ 1786 3.343 0.1899 0.7059
2LBJ 1787 3.061 0.2538 0.7500
2LBJ 1788 2.904 0.2547 0.7941
2LBJ 1789 2.826 0.2045 0.7500
2LBJ 1790 2.480 0.2165 0.7941
2LBJ 1791 2.427 0.3080 0.8235
2LBJ 1792 2.344 0.2742 0.7941
2LBJ 1793 2.681 0.2110 0.7206
2LBJ 1794 2.186 0.2438 0.8088
2LBJ 1795 2.364 0.2425 0.7794
2LBJ 1796 2.316 0.2411 0.8088
2LBJ 1797 2.376 0.2833 0.7500
2LBJ 1798 2.044 0.2040 0.8235
2LBJ 1799 2.200 0.2756 0.7941
2LBJ 1800 2.143 0.2167 0.7794
2LBJ 1801 2.305 0.1906 0.7500
2LBJ 1802 2.611 0.1795 0.7059
2LBJ 1803 2.769 0.1830 0.7059
2LBJ 1804 2.352 0.1777 0.7500
2LBJ 1805 2.222 0.2356 0.7500
2LBJ 1806 2.261 0.2341 0.8088
2LBJ 1807 2.166 0.2658 0.8529
2LBJ 1808 2.846 0.2163 0.7941
2LBJ 1809 2.246 0.2132 0.7500
2LBJ 1810 2.262 0.2438 0.7647
2LBJ 1811 2.176 0.2267 0.7794
2LBJ 1812 1.670 0.2545 0.8529
2LBJ 1813 2.173 0.2824 0.8088
2LBJ 1814 2.209 0.2958 0.7794
2LBJ 1815 2.201 0.1695 0.7206
2LBJ 1816 1.719 0.1824 0.7941
2LBJ 1817 2.333 0.1808 0.7206
2LBJ 1818 2.650 0.2092 0.7353
2LBJ 1819 2.343 0.1680 0.7353
2LBJ 1820 2.263 0.1779 0.7500
2LBJ 1821 1.987 0.2517 0.8088
2LBJ 1822 2.256 0.2276 0.8088
2LBJ 1823 1.834 0.3964 0.8824
2LBJ 1824 2.163 0.2260 0.7794
2LBJ 1825 1.695 0.2848 0.8529
2LBJ 1826 2.082 0.2233 0.8088
2LBJ 1827 2.360 0.1856 0.7500
2LBJ 1828 2.264 0.2409 0.7794
2LBJ 1829 2.004 0.2334 0.8088
2LBJ 1830 2.622 0.2137 0.7206
2LBJ 1831 2.880 0.1973 0.7206
2LBJ 1832 2.605 0.1940 0.7353
2LBJ 1833 2.461 0.1973 0.7500
2LBJ 1834 2.712 0.1864 0.7353
2LBJ 1835 2.267 0.2474 0.7941
2LBJ 1836 2.539 0.2438 0.7794
2LBJ 1837 2.555 0.2307 0.8088
2LBJ 1838 2.297 0.2387 0.8382
2LBJ 1839 2.677 0.2081 0.7500
2LBJ 1840 2.424 0.2388 0.7941
2LBJ 1841 2.496 0.1957 0.7647
2LBJ 1842 2.257 0.2388 0.7941
2LBJ 1843 2.797 0.2003 0.7500
2LBJ 1844 1.772 0.2805 0.8235
2LBJ 1845 2.483 0.1512 0.6912
2LBJ 1846 2.172 0.1719 0.7647
2LBJ 1847 2.004 0.2368 0.8088
2LBJ 1848 2.510 0.1769 0.7206
2LBJ 1849 2.374 0.1861 0.7500
2LBJ 1850 2.167 0.2058 0.7794
2LBJ 1851 2.177 0.2322 0.7647
2LBJ 1852 2.693 0.1853 0.6912
2LBJ 1853 2.579 0.1844 0.7206
2LBJ 1854 2.458 0.2044 0.7206
2LBJ 1855 2.152 0.1884 0.7500
2LBJ 1856 2.049 0.2575 0.7794
2LBJ 1857 2.348 0.2135 0.7500
2LBJ 1858 2.091 0.2329 0.7794
2LBJ 1859 1.878 0.2734 0.8382
2LBJ 1860 1.538 0.2852 0.8382
2LBJ 1861 1.714 0.2270 0.8529
2LBJ 1862 2.375 0.2430 0.7647
2LBJ 1863 1.970 0.2394 0.8382
2LBJ 1864 2.035 0.2404 0.8088
2LBJ 1865 2.092 0.3021 0.7941
2LBJ 1866 1.803 0.2492 0.8088
2LBJ 1867 2.221 0.2020 0.7500
2LBJ 1868 2.188 0.2374 0.7647
2LBJ 1869 2.162 0.2458 0.7647
2LBJ 1870 2.096 0.2562 0.7353
2LBJ 1871 2.035 0.2151 0.7647
2LBJ 1872 2.219 0.2376 0.7500
2LBJ 1873 2.164 0.2137 0.7794
2LBJ 1874 2.231 0.2533 0.7500
2LBJ 1875 1.943 0.2118 0.7500
2LBJ 1876 2.288 0.2278 0.7500
2LBJ 1877 1.964 0.2088 0.7647
2LBJ 1878 1.826 0.2207 0.7794
2LBJ 1879 1.859 0.2328 0.7941
2LBJ 1880 1.974 0.1636 0.7500
2LBJ 1881 1.936 0.1715 0.7647
2LBJ 1882 1.883 0.2280 0.7794
2LBJ 1883 2.087 0.1850 0.7794
2LBJ 1884 1.974 0.1623 0.7500
2LBJ 1885 2.103 0.1553 0.7206
2LBJ 1886 2.292 0.1649 0.7353
2LBJ 1887 2.182 0.1556 0.7206
2LBJ 1888 1.750 0.2257 0.8235
2LBJ 1889 2.165 0.1553 0.7647
2LBJ 1890 2.169 0.2223 0.7647
2LBJ 1891 1.814 0.2790 0.8088
2LBJ 1892 1.862 0.2032 0.7647
2LBJ 1893 2.000 0.1906 0.7500
2LBJ 1894 1.683 0.2067 0.8088
2LBJ 1895 1.930 0.2585 0.7794
2LBJ 1896 1.547 0.2673 0.8235
2LBJ 1897 1.860 0.2665 0.7794
2LBJ 1898 2.048 0.2640 0.7353
2LBJ 1899 1.483 0.2186 0.8529
2LBJ 1900 1.759 0.2717 0.8088
2LBJ 1901 1.574 0.2561 0.8088
2LBJ 1902 2.220 0.1608 0.7353
2LBJ 1903 1.988 0.2024 0.7500
2LBJ 1904 2.016 0.2015 0.7353
2LBJ 1905 2.185 0.1700 0.7206
2LBJ 1906 2.175 0.2204 0.7353
2LBJ 1907 1.846 0.1745 0.7500
2LBJ 1908 2.067 0.2056 0.7794
2LBJ 1909 2.265 0.2331 0.7500
2LBJ 1910 2.065 0.2121 0.7647
2LBJ 1911 2.063 0.1857 0.7794
2LBJ 1912 2.203 0.1891 0.7647
2LBJ 1913 2.134 0.2085 0.7794
2LBJ 1914 2.162 0.1895 0.7500
2LBJ 1915 2.361 0.1585 0.7059
2LBJ 1916 2.089 0.2086 0.7647
2LBJ 1917 2.208 0.2004 0.7647
2LBJ 1918 2.525 0.1860 0.7059
2LBJ 1919 2.031 0.2475 0.7794
2LBJ 1920 2.252 0.2055 0.7353
2LBJ 1921 2.200 0.2699 0.7500
2LBJ 1922 1.924 0.2181 0.7941
2LBJ 1923 2.288 0.2191 0.7353
2LBJ 1924 1.824 0.2364 0.8088
2LBJ 1925 2.233 0.2248 0.7353
2LBJ 1926 2.316 0.2183 0.7353
2LBJ 1927 2.128 0.2176 0.8088
2LBJ 1928 2.449 0.1729 0.6912
2LBJ 1929 2.001 0.2194 0.7647
2LBJ 1930 2.219 0.2657 0.7500
2LBJ 1931 2.177 0.2531 0.7647
2LBJ 1932 2.255 0.2128 0.7794
2LBJ 1933 2.007 0.2290 0.7941
2LBJ 1934 2.159 0.1776 0.7500
2LBJ 1935 2.204 0.1594 0.7500
2LBJ 1936 2.356 0.1612 0.7206
2LBJ 1937 2.109 0.1719 0.7794
2LBJ 1938 2.146 0.2240 0.7206
2LBJ 1939 2.169 0.2146 0.7500
2LBJ 1940 2.223 0.2091 0.7353
2LBJ 1941 2.249 0.2126 0.7206
2LBJ 1942 2.075 0.2404 0.7206
2LBJ 1943 2.201 0.1720 0.7353
2LBJ 1944 2.163 0.1887 0.7353
2LBJ 1945 2.315 0.2515 0.7206
2LBJ 1946 2.216 0.1562 0.7206
2LBJ 1947 2.277 0.2029 0.7206
2LBJ 1948 2.386 0.2181 0.7059
2LBJ 1949 2.172 0.2144 0.7206
2LBJ 1950 2.300 0.1977 0.7059
2LBJ 1951 2.122 0.2170 0.7500
2LBJ 1952 2.228 0.2264 0.7059
2LBJ 1953 2.051 0.1924 0.7647
2LBJ 1954 2.094 0.2091 0.7353
2LBJ 1955 1.806 0.1726 0.7647
2LBJ 1956 1.983 0.2099 0.7794
2LBJ 1957 2.249 0.1645 0.7647
2LBJ 1958 2.288 0.2083 0.7794
2LBJ 1959 1.901 0.2055 0.8088
2LBJ 1960 1.844 0.2528 0.8382
2LBJ 1961 1.926 0.2531 0.8235
2LBJ 1962 2.330 0.2135 0.7500
2LBJ 1963 2.056 0.2102 0.7794
2LBJ 1964 2.189 0.2177 0.7794
2LBJ 1965 2.134 0.2522 0.7647
2LBJ 1966 1.858 0.3248 0.8088
2LBJ 1967 1.937 0.2472 0.7794
2LBJ 1968 1.911 0.2398 0.7500
2LBJ 1969 1.568 0.2043 0.8088
2LBJ 1970 1.999 0.2139 0.7647
2LBJ 1971 2.159 0.1725 0.7206
2LBJ 1972 2.204 0.1779 0.7647
2LBJ 1973 2.110 0.2569 0.8088
2LBJ 1974 2.321 0.1721 0.7500
2LBJ 1975 1.903 0.2028 0.8088
2LBJ 1976 1.919 0.2248 0.7941
2LBJ 1977 1.899 0.2140 0.8382
2LBJ 1978 2.073 0.1462 0.7500
2LBJ 1979 2.161 0.2138 0.7794
2LBJ 1980 2.065 0.1703 0.7500
2LBJ 1981 1.970 0.1917 0.7353
2LBJ 1982 1.958 0.1827 0.7500
2LBJ 1983 1.994 0.2432 0.7794
2LBJ 1984 2.022 0.2270 0.7794
2LBJ 1985 2.145 0.1834 0.7353
2LBJ 1986 2.106 0.2239 0.7500
2LBJ 1987 2.259 0.1870 0.7206
2LBJ 1988 1.849 0.2261 0.7794
2LBJ 1989 1.881 0.2164 0.7941
2LBJ 1990 2.249 0.2202 0.7647
2LBJ 1991 1.925 0.2645 0.8088
2LBJ 1992 2.138 0.2434 0.7794
2LBJ 1993 2.129 0.2105 0.7794
2LBJ 1994 2.048 0.1815 0.7353
2LBJ 1995 2.221 0.1728 0.7500
2LBJ 1996 2.394 0.1546 0.7206
2LBJ 1997 2.000 0.1710 0.7647
2LBJ 1998 2.241 0.1781 0.7500
2LBJ 1999 2.130 0.1449 0.7353
2LBJ 2000 2.263 0.2117 0.7059
2LBJ 2001 2.082 0.1973 0.7059
2LBJ 2002 1.921 0.2357 0.7794
2LBJ 2003 2.125 0.2221 0.7206
2LBJ 2004 2.073 0.2267 0.7794
2LBJ 2005 2.292 0.2537 0.7206
2LBJ 2006 2.237 0.1796 0.6912
2LBJ 2007 2.336 0.1821 0.7353
2LBJ 2008 2.062 0.1950 0.7206
2LBJ 2009 2.206 0.2131 0.7500
2LBJ 2010 1.925 0.2159 0.7500
2LBJ 2011 1.902 0.1607 0.7353
2LBJ 2012 2.021 0.1930 0.7647
2LBJ 2013 2.181 0.2427 0.7500
2LBJ 2014 2.182 0.2051 0.7353
2LBJ 2015 2.072 0.1817 0.7353
2LBJ 2016 2.114 0.2189 0.7647
2LBJ 2017 2.133 0.2051 0.7500
2LBJ 2018 2.252 0.2721 0.7353
2LBJ 2019 2.134 0.1816 0.7353
2LBJ 2020 1.884 0.2536 0.8088
2LBJ 2021 1.915 0.2453 0.7353
2LBJ 2022 2.038 0.1887 0.7647
2LBJ 2023 2.216 0.1872 0.7500
2LBJ 2024 1.802 0.2289 0.8088
2LBJ 2025 2.074 0.1982 0.7206
2LBJ 2026 2.000 0.2477 0.7500
2LBJ 2027 1.952 0.2166 0.7647
2LBJ 2028 1.892 0.2058 0.7647
2LBJ 2029 1.998 0.2114 0.7206
2LBJ 2030 2.279 0.2017 0.7206
2LBJ 2031 2.419 0.1904 0.7500
2LBJ 2032 2.110 0.2198 0.7353
2LBJ 2033 2.026 0.2261 0.7500
2LBJ 2034 2.150 0.2181 0.7353
2LBJ 2035 2.229 0.2370 0.7206
2LBJ 2036 2.275 0.1763 0.7206
2LBJ 2037 2.418 0.1781 0.7353
2LBJ 2038 2.157 0.2183 0.7206
2LBJ 2039 2.087 0.1967 0.7647
2LBJ 2040 2.136 0.1820 0.7206
2LBJ 2041 2.156 0.1729 0.7206
2LBJ 2042 2.168 0.1626 0.7353
2LBJ 2043 2.161 0.1534 0.7353
2LBJ 2044 2.175 0.2033 0.7500
2LBJ 2045 2.356 0.2468 0.7059
2LBJ 2046 2.439 0.1793 0.7206
2LBJ 2047 2.170 0.1970 0.7353
2LBJ 2048 2.082 0.2102 0.7500
2LBJ 2049 1.885 0.2055 0.7500
2LBJ 2050 2.226 0.1811 0.6912
2LBJ 2051 2.014 0.2265 0.7206
2LBJ 2052 2.197 0.1879 0.6912
2LBJ 2053 1.982 0.2146 0.7500
2LBJ 2054 2.028 0.2653 0.7500
2LBJ 2055 2.146 0.1755 0.7353
2LBJ 2056 2.026 0.1843 0.7500
2LBJ 2057 1.867 0.2609 0.7647
2LBJ 2058 2.211 0.2066 0.7206
2LBJ 2059 2.101 0.2224 0.7500
2LBJ 2060 2.213 0.2149 0.7206
2LBJ 2061 2.019 0.2497 0.7500
2LBJ 2062 1.979 0.1953 0.7500
2LBJ 2063 2.011 0.2098 0.7353
2LBJ 2064 1.976 0.1835 0.7500
2LBJ 2065 2.526 0.1895 0.7059
2LBJ 2066 2.224 0.2123 0.7206
2LBJ 2067 2.043 0.2393 0.7353
2LBJ 2068 2.150 0.1859 0.7059
2LBJ 2069 2.352 0.1852 0.7059
2LBJ 2070 1.875 0.2154 0.7353
2LBJ 2071 2.005 0.2332 0.7794
2LBJ 2072 2.262 0.1968 0.7206
2LBJ 2073 2.114 0.1839 0.7059
2LBJ 2074 2.375 0.2215 0.7500
2LBJ 2075 2.178 0.2064 0.7059
2LBJ 2076 2.173 0.2549 0.7353
2LBJ 2077 1.755 0.2491 0.8088
2LBJ 2078 1.977 0.1611 0.7500
2LBJ 2079 1.997 0.2001 0.7500
2LBJ 2080 2.414 0.1837 0.7059
2LBJ 2081 2.134 0.1634 0.7206
2LBJ 2082 2.361 0.1908 0.7353
2LBJ 2083 2.267 0.1795 0.7353
2LBJ 2084 2.331 0.1367 0.7206
2LBJ 2085 2.153 0.2055 0.7206
2LBJ 2086 2.454 0.2142 0.7059
2LBJ 2087 2.202 0.1802 0.7353
2LBJ 2088 1.946 0.2253 0.7941
2LBJ 2089 1.918 0.2159 0.7500
2LBJ 2090 1.929 0.1974 0.7647
2LBJ 2091 2.051 0.2243 0.7206
2LBJ 2092 1.956 0.2010 0.7941
2LBJ 2093 1.919 0.1964 0.7647
2LBJ 2094 2.396 0.1976 0.7059
2LBJ 2095 2.073 0.1456 0.7500
2LBJ 2096 1.925 0.2586 0.7647
2LBJ 2097 1.954 0.2184 0.7500
2LBJ 2098 2.274 0.1818 0.7353
2LBJ 2099 2.388 0.1987 0.7059
2LBJ 2100 2.028 0.2366 0.7500
2LBJ 2101 1.970 0.2208 0.7353
2LBJ 2102 2.408 0.2005 0.6912
2LBJ 2103 2.244 0.2411 0.7353
2LBJ 2104 2.387 0.1712 0.6912
2LBJ 2105 2.124 0.2043 0.7206
2LBJ 2106 2.124 0.1254 0.7206
2LBJ 2107 2.077 0.1748 0.7206
2LBJ 2108 2.329 0.1746 0.7059
2LBJ 2109 2.040 0.2227 0.7500
2LBJ 2110 2.141 0.1999 0.7500
2LBJ 2111 2.270 0.1838 0.7206
2LBJ 2112 2.077 0.1547 0.7206
2LBJ 2113 2.353 0.1580 0.6765
2LBJ 2114 2.148 0.1647 0.7059
2LBJ 2115 2.646 0.1939 0.6765
2LBJ 2116 2.557 0.1582 0.7059
2LBJ 2117 2.438 0.2231 0.7059
2LBJ 2118 2.221 0.1953 0.7353
2LBJ 2119 2.001 0.2103 0.7794
2LBJ 2120 2.002 0.1900 0.7794
2LBJ 2121 1.945 0.1749 0.7500
2LBJ 2122 2.362 0.1892 0.7206
2LBJ 2123 2.298 0.2308 0.7794
2LBJ 2124 2.164 0.1847 0.7500
2LBJ 2125 2.367 0.1918 0.7353
2LBJ 2126 2.307 0.1874 0.7647
2LBJ 2127 2.411 0.1696 0.7353
2LBJ 2128 2.218 0.2476 0.7941
2LBJ 2129 2.173 0.2178 0.7794
2LBJ 2130 2.007 0.2499 0.7941
2LBJ 2131 2.122 0.2700 0.7794
2LBJ 2132 2.236 0.2081 0.7794
2LBJ 2133 2.115 0.2212 0.8088
2LBJ 2134 2.254 0.1985 0.7647
2LBJ 2135 2.138 0.2456 0.7500
2LBJ 2136 1.915 0.2404 0.7794
2LBJ 2137 1.973 0.2441 0.7941
2LBJ 2138 2.275 0.2419 0.7647
2LBJ 2139 2.269 0.2364 0.7206
2LBJ 2140 2.208 0.2453 0.7353
2LBJ 2141 2.382 0.2188 0.7353
2LBJ 2142 2.290 0.2194 0.7647
2LBJ 2143 2.566 0.1980 0.6912
2LBJ 2144 2.203 0.2287 0.7500
2LBJ 2145 2.266 0.2006 0.7353
2LBJ 2146 2.365 0.1927 0.7353
2LBJ 2147 2.283 0.2390 0.7353
2LBJ 2148 2.385 0.1693 0.7500
2LBJ 2149 2.318 0.2900 0.7647
2LBJ 2150 2.367 0.1951 0.7059
2LBJ 2151 2.242 0.2378 0.7353
2LBJ 2152 2.372 0.1844 0.7059
2LBJ 2153 2.109 0.2199 0.7794
2LBJ 2154 2.220 0.2048 0.7794
2LBJ 2155 2.208 0.2163 0.7794
2LBJ 2156 2.078 0.2154 0.7794
2LBJ 2157 2.134 0.2087 0.7206
2LBJ 2158 2.028 0.1753 0.7353
2LBJ 2159 2.198 0.1767 0.7353
2LBJ 2160 2.125 0.2321 0.7206
2LBJ 2161 2.441 0.2165 0.7206
2LBJ 2162 2.345 0.1550 0.7206
2LBJ 2163 2.233 0.1965 0.7353
2LBJ 2164 2.336 0.1436 0.7206
2LBJ 2165 2.381 0.2511 0.6912
2LBJ 2166 2.216 0.2123 0.7500
2LBJ 2167 2.146 0.2081 0.7206
2LBJ 2168 2.364 0.1909 0.7059
2LBJ 2169 2.336 0.2330 0.7206
2LBJ 2170 2.225 0.1687 0.7353
2LBJ 2171 2.085 0.2008 0.7500
2LBJ 2172 2.070 0.2043 0.7500
2LBJ 2173 2.008 0.1743 0.7647
2LBJ 2174 2.100 0.2180 0.7500
2LBJ 2175 2.058 0.2011 0.7206
2LBJ 2176 2.244 0.1762 0.7206
2LBJ 2177 2.034 0.2191 0.7647
2LBJ 2178 2.220 0.2109 0.7206
2LBJ 2179 2.056 0.2001 0.7206
2LBJ 2180 2.196 0.1619 0.7206
2LBJ 2181 2.038 0.1906 0.7500
2LBJ 2182 2.193 0.2460 0.7206
2LBJ 2183 1.990 0.1831 0.7500
2LBJ 2184 2.258 0.1976 0.7353
2LBJ 2185 2.355 0.2282 0.7206
2LBJ 2186 2.588 0.1724 0.7206
2LBJ 2187 2.323 0.2218 0.7353
2LBJ 2188 2.558 0.2139 0.7206
2LBJ 2189 2.313 0.2293 0.7206
2LBJ 2190 2.375 0.2051 0.7059
2LBJ 2191 2.313 0.1778 0.7059
2LBJ 2192 1.966 0.2261 0.7647
2LBJ 2193 2.847 0.1919 0.7059
2LBJ 2194 2.100 0.2223 0.7500
2LBJ 2195 2.121 0.1883 0.7500
2LBJ 2196 2.311 0.1553 0.7353
2LBJ 2197 2.300 0.1934 0.7353
2LBJ 2198 2.260 0.2394 0.7500
2LBJ 2199 2.302 0.2236 0.7353
2LBJ 2200 2.263 0.2321 0.7059
2LBJ 2201 2.289 0.1975 0.7353
2LBJ 2202 2.036 0.2007 0.7647
2LBJ 2203 2.094 0.2170 0.7500
2LBJ 2204 2.435 0.1898 0.7353
2LBJ 2205 2.583 0.2195 0.6765
2LBJ 2206 2.386 0.2306 0.7353
2LBJ 2207 2.457 0.1698 0.6912
2LBJ 2208 2.211 0.1990 0.7353
2LBJ 2209 2.253 0.1965 0.7500
2LBJ 2210 1.864 0.2374 0.8235
2LBJ 2211 1.939 0.2774 0.8529
2LBJ 2212 2.232 0.2345 0.7353
2LBJ 2213 1.932 0.2187 0.7941
2LBJ 2214 2.455 0.2220 0.6912
2LBJ 2215 2.491 0.1943 0.7206
2LBJ 2216 2.719 0.2493 0.7206
2LBJ 2217 2.311 0.2675 0.7500
2LBJ 2218 2.115 0.1881 0.7353
2LBJ 2219 2.170 0.1911 0.7500
2LBJ 2220 1.877 0.2297 0.7794
2LBJ 2221 2.070 0.1643 0.7647
2LBJ 2222 2.172 0.2240 0.7500
2LBJ 2223 2.198 0.1875 0.7500
2LBJ 2224 2.057 0.1935 0.7500
2LBJ 2225 2.204 0.2014 0.7059
2LBJ 2226 2.355 0.2075 0.7206
2LBJ 2227 2.187 0.1605 0.7353
2LBJ 2228 2.203 0.2188 0.7353
2LBJ 2229 2.245 0.1433 0.7206
2LBJ 2230 2.157 0.1858 0.7353
2LBJ 2231 2.178 0.2321 0.7206
2LBJ 2232 1.945 0.2176 0.7647
2LBJ 2233 2.155 0.1586 0.7500
2LBJ 2234 2.049 0.2120 0.7500
2LBJ 2235 2.152 0.2013 0.7353
